,time_between,service_time,arrival_time,start_time,end_time,wait_time,system_time,idle_time
0,0,1,0,0,1,0,1,0
1,4,1,4,4,5,0,1,3
2,3,2,7,7,9,0,2,2
3,2,2,9,9,11,0,2,0
4,2,2,11,11,13,0,2,0
5,6,3,17,17,20,0,3,4
6,5,3,22,22,25,0,3,2
7,1,3,23,25,28,2,5,0
8,6,2,29,29,31,0,2,1
9,2,3,31,31,34,0,3,0
10,5,2,36,36,38,0,2,2
11,3,3,39,39,42,0,3,1
