,time_between,service_time,arrival_time,start_time,end_time,wait_time,system_time,idle_time
0,0,2,0,0,2,0,2,0
1,4,3,4,4,7,0,3,2
2,3,3,7,7,10,0,3,0
3,1,1,8,10,11,2,3,0
4,1,2,9,11,13,2,4,0
5,6,3,15,15,18,0,3,2
6,6,3,21,21,24,0,3,3
7,2,1,23,24,25,1,2,0
8,6,2,29,29,31,0,2,4
9,4,3,33,33,36,0,3,2
10,1,1,34,36,37,2,3,0
11,6,3,40,40,43,0,3,3
