,time_between,service_time,arrival_time,start_time,end_time,wait_time,system_time,idle_time
0,0,3,0,0,3,0,3,0
1,6,2,6,6,8,0,2,3
2,1,2,7,8,10,1,3,0
3,1,1,8,10,11,2,3,0
4,5,3,13,13,16,0,3,2
5,2,3,15,16,19,1,4,0
6,3,2,18,19,21,1,3,0
7,6,2,24,24,26,0,2,3
8,5,1,29,29,30,0,1,3
9,4,2,33,33,35,0,2,3
10,6,2,39,39,41,0,2,4
11,5,1,44,44,45,0,1,3
