,time_between,service_time,arrival_time,start_time,end_time,wait_time,system_time,idle_time
0,0,2,0,0,2,0,2,0
1,4,3,4,4,7,0,3,2
2,5,3,9,9,12,0,3,2
3,2,3,11,12,15,1,4,0
4,6,1,17,17,18,0,1,2
5,6,3,23,23,26,0,3,5
6,1,3,24,26,29,2,5,0
7,3,2,27,29,31,2,4,0
8,3,3,30,31,34,1,4,0
9,3,1,33,34,35,1,2,0
10,4,3,37,37,40,0,3,2
11,2,1,39,40,41,1,2,0
