,time_between,service_time,arrival_time,start_time,end_time,wait_time,system_time,idle_time
0,0,2,0,0,2,0,2,0
1,6,1,6,6,7,0,1,4
2,1,3,7,7,10,0,3,0
3,3,3,10,10,13,0,3,0
4,3,2,13,13,15,0,2,0
5,6,1,19,19,20,0,1,4
6,2,3,21,21,24,0,3,1
7,2,2,23,24,26,1,3,0
8,2,2,25,26,28,1,3,0
9,1,2,26,28,30,2,4,0
10,5,1,31,31,32,0,1,1
11,5,2,36,36,38,0,2,4
