,time_between,service_time,arrival_time,start_time,end_time,wait_time,system_time,idle_time
0,0,1,0,0,1,0,1,0
1,4,2,4,4,6,0,2,3
2,5,2,9,9,11,0,2,3
3,6,3,15,15,18,0,3,4
4,2,2,17,18,20,1,3,0
5,5,2,22,22,24,0,2,2
6,1,3,23,24,27,1,4,0
7,2,3,25,27,30,2,5,0
8,4,2,29,30,32,1,3,0
9,2,2,31,32,34,1,3,0
10,3,1,34,34,35,0,1,0
11,2,1,36,36,37,0,1,1
