,time_between,service_time,arrival_time,start_time,end_time,wait_time,system_time,idle_time
0,0,1,0,0,1,0,1,0
1,4,1,4,4,5,0,1,3
2,1,3,5,5,8,0,3,0
3,2,1,7,8,9,1,2,0
4,4,1,11,11,12,0,1,2
5,5,1,16,16,17,0,1,4
6,2,2,18,18,20,0,2,1
7,1,3,19,20,23,1,4,0
8,3,3,22,23,26,1,4,0
9,1,1,23,26,27,3,4,0
10,3,1,26,27,28,1,2,0
11,6,1,32,32,33,0,1,4
