,time_between,service_time,arrival_time,start_time,end_time,wait_time,system_time,idle_time
0,0,1,0,0,1,0,1,0
1,5,1,5,5,6,0,1,4
2,5,1,10,10,11,0,1,4
3,5,3,15,15,18,0,3,4
4,2,3,17,18,21,1,4,0
5,5,2,22,22,24,0,2,1
6,3,2,25,25,27,0,2,1
7,2,3,27,27,30,0,3,0
8,1,2,28,30,32,2,4,0
9,3,3,31,32,35,1,4,0
10,3,1,34,35,36,1,2,0
11,5,1,39,39,40,0,1,3
12,1,2,40,40,42,0,2,0
13,2,1,42,42,43,0,1,0
14,4,2,46,46,48,0,2,3
15,3,3,49,49,52,0,3,1
16,2,3,51,52,55,1,4,0
17,1,1,52,55,56,3,4,0
18,6,1,58,58,59,0,1,2
19,5,1,63,63,64,0,1,4
20,1,1,64,64,65,0,1,0
21,5,2,69,69,71,0,2,4
22,2,3,71,71,74,0,3,0
23,4,3,75,75,78,0,3,1
24,3,2,78,78,80,0,2,0
25,4,2,82,82,84,0,2,2
26,5,2,87,87,89,0,2,3
27,4,3,91,91,94,0,3,2
28,1,1,92,94,95,2,3,0
29,6,1,98,98,99,0,1,3
30,2,1,100,100,101,0,1,1
31,1,1,101,101,102,0,1,0
32,2,3,103,103,106,0,3,1
33,4,3,107,107,110,0,3,1
34,2,3,109,110,113,1,4,0
35,2,2,111,113,115,2,4,0
36,1,3,112,115,118,3,6,0
37,4,3,116,118,121,2,5,0
38,4,2,120,121,123,1,3,0
39,5,2,125,125,127,0,2,2
40,1,1,126,127,128,1,2,0
41,6,1,132,132,133,0,1,4
42,1,2,133,133,135,0,2,0
43,2,3,135,135,138,0,3,0
44,4,2,139,139,141,0,2,1
45,3,1,142,142,143,0,1,1
46,3,1,145,145,146,0,1,2
47,5,3,150,150,153,0,3,4
48,3,3,153,153,156,0,3,0
49,6,1,159,159,160,0,1,3
50,2,2,161,161,163,0,2,1
51,3,1,164,164,165,0,1,1
52,5,1,169,169,170,0,1,4
53,3,1,172,172,173,0,1,2
54,1,2,173,173,175,0,2,0
55,1,2,174,175,177,1,3,0
56,4,1,178,178,179,0,1,1
57,3,2,181,181,183,0,2,2
58,6,3,187,187,190,0,3,4
59,5,2,192,192,194,0,2,2
60,3,3,195,195,198,0,3,1
61,1,1,196,198,199,2,3,0
62,3,2,199,199,201,0,2,0
63,4,1,203,203,204,0,1,2
64,3,3,206,206,209,0,3,2
65,3,1,209,209,210,0,1,0
66,6,3,215,215,218,0,3,5
67,2,1,217,218,219,1,2,0
68,2,3,219,219,222,0,3,0
69,2,3,221,222,225,1,4,0
70,4,2,225,225,227,0,2,0
71,1,2,226,227,229,1,3,0
72,2,2,228,229,231,1,3,0
73,5,3,233,233,236,0,3,2
74,6,3,239,239,242,0,3,3
75,4,1,243,243,244,0,1,1
76,5,3,248,248,251,0,3,4
77,1,2,249,251,253,2,4,0
78,2,3,251,253,256,2,5,0
79,5,2,256,256,258,0,2,0
80,1,3,257,258,261,1,4,0
81,5,3,262,262,265,0,3,1
82,5,3,267,267,270,0,3,2
83,5,1,272,272,273,0,1,2
84,4,2,276,276,278,0,2,3
85,5,2,281,281,283,0,2,3
86,3,3,284,284,287,0,3,1
87,1,2,285,287,289,2,4,0
88,6,2,291,291,293,0,2,2
89,5,3,296,296,299,0,3,3
90,2,2,298,299,301,1,3,0
91,4,3,302,302,305,0,3,1
92,3,2,305,305,307,0,2,0
93,1,2,306,307,309,1,3,0
94,3,3,309,309,312,0,3,0
95,3,2,312,312,314,0,2,0
96,1,2,313,314,316,1,3,0
97,4,1,317,317,318,0,1,1
98,3,3,320,320,323,0,3,2
99,1,2,321,323,325,2,4,0
100,5,3,326,326,329,0,3,1
101,3,3,329,329,332,0,3,0
102,1,2,330,332,334,2,4,0
103,5,3,335,335,338,0,3,1
104,2,1,337,338,339,1,2,0
105,3,1,340,340,341,0,1,1
106,2,1,342,342,343,0,1,1
107,5,2,347,347,349,0,2,4
108,4,3,351,351,354,0,3,2
109,5,1,356,356,357,0,1,2
110,2,1,358,358,359,0,1,1
111,4,2,362,362,364,0,2,3
112,2,1,364,364,365,0,1,0
113,1,2,365,365,367,0,2,0
114,6,1,371,371,372,0,1,4
115,5,3,376,376,379,0,3,4
116,2,2,378,379,381,1,3,0
117,4,2,382,382,384,0,2,1
118,6,1,388,388,389,0,1,4
119,4,1,392,392,393,0,1,3
120,3,2,395,395,397,0,2,2
121,4,3,399,399,402,0,3,2
122,3,3,402,402,405,0,3,0
123,6,2,408,408,410,0,2,3
124,2,1,410,410,411,0,1,0
125,3,1,413,413,414,0,1,2
126,4,3,417,417,420,0,3,3
127,4,3,421,421,424,0,3,1
128,6,1,427,427,428,0,1,3
129,1,1,428,428,429,0,1,0
130,4,2,432,432,434,0,2,3
131,4,1,436,436,437,0,1,2
132,6,1,442,442,443,0,1,5
133,3,3,445,445,448,0,3,2
134,5,2,450,450,452,0,2,2
135,6,1,456,456,457,0,1,4
136,4,1,460,460,461,0,1,3
137,5,3,465,465,468,0,3,4
138,3,3,468,468,471,0,3,0
139,3,2,471,471,473,0,2,0
140,3,3,474,474,477,0,3,1
141,3,1,477,477,478,0,1,0
142,1,2,478,478,480,0,2,0
143,3,2,481,481,483,0,2,1
144,4,3,485,485,488,0,3,2
145,4,3,489,489,492,0,3,1
146,4,3,493,493,496,0,3,1
147,1,1,494,496,497,2,3,0
148,5,2,499,499,501,0,2,2
149,5,2,504,504,506,0,2,3
150,6,1,510,510,511,0,1,4
151,1,1,511,511,512,0,1,0
152,3,1,514,514,515,0,1,2
153,3,3,517,517,520,0,3,2
154,6,3,523,523,526,0,3,3
155,2,2,525,526,528,1,3,0
156,1,1,526,528,529,2,3,0
157,6,2,532,532,534,0,2,3
158,6,3,538,538,541,0,3,4
159,6,2,544,544,546,0,2,3
160,1,3,545,546,549,1,4,0
161,6,3,551,551,554,0,3,2
162,2,2,553,554,556,1,3,0
163,2,1,555,556,557,1,2,0
164,5,2,560,560,562,0,2,3
165,5,1,565,565,566,0,1,3
166,6,2,571,571,573,0,2,5
167,5,2,576,576,578,0,2,3
168,4,2,580,580,582,0,2,2
169,1,2,581,582,584,1,3,0
170,5,2,586,586,588,0,2,2
171,6,3,592,592,595,0,3,4
172,6,2,598,598,600,0,2,3
173,2,1,600,600,601,0,1,0
174,5,3,605,605,608,0,3,4
175,1,2,606,608,610,2,4,0
176,4,1,610,610,611,0,1,0
177,4,1,614,614,615,0,1,3
178,2,1,616,616,617,0,1,1
179,1,1,617,617,618,0,1,0
180,5,2,622,622,624,0,2,4
181,6,3,628,628,631,0,3,4
182,2,1,630,631,632,1,2,0
183,6,2,636,636,638,0,2,4
184,3,3,639,639,642,0,3,1
185,5,2,644,644,646,0,2,2
186,6,2,650,650,652,0,2,4
187,2,2,652,652,654,0,2,0
188,3,1,655,655,656,0,1,1
189,2,3,657,657,660,0,3,1
190,3,2,660,660,662,0,2,0
191,1,1,661,662,663,1,2,0
192,3,3,664,664,667,0,3,1
193,6,1,670,670,671,0,1,3
194,6,3,676,676,679,0,3,5
195,4,2,680,680,682,0,2,1
196,6,2,686,686,688,0,2,4
197,1,2,687,688,690,1,3,0
198,1,2,688,690,692,2,4,0
199,2,3,690,692,695,2,5,0
200,1,2,691,695,697,4,6,0
201,4,3,695,697,700,2,5,0
202,3,3,698,700,703,2,5,0
203,5,2,703,703,705,0,2,0
204,1,1,704,705,706,1,2,0
205,4,3,708,708,711,0,3,2
206,6,2,714,714,716,0,2,3
207,6,3,720,720,723,0,3,4
208,4,1,724,724,725,0,1,1
209,3,2,727,727,729,0,2,2
210,5,1,732,732,733,0,1,3
211,4,2,736,736,738,0,2,3
212,3,3,739,739,742,0,3,1
213,6,2,745,745,747,0,2,3
214,3,3,748,748,751,0,3,1
215,6,3,754,754,757,0,3,3
216,6,2,760,760,762,0,2,3
217,1,2,761,762,764,1,3,0
218,2,1,763,764,765,1,2,0
219,5,3,768,768,771,0,3,3
220,1,2,769,771,773,2,4,0
221,5,2,774,774,776,0,2,1
222,5,3,779,779,782,0,3,3
223,3,3,782,782,785,0,3,0
224,1,1,783,785,786,2,3,0
225,3,3,786,786,789,0,3,0
226,5,1,791,791,792,0,1,2
227,2,1,793,793,794,0,1,1
228,3,3,796,796,799,0,3,2
229,5,3,801,801,804,0,3,2
230,1,1,802,804,805,2,3,0
231,2,1,804,805,806,1,2,0
232,2,1,806,806,807,0,1,0
233,3,1,809,809,810,0,1,2
234,2,2,811,811,813,0,2,1
235,2,2,813,813,815,0,2,0
236,1,3,814,815,818,1,4,0
237,4,3,818,818,821,0,3,0
238,4,2,822,822,824,0,2,1
239,2,2,824,824,826,0,2,0
240,5,1,829,829,830,0,1,3
241,1,3,830,830,833,0,3,0
242,6,2,836,836,838,0,2,3
243,1,2,837,838,840,1,3,0
244,1,3,838,840,843,2,5,0
245,2,2,840,843,845,3,5,0
246,3,3,843,845,848,2,5,0
247,2,2,845,848,850,3,5,0
248,1,3,846,850,853,4,7,0
249,6,3,852,853,856,1,4,0
250,5,2,857,857,859,0,2,1
251,5,1,862,862,863,0,1,3
252,3,3,865,865,868,0,3,2
253,2,2,867,868,870,1,3,0
254,6,3,873,873,876,0,3,3
255,5,2,878,878,880,0,2,2
256,2,1,880,880,881,0,1,0
257,5,3,885,885,888,0,3,4
258,3,1,888,888,889,0,1,0
259,4,2,892,892,894,0,2,3
260,1,3,893,894,897,1,4,0
261,3,3,896,897,900,1,4,0
262,5,1,901,901,902,0,1,1
263,4,2,905,905,907,0,2,3
264,1,2,906,907,909,1,3,0
265,5,1,911,911,912,0,1,2
266,1,1,912,912,913,0,1,0
267,2,1,914,914,915,0,1,1
268,5,1,919,919,920,0,1,4
269,2,3,921,921,924,0,3,1
270,3,1,924,924,925,0,1,0
271,5,2,929,929,931,0,2,4
272,2,3,931,931,934,0,3,0
273,2,3,933,934,937,1,4,0
274,5,1,938,938,939,0,1,1
275,3,1,941,941,942,0,1,2
276,3,2,944,944,946,0,2,2
277,1,3,945,946,949,1,4,0
278,2,3,947,949,952,2,5,0
279,1,3,948,952,955,4,7,0
280,1,2,949,955,957,6,8,0
281,3,2,952,957,959,5,7,0
282,2,2,954,959,961,5,7,0
283,1,2,955,961,963,6,8,0
284,1,3,956,963,966,7,10,0
285,3,2,959,966,968,7,9,0
286,1,2,960,968,970,8,10,0
287,6,2,966,970,972,4,6,0
288,3,1,969,972,973,3,4,0
289,5,2,974,974,976,0,2,1
290,3,1,977,977,978,0,1,1
291,2,3,979,979,982,0,3,1
292,4,1,983,983,984,0,1,1
293,2,2,985,985,987,0,2,1
294,1,3,986,987,990,1,4,0
295,3,3,989,990,993,1,4,0
296,3,3,992,993,996,1,4,0
297,5,2,997,997,999,0,2,1
298,4,1,1001,1001,1002,0,1,2
299,3,1,1004,1004,1005,0,1,2
300,6,2,1010,1010,1012,0,2,5
301,4,3,1014,1014,1017,0,3,2
302,2,2,1016,1017,1019,1,3,0
303,2,2,1018,1019,1021,1,3,0
304,2,1,1020,1021,1022,1,2,0
305,1,1,1021,1022,1023,1,2,0
306,4,1,1025,1025,1026,0,1,2
307,2,3,1027,1027,1030,0,3,1
308,1,2,1028,1030,1032,2,4,0
309,1,2,1029,1032,1034,3,5,0
310,6,1,1035,1035,1036,0,1,1
311,4,1,1039,1039,1040,0,1,3
312,2,3,1041,1041,1044,0,3,1
313,5,1,1046,1046,1047,0,1,2
314,6,3,1052,1052,1055,0,3,5
315,5,2,1057,1057,1059,0,2,2
316,4,3,1061,1061,1064,0,3,2
317,6,2,1067,1067,1069,0,2,3
318,4,3,1071,1071,1074,0,3,2
319,5,1,1076,1076,1077,0,1,2
320,6,3,1082,1082,1085,0,3,5
321,5,1,1087,1087,1088,0,1,2
322,1,1,1088,1088,1089,0,1,0
323,2,2,1090,1090,1092,0,2,1
324,6,2,1096,1096,1098,0,2,4
325,2,3,1098,1098,1101,0,3,0
326,3,2,1101,1101,1103,0,2,0
327,4,3,1105,1105,1108,0,3,2
328,2,2,1107,1108,1110,1,3,0
329,4,1,1111,1111,1112,0,1,1
330,2,2,1113,1113,1115,0,2,1
331,4,3,1117,1117,1120,0,3,2
332,5,3,1122,1122,1125,0,3,2
333,4,1,1126,1126,1127,0,1,1
334,6,2,1132,1132,1134,0,2,5
335,6,3,1138,1138,1141,0,3,4
336,3,3,1141,1141,1144,0,3,0
337,5,3,1146,1146,1149,0,3,2
338,6,2,1152,1152,1154,0,2,3
339,6,3,1158,1158,1161,0,3,4
340,1,3,1159,1161,1164,2,5,0
341,6,2,1165,1165,1167,0,2,1
342,5,1,1170,1170,1171,0,1,3
343,3,2,1173,1173,1175,0,2,2
344,2,2,1175,1175,1177,0,2,0
345,1,1,1176,1177,1178,1,2,0
346,3,2,1179,1179,1181,0,2,1
347,2,1,1181,1181,1182,0,1,0
348,5,2,1186,1186,1188,0,2,4
349,2,1,1188,1188,1189,0,1,0
350,3,2,1191,1191,1193,0,2,2
351,1,3,1192,1193,1196,1,4,0
352,1,3,1193,1196,1199,3,6,0
353,3,1,1196,1199,1200,3,4,0
354,1,1,1197,1200,1201,3,4,0
355,3,1,1200,1201,1202,1,2,0
356,4,2,1204,1204,1206,0,2,2
357,5,1,1209,1209,1210,0,1,3
358,5,2,1214,1214,1216,0,2,4
359,1,3,1215,1216,1219,1,4,0
360,2,3,1217,1219,1222,2,5,0
361,2,3,1219,1222,1225,3,6,0
362,6,2,1225,1225,1227,0,2,0
363,2,3,1227,1227,1230,0,3,0
364,5,2,1232,1232,1234,0,2,2
365,5,3,1237,1237,1240,0,3,3
366,2,3,1239,1240,1243,1,4,0
367,4,2,1243,1243,1245,0,2,0
368,6,1,1249,1249,1250,0,1,4
369,5,2,1254,1254,1256,0,2,4
370,6,3,1260,1260,1263,0,3,4
371,2,1,1262,1263,1264,1,2,0
372,5,1,1267,1267,1268,0,1,3
373,3,1,1270,1270,1271,0,1,2
374,3,1,1273,1273,1274,0,1,2
375,3,3,1276,1276,1279,0,3,2
376,5,1,1281,1281,1282,0,1,2
377,5,2,1286,1286,1288,0,2,4
378,5,3,1291,1291,1294,0,3,3
379,3,1,1294,1294,1295,0,1,0
380,6,2,1300,1300,1302,0,2,5
381,4,2,1304,1304,1306,0,2,2
382,2,2,1306,1306,1308,0,2,0
383,5,1,1311,1311,1312,0,1,3
384,2,3,1313,1313,1316,0,3,1
385,2,1,1315,1316,1317,1,2,0
386,6,1,1321,1321,1322,0,1,4
387,6,3,1327,1327,1330,0,3,5
388,5,1,1332,1332,1333,0,1,2
389,6,1,1338,1338,1339,0,1,5
390,1,1,1339,1339,1340,0,1,0
391,5,1,1344,1344,1345,0,1,4
392,6,1,1350,1350,1351,0,1,5
393,6,2,1356,1356,1358,0,2,5
394,5,1,1361,1361,1362,0,1,3
395,2,1,1363,1363,1364,0,1,1
396,5,1,1368,1368,1369,0,1,4
397,2,3,1370,1370,1373,0,3,1
398,3,2,1373,1373,1375,0,2,0
399,2,3,1375,1375,1378,0,3,0
400,2,1,1377,1378,1379,1,2,0
401,3,1,1380,1380,1381,0,1,1
402,2,3,1382,1382,1385,0,3,1
403,5,1,1387,1387,1388,0,1,2
404,2,3,1389,1389,1392,0,3,1
405,3,2,1392,1392,1394,0,2,0
406,6,3,1398,1398,1401,0,3,4
407,5,1,1403,1403,1404,0,1,2
408,4,1,1407,1407,1408,0,1,3
409,2,1,1409,1409,1410,0,1,1
410,3,1,1412,1412,1413,0,1,2
411,4,3,1416,1416,1419,0,3,3
412,2,2,1418,1419,1421,1,3,0
413,6,2,1424,1424,1426,0,2,3
414,1,1,1425,1426,1427,1,2,0
415,6,3,1431,1431,1434,0,3,4
416,5,1,1436,1436,1437,0,1,2
417,5,1,1441,1441,1442,0,1,4
418,1,3,1442,1442,1445,0,3,0
419,3,1,1445,1445,1446,0,1,0
420,5,1,1450,1450,1451,0,1,4
421,3,3,1453,1453,1456,0,3,2
422,2,2,1455,1456,1458,1,3,0
423,6,3,1461,1461,1464,0,3,3
424,1,2,1462,1464,1466,2,4,0
425,4,1,1466,1466,1467,0,1,0
426,2,2,1468,1468,1470,0,2,1
427,4,3,1472,1472,1475,0,3,2
428,1,1,1473,1475,1476,2,3,0
429,6,1,1479,1479,1480,0,1,3
430,3,3,1482,1482,1485,0,3,2
431,3,3,1485,1485,1488,0,3,0
432,2,2,1487,1488,1490,1,3,0
433,1,2,1488,1490,1492,2,4,0
434,1,1,1489,1492,1493,3,4,0
435,2,3,1491,1493,1496,2,5,0
436,4,2,1495,1496,1498,1,3,0
437,4,1,1499,1499,1500,0,1,1
438,4,3,1503,1503,1506,0,3,3
439,3,1,1506,1506,1507,0,1,0
440,6,1,1512,1512,1513,0,1,5
441,3,1,1515,1515,1516,0,1,2
442,3,3,1518,1518,1521,0,3,2
443,3,3,1521,1521,1524,0,3,0
444,5,2,1526,1526,1528,0,2,2
445,2,3,1528,1528,1531,0,3,0
446,3,2,1531,1531,1533,0,2,0
447,6,1,1537,1537,1538,0,1,4
448,4,1,1541,1541,1542,0,1,3
449,3,3,1544,1544,1547,0,3,2
450,5,3,1549,1549,1552,0,3,2
451,6,3,1555,1555,1558,0,3,3
452,5,2,1560,1560,1562,0,2,2
453,2,3,1562,1562,1565,0,3,0
454,6,1,1568,1568,1569,0,1,3
455,1,3,1569,1569,1572,0,3,0
456,1,2,1570,1572,1574,2,4,0
457,1,3,1571,1574,1577,3,6,0
458,4,2,1575,1577,1579,2,4,0
459,4,2,1579,1579,1581,0,2,0
460,2,2,1581,1581,1583,0,2,0
461,6,2,1587,1587,1589,0,2,4
462,6,2,1593,1593,1595,0,2,4
463,3,3,1596,1596,1599,0,3,1
464,5,1,1601,1601,1602,0,1,2
465,1,3,1602,1602,1605,0,3,0
466,6,3,1608,1608,1611,0,3,3
467,2,1,1610,1611,1612,1,2,0
468,1,3,1611,1612,1615,1,4,0
469,5,3,1616,1616,1619,0,3,1
470,1,2,1617,1619,1621,2,4,0
471,6,3,1623,1623,1626,0,3,2
472,3,1,1626,1626,1627,0,1,0
473,3,2,1629,1629,1631,0,2,2
474,3,3,1632,1632,1635,0,3,1
475,1,2,1633,1635,1637,2,4,0
476,1,2,1634,1637,1639,3,5,0
477,5,1,1639,1639,1640,0,1,0
478,4,2,1643,1643,1645,0,2,3
479,4,1,1647,1647,1648,0,1,2
480,6,1,1653,1653,1654,0,1,5
481,5,3,1658,1658,1661,0,3,4
482,5,2,1663,1663,1665,0,2,2
483,1,2,1664,1665,1667,1,3,0
484,4,1,1668,1668,1669,0,1,1
485,3,1,1671,1671,1672,0,1,2
486,4,3,1675,1675,1678,0,3,3
487,4,1,1679,1679,1680,0,1,1
488,5,3,1684,1684,1687,0,3,4
489,4,2,1688,1688,1690,0,2,1
490,4,2,1692,1692,1694,0,2,2
491,4,2,1696,1696,1698,0,2,2
492,5,2,1701,1701,1703,0,2,3
493,4,3,1705,1705,1708,0,3,2
494,6,1,1711,1711,1712,0,1,3
495,2,3,1713,1713,1716,0,3,1
496,4,1,1717,1717,1718,0,1,1
497,2,2,1719,1719,1721,0,2,1
498,5,3,1724,1724,1727,0,3,3
499,3,1,1727,1727,1728,0,1,0
500,3,1,1730,1730,1731,0,1,2
501,6,3,1736,1736,1739,0,3,5
502,2,1,1738,1739,1740,1,2,0
503,4,3,1742,1742,1745,0,3,2
504,1,1,1743,1745,1746,2,3,0
505,4,1,1747,1747,1748,0,1,1
506,1,1,1748,1748,1749,0,1,0
507,2,2,1750,1750,1752,0,2,1
508,6,3,1756,1756,1759,0,3,4
509,4,2,1760,1760,1762,0,2,1
510,5,1,1765,1765,1766,0,1,3
511,6,3,1771,1771,1774,0,3,5
512,4,3,1775,1775,1778,0,3,1
513,6,1,1781,1781,1782,0,1,3
514,2,1,1783,1783,1784,0,1,1
515,2,3,1785,1785,1788,0,3,1
516,6,3,1791,1791,1794,0,3,3
517,6,2,1797,1797,1799,0,2,3
518,6,1,1803,1803,1804,0,1,4
519,2,2,1805,1805,1807,0,2,1
520,2,1,1807,1807,1808,0,1,0
521,2,2,1809,1809,1811,0,2,1
522,4,1,1813,1813,1814,0,1,2
523,4,2,1817,1817,1819,0,2,3
524,2,1,1819,1819,1820,0,1,0
525,5,3,1824,1824,1827,0,3,4
526,5,1,1829,1829,1830,0,1,2
527,4,2,1833,1833,1835,0,2,3
528,5,2,1838,1838,1840,0,2,3
529,5,3,1843,1843,1846,0,3,3
530,5,3,1848,1848,1851,0,3,2
531,3,2,1851,1851,1853,0,2,0
532,6,2,1857,1857,1859,0,2,4
533,5,1,1862,1862,1863,0,1,3
534,1,3,1863,1863,1866,0,3,0
535,2,3,1865,1866,1869,1,4,0
536,4,1,1869,1869,1870,0,1,0
537,4,1,1873,1873,1874,0,1,3
538,3,2,1876,1876,1878,0,2,2
539,1,2,1877,1878,1880,1,3,0
540,2,3,1879,1880,1883,1,4,0
541,1,2,1880,1883,1885,3,5,0
542,1,3,1881,1885,1888,4,7,0
543,6,1,1887,1888,1889,1,2,0
544,5,2,1892,1892,1894,0,2,3
545,2,2,1894,1894,1896,0,2,0
546,1,3,1895,1896,1899,1,4,0
547,6,2,1901,1901,1903,0,2,2
548,5,2,1906,1906,1908,0,2,3
549,4,3,1910,1910,1913,0,3,2
550,5,3,1915,1915,1918,0,3,2
551,5,2,1920,1920,1922,0,2,2
552,4,3,1924,1924,1927,0,3,2
553,5,2,1929,1929,1931,0,2,2
554,5,3,1934,1934,1937,0,3,3
555,5,2,1939,1939,1941,0,2,2
556,6,1,1945,1945,1946,0,1,4
557,3,2,1948,1948,1950,0,2,2
558,6,3,1954,1954,1957,0,3,4
559,2,3,1956,1957,1960,1,4,0
560,1,2,1957,1960,1962,3,5,0
561,3,1,1960,1962,1963,2,3,0
562,1,2,1961,1963,1965,2,4,0
563,2,2,1963,1965,1967,2,4,0
564,6,3,1969,1969,1972,0,3,2
565,2,1,1971,1972,1973,1,2,0
566,3,2,1974,1974,1976,0,2,1
567,1,3,1975,1976,1979,1,4,0
568,5,2,1980,1980,1982,0,2,1
569,4,3,1984,1984,1987,0,3,2
570,5,1,1989,1989,1990,0,1,2
571,3,3,1992,1992,1995,0,3,2
572,2,2,1994,1995,1997,1,3,0
573,2,3,1996,1997,2000,1,4,0
574,1,1,1997,2000,2001,3,4,0
575,5,3,2002,2002,2005,0,3,1
576,6,2,2008,2008,2010,0,2,3
577,2,1,2010,2010,2011,0,1,0
578,4,3,2014,2014,2017,0,3,3
579,2,3,2016,2017,2020,1,4,0
580,6,1,2022,2022,2023,0,1,2
581,4,3,2026,2026,2029,0,3,3
582,2,3,2028,2029,2032,1,4,0
583,5,3,2033,2033,2036,0,3,1
584,6,2,2039,2039,2041,0,2,3
585,4,2,2043,2043,2045,0,2,2
586,6,2,2049,2049,2051,0,2,4
587,5,2,2054,2054,2056,0,2,3
588,6,1,2060,2060,2061,0,1,4
589,3,3,2063,2063,2066,0,3,2
590,2,2,2065,2066,2068,1,3,0
591,6,1,2071,2071,2072,0,1,3
592,2,1,2073,2073,2074,0,1,1
593,2,3,2075,2075,2078,0,3,1
594,3,3,2078,2078,2081,0,3,0
595,3,2,2081,2081,2083,0,2,0
596,5,2,2086,2086,2088,0,2,3
597,6,1,2092,2092,2093,0,1,4
598,4,3,2096,2096,2099,0,3,3
599,3,2,2099,2099,2101,0,2,0
600,6,1,2105,2105,2106,0,1,4
601,5,2,2110,2110,2112,0,2,4
602,2,3,2112,2112,2115,0,3,0
603,6,1,2118,2118,2119,0,1,3
604,5,1,2123,2123,2124,0,1,4
605,6,1,2129,2129,2130,0,1,5
606,1,1,2130,2130,2131,0,1,0
607,1,1,2131,2131,2132,0,1,0
608,3,3,2134,2134,2137,0,3,2
609,1,3,2135,2137,2140,2,5,0
610,3,2,2138,2140,2142,2,4,0
611,3,1,2141,2142,2143,1,2,0
612,6,1,2147,2147,2148,0,1,4
613,3,2,2150,2150,2152,0,2,2
614,1,2,2151,2152,2154,1,3,0
615,2,3,2153,2154,2157,1,4,0
616,1,3,2154,2157,2160,3,6,0
617,3,2,2157,2160,2162,3,5,0
618,3,1,2160,2162,2163,2,3,0
619,2,2,2162,2163,2165,1,3,0
620,4,3,2166,2166,2169,0,3,1
621,2,3,2168,2169,2172,1,4,0
622,3,2,2171,2172,2174,1,3,0
623,2,3,2173,2174,2177,1,4,0
624,2,3,2175,2177,2180,2,5,0
625,6,1,2181,2181,2182,0,1,1
626,6,2,2187,2187,2189,0,2,5
627,2,2,2189,2189,2191,0,2,0
628,4,2,2193,2193,2195,0,2,2
629,2,1,2195,2195,2196,0,1,0
630,1,2,2196,2196,2198,0,2,0
631,4,3,2200,2200,2203,0,3,2
632,4,1,2204,2204,2205,0,1,1
633,1,2,2205,2205,2207,0,2,0
634,3,1,2208,2208,2209,0,1,1
635,5,2,2213,2213,2215,0,2,4
636,6,1,2219,2219,2220,0,1,4
637,1,2,2220,2220,2222,0,2,0
638,4,3,2224,2224,2227,0,3,2
639,6,3,2230,2230,2233,0,3,3
640,5,1,2235,2235,2236,0,1,2
641,4,3,2239,2239,2242,0,3,3
642,5,3,2244,2244,2247,0,3,2
643,5,3,2249,2249,2252,0,3,2
644,5,2,2254,2254,2256,0,2,2
645,1,1,2255,2256,2257,1,2,0
646,3,1,2258,2258,2259,0,1,1
647,2,3,2260,2260,2263,0,3,1
648,1,3,2261,2263,2266,2,5,0
649,3,1,2264,2266,2267,2,3,0
650,5,2,2269,2269,2271,0,2,2
651,1,2,2270,2271,2273,1,3,0
652,5,3,2275,2275,2278,0,3,2
653,6,1,2281,2281,2282,0,1,3
654,3,3,2284,2284,2287,0,3,2
655,3,2,2287,2287,2289,0,2,0
656,4,3,2291,2291,2294,0,3,2
657,1,2,2292,2294,2296,2,4,0
658,3,3,2295,2296,2299,1,4,0
659,1,1,2296,2299,2300,3,4,0
660,3,1,2299,2300,2301,1,2,0
661,2,1,2301,2301,2302,0,1,0
662,2,2,2303,2303,2305,0,2,1
663,3,3,2306,2306,2309,0,3,1
664,4,3,2310,2310,2313,0,3,1
665,6,2,2316,2316,2318,0,2,3
666,5,1,2321,2321,2322,0,1,3
667,1,2,2322,2322,2324,0,2,0
668,3,1,2325,2325,2326,0,1,1
669,2,2,2327,2327,2329,0,2,1
670,1,3,2328,2329,2332,1,4,0
671,4,1,2332,2332,2333,0,1,0
672,2,2,2334,2334,2336,0,2,1
673,4,3,2338,2338,2341,0,3,2
674,4,1,2342,2342,2343,0,1,1
675,2,2,2344,2344,2346,0,2,1
676,1,2,2345,2346,2348,1,3,0
677,4,3,2349,2349,2352,0,3,1
678,6,1,2355,2355,2356,0,1,3
679,6,2,2361,2361,2363,0,2,5
680,4,2,2365,2365,2367,0,2,2
681,3,3,2368,2368,2371,0,3,1
682,4,1,2372,2372,2373,0,1,1
683,1,2,2373,2373,2375,0,2,0
684,1,2,2374,2375,2377,1,3,0
685,3,2,2377,2377,2379,0,2,0
686,5,3,2382,2382,2385,0,3,3
687,2,1,2384,2385,2386,1,2,0
688,3,1,2387,2387,2388,0,1,1
689,1,3,2388,2388,2391,0,3,0
690,4,1,2392,2392,2393,0,1,1
691,2,3,2394,2394,2397,0,3,1
692,4,2,2398,2398,2400,0,2,1
693,6,1,2404,2404,2405,0,1,4
694,2,1,2406,2406,2407,0,1,1
695,3,1,2409,2409,2410,0,1,2
696,6,3,2415,2415,2418,0,3,5
697,5,1,2420,2420,2421,0,1,2
698,2,2,2422,2422,2424,0,2,1
699,1,3,2423,2424,2427,1,4,0
700,6,3,2429,2429,2432,0,3,2
701,3,3,2432,2432,2435,0,3,0
702,5,2,2437,2437,2439,0,2,2
703,5,3,2442,2442,2445,0,3,3
704,6,2,2448,2448,2450,0,2,3
705,5,3,2453,2453,2456,0,3,3
706,4,2,2457,2457,2459,0,2,1
707,4,1,2461,2461,2462,0,1,2
708,4,2,2465,2465,2467,0,2,3
709,3,1,2468,2468,2469,0,1,1
710,3,2,2471,2471,2473,0,2,2
711,4,1,2475,2475,2476,0,1,2
712,4,1,2479,2479,2480,0,1,3
713,4,3,2483,2483,2486,0,3,3
714,3,1,2486,2486,2487,0,1,0
715,2,2,2488,2488,2490,0,2,1
716,4,2,2492,2492,2494,0,2,2
717,2,2,2494,2494,2496,0,2,0
718,2,2,2496,2496,2498,0,2,0
719,2,2,2498,2498,2500,0,2,0
720,1,2,2499,2500,2502,1,3,0
721,5,3,2504,2504,2507,0,3,2
722,2,3,2506,2507,2510,1,4,0
723,1,3,2507,2510,2513,3,6,0
724,5,1,2512,2513,2514,1,2,0
725,6,1,2518,2518,2519,0,1,4
726,6,3,2524,2524,2527,0,3,5
727,1,2,2525,2527,2529,2,4,0
728,1,1,2526,2529,2530,3,4,0
729,1,2,2527,2530,2532,3,5,0
730,1,2,2528,2532,2534,4,6,0
731,2,1,2530,2534,2535,4,5,0
732,5,3,2535,2535,2538,0,3,0
733,6,3,2541,2541,2544,0,3,3
734,3,2,2544,2544,2546,0,2,0
735,4,3,2548,2548,2551,0,3,2
736,6,3,2554,2554,2557,0,3,3
737,2,1,2556,2557,2558,1,2,0
738,4,2,2560,2560,2562,0,2,2
739,2,2,2562,2562,2564,0,2,0
740,4,1,2566,2566,2567,0,1,2
741,5,3,2571,2571,2574,0,3,4
742,2,1,2573,2574,2575,1,2,0
743,5,2,2578,2578,2580,0,2,3
744,1,3,2579,2580,2583,1,4,0
745,3,3,2582,2583,2586,1,4,0
746,4,2,2586,2586,2588,0,2,0
747,1,3,2587,2588,2591,1,4,0
748,3,3,2590,2591,2594,1,4,0
749,5,1,2595,2595,2596,0,1,1
750,4,3,2599,2599,2602,0,3,3
751,2,1,2601,2602,2603,1,2,0
752,1,2,2602,2603,2605,1,3,0
753,2,3,2604,2605,2608,1,4,0
754,5,3,2609,2609,2612,0,3,1
755,5,1,2614,2614,2615,0,1,2
756,6,1,2620,2620,2621,0,1,5
757,1,2,2621,2621,2623,0,2,0
758,2,3,2623,2623,2626,0,3,0
759,1,1,2624,2626,2627,2,3,0
760,1,2,2625,2627,2629,2,4,0
761,5,3,2630,2630,2633,0,3,1
762,3,2,2633,2633,2635,0,2,0
763,5,2,2638,2638,2640,0,2,3
764,1,1,2639,2640,2641,1,2,0
765,2,2,2641,2641,2643,0,2,0
766,4,1,2645,2645,2646,0,1,2
767,1,3,2646,2646,2649,0,3,0
768,1,3,2647,2649,2652,2,5,0
769,3,3,2650,2652,2655,2,5,0
770,1,3,2651,2655,2658,4,7,0
771,3,2,2654,2658,2660,4,6,0
772,6,2,2660,2660,2662,0,2,0
773,1,2,2661,2662,2664,1,3,0
774,5,1,2666,2666,2667,0,1,2
775,6,1,2672,2672,2673,0,1,5
776,6,3,2678,2678,2681,0,3,5
777,3,3,2681,2681,2684,0,3,0
778,3,1,2684,2684,2685,0,1,0
779,6,2,2690,2690,2692,0,2,5
780,2,2,2692,2692,2694,0,2,0
781,1,1,2693,2694,2695,1,2,0
782,4,3,2697,2697,2700,0,3,2
783,2,3,2699,2700,2703,1,4,0
784,1,2,2700,2703,2705,3,5,0
785,2,2,2702,2705,2707,3,5,0
786,3,1,2705,2707,2708,2,3,0
787,6,1,2711,2711,2712,0,1,3
788,5,1,2716,2716,2717,0,1,4
789,4,1,2720,2720,2721,0,1,3
790,2,2,2722,2722,2724,0,2,1
791,3,3,2725,2725,2728,0,3,1
792,6,3,2731,2731,2734,0,3,3
793,1,3,2732,2734,2737,2,5,0
794,4,1,2736,2737,2738,1,2,0
795,4,1,2740,2740,2741,0,1,2
796,5,1,2745,2745,2746,0,1,4
797,3,1,2748,2748,2749,0,1,2
798,4,1,2752,2752,2753,0,1,3
799,3,3,2755,2755,2758,0,3,2
800,3,2,2758,2758,2760,0,2,0
801,3,1,2761,2761,2762,0,1,1
802,4,3,2765,2765,2768,0,3,3
803,5,2,2770,2770,2772,0,2,2
804,3,1,2773,2773,2774,0,1,1
805,2,2,2775,2775,2777,0,2,1
806,1,1,2776,2777,2778,1,2,0
807,2,2,2778,2778,2780,0,2,0
808,1,2,2779,2780,2782,1,3,0
809,5,3,2784,2784,2787,0,3,2
810,5,2,2789,2789,2791,0,2,2
811,5,2,2794,2794,2796,0,2,3
812,5,3,2799,2799,2802,0,3,3
813,1,1,2800,2802,2803,2,3,0
814,5,2,2805,2805,2807,0,2,2
815,2,2,2807,2807,2809,0,2,0
816,4,1,2811,2811,2812,0,1,2
817,4,3,2815,2815,2818,0,3,3
818,6,2,2821,2821,2823,0,2,3
819,5,3,2826,2826,2829,0,3,3
820,5,1,2831,2831,2832,0,1,2
821,2,2,2833,2833,2835,0,2,1
822,1,2,2834,2835,2837,1,3,0
823,5,3,2839,2839,2842,0,3,2
824,2,2,2841,2842,2844,1,3,0
825,5,1,2846,2846,2847,0,1,2
826,5,2,2851,2851,2853,0,2,4
827,5,3,2856,2856,2859,0,3,3
828,4,1,2860,2860,2861,0,1,1
829,1,2,2861,2861,2863,0,2,0
830,3,1,2864,2864,2865,0,1,1
831,4,2,2868,2868,2870,0,2,3
832,2,3,2870,2870,2873,0,3,0
833,4,1,2874,2874,2875,0,1,1
834,2,3,2876,2876,2879,0,3,1
835,3,1,2879,2879,2880,0,1,0
836,2,2,2881,2881,2883,0,2,1
837,3,2,2884,2884,2886,0,2,1
838,2,1,2886,2886,2887,0,1,0
839,2,1,2888,2888,2889,0,1,1
840,1,3,2889,2889,2892,0,3,0
841,4,1,2893,2893,2894,0,1,1
842,4,1,2897,2897,2898,0,1,3
843,2,3,2899,2899,2902,0,3,1
844,2,1,2901,2902,2903,1,2,0
845,1,3,2902,2903,2906,1,4,0
846,4,1,2906,2906,2907,0,1,0
847,6,2,2912,2912,2914,0,2,5
848,6,2,2918,2918,2920,0,2,4
849,2,2,2920,2920,2922,0,2,0
850,3,2,2923,2923,2925,0,2,1
851,4,3,2927,2927,2930,0,3,2
852,5,3,2932,2932,2935,0,3,2
853,4,1,2936,2936,2937,0,1,1
854,6,2,2942,2942,2944,0,2,5
855,1,2,2943,2944,2946,1,3,0
856,6,3,2949,2949,2952,0,3,3
857,1,3,2950,2952,2955,2,5,0
858,1,2,2951,2955,2957,4,6,0
859,2,3,2953,2957,2960,4,7,0
860,5,2,2958,2960,2962,2,4,0
861,3,1,2961,2962,2963,1,2,0
862,1,3,2962,2963,2966,1,4,0
863,1,3,2963,2966,2969,3,6,0
864,2,2,2965,2969,2971,4,6,0
865,5,3,2970,2971,2974,1,4,0
866,3,3,2973,2974,2977,1,4,0
867,1,3,2974,2977,2980,3,6,0
868,4,2,2978,2980,2982,2,4,0
869,4,1,2982,2982,2983,0,1,0
870,3,3,2985,2985,2988,0,3,2
871,5,3,2990,2990,2993,0,3,2
872,2,2,2992,2993,2995,1,3,0
873,2,3,2994,2995,2998,1,4,0
874,4,2,2998,2998,3000,0,2,0
875,2,3,3000,3000,3003,0,3,0
876,6,2,3006,3006,3008,0,2,3
877,5,1,3011,3011,3012,0,1,3
878,5,1,3016,3016,3017,0,1,4
879,4,2,3020,3020,3022,0,2,3
880,5,2,3025,3025,3027,0,2,3
881,1,2,3026,3027,3029,1,3,0
882,1,1,3027,3029,3030,2,3,0
883,2,3,3029,3030,3033,1,4,0
884,3,1,3032,3033,3034,1,2,0
885,2,2,3034,3034,3036,0,2,0
886,5,1,3039,3039,3040,0,1,3
887,3,1,3042,3042,3043,0,1,2
888,4,2,3046,3046,3048,0,2,3
889,1,3,3047,3048,3051,1,4,0
890,4,2,3051,3051,3053,0,2,0
891,4,3,3055,3055,3058,0,3,2
892,5,3,3060,3060,3063,0,3,2
893,1,2,3061,3063,3065,2,4,0
894,2,2,3063,3065,3067,2,4,0
895,5,1,3068,3068,3069,0,1,1
896,2,3,3070,3070,3073,0,3,1
897,3,3,3073,3073,3076,0,3,0
898,2,3,3075,3076,3079,1,4,0
899,4,2,3079,3079,3081,0,2,0
900,2,1,3081,3081,3082,0,1,0
901,6,2,3087,3087,3089,0,2,5
902,3,1,3090,3090,3091,0,1,1
903,2,3,3092,3092,3095,0,3,1
904,3,2,3095,3095,3097,0,2,0
905,5,1,3100,3100,3101,0,1,3
906,2,1,3102,3102,3103,0,1,1
907,1,2,3103,3103,3105,0,2,0
908,5,3,3108,3108,3111,0,3,3
909,3,2,3111,3111,3113,0,2,0
910,6,1,3117,3117,3118,0,1,4
911,6,1,3123,3123,3124,0,1,5
912,2,3,3125,3125,3128,0,3,1
913,4,3,3129,3129,3132,0,3,1
914,6,3,3135,3135,3138,0,3,3
915,2,3,3137,3138,3141,1,4,0
916,5,3,3142,3142,3145,0,3,1
917,4,3,3146,3146,3149,0,3,1
918,1,2,3147,3149,3151,2,4,0
919,4,1,3151,3151,3152,0,1,0
920,2,2,3153,3153,3155,0,2,1
921,3,2,3156,3156,3158,0,2,1
922,5,1,3161,3161,3162,0,1,3
923,3,3,3164,3164,3167,0,3,2
924,3,3,3167,3167,3170,0,3,0
925,4,2,3171,3171,3173,0,2,1
926,4,3,3175,3175,3178,0,3,2
927,3,2,3178,3178,3180,0,2,0
928,2,1,3180,3180,3181,0,1,0
929,3,2,3183,3183,3185,0,2,2
930,3,1,3186,3186,3187,0,1,1
931,5,1,3191,3191,3192,0,1,4
932,1,1,3192,3192,3193,0,1,0
933,5,3,3197,3197,3200,0,3,4
934,1,1,3198,3200,3201,2,3,0
935,3,2,3201,3201,3203,0,2,0
936,2,2,3203,3203,3205,0,2,0
937,1,2,3204,3205,3207,1,3,0
938,5,1,3209,3209,3210,0,1,2
939,4,2,3213,3213,3215,0,2,3
940,3,3,3216,3216,3219,0,3,1
941,2,1,3218,3219,3220,1,2,0
942,4,2,3222,3222,3224,0,2,2
943,3,1,3225,3225,3226,0,1,1
944,1,3,3226,3226,3229,0,3,0
945,6,2,3232,3232,3234,0,2,3
946,3,3,3235,3235,3238,0,3,1
947,5,2,3240,3240,3242,0,2,2
948,2,3,3242,3242,3245,0,3,0
949,5,1,3247,3247,3248,0,1,2
950,4,3,3251,3251,3254,0,3,3
951,3,2,3254,3254,3256,0,2,0
952,1,1,3255,3256,3257,1,2,0
953,4,2,3259,3259,3261,0,2,2
954,2,3,3261,3261,3264,0,3,0
955,3,1,3264,3264,3265,0,1,0
956,1,2,3265,3265,3267,0,2,0
957,6,3,3271,3271,3274,0,3,4
958,1,3,3272,3274,3277,2,5,0
959,1,1,3273,3277,3278,4,5,0
960,6,1,3279,3279,3280,0,1,1
961,6,2,3285,3285,3287,0,2,5
962,6,1,3291,3291,3292,0,1,4
963,5,3,3296,3296,3299,0,3,4
964,5,2,3301,3301,3303,0,2,2
965,4,2,3305,3305,3307,0,2,2
966,2,2,3307,3307,3309,0,2,0
967,3,1,3310,3310,3311,0,1,1
968,2,3,3312,3312,3315,0,3,1
969,4,1,3316,3316,3317,0,1,1
970,3,1,3319,3319,3320,0,1,2
971,4,3,3323,3323,3326,0,3,3
972,5,3,3328,3328,3331,0,3,2
973,3,3,3331,3331,3334,0,3,0
974,3,2,3334,3334,3336,0,2,0
975,5,2,3339,3339,3341,0,2,3
976,3,2,3342,3342,3344,0,2,1
977,2,2,3344,3344,3346,0,2,0
978,6,2,3350,3350,3352,0,2,4
979,2,2,3352,3352,3354,0,2,0
980,2,1,3354,3354,3355,0,1,0
981,6,1,3360,3360,3361,0,1,5
982,2,2,3362,3362,3364,0,2,1
983,2,1,3364,3364,3365,0,1,0
984,6,2,3370,3370,3372,0,2,5
985,3,2,3373,3373,3375,0,2,1
986,6,3,3379,3379,3382,0,3,4
987,5,2,3384,3384,3386,0,2,2
988,2,1,3386,3386,3387,0,1,0
989,4,3,3390,3390,3393,0,3,3
990,3,2,3393,3393,3395,0,2,0
991,3,3,3396,3396,3399,0,3,1
992,6,3,3402,3402,3405,0,3,3
993,1,2,3403,3405,3407,2,4,0
994,4,1,3407,3407,3408,0,1,0
995,2,1,3409,3409,3410,0,1,1
996,3,3,3412,3412,3415,0,3,2
997,4,2,3416,3416,3418,0,2,1
998,2,1,3418,3418,3419,0,1,0
999,4,2,3422,3422,3424,0,2,3
1000,4,2,3426,3426,3428,0,2,2
1001,3,3,3429,3429,3432,0,3,1
1002,6,1,3435,3435,3436,0,1,3
1003,6,3,3441,3441,3444,0,3,5
1004,2,1,3443,3444,3445,1,2,0
1005,3,2,3446,3446,3448,0,2,1
1006,3,3,3449,3449,3452,0,3,1
1007,4,3,3453,3453,3456,0,3,1
1008,1,2,3454,3456,3458,2,4,0
1009,2,1,3456,3458,3459,2,3,0
1010,6,1,3462,3462,3463,0,1,3
1011,2,1,3464,3464,3465,0,1,1
1012,2,3,3466,3466,3469,0,3,1
1013,2,3,3468,3469,3472,1,4,0
1014,3,3,3471,3472,3475,1,4,0
1015,5,3,3476,3476,3479,0,3,1
1016,1,1,3477,3479,3480,2,3,0
1017,5,2,3482,3482,3484,0,2,2
1018,5,2,3487,3487,3489,0,2,3
1019,6,2,3493,3493,3495,0,2,4
1020,6,1,3499,3499,3500,0,1,4
1021,3,3,3502,3502,3505,0,3,2
1022,6,1,3508,3508,3509,0,1,3
1023,1,2,3509,3509,3511,0,2,0
1024,1,3,3510,3511,3514,1,4,0
1025,5,2,3515,3515,3517,0,2,1
1026,6,1,3521,3521,3522,0,1,4
1027,6,2,3527,3527,3529,0,2,5
1028,3,2,3530,3530,3532,0,2,1
1029,1,1,3531,3532,3533,1,2,0
1030,3,2,3534,3534,3536,0,2,1
1031,4,1,3538,3538,3539,0,1,2
1032,4,2,3542,3542,3544,0,2,3
1033,4,2,3546,3546,3548,0,2,2
1034,3,2,3549,3549,3551,0,2,1
1035,4,2,3553,3553,3555,0,2,2
1036,2,3,3555,3555,3558,0,3,0
1037,4,1,3559,3559,3560,0,1,1
1038,1,1,3560,3560,3561,0,1,0
1039,4,3,3564,3564,3567,0,3,3
1040,6,1,3570,3570,3571,0,1,3
1041,3,2,3573,3573,3575,0,2,2
1042,3,3,3576,3576,3579,0,3,1
1043,2,1,3578,3579,3580,1,2,0
1044,3,2,3581,3581,3583,0,2,1
1045,4,2,3585,3585,3587,0,2,2
1046,5,3,3590,3590,3593,0,3,3
1047,6,3,3596,3596,3599,0,3,3
1048,4,3,3600,3600,3603,0,3,1
1049,5,3,3605,3605,3608,0,3,2
1050,1,2,3606,3608,3610,2,4,0
1051,1,1,3607,3610,3611,3,4,0
1052,4,2,3611,3611,3613,0,2,0
1053,2,1,3613,3613,3614,0,1,0
1054,5,2,3618,3618,3620,0,2,4
1055,4,2,3622,3622,3624,0,2,2
1056,2,3,3624,3624,3627,0,3,0
1057,4,1,3628,3628,3629,0,1,1
1058,3,1,3631,3631,3632,0,1,2
1059,6,2,3637,3637,3639,0,2,5
1060,2,3,3639,3639,3642,0,3,0
1061,3,2,3642,3642,3644,0,2,0
1062,4,3,3646,3646,3649,0,3,2
1063,1,3,3647,3649,3652,2,5,0
1064,3,2,3650,3652,3654,2,4,0
1065,5,3,3655,3655,3658,0,3,1
1066,2,2,3657,3658,3660,1,3,0
1067,2,3,3659,3660,3663,1,4,0
1068,6,2,3665,3665,3667,0,2,2
1069,6,1,3671,3671,3672,0,1,4
1070,5,1,3676,3676,3677,0,1,4
1071,3,2,3679,3679,3681,0,2,2
1072,4,1,3683,3683,3684,0,1,2
1073,2,1,3685,3685,3686,0,1,1
1074,2,3,3687,3687,3690,0,3,1
1075,6,3,3693,3693,3696,0,3,3
1076,6,3,3699,3699,3702,0,3,3
1077,3,1,3702,3702,3703,0,1,0
1078,2,2,3704,3704,3706,0,2,1
1079,6,2,3710,3710,3712,0,2,4
1080,4,3,3714,3714,3717,0,3,2
1081,2,2,3716,3717,3719,1,3,0
1082,3,2,3719,3719,3721,0,2,0
1083,2,1,3721,3721,3722,0,1,0
1084,5,1,3726,3726,3727,0,1,4
1085,6,2,3732,3732,3734,0,2,5
1086,1,3,3733,3734,3737,1,4,0
1087,6,1,3739,3739,3740,0,1,2
1088,2,3,3741,3741,3744,0,3,1
1089,6,1,3747,3747,3748,0,1,3
1090,3,1,3750,3750,3751,0,1,2
1091,4,3,3754,3754,3757,0,3,3
1092,5,2,3759,3759,3761,0,2,2
1093,2,1,3761,3761,3762,0,1,0
1094,4,2,3765,3765,3767,0,2,3
1095,3,1,3768,3768,3769,0,1,1
1096,2,2,3770,3770,3772,0,2,1
1097,6,1,3776,3776,3777,0,1,4
1098,2,2,3778,3778,3780,0,2,1
1099,2,1,3780,3780,3781,0,1,0
1100,6,1,3786,3786,3787,0,1,5
1101,5,2,3791,3791,3793,0,2,4
1102,2,3,3793,3793,3796,0,3,0
1103,4,3,3797,3797,3800,0,3,1
1104,3,3,3800,3800,3803,0,3,0
1105,4,3,3804,3804,3807,0,3,1
1106,4,2,3808,3808,3810,0,2,1
1107,2,2,3810,3810,3812,0,2,0
1108,6,2,3816,3816,3818,0,2,4
1109,4,2,3820,3820,3822,0,2,2
1110,3,2,3823,3823,3825,0,2,1
1111,3,3,3826,3826,3829,0,3,1
1112,2,1,3828,3829,3830,1,2,0
1113,1,1,3829,3830,3831,1,2,0
1114,4,2,3833,3833,3835,0,2,2
1115,5,2,3838,3838,3840,0,2,3
1116,4,1,3842,3842,3843,0,1,2
1117,6,3,3848,3848,3851,0,3,5
1118,1,1,3849,3851,3852,2,3,0
1119,2,3,3851,3852,3855,1,4,0
1120,2,2,3853,3855,3857,2,4,0
1121,3,2,3856,3857,3859,1,3,0
1122,1,3,3857,3859,3862,2,5,0
1123,1,1,3858,3862,3863,4,5,0
1124,3,1,3861,3863,3864,2,3,0
1125,1,3,3862,3864,3867,2,5,0
1126,2,2,3864,3867,3869,3,5,0
1127,4,1,3868,3869,3870,1,2,0
1128,1,3,3869,3870,3873,1,4,0
1129,2,3,3871,3873,3876,2,5,0
1130,1,3,3872,3876,3879,4,7,0
1131,6,1,3878,3879,3880,1,2,0
1132,4,3,3882,3882,3885,0,3,2
1133,3,1,3885,3885,3886,0,1,0
1134,1,1,3886,3886,3887,0,1,0
1135,3,2,3889,3889,3891,0,2,2
1136,2,2,3891,3891,3893,0,2,0
1137,3,2,3894,3894,3896,0,2,1
1138,2,2,3896,3896,3898,0,2,0
1139,6,3,3902,3902,3905,0,3,4
1140,3,1,3905,3905,3906,0,1,0
1141,4,3,3909,3909,3912,0,3,3
1142,2,2,3911,3912,3914,1,3,0
1143,4,3,3915,3915,3918,0,3,1
1144,6,3,3921,3921,3924,0,3,3
1145,6,2,3927,3927,3929,0,2,3
1146,4,2,3931,3931,3933,0,2,2
1147,2,1,3933,3933,3934,0,1,0
1148,2,3,3935,3935,3938,0,3,1
1149,3,1,3938,3938,3939,0,1,0
1150,4,2,3942,3942,3944,0,2,3
1151,6,1,3948,3948,3949,0,1,4
1152,1,3,3949,3949,3952,0,3,0
1153,4,3,3953,3953,3956,0,3,1
1154,2,2,3955,3956,3958,1,3,0
1155,6,1,3961,3961,3962,0,1,3
1156,1,1,3962,3962,3963,0,1,0
1157,5,2,3967,3967,3969,0,2,4
1158,6,1,3973,3973,3974,0,1,4
1159,5,2,3978,3978,3980,0,2,4
1160,5,3,3983,3983,3986,0,3,3
1161,3,1,3986,3986,3987,0,1,0
1162,2,3,3988,3988,3991,0,3,1
1163,5,3,3993,3993,3996,0,3,2
1164,1,1,3994,3996,3997,2,3,0
1165,3,3,3997,3997,4000,0,3,0
1166,2,3,3999,4000,4003,1,4,0
1167,1,1,4000,4003,4004,3,4,0
1168,2,1,4002,4004,4005,2,3,0
1169,4,3,4006,4006,4009,0,3,1
1170,4,2,4010,4010,4012,0,2,1
1171,3,1,4013,4013,4014,0,1,1
1172,6,3,4019,4019,4022,0,3,5
1173,5,2,4024,4024,4026,0,2,2
1174,5,2,4029,4029,4031,0,2,3
1175,5,1,4034,4034,4035,0,1,3
1176,6,2,4040,4040,4042,0,2,5
1177,5,1,4045,4045,4046,0,1,3
1178,5,1,4050,4050,4051,0,1,4
1179,3,3,4053,4053,4056,0,3,2
1180,1,3,4054,4056,4059,2,5,0
1181,3,1,4057,4059,4060,2,3,0
1182,3,1,4060,4060,4061,0,1,0
1183,3,3,4063,4063,4066,0,3,2
1184,5,3,4068,4068,4071,0,3,2
1185,1,3,4069,4071,4074,2,5,0
1186,1,2,4070,4074,4076,4,6,0
1187,2,3,4072,4076,4079,4,7,0
1188,4,3,4076,4079,4082,3,6,0
1189,1,1,4077,4082,4083,5,6,0
1190,1,1,4078,4083,4084,5,6,0
1191,3,2,4081,4084,4086,3,5,0
1192,4,2,4085,4086,4088,1,3,0
1193,1,3,4086,4088,4091,2,5,0
1194,1,2,4087,4091,4093,4,6,0
1195,5,1,4092,4093,4094,1,2,0
1196,3,2,4095,4095,4097,0,2,1
1197,2,1,4097,4097,4098,0,1,0
1198,3,2,4100,4100,4102,0,2,2
1199,2,3,4102,4102,4105,0,3,0
1200,6,3,4108,4108,4111,0,3,3
1201,4,1,4112,4112,4113,0,1,1
1202,4,3,4116,4116,4119,0,3,3
1203,1,1,4117,4119,4120,2,3,0
1204,4,1,4121,4121,4122,0,1,1
1205,4,2,4125,4125,4127,0,2,3
1206,5,3,4130,4130,4133,0,3,3
1207,3,2,4133,4133,4135,0,2,0
1208,1,1,4134,4135,4136,1,2,0
1209,3,2,4137,4137,4139,0,2,1
1210,3,3,4140,4140,4143,0,3,1
1211,1,3,4141,4143,4146,2,5,0
1212,5,3,4146,4146,4149,0,3,0
1213,6,3,4152,4152,4155,0,3,3
1214,3,3,4155,4155,4158,0,3,0
1215,3,1,4158,4158,4159,0,1,0
1216,5,2,4163,4163,4165,0,2,4
1217,2,2,4165,4165,4167,0,2,0
1218,2,3,4167,4167,4170,0,3,0
1219,5,3,4172,4172,4175,0,3,2
1220,2,2,4174,4175,4177,1,3,0
1221,1,2,4175,4177,4179,2,4,0
1222,4,2,4179,4179,4181,0,2,0
1223,2,3,4181,4181,4184,0,3,0
1224,1,1,4182,4184,4185,2,3,0
1225,3,2,4185,4185,4187,0,2,0
1226,5,3,4190,4190,4193,0,3,3
1227,5,2,4195,4195,4197,0,2,2
1228,6,1,4201,4201,4202,0,1,4
1229,4,1,4205,4205,4206,0,1,3
1230,2,2,4207,4207,4209,0,2,1
1231,1,3,4208,4209,4212,1,4,0
1232,1,1,4209,4212,4213,3,4,0
1233,2,2,4211,4213,4215,2,4,0
1234,3,3,4214,4215,4218,1,4,0
1235,3,1,4217,4218,4219,1,2,0
1236,3,1,4220,4220,4221,0,1,1
1237,2,3,4222,4222,4225,0,3,1
1238,2,2,4224,4225,4227,1,3,0
1239,4,2,4228,4228,4230,0,2,1
1240,5,1,4233,4233,4234,0,1,3
1241,2,3,4235,4235,4238,0,3,1
1242,4,2,4239,4239,4241,0,2,1
1243,3,2,4242,4242,4244,0,2,1
1244,2,2,4244,4244,4246,0,2,0
1245,5,1,4249,4249,4250,0,1,3
1246,2,2,4251,4251,4253,0,2,1
1247,1,3,4252,4253,4256,1,4,0
1248,3,1,4255,4256,4257,1,2,0
1249,3,2,4258,4258,4260,0,2,1
1250,4,2,4262,4262,4264,0,2,2
1251,5,3,4267,4267,4270,0,3,3
1252,6,1,4273,4273,4274,0,1,3
1253,6,3,4279,4279,4282,0,3,5
1254,2,2,4281,4282,4284,1,3,0
1255,3,3,4284,4284,4287,0,3,0
1256,2,2,4286,4287,4289,1,3,0
1257,2,1,4288,4289,4290,1,2,0
1258,5,3,4293,4293,4296,0,3,3
1259,2,2,4295,4296,4298,1,3,0
1260,1,2,4296,4298,4300,2,4,0
1261,1,1,4297,4300,4301,3,4,0
1262,6,3,4303,4303,4306,0,3,2
1263,1,3,4304,4306,4309,2,5,0
1264,5,1,4309,4309,4310,0,1,0
1265,6,1,4315,4315,4316,0,1,5
1266,5,1,4320,4320,4321,0,1,4
1267,2,3,4322,4322,4325,0,3,1
1268,1,2,4323,4325,4327,2,4,0
1269,4,1,4327,4327,4328,0,1,0
1270,5,1,4332,4332,4333,0,1,4
1271,3,2,4335,4335,4337,0,2,2
1272,1,2,4336,4337,4339,1,3,0
1273,2,3,4338,4339,4342,1,4,0
1274,4,3,4342,4342,4345,0,3,0
1275,3,1,4345,4345,4346,0,1,0
1276,5,2,4350,4350,4352,0,2,4
1277,5,1,4355,4355,4356,0,1,3
1278,5,3,4360,4360,4363,0,3,4
1279,5,3,4365,4365,4368,0,3,2
1280,4,1,4369,4369,4370,0,1,1
1281,4,2,4373,4373,4375,0,2,3
1282,3,3,4376,4376,4379,0,3,1
1283,2,1,4378,4379,4380,1,2,0
1284,4,2,4382,4382,4384,0,2,2
1285,6,2,4388,4388,4390,0,2,4
1286,2,2,4390,4390,4392,0,2,0
1287,1,2,4391,4392,4394,1,3,0
1288,5,1,4396,4396,4397,0,1,2
1289,4,1,4400,4400,4401,0,1,3
1290,2,2,4402,4402,4404,0,2,1
1291,6,2,4408,4408,4410,0,2,4
1292,5,2,4413,4413,4415,0,2,3
1293,2,3,4415,4415,4418,0,3,0
1294,5,1,4420,4420,4421,0,1,2
1295,3,2,4423,4423,4425,0,2,2
1296,5,3,4428,4428,4431,0,3,3
1297,6,3,4434,4434,4437,0,3,3
1298,5,2,4439,4439,4441,0,2,2
1299,5,2,4444,4444,4446,0,2,3
1300,5,1,4449,4449,4450,0,1,3
1301,5,3,4454,4454,4457,0,3,4
1302,4,1,4458,4458,4459,0,1,1
1303,4,3,4462,4462,4465,0,3,3
1304,2,3,4464,4465,4468,1,4,0
1305,4,3,4468,4468,4471,0,3,0
1306,2,2,4470,4471,4473,1,3,0
1307,5,3,4475,4475,4478,0,3,2
1308,1,2,4476,4478,4480,2,4,0
1309,5,3,4481,4481,4484,0,3,1
1310,4,2,4485,4485,4487,0,2,1
1311,6,1,4491,4491,4492,0,1,4
1312,2,3,4493,4493,4496,0,3,1
1313,6,2,4499,4499,4501,0,2,3
1314,1,3,4500,4501,4504,1,4,0
1315,4,1,4504,4504,4505,0,1,0
1316,6,3,4510,4510,4513,0,3,5
1317,5,2,4515,4515,4517,0,2,2
1318,4,3,4519,4519,4522,0,3,2
1319,2,1,4521,4522,4523,1,2,0
1320,4,1,4525,4525,4526,0,1,2
1321,1,1,4526,4526,4527,0,1,0
1322,6,3,4532,4532,4535,0,3,5
1323,6,1,4538,4538,4539,0,1,3
1324,3,1,4541,4541,4542,0,1,2
1325,6,1,4547,4547,4548,0,1,5
1326,2,3,4549,4549,4552,0,3,1
1327,4,2,4553,4553,4555,0,2,1
1328,6,2,4559,4559,4561,0,2,4
1329,1,2,4560,4561,4563,1,3,0
1330,1,3,4561,4563,4566,2,5,0
1331,3,2,4564,4566,4568,2,4,0
1332,4,2,4568,4568,4570,0,2,0
1333,2,2,4570,4570,4572,0,2,0
1334,5,2,4575,4575,4577,0,2,3
1335,1,1,4576,4577,4578,1,2,0
1336,6,3,4582,4582,4585,0,3,4
1337,2,3,4584,4585,4588,1,4,0
1338,1,3,4585,4588,4591,3,6,0
1339,3,3,4588,4591,4594,3,6,0
1340,2,1,4590,4594,4595,4,5,0
1341,4,1,4594,4595,4596,1,2,0
1342,1,1,4595,4596,4597,1,2,0
1343,6,3,4601,4601,4604,0,3,4
1344,1,1,4602,4604,4605,2,3,0
1345,5,3,4607,4607,4610,0,3,2
1346,3,2,4610,4610,4612,0,2,0
1347,3,1,4613,4613,4614,0,1,1
1348,4,2,4617,4617,4619,0,2,3
1349,6,3,4623,4623,4626,0,3,4
1350,1,1,4624,4626,4627,2,3,0
1351,6,1,4630,4630,4631,0,1,3
1352,3,3,4633,4633,4636,0,3,2
1353,4,3,4637,4637,4640,0,3,1
1354,6,1,4643,4643,4644,0,1,3
1355,2,1,4645,4645,4646,0,1,1
1356,3,3,4648,4648,4651,0,3,2
1357,1,2,4649,4651,4653,2,4,0
1358,4,3,4653,4653,4656,0,3,0
1359,3,1,4656,4656,4657,0,1,0
1360,1,2,4657,4657,4659,0,2,0
1361,5,3,4662,4662,4665,0,3,3
1362,4,3,4666,4666,4669,0,3,1
1363,1,1,4667,4669,4670,2,3,0
1364,2,3,4669,4670,4673,1,4,0
1365,4,1,4673,4673,4674,0,1,0
1366,2,3,4675,4675,4678,0,3,1
1367,3,2,4678,4678,4680,0,2,0
1368,3,1,4681,4681,4682,0,1,1
1369,6,2,4687,4687,4689,0,2,5
1370,4,2,4691,4691,4693,0,2,2
1371,3,1,4694,4694,4695,0,1,1
1372,2,2,4696,4696,4698,0,2,1
1373,2,1,4698,4698,4699,0,1,0
1374,5,2,4703,4703,4705,0,2,4
1375,6,3,4709,4709,4712,0,3,4
1376,6,1,4715,4715,4716,0,1,3
1377,1,1,4716,4716,4717,0,1,0
1378,3,1,4719,4719,4720,0,1,2
1379,2,2,4721,4721,4723,0,2,1
1380,1,2,4722,4723,4725,1,3,0
1381,5,2,4727,4727,4729,0,2,2
1382,3,2,4730,4730,4732,0,2,1
1383,5,2,4735,4735,4737,0,2,3
1384,3,3,4738,4738,4741,0,3,1
1385,2,1,4740,4741,4742,1,2,0
1386,1,1,4741,4742,4743,1,2,0
1387,6,2,4747,4747,4749,0,2,4
1388,3,1,4750,4750,4751,0,1,1
1389,6,2,4756,4756,4758,0,2,5
1390,2,2,4758,4758,4760,0,2,0
1391,3,3,4761,4761,4764,0,3,1
1392,6,3,4767,4767,4770,0,3,3
1393,2,1,4769,4770,4771,1,2,0
1394,6,1,4775,4775,4776,0,1,4
1395,1,3,4776,4776,4779,0,3,0
1396,1,1,4777,4779,4780,2,3,0
1397,1,2,4778,4780,4782,2,4,0
1398,3,1,4781,4782,4783,1,2,0
1399,2,3,4783,4783,4786,0,3,0
1400,6,3,4789,4789,4792,0,3,3
1401,6,3,4795,4795,4798,0,3,3
1402,5,1,4800,4800,4801,0,1,2
1403,2,3,4802,4802,4805,0,3,1
1404,6,3,4808,4808,4811,0,3,3
1405,2,2,4810,4811,4813,1,3,0
1406,2,1,4812,4813,4814,1,2,0
1407,4,3,4816,4816,4819,0,3,2
1408,3,3,4819,4819,4822,0,3,0
1409,4,1,4823,4823,4824,0,1,1
1410,1,3,4824,4824,4827,0,3,0
1411,6,1,4830,4830,4831,0,1,3
1412,5,1,4835,4835,4836,0,1,4
1413,5,3,4840,4840,4843,0,3,4
1414,6,1,4846,4846,4847,0,1,3
1415,6,2,4852,4852,4854,0,2,5
1416,2,3,4854,4854,4857,0,3,0
1417,6,2,4860,4860,4862,0,2,3
1418,4,3,4864,4864,4867,0,3,2
1419,4,1,4868,4868,4869,0,1,1
1420,5,1,4873,4873,4874,0,1,4
1421,3,3,4876,4876,4879,0,3,2
1422,5,1,4881,4881,4882,0,1,2
1423,2,3,4883,4883,4886,0,3,1
1424,5,1,4888,4888,4889,0,1,2
1425,2,2,4890,4890,4892,0,2,1
1426,4,3,4894,4894,4897,0,3,2
1427,6,3,4900,4900,4903,0,3,3
1428,5,2,4905,4905,4907,0,2,2
1429,3,2,4908,4908,4910,0,2,1
1430,4,3,4912,4912,4915,0,3,2
1431,6,3,4918,4918,4921,0,3,3
1432,3,3,4921,4921,4924,0,3,0
1433,1,3,4922,4924,4927,2,5,0
1434,4,3,4926,4927,4930,1,4,0
1435,2,1,4928,4930,4931,2,3,0
1436,2,3,4930,4931,4934,1,4,0
1437,5,3,4935,4935,4938,0,3,1
1438,4,2,4939,4939,4941,0,2,1
1439,5,3,4944,4944,4947,0,3,3
1440,4,2,4948,4948,4950,0,2,1
1441,1,1,4949,4950,4951,1,2,0
1442,6,2,4955,4955,4957,0,2,4
1443,4,2,4959,4959,4961,0,2,2
1444,2,2,4961,4961,4963,0,2,0
1445,1,2,4962,4963,4965,1,3,0
1446,2,3,4964,4965,4968,1,4,0
1447,3,1,4967,4968,4969,1,2,0
1448,6,1,4973,4973,4974,0,1,4
1449,5,1,4978,4978,4979,0,1,4
1450,3,3,4981,4981,4984,0,3,2
1451,2,3,4983,4984,4987,1,4,0
1452,6,1,4989,4989,4990,0,1,2
1453,3,2,4992,4992,4994,0,2,2
1454,5,2,4997,4997,4999,0,2,3
1455,4,2,5001,5001,5003,0,2,2
1456,2,3,5003,5003,5006,0,3,0
1457,1,1,5004,5006,5007,2,3,0
1458,4,3,5008,5008,5011,0,3,1
1459,3,1,5011,5011,5012,0,1,0
1460,6,2,5017,5017,5019,0,2,5
1461,5,1,5022,5022,5023,0,1,3
1462,4,3,5026,5026,5029,0,3,3
1463,4,2,5030,5030,5032,0,2,1
1464,3,3,5033,5033,5036,0,3,1
1465,4,1,5037,5037,5038,0,1,1
1466,6,1,5043,5043,5044,0,1,5
1467,4,3,5047,5047,5050,0,3,3
1468,2,3,5049,5050,5053,1,4,0
1469,1,3,5050,5053,5056,3,6,0
1470,3,2,5053,5056,5058,3,5,0
1471,6,3,5059,5059,5062,0,3,1
1472,1,1,5060,5062,5063,2,3,0
1473,3,1,5063,5063,5064,0,1,0
1474,5,2,5068,5068,5070,0,2,4
1475,5,3,5073,5073,5076,0,3,3
1476,6,2,5079,5079,5081,0,2,3
1477,2,1,5081,5081,5082,0,1,0
1478,2,3,5083,5083,5086,0,3,1
1479,3,2,5086,5086,5088,0,2,0
1480,4,2,5090,5090,5092,0,2,2
1481,3,2,5093,5093,5095,0,2,1
1482,1,2,5094,5095,5097,1,3,0
1483,5,1,5099,5099,5100,0,1,2
1484,1,3,5100,5100,5103,0,3,0
1485,3,3,5103,5103,5106,0,3,0
1486,4,1,5107,5107,5108,0,1,1
1487,2,3,5109,5109,5112,0,3,1
1488,2,2,5111,5112,5114,1,3,0
1489,6,3,5117,5117,5120,0,3,3
1490,4,3,5121,5121,5124,0,3,1
1491,2,1,5123,5124,5125,1,2,0
1492,6,3,5129,5129,5132,0,3,4
1493,6,3,5135,5135,5138,0,3,3
1494,4,2,5139,5139,5141,0,2,1
1495,5,1,5144,5144,5145,0,1,3
1496,5,3,5149,5149,5152,0,3,4
1497,1,2,5150,5152,5154,2,4,0
1498,4,3,5154,5154,5157,0,3,0
1499,1,2,5155,5157,5159,2,4,0
1500,3,1,5158,5159,5160,1,2,0
1501,5,3,5163,5163,5166,0,3,3
1502,3,2,5166,5166,5168,0,2,0
1503,3,2,5169,5169,5171,0,2,1
1504,5,3,5174,5174,5177,0,3,3
1505,1,3,5175,5177,5180,2,5,0
1506,5,3,5180,5180,5183,0,3,0
1507,2,1,5182,5183,5184,1,2,0
1508,3,2,5185,5185,5187,0,2,1
1509,1,1,5186,5187,5188,1,2,0
1510,4,3,5190,5190,5193,0,3,2
1511,6,1,5196,5196,5197,0,1,3
1512,5,1,5201,5201,5202,0,1,4
1513,5,2,5206,5206,5208,0,2,4
1514,3,1,5209,5209,5210,0,1,1
1515,6,1,5215,5215,5216,0,1,5
1516,5,2,5220,5220,5222,0,2,4
1517,5,1,5225,5225,5226,0,1,3
1518,5,2,5230,5230,5232,0,2,4
1519,5,2,5235,5235,5237,0,2,3
1520,5,2,5240,5240,5242,0,2,3
1521,4,1,5244,5244,5245,0,1,2
1522,6,3,5250,5250,5253,0,3,5
1523,1,2,5251,5253,5255,2,4,0
1524,2,1,5253,5255,5256,2,3,0
1525,5,1,5258,5258,5259,0,1,2
1526,3,1,5261,5261,5262,0,1,2
1527,2,1,5263,5263,5264,0,1,1
1528,2,2,5265,5265,5267,0,2,1
1529,5,1,5270,5270,5271,0,1,3
1530,2,2,5272,5272,5274,0,2,1
1531,6,3,5278,5278,5281,0,3,4
1532,5,2,5283,5283,5285,0,2,2
1533,4,3,5287,5287,5290,0,3,2
1534,4,1,5291,5291,5292,0,1,1
1535,2,2,5293,5293,5295,0,2,1
1536,1,1,5294,5295,5296,1,2,0
1537,5,2,5299,5299,5301,0,2,3
1538,3,2,5302,5302,5304,0,2,1
1539,6,3,5308,5308,5311,0,3,4
1540,6,1,5314,5314,5315,0,1,3
1541,6,2,5320,5320,5322,0,2,5
1542,4,3,5324,5324,5327,0,3,2
1543,5,2,5329,5329,5331,0,2,2
1544,6,1,5335,5335,5336,0,1,4
1545,1,3,5336,5336,5339,0,3,0
1546,1,2,5337,5339,5341,2,4,0
1547,5,3,5342,5342,5345,0,3,1
1548,6,1,5348,5348,5349,0,1,3
1549,2,2,5350,5350,5352,0,2,1
1550,1,1,5351,5352,5353,1,2,0
1551,1,1,5352,5353,5354,1,2,0
1552,5,3,5357,5357,5360,0,3,3
1553,3,3,5360,5360,5363,0,3,0
1554,1,3,5361,5363,5366,2,5,0
1555,6,2,5367,5367,5369,0,2,1
1556,3,2,5370,5370,5372,0,2,1
1557,4,1,5374,5374,5375,0,1,2
1558,6,3,5380,5380,5383,0,3,5
1559,1,3,5381,5383,5386,2,5,0
1560,5,2,5386,5386,5388,0,2,0
1561,6,2,5392,5392,5394,0,2,4
1562,1,3,5393,5394,5397,1,4,0
1563,3,1,5396,5397,5398,1,2,0
1564,5,2,5401,5401,5403,0,2,3
1565,6,3,5407,5407,5410,0,3,4
1566,5,2,5412,5412,5414,0,2,2
1567,4,3,5416,5416,5419,0,3,2
1568,4,2,5420,5420,5422,0,2,1
1569,4,1,5424,5424,5425,0,1,2
1570,4,1,5428,5428,5429,0,1,3
1571,1,1,5429,5429,5430,0,1,0
1572,1,2,5430,5430,5432,0,2,0
1573,6,1,5436,5436,5437,0,1,4
1574,5,3,5441,5441,5444,0,3,4
1575,3,1,5444,5444,5445,0,1,0
1576,3,3,5447,5447,5450,0,3,2
1577,5,1,5452,5452,5453,0,1,2
1578,3,3,5455,5455,5458,0,3,2
1579,5,2,5460,5460,5462,0,2,2
1580,3,1,5463,5463,5464,0,1,1
1581,5,3,5468,5468,5471,0,3,4
1582,2,1,5470,5471,5472,1,2,0
1583,1,2,5471,5472,5474,1,3,0
1584,3,2,5474,5474,5476,0,2,0
1585,3,3,5477,5477,5480,0,3,1
1586,4,2,5481,5481,5483,0,2,1
1587,3,3,5484,5484,5487,0,3,1
1588,3,1,5487,5487,5488,0,1,0
1589,3,3,5490,5490,5493,0,3,2
1590,1,2,5491,5493,5495,2,4,0
1591,3,2,5494,5495,5497,1,3,0
1592,2,1,5496,5497,5498,1,2,0
1593,2,1,5498,5498,5499,0,1,0
1594,1,2,5499,5499,5501,0,2,0
1595,4,1,5503,5503,5504,0,1,2
1596,5,3,5508,5508,5511,0,3,4
1597,3,1,5511,5511,5512,0,1,0
1598,5,2,5516,5516,5518,0,2,4
1599,5,1,5521,5521,5522,0,1,3
1600,4,1,5525,5525,5526,0,1,3
1601,5,2,5530,5530,5532,0,2,4
1602,2,3,5532,5532,5535,0,3,0
1603,2,2,5534,5535,5537,1,3,0
1604,3,3,5537,5537,5540,0,3,0
1605,4,1,5541,5541,5542,0,1,1
1606,1,3,5542,5542,5545,0,3,0
1607,1,3,5543,5545,5548,2,5,0
1608,4,3,5547,5548,5551,1,4,0
1609,5,2,5552,5552,5554,0,2,1
1610,5,2,5557,5557,5559,0,2,3
1611,3,1,5560,5560,5561,0,1,1
1612,4,3,5564,5564,5567,0,3,3
1613,5,2,5569,5569,5571,0,2,2
1614,5,3,5574,5574,5577,0,3,3
1615,2,1,5576,5577,5578,1,2,0
1616,4,3,5580,5580,5583,0,3,2
1617,5,1,5585,5585,5586,0,1,2
1618,1,2,5586,5586,5588,0,2,0
1619,6,1,5592,5592,5593,0,1,4
1620,3,1,5595,5595,5596,0,1,2
1621,3,3,5598,5598,5601,0,3,2
1622,4,2,5602,5602,5604,0,2,1
1623,1,3,5603,5604,5607,1,4,0
1624,3,3,5606,5607,5610,1,4,0
1625,2,1,5608,5610,5611,2,3,0
1626,6,3,5614,5614,5617,0,3,3
1627,2,2,5616,5617,5619,1,3,0
1628,2,3,5618,5619,5622,1,4,0
1629,1,2,5619,5622,5624,3,5,0
1630,2,3,5621,5624,5627,3,6,0
1631,5,2,5626,5627,5629,1,3,0
1632,5,2,5631,5631,5633,0,2,2
1633,2,2,5633,5633,5635,0,2,0
1634,6,1,5639,5639,5640,0,1,4
1635,3,3,5642,5642,5645,0,3,2
1636,3,1,5645,5645,5646,0,1,0
1637,2,3,5647,5647,5650,0,3,1
1638,3,2,5650,5650,5652,0,2,0
1639,3,1,5653,5653,5654,0,1,1
1640,2,3,5655,5655,5658,0,3,1
1641,3,2,5658,5658,5660,0,2,0
1642,2,1,5660,5660,5661,0,1,0
1643,2,2,5662,5662,5664,0,2,1
1644,3,3,5665,5665,5668,0,3,1
1645,1,1,5666,5668,5669,2,3,0
1646,4,2,5670,5670,5672,0,2,1
1647,2,3,5672,5672,5675,0,3,0
1648,3,1,5675,5675,5676,0,1,0
1649,5,1,5680,5680,5681,0,1,4
1650,3,3,5683,5683,5686,0,3,2
1651,1,2,5684,5686,5688,2,4,0
1652,1,3,5685,5688,5691,3,6,0
1653,6,1,5691,5691,5692,0,1,0
1654,5,2,5696,5696,5698,0,2,4
1655,5,2,5701,5701,5703,0,2,3
1656,4,3,5705,5705,5708,0,3,2
1657,3,1,5708,5708,5709,0,1,0
1658,2,1,5710,5710,5711,0,1,1
1659,6,1,5716,5716,5717,0,1,5
1660,2,3,5718,5718,5721,0,3,1
1661,4,2,5722,5722,5724,0,2,1
1662,3,3,5725,5725,5728,0,3,1
1663,3,3,5728,5728,5731,0,3,0
1664,4,3,5732,5732,5735,0,3,1
1665,3,2,5735,5735,5737,0,2,0
1666,3,1,5738,5738,5739,0,1,1
1667,4,2,5742,5742,5744,0,2,3
1668,6,1,5748,5748,5749,0,1,4
1669,2,3,5750,5750,5753,0,3,1
1670,4,3,5754,5754,5757,0,3,1
1671,6,2,5760,5760,5762,0,2,3
1672,2,3,5762,5762,5765,0,3,0
1673,1,1,5763,5765,5766,2,3,0
1674,5,2,5768,5768,5770,0,2,2
1675,6,3,5774,5774,5777,0,3,4
1676,1,2,5775,5777,5779,2,4,0
1677,3,2,5778,5779,5781,1,3,0
1678,4,1,5782,5782,5783,0,1,1
1679,2,2,5784,5784,5786,0,2,1
1680,5,2,5789,5789,5791,0,2,3
1681,4,3,5793,5793,5796,0,3,2
1682,1,3,5794,5796,5799,2,5,0
1683,2,3,5796,5799,5802,3,6,0
1684,6,1,5802,5802,5803,0,1,0
1685,6,1,5808,5808,5809,0,1,5
1686,5,1,5813,5813,5814,0,1,4
1687,1,3,5814,5814,5817,0,3,0
1688,3,2,5817,5817,5819,0,2,0
1689,2,3,5819,5819,5822,0,3,0
1690,4,2,5823,5823,5825,0,2,1
1691,4,3,5827,5827,5830,0,3,2
1692,5,3,5832,5832,5835,0,3,2
1693,4,3,5836,5836,5839,0,3,1
1694,5,2,5841,5841,5843,0,2,2
1695,6,1,5847,5847,5848,0,1,4
1696,1,3,5848,5848,5851,0,3,0
1697,4,3,5852,5852,5855,0,3,1
1698,3,1,5855,5855,5856,0,1,0
1699,5,2,5860,5860,5862,0,2,4
1700,1,1,5861,5862,5863,1,2,0
1701,4,3,5865,5865,5868,0,3,2
1702,4,2,5869,5869,5871,0,2,1
1703,6,1,5875,5875,5876,0,1,4
1704,3,1,5878,5878,5879,0,1,2
1705,5,3,5883,5883,5886,0,3,4
1706,5,3,5888,5888,5891,0,3,2
1707,5,2,5893,5893,5895,0,2,2
1708,2,3,5895,5895,5898,0,3,0
1709,2,1,5897,5898,5899,1,2,0
1710,4,2,5901,5901,5903,0,2,2
1711,2,1,5903,5903,5904,0,1,0
1712,6,3,5909,5909,5912,0,3,5
1713,6,3,5915,5915,5918,0,3,3
1714,5,2,5920,5920,5922,0,2,2
1715,1,2,5921,5922,5924,1,3,0
1716,5,2,5926,5926,5928,0,2,2
1717,3,3,5929,5929,5932,0,3,1
1718,2,1,5931,5932,5933,1,2,0
1719,4,3,5935,5935,5938,0,3,2
1720,1,1,5936,5938,5939,2,3,0
1721,3,3,5939,5939,5942,0,3,0
1722,2,2,5941,5942,5944,1,3,0
1723,4,1,5945,5945,5946,0,1,1
1724,3,2,5948,5948,5950,0,2,2
1725,1,2,5949,5950,5952,1,3,0
1726,1,1,5950,5952,5953,2,3,0
1727,5,3,5955,5955,5958,0,3,2
1728,5,2,5960,5960,5962,0,2,2
1729,2,2,5962,5962,5964,0,2,0
1730,5,3,5967,5967,5970,0,3,3
1731,5,3,5972,5972,5975,0,3,2
1732,5,2,5977,5977,5979,0,2,2
1733,1,2,5978,5979,5981,1,3,0
1734,2,3,5980,5981,5984,1,4,0
1735,6,1,5986,5986,5987,0,1,2
1736,4,2,5990,5990,5992,0,2,3
1737,3,2,5993,5993,5995,0,2,1
1738,5,1,5998,5998,5999,0,1,3
1739,2,3,6000,6000,6003,0,3,1
1740,1,1,6001,6003,6004,2,3,0
1741,1,3,6002,6004,6007,2,5,0
1742,1,2,6003,6007,6009,4,6,0
1743,4,1,6007,6009,6010,2,3,0
1744,2,2,6009,6010,6012,1,3,0
1745,1,2,6010,6012,6014,2,4,0
1746,2,1,6012,6014,6015,2,3,0
1747,3,3,6015,6015,6018,0,3,0
1748,5,2,6020,6020,6022,0,2,2
1749,4,1,6024,6024,6025,0,1,2
1750,3,1,6027,6027,6028,0,1,2
1751,4,3,6031,6031,6034,0,3,3
1752,1,3,6032,6034,6037,2,5,0
1753,6,3,6038,6038,6041,0,3,1
1754,2,3,6040,6041,6044,1,4,0
1755,1,2,6041,6044,6046,3,5,0
1756,4,3,6045,6046,6049,1,4,0
1757,6,3,6051,6051,6054,0,3,2
1758,2,3,6053,6054,6057,1,4,0
1759,4,3,6057,6057,6060,0,3,0
1760,4,2,6061,6061,6063,0,2,1
1761,2,1,6063,6063,6064,0,1,0
1762,3,1,6066,6066,6067,0,1,2
1763,1,1,6067,6067,6068,0,1,0
1764,4,1,6071,6071,6072,0,1,3
1765,4,3,6075,6075,6078,0,3,3
1766,3,2,6078,6078,6080,0,2,0
1767,5,3,6083,6083,6086,0,3,3
1768,3,1,6086,6086,6087,0,1,0
1769,4,1,6090,6090,6091,0,1,3
1770,3,2,6093,6093,6095,0,2,2
1771,3,2,6096,6096,6098,0,2,1
1772,4,1,6100,6100,6101,0,1,2
1773,5,3,6105,6105,6108,0,3,4
1774,1,1,6106,6108,6109,2,3,0
1775,3,3,6109,6109,6112,0,3,0
1776,5,3,6114,6114,6117,0,3,2
1777,6,3,6120,6120,6123,0,3,3
1778,1,1,6121,6123,6124,2,3,0
1779,4,3,6125,6125,6128,0,3,1
1780,1,3,6126,6128,6131,2,5,0
1781,6,2,6132,6132,6134,0,2,1
1782,5,3,6137,6137,6140,0,3,3
1783,5,3,6142,6142,6145,0,3,2
1784,1,1,6143,6145,6146,2,3,0
1785,4,1,6147,6147,6148,0,1,1
1786,2,1,6149,6149,6150,0,1,1
1787,5,2,6154,6154,6156,0,2,4
1788,5,3,6159,6159,6162,0,3,3
1789,1,1,6160,6162,6163,2,3,0
1790,1,3,6161,6163,6166,2,5,0
1791,1,2,6162,6166,6168,4,6,0
1792,5,2,6167,6168,6170,1,3,0
1793,6,2,6173,6173,6175,0,2,3
1794,3,2,6176,6176,6178,0,2,1
1795,3,2,6179,6179,6181,0,2,1
1796,5,1,6184,6184,6185,0,1,3
1797,2,2,6186,6186,6188,0,2,1
1798,6,1,6192,6192,6193,0,1,4
1799,6,1,6198,6198,6199,0,1,5
1800,5,1,6203,6203,6204,0,1,4
1801,6,1,6209,6209,6210,0,1,5
1802,5,1,6214,6214,6215,0,1,4
1803,2,2,6216,6216,6218,0,2,1
1804,5,1,6221,6221,6222,0,1,3
1805,4,2,6225,6225,6227,0,2,3
1806,4,2,6229,6229,6231,0,2,2
1807,6,1,6235,6235,6236,0,1,4
1808,4,1,6239,6239,6240,0,1,3
1809,5,2,6244,6244,6246,0,2,4
1810,5,2,6249,6249,6251,0,2,3
1811,6,3,6255,6255,6258,0,3,4
1812,6,1,6261,6261,6262,0,1,3
1813,2,2,6263,6263,6265,0,2,1
1814,3,2,6266,6266,6268,0,2,1
1815,3,3,6269,6269,6272,0,3,1
1816,1,3,6270,6272,6275,2,5,0
1817,2,2,6272,6275,6277,3,5,0
1818,5,2,6277,6277,6279,0,2,0
1819,1,1,6278,6279,6280,1,2,0
1820,4,1,6282,6282,6283,0,1,2
1821,6,3,6288,6288,6291,0,3,5
1822,1,3,6289,6291,6294,2,5,0
1823,5,2,6294,6294,6296,0,2,0
1824,1,2,6295,6296,6298,1,3,0
1825,2,3,6297,6298,6301,1,4,0
1826,4,2,6301,6301,6303,0,2,0
1827,3,2,6304,6304,6306,0,2,1
1828,5,2,6309,6309,6311,0,2,3
1829,5,3,6314,6314,6317,0,3,3
1830,4,2,6318,6318,6320,0,2,1
1831,1,3,6319,6320,6323,1,4,0
1832,1,3,6320,6323,6326,3,6,0
1833,5,3,6325,6326,6329,1,4,0
1834,2,2,6327,6329,6331,2,4,0
1835,4,1,6331,6331,6332,0,1,0
1836,4,1,6335,6335,6336,0,1,3
1837,2,3,6337,6337,6340,0,3,1
1838,5,3,6342,6342,6345,0,3,2
1839,4,1,6346,6346,6347,0,1,1
1840,2,2,6348,6348,6350,0,2,1
1841,5,2,6353,6353,6355,0,2,3
1842,3,2,6356,6356,6358,0,2,1
1843,5,3,6361,6361,6364,0,3,3
1844,6,3,6367,6367,6370,0,3,3
1845,5,3,6372,6372,6375,0,3,2
1846,2,1,6374,6375,6376,1,2,0
1847,6,1,6380,6380,6381,0,1,4
1848,6,1,6386,6386,6387,0,1,5
1849,2,3,6388,6388,6391,0,3,1
1850,3,2,6391,6391,6393,0,2,0
1851,2,1,6393,6393,6394,0,1,0
1852,1,3,6394,6394,6397,0,3,0
1853,3,2,6397,6397,6399,0,2,0
1854,1,2,6398,6399,6401,1,3,0
1855,6,1,6404,6404,6405,0,1,3
1856,1,3,6405,6405,6408,0,3,0
1857,3,1,6408,6408,6409,0,1,0
1858,6,3,6414,6414,6417,0,3,5
1859,1,3,6415,6417,6420,2,5,0
1860,1,1,6416,6420,6421,4,5,0
1861,5,3,6421,6421,6424,0,3,0
1862,6,1,6427,6427,6428,0,1,3
1863,1,3,6428,6428,6431,0,3,0
1864,5,1,6433,6433,6434,0,1,2
1865,6,3,6439,6439,6442,0,3,5
1866,3,3,6442,6442,6445,0,3,0
1867,1,2,6443,6445,6447,2,4,0
1868,5,3,6448,6448,6451,0,3,1
1869,1,1,6449,6451,6452,2,3,0
1870,1,2,6450,6452,6454,2,4,0
1871,2,3,6452,6454,6457,2,5,0
1872,6,3,6458,6458,6461,0,3,1
1873,1,2,6459,6461,6463,2,4,0
1874,5,1,6464,6464,6465,0,1,1
1875,3,3,6467,6467,6470,0,3,2
1876,6,1,6473,6473,6474,0,1,3
1877,6,2,6479,6479,6481,0,2,5
1878,3,1,6482,6482,6483,0,1,1
1879,6,2,6488,6488,6490,0,2,5
1880,6,1,6494,6494,6495,0,1,4
1881,4,1,6498,6498,6499,0,1,3
1882,5,2,6503,6503,6505,0,2,4
1883,3,2,6506,6506,6508,0,2,1
1884,1,3,6507,6508,6511,1,4,0
1885,4,3,6511,6511,6514,0,3,0
1886,3,3,6514,6514,6517,0,3,0
1887,4,2,6518,6518,6520,0,2,1
1888,2,2,6520,6520,6522,0,2,0
1889,3,1,6523,6523,6524,0,1,1
1890,2,2,6525,6525,6527,0,2,1
1891,1,3,6526,6527,6530,1,4,0
1892,2,1,6528,6530,6531,2,3,0
1893,3,1,6531,6531,6532,0,1,0
1894,3,3,6534,6534,6537,0,3,2
1895,5,1,6539,6539,6540,0,1,2
1896,1,1,6540,6540,6541,0,1,0
1897,4,3,6544,6544,6547,0,3,3
1898,3,3,6547,6547,6550,0,3,0
1899,1,2,6548,6550,6552,2,4,0
1900,4,1,6552,6552,6553,0,1,0
1901,4,1,6556,6556,6557,0,1,3
1902,6,2,6562,6562,6564,0,2,5
1903,3,1,6565,6565,6566,0,1,1
1904,3,2,6568,6568,6570,0,2,2
1905,3,2,6571,6571,6573,0,2,1
1906,1,2,6572,6573,6575,1,3,0
1907,2,3,6574,6575,6578,1,4,0
1908,1,3,6575,6578,6581,3,6,0
1909,5,3,6580,6581,6584,1,4,0
1910,6,2,6586,6586,6588,0,2,2
1911,6,3,6592,6592,6595,0,3,4
1912,6,2,6598,6598,6600,0,2,3
1913,3,1,6601,6601,6602,0,1,1
1914,5,3,6606,6606,6609,0,3,4
1915,3,1,6609,6609,6610,0,1,0
1916,6,1,6615,6615,6616,0,1,5
1917,1,3,6616,6616,6619,0,3,0
1918,5,3,6621,6621,6624,0,3,2
1919,3,1,6624,6624,6625,0,1,0
1920,4,3,6628,6628,6631,0,3,3
1921,2,3,6630,6631,6634,1,4,0
1922,6,2,6636,6636,6638,0,2,2
1923,4,1,6640,6640,6641,0,1,2
1924,5,2,6645,6645,6647,0,2,4
1925,4,1,6649,6649,6650,0,1,2
1926,2,3,6651,6651,6654,0,3,1
1927,3,1,6654,6654,6655,0,1,0
1928,6,3,6660,6660,6663,0,3,5
1929,4,3,6664,6664,6667,0,3,1
1930,3,1,6667,6667,6668,0,1,0
1931,3,3,6670,6670,6673,0,3,2
1932,6,1,6676,6676,6677,0,1,3
1933,4,3,6680,6680,6683,0,3,3
1934,3,2,6683,6683,6685,0,2,0
1935,4,3,6687,6687,6690,0,3,2
1936,5,2,6692,6692,6694,0,2,2
1937,1,2,6693,6694,6696,1,3,0
1938,3,1,6696,6696,6697,0,1,0
1939,1,3,6697,6697,6700,0,3,0
1940,3,3,6700,6700,6703,0,3,0
1941,6,2,6706,6706,6708,0,2,3
1942,6,3,6712,6712,6715,0,3,4
1943,4,3,6716,6716,6719,0,3,1
1944,4,3,6720,6720,6723,0,3,1
1945,4,1,6724,6724,6725,0,1,1
1946,6,2,6730,6730,6732,0,2,5
1947,1,1,6731,6732,6733,1,2,0
1948,6,1,6737,6737,6738,0,1,4
1949,2,1,6739,6739,6740,0,1,1
1950,4,3,6743,6743,6746,0,3,3
1951,3,2,6746,6746,6748,0,2,0
1952,6,2,6752,6752,6754,0,2,4
1953,6,3,6758,6758,6761,0,3,4
1954,3,2,6761,6761,6763,0,2,0
1955,4,2,6765,6765,6767,0,2,2
1956,2,1,6767,6767,6768,0,1,0
1957,4,3,6771,6771,6774,0,3,3
1958,5,3,6776,6776,6779,0,3,2
1959,6,1,6782,6782,6783,0,1,3
1960,1,1,6783,6783,6784,0,1,0
1961,6,2,6789,6789,6791,0,2,5
1962,5,1,6794,6794,6795,0,1,3
1963,2,2,6796,6796,6798,0,2,1
1964,6,1,6802,6802,6803,0,1,4
1965,4,1,6806,6806,6807,0,1,3
1966,6,2,6812,6812,6814,0,2,5
1967,6,3,6818,6818,6821,0,3,4
1968,1,3,6819,6821,6824,2,5,0
1969,5,1,6824,6824,6825,0,1,0
1970,3,1,6827,6827,6828,0,1,2
1971,3,1,6830,6830,6831,0,1,2
1972,3,1,6833,6833,6834,0,1,2
1973,4,1,6837,6837,6838,0,1,3
1974,5,2,6842,6842,6844,0,2,4
1975,4,1,6846,6846,6847,0,1,2
1976,6,2,6852,6852,6854,0,2,5
1977,3,1,6855,6855,6856,0,1,1
1978,6,3,6861,6861,6864,0,3,5
1979,4,3,6865,6865,6868,0,3,1
1980,6,3,6871,6871,6874,0,3,3
1981,5,1,6876,6876,6877,0,1,2
1982,1,1,6877,6877,6878,0,1,0
1983,4,1,6881,6881,6882,0,1,3
1984,1,3,6882,6882,6885,0,3,0
1985,4,3,6886,6886,6889,0,3,1
1986,5,1,6891,6891,6892,0,1,2
1987,1,3,6892,6892,6895,0,3,0
1988,3,1,6895,6895,6896,0,1,0
1989,4,1,6899,6899,6900,0,1,3
1990,5,1,6904,6904,6905,0,1,4
1991,4,3,6908,6908,6911,0,3,3
1992,2,2,6910,6911,6913,1,3,0
1993,1,3,6911,6913,6916,2,5,0
1994,4,3,6915,6916,6919,1,4,0
1995,3,2,6918,6919,6921,1,3,0
1996,4,1,6922,6922,6923,0,1,1
1997,6,2,6928,6928,6930,0,2,5
1998,6,1,6934,6934,6935,0,1,4
1999,3,2,6937,6937,6939,0,2,2
2000,4,2,6941,6941,6943,0,2,2
2001,3,2,6944,6944,6946,0,2,1
2002,1,3,6945,6946,6949,1,4,0
2003,3,1,6948,6949,6950,1,2,0
2004,3,3,6951,6951,6954,0,3,1
2005,4,2,6955,6955,6957,0,2,1
2006,2,1,6957,6957,6958,0,1,0
2007,1,3,6958,6958,6961,0,3,0
2008,6,2,6964,6964,6966,0,2,3
2009,3,1,6967,6967,6968,0,1,1
2010,1,2,6968,6968,6970,0,2,0
2011,1,1,6969,6970,6971,1,2,0
2012,6,2,6975,6975,6977,0,2,4
2013,3,2,6978,6978,6980,0,2,1
2014,3,1,6981,6981,6982,0,1,1
2015,5,3,6986,6986,6989,0,3,4
2016,2,3,6988,6989,6992,1,4,0
2017,6,1,6994,6994,6995,0,1,2
2018,5,1,6999,6999,7000,0,1,4
2019,6,2,7005,7005,7007,0,2,5
2020,3,3,7008,7008,7011,0,3,1
2021,1,3,7009,7011,7014,2,5,0
2022,4,1,7013,7014,7015,1,2,0
2023,5,3,7018,7018,7021,0,3,3
2024,4,3,7022,7022,7025,0,3,1
2025,4,1,7026,7026,7027,0,1,1
2026,5,3,7031,7031,7034,0,3,4
2027,6,2,7037,7037,7039,0,2,3
2028,5,2,7042,7042,7044,0,2,3
2029,4,2,7046,7046,7048,0,2,2
2030,2,3,7048,7048,7051,0,3,0
2031,6,2,7054,7054,7056,0,2,3
2032,3,1,7057,7057,7058,0,1,1
2033,3,1,7060,7060,7061,0,1,2
2034,6,2,7066,7066,7068,0,2,5
2035,2,3,7068,7068,7071,0,3,0
2036,4,1,7072,7072,7073,0,1,1
2037,2,2,7074,7074,7076,0,2,1
2038,3,1,7077,7077,7078,0,1,1
2039,3,2,7080,7080,7082,0,2,2
2040,5,3,7085,7085,7088,0,3,3
2041,5,2,7090,7090,7092,0,2,2
2042,5,3,7095,7095,7098,0,3,3
2043,5,1,7100,7100,7101,0,1,2
2044,3,2,7103,7103,7105,0,2,2
2045,4,3,7107,7107,7110,0,3,2
2046,6,2,7113,7113,7115,0,2,3
2047,2,3,7115,7115,7118,0,3,0
2048,3,2,7118,7118,7120,0,2,0
2049,6,1,7124,7124,7125,0,1,4
2050,1,1,7125,7125,7126,0,1,0
2051,1,1,7126,7126,7127,0,1,0
2052,4,1,7130,7130,7131,0,1,3
2053,6,3,7136,7136,7139,0,3,5
2054,5,2,7141,7141,7143,0,2,2
2055,3,1,7144,7144,7145,0,1,1
2056,5,3,7149,7149,7152,0,3,4
2057,2,1,7151,7152,7153,1,2,0
2058,6,1,7157,7157,7158,0,1,4
2059,4,2,7161,7161,7163,0,2,3
2060,3,1,7164,7164,7165,0,1,1
2061,5,1,7169,7169,7170,0,1,4
2062,4,3,7173,7173,7176,0,3,3
2063,3,2,7176,7176,7178,0,2,0
2064,5,2,7181,7181,7183,0,2,3
2065,2,3,7183,7183,7186,0,3,0
2066,6,2,7189,7189,7191,0,2,3
2067,1,1,7190,7191,7192,1,2,0
2068,5,2,7195,7195,7197,0,2,3
2069,1,1,7196,7197,7198,1,2,0
2070,6,1,7202,7202,7203,0,1,4
2071,1,1,7203,7203,7204,0,1,0
2072,3,3,7206,7206,7209,0,3,2
2073,5,2,7211,7211,7213,0,2,2
2074,3,2,7214,7214,7216,0,2,1
2075,4,3,7218,7218,7221,0,3,2
2076,5,2,7223,7223,7225,0,2,2
2077,4,2,7227,7227,7229,0,2,2
2078,3,3,7230,7230,7233,0,3,1
2079,1,3,7231,7233,7236,2,5,0
2080,4,3,7235,7236,7239,1,4,0
2081,6,2,7241,7241,7243,0,2,2
2082,1,3,7242,7243,7246,1,4,0
2083,2,1,7244,7246,7247,2,3,0
2084,3,1,7247,7247,7248,0,1,0
2085,2,3,7249,7249,7252,0,3,1
2086,6,1,7255,7255,7256,0,1,3
2087,1,2,7256,7256,7258,0,2,0
2088,3,1,7259,7259,7260,0,1,1
2089,5,3,7264,7264,7267,0,3,4
2090,6,1,7270,7270,7271,0,1,3
2091,3,3,7273,7273,7276,0,3,2
2092,5,1,7278,7278,7279,0,1,2
2093,3,2,7281,7281,7283,0,2,2
2094,2,1,7283,7283,7284,0,1,0
2095,5,3,7288,7288,7291,0,3,4
2096,5,3,7293,7293,7296,0,3,2
2097,1,2,7294,7296,7298,2,4,0
2098,3,1,7297,7298,7299,1,2,0
2099,2,2,7299,7299,7301,0,2,0
2100,4,3,7303,7303,7306,0,3,2
2101,5,1,7308,7308,7309,0,1,2
2102,1,1,7309,7309,7310,0,1,0
2103,5,1,7314,7314,7315,0,1,4
2104,5,3,7319,7319,7322,0,3,4
2105,5,2,7324,7324,7326,0,2,2
2106,1,2,7325,7326,7328,1,3,0
2107,2,1,7327,7328,7329,1,2,0
2108,6,3,7333,7333,7336,0,3,4
2109,3,3,7336,7336,7339,0,3,0
2110,2,1,7338,7339,7340,1,2,0
2111,3,1,7341,7341,7342,0,1,1
2112,4,1,7345,7345,7346,0,1,3
2113,1,1,7346,7346,7347,0,1,0
2114,6,2,7352,7352,7354,0,2,5
2115,5,1,7357,7357,7358,0,1,3
2116,2,2,7359,7359,7361,0,2,1
2117,5,3,7364,7364,7367,0,3,3
2118,2,2,7366,7367,7369,1,3,0
2119,6,1,7372,7372,7373,0,1,3
2120,1,3,7373,7373,7376,0,3,0
2121,2,3,7375,7376,7379,1,4,0
2122,1,3,7376,7379,7382,3,6,0
2123,6,1,7382,7382,7383,0,1,0
2124,6,1,7388,7388,7389,0,1,5
2125,3,2,7391,7391,7393,0,2,2
2126,6,2,7397,7397,7399,0,2,4
2127,1,3,7398,7399,7402,1,4,0
2128,2,2,7400,7402,7404,2,4,0
2129,2,3,7402,7404,7407,2,5,0
2130,2,1,7404,7407,7408,3,4,0
2131,1,3,7405,7408,7411,3,6,0
2132,4,3,7409,7411,7414,2,5,0
2133,5,1,7414,7414,7415,0,1,0
2134,2,1,7416,7416,7417,0,1,1
2135,6,2,7422,7422,7424,0,2,5
2136,4,2,7426,7426,7428,0,2,2
2137,2,2,7428,7428,7430,0,2,0
2138,6,3,7434,7434,7437,0,3,4
2139,1,1,7435,7437,7438,2,3,0
2140,1,1,7436,7438,7439,2,3,0
2141,1,2,7437,7439,7441,2,4,0
2142,3,1,7440,7441,7442,1,2,0
2143,3,3,7443,7443,7446,0,3,1
2144,3,1,7446,7446,7447,0,1,0
2145,1,1,7447,7447,7448,0,1,0
2146,6,2,7453,7453,7455,0,2,5
2147,2,1,7455,7455,7456,0,1,0
2148,6,3,7461,7461,7464,0,3,5
2149,6,1,7467,7467,7468,0,1,3
2150,5,3,7472,7472,7475,0,3,4
2151,1,1,7473,7475,7476,2,3,0
2152,1,3,7474,7476,7479,2,5,0
2153,6,2,7480,7480,7482,0,2,1
2154,3,2,7483,7483,7485,0,2,1
2155,6,1,7489,7489,7490,0,1,4
2156,1,2,7490,7490,7492,0,2,0
2157,6,1,7496,7496,7497,0,1,4
2158,5,3,7501,7501,7504,0,3,4
2159,5,3,7506,7506,7509,0,3,2
2160,2,2,7508,7509,7511,1,3,0
2161,4,3,7512,7512,7515,0,3,1
2162,6,2,7518,7518,7520,0,2,3
2163,4,2,7522,7522,7524,0,2,2
2164,3,2,7525,7525,7527,0,2,1
2165,4,2,7529,7529,7531,0,2,2
2166,2,3,7531,7531,7534,0,3,0
2167,4,1,7535,7535,7536,0,1,1
2168,3,1,7538,7538,7539,0,1,2
2169,2,1,7540,7540,7541,0,1,1
2170,6,1,7546,7546,7547,0,1,5
2171,4,3,7550,7550,7553,0,3,3
2172,3,3,7553,7553,7556,0,3,0
2173,5,1,7558,7558,7559,0,1,2
2174,6,1,7564,7564,7565,0,1,5
2175,6,2,7570,7570,7572,0,2,5
2176,1,2,7571,7572,7574,1,3,0
2177,3,1,7574,7574,7575,0,1,0
2178,6,1,7580,7580,7581,0,1,5
2179,3,3,7583,7583,7586,0,3,2
2180,4,2,7587,7587,7589,0,2,1
2181,4,3,7591,7591,7594,0,3,2
2182,1,1,7592,7594,7595,2,3,0
2183,5,3,7597,7597,7600,0,3,2
2184,5,1,7602,7602,7603,0,1,2
2185,6,1,7608,7608,7609,0,1,5
2186,6,2,7614,7614,7616,0,2,5
2187,4,2,7618,7618,7620,0,2,2
2188,1,1,7619,7620,7621,1,2,0
2189,5,1,7624,7624,7625,0,1,3
2190,3,2,7627,7627,7629,0,2,2
2191,6,1,7633,7633,7634,0,1,4
2192,4,1,7637,7637,7638,0,1,3
2193,3,1,7640,7640,7641,0,1,2
2194,4,3,7644,7644,7647,0,3,3
2195,3,3,7647,7647,7650,0,3,0
2196,6,2,7653,7653,7655,0,2,3
2197,2,2,7655,7655,7657,0,2,0
2198,4,3,7659,7659,7662,0,3,2
2199,5,1,7664,7664,7665,0,1,2
2200,2,2,7666,7666,7668,0,2,1
2201,1,1,7667,7668,7669,1,2,0
2202,3,1,7670,7670,7671,0,1,1
2203,1,2,7671,7671,7673,0,2,0
2204,1,3,7672,7673,7676,1,4,0
2205,4,1,7676,7676,7677,0,1,0
2206,2,3,7678,7678,7681,0,3,1
2207,1,3,7679,7681,7684,2,5,0
2208,3,1,7682,7684,7685,2,3,0
2209,1,3,7683,7685,7688,2,5,0
2210,5,2,7688,7688,7690,0,2,0
2211,1,3,7689,7690,7693,1,4,0
2212,5,1,7694,7694,7695,0,1,1
2213,3,1,7697,7697,7698,0,1,2
2214,3,2,7700,7700,7702,0,2,2
2215,6,3,7706,7706,7709,0,3,4
2216,6,2,7712,7712,7714,0,2,3
2217,6,3,7718,7718,7721,0,3,4
2218,5,2,7723,7723,7725,0,2,2
2219,3,1,7726,7726,7727,0,1,1
2220,5,3,7731,7731,7734,0,3,4
2221,4,2,7735,7735,7737,0,2,1
2222,5,1,7740,7740,7741,0,1,3
2223,4,3,7744,7744,7747,0,3,3
2224,4,3,7748,7748,7751,0,3,1
2225,4,1,7752,7752,7753,0,1,1
2226,2,1,7754,7754,7755,0,1,1
2227,4,3,7758,7758,7761,0,3,3
2228,3,1,7761,7761,7762,0,1,0
2229,6,1,7767,7767,7768,0,1,5
2230,3,1,7770,7770,7771,0,1,2
2231,6,1,7776,7776,7777,0,1,5
2232,2,1,7778,7778,7779,0,1,1
2233,2,3,7780,7780,7783,0,3,1
2234,2,1,7782,7783,7784,1,2,0
2235,3,3,7785,7785,7788,0,3,1
2236,5,2,7790,7790,7792,0,2,2
2237,6,3,7796,7796,7799,0,3,4
2238,4,1,7800,7800,7801,0,1,1
2239,3,3,7803,7803,7806,0,3,2
2240,2,2,7805,7806,7808,1,3,0
2241,1,3,7806,7808,7811,2,5,0
2242,3,3,7809,7811,7814,2,5,0
2243,6,2,7815,7815,7817,0,2,1
2244,2,3,7817,7817,7820,0,3,0
2245,3,2,7820,7820,7822,0,2,0
2246,5,1,7825,7825,7826,0,1,3
2247,5,2,7830,7830,7832,0,2,4
2248,3,3,7833,7833,7836,0,3,1
2249,5,1,7838,7838,7839,0,1,2
2250,1,3,7839,7839,7842,0,3,0
2251,6,1,7845,7845,7846,0,1,3
2252,6,3,7851,7851,7854,0,3,5
2253,1,2,7852,7854,7856,2,4,0
2254,3,3,7855,7856,7859,1,4,0
2255,5,3,7860,7860,7863,0,3,1
2256,2,1,7862,7863,7864,1,2,0
2257,6,2,7868,7868,7870,0,2,4
2258,5,1,7873,7873,7874,0,1,3
2259,2,2,7875,7875,7877,0,2,1
2260,6,3,7881,7881,7884,0,3,4
2261,3,1,7884,7884,7885,0,1,0
2262,1,3,7885,7885,7888,0,3,0
2263,4,1,7889,7889,7890,0,1,1
2264,6,3,7895,7895,7898,0,3,5
2265,3,3,7898,7898,7901,0,3,0
2266,1,3,7899,7901,7904,2,5,0
2267,2,1,7901,7904,7905,3,4,0
2268,2,3,7903,7905,7908,2,5,0
2269,4,1,7907,7908,7909,1,2,0
2270,6,2,7913,7913,7915,0,2,4
2271,2,1,7915,7915,7916,0,1,0
2272,1,3,7916,7916,7919,0,3,0
2273,2,3,7918,7919,7922,1,4,0
2274,2,3,7920,7922,7925,2,5,0
2275,2,1,7922,7925,7926,3,4,0
2276,4,3,7926,7926,7929,0,3,0
2277,5,2,7931,7931,7933,0,2,2
2278,2,1,7933,7933,7934,0,1,0
2279,4,2,7937,7937,7939,0,2,3
2280,3,1,7940,7940,7941,0,1,1
2281,6,3,7946,7946,7949,0,3,5
2282,1,1,7947,7949,7950,2,3,0
2283,1,2,7948,7950,7952,2,4,0
2284,5,3,7953,7953,7956,0,3,1
2285,6,2,7959,7959,7961,0,2,3
2286,5,2,7964,7964,7966,0,2,3
2287,2,1,7966,7966,7967,0,1,0
2288,1,3,7967,7967,7970,0,3,0
2289,2,1,7969,7970,7971,1,2,0
2290,5,1,7974,7974,7975,0,1,3
2291,4,1,7978,7978,7979,0,1,3
2292,1,3,7979,7979,7982,0,3,0
2293,6,1,7985,7985,7986,0,1,3
2294,3,1,7988,7988,7989,0,1,2
2295,1,1,7989,7989,7990,0,1,0
2296,6,3,7995,7995,7998,0,3,5
2297,1,3,7996,7998,8001,2,5,0
2298,3,2,7999,8001,8003,2,4,0
2299,5,1,8004,8004,8005,0,1,1
2300,1,3,8005,8005,8008,0,3,0
2301,2,1,8007,8008,8009,1,2,0
2302,2,1,8009,8009,8010,0,1,0
2303,3,3,8012,8012,8015,0,3,2
2304,6,3,8018,8018,8021,0,3,3
2305,2,3,8020,8021,8024,1,4,0
2306,3,1,8023,8024,8025,1,2,0
2307,3,2,8026,8026,8028,0,2,1
2308,4,3,8030,8030,8033,0,3,2
2309,3,2,8033,8033,8035,0,2,0
2310,2,3,8035,8035,8038,0,3,0
2311,3,1,8038,8038,8039,0,1,0
2312,4,1,8042,8042,8043,0,1,3
2313,6,2,8048,8048,8050,0,2,5
2314,5,3,8053,8053,8056,0,3,3
2315,3,1,8056,8056,8057,0,1,0
2316,5,3,8061,8061,8064,0,3,4
2317,4,1,8065,8065,8066,0,1,1
2318,5,1,8070,8070,8071,0,1,4
2319,4,3,8074,8074,8077,0,3,3
2320,1,3,8075,8077,8080,2,5,0
2321,1,1,8076,8080,8081,4,5,0
2322,2,3,8078,8081,8084,3,6,0
2323,5,3,8083,8084,8087,1,4,0
2324,6,1,8089,8089,8090,0,1,2
2325,3,3,8092,8092,8095,0,3,2
2326,4,3,8096,8096,8099,0,3,1
2327,2,1,8098,8099,8100,1,2,0
2328,4,1,8102,8102,8103,0,1,2
2329,6,3,8108,8108,8111,0,3,5
2330,1,1,8109,8111,8112,2,3,0
2331,5,1,8114,8114,8115,0,1,2
2332,6,2,8120,8120,8122,0,2,5
2333,1,3,8121,8122,8125,1,4,0
2334,6,1,8127,8127,8128,0,1,2
2335,1,1,8128,8128,8129,0,1,0
2336,4,1,8132,8132,8133,0,1,3
2337,6,2,8138,8138,8140,0,2,5
2338,4,2,8142,8142,8144,0,2,2
2339,1,2,8143,8144,8146,1,3,0
2340,4,1,8147,8147,8148,0,1,1
2341,3,2,8150,8150,8152,0,2,2
2342,6,2,8156,8156,8158,0,2,4
2343,4,2,8160,8160,8162,0,2,2
2344,5,1,8165,8165,8166,0,1,3
2345,4,3,8169,8169,8172,0,3,3
2346,1,1,8170,8172,8173,2,3,0
2347,2,1,8172,8173,8174,1,2,0
2348,1,3,8173,8174,8177,1,4,0
2349,4,2,8177,8177,8179,0,2,0
2350,2,1,8179,8179,8180,0,1,0
2351,4,1,8183,8183,8184,0,1,3
2352,5,3,8188,8188,8191,0,3,4
2353,6,1,8194,8194,8195,0,1,3
2354,1,1,8195,8195,8196,0,1,0
2355,4,2,8199,8199,8201,0,2,3
2356,1,2,8200,8201,8203,1,3,0
2357,1,3,8201,8203,8206,2,5,0
2358,3,1,8204,8206,8207,2,3,0
2359,6,2,8210,8210,8212,0,2,3
2360,6,1,8216,8216,8217,0,1,4
2361,4,2,8220,8220,8222,0,2,3
2362,6,2,8226,8226,8228,0,2,4
2363,5,1,8231,8231,8232,0,1,3
2364,2,2,8233,8233,8235,0,2,1
2365,1,2,8234,8235,8237,1,3,0
2366,6,2,8240,8240,8242,0,2,3
2367,3,3,8243,8243,8246,0,3,1
2368,3,1,8246,8246,8247,0,1,0
2369,4,3,8250,8250,8253,0,3,3
2370,5,2,8255,8255,8257,0,2,2
2371,4,1,8259,8259,8260,0,1,2
2372,6,2,8265,8265,8267,0,2,5
2373,1,3,8266,8267,8270,1,4,0
2374,6,1,8272,8272,8273,0,1,2
2375,2,3,8274,8274,8277,0,3,1
2376,1,2,8275,8277,8279,2,4,0
2377,6,1,8281,8281,8282,0,1,2
2378,5,2,8286,8286,8288,0,2,4
2379,1,2,8287,8288,8290,1,3,0
2380,3,3,8290,8290,8293,0,3,0
2381,1,1,8291,8293,8294,2,3,0
2382,1,1,8292,8294,8295,2,3,0
2383,1,2,8293,8295,8297,2,4,0
2384,1,1,8294,8297,8298,3,4,0
2385,2,3,8296,8298,8301,2,5,0
2386,5,1,8301,8301,8302,0,1,0
2387,4,2,8305,8305,8307,0,2,3
2388,6,2,8311,8311,8313,0,2,4
2389,5,2,8316,8316,8318,0,2,3
2390,3,1,8319,8319,8320,0,1,1
2391,6,3,8325,8325,8328,0,3,5
2392,1,2,8326,8328,8330,2,4,0
2393,6,3,8332,8332,8335,0,3,2
2394,1,1,8333,8335,8336,2,3,0
2395,6,2,8339,8339,8341,0,2,3
2396,3,3,8342,8342,8345,0,3,1
2397,4,3,8346,8346,8349,0,3,1
2398,3,1,8349,8349,8350,0,1,0
2399,6,2,8355,8355,8357,0,2,5
2400,1,1,8356,8357,8358,1,2,0
2401,5,3,8361,8361,8364,0,3,3
2402,1,3,8362,8364,8367,2,5,0
2403,2,1,8364,8367,8368,3,4,0
2404,4,2,8368,8368,8370,0,2,0
2405,4,3,8372,8372,8375,0,3,2
2406,4,1,8376,8376,8377,0,1,1
2407,2,1,8378,8378,8379,0,1,1
2408,6,3,8384,8384,8387,0,3,5
2409,6,3,8390,8390,8393,0,3,3
2410,2,3,8392,8393,8396,1,4,0
2411,2,3,8394,8396,8399,2,5,0
2412,5,3,8399,8399,8402,0,3,0
2413,6,2,8405,8405,8407,0,2,3
2414,6,1,8411,8411,8412,0,1,4
2415,5,3,8416,8416,8419,0,3,4
2416,4,3,8420,8420,8423,0,3,1
2417,5,1,8425,8425,8426,0,1,2
2418,2,2,8427,8427,8429,0,2,1
2419,2,2,8429,8429,8431,0,2,0
2420,2,3,8431,8431,8434,0,3,0
2421,1,1,8432,8434,8435,2,3,0
2422,3,1,8435,8435,8436,0,1,0
2423,3,1,8438,8438,8439,0,1,2
2424,2,3,8440,8440,8443,0,3,1
2425,3,3,8443,8443,8446,0,3,0
2426,2,2,8445,8446,8448,1,3,0
2427,4,3,8449,8449,8452,0,3,1
2428,4,2,8453,8453,8455,0,2,1
2429,4,3,8457,8457,8460,0,3,2
2430,4,2,8461,8461,8463,0,2,1
2431,4,3,8465,8465,8468,0,3,2
2432,6,1,8471,8471,8472,0,1,3
2433,3,3,8474,8474,8477,0,3,2
2434,2,2,8476,8477,8479,1,3,0
2435,4,1,8480,8480,8481,0,1,1
2436,6,3,8486,8486,8489,0,3,5
2437,4,3,8490,8490,8493,0,3,1
2438,6,2,8496,8496,8498,0,2,3
2439,6,1,8502,8502,8503,0,1,4
2440,5,1,8507,8507,8508,0,1,4
2441,1,2,8508,8508,8510,0,2,0
2442,3,3,8511,8511,8514,0,3,1
2443,5,1,8516,8516,8517,0,1,2
2444,5,3,8521,8521,8524,0,3,4
2445,3,3,8524,8524,8527,0,3,0
2446,5,2,8529,8529,8531,0,2,2
2447,5,2,8534,8534,8536,0,2,3
2448,2,1,8536,8536,8537,0,1,0
2449,1,2,8537,8537,8539,0,2,0
2450,2,2,8539,8539,8541,0,2,0
2451,3,1,8542,8542,8543,0,1,1
2452,2,3,8544,8544,8547,0,3,1
2453,6,3,8550,8550,8553,0,3,3
2454,4,3,8554,8554,8557,0,3,1
2455,5,2,8559,8559,8561,0,2,2
2456,4,3,8563,8563,8566,0,3,2
2457,3,1,8566,8566,8567,0,1,0
2458,4,3,8570,8570,8573,0,3,3
2459,4,1,8574,8574,8575,0,1,1
2460,3,2,8577,8577,8579,0,2,2
2461,4,2,8581,8581,8583,0,2,2
2462,2,1,8583,8583,8584,0,1,0
2463,3,1,8586,8586,8587,0,1,2
2464,1,2,8587,8587,8589,0,2,0
2465,4,3,8591,8591,8594,0,3,2
2466,2,3,8593,8594,8597,1,4,0
2467,6,1,8599,8599,8600,0,1,2
2468,6,1,8605,8605,8606,0,1,5
2469,6,1,8611,8611,8612,0,1,5
2470,3,3,8614,8614,8617,0,3,2
2471,5,1,8619,8619,8620,0,1,2
2472,4,1,8623,8623,8624,0,1,3
2473,4,1,8627,8627,8628,0,1,3
2474,6,1,8633,8633,8634,0,1,5
2475,4,3,8637,8637,8640,0,3,3
2476,2,1,8639,8640,8641,1,2,0
2477,5,3,8644,8644,8647,0,3,3
2478,4,3,8648,8648,8651,0,3,1
2479,4,1,8652,8652,8653,0,1,1
2480,2,2,8654,8654,8656,0,2,1
2481,6,3,8660,8660,8663,0,3,4
2482,6,3,8666,8666,8669,0,3,3
2483,2,1,8668,8669,8670,1,2,0
2484,3,1,8671,8671,8672,0,1,1
2485,2,3,8673,8673,8676,0,3,1
2486,6,3,8679,8679,8682,0,3,3
2487,4,1,8683,8683,8684,0,1,1
2488,3,1,8686,8686,8687,0,1,2
2489,2,3,8688,8688,8691,0,3,1
2490,2,2,8690,8691,8693,1,3,0
2491,5,2,8695,8695,8697,0,2,2
2492,1,2,8696,8697,8699,1,3,0
2493,6,1,8702,8702,8703,0,1,3
2494,5,2,8707,8707,8709,0,2,4
2495,1,2,8708,8709,8711,1,3,0
2496,5,3,8713,8713,8716,0,3,2
2497,4,1,8717,8717,8718,0,1,1
2498,2,1,8719,8719,8720,0,1,1
2499,2,3,8721,8721,8724,0,3,1
2500,4,3,8725,8725,8728,0,3,1
2501,2,2,8727,8728,8730,1,3,0
2502,3,1,8730,8730,8731,0,1,0
2503,4,3,8734,8734,8737,0,3,3
2504,1,2,8735,8737,8739,2,4,0
2505,1,2,8736,8739,8741,3,5,0
2506,3,1,8739,8741,8742,2,3,0
2507,5,2,8744,8744,8746,0,2,2
2508,6,2,8750,8750,8752,0,2,4
2509,3,2,8753,8753,8755,0,2,1
2510,4,3,8757,8757,8760,0,3,2
2511,3,1,8760,8760,8761,0,1,0
2512,2,2,8762,8762,8764,0,2,1
2513,5,3,8767,8767,8770,0,3,3
2514,3,1,8770,8770,8771,0,1,0
2515,4,1,8774,8774,8775,0,1,3
2516,4,3,8778,8778,8781,0,3,3
2517,6,1,8784,8784,8785,0,1,3
2518,4,2,8788,8788,8790,0,2,3
2519,1,2,8789,8790,8792,1,3,0
2520,5,1,8794,8794,8795,0,1,2
2521,3,2,8797,8797,8799,0,2,2
2522,5,2,8802,8802,8804,0,2,3
2523,6,2,8808,8808,8810,0,2,4
2524,6,3,8814,8814,8817,0,3,4
2525,5,2,8819,8819,8821,0,2,2
2526,1,3,8820,8821,8824,1,4,0
2527,2,3,8822,8824,8827,2,5,0
2528,1,1,8823,8827,8828,4,5,0
2529,3,1,8826,8828,8829,2,3,0
2530,1,2,8827,8829,8831,2,4,0
2531,5,1,8832,8832,8833,0,1,1
2532,3,2,8835,8835,8837,0,2,2
2533,1,3,8836,8837,8840,1,4,0
2534,3,3,8839,8840,8843,1,4,0
2535,1,3,8840,8843,8846,3,6,0
2536,2,2,8842,8846,8848,4,6,0
2537,6,3,8848,8848,8851,0,3,0
2538,1,1,8849,8851,8852,2,3,0
2539,2,3,8851,8852,8855,1,4,0
2540,2,3,8853,8855,8858,2,5,0
2541,2,2,8855,8858,8860,3,5,0
2542,3,1,8858,8860,8861,2,3,0
2543,1,2,8859,8861,8863,2,4,0
2544,6,3,8865,8865,8868,0,3,2
2545,2,3,8867,8868,8871,1,4,0
2546,3,1,8870,8871,8872,1,2,0
2547,1,3,8871,8872,8875,1,4,0
2548,4,3,8875,8875,8878,0,3,0
2549,6,2,8881,8881,8883,0,2,3
2550,6,3,8887,8887,8890,0,3,4
2551,6,2,8893,8893,8895,0,2,3
2552,6,3,8899,8899,8902,0,3,4
2553,2,1,8901,8902,8903,1,2,0
2554,6,1,8907,8907,8908,0,1,4
2555,2,3,8909,8909,8912,0,3,1
2556,4,1,8913,8913,8914,0,1,1
2557,3,1,8916,8916,8917,0,1,2
2558,3,2,8919,8919,8921,0,2,2
2559,6,3,8925,8925,8928,0,3,4
2560,5,2,8930,8930,8932,0,2,2
2561,2,3,8932,8932,8935,0,3,0
2562,2,3,8934,8935,8938,1,4,0
2563,1,1,8935,8938,8939,3,4,0
2564,1,3,8936,8939,8942,3,6,0
2565,5,1,8941,8942,8943,1,2,0
2566,3,1,8944,8944,8945,0,1,1
2567,4,3,8948,8948,8951,0,3,3
2568,5,3,8953,8953,8956,0,3,2
2569,6,3,8959,8959,8962,0,3,3
2570,2,1,8961,8962,8963,1,2,0
2571,5,2,8966,8966,8968,0,2,3
2572,5,1,8971,8971,8972,0,1,3
2573,5,2,8976,8976,8978,0,2,4
2574,5,2,8981,8981,8983,0,2,3
2575,2,1,8983,8983,8984,0,1,0
2576,4,1,8987,8987,8988,0,1,3
2577,5,1,8992,8992,8993,0,1,4
2578,3,1,8995,8995,8996,0,1,2
2579,1,1,8996,8996,8997,0,1,0
2580,4,2,9000,9000,9002,0,2,3
2581,6,1,9006,9006,9007,0,1,4
2582,3,2,9009,9009,9011,0,2,2
2583,6,2,9015,9015,9017,0,2,4
2584,3,2,9018,9018,9020,0,2,1
2585,4,1,9022,9022,9023,0,1,2
2586,6,2,9028,9028,9030,0,2,5
2587,1,1,9029,9030,9031,1,2,0
2588,1,3,9030,9031,9034,1,4,0
2589,5,3,9035,9035,9038,0,3,1
2590,4,1,9039,9039,9040,0,1,1
2591,4,1,9043,9043,9044,0,1,3
2592,6,1,9049,9049,9050,0,1,5
2593,5,2,9054,9054,9056,0,2,4
2594,2,3,9056,9056,9059,0,3,0
2595,3,1,9059,9059,9060,0,1,0
2596,4,3,9063,9063,9066,0,3,3
2597,3,2,9066,9066,9068,0,2,0
2598,4,1,9070,9070,9071,0,1,2
2599,6,3,9076,9076,9079,0,3,5
2600,6,1,9082,9082,9083,0,1,3
2601,3,1,9085,9085,9086,0,1,2
2602,5,3,9090,9090,9093,0,3,4
2603,4,1,9094,9094,9095,0,1,1
2604,3,3,9097,9097,9100,0,3,2
2605,2,2,9099,9100,9102,1,3,0
2606,1,1,9100,9102,9103,2,3,0
2607,3,1,9103,9103,9104,0,1,0
2608,3,2,9106,9106,9108,0,2,2
2609,2,2,9108,9108,9110,0,2,0
2610,5,3,9113,9113,9116,0,3,3
2611,5,2,9118,9118,9120,0,2,2
2612,3,3,9121,9121,9124,0,3,1
2613,3,3,9124,9124,9127,0,3,0
2614,3,2,9127,9127,9129,0,2,0
2615,3,1,9130,9130,9131,0,1,1
2616,1,3,9131,9131,9134,0,3,0
2617,5,3,9136,9136,9139,0,3,2
2618,4,2,9140,9140,9142,0,2,1
2619,4,2,9144,9144,9146,0,2,2
2620,3,1,9147,9147,9148,0,1,1
2621,5,3,9152,9152,9155,0,3,4
2622,1,2,9153,9155,9157,2,4,0
2623,6,3,9159,9159,9162,0,3,2
2624,5,3,9164,9164,9167,0,3,2
2625,1,1,9165,9167,9168,2,3,0
2626,3,2,9168,9168,9170,0,2,0
2627,3,2,9171,9171,9173,0,2,1
2628,3,2,9174,9174,9176,0,2,1
2629,1,1,9175,9176,9177,1,2,0
2630,5,3,9180,9180,9183,0,3,3
2631,4,3,9184,9184,9187,0,3,1
2632,2,2,9186,9187,9189,1,3,0
2633,4,2,9190,9190,9192,0,2,1
2634,4,1,9194,9194,9195,0,1,2
2635,1,3,9195,9195,9198,0,3,0
2636,6,2,9201,9201,9203,0,2,3
2637,2,3,9203,9203,9206,0,3,0
2638,5,1,9208,9208,9209,0,1,2
2639,4,3,9212,9212,9215,0,3,3
2640,3,2,9215,9215,9217,0,2,0
2641,4,2,9219,9219,9221,0,2,2
2642,6,2,9225,9225,9227,0,2,4
2643,1,2,9226,9227,9229,1,3,0
2644,6,3,9232,9232,9235,0,3,3
2645,3,1,9235,9235,9236,0,1,0
2646,5,3,9240,9240,9243,0,3,4
2647,5,1,9245,9245,9246,0,1,2
2648,4,2,9249,9249,9251,0,2,3
2649,5,2,9254,9254,9256,0,2,3
2650,6,2,9260,9260,9262,0,2,4
2651,4,3,9264,9264,9267,0,3,2
2652,6,1,9270,9270,9271,0,1,3
2653,4,3,9274,9274,9277,0,3,3
2654,6,1,9280,9280,9281,0,1,3
2655,5,2,9285,9285,9287,0,2,4
2656,5,1,9290,9290,9291,0,1,3
2657,3,2,9293,9293,9295,0,2,2
2658,3,1,9296,9296,9297,0,1,1
2659,1,3,9297,9297,9300,0,3,0
2660,3,3,9300,9300,9303,0,3,0
2661,2,3,9302,9303,9306,1,4,0
2662,5,1,9307,9307,9308,0,1,1
2663,3,1,9310,9310,9311,0,1,2
2664,3,1,9313,9313,9314,0,1,2
2665,1,3,9314,9314,9317,0,3,0
2666,3,2,9317,9317,9319,0,2,0
2667,1,2,9318,9319,9321,1,3,0
2668,5,1,9323,9323,9324,0,1,2
2669,6,1,9329,9329,9330,0,1,5
2670,2,2,9331,9331,9333,0,2,1
2671,6,1,9337,9337,9338,0,1,4
2672,3,2,9340,9340,9342,0,2,2
2673,5,3,9345,9345,9348,0,3,3
2674,6,2,9351,9351,9353,0,2,3
2675,2,3,9353,9353,9356,0,3,0
2676,1,2,9354,9356,9358,2,4,0
2677,1,2,9355,9358,9360,3,5,0
2678,6,3,9361,9361,9364,0,3,1
2679,4,1,9365,9365,9366,0,1,1
2680,2,1,9367,9367,9368,0,1,1
2681,5,3,9372,9372,9375,0,3,4
2682,3,2,9375,9375,9377,0,2,0
2683,6,2,9381,9381,9383,0,2,4
2684,5,1,9386,9386,9387,0,1,3
2685,4,2,9390,9390,9392,0,2,3
2686,1,1,9391,9392,9393,1,2,0
2687,3,2,9394,9394,9396,0,2,1
2688,1,3,9395,9396,9399,1,4,0
2689,1,3,9396,9399,9402,3,6,0
2690,2,3,9398,9402,9405,4,7,0
2691,1,1,9399,9405,9406,6,7,0
2692,2,3,9401,9406,9409,5,8,0
2693,3,3,9404,9409,9412,5,8,0
2694,5,2,9409,9412,9414,3,5,0
2695,3,3,9412,9414,9417,2,5,0
2696,1,2,9413,9417,9419,4,6,0
2697,5,2,9418,9419,9421,1,3,0
2698,3,2,9421,9421,9423,0,2,0
2699,2,2,9423,9423,9425,0,2,0
2700,3,3,9426,9426,9429,0,3,1
2701,4,2,9430,9430,9432,0,2,1
2702,1,1,9431,9432,9433,1,2,0
2703,4,3,9435,9435,9438,0,3,2
2704,4,1,9439,9439,9440,0,1,1
2705,1,1,9440,9440,9441,0,1,0
2706,6,2,9446,9446,9448,0,2,5
2707,2,3,9448,9448,9451,0,3,0
2708,3,2,9451,9451,9453,0,2,0
2709,5,3,9456,9456,9459,0,3,3
2710,2,1,9458,9459,9460,1,2,0
2711,3,2,9461,9461,9463,0,2,1
2712,5,1,9466,9466,9467,0,1,3
2713,2,1,9468,9468,9469,0,1,1
2714,1,1,9469,9469,9470,0,1,0
2715,2,3,9471,9471,9474,0,3,1
2716,4,2,9475,9475,9477,0,2,1
2717,6,2,9481,9481,9483,0,2,4
2718,2,1,9483,9483,9484,0,1,0
2719,5,3,9488,9488,9491,0,3,4
2720,3,1,9491,9491,9492,0,1,0
2721,1,1,9492,9492,9493,0,1,0
2722,2,3,9494,9494,9497,0,3,1
2723,6,1,9500,9500,9501,0,1,3
2724,3,1,9503,9503,9504,0,1,2
2725,2,1,9505,9505,9506,0,1,1
2726,4,3,9509,9509,9512,0,3,3
2727,1,1,9510,9512,9513,2,3,0
2728,2,1,9512,9513,9514,1,2,0
2729,2,2,9514,9514,9516,0,2,0
2730,6,1,9520,9520,9521,0,1,4
2731,1,1,9521,9521,9522,0,1,0
2732,5,3,9526,9526,9529,0,3,4
2733,4,1,9530,9530,9531,0,1,1
2734,3,1,9533,9533,9534,0,1,2
2735,6,3,9539,9539,9542,0,3,5
2736,2,2,9541,9542,9544,1,3,0
2737,6,1,9547,9547,9548,0,1,3
2738,2,1,9549,9549,9550,0,1,1
2739,1,1,9550,9550,9551,0,1,0
2740,5,3,9555,9555,9558,0,3,4
2741,1,1,9556,9558,9559,2,3,0
2742,2,2,9558,9559,9561,1,3,0
2743,1,1,9559,9561,9562,2,3,0
2744,1,2,9560,9562,9564,2,4,0
2745,5,2,9565,9565,9567,0,2,1
2746,1,3,9566,9567,9570,1,4,0
2747,5,2,9571,9571,9573,0,2,1
2748,4,1,9575,9575,9576,0,1,2
2749,6,2,9581,9581,9583,0,2,5
2750,3,2,9584,9584,9586,0,2,1
2751,2,3,9586,9586,9589,0,3,0
2752,4,3,9590,9590,9593,0,3,1
2753,6,2,9596,9596,9598,0,2,3
2754,6,2,9602,9602,9604,0,2,4
2755,6,2,9608,9608,9610,0,2,4
2756,6,2,9614,9614,9616,0,2,4
2757,2,1,9616,9616,9617,0,1,0
2758,1,1,9617,9617,9618,0,1,0
2759,2,3,9619,9619,9622,0,3,1
2760,4,2,9623,9623,9625,0,2,1
2761,3,1,9626,9626,9627,0,1,1
2762,2,2,9628,9628,9630,0,2,1
2763,3,1,9631,9631,9632,0,1,1
2764,1,1,9632,9632,9633,0,1,0
2765,3,2,9635,9635,9637,0,2,2
2766,2,3,9637,9637,9640,0,3,0
2767,3,1,9640,9640,9641,0,1,0
2768,6,2,9646,9646,9648,0,2,5
2769,6,1,9652,9652,9653,0,1,4
2770,3,3,9655,9655,9658,0,3,2
2771,2,2,9657,9658,9660,1,3,0
2772,3,3,9660,9660,9663,0,3,0
2773,4,2,9664,9664,9666,0,2,1
2774,4,1,9668,9668,9669,0,1,2
2775,4,2,9672,9672,9674,0,2,3
2776,6,2,9678,9678,9680,0,2,4
2777,4,3,9682,9682,9685,0,3,2
2778,4,3,9686,9686,9689,0,3,1
2779,3,3,9689,9689,9692,0,3,0
2780,3,3,9692,9692,9695,0,3,0
2781,1,2,9693,9695,9697,2,4,0
2782,3,1,9696,9697,9698,1,2,0
2783,6,1,9702,9702,9703,0,1,4
2784,2,1,9704,9704,9705,0,1,1
2785,4,2,9708,9708,9710,0,2,3
2786,2,1,9710,9710,9711,0,1,0
2787,6,2,9716,9716,9718,0,2,5
2788,1,1,9717,9718,9719,1,2,0
2789,2,2,9719,9719,9721,0,2,0
2790,5,2,9724,9724,9726,0,2,3
2791,6,2,9730,9730,9732,0,2,4
2792,3,2,9733,9733,9735,0,2,1
2793,3,1,9736,9736,9737,0,1,1
2794,3,2,9739,9739,9741,0,2,2
2795,5,2,9744,9744,9746,0,2,3
2796,1,2,9745,9746,9748,1,3,0
2797,4,2,9749,9749,9751,0,2,1
2798,6,1,9755,9755,9756,0,1,4
2799,4,1,9759,9759,9760,0,1,3
2800,2,2,9761,9761,9763,0,2,1
2801,3,1,9764,9764,9765,0,1,1
2802,2,1,9766,9766,9767,0,1,1
2803,2,1,9768,9768,9769,0,1,1
2804,3,3,9771,9771,9774,0,3,2
2805,3,2,9774,9774,9776,0,2,0
2806,5,2,9779,9779,9781,0,2,3
2807,6,2,9785,9785,9787,0,2,4
2808,3,1,9788,9788,9789,0,1,1
2809,6,3,9794,9794,9797,0,3,5
2810,4,1,9798,9798,9799,0,1,1
2811,6,3,9804,9804,9807,0,3,5
2812,5,3,9809,9809,9812,0,3,2
2813,6,2,9815,9815,9817,0,2,3
2814,1,2,9816,9817,9819,1,3,0
2815,5,1,9821,9821,9822,0,1,2
2816,1,2,9822,9822,9824,0,2,0
2817,6,3,9828,9828,9831,0,3,4
2818,6,2,9834,9834,9836,0,2,3
2819,3,2,9837,9837,9839,0,2,1
2820,3,1,9840,9840,9841,0,1,1
2821,1,3,9841,9841,9844,0,3,0
2822,4,2,9845,9845,9847,0,2,1
2823,5,3,9850,9850,9853,0,3,3
2824,1,3,9851,9853,9856,2,5,0
2825,3,3,9854,9856,9859,2,5,0
2826,1,2,9855,9859,9861,4,6,0
2827,4,1,9859,9861,9862,2,3,0
2828,6,2,9865,9865,9867,0,2,3
2829,6,1,9871,9871,9872,0,1,4
2830,4,3,9875,9875,9878,0,3,3
2831,6,1,9881,9881,9882,0,1,3
2832,3,2,9884,9884,9886,0,2,2
2833,4,3,9888,9888,9891,0,3,2
2834,4,1,9892,9892,9893,0,1,1
2835,4,3,9896,9896,9899,0,3,3
2836,6,1,9902,9902,9903,0,1,3
2837,2,1,9904,9904,9905,0,1,1
2838,6,2,9910,9910,9912,0,2,5
2839,3,2,9913,9913,9915,0,2,1
2840,6,1,9919,9919,9920,0,1,4
2841,5,3,9924,9924,9927,0,3,4
2842,3,1,9927,9927,9928,0,1,0
2843,6,2,9933,9933,9935,0,2,5
2844,5,1,9938,9938,9939,0,1,3
2845,5,3,9943,9943,9946,0,3,4
2846,4,2,9947,9947,9949,0,2,1
2847,1,3,9948,9949,9952,1,4,0
2848,1,3,9949,9952,9955,3,6,0
2849,4,2,9953,9955,9957,2,4,0
2850,1,3,9954,9957,9960,3,6,0
2851,2,3,9956,9960,9963,4,7,0
2852,5,1,9961,9963,9964,2,3,0
2853,4,1,9965,9965,9966,0,1,1
2854,3,1,9968,9968,9969,0,1,2
2855,3,1,9971,9971,9972,0,1,2
2856,1,3,9972,9972,9975,0,3,0
2857,6,3,9978,9978,9981,0,3,3
2858,1,3,9979,9981,9984,2,5,0
2859,6,3,9985,9985,9988,0,3,1
2860,1,3,9986,9988,9991,2,5,0
2861,3,1,9989,9991,9992,2,3,0
2862,4,2,9993,9993,9995,0,2,1
2863,5,1,9998,9998,9999,0,1,3
2864,1,1,9999,9999,10000,0,1,0
2865,1,1,10000,10000,10001,0,1,0
2866,3,2,10003,10003,10005,0,2,2
2867,4,2,10007,10007,10009,0,2,2
2868,4,3,10011,10011,10014,0,3,2
2869,3,2,10014,10014,10016,0,2,0
2870,4,2,10018,10018,10020,0,2,2
2871,3,1,10021,10021,10022,0,1,1
2872,3,3,10024,10024,10027,0,3,2
2873,1,3,10025,10027,10030,2,5,0
2874,2,1,10027,10030,10031,3,4,0
2875,1,3,10028,10031,10034,3,6,0
2876,2,3,10030,10034,10037,4,7,0
2877,1,1,10031,10037,10038,6,7,0
2878,2,3,10033,10038,10041,5,8,0
2879,5,1,10038,10041,10042,3,4,0
2880,4,1,10042,10042,10043,0,1,0
2881,1,3,10043,10043,10046,0,3,0
2882,4,3,10047,10047,10050,0,3,1
2883,5,3,10052,10052,10055,0,3,2
2884,1,3,10053,10055,10058,2,5,0
2885,2,2,10055,10058,10060,3,5,0
2886,5,3,10060,10060,10063,0,3,0
2887,3,1,10063,10063,10064,0,1,0
2888,4,3,10067,10067,10070,0,3,3
2889,3,2,10070,10070,10072,0,2,0
2890,1,2,10071,10072,10074,1,3,0
2891,3,1,10074,10074,10075,0,1,0
2892,6,1,10080,10080,10081,0,1,5
2893,1,1,10081,10081,10082,0,1,0
2894,6,2,10087,10087,10089,0,2,5
2895,3,1,10090,10090,10091,0,1,1
2896,1,1,10091,10091,10092,0,1,0
2897,4,3,10095,10095,10098,0,3,3
2898,5,1,10100,10100,10101,0,1,2
2899,4,2,10104,10104,10106,0,2,3
2900,1,3,10105,10106,10109,1,4,0
2901,3,3,10108,10109,10112,1,4,0
2902,1,1,10109,10112,10113,3,4,0
2903,2,2,10111,10113,10115,2,4,0
2904,5,2,10116,10116,10118,0,2,1
2905,3,3,10119,10119,10122,0,3,1
2906,5,2,10124,10124,10126,0,2,2
2907,6,1,10130,10130,10131,0,1,4
2908,4,1,10134,10134,10135,0,1,3
2909,6,1,10140,10140,10141,0,1,5
2910,4,2,10144,10144,10146,0,2,3
2911,3,3,10147,10147,10150,0,3,1
2912,4,1,10151,10151,10152,0,1,1
2913,4,3,10155,10155,10158,0,3,3
2914,2,3,10157,10158,10161,1,4,0
2915,6,3,10163,10163,10166,0,3,2
2916,4,2,10167,10167,10169,0,2,1
2917,5,2,10172,10172,10174,0,2,3
2918,4,3,10176,10176,10179,0,3,2
2919,2,2,10178,10179,10181,1,3,0
2920,1,2,10179,10181,10183,2,4,0
2921,5,3,10184,10184,10187,0,3,1
2922,4,3,10188,10188,10191,0,3,1
2923,2,3,10190,10191,10194,1,4,0
2924,2,1,10192,10194,10195,2,3,0
2925,3,2,10195,10195,10197,0,2,0
2926,6,2,10201,10201,10203,0,2,4
2927,2,2,10203,10203,10205,0,2,0
2928,3,3,10206,10206,10209,0,3,1
2929,1,1,10207,10209,10210,2,3,0
2930,3,1,10210,10210,10211,0,1,0
2931,4,1,10214,10214,10215,0,1,3
2932,2,3,10216,10216,10219,0,3,1
2933,2,1,10218,10219,10220,1,2,0
2934,1,1,10219,10220,10221,1,2,0
2935,2,1,10221,10221,10222,0,1,0
2936,4,2,10225,10225,10227,0,2,3
2937,6,1,10231,10231,10232,0,1,4
2938,4,3,10235,10235,10238,0,3,3
2939,3,3,10238,10238,10241,0,3,0
2940,1,2,10239,10241,10243,2,4,0
2941,1,3,10240,10243,10246,3,6,0
2942,4,3,10244,10246,10249,2,5,0
2943,2,2,10246,10249,10251,3,5,0
2944,3,1,10249,10251,10252,2,3,0
2945,1,2,10250,10252,10254,2,4,0
2946,5,2,10255,10255,10257,0,2,1
2947,6,2,10261,10261,10263,0,2,4
2948,6,2,10267,10267,10269,0,2,4
2949,6,2,10273,10273,10275,0,2,4
2950,4,1,10277,10277,10278,0,1,2
2951,4,2,10281,10281,10283,0,2,3
2952,2,2,10283,10283,10285,0,2,0
2953,4,1,10287,10287,10288,0,1,2
2954,2,2,10289,10289,10291,0,2,1
2955,6,1,10295,10295,10296,0,1,4
2956,3,1,10298,10298,10299,0,1,2
2957,1,2,10299,10299,10301,0,2,0
2958,2,1,10301,10301,10302,0,1,0
2959,4,2,10305,10305,10307,0,2,3
2960,3,2,10308,10308,10310,0,2,1
2961,3,2,10311,10311,10313,0,2,1
2962,2,3,10313,10313,10316,0,3,0
2963,4,2,10317,10317,10319,0,2,1
2964,5,1,10322,10322,10323,0,1,3
2965,3,3,10325,10325,10328,0,3,2
2966,1,1,10326,10328,10329,2,3,0
2967,6,2,10332,10332,10334,0,2,3
2968,5,1,10337,10337,10338,0,1,3
2969,3,2,10340,10340,10342,0,2,2
2970,4,3,10344,10344,10347,0,3,2
2971,5,3,10349,10349,10352,0,3,2
2972,5,3,10354,10354,10357,0,3,2
2973,5,3,10359,10359,10362,0,3,2
2974,2,1,10361,10362,10363,1,2,0
2975,4,2,10365,10365,10367,0,2,2
2976,6,2,10371,10371,10373,0,2,4
2977,2,3,10373,10373,10376,0,3,0
2978,6,1,10379,10379,10380,0,1,3
2979,1,1,10380,10380,10381,0,1,0
2980,2,2,10382,10382,10384,0,2,1
2981,5,2,10387,10387,10389,0,2,3
2982,5,1,10392,10392,10393,0,1,3
2983,5,2,10397,10397,10399,0,2,4
2984,4,3,10401,10401,10404,0,3,2
2985,1,2,10402,10404,10406,2,4,0
2986,4,2,10406,10406,10408,0,2,0
2987,6,2,10412,10412,10414,0,2,4
2988,2,1,10414,10414,10415,0,1,0
2989,6,2,10420,10420,10422,0,2,5
2990,1,2,10421,10422,10424,1,3,0
2991,4,2,10425,10425,10427,0,2,1
2992,1,2,10426,10427,10429,1,3,0
2993,6,2,10432,10432,10434,0,2,3
2994,6,2,10438,10438,10440,0,2,4
2995,5,2,10443,10443,10445,0,2,3
2996,4,2,10447,10447,10449,0,2,2
2997,5,1,10452,10452,10453,0,1,3
2998,6,1,10458,10458,10459,0,1,5
2999,1,1,10459,10459,10460,0,1,0
3000,3,1,10462,10462,10463,0,1,2
3001,5,2,10467,10467,10469,0,2,4
3002,1,1,10468,10469,10470,1,2,0
3003,1,2,10469,10470,10472,1,3,0
3004,3,3,10472,10472,10475,0,3,0
3005,6,2,10478,10478,10480,0,2,3
3006,1,2,10479,10480,10482,1,3,0
3007,1,1,10480,10482,10483,2,3,0
3008,2,3,10482,10483,10486,1,4,0
3009,3,2,10485,10486,10488,1,3,0
3010,4,2,10489,10489,10491,0,2,1
3011,6,2,10495,10495,10497,0,2,4
3012,2,2,10497,10497,10499,0,2,0
3013,6,2,10503,10503,10505,0,2,4
3014,2,3,10505,10505,10508,0,3,0
3015,5,3,10510,10510,10513,0,3,2
3016,3,1,10513,10513,10514,0,1,0
3017,4,2,10517,10517,10519,0,2,3
3018,2,3,10519,10519,10522,0,3,0
3019,6,3,10525,10525,10528,0,3,3
3020,2,2,10527,10528,10530,1,3,0
3021,1,1,10528,10530,10531,2,3,0
3022,4,1,10532,10532,10533,0,1,1
3023,2,3,10534,10534,10537,0,3,1
3024,3,1,10537,10537,10538,0,1,0
3025,3,1,10540,10540,10541,0,1,2
3026,6,2,10546,10546,10548,0,2,5
3027,5,3,10551,10551,10554,0,3,3
3028,2,1,10553,10554,10555,1,2,0
3029,2,1,10555,10555,10556,0,1,0
3030,4,3,10559,10559,10562,0,3,3
3031,5,1,10564,10564,10565,0,1,2
3032,6,3,10570,10570,10573,0,3,5
3033,5,3,10575,10575,10578,0,3,2
3034,4,1,10579,10579,10580,0,1,1
3035,5,1,10584,10584,10585,0,1,4
3036,2,2,10586,10586,10588,0,2,1
3037,5,3,10591,10591,10594,0,3,3
3038,2,1,10593,10594,10595,1,2,0
3039,3,1,10596,10596,10597,0,1,1
3040,5,3,10601,10601,10604,0,3,4
3041,3,2,10604,10604,10606,0,2,0
3042,3,2,10607,10607,10609,0,2,1
3043,4,3,10611,10611,10614,0,3,2
3044,4,1,10615,10615,10616,0,1,1
3045,1,2,10616,10616,10618,0,2,0
3046,3,2,10619,10619,10621,0,2,1
3047,1,3,10620,10621,10624,1,4,0
3048,1,3,10621,10624,10627,3,6,0
3049,4,2,10625,10627,10629,2,4,0
3050,6,2,10631,10631,10633,0,2,2
3051,3,1,10634,10634,10635,0,1,1
3052,3,2,10637,10637,10639,0,2,2
3053,6,2,10643,10643,10645,0,2,4
3054,5,1,10648,10648,10649,0,1,3
3055,5,2,10653,10653,10655,0,2,4
3056,6,1,10659,10659,10660,0,1,4
3057,2,2,10661,10661,10663,0,2,1
3058,4,2,10665,10665,10667,0,2,2
3059,4,1,10669,10669,10670,0,1,2
3060,5,3,10674,10674,10677,0,3,4
3061,2,1,10676,10677,10678,1,2,0
3062,1,1,10677,10678,10679,1,2,0
3063,2,1,10679,10679,10680,0,1,0
3064,3,1,10682,10682,10683,0,1,2
3065,1,1,10683,10683,10684,0,1,0
3066,5,1,10688,10688,10689,0,1,4
3067,4,1,10692,10692,10693,0,1,3
3068,2,1,10694,10694,10695,0,1,1
3069,5,2,10699,10699,10701,0,2,4
3070,1,3,10700,10701,10704,1,4,0
3071,6,3,10706,10706,10709,0,3,2
3072,3,1,10709,10709,10710,0,1,0
3073,5,1,10714,10714,10715,0,1,4
3074,2,3,10716,10716,10719,0,3,1
3075,3,3,10719,10719,10722,0,3,0
3076,2,3,10721,10722,10725,1,4,0
3077,6,2,10727,10727,10729,0,2,2
3078,2,1,10729,10729,10730,0,1,0
3079,1,3,10730,10730,10733,0,3,0
3080,4,2,10734,10734,10736,0,2,1
3081,1,1,10735,10736,10737,1,2,0
3082,1,1,10736,10737,10738,1,2,0
3083,6,1,10742,10742,10743,0,1,4
3084,5,3,10747,10747,10750,0,3,4
3085,6,2,10753,10753,10755,0,2,3
3086,2,3,10755,10755,10758,0,3,0
3087,3,3,10758,10758,10761,0,3,0
3088,4,2,10762,10762,10764,0,2,1
3089,1,1,10763,10764,10765,1,2,0
3090,6,3,10769,10769,10772,0,3,4
3091,6,3,10775,10775,10778,0,3,3
3092,6,3,10781,10781,10784,0,3,3
3093,3,3,10784,10784,10787,0,3,0
3094,3,3,10787,10787,10790,0,3,0
3095,3,1,10790,10790,10791,0,1,0
3096,5,3,10795,10795,10798,0,3,4
3097,3,2,10798,10798,10800,0,2,0
3098,6,1,10804,10804,10805,0,1,4
3099,5,2,10809,10809,10811,0,2,4
3100,5,2,10814,10814,10816,0,2,3
3101,1,3,10815,10816,10819,1,4,0
3102,6,2,10821,10821,10823,0,2,2
3103,6,2,10827,10827,10829,0,2,4
3104,3,1,10830,10830,10831,0,1,1
3105,4,2,10834,10834,10836,0,2,3
3106,3,3,10837,10837,10840,0,3,1
3107,3,1,10840,10840,10841,0,1,0
3108,2,2,10842,10842,10844,0,2,1
3109,2,1,10844,10844,10845,0,1,0
3110,3,1,10847,10847,10848,0,1,2
3111,6,3,10853,10853,10856,0,3,5
3112,2,1,10855,10856,10857,1,2,0
3113,6,1,10861,10861,10862,0,1,4
3114,4,1,10865,10865,10866,0,1,3
3115,1,1,10866,10866,10867,0,1,0
3116,5,1,10871,10871,10872,0,1,4
3117,2,3,10873,10873,10876,0,3,1
3118,2,3,10875,10876,10879,1,4,0
3119,4,3,10879,10879,10882,0,3,0
3120,1,2,10880,10882,10884,2,4,0
3121,2,3,10882,10884,10887,2,5,0
3122,5,3,10887,10887,10890,0,3,0
3123,6,3,10893,10893,10896,0,3,3
3124,1,1,10894,10896,10897,2,3,0
3125,4,1,10898,10898,10899,0,1,1
3126,5,2,10903,10903,10905,0,2,4
3127,2,2,10905,10905,10907,0,2,0
3128,1,2,10906,10907,10909,1,3,0
3129,2,2,10908,10909,10911,1,3,0
3130,3,3,10911,10911,10914,0,3,0
3131,3,2,10914,10914,10916,0,2,0
3132,3,3,10917,10917,10920,0,3,1
3133,1,3,10918,10920,10923,2,5,0
3134,3,3,10921,10923,10926,2,5,0
3135,3,3,10924,10926,10929,2,5,0
3136,5,3,10929,10929,10932,0,3,0
3137,2,2,10931,10932,10934,1,3,0
3138,6,2,10937,10937,10939,0,2,3
3139,5,1,10942,10942,10943,0,1,3
3140,3,2,10945,10945,10947,0,2,2
3141,3,3,10948,10948,10951,0,3,1
3142,6,2,10954,10954,10956,0,2,3
3143,5,1,10959,10959,10960,0,1,3
3144,5,3,10964,10964,10967,0,3,4
3145,4,1,10968,10968,10969,0,1,1
3146,2,2,10970,10970,10972,0,2,1
3147,6,2,10976,10976,10978,0,2,4
3148,4,1,10980,10980,10981,0,1,2
3149,5,1,10985,10985,10986,0,1,4
3150,3,2,10988,10988,10990,0,2,2
3151,1,1,10989,10990,10991,1,2,0
3152,4,2,10993,10993,10995,0,2,2
3153,5,2,10998,10998,11000,0,2,3
3154,4,1,11002,11002,11003,0,1,2
3155,3,2,11005,11005,11007,0,2,2
3156,3,2,11008,11008,11010,0,2,1
3157,1,1,11009,11010,11011,1,2,0
3158,1,3,11010,11011,11014,1,4,0
3159,4,2,11014,11014,11016,0,2,0
3160,5,1,11019,11019,11020,0,1,3
3161,1,2,11020,11020,11022,0,2,0
3162,2,3,11022,11022,11025,0,3,0
3163,5,1,11027,11027,11028,0,1,2
3164,4,3,11031,11031,11034,0,3,3
3165,2,1,11033,11034,11035,1,2,0
3166,4,2,11037,11037,11039,0,2,2
3167,5,2,11042,11042,11044,0,2,3
3168,3,2,11045,11045,11047,0,2,1
3169,2,3,11047,11047,11050,0,3,0
3170,5,2,11052,11052,11054,0,2,2
3171,2,2,11054,11054,11056,0,2,0
3172,3,3,11057,11057,11060,0,3,1
3173,2,2,11059,11060,11062,1,3,0
3174,5,3,11064,11064,11067,0,3,2
3175,4,1,11068,11068,11069,0,1,1
3176,3,3,11071,11071,11074,0,3,2
3177,3,3,11074,11074,11077,0,3,0
3178,2,3,11076,11077,11080,1,4,0
3179,3,2,11079,11080,11082,1,3,0
3180,4,3,11083,11083,11086,0,3,1
3181,4,2,11087,11087,11089,0,2,1
3182,3,2,11090,11090,11092,0,2,1
3183,1,1,11091,11092,11093,1,2,0
3184,2,2,11093,11093,11095,0,2,0
3185,4,1,11097,11097,11098,0,1,2
3186,1,2,11098,11098,11100,0,2,0
3187,1,1,11099,11100,11101,1,2,0
3188,5,1,11104,11104,11105,0,1,3
3189,2,3,11106,11106,11109,0,3,1
3190,4,2,11110,11110,11112,0,2,1
3191,2,2,11112,11112,11114,0,2,0
3192,2,3,11114,11114,11117,0,3,0
3193,1,1,11115,11117,11118,2,3,0
3194,4,2,11119,11119,11121,0,2,1
3195,3,1,11122,11122,11123,0,1,1
3196,5,2,11127,11127,11129,0,2,4
3197,3,1,11130,11130,11131,0,1,1
3198,6,1,11136,11136,11137,0,1,5
3199,5,1,11141,11141,11142,0,1,4
3200,2,1,11143,11143,11144,0,1,1
3201,6,1,11149,11149,11150,0,1,5
3202,4,3,11153,11153,11156,0,3,3
3203,6,3,11159,11159,11162,0,3,3
3204,6,2,11165,11165,11167,0,2,3
3205,4,3,11169,11169,11172,0,3,2
3206,6,2,11175,11175,11177,0,2,3
3207,6,1,11181,11181,11182,0,1,4
3208,6,3,11187,11187,11190,0,3,5
3209,2,2,11189,11190,11192,1,3,0
3210,2,1,11191,11192,11193,1,2,0
3211,6,2,11197,11197,11199,0,2,4
3212,6,2,11203,11203,11205,0,2,4
3213,5,1,11208,11208,11209,0,1,3
3214,5,2,11213,11213,11215,0,2,4
3215,2,2,11215,11215,11217,0,2,0
3216,5,1,11220,11220,11221,0,1,3
3217,2,3,11222,11222,11225,0,3,1
3218,2,3,11224,11225,11228,1,4,0
3219,4,3,11228,11228,11231,0,3,0
3220,5,2,11233,11233,11235,0,2,2
3221,6,2,11239,11239,11241,0,2,4
3222,4,2,11243,11243,11245,0,2,2
3223,2,1,11245,11245,11246,0,1,0
3224,5,3,11250,11250,11253,0,3,4
3225,5,1,11255,11255,11256,0,1,2
3226,1,1,11256,11256,11257,0,1,0
3227,3,2,11259,11259,11261,0,2,2
3228,5,2,11264,11264,11266,0,2,3
3229,3,2,11267,11267,11269,0,2,1
3230,3,1,11270,11270,11271,0,1,1
3231,3,3,11273,11273,11276,0,3,2
3232,6,2,11279,11279,11281,0,2,3
3233,2,3,11281,11281,11284,0,3,0
3234,2,2,11283,11284,11286,1,3,0
3235,2,1,11285,11286,11287,1,2,0
3236,4,1,11289,11289,11290,0,1,2
3237,2,1,11291,11291,11292,0,1,1
3238,1,1,11292,11292,11293,0,1,0
3239,6,1,11298,11298,11299,0,1,5
3240,4,3,11302,11302,11305,0,3,3
3241,3,1,11305,11305,11306,0,1,0
3242,3,1,11308,11308,11309,0,1,2
3243,2,3,11310,11310,11313,0,3,1
3244,3,2,11313,11313,11315,0,2,0
3245,3,3,11316,11316,11319,0,3,1
3246,6,2,11322,11322,11324,0,2,3
3247,6,1,11328,11328,11329,0,1,4
3248,5,1,11333,11333,11334,0,1,4
3249,2,3,11335,11335,11338,0,3,1
3250,3,3,11338,11338,11341,0,3,0
3251,6,3,11344,11344,11347,0,3,3
3252,6,3,11350,11350,11353,0,3,3
3253,6,3,11356,11356,11359,0,3,3
3254,4,1,11360,11360,11361,0,1,1
3255,5,1,11365,11365,11366,0,1,4
3256,4,2,11369,11369,11371,0,2,3
3257,3,3,11372,11372,11375,0,3,1
3258,3,2,11375,11375,11377,0,2,0
3259,3,2,11378,11378,11380,0,2,1
3260,2,2,11380,11380,11382,0,2,0
3261,3,3,11383,11383,11386,0,3,1
3262,5,3,11388,11388,11391,0,3,2
3263,1,1,11389,11391,11392,2,3,0
3264,3,1,11392,11392,11393,0,1,0
3265,1,2,11393,11393,11395,0,2,0
3266,2,1,11395,11395,11396,0,1,0
3267,5,2,11400,11400,11402,0,2,4
3268,2,2,11402,11402,11404,0,2,0
3269,3,3,11405,11405,11408,0,3,1
3270,6,3,11411,11411,11414,0,3,3
3271,4,1,11415,11415,11416,0,1,1
3272,3,3,11418,11418,11421,0,3,2
3273,3,3,11421,11421,11424,0,3,0
3274,1,3,11422,11424,11427,2,5,0
3275,6,3,11428,11428,11431,0,3,1
3276,4,2,11432,11432,11434,0,2,1
3277,5,3,11437,11437,11440,0,3,3
3278,4,3,11441,11441,11444,0,3,1
3279,6,3,11447,11447,11450,0,3,3
3280,5,2,11452,11452,11454,0,2,2
3281,5,1,11457,11457,11458,0,1,3
3282,4,2,11461,11461,11463,0,2,3
3283,1,2,11462,11463,11465,1,3,0
3284,1,3,11463,11465,11468,2,5,0
3285,4,3,11467,11468,11471,1,4,0
3286,6,1,11473,11473,11474,0,1,2
3287,2,1,11475,11475,11476,0,1,1
3288,1,2,11476,11476,11478,0,2,0
3289,1,3,11477,11478,11481,1,4,0
3290,4,2,11481,11481,11483,0,2,0
3291,2,3,11483,11483,11486,0,3,0
3292,1,1,11484,11486,11487,2,3,0
3293,3,1,11487,11487,11488,0,1,0
3294,4,3,11491,11491,11494,0,3,3
3295,2,3,11493,11494,11497,1,4,0
3296,5,1,11498,11498,11499,0,1,1
3297,5,1,11503,11503,11504,0,1,4
3298,5,1,11508,11508,11509,0,1,4
3299,3,3,11511,11511,11514,0,3,2
3300,1,3,11512,11514,11517,2,5,0
3301,2,3,11514,11517,11520,3,6,0
3302,5,3,11519,11520,11523,1,4,0
3303,1,1,11520,11523,11524,3,4,0
3304,3,2,11523,11524,11526,1,3,0
3305,3,3,11526,11526,11529,0,3,0
3306,2,3,11528,11529,11532,1,4,0
3307,3,1,11531,11532,11533,1,2,0
3308,5,2,11536,11536,11538,0,2,3
3309,4,1,11540,11540,11541,0,1,2
3310,5,2,11545,11545,11547,0,2,4
3311,4,2,11549,11549,11551,0,2,2
3312,6,2,11555,11555,11557,0,2,4
3313,5,2,11560,11560,11562,0,2,3
3314,6,1,11566,11566,11567,0,1,4
3315,1,2,11567,11567,11569,0,2,0
3316,4,2,11571,11571,11573,0,2,2
3317,6,1,11577,11577,11578,0,1,4
3318,5,1,11582,11582,11583,0,1,4
3319,6,3,11588,11588,11591,0,3,5
3320,4,3,11592,11592,11595,0,3,1
3321,1,2,11593,11595,11597,2,4,0
3322,1,1,11594,11597,11598,3,4,0
3323,5,2,11599,11599,11601,0,2,1
3324,5,3,11604,11604,11607,0,3,3
3325,2,1,11606,11607,11608,1,2,0
3326,4,1,11610,11610,11611,0,1,2
3327,1,2,11611,11611,11613,0,2,0
3328,3,1,11614,11614,11615,0,1,1
3329,3,2,11617,11617,11619,0,2,2
3330,4,2,11621,11621,11623,0,2,2
3331,6,2,11627,11627,11629,0,2,4
3332,4,1,11631,11631,11632,0,1,2
3333,5,3,11636,11636,11639,0,3,4
3334,1,1,11637,11639,11640,2,3,0
3335,4,2,11641,11641,11643,0,2,1
3336,1,2,11642,11643,11645,1,3,0
3337,3,3,11645,11645,11648,0,3,0
3338,6,3,11651,11651,11654,0,3,3
3339,3,3,11654,11654,11657,0,3,0
3340,5,3,11659,11659,11662,0,3,2
3341,3,1,11662,11662,11663,0,1,0
3342,3,2,11665,11665,11667,0,2,2
3343,3,3,11668,11668,11671,0,3,1
3344,1,1,11669,11671,11672,2,3,0
3345,1,1,11670,11672,11673,2,3,0
3346,2,1,11672,11673,11674,1,2,0
3347,2,2,11674,11674,11676,0,2,0
3348,1,3,11675,11676,11679,1,4,0
3349,1,1,11676,11679,11680,3,4,0
3350,4,3,11680,11680,11683,0,3,0
3351,2,3,11682,11683,11686,1,4,0
3352,3,2,11685,11686,11688,1,3,0
3353,6,3,11691,11691,11694,0,3,3
3354,5,3,11696,11696,11699,0,3,2
3355,6,3,11702,11702,11705,0,3,3
3356,6,1,11708,11708,11709,0,1,3
3357,5,1,11713,11713,11714,0,1,4
3358,6,1,11719,11719,11720,0,1,5
3359,2,2,11721,11721,11723,0,2,1
3360,4,3,11725,11725,11728,0,3,2
3361,5,2,11730,11730,11732,0,2,2
3362,3,2,11733,11733,11735,0,2,1
3363,4,3,11737,11737,11740,0,3,2
3364,4,1,11741,11741,11742,0,1,1
3365,6,3,11747,11747,11750,0,3,5
3366,2,2,11749,11750,11752,1,3,0
3367,5,1,11754,11754,11755,0,1,2
3368,5,2,11759,11759,11761,0,2,4
3369,1,3,11760,11761,11764,1,4,0
3370,3,2,11763,11764,11766,1,3,0
3371,6,2,11769,11769,11771,0,2,3
3372,4,1,11773,11773,11774,0,1,2
3373,4,1,11777,11777,11778,0,1,3
3374,6,1,11783,11783,11784,0,1,5
3375,6,3,11789,11789,11792,0,3,5
3376,4,1,11793,11793,11794,0,1,1
3377,3,2,11796,11796,11798,0,2,2
3378,5,1,11801,11801,11802,0,1,3
3379,5,3,11806,11806,11809,0,3,4
3380,4,1,11810,11810,11811,0,1,1
3381,4,1,11814,11814,11815,0,1,3
3382,3,1,11817,11817,11818,0,1,2
3383,1,3,11818,11818,11821,0,3,0
3384,5,3,11823,11823,11826,0,3,2
3385,3,3,11826,11826,11829,0,3,0
3386,5,1,11831,11831,11832,0,1,2
3387,6,2,11837,11837,11839,0,2,5
3388,5,3,11842,11842,11845,0,3,3
3389,1,1,11843,11845,11846,2,3,0
3390,2,1,11845,11846,11847,1,2,0
3391,4,3,11849,11849,11852,0,3,2
3392,3,1,11852,11852,11853,0,1,0
3393,2,3,11854,11854,11857,0,3,1
3394,6,3,11860,11860,11863,0,3,3
3395,3,1,11863,11863,11864,0,1,0
3396,6,3,11869,11869,11872,0,3,5
3397,2,1,11871,11872,11873,1,2,0
3398,5,2,11876,11876,11878,0,2,3
3399,4,2,11880,11880,11882,0,2,2
3400,2,1,11882,11882,11883,0,1,0
3401,6,2,11888,11888,11890,0,2,5
3402,3,2,11891,11891,11893,0,2,1
3403,5,2,11896,11896,11898,0,2,3
3404,2,1,11898,11898,11899,0,1,0
3405,5,3,11903,11903,11906,0,3,4
3406,6,3,11909,11909,11912,0,3,3
3407,2,1,11911,11912,11913,1,2,0
3408,3,3,11914,11914,11917,0,3,1
3409,5,2,11919,11919,11921,0,2,2
3410,4,3,11923,11923,11926,0,3,2
3411,6,2,11929,11929,11931,0,2,3
3412,2,2,11931,11931,11933,0,2,0
3413,3,2,11934,11934,11936,0,2,1
3414,1,2,11935,11936,11938,1,3,0
3415,1,3,11936,11938,11941,2,5,0
3416,5,2,11941,11941,11943,0,2,0
3417,4,2,11945,11945,11947,0,2,2
3418,6,2,11951,11951,11953,0,2,4
3419,4,3,11955,11955,11958,0,3,2
3420,2,1,11957,11958,11959,1,2,0
3421,6,2,11963,11963,11965,0,2,4
3422,4,3,11967,11967,11970,0,3,2
3423,3,1,11970,11970,11971,0,1,0
3424,4,1,11974,11974,11975,0,1,3
3425,2,3,11976,11976,11979,0,3,1
3426,6,1,11982,11982,11983,0,1,3
3427,2,1,11984,11984,11985,0,1,1
3428,3,1,11987,11987,11988,0,1,2
3429,1,2,11988,11988,11990,0,2,0
3430,2,1,11990,11990,11991,0,1,0
3431,5,2,11995,11995,11997,0,2,4
3432,2,1,11997,11997,11998,0,1,0
3433,2,1,11999,11999,12000,0,1,1
3434,4,1,12003,12003,12004,0,1,3
3435,3,2,12006,12006,12008,0,2,2
3436,3,2,12009,12009,12011,0,2,1
3437,6,2,12015,12015,12017,0,2,4
3438,4,1,12019,12019,12020,0,1,2
3439,2,2,12021,12021,12023,0,2,1
3440,5,3,12026,12026,12029,0,3,3
3441,4,2,12030,12030,12032,0,2,1
3442,2,3,12032,12032,12035,0,3,0
3443,3,3,12035,12035,12038,0,3,0
3444,1,2,12036,12038,12040,2,4,0
3445,5,2,12041,12041,12043,0,2,1
3446,6,1,12047,12047,12048,0,1,4
3447,6,2,12053,12053,12055,0,2,5
3448,3,3,12056,12056,12059,0,3,1
3449,2,2,12058,12059,12061,1,3,0
3450,5,1,12063,12063,12064,0,1,2
3451,4,3,12067,12067,12070,0,3,3
3452,6,1,12073,12073,12074,0,1,3
3453,5,2,12078,12078,12080,0,2,4
3454,6,2,12084,12084,12086,0,2,4
3455,6,3,12090,12090,12093,0,3,4
3456,5,3,12095,12095,12098,0,3,2
3457,5,2,12100,12100,12102,0,2,2
3458,5,2,12105,12105,12107,0,2,3
3459,5,1,12110,12110,12111,0,1,3
3460,1,3,12111,12111,12114,0,3,0
3461,1,3,12112,12114,12117,2,5,0
3462,5,1,12117,12117,12118,0,1,0
3463,4,2,12121,12121,12123,0,2,3
3464,6,2,12127,12127,12129,0,2,4
3465,5,3,12132,12132,12135,0,3,3
3466,3,2,12135,12135,12137,0,2,0
3467,6,1,12141,12141,12142,0,1,4
3468,2,1,12143,12143,12144,0,1,1
3469,3,3,12146,12146,12149,0,3,2
3470,3,2,12149,12149,12151,0,2,0
3471,1,1,12150,12151,12152,1,2,0
3472,4,3,12154,12154,12157,0,3,2
3473,6,2,12160,12160,12162,0,2,3
3474,3,1,12163,12163,12164,0,1,1
3475,4,2,12167,12167,12169,0,2,3
3476,5,2,12172,12172,12174,0,2,3
3477,5,3,12177,12177,12180,0,3,3
3478,5,1,12182,12182,12183,0,1,2
3479,5,1,12187,12187,12188,0,1,4
3480,6,3,12193,12193,12196,0,3,5
3481,5,2,12198,12198,12200,0,2,2
3482,3,1,12201,12201,12202,0,1,1
3483,3,1,12204,12204,12205,0,1,2
3484,1,1,12205,12205,12206,0,1,0
3485,3,2,12208,12208,12210,0,2,2
3486,1,3,12209,12210,12213,1,4,0
3487,2,1,12211,12213,12214,2,3,0
3488,6,1,12217,12217,12218,0,1,3
3489,5,2,12222,12222,12224,0,2,4
3490,2,3,12224,12224,12227,0,3,0
3491,6,3,12230,12230,12233,0,3,3
3492,6,2,12236,12236,12238,0,2,3
3493,1,3,12237,12238,12241,1,4,0
3494,2,2,12239,12241,12243,2,4,0
3495,2,2,12241,12243,12245,2,4,0
3496,4,3,12245,12245,12248,0,3,0
3497,5,1,12250,12250,12251,0,1,2
3498,4,1,12254,12254,12255,0,1,3
3499,3,2,12257,12257,12259,0,2,2
3500,3,3,12260,12260,12263,0,3,1
3501,3,3,12263,12263,12266,0,3,0
3502,4,3,12267,12267,12270,0,3,1
3503,3,1,12270,12270,12271,0,1,0
3504,5,2,12275,12275,12277,0,2,4
3505,3,3,12278,12278,12281,0,3,1
3506,6,1,12284,12284,12285,0,1,3
3507,4,1,12288,12288,12289,0,1,3
3508,6,1,12294,12294,12295,0,1,5
3509,6,1,12300,12300,12301,0,1,5
3510,6,2,12306,12306,12308,0,2,5
3511,2,3,12308,12308,12311,0,3,0
3512,6,1,12314,12314,12315,0,1,3
3513,6,3,12320,12320,12323,0,3,5
3514,4,1,12324,12324,12325,0,1,1
3515,4,2,12328,12328,12330,0,2,3
3516,4,1,12332,12332,12333,0,1,2
3517,3,3,12335,12335,12338,0,3,2
3518,3,1,12338,12338,12339,0,1,0
3519,6,3,12344,12344,12347,0,3,5
3520,3,2,12347,12347,12349,0,2,0
3521,5,1,12352,12352,12353,0,1,3
3522,4,2,12356,12356,12358,0,2,3
3523,3,1,12359,12359,12360,0,1,1
3524,2,3,12361,12361,12364,0,3,1
3525,1,3,12362,12364,12367,2,5,0
3526,1,3,12363,12367,12370,4,7,0
3527,6,3,12369,12370,12373,1,4,0
3528,4,1,12373,12373,12374,0,1,0
3529,2,1,12375,12375,12376,0,1,1
3530,3,1,12378,12378,12379,0,1,2
3531,3,3,12381,12381,12384,0,3,2
3532,1,3,12382,12384,12387,2,5,0
3533,2,2,12384,12387,12389,3,5,0
3534,3,3,12387,12389,12392,2,5,0
3535,4,1,12391,12392,12393,1,2,0
3536,5,2,12396,12396,12398,0,2,3
3537,2,2,12398,12398,12400,0,2,0
3538,2,3,12400,12400,12403,0,3,0
3539,3,3,12403,12403,12406,0,3,0
3540,5,2,12408,12408,12410,0,2,2
3541,3,3,12411,12411,12414,0,3,1
3542,2,2,12413,12414,12416,1,3,0
3543,4,2,12417,12417,12419,0,2,1
3544,6,2,12423,12423,12425,0,2,4
3545,4,2,12427,12427,12429,0,2,2
3546,2,3,12429,12429,12432,0,3,0
3547,6,2,12435,12435,12437,0,2,3
3548,1,3,12436,12437,12440,1,4,0
3549,3,1,12439,12440,12441,1,2,0
3550,2,3,12441,12441,12444,0,3,0
3551,2,2,12443,12444,12446,1,3,0
3552,1,2,12444,12446,12448,2,4,0
3553,4,3,12448,12448,12451,0,3,0
3554,6,1,12454,12454,12455,0,1,3
3555,6,3,12460,12460,12463,0,3,5
3556,1,2,12461,12463,12465,2,4,0
3557,2,1,12463,12465,12466,2,3,0
3558,2,1,12465,12466,12467,1,2,0
3559,6,3,12471,12471,12474,0,3,4
3560,1,2,12472,12474,12476,2,4,0
3561,5,3,12477,12477,12480,0,3,1
3562,6,3,12483,12483,12486,0,3,3
3563,5,3,12488,12488,12491,0,3,2
3564,2,3,12490,12491,12494,1,4,0
3565,5,3,12495,12495,12498,0,3,1
3566,2,3,12497,12498,12501,1,4,0
3567,1,2,12498,12501,12503,3,5,0
3568,1,1,12499,12503,12504,4,5,0
3569,6,3,12505,12505,12508,0,3,1
3570,6,1,12511,12511,12512,0,1,3
3571,1,3,12512,12512,12515,0,3,0
3572,5,2,12517,12517,12519,0,2,2
3573,5,1,12522,12522,12523,0,1,3
3574,3,1,12525,12525,12526,0,1,2
3575,3,2,12528,12528,12530,0,2,2
3576,5,1,12533,12533,12534,0,1,3
3577,6,1,12539,12539,12540,0,1,5
3578,6,3,12545,12545,12548,0,3,5
3579,4,1,12549,12549,12550,0,1,1
3580,1,3,12550,12550,12553,0,3,0
3581,5,1,12555,12555,12556,0,1,2
3582,4,1,12559,12559,12560,0,1,3
3583,4,3,12563,12563,12566,0,3,3
3584,5,3,12568,12568,12571,0,3,2
3585,5,1,12573,12573,12574,0,1,2
3586,6,3,12579,12579,12582,0,3,5
3587,4,2,12583,12583,12585,0,2,1
3588,3,3,12586,12586,12589,0,3,1
3589,5,1,12591,12591,12592,0,1,2
3590,6,3,12597,12597,12600,0,3,5
3591,2,2,12599,12600,12602,1,3,0
3592,1,3,12600,12602,12605,2,5,0
3593,5,3,12605,12605,12608,0,3,0
3594,4,3,12609,12609,12612,0,3,1
3595,2,2,12611,12612,12614,1,3,0
3596,4,2,12615,12615,12617,0,2,1
3597,2,1,12617,12617,12618,0,1,0
3598,4,2,12621,12621,12623,0,2,3
3599,1,2,12622,12623,12625,1,3,0
3600,6,2,12628,12628,12630,0,2,3
3601,1,1,12629,12630,12631,1,2,0
3602,1,2,12630,12631,12633,1,3,0
3603,2,2,12632,12633,12635,1,3,0
3604,6,1,12638,12638,12639,0,1,3
3605,3,1,12641,12641,12642,0,1,2
3606,4,2,12645,12645,12647,0,2,3
3607,5,1,12650,12650,12651,0,1,3
3608,6,1,12656,12656,12657,0,1,5
3609,1,2,12657,12657,12659,0,2,0
3610,6,1,12663,12663,12664,0,1,4
3611,1,2,12664,12664,12666,0,2,0
3612,6,1,12670,12670,12671,0,1,4
3613,1,3,12671,12671,12674,0,3,0
3614,6,3,12677,12677,12680,0,3,3
3615,2,2,12679,12680,12682,1,3,0
3616,5,2,12684,12684,12686,0,2,2
3617,5,1,12689,12689,12690,0,1,3
3618,6,3,12695,12695,12698,0,3,5
3619,3,2,12698,12698,12700,0,2,0
3620,1,2,12699,12700,12702,1,3,0
3621,3,1,12702,12702,12703,0,1,0
3622,2,3,12704,12704,12707,0,3,1
3623,2,3,12706,12707,12710,1,4,0
3624,3,3,12709,12710,12713,1,4,0
3625,2,3,12711,12713,12716,2,5,0
3626,3,3,12714,12716,12719,2,5,0
3627,3,2,12717,12719,12721,2,4,0
3628,3,2,12720,12721,12723,1,3,0
3629,6,2,12726,12726,12728,0,2,3
3630,3,2,12729,12729,12731,0,2,1
3631,3,2,12732,12732,12734,0,2,1
3632,3,3,12735,12735,12738,0,3,1
3633,4,1,12739,12739,12740,0,1,1
3634,6,1,12745,12745,12746,0,1,5
3635,2,2,12747,12747,12749,0,2,1
3636,1,3,12748,12749,12752,1,4,0
3637,5,1,12753,12753,12754,0,1,1
3638,2,3,12755,12755,12758,0,3,1
3639,3,1,12758,12758,12759,0,1,0
3640,1,1,12759,12759,12760,0,1,0
3641,3,1,12762,12762,12763,0,1,2
3642,4,2,12766,12766,12768,0,2,3
3643,4,3,12770,12770,12773,0,3,2
3644,4,1,12774,12774,12775,0,1,1
3645,5,2,12779,12779,12781,0,2,4
3646,5,1,12784,12784,12785,0,1,3
3647,5,2,12789,12789,12791,0,2,4
3648,2,3,12791,12791,12794,0,3,0
3649,4,3,12795,12795,12798,0,3,1
3650,2,2,12797,12798,12800,1,3,0
3651,1,3,12798,12800,12803,2,5,0
3652,1,1,12799,12803,12804,4,5,0
3653,5,2,12804,12804,12806,0,2,0
3654,1,1,12805,12806,12807,1,2,0
3655,5,3,12810,12810,12813,0,3,3
3656,2,2,12812,12813,12815,1,3,0
3657,5,1,12817,12817,12818,0,1,2
3658,1,2,12818,12818,12820,0,2,0
3659,2,1,12820,12820,12821,0,1,0
3660,1,2,12821,12821,12823,0,2,0
3661,1,3,12822,12823,12826,1,4,0
3662,2,3,12824,12826,12829,2,5,0
3663,5,3,12829,12829,12832,0,3,0
3664,5,2,12834,12834,12836,0,2,2
3665,3,2,12837,12837,12839,0,2,1
3666,6,1,12843,12843,12844,0,1,4
3667,2,3,12845,12845,12848,0,3,1
3668,5,1,12850,12850,12851,0,1,2
3669,3,1,12853,12853,12854,0,1,2
3670,2,1,12855,12855,12856,0,1,1
3671,4,1,12859,12859,12860,0,1,3
3672,6,1,12865,12865,12866,0,1,5
3673,5,2,12870,12870,12872,0,2,4
3674,5,1,12875,12875,12876,0,1,3
3675,4,3,12879,12879,12882,0,3,3
3676,5,1,12884,12884,12885,0,1,2
3677,3,1,12887,12887,12888,0,1,2
3678,1,3,12888,12888,12891,0,3,0
3679,1,3,12889,12891,12894,2,5,0
3680,1,1,12890,12894,12895,4,5,0
3681,5,1,12895,12895,12896,0,1,0
3682,1,2,12896,12896,12898,0,2,0
3683,2,2,12898,12898,12900,0,2,0
3684,2,2,12900,12900,12902,0,2,0
3685,2,1,12902,12902,12903,0,1,0
3686,5,1,12907,12907,12908,0,1,4
3687,2,2,12909,12909,12911,0,2,1
3688,2,1,12911,12911,12912,0,1,0
3689,3,2,12914,12914,12916,0,2,2
3690,3,2,12917,12917,12919,0,2,1
3691,2,3,12919,12919,12922,0,3,0
3692,2,3,12921,12922,12925,1,4,0
3693,3,2,12924,12925,12927,1,3,0
3694,1,2,12925,12927,12929,2,4,0
3695,1,1,12926,12929,12930,3,4,0
3696,1,2,12927,12930,12932,3,5,0
3697,3,2,12930,12932,12934,2,4,0
3698,4,1,12934,12934,12935,0,1,0
3699,1,2,12935,12935,12937,0,2,0
3700,2,3,12937,12937,12940,0,3,0
3701,1,3,12938,12940,12943,2,5,0
3702,1,3,12939,12943,12946,4,7,0
3703,3,1,12942,12946,12947,4,5,0
3704,6,1,12948,12948,12949,0,1,1
3705,4,3,12952,12952,12955,0,3,3
3706,4,3,12956,12956,12959,0,3,1
3707,4,2,12960,12960,12962,0,2,1
3708,6,3,12966,12966,12969,0,3,4
3709,4,1,12970,12970,12971,0,1,1
3710,4,2,12974,12974,12976,0,2,3
3711,2,3,12976,12976,12979,0,3,0
3712,5,3,12981,12981,12984,0,3,2
3713,2,2,12983,12984,12986,1,3,0
3714,4,1,12987,12987,12988,0,1,1
3715,6,2,12993,12993,12995,0,2,5
3716,5,3,12998,12998,13001,0,3,3
3717,5,3,13003,13003,13006,0,3,2
3718,6,2,13009,13009,13011,0,2,3
3719,4,1,13013,13013,13014,0,1,2
3720,3,3,13016,13016,13019,0,3,2
3721,1,1,13017,13019,13020,2,3,0
3722,4,1,13021,13021,13022,0,1,1
3723,1,1,13022,13022,13023,0,1,0
3724,2,3,13024,13024,13027,0,3,1
3725,3,1,13027,13027,13028,0,1,0
3726,5,3,13032,13032,13035,0,3,4
3727,3,2,13035,13035,13037,0,2,0
3728,5,2,13040,13040,13042,0,2,3
3729,5,3,13045,13045,13048,0,3,3
3730,5,1,13050,13050,13051,0,1,2
3731,1,1,13051,13051,13052,0,1,0
3732,6,1,13057,13057,13058,0,1,5
3733,1,3,13058,13058,13061,0,3,0
3734,1,1,13059,13061,13062,2,3,0
3735,2,3,13061,13062,13065,1,4,0
3736,6,1,13067,13067,13068,0,1,2
3737,2,3,13069,13069,13072,0,3,1
3738,5,3,13074,13074,13077,0,3,2
3739,5,3,13079,13079,13082,0,3,2
3740,2,3,13081,13082,13085,1,4,0
3741,5,2,13086,13086,13088,0,2,1
3742,3,1,13089,13089,13090,0,1,1
3743,5,2,13094,13094,13096,0,2,4
3744,5,2,13099,13099,13101,0,2,3
3745,5,1,13104,13104,13105,0,1,3
3746,5,2,13109,13109,13111,0,2,4
3747,2,3,13111,13111,13114,0,3,0
3748,4,3,13115,13115,13118,0,3,1
3749,3,3,13118,13118,13121,0,3,0
3750,1,2,13119,13121,13123,2,4,0
3751,1,3,13120,13123,13126,3,6,0
3752,4,2,13124,13126,13128,2,4,0
3753,4,2,13128,13128,13130,0,2,0
3754,2,1,13130,13130,13131,0,1,0
3755,3,2,13133,13133,13135,0,2,2
3756,3,1,13136,13136,13137,0,1,1
3757,3,1,13139,13139,13140,0,1,2
3758,2,2,13141,13141,13143,0,2,1
3759,4,3,13145,13145,13148,0,3,2
3760,1,3,13146,13148,13151,2,5,0
3761,4,1,13150,13151,13152,1,2,0
3762,1,3,13151,13152,13155,1,4,0
3763,1,1,13152,13155,13156,3,4,0
3764,6,2,13158,13158,13160,0,2,2
3765,2,2,13160,13160,13162,0,2,0
3766,1,3,13161,13162,13165,1,4,0
3767,4,2,13165,13165,13167,0,2,0
3768,5,3,13170,13170,13173,0,3,3
3769,1,1,13171,13173,13174,2,3,0
3770,6,2,13177,13177,13179,0,2,3
3771,6,3,13183,13183,13186,0,3,4
3772,2,2,13185,13186,13188,1,3,0
3773,1,1,13186,13188,13189,2,3,0
3774,5,2,13191,13191,13193,0,2,2
3775,1,3,13192,13193,13196,1,4,0
3776,4,2,13196,13196,13198,0,2,0
3777,5,3,13201,13201,13204,0,3,3
3778,4,3,13205,13205,13208,0,3,1
3779,2,2,13207,13208,13210,1,3,0
3780,2,2,13209,13210,13212,1,3,0
3781,1,2,13210,13212,13214,2,4,0
3782,5,3,13215,13215,13218,0,3,1
3783,1,3,13216,13218,13221,2,5,0
3784,2,3,13218,13221,13224,3,6,0
3785,4,2,13222,13224,13226,2,4,0
3786,5,3,13227,13227,13230,0,3,1
3787,6,2,13233,13233,13235,0,2,3
3788,6,1,13239,13239,13240,0,1,4
3789,1,3,13240,13240,13243,0,3,0
3790,4,2,13244,13244,13246,0,2,1
3791,1,1,13245,13246,13247,1,2,0
3792,5,1,13250,13250,13251,0,1,3
3793,2,2,13252,13252,13254,0,2,1
3794,6,3,13258,13258,13261,0,3,4
3795,1,2,13259,13261,13263,2,4,0
3796,1,1,13260,13263,13264,3,4,0
3797,4,2,13264,13264,13266,0,2,0
3798,3,3,13267,13267,13270,0,3,1
3799,2,1,13269,13270,13271,1,2,0
3800,4,3,13273,13273,13276,0,3,2
3801,5,2,13278,13278,13280,0,2,2
3802,1,2,13279,13280,13282,1,3,0
3803,3,3,13282,13282,13285,0,3,0
3804,3,3,13285,13285,13288,0,3,0
3805,1,1,13286,13288,13289,2,3,0
3806,6,3,13292,13292,13295,0,3,3
3807,1,3,13293,13295,13298,2,5,0
3808,5,2,13298,13298,13300,0,2,0
3809,3,3,13301,13301,13304,0,3,1
3810,4,3,13305,13305,13308,0,3,1
3811,5,3,13310,13310,13313,0,3,2
3812,2,1,13312,13313,13314,1,2,0
3813,2,1,13314,13314,13315,0,1,0
3814,1,2,13315,13315,13317,0,2,0
3815,1,3,13316,13317,13320,1,4,0
3816,3,2,13319,13320,13322,1,3,0
3817,5,1,13324,13324,13325,0,1,2
3818,3,3,13327,13327,13330,0,3,2
3819,3,1,13330,13330,13331,0,1,0
3820,1,3,13331,13331,13334,0,3,0
3821,5,1,13336,13336,13337,0,1,2
3822,1,1,13337,13337,13338,0,1,0
3823,5,3,13342,13342,13345,0,3,4
3824,4,1,13346,13346,13347,0,1,1
3825,5,3,13351,13351,13354,0,3,4
3826,6,1,13357,13357,13358,0,1,3
3827,1,3,13358,13358,13361,0,3,0
3828,1,2,13359,13361,13363,2,4,0
3829,2,3,13361,13363,13366,2,5,0
3830,1,1,13362,13366,13367,4,5,0
3831,1,3,13363,13367,13370,4,7,0
3832,2,1,13365,13370,13371,5,6,0
3833,3,2,13368,13371,13373,3,5,0
3834,3,3,13371,13373,13376,2,5,0
3835,4,1,13375,13376,13377,1,2,0
3836,1,2,13376,13377,13379,1,3,0
3837,5,1,13381,13381,13382,0,1,2
3838,2,3,13383,13383,13386,0,3,1
3839,4,2,13387,13387,13389,0,2,1
3840,4,2,13391,13391,13393,0,2,2
3841,3,3,13394,13394,13397,0,3,1
3842,5,3,13399,13399,13402,0,3,2
3843,3,2,13402,13402,13404,0,2,0
3844,1,2,13403,13404,13406,1,3,0
3845,3,1,13406,13406,13407,0,1,0
3846,5,2,13411,13411,13413,0,2,4
3847,1,1,13412,13413,13414,1,2,0
3848,6,2,13418,13418,13420,0,2,4
3849,3,3,13421,13421,13424,0,3,1
3850,3,1,13424,13424,13425,0,1,0
3851,2,3,13426,13426,13429,0,3,1
3852,4,1,13430,13430,13431,0,1,1
3853,6,1,13436,13436,13437,0,1,5
3854,4,3,13440,13440,13443,0,3,3
3855,3,3,13443,13443,13446,0,3,0
3856,4,3,13447,13447,13450,0,3,1
3857,2,3,13449,13450,13453,1,4,0
3858,6,2,13455,13455,13457,0,2,2
3859,2,1,13457,13457,13458,0,1,0
3860,5,3,13462,13462,13465,0,3,4
3861,3,1,13465,13465,13466,0,1,0
3862,1,1,13466,13466,13467,0,1,0
3863,5,3,13471,13471,13474,0,3,4
3864,2,1,13473,13474,13475,1,2,0
3865,5,3,13478,13478,13481,0,3,3
3866,2,2,13480,13481,13483,1,3,0
3867,1,3,13481,13483,13486,2,5,0
3868,6,3,13487,13487,13490,0,3,1
3869,6,2,13493,13493,13495,0,2,3
3870,6,1,13499,13499,13500,0,1,4
3871,4,3,13503,13503,13506,0,3,3
3872,5,3,13508,13508,13511,0,3,2
3873,1,2,13509,13511,13513,2,4,0
3874,2,3,13511,13513,13516,2,5,0
3875,3,2,13514,13516,13518,2,4,0
3876,4,1,13518,13518,13519,0,1,0
3877,4,3,13522,13522,13525,0,3,3
3878,1,1,13523,13525,13526,2,3,0
3879,6,2,13529,13529,13531,0,2,3
3880,3,1,13532,13532,13533,0,1,1
3881,6,2,13538,13538,13540,0,2,5
3882,2,1,13540,13540,13541,0,1,0
3883,5,3,13545,13545,13548,0,3,4
3884,3,2,13548,13548,13550,0,2,0
3885,3,1,13551,13551,13552,0,1,1
3886,2,1,13553,13553,13554,0,1,1
3887,3,3,13556,13556,13559,0,3,2
3888,6,2,13562,13562,13564,0,2,3
3889,4,1,13566,13566,13567,0,1,2
3890,1,2,13567,13567,13569,0,2,0
3891,6,3,13573,13573,13576,0,3,4
3892,4,3,13577,13577,13580,0,3,1
3893,4,1,13581,13581,13582,0,1,1
3894,4,1,13585,13585,13586,0,1,3
3895,2,2,13587,13587,13589,0,2,1
3896,5,3,13592,13592,13595,0,3,3
3897,3,3,13595,13595,13598,0,3,0
3898,5,3,13600,13600,13603,0,3,2
3899,1,3,13601,13603,13606,2,5,0
3900,3,1,13604,13606,13607,2,3,0
3901,1,1,13605,13607,13608,2,3,0
3902,1,2,13606,13608,13610,2,4,0
3903,5,3,13611,13611,13614,0,3,1
3904,6,2,13617,13617,13619,0,2,3
3905,2,2,13619,13619,13621,0,2,0
3906,6,3,13625,13625,13628,0,3,4
3907,4,2,13629,13629,13631,0,2,1
3908,4,3,13633,13633,13636,0,3,2
3909,5,2,13638,13638,13640,0,2,2
3910,5,2,13643,13643,13645,0,2,3
3911,4,1,13647,13647,13648,0,1,2
3912,3,2,13650,13650,13652,0,2,2
3913,4,2,13654,13654,13656,0,2,2
3914,6,3,13660,13660,13663,0,3,4
3915,2,3,13662,13663,13666,1,4,0
3916,6,1,13668,13668,13669,0,1,2
3917,5,3,13673,13673,13676,0,3,4
3918,4,2,13677,13677,13679,0,2,1
3919,5,1,13682,13682,13683,0,1,3
3920,1,1,13683,13683,13684,0,1,0
3921,2,3,13685,13685,13688,0,3,1
3922,5,2,13690,13690,13692,0,2,2
3923,4,1,13694,13694,13695,0,1,2
3924,2,3,13696,13696,13699,0,3,1
3925,4,1,13700,13700,13701,0,1,1
3926,3,1,13703,13703,13704,0,1,2
3927,4,3,13707,13707,13710,0,3,3
3928,3,2,13710,13710,13712,0,2,0
3929,4,1,13714,13714,13715,0,1,2
3930,3,3,13717,13717,13720,0,3,2
3931,4,2,13721,13721,13723,0,2,1
3932,4,3,13725,13725,13728,0,3,2
3933,4,1,13729,13729,13730,0,1,1
3934,6,2,13735,13735,13737,0,2,5
3935,1,2,13736,13737,13739,1,3,0
3936,3,1,13739,13739,13740,0,1,0
3937,3,1,13742,13742,13743,0,1,2
3938,3,2,13745,13745,13747,0,2,2
3939,4,2,13749,13749,13751,0,2,2
3940,3,2,13752,13752,13754,0,2,1
3941,6,1,13758,13758,13759,0,1,4
3942,3,3,13761,13761,13764,0,3,2
3943,4,3,13765,13765,13768,0,3,1
3944,6,3,13771,13771,13774,0,3,3
3945,1,3,13772,13774,13777,2,5,0
3946,1,1,13773,13777,13778,4,5,0
3947,5,3,13778,13778,13781,0,3,0
3948,1,3,13779,13781,13784,2,5,0
3949,3,1,13782,13784,13785,2,3,0
3950,5,2,13787,13787,13789,0,2,2
3951,3,1,13790,13790,13791,0,1,1
3952,6,2,13796,13796,13798,0,2,5
3953,4,2,13800,13800,13802,0,2,2
3954,2,3,13802,13802,13805,0,3,0
3955,1,3,13803,13805,13808,2,5,0
3956,3,2,13806,13808,13810,2,4,0
3957,2,3,13808,13810,13813,2,5,0
3958,5,1,13813,13813,13814,0,1,0
3959,4,1,13817,13817,13818,0,1,3
3960,5,1,13822,13822,13823,0,1,4
3961,4,1,13826,13826,13827,0,1,3
3962,4,1,13830,13830,13831,0,1,3
3963,3,3,13833,13833,13836,0,3,2
3964,6,1,13839,13839,13840,0,1,3
3965,6,3,13845,13845,13848,0,3,5
3966,2,2,13847,13848,13850,1,3,0
3967,6,1,13853,13853,13854,0,1,3
3968,1,2,13854,13854,13856,0,2,0
3969,1,2,13855,13856,13858,1,3,0
3970,1,2,13856,13858,13860,2,4,0
3971,3,3,13859,13860,13863,1,4,0
3972,4,2,13863,13863,13865,0,2,0
3973,5,1,13868,13868,13869,0,1,3
3974,6,3,13874,13874,13877,0,3,5
3975,2,1,13876,13877,13878,1,2,0
3976,4,1,13880,13880,13881,0,1,2
3977,5,1,13885,13885,13886,0,1,4
3978,5,3,13890,13890,13893,0,3,4
3979,4,1,13894,13894,13895,0,1,1
3980,4,1,13898,13898,13899,0,1,3
3981,3,2,13901,13901,13903,0,2,2
3982,2,2,13903,13903,13905,0,2,0
3983,1,3,13904,13905,13908,1,4,0
3984,6,2,13910,13910,13912,0,2,2
3985,4,2,13914,13914,13916,0,2,2
3986,3,3,13917,13917,13920,0,3,1
3987,6,1,13923,13923,13924,0,1,3
3988,4,3,13927,13927,13930,0,3,3
3989,1,3,13928,13930,13933,2,5,0
3990,4,3,13932,13933,13936,1,4,0
3991,6,1,13938,13938,13939,0,1,2
3992,3,3,13941,13941,13944,0,3,2
3993,1,2,13942,13944,13946,2,4,0
3994,6,1,13948,13948,13949,0,1,2
3995,1,1,13949,13949,13950,0,1,0
3996,3,2,13952,13952,13954,0,2,2
3997,2,1,13954,13954,13955,0,1,0
3998,6,2,13960,13960,13962,0,2,5
3999,3,1,13963,13963,13964,0,1,1
4000,1,2,13964,13964,13966,0,2,0
4001,1,1,13965,13966,13967,1,2,0
4002,5,1,13970,13970,13971,0,1,3
4003,6,1,13976,13976,13977,0,1,5
4004,3,2,13979,13979,13981,0,2,2
4005,3,3,13982,13982,13985,0,3,1
4006,2,3,13984,13985,13988,1,4,0
4007,6,1,13990,13990,13991,0,1,2
4008,3,3,13993,13993,13996,0,3,2
4009,5,3,13998,13998,14001,0,3,2
4010,1,1,13999,14001,14002,2,3,0
4011,1,2,14000,14002,14004,2,4,0
4012,6,3,14006,14006,14009,0,3,2
4013,2,3,14008,14009,14012,1,4,0
4014,3,2,14011,14012,14014,1,3,0
4015,6,3,14017,14017,14020,0,3,3
4016,2,2,14019,14020,14022,1,3,0
4017,5,2,14024,14024,14026,0,2,2
4018,3,2,14027,14027,14029,0,2,1
4019,6,2,14033,14033,14035,0,2,4
4020,2,1,14035,14035,14036,0,1,0
4021,2,2,14037,14037,14039,0,2,1
4022,6,1,14043,14043,14044,0,1,4
4023,5,1,14048,14048,14049,0,1,4
4024,1,3,14049,14049,14052,0,3,0
4025,5,1,14054,14054,14055,0,1,2
4026,3,1,14057,14057,14058,0,1,2
4027,6,1,14063,14063,14064,0,1,5
4028,1,2,14064,14064,14066,0,2,0
4029,1,1,14065,14066,14067,1,2,0
4030,2,1,14067,14067,14068,0,1,0
4031,5,3,14072,14072,14075,0,3,4
4032,6,1,14078,14078,14079,0,1,3
4033,3,2,14081,14081,14083,0,2,2
4034,2,1,14083,14083,14084,0,1,0
4035,1,2,14084,14084,14086,0,2,0
4036,6,2,14090,14090,14092,0,2,4
4037,1,3,14091,14092,14095,1,4,0
4038,1,3,14092,14095,14098,3,6,0
4039,3,1,14095,14098,14099,3,4,0
4040,2,1,14097,14099,14100,2,3,0
4041,6,3,14103,14103,14106,0,3,3
4042,5,3,14108,14108,14111,0,3,2
4043,2,2,14110,14111,14113,1,3,0
4044,1,3,14111,14113,14116,2,5,0
4045,4,3,14115,14116,14119,1,4,0
4046,6,1,14121,14121,14122,0,1,2
4047,4,1,14125,14125,14126,0,1,3
4048,3,2,14128,14128,14130,0,2,2
4049,1,3,14129,14130,14133,1,4,0
4050,5,3,14134,14134,14137,0,3,1
4051,1,3,14135,14137,14140,2,5,0
4052,2,3,14137,14140,14143,3,6,0
4053,5,3,14142,14143,14146,1,4,0
4054,2,3,14144,14146,14149,2,5,0
4055,2,3,14146,14149,14152,3,6,0
4056,3,1,14149,14152,14153,3,4,0
4057,3,1,14152,14153,14154,1,2,0
4058,6,3,14158,14158,14161,0,3,4
4059,2,3,14160,14161,14164,1,4,0
4060,6,2,14166,14166,14168,0,2,2
4061,2,1,14168,14168,14169,0,1,0
4062,5,2,14173,14173,14175,0,2,4
4063,3,2,14176,14176,14178,0,2,1
4064,5,2,14181,14181,14183,0,2,3
4065,5,2,14186,14186,14188,0,2,3
4066,1,3,14187,14188,14191,1,4,0
4067,2,3,14189,14191,14194,2,5,0
4068,2,1,14191,14194,14195,3,4,0
4069,4,1,14195,14195,14196,0,1,0
4070,2,1,14197,14197,14198,0,1,1
4071,6,1,14203,14203,14204,0,1,5
4072,3,3,14206,14206,14209,0,3,2
4073,5,2,14211,14211,14213,0,2,2
4074,4,1,14215,14215,14216,0,1,2
4075,4,1,14219,14219,14220,0,1,3
4076,2,2,14221,14221,14223,0,2,1
4077,5,2,14226,14226,14228,0,2,3
4078,4,3,14230,14230,14233,0,3,2
4079,4,3,14234,14234,14237,0,3,1
4080,6,2,14240,14240,14242,0,2,3
4081,5,2,14245,14245,14247,0,2,3
4082,1,2,14246,14247,14249,1,3,0
4083,3,1,14249,14249,14250,0,1,0
4084,4,3,14253,14253,14256,0,3,3
4085,5,2,14258,14258,14260,0,2,2
4086,1,2,14259,14260,14262,1,3,0
4087,1,3,14260,14262,14265,2,5,0
4088,1,3,14261,14265,14268,4,7,0
4089,3,2,14264,14268,14270,4,6,0
4090,1,1,14265,14270,14271,5,6,0
4091,1,3,14266,14271,14274,5,8,0
4092,2,2,14268,14274,14276,6,8,0
4093,3,2,14271,14276,14278,5,7,0
4094,6,3,14277,14278,14281,1,4,0
4095,1,2,14278,14281,14283,3,5,0
4096,5,2,14283,14283,14285,0,2,0
4097,4,3,14287,14287,14290,0,3,2
4098,4,3,14291,14291,14294,0,3,1
4099,5,3,14296,14296,14299,0,3,2
4100,3,3,14299,14299,14302,0,3,0
4101,6,2,14305,14305,14307,0,2,3
4102,6,1,14311,14311,14312,0,1,4
4103,3,1,14314,14314,14315,0,1,2
4104,1,2,14315,14315,14317,0,2,0
4105,3,1,14318,14318,14319,0,1,1
4106,1,1,14319,14319,14320,0,1,0
4107,5,2,14324,14324,14326,0,2,4
4108,1,1,14325,14326,14327,1,2,0
4109,5,2,14330,14330,14332,0,2,3
4110,3,2,14333,14333,14335,0,2,1
4111,3,2,14336,14336,14338,0,2,1
4112,4,3,14340,14340,14343,0,3,2
4113,2,1,14342,14343,14344,1,2,0
4114,2,1,14344,14344,14345,0,1,0
4115,4,1,14348,14348,14349,0,1,3
4116,1,2,14349,14349,14351,0,2,0
4117,5,1,14354,14354,14355,0,1,3
4118,6,1,14360,14360,14361,0,1,5
4119,5,1,14365,14365,14366,0,1,4
4120,5,1,14370,14370,14371,0,1,4
4121,2,2,14372,14372,14374,0,2,1
4122,3,2,14375,14375,14377,0,2,1
4123,6,2,14381,14381,14383,0,2,4
4124,4,3,14385,14385,14388,0,3,2
4125,6,2,14391,14391,14393,0,2,3
4126,6,1,14397,14397,14398,0,1,4
4127,3,1,14400,14400,14401,0,1,2
4128,2,1,14402,14402,14403,0,1,1
4129,4,2,14406,14406,14408,0,2,3
4130,3,3,14409,14409,14412,0,3,1
4131,6,2,14415,14415,14417,0,2,3
4132,5,2,14420,14420,14422,0,2,3
4133,1,1,14421,14422,14423,1,2,0
4134,5,1,14426,14426,14427,0,1,3
4135,1,3,14427,14427,14430,0,3,0
4136,1,2,14428,14430,14432,2,4,0
4137,1,2,14429,14432,14434,3,5,0
4138,3,1,14432,14434,14435,2,3,0
4139,2,1,14434,14435,14436,1,2,0
4140,4,1,14438,14438,14439,0,1,2
4141,4,1,14442,14442,14443,0,1,3
4142,1,1,14443,14443,14444,0,1,0
4143,6,1,14449,14449,14450,0,1,5
4144,2,3,14451,14451,14454,0,3,1
4145,5,1,14456,14456,14457,0,1,2
4146,1,2,14457,14457,14459,0,2,0
4147,6,1,14463,14463,14464,0,1,4
4148,1,1,14464,14464,14465,0,1,0
4149,3,3,14467,14467,14470,0,3,2
4150,3,2,14470,14470,14472,0,2,0
4151,4,3,14474,14474,14477,0,3,2
4152,4,3,14478,14478,14481,0,3,1
4153,6,3,14484,14484,14487,0,3,3
4154,6,1,14490,14490,14491,0,1,3
4155,1,1,14491,14491,14492,0,1,0
4156,1,1,14492,14492,14493,0,1,0
4157,3,1,14495,14495,14496,0,1,2
4158,6,3,14501,14501,14504,0,3,5
4159,3,3,14504,14504,14507,0,3,0
4160,3,2,14507,14507,14509,0,2,0
4161,5,3,14512,14512,14515,0,3,3
4162,6,1,14518,14518,14519,0,1,3
4163,3,2,14521,14521,14523,0,2,2
4164,3,3,14524,14524,14527,0,3,1
4165,5,3,14529,14529,14532,0,3,2
4166,5,2,14534,14534,14536,0,2,2
4167,2,3,14536,14536,14539,0,3,0
4168,5,2,14541,14541,14543,0,2,2
4169,4,3,14545,14545,14548,0,3,2
4170,3,2,14548,14548,14550,0,2,0
4171,3,1,14551,14551,14552,0,1,1
4172,6,2,14557,14557,14559,0,2,5
4173,4,2,14561,14561,14563,0,2,2
4174,4,1,14565,14565,14566,0,1,2
4175,1,2,14566,14566,14568,0,2,0
4176,5,1,14571,14571,14572,0,1,3
4177,3,3,14574,14574,14577,0,3,2
4178,2,3,14576,14577,14580,1,4,0
4179,5,2,14581,14581,14583,0,2,1
4180,6,3,14587,14587,14590,0,3,4
4181,1,3,14588,14590,14593,2,5,0
4182,4,3,14592,14593,14596,1,4,0
4183,4,2,14596,14596,14598,0,2,0
4184,1,2,14597,14598,14600,1,3,0
4185,1,2,14598,14600,14602,2,4,0
4186,3,3,14601,14602,14605,1,4,0
4187,1,2,14602,14605,14607,3,5,0
4188,1,2,14603,14607,14609,4,6,0
4189,6,2,14609,14609,14611,0,2,0
4190,4,3,14613,14613,14616,0,3,2
4191,5,3,14618,14618,14621,0,3,2
4192,3,2,14621,14621,14623,0,2,0
4193,3,1,14624,14624,14625,0,1,1
4194,3,2,14627,14627,14629,0,2,2
4195,5,1,14632,14632,14633,0,1,3
4196,2,3,14634,14634,14637,0,3,1
4197,1,3,14635,14637,14640,2,5,0
4198,6,1,14641,14641,14642,0,1,1
4199,1,1,14642,14642,14643,0,1,0
4200,2,1,14644,14644,14645,0,1,1
4201,6,2,14650,14650,14652,0,2,5
4202,2,1,14652,14652,14653,0,1,0
4203,6,3,14658,14658,14661,0,3,5
4204,1,3,14659,14661,14664,2,5,0
4205,6,2,14665,14665,14667,0,2,1
4206,1,3,14666,14667,14670,1,4,0
4207,3,1,14669,14670,14671,1,2,0
4208,5,2,14674,14674,14676,0,2,3
4209,6,1,14680,14680,14681,0,1,4
4210,2,2,14682,14682,14684,0,2,1
4211,1,3,14683,14684,14687,1,4,0
4212,3,2,14686,14687,14689,1,3,0
4213,6,1,14692,14692,14693,0,1,3
4214,6,3,14698,14698,14701,0,3,5
4215,4,2,14702,14702,14704,0,2,1
4216,5,3,14707,14707,14710,0,3,3
4217,6,1,14713,14713,14714,0,1,3
4218,6,3,14719,14719,14722,0,3,5
4219,2,2,14721,14722,14724,1,3,0
4220,6,3,14727,14727,14730,0,3,3
4221,1,3,14728,14730,14733,2,5,0
4222,5,3,14733,14733,14736,0,3,0
4223,5,2,14738,14738,14740,0,2,2
4224,4,3,14742,14742,14745,0,3,2
4225,5,3,14747,14747,14750,0,3,2
4226,2,1,14749,14750,14751,1,2,0
4227,1,2,14750,14751,14753,1,3,0
4228,4,3,14754,14754,14757,0,3,1
4229,1,2,14755,14757,14759,2,4,0
4230,5,1,14760,14760,14761,0,1,1
4231,1,2,14761,14761,14763,0,2,0
4232,4,1,14765,14765,14766,0,1,2
4233,4,3,14769,14769,14772,0,3,3
4234,4,3,14773,14773,14776,0,3,1
4235,2,3,14775,14776,14779,1,4,0
4236,4,3,14779,14779,14782,0,3,0
4237,3,2,14782,14782,14784,0,2,0
4238,3,2,14785,14785,14787,0,2,1
4239,3,3,14788,14788,14791,0,3,1
4240,6,3,14794,14794,14797,0,3,3
4241,3,3,14797,14797,14800,0,3,0
4242,5,3,14802,14802,14805,0,3,2
4243,4,3,14806,14806,14809,0,3,1
4244,5,1,14811,14811,14812,0,1,2
4245,3,2,14814,14814,14816,0,2,2
4246,2,3,14816,14816,14819,0,3,0
4247,1,1,14817,14819,14820,2,3,0
4248,3,3,14820,14820,14823,0,3,0
4249,5,1,14825,14825,14826,0,1,2
4250,2,2,14827,14827,14829,0,2,1
4251,1,1,14828,14829,14830,1,2,0
4252,4,1,14832,14832,14833,0,1,2
4253,1,2,14833,14833,14835,0,2,0
4254,6,2,14839,14839,14841,0,2,4
4255,5,2,14844,14844,14846,0,2,3
4256,6,1,14850,14850,14851,0,1,4
4257,1,1,14851,14851,14852,0,1,0
4258,2,1,14853,14853,14854,0,1,1
4259,4,3,14857,14857,14860,0,3,3
4260,3,1,14860,14860,14861,0,1,0
4261,4,1,14864,14864,14865,0,1,3
4262,1,3,14865,14865,14868,0,3,0
4263,2,2,14867,14868,14870,1,3,0
4264,5,1,14872,14872,14873,0,1,2
4265,2,3,14874,14874,14877,0,3,1
4266,6,3,14880,14880,14883,0,3,3
4267,5,1,14885,14885,14886,0,1,2
4268,6,2,14891,14891,14893,0,2,5
4269,6,1,14897,14897,14898,0,1,4
4270,4,3,14901,14901,14904,0,3,3
4271,1,3,14902,14904,14907,2,5,0
4272,5,3,14907,14907,14910,0,3,0
4273,4,3,14911,14911,14914,0,3,1
4274,1,2,14912,14914,14916,2,4,0
4275,3,2,14915,14916,14918,1,3,0
4276,6,3,14921,14921,14924,0,3,3
4277,5,2,14926,14926,14928,0,2,2
4278,5,1,14931,14931,14932,0,1,3
4279,4,3,14935,14935,14938,0,3,3
4280,5,2,14940,14940,14942,0,2,2
4281,6,3,14946,14946,14949,0,3,4
4282,5,3,14951,14951,14954,0,3,2
4283,3,2,14954,14954,14956,0,2,0
4284,3,3,14957,14957,14960,0,3,1
4285,2,3,14959,14960,14963,1,4,0
4286,5,2,14964,14964,14966,0,2,1
4287,3,2,14967,14967,14969,0,2,1
4288,3,3,14970,14970,14973,0,3,1
4289,5,2,14975,14975,14977,0,2,2
4290,3,3,14978,14978,14981,0,3,1
4291,2,3,14980,14981,14984,1,4,0
4292,1,3,14981,14984,14987,3,6,0
4293,4,1,14985,14987,14988,2,3,0
4294,2,1,14987,14988,14989,1,2,0
4295,3,3,14990,14990,14993,0,3,1
4296,4,2,14994,14994,14996,0,2,1
4297,4,3,14998,14998,15001,0,3,2
4298,5,1,15003,15003,15004,0,1,2
4299,2,1,15005,15005,15006,0,1,1
4300,3,2,15008,15008,15010,0,2,2
4301,4,3,15012,15012,15015,0,3,2
4302,2,3,15014,15015,15018,1,4,0
4303,6,2,15020,15020,15022,0,2,2
4304,1,3,15021,15022,15025,1,4,0
4305,5,1,15026,15026,15027,0,1,1
4306,1,3,15027,15027,15030,0,3,0
4307,2,2,15029,15030,15032,1,3,0
4308,5,2,15034,15034,15036,0,2,2
4309,5,1,15039,15039,15040,0,1,3
4310,6,2,15045,15045,15047,0,2,5
4311,6,1,15051,15051,15052,0,1,4
4312,1,2,15052,15052,15054,0,2,0
4313,5,1,15057,15057,15058,0,1,3
4314,3,1,15060,15060,15061,0,1,2
4315,3,3,15063,15063,15066,0,3,2
4316,6,2,15069,15069,15071,0,2,3
4317,3,2,15072,15072,15074,0,2,1
4318,1,3,15073,15074,15077,1,4,0
4319,1,3,15074,15077,15080,3,6,0
4320,4,1,15078,15080,15081,2,3,0
4321,2,2,15080,15081,15083,1,3,0
4322,2,3,15082,15083,15086,1,4,0
4323,3,2,15085,15086,15088,1,3,0
4324,1,3,15086,15088,15091,2,5,0
4325,3,3,15089,15091,15094,2,5,0
4326,1,1,15090,15094,15095,4,5,0
4327,3,3,15093,15095,15098,2,5,0
4328,5,3,15098,15098,15101,0,3,0
4329,2,1,15100,15101,15102,1,2,0
4330,1,3,15101,15102,15105,1,4,0
4331,6,3,15107,15107,15110,0,3,2
4332,5,2,15112,15112,15114,0,2,2
4333,3,2,15115,15115,15117,0,2,1
4334,6,2,15121,15121,15123,0,2,4
4335,3,1,15124,15124,15125,0,1,1
4336,2,1,15126,15126,15127,0,1,1
4337,5,3,15131,15131,15134,0,3,4
4338,1,3,15132,15134,15137,2,5,0
4339,4,1,15136,15137,15138,1,2,0
4340,2,2,15138,15138,15140,0,2,0
4341,5,3,15143,15143,15146,0,3,3
4342,4,2,15147,15147,15149,0,2,1
4343,2,3,15149,15149,15152,0,3,0
4344,5,1,15154,15154,15155,0,1,2
4345,4,3,15158,15158,15161,0,3,3
4346,3,3,15161,15161,15164,0,3,0
4347,1,1,15162,15164,15165,2,3,0
4348,1,3,15163,15165,15168,2,5,0
4349,2,1,15165,15168,15169,3,4,0
4350,4,1,15169,15169,15170,0,1,0
4351,4,3,15173,15173,15176,0,3,3
4352,4,3,15177,15177,15180,0,3,1
4353,2,1,15179,15180,15181,1,2,0
4354,3,2,15182,15182,15184,0,2,1
4355,1,1,15183,15184,15185,1,2,0
4356,2,1,15185,15185,15186,0,1,0
4357,2,3,15187,15187,15190,0,3,1
4358,1,3,15188,15190,15193,2,5,0
4359,5,3,15193,15193,15196,0,3,0
4360,1,1,15194,15196,15197,2,3,0
4361,3,1,15197,15197,15198,0,1,0
4362,3,1,15200,15200,15201,0,1,2
4363,5,1,15205,15205,15206,0,1,4
4364,4,3,15209,15209,15212,0,3,3
4365,2,3,15211,15212,15215,1,4,0
4366,1,2,15212,15215,15217,3,5,0
4367,4,3,15216,15217,15220,1,4,0
4368,5,2,15221,15221,15223,0,2,1
4369,4,1,15225,15225,15226,0,1,2
4370,2,1,15227,15227,15228,0,1,1
4371,6,1,15233,15233,15234,0,1,5
4372,5,1,15238,15238,15239,0,1,4
4373,6,1,15244,15244,15245,0,1,5
4374,4,2,15248,15248,15250,0,2,3
4375,3,1,15251,15251,15252,0,1,1
4376,5,1,15256,15256,15257,0,1,4
4377,4,3,15260,15260,15263,0,3,3
4378,5,2,15265,15265,15267,0,2,2
4379,6,3,15271,15271,15274,0,3,4
4380,3,1,15274,15274,15275,0,1,0
4381,2,1,15276,15276,15277,0,1,1
4382,2,3,15278,15278,15281,0,3,1
4383,6,3,15284,15284,15287,0,3,3
4384,2,3,15286,15287,15290,1,4,0
4385,1,1,15287,15290,15291,3,4,0
4386,1,1,15288,15291,15292,3,4,0
4387,4,1,15292,15292,15293,0,1,0
4388,3,2,15295,15295,15297,0,2,2
4389,5,3,15300,15300,15303,0,3,3
4390,3,2,15303,15303,15305,0,2,0
4391,6,3,15309,15309,15312,0,3,4
4392,2,1,15311,15312,15313,1,2,0
4393,5,1,15316,15316,15317,0,1,3
4394,6,3,15322,15322,15325,0,3,5
4395,6,1,15328,15328,15329,0,1,3
4396,3,3,15331,15331,15334,0,3,2
4397,1,3,15332,15334,15337,2,5,0
4398,4,3,15336,15337,15340,1,4,0
4399,3,2,15339,15340,15342,1,3,0
4400,5,1,15344,15344,15345,0,1,2
4401,2,3,15346,15346,15349,0,3,1
4402,4,2,15350,15350,15352,0,2,1
4403,1,3,15351,15352,15355,1,4,0
4404,1,2,15352,15355,15357,3,5,0
4405,1,1,15353,15357,15358,4,5,0
4406,2,3,15355,15358,15361,3,6,0
4407,6,1,15361,15361,15362,0,1,0
4408,4,1,15365,15365,15366,0,1,3
4409,2,2,15367,15367,15369,0,2,1
4410,1,3,15368,15369,15372,1,4,0
4411,1,2,15369,15372,15374,3,5,0
4412,5,2,15374,15374,15376,0,2,0
4413,5,1,15379,15379,15380,0,1,3
4414,5,2,15384,15384,15386,0,2,4
4415,5,1,15389,15389,15390,0,1,3
4416,2,2,15391,15391,15393,0,2,1
4417,2,2,15393,15393,15395,0,2,0
4418,6,2,15399,15399,15401,0,2,4
4419,4,1,15403,15403,15404,0,1,2
4420,4,1,15407,15407,15408,0,1,3
4421,2,1,15409,15409,15410,0,1,1
4422,4,2,15413,15413,15415,0,2,3
4423,4,3,15417,15417,15420,0,3,2
4424,1,2,15418,15420,15422,2,4,0
4425,5,3,15423,15423,15426,0,3,1
4426,2,1,15425,15426,15427,1,2,0
4427,2,3,15427,15427,15430,0,3,0
4428,2,2,15429,15430,15432,1,3,0
4429,6,3,15435,15435,15438,0,3,3
4430,1,1,15436,15438,15439,2,3,0
4431,6,2,15442,15442,15444,0,2,3
4432,3,1,15445,15445,15446,0,1,1
4433,5,2,15450,15450,15452,0,2,4
4434,3,3,15453,15453,15456,0,3,1
4435,5,3,15458,15458,15461,0,3,2
4436,1,2,15459,15461,15463,2,4,0
4437,3,2,15462,15463,15465,1,3,0
4438,3,3,15465,15465,15468,0,3,0
4439,2,3,15467,15468,15471,1,4,0
4440,3,1,15470,15471,15472,1,2,0
4441,1,3,15471,15472,15475,1,4,0
4442,1,1,15472,15475,15476,3,4,0
4443,4,2,15476,15476,15478,0,2,0
4444,3,3,15479,15479,15482,0,3,1
4445,3,1,15482,15482,15483,0,1,0
4446,1,2,15483,15483,15485,0,2,0
4447,4,2,15487,15487,15489,0,2,2
4448,2,1,15489,15489,15490,0,1,0
4449,4,3,15493,15493,15496,0,3,3
4450,5,2,15498,15498,15500,0,2,2
4451,6,1,15504,15504,15505,0,1,4
4452,3,2,15507,15507,15509,0,2,2
4453,2,2,15509,15509,15511,0,2,0
4454,2,3,15511,15511,15514,0,3,0
4455,1,3,15512,15514,15517,2,5,0
4456,6,3,15518,15518,15521,0,3,1
4457,3,2,15521,15521,15523,0,2,0
4458,2,2,15523,15523,15525,0,2,0
4459,1,3,15524,15525,15528,1,4,0
4460,4,3,15528,15528,15531,0,3,0
4461,6,2,15534,15534,15536,0,2,3
4462,3,3,15537,15537,15540,0,3,1
4463,4,3,15541,15541,15544,0,3,1
4464,6,1,15547,15547,15548,0,1,3
4465,6,3,15553,15553,15556,0,3,5
4466,4,2,15557,15557,15559,0,2,1
4467,1,1,15558,15559,15560,1,2,0
4468,3,1,15561,15561,15562,0,1,1
4469,2,3,15563,15563,15566,0,3,1
4470,1,3,15564,15566,15569,2,5,0
4471,4,1,15568,15569,15570,1,2,0
4472,3,1,15571,15571,15572,0,1,1
4473,2,3,15573,15573,15576,0,3,1
4474,6,3,15579,15579,15582,0,3,3
4475,3,1,15582,15582,15583,0,1,0
4476,6,3,15588,15588,15591,0,3,5
4477,3,2,15591,15591,15593,0,2,0
4478,5,3,15596,15596,15599,0,3,3
4479,3,1,15599,15599,15600,0,1,0
4480,1,3,15600,15600,15603,0,3,0
4481,5,1,15605,15605,15606,0,1,2
4482,4,2,15609,15609,15611,0,2,3
4483,2,1,15611,15611,15612,0,1,0
4484,4,3,15615,15615,15618,0,3,3
4485,6,1,15621,15621,15622,0,1,3
4486,3,3,15624,15624,15627,0,3,2
4487,6,2,15630,15630,15632,0,2,3
4488,5,3,15635,15635,15638,0,3,3
4489,6,2,15641,15641,15643,0,2,3
4490,5,3,15646,15646,15649,0,3,3
4491,3,3,15649,15649,15652,0,3,0
4492,4,2,15653,15653,15655,0,2,1
4493,2,1,15655,15655,15656,0,1,0
4494,4,3,15659,15659,15662,0,3,3
4495,4,3,15663,15663,15666,0,3,1
4496,4,2,15667,15667,15669,0,2,1
4497,3,3,15670,15670,15673,0,3,1
4498,4,3,15674,15674,15677,0,3,1
4499,3,2,15677,15677,15679,0,2,0
4500,5,1,15682,15682,15683,0,1,3
4501,3,3,15685,15685,15688,0,3,2
4502,1,3,15686,15688,15691,2,5,0
4503,3,3,15689,15691,15694,2,5,0
4504,3,3,15692,15694,15697,2,5,0
4505,4,1,15696,15697,15698,1,2,0
4506,4,1,15700,15700,15701,0,1,2
4507,2,3,15702,15702,15705,0,3,1
4508,1,2,15703,15705,15707,2,4,0
4509,2,1,15705,15707,15708,2,3,0
4510,3,2,15708,15708,15710,0,2,0
4511,6,2,15714,15714,15716,0,2,4
4512,1,1,15715,15716,15717,1,2,0
4513,4,2,15719,15719,15721,0,2,2
4514,5,3,15724,15724,15727,0,3,3
4515,1,3,15725,15727,15730,2,5,0
4516,6,3,15731,15731,15734,0,3,1
4517,2,1,15733,15734,15735,1,2,0
4518,3,2,15736,15736,15738,0,2,1
4519,3,1,15739,15739,15740,0,1,1
4520,1,2,15740,15740,15742,0,2,0
4521,4,2,15744,15744,15746,0,2,2
4522,1,3,15745,15746,15749,1,4,0
4523,3,2,15748,15749,15751,1,3,0
4524,2,3,15750,15751,15754,1,4,0
4525,1,3,15751,15754,15757,3,6,0
4526,6,1,15757,15757,15758,0,1,0
4527,3,2,15760,15760,15762,0,2,2
4528,1,3,15761,15762,15765,1,4,0
4529,6,1,15767,15767,15768,0,1,2
4530,2,3,15769,15769,15772,0,3,1
4531,4,1,15773,15773,15774,0,1,1
4532,1,3,15774,15774,15777,0,3,0
4533,5,1,15779,15779,15780,0,1,2
4534,1,3,15780,15780,15783,0,3,0
4535,5,1,15785,15785,15786,0,1,2
4536,3,2,15788,15788,15790,0,2,2
4537,4,3,15792,15792,15795,0,3,2
4538,2,3,15794,15795,15798,1,4,0
4539,1,2,15795,15798,15800,3,5,0
4540,5,1,15800,15800,15801,0,1,0
4541,3,2,15803,15803,15805,0,2,2
4542,4,2,15807,15807,15809,0,2,2
4543,3,1,15810,15810,15811,0,1,1
4544,6,1,15816,15816,15817,0,1,5
4545,1,1,15817,15817,15818,0,1,0
4546,6,1,15823,15823,15824,0,1,5
4547,1,3,15824,15824,15827,0,3,0
4548,5,2,15829,15829,15831,0,2,2
4549,4,3,15833,15833,15836,0,3,2
4550,5,2,15838,15838,15840,0,2,2
4551,1,1,15839,15840,15841,1,2,0
4552,6,3,15845,15845,15848,0,3,4
4553,2,3,15847,15848,15851,1,4,0
4554,5,3,15852,15852,15855,0,3,1
4555,4,2,15856,15856,15858,0,2,1
4556,4,3,15860,15860,15863,0,3,2
4557,2,3,15862,15863,15866,1,4,0
4558,3,2,15865,15866,15868,1,3,0
4559,4,1,15869,15869,15870,0,1,1
4560,2,2,15871,15871,15873,0,2,1
4561,3,3,15874,15874,15877,0,3,1
4562,1,3,15875,15877,15880,2,5,0
4563,4,2,15879,15880,15882,1,3,0
4564,3,3,15882,15882,15885,0,3,0
4565,2,2,15884,15885,15887,1,3,0
4566,4,1,15888,15888,15889,0,1,1
4567,2,1,15890,15890,15891,0,1,1
4568,4,2,15894,15894,15896,0,2,3
4569,6,3,15900,15900,15903,0,3,4
4570,3,2,15903,15903,15905,0,2,0
4571,6,1,15909,15909,15910,0,1,4
4572,6,1,15915,15915,15916,0,1,5
4573,4,1,15919,15919,15920,0,1,3
4574,5,1,15924,15924,15925,0,1,4
4575,1,1,15925,15925,15926,0,1,0
4576,4,3,15929,15929,15932,0,3,3
4577,1,1,15930,15932,15933,2,3,0
4578,3,1,15933,15933,15934,0,1,0
4579,4,2,15937,15937,15939,0,2,3
4580,2,1,15939,15939,15940,0,1,0
4581,1,3,15940,15940,15943,0,3,0
4582,2,3,15942,15943,15946,1,4,0
4583,3,2,15945,15946,15948,1,3,0
4584,4,1,15949,15949,15950,0,1,1
4585,4,1,15953,15953,15954,0,1,3
4586,1,3,15954,15954,15957,0,3,0
4587,1,3,15955,15957,15960,2,5,0
4588,5,2,15960,15960,15962,0,2,0
4589,6,2,15966,15966,15968,0,2,4
4590,4,3,15970,15970,15973,0,3,2
4591,3,1,15973,15973,15974,0,1,0
4592,4,2,15977,15977,15979,0,2,3
4593,5,3,15982,15982,15985,0,3,3
4594,6,3,15988,15988,15991,0,3,3
4595,6,3,15994,15994,15997,0,3,3
4596,1,3,15995,15997,16000,2,5,0
4597,1,2,15996,16000,16002,4,6,0
4598,2,2,15998,16002,16004,4,6,0
4599,3,2,16001,16004,16006,3,5,0
4600,1,1,16002,16006,16007,4,5,0
4601,3,3,16005,16007,16010,2,5,0
4602,6,3,16011,16011,16014,0,3,1
4603,1,1,16012,16014,16015,2,3,0
4604,2,3,16014,16015,16018,1,4,0
4605,2,2,16016,16018,16020,2,4,0
4606,4,2,16020,16020,16022,0,2,0
4607,4,2,16024,16024,16026,0,2,2
4608,4,3,16028,16028,16031,0,3,2
4609,1,3,16029,16031,16034,2,5,0
4610,4,2,16033,16034,16036,1,3,0
4611,3,3,16036,16036,16039,0,3,0
4612,3,3,16039,16039,16042,0,3,0
4613,1,2,16040,16042,16044,2,4,0
4614,2,1,16042,16044,16045,2,3,0
4615,1,3,16043,16045,16048,2,5,0
4616,5,1,16048,16048,16049,0,1,0
4617,2,2,16050,16050,16052,0,2,1
4618,2,1,16052,16052,16053,0,1,0
4619,2,2,16054,16054,16056,0,2,1
4620,3,3,16057,16057,16060,0,3,1
4621,3,2,16060,16060,16062,0,2,0
4622,5,1,16065,16065,16066,0,1,3
4623,4,3,16069,16069,16072,0,3,3
4624,5,1,16074,16074,16075,0,1,2
4625,3,3,16077,16077,16080,0,3,2
4626,3,3,16080,16080,16083,0,3,0
4627,4,1,16084,16084,16085,0,1,1
4628,2,2,16086,16086,16088,0,2,1
4629,1,1,16087,16088,16089,1,2,0
4630,3,2,16090,16090,16092,0,2,1
4631,5,3,16095,16095,16098,0,3,3
4632,4,3,16099,16099,16102,0,3,1
4633,1,2,16100,16102,16104,2,4,0
4634,3,2,16103,16104,16106,1,3,0
4635,6,3,16109,16109,16112,0,3,3
4636,3,1,16112,16112,16113,0,1,0
4637,3,2,16115,16115,16117,0,2,2
4638,4,3,16119,16119,16122,0,3,2
4639,2,2,16121,16122,16124,1,3,0
4640,4,3,16125,16125,16128,0,3,1
4641,5,3,16130,16130,16133,0,3,2
4642,6,2,16136,16136,16138,0,2,3
4643,5,1,16141,16141,16142,0,1,3
4644,4,1,16145,16145,16146,0,1,3
4645,3,3,16148,16148,16151,0,3,2
4646,6,2,16154,16154,16156,0,2,3
4647,4,2,16158,16158,16160,0,2,2
4648,1,2,16159,16160,16162,1,3,0
4649,1,2,16160,16162,16164,2,4,0
4650,2,2,16162,16164,16166,2,4,0
4651,3,3,16165,16166,16169,1,4,0
4652,4,2,16169,16169,16171,0,2,0
4653,6,1,16175,16175,16176,0,1,4
4654,5,1,16180,16180,16181,0,1,4
4655,1,3,16181,16181,16184,0,3,0
4656,3,3,16184,16184,16187,0,3,0
4657,6,2,16190,16190,16192,0,2,3
4658,3,1,16193,16193,16194,0,1,1
4659,1,2,16194,16194,16196,0,2,0
4660,4,2,16198,16198,16200,0,2,2
4661,1,3,16199,16200,16203,1,4,0
4662,2,3,16201,16203,16206,2,5,0
4663,1,2,16202,16206,16208,4,6,0
4664,4,3,16206,16208,16211,2,5,0
4665,4,2,16210,16211,16213,1,3,0
4666,6,3,16216,16216,16219,0,3,3
4667,3,3,16219,16219,16222,0,3,0
4668,3,2,16222,16222,16224,0,2,0
4669,6,2,16228,16228,16230,0,2,4
4670,6,3,16234,16234,16237,0,3,4
4671,6,2,16240,16240,16242,0,2,3
4672,2,3,16242,16242,16245,0,3,0
4673,4,3,16246,16246,16249,0,3,1
4674,4,1,16250,16250,16251,0,1,1
4675,1,2,16251,16251,16253,0,2,0
4676,2,1,16253,16253,16254,0,1,0
4677,4,2,16257,16257,16259,0,2,3
4678,6,1,16263,16263,16264,0,1,4
4679,2,1,16265,16265,16266,0,1,1
4680,5,2,16270,16270,16272,0,2,4
4681,6,3,16276,16276,16279,0,3,4
4682,2,3,16278,16279,16282,1,4,0
4683,6,3,16284,16284,16287,0,3,2
4684,4,3,16288,16288,16291,0,3,1
4685,5,3,16293,16293,16296,0,3,2
4686,6,3,16299,16299,16302,0,3,3
4687,1,3,16300,16302,16305,2,5,0
4688,4,2,16304,16305,16307,1,3,0
4689,6,1,16310,16310,16311,0,1,3
4690,4,3,16314,16314,16317,0,3,3
4691,3,3,16317,16317,16320,0,3,0
4692,6,2,16323,16323,16325,0,2,3
4693,1,2,16324,16325,16327,1,3,0
4694,6,3,16330,16330,16333,0,3,3
4695,5,1,16335,16335,16336,0,1,2
4696,3,2,16338,16338,16340,0,2,2
4697,1,3,16339,16340,16343,1,4,0
4698,5,3,16344,16344,16347,0,3,1
4699,4,1,16348,16348,16349,0,1,1
4700,6,2,16354,16354,16356,0,2,5
4701,4,3,16358,16358,16361,0,3,2
4702,2,3,16360,16361,16364,1,4,0
4703,5,3,16365,16365,16368,0,3,1
4704,1,3,16366,16368,16371,2,5,0
4705,4,1,16370,16371,16372,1,2,0
4706,1,3,16371,16372,16375,1,4,0
4707,3,3,16374,16375,16378,1,4,0
4708,6,2,16380,16380,16382,0,2,2
4709,1,1,16381,16382,16383,1,2,0
4710,4,1,16385,16385,16386,0,1,2
4711,2,1,16387,16387,16388,0,1,1
4712,4,1,16391,16391,16392,0,1,3
4713,4,2,16395,16395,16397,0,2,3
4714,3,2,16398,16398,16400,0,2,1
4715,1,2,16399,16400,16402,1,3,0
4716,5,3,16404,16404,16407,0,3,2
4717,2,2,16406,16407,16409,1,3,0
4718,5,2,16411,16411,16413,0,2,2
4719,2,1,16413,16413,16414,0,1,0
4720,2,3,16415,16415,16418,0,3,1
4721,1,1,16416,16418,16419,2,3,0
4722,3,3,16419,16419,16422,0,3,0
4723,5,2,16424,16424,16426,0,2,2
4724,5,2,16429,16429,16431,0,2,3
4725,4,2,16433,16433,16435,0,2,2
4726,2,3,16435,16435,16438,0,3,0
4727,3,3,16438,16438,16441,0,3,0
4728,6,1,16444,16444,16445,0,1,3
4729,6,1,16450,16450,16451,0,1,5
4730,2,1,16452,16452,16453,0,1,1
4731,5,3,16457,16457,16460,0,3,4
4732,5,2,16462,16462,16464,0,2,2
4733,1,1,16463,16464,16465,1,2,0
4734,2,3,16465,16465,16468,0,3,0
4735,4,1,16469,16469,16470,0,1,1
4736,3,3,16472,16472,16475,0,3,2
4737,6,2,16478,16478,16480,0,2,3
4738,2,2,16480,16480,16482,0,2,0
4739,6,1,16486,16486,16487,0,1,4
4740,1,2,16487,16487,16489,0,2,0
4741,2,1,16489,16489,16490,0,1,0
4742,1,2,16490,16490,16492,0,2,0
4743,3,2,16493,16493,16495,0,2,1
4744,3,3,16496,16496,16499,0,3,1
4745,2,3,16498,16499,16502,1,4,0
4746,4,3,16502,16502,16505,0,3,0
4747,4,1,16506,16506,16507,0,1,1
4748,1,1,16507,16507,16508,0,1,0
4749,2,1,16509,16509,16510,0,1,1
4750,5,1,16514,16514,16515,0,1,4
4751,6,3,16520,16520,16523,0,3,5
4752,2,1,16522,16523,16524,1,2,0
4753,4,3,16526,16526,16529,0,3,2
4754,1,3,16527,16529,16532,2,5,0
4755,1,2,16528,16532,16534,4,6,0
4756,3,2,16531,16534,16536,3,5,0
4757,1,2,16532,16536,16538,4,6,0
4758,2,1,16534,16538,16539,4,5,0
4759,6,2,16540,16540,16542,0,2,1
4760,6,3,16546,16546,16549,0,3,4
4761,6,1,16552,16552,16553,0,1,3
4762,3,1,16555,16555,16556,0,1,2
4763,1,2,16556,16556,16558,0,2,0
4764,2,3,16558,16558,16561,0,3,0
4765,2,3,16560,16561,16564,1,4,0
4766,3,1,16563,16564,16565,1,2,0
4767,3,3,16566,16566,16569,0,3,1
4768,2,2,16568,16569,16571,1,3,0
4769,1,2,16569,16571,16573,2,4,0
4770,6,2,16575,16575,16577,0,2,2
4771,6,2,16581,16581,16583,0,2,4
4772,5,1,16586,16586,16587,0,1,3
4773,1,2,16587,16587,16589,0,2,0
4774,1,3,16588,16589,16592,1,4,0
4775,3,3,16591,16592,16595,1,4,0
4776,4,2,16595,16595,16597,0,2,0
4777,2,3,16597,16597,16600,0,3,0
4778,6,3,16603,16603,16606,0,3,3
4779,2,1,16605,16606,16607,1,2,0
4780,5,1,16610,16610,16611,0,1,3
4781,5,3,16615,16615,16618,0,3,4
4782,5,2,16620,16620,16622,0,2,2
4783,4,3,16624,16624,16627,0,3,2
4784,2,1,16626,16627,16628,1,2,0
4785,6,3,16632,16632,16635,0,3,4
4786,3,2,16635,16635,16637,0,2,0
4787,2,3,16637,16637,16640,0,3,0
4788,5,3,16642,16642,16645,0,3,2
4789,4,3,16646,16646,16649,0,3,1
4790,6,3,16652,16652,16655,0,3,3
4791,3,1,16655,16655,16656,0,1,0
4792,2,3,16657,16657,16660,0,3,1
4793,3,2,16660,16660,16662,0,2,0
4794,6,2,16666,16666,16668,0,2,4
4795,6,1,16672,16672,16673,0,1,4
4796,2,2,16674,16674,16676,0,2,1
4797,3,1,16677,16677,16678,0,1,1
4798,1,2,16678,16678,16680,0,2,0
4799,1,3,16679,16680,16683,1,4,0
4800,3,1,16682,16683,16684,1,2,0
4801,3,2,16685,16685,16687,0,2,1
4802,5,1,16690,16690,16691,0,1,3
4803,5,1,16695,16695,16696,0,1,4
4804,5,1,16700,16700,16701,0,1,4
4805,6,1,16706,16706,16707,0,1,5
4806,1,3,16707,16707,16710,0,3,0
4807,4,2,16711,16711,16713,0,2,1
4808,5,3,16716,16716,16719,0,3,3
4809,1,2,16717,16719,16721,2,4,0
4810,4,3,16721,16721,16724,0,3,0
4811,2,3,16723,16724,16727,1,4,0
4812,4,2,16727,16727,16729,0,2,0
4813,2,3,16729,16729,16732,0,3,0
4814,2,1,16731,16732,16733,1,2,0
4815,4,2,16735,16735,16737,0,2,2
4816,3,2,16738,16738,16740,0,2,1
4817,1,1,16739,16740,16741,1,2,0
4818,5,2,16744,16744,16746,0,2,3
4819,2,3,16746,16746,16749,0,3,0
4820,1,2,16747,16749,16751,2,4,0
4821,2,2,16749,16751,16753,2,4,0
4822,3,3,16752,16753,16756,1,4,0
4823,2,2,16754,16756,16758,2,4,0
4824,1,3,16755,16758,16761,3,6,0
4825,1,3,16756,16761,16764,5,8,0
4826,4,2,16760,16764,16766,4,6,0
4827,5,1,16765,16766,16767,1,2,0
4828,1,2,16766,16767,16769,1,3,0
4829,2,2,16768,16769,16771,1,3,0
4830,1,3,16769,16771,16774,2,5,0
4831,6,3,16775,16775,16778,0,3,1
4832,5,2,16780,16780,16782,0,2,2
4833,4,2,16784,16784,16786,0,2,2
4834,6,1,16790,16790,16791,0,1,4
4835,4,3,16794,16794,16797,0,3,3
4836,2,2,16796,16797,16799,1,3,0
4837,3,3,16799,16799,16802,0,3,0
4838,5,2,16804,16804,16806,0,2,2
4839,6,1,16810,16810,16811,0,1,4
4840,4,3,16814,16814,16817,0,3,3
4841,2,2,16816,16817,16819,1,3,0
4842,3,3,16819,16819,16822,0,3,0
4843,2,2,16821,16822,16824,1,3,0
4844,4,1,16825,16825,16826,0,1,1
4845,3,3,16828,16828,16831,0,3,2
4846,4,1,16832,16832,16833,0,1,1
4847,4,3,16836,16836,16839,0,3,3
4848,2,2,16838,16839,16841,1,3,0
4849,5,3,16843,16843,16846,0,3,2
4850,4,2,16847,16847,16849,0,2,1
4851,6,2,16853,16853,16855,0,2,4
4852,1,1,16854,16855,16856,1,2,0
4853,3,3,16857,16857,16860,0,3,1
4854,2,1,16859,16860,16861,1,2,0
4855,2,1,16861,16861,16862,0,1,0
4856,6,3,16867,16867,16870,0,3,5
4857,6,3,16873,16873,16876,0,3,3
4858,6,2,16879,16879,16881,0,2,3
4859,4,2,16883,16883,16885,0,2,2
4860,1,2,16884,16885,16887,1,3,0
4861,6,3,16890,16890,16893,0,3,3
4862,3,2,16893,16893,16895,0,2,0
4863,3,1,16896,16896,16897,0,1,1
4864,2,3,16898,16898,16901,0,3,1
4865,3,1,16901,16901,16902,0,1,0
4866,3,1,16904,16904,16905,0,1,2
4867,5,1,16909,16909,16910,0,1,4
4868,2,1,16911,16911,16912,0,1,1
4869,3,2,16914,16914,16916,0,2,2
4870,2,1,16916,16916,16917,0,1,0
4871,2,2,16918,16918,16920,0,2,1
4872,1,2,16919,16920,16922,1,3,0
4873,6,2,16925,16925,16927,0,2,3
4874,4,2,16929,16929,16931,0,2,2
4875,3,1,16932,16932,16933,0,1,1
4876,6,1,16938,16938,16939,0,1,5
4877,2,1,16940,16940,16941,0,1,1
4878,1,1,16941,16941,16942,0,1,0
4879,1,3,16942,16942,16945,0,3,0
4880,5,1,16947,16947,16948,0,1,2
4881,3,2,16950,16950,16952,0,2,2
4882,5,1,16955,16955,16956,0,1,3
4883,5,2,16960,16960,16962,0,2,4
4884,5,1,16965,16965,16966,0,1,3
4885,2,3,16967,16967,16970,0,3,1
4886,1,1,16968,16970,16971,2,3,0
4887,6,2,16974,16974,16976,0,2,3
4888,4,1,16978,16978,16979,0,1,2
4889,5,2,16983,16983,16985,0,2,4
4890,1,1,16984,16985,16986,1,2,0
4891,2,1,16986,16986,16987,0,1,0
4892,2,1,16988,16988,16989,0,1,1
4893,3,3,16991,16991,16994,0,3,2
4894,1,2,16992,16994,16996,2,4,0
4895,3,2,16995,16996,16998,1,3,0
4896,2,3,16997,16998,17001,1,4,0
4897,4,2,17001,17001,17003,0,2,0
4898,5,1,17006,17006,17007,0,1,3
4899,2,2,17008,17008,17010,0,2,1
4900,1,1,17009,17010,17011,1,2,0
4901,1,1,17010,17011,17012,1,2,0
4902,6,2,17016,17016,17018,0,2,4
4903,6,1,17022,17022,17023,0,1,4
4904,1,2,17023,17023,17025,0,2,0
4905,3,1,17026,17026,17027,0,1,1
4906,2,2,17028,17028,17030,0,2,1
4907,2,1,17030,17030,17031,0,1,0
4908,1,1,17031,17031,17032,0,1,0
4909,5,3,17036,17036,17039,0,3,4
4910,4,1,17040,17040,17041,0,1,1
4911,1,2,17041,17041,17043,0,2,0
4912,6,2,17047,17047,17049,0,2,4
4913,1,2,17048,17049,17051,1,3,0
4914,2,1,17050,17051,17052,1,2,0
4915,6,3,17056,17056,17059,0,3,4
4916,4,2,17060,17060,17062,0,2,1
4917,5,1,17065,17065,17066,0,1,3
4918,4,2,17069,17069,17071,0,2,3
4919,2,2,17071,17071,17073,0,2,0
4920,1,1,17072,17073,17074,1,2,0
4921,5,3,17077,17077,17080,0,3,3
4922,3,2,17080,17080,17082,0,2,0
4923,1,1,17081,17082,17083,1,2,0
4924,1,1,17082,17083,17084,1,2,0
4925,4,1,17086,17086,17087,0,1,2
4926,6,2,17092,17092,17094,0,2,5
4927,6,2,17098,17098,17100,0,2,4
4928,5,2,17103,17103,17105,0,2,3
4929,1,1,17104,17105,17106,1,2,0
4930,3,2,17107,17107,17109,0,2,1
4931,2,2,17109,17109,17111,0,2,0
4932,2,3,17111,17111,17114,0,3,0
4933,2,2,17113,17114,17116,1,3,0
4934,6,2,17119,17119,17121,0,2,3
4935,6,1,17125,17125,17126,0,1,4
4936,6,3,17131,17131,17134,0,3,5
4937,3,2,17134,17134,17136,0,2,0
4938,2,3,17136,17136,17139,0,3,0
4939,2,1,17138,17139,17140,1,2,0
4940,3,2,17141,17141,17143,0,2,1
4941,1,1,17142,17143,17144,1,2,0
4942,1,2,17143,17144,17146,1,3,0
4943,4,2,17147,17147,17149,0,2,1
4944,4,1,17151,17151,17152,0,1,2
4945,3,1,17154,17154,17155,0,1,2
4946,5,2,17159,17159,17161,0,2,4
4947,3,1,17162,17162,17163,0,1,1
4948,4,3,17166,17166,17169,0,3,3
4949,2,3,17168,17169,17172,1,4,0
4950,2,3,17170,17172,17175,2,5,0
4951,2,3,17172,17175,17178,3,6,0
4952,4,1,17176,17178,17179,2,3,0
4953,5,2,17181,17181,17183,0,2,2
4954,6,1,17187,17187,17188,0,1,4
4955,6,1,17193,17193,17194,0,1,5
4956,4,1,17197,17197,17198,0,1,3
4957,6,2,17203,17203,17205,0,2,5
4958,4,3,17207,17207,17210,0,3,2
4959,6,1,17213,17213,17214,0,1,3
4960,4,3,17217,17217,17220,0,3,3
4961,6,2,17223,17223,17225,0,2,3
4962,5,2,17228,17228,17230,0,2,3
4963,3,1,17231,17231,17232,0,1,1
4964,1,2,17232,17232,17234,0,2,0
4965,6,3,17238,17238,17241,0,3,4
4966,6,2,17244,17244,17246,0,2,3
4967,2,1,17246,17246,17247,0,1,0
4968,1,2,17247,17247,17249,0,2,0
4969,3,3,17250,17250,17253,0,3,1
4970,1,3,17251,17253,17256,2,5,0
4971,1,3,17252,17256,17259,4,7,0
4972,3,3,17255,17259,17262,4,7,0
4973,6,1,17261,17262,17263,1,2,0
4974,3,3,17264,17264,17267,0,3,1
4975,5,2,17269,17269,17271,0,2,2
4976,4,1,17273,17273,17274,0,1,2
4977,1,2,17274,17274,17276,0,2,0
4978,6,2,17280,17280,17282,0,2,4
4979,1,3,17281,17282,17285,1,4,0
4980,6,2,17287,17287,17289,0,2,2
4981,1,3,17288,17289,17292,1,4,0
4982,4,3,17292,17292,17295,0,3,0
4983,4,3,17296,17296,17299,0,3,1
4984,1,3,17297,17299,17302,2,5,0
4985,4,1,17301,17302,17303,1,2,0
4986,3,2,17304,17304,17306,0,2,1
4987,5,1,17309,17309,17310,0,1,3
4988,3,2,17312,17312,17314,0,2,2
4989,3,2,17315,17315,17317,0,2,1
4990,1,1,17316,17317,17318,1,2,0
4991,3,1,17319,17319,17320,0,1,1
4992,2,1,17321,17321,17322,0,1,1
4993,6,1,17327,17327,17328,0,1,5
4994,3,3,17330,17330,17333,0,3,2
4995,4,2,17334,17334,17336,0,2,1
4996,3,3,17337,17337,17340,0,3,1
4997,6,3,17343,17343,17346,0,3,3
4998,1,3,17344,17346,17349,2,5,0
4999,4,1,17348,17349,17350,1,2,0
5000,1,1,17349,17350,17351,1,2,0
5001,2,2,17351,17351,17353,0,2,0
5002,3,1,17354,17354,17355,0,1,1
5003,4,2,17358,17358,17360,0,2,3
5004,2,2,17360,17360,17362,0,2,0
5005,4,3,17364,17364,17367,0,3,2
5006,1,3,17365,17367,17370,2,5,0
5007,1,3,17366,17370,17373,4,7,0
5008,5,1,17371,17373,17374,2,3,0
5009,3,2,17374,17374,17376,0,2,0
5010,1,2,17375,17376,17378,1,3,0
5011,3,3,17378,17378,17381,0,3,0
5012,4,1,17382,17382,17383,0,1,1
5013,5,3,17387,17387,17390,0,3,4
5014,1,1,17388,17390,17391,2,3,0
5015,3,1,17391,17391,17392,0,1,0
5016,6,1,17397,17397,17398,0,1,5
5017,1,2,17398,17398,17400,0,2,0
5018,5,1,17403,17403,17404,0,1,3
5019,1,2,17404,17404,17406,0,2,0
5020,1,2,17405,17406,17408,1,3,0
5021,2,3,17407,17408,17411,1,4,0
5022,6,1,17413,17413,17414,0,1,2
5023,4,3,17417,17417,17420,0,3,3
5024,4,3,17421,17421,17424,0,3,1
5025,2,1,17423,17424,17425,1,2,0
5026,6,3,17429,17429,17432,0,3,4
5027,6,2,17435,17435,17437,0,2,3
5028,4,1,17439,17439,17440,0,1,2
5029,5,2,17444,17444,17446,0,2,4
5030,4,1,17448,17448,17449,0,1,2
5031,1,2,17449,17449,17451,0,2,0
5032,4,2,17453,17453,17455,0,2,2
5033,1,1,17454,17455,17456,1,2,0
5034,2,2,17456,17456,17458,0,2,0
5035,1,1,17457,17458,17459,1,2,0
5036,6,2,17463,17463,17465,0,2,4
5037,2,1,17465,17465,17466,0,1,0
5038,5,3,17470,17470,17473,0,3,4
5039,3,2,17473,17473,17475,0,2,0
5040,6,2,17479,17479,17481,0,2,4
5041,5,3,17484,17484,17487,0,3,3
5042,2,3,17486,17487,17490,1,4,0
5043,2,3,17488,17490,17493,2,5,0
5044,1,3,17489,17493,17496,4,7,0
5045,2,2,17491,17496,17498,5,7,0
5046,1,3,17492,17498,17501,6,9,0
5047,3,1,17495,17501,17502,6,7,0
5048,1,1,17496,17502,17503,6,7,0
5049,4,1,17500,17503,17504,3,4,0
5050,6,1,17506,17506,17507,0,1,2
5051,6,3,17512,17512,17515,0,3,5
5052,5,1,17517,17517,17518,0,1,2
5053,1,1,17518,17518,17519,0,1,0
5054,6,3,17524,17524,17527,0,3,5
5055,3,1,17527,17527,17528,0,1,0
5056,3,3,17530,17530,17533,0,3,2
5057,4,3,17534,17534,17537,0,3,1
5058,6,2,17540,17540,17542,0,2,3
5059,4,1,17544,17544,17545,0,1,2
5060,6,3,17550,17550,17553,0,3,5
5061,4,2,17554,17554,17556,0,2,1
5062,3,1,17557,17557,17558,0,1,1
5063,4,1,17561,17561,17562,0,1,3
5064,4,1,17565,17565,17566,0,1,3
5065,5,1,17570,17570,17571,0,1,4
5066,3,2,17573,17573,17575,0,2,2
5067,6,1,17579,17579,17580,0,1,4
5068,4,2,17583,17583,17585,0,2,3
5069,4,3,17587,17587,17590,0,3,2
5070,1,1,17588,17590,17591,2,3,0
5071,4,2,17592,17592,17594,0,2,1
5072,1,2,17593,17594,17596,1,3,0
5073,2,3,17595,17596,17599,1,4,0
5074,1,2,17596,17599,17601,3,5,0
5075,1,2,17597,17601,17603,4,6,0
5076,3,1,17600,17603,17604,3,4,0
5077,3,1,17603,17604,17605,1,2,0
5078,1,1,17604,17605,17606,1,2,0
5079,4,2,17608,17608,17610,0,2,2
5080,2,1,17610,17610,17611,0,1,0
5081,3,2,17613,17613,17615,0,2,2
5082,1,3,17614,17615,17618,1,4,0
5083,5,1,17619,17619,17620,0,1,1
5084,4,1,17623,17623,17624,0,1,3
5085,1,2,17624,17624,17626,0,2,0
5086,4,1,17628,17628,17629,0,1,2
5087,3,2,17631,17631,17633,0,2,2
5088,4,1,17635,17635,17636,0,1,2
5089,6,1,17641,17641,17642,0,1,5
5090,1,2,17642,17642,17644,0,2,0
5091,4,3,17646,17646,17649,0,3,2
5092,3,3,17649,17649,17652,0,3,0
5093,6,2,17655,17655,17657,0,2,3
5094,3,2,17658,17658,17660,0,2,1
5095,3,2,17661,17661,17663,0,2,1
5096,6,3,17667,17667,17670,0,3,4
5097,5,3,17672,17672,17675,0,3,2
5098,6,3,17678,17678,17681,0,3,3
5099,2,1,17680,17681,17682,1,2,0
5100,4,2,17684,17684,17686,0,2,2
5101,6,2,17690,17690,17692,0,2,4
5102,4,2,17694,17694,17696,0,2,2
5103,4,1,17698,17698,17699,0,1,2
5104,2,2,17700,17700,17702,0,2,1
5105,3,2,17703,17703,17705,0,2,1
5106,4,2,17707,17707,17709,0,2,2
5107,6,3,17713,17713,17716,0,3,4
5108,3,1,17716,17716,17717,0,1,0
5109,3,1,17719,17719,17720,0,1,2
5110,1,3,17720,17720,17723,0,3,0
5111,6,1,17726,17726,17727,0,1,3
5112,2,2,17728,17728,17730,0,2,1
5113,3,3,17731,17731,17734,0,3,1
5114,6,1,17737,17737,17738,0,1,3
5115,2,3,17739,17739,17742,0,3,1
5116,5,1,17744,17744,17745,0,1,2
5117,6,1,17750,17750,17751,0,1,5
5118,1,3,17751,17751,17754,0,3,0
5119,3,2,17754,17754,17756,0,2,0
5120,4,1,17758,17758,17759,0,1,2
5121,6,2,17764,17764,17766,0,2,5
5122,3,2,17767,17767,17769,0,2,1
5123,3,2,17770,17770,17772,0,2,1
5124,5,1,17775,17775,17776,0,1,3
5125,5,3,17780,17780,17783,0,3,4
5126,1,1,17781,17783,17784,2,3,0
5127,3,2,17784,17784,17786,0,2,0
5128,4,3,17788,17788,17791,0,3,2
5129,1,2,17789,17791,17793,2,4,0
5130,2,2,17791,17793,17795,2,4,0
5131,2,2,17793,17795,17797,2,4,0
5132,6,3,17799,17799,17802,0,3,2
5133,1,1,17800,17802,17803,2,3,0
5134,2,3,17802,17803,17806,1,4,0
5135,4,1,17806,17806,17807,0,1,0
5136,4,3,17810,17810,17813,0,3,3
5137,4,2,17814,17814,17816,0,2,1
5138,1,2,17815,17816,17818,1,3,0
5139,5,3,17820,17820,17823,0,3,2
5140,5,3,17825,17825,17828,0,3,2
5141,2,3,17827,17828,17831,1,4,0
5142,5,1,17832,17832,17833,0,1,1
5143,4,3,17836,17836,17839,0,3,3
5144,1,3,17837,17839,17842,2,5,0
5145,6,2,17843,17843,17845,0,2,1
5146,6,1,17849,17849,17850,0,1,4
5147,3,2,17852,17852,17854,0,2,2
5148,5,1,17857,17857,17858,0,1,3
5149,1,2,17858,17858,17860,0,2,0
5150,4,3,17862,17862,17865,0,3,2
5151,5,3,17867,17867,17870,0,3,2
5152,1,1,17868,17870,17871,2,3,0
5153,6,2,17874,17874,17876,0,2,3
5154,3,2,17877,17877,17879,0,2,1
5155,1,3,17878,17879,17882,1,4,0
5156,6,2,17884,17884,17886,0,2,2
5157,4,2,17888,17888,17890,0,2,2
5158,2,2,17890,17890,17892,0,2,0
5159,5,2,17895,17895,17897,0,2,3
5160,3,2,17898,17898,17900,0,2,1
5161,1,3,17899,17900,17903,1,4,0
5162,6,3,17905,17905,17908,0,3,2
5163,3,2,17908,17908,17910,0,2,0
5164,3,3,17911,17911,17914,0,3,1
5165,4,3,17915,17915,17918,0,3,1
5166,4,3,17919,17919,17922,0,3,1
5167,2,3,17921,17922,17925,1,4,0
5168,2,3,17923,17925,17928,2,5,0
5169,4,3,17927,17928,17931,1,4,0
5170,6,3,17933,17933,17936,0,3,2
5171,2,2,17935,17936,17938,1,3,0
5172,3,3,17938,17938,17941,0,3,0
5173,5,3,17943,17943,17946,0,3,2
5174,1,2,17944,17946,17948,2,4,0
5175,2,1,17946,17948,17949,2,3,0
5176,6,3,17952,17952,17955,0,3,3
5177,5,3,17957,17957,17960,0,3,2
5178,3,1,17960,17960,17961,0,1,0
5179,2,2,17962,17962,17964,0,2,1
5180,6,1,17968,17968,17969,0,1,4
5181,4,2,17972,17972,17974,0,2,3
5182,1,3,17973,17974,17977,1,4,0
5183,2,2,17975,17977,17979,2,4,0
5184,1,2,17976,17979,17981,3,5,0
5185,6,1,17982,17982,17983,0,1,1
5186,1,3,17983,17983,17986,0,3,0
5187,1,1,17984,17986,17987,2,3,0
5188,3,1,17987,17987,17988,0,1,0
5189,1,1,17988,17988,17989,0,1,0
5190,3,2,17991,17991,17993,0,2,2
5191,6,1,17997,17997,17998,0,1,4
5192,6,1,18003,18003,18004,0,1,5
5193,6,3,18009,18009,18012,0,3,5
5194,2,3,18011,18012,18015,1,4,0
5195,5,3,18016,18016,18019,0,3,1
5196,6,1,18022,18022,18023,0,1,3
5197,6,1,18028,18028,18029,0,1,5
5198,6,2,18034,18034,18036,0,2,5
5199,2,2,18036,18036,18038,0,2,0
5200,2,2,18038,18038,18040,0,2,0
5201,5,1,18043,18043,18044,0,1,3
5202,5,1,18048,18048,18049,0,1,4
5203,1,2,18049,18049,18051,0,2,0
5204,4,2,18053,18053,18055,0,2,2
5205,3,2,18056,18056,18058,0,2,1
5206,6,1,18062,18062,18063,0,1,4
5207,2,2,18064,18064,18066,0,2,1
5208,2,3,18066,18066,18069,0,3,0
5209,3,3,18069,18069,18072,0,3,0
5210,6,3,18075,18075,18078,0,3,3
5211,6,1,18081,18081,18082,0,1,3
5212,2,3,18083,18083,18086,0,3,1
5213,6,1,18089,18089,18090,0,1,3
5214,1,2,18090,18090,18092,0,2,0
5215,6,3,18096,18096,18099,0,3,4
5216,2,1,18098,18099,18100,1,2,0
5217,3,2,18101,18101,18103,0,2,1
5218,2,1,18103,18103,18104,0,1,0
5219,6,2,18109,18109,18111,0,2,5
5220,2,1,18111,18111,18112,0,1,0
5221,4,2,18115,18115,18117,0,2,3
5222,6,3,18121,18121,18124,0,3,4
5223,6,2,18127,18127,18129,0,2,3
5224,3,2,18130,18130,18132,0,2,1
5225,6,2,18136,18136,18138,0,2,4
5226,2,3,18138,18138,18141,0,3,0
5227,3,1,18141,18141,18142,0,1,0
5228,3,3,18144,18144,18147,0,3,2
5229,4,3,18148,18148,18151,0,3,1
5230,5,1,18153,18153,18154,0,1,2
5231,3,1,18156,18156,18157,0,1,2
5232,3,2,18159,18159,18161,0,2,2
5233,3,1,18162,18162,18163,0,1,1
5234,1,1,18163,18163,18164,0,1,0
5235,5,1,18168,18168,18169,0,1,4
5236,4,1,18172,18172,18173,0,1,3
5237,3,1,18175,18175,18176,0,1,2
5238,5,2,18180,18180,18182,0,2,4
5239,6,3,18186,18186,18189,0,3,4
5240,3,3,18189,18189,18192,0,3,0
5241,5,2,18194,18194,18196,0,2,2
5242,3,2,18197,18197,18199,0,2,1
5243,3,3,18200,18200,18203,0,3,1
5244,6,2,18206,18206,18208,0,2,3
5245,1,2,18207,18208,18210,1,3,0
5246,3,3,18210,18210,18213,0,3,0
5247,4,2,18214,18214,18216,0,2,1
5248,4,1,18218,18218,18219,0,1,2
5249,5,2,18223,18223,18225,0,2,4
5250,6,2,18229,18229,18231,0,2,4
5251,2,2,18231,18231,18233,0,2,0
5252,6,3,18237,18237,18240,0,3,4
5253,5,2,18242,18242,18244,0,2,2
5254,5,3,18247,18247,18250,0,3,3
5255,1,2,18248,18250,18252,2,4,0
5256,4,3,18252,18252,18255,0,3,0
5257,1,2,18253,18255,18257,2,4,0
5258,2,1,18255,18257,18258,2,3,0
5259,3,3,18258,18258,18261,0,3,0
5260,6,1,18264,18264,18265,0,1,3
5261,1,1,18265,18265,18266,0,1,0
5262,5,2,18270,18270,18272,0,2,4
5263,3,1,18273,18273,18274,0,1,1
5264,1,1,18274,18274,18275,0,1,0
5265,1,1,18275,18275,18276,0,1,0
5266,1,1,18276,18276,18277,0,1,0
5267,5,1,18281,18281,18282,0,1,4
5268,1,2,18282,18282,18284,0,2,0
5269,6,2,18288,18288,18290,0,2,4
5270,2,2,18290,18290,18292,0,2,0
5271,2,2,18292,18292,18294,0,2,0
5272,1,3,18293,18294,18297,1,4,0
5273,2,1,18295,18297,18298,2,3,0
5274,4,3,18299,18299,18302,0,3,1
5275,2,2,18301,18302,18304,1,3,0
5276,3,1,18304,18304,18305,0,1,0
5277,2,1,18306,18306,18307,0,1,1
5278,5,2,18311,18311,18313,0,2,4
5279,2,1,18313,18313,18314,0,1,0
5280,1,3,18314,18314,18317,0,3,0
5281,6,2,18320,18320,18322,0,2,3
5282,4,3,18324,18324,18327,0,3,2
5283,1,1,18325,18327,18328,2,3,0
5284,6,1,18331,18331,18332,0,1,3
5285,3,3,18334,18334,18337,0,3,2
5286,4,2,18338,18338,18340,0,2,1
5287,4,1,18342,18342,18343,0,1,2
5288,2,1,18344,18344,18345,0,1,1
5289,6,3,18350,18350,18353,0,3,5
5290,6,1,18356,18356,18357,0,1,3
5291,2,1,18358,18358,18359,0,1,1
5292,1,2,18359,18359,18361,0,2,0
5293,5,1,18364,18364,18365,0,1,3
5294,3,1,18367,18367,18368,0,1,2
5295,2,2,18369,18369,18371,0,2,1
5296,2,3,18371,18371,18374,0,3,0
5297,1,2,18372,18374,18376,2,4,0
5298,4,1,18376,18376,18377,0,1,0
5299,5,1,18381,18381,18382,0,1,4
5300,5,1,18386,18386,18387,0,1,4
5301,4,3,18390,18390,18393,0,3,3
5302,6,1,18396,18396,18397,0,1,3
5303,5,1,18401,18401,18402,0,1,4
5304,5,3,18406,18406,18409,0,3,4
5305,5,1,18411,18411,18412,0,1,2
5306,2,2,18413,18413,18415,0,2,1
5307,1,3,18414,18415,18418,1,4,0
5308,2,1,18416,18418,18419,2,3,0
5309,6,3,18422,18422,18425,0,3,3
5310,6,3,18428,18428,18431,0,3,3
5311,1,3,18429,18431,18434,2,5,0
5312,6,2,18435,18435,18437,0,2,1
5313,4,2,18439,18439,18441,0,2,2
5314,3,1,18442,18442,18443,0,1,1
5315,3,1,18445,18445,18446,0,1,2
5316,6,1,18451,18451,18452,0,1,5
5317,1,2,18452,18452,18454,0,2,0
5318,3,2,18455,18455,18457,0,2,1
5319,6,3,18461,18461,18464,0,3,4
5320,5,1,18466,18466,18467,0,1,2
5321,1,1,18467,18467,18468,0,1,0
5322,5,2,18472,18472,18474,0,2,4
5323,3,1,18475,18475,18476,0,1,1
5324,4,3,18479,18479,18482,0,3,3
5325,2,1,18481,18482,18483,1,2,0
5326,2,2,18483,18483,18485,0,2,0
5327,3,3,18486,18486,18489,0,3,1
5328,4,3,18490,18490,18493,0,3,1
5329,6,1,18496,18496,18497,0,1,3
5330,2,2,18498,18498,18500,0,2,1
5331,2,1,18500,18500,18501,0,1,0
5332,3,3,18503,18503,18506,0,3,2
5333,3,3,18506,18506,18509,0,3,0
5334,3,1,18509,18509,18510,0,1,0
5335,3,2,18512,18512,18514,0,2,2
5336,6,3,18518,18518,18521,0,3,4
5337,5,2,18523,18523,18525,0,2,2
5338,1,1,18524,18525,18526,1,2,0
5339,2,2,18526,18526,18528,0,2,0
5340,1,1,18527,18528,18529,1,2,0
5341,3,1,18530,18530,18531,0,1,1
5342,5,1,18535,18535,18536,0,1,4
5343,4,1,18539,18539,18540,0,1,3
5344,6,1,18545,18545,18546,0,1,5
5345,5,1,18550,18550,18551,0,1,4
5346,4,2,18554,18554,18556,0,2,3
5347,4,1,18558,18558,18559,0,1,2
5348,4,3,18562,18562,18565,0,3,3
5349,3,2,18565,18565,18567,0,2,0
5350,4,3,18569,18569,18572,0,3,2
5351,1,1,18570,18572,18573,2,3,0
5352,3,1,18573,18573,18574,0,1,0
5353,4,3,18577,18577,18580,0,3,3
5354,5,1,18582,18582,18583,0,1,2
5355,3,2,18585,18585,18587,0,2,2
5356,4,3,18589,18589,18592,0,3,2
5357,4,1,18593,18593,18594,0,1,1
5358,1,2,18594,18594,18596,0,2,0
5359,4,3,18598,18598,18601,0,3,2
5360,6,1,18604,18604,18605,0,1,3
5361,3,2,18607,18607,18609,0,2,2
5362,3,1,18610,18610,18611,0,1,1
5363,3,2,18613,18613,18615,0,2,2
5364,2,1,18615,18615,18616,0,1,0
5365,5,1,18620,18620,18621,0,1,4
5366,2,3,18622,18622,18625,0,3,1
5367,3,1,18625,18625,18626,0,1,0
5368,4,2,18629,18629,18631,0,2,3
5369,2,1,18631,18631,18632,0,1,0
5370,1,2,18632,18632,18634,0,2,0
5371,3,3,18635,18635,18638,0,3,1
5372,1,1,18636,18638,18639,2,3,0
5373,1,2,18637,18639,18641,2,4,0
5374,5,3,18642,18642,18645,0,3,1
5375,3,1,18645,18645,18646,0,1,0
5376,3,2,18648,18648,18650,0,2,2
5377,3,3,18651,18651,18654,0,3,1
5378,2,3,18653,18654,18657,1,4,0
5379,6,1,18659,18659,18660,0,1,2
5380,2,1,18661,18661,18662,0,1,1
5381,1,2,18662,18662,18664,0,2,0
5382,4,2,18666,18666,18668,0,2,2
5383,4,1,18670,18670,18671,0,1,2
5384,2,1,18672,18672,18673,0,1,1
5385,3,2,18675,18675,18677,0,2,2
5386,1,2,18676,18677,18679,1,3,0
5387,4,1,18680,18680,18681,0,1,1
5388,3,3,18683,18683,18686,0,3,2
5389,2,2,18685,18686,18688,1,3,0
5390,4,1,18689,18689,18690,0,1,1
5391,6,2,18695,18695,18697,0,2,5
5392,6,3,18701,18701,18704,0,3,4
5393,5,1,18706,18706,18707,0,1,2
5394,1,1,18707,18707,18708,0,1,0
5395,2,1,18709,18709,18710,0,1,1
5396,6,1,18715,18715,18716,0,1,5
5397,3,1,18718,18718,18719,0,1,2
5398,2,1,18720,18720,18721,0,1,1
5399,6,3,18726,18726,18729,0,3,5
5400,6,1,18732,18732,18733,0,1,3
5401,1,1,18733,18733,18734,0,1,0
5402,3,2,18736,18736,18738,0,2,2
5403,3,2,18739,18739,18741,0,2,1
5404,4,1,18743,18743,18744,0,1,2
5405,2,2,18745,18745,18747,0,2,1
5406,2,2,18747,18747,18749,0,2,0
5407,4,1,18751,18751,18752,0,1,2
5408,4,2,18755,18755,18757,0,2,3
5409,5,3,18760,18760,18763,0,3,3
5410,6,2,18766,18766,18768,0,2,3
5411,3,2,18769,18769,18771,0,2,1
5412,6,3,18775,18775,18778,0,3,4
5413,6,1,18781,18781,18782,0,1,3
5414,5,1,18786,18786,18787,0,1,4
5415,4,2,18790,18790,18792,0,2,3
5416,1,1,18791,18792,18793,1,2,0
5417,2,2,18793,18793,18795,0,2,0
5418,1,1,18794,18795,18796,1,2,0
5419,3,2,18797,18797,18799,0,2,1
5420,4,2,18801,18801,18803,0,2,2
5421,5,3,18806,18806,18809,0,3,3
5422,6,1,18812,18812,18813,0,1,3
5423,2,3,18814,18814,18817,0,3,1
5424,3,2,18817,18817,18819,0,2,0
5425,3,2,18820,18820,18822,0,2,1
5426,2,1,18822,18822,18823,0,1,0
5427,3,3,18825,18825,18828,0,3,2
5428,3,3,18828,18828,18831,0,3,0
5429,4,2,18832,18832,18834,0,2,1
5430,3,1,18835,18835,18836,0,1,1
5431,2,2,18837,18837,18839,0,2,1
5432,1,3,18838,18839,18842,1,4,0
5433,6,2,18844,18844,18846,0,2,2
5434,4,1,18848,18848,18849,0,1,2
5435,3,3,18851,18851,18854,0,3,2
5436,1,1,18852,18854,18855,2,3,0
5437,4,2,18856,18856,18858,0,2,1
5438,3,2,18859,18859,18861,0,2,1
5439,2,3,18861,18861,18864,0,3,0
5440,5,1,18866,18866,18867,0,1,2
5441,1,1,18867,18867,18868,0,1,0
5442,2,1,18869,18869,18870,0,1,1
5443,5,1,18874,18874,18875,0,1,4
5444,1,3,18875,18875,18878,0,3,0
5445,1,1,18876,18878,18879,2,3,0
5446,3,3,18879,18879,18882,0,3,0
5447,6,2,18885,18885,18887,0,2,3
5448,2,2,18887,18887,18889,0,2,0
5449,5,2,18892,18892,18894,0,2,3
5450,5,1,18897,18897,18898,0,1,3
5451,2,3,18899,18899,18902,0,3,1
5452,3,2,18902,18902,18904,0,2,0
5453,1,3,18903,18904,18907,1,4,0
5454,5,2,18908,18908,18910,0,2,1
5455,4,1,18912,18912,18913,0,1,2
5456,5,3,18917,18917,18920,0,3,4
5457,4,1,18921,18921,18922,0,1,1
5458,3,3,18924,18924,18927,0,3,2
5459,3,3,18927,18927,18930,0,3,0
5460,5,2,18932,18932,18934,0,2,2
5461,2,2,18934,18934,18936,0,2,0
5462,1,1,18935,18936,18937,1,2,0
5463,2,1,18937,18937,18938,0,1,0
5464,6,3,18943,18943,18946,0,3,5
5465,5,3,18948,18948,18951,0,3,2
5466,6,2,18954,18954,18956,0,2,3
5467,1,1,18955,18956,18957,1,2,0
5468,1,2,18956,18957,18959,1,3,0
5469,1,2,18957,18959,18961,2,4,0
5470,5,2,18962,18962,18964,0,2,1
5471,6,2,18968,18968,18970,0,2,4
5472,3,2,18971,18971,18973,0,2,1
5473,2,1,18973,18973,18974,0,1,0
5474,2,3,18975,18975,18978,0,3,1
5475,2,3,18977,18978,18981,1,4,0
5476,5,3,18982,18982,18985,0,3,1
5477,2,1,18984,18985,18986,1,2,0
5478,2,1,18986,18986,18987,0,1,0
5479,3,3,18989,18989,18992,0,3,2
5480,4,1,18993,18993,18994,0,1,1
5481,1,3,18994,18994,18997,0,3,0
5482,6,2,19000,19000,19002,0,2,3
5483,1,1,19001,19002,19003,1,2,0
5484,1,1,19002,19003,19004,1,2,0
5485,2,3,19004,19004,19007,0,3,0
5486,1,3,19005,19007,19010,2,5,0
5487,6,2,19011,19011,19013,0,2,1
5488,2,1,19013,19013,19014,0,1,0
5489,2,2,19015,19015,19017,0,2,1
5490,2,1,19017,19017,19018,0,1,0
5491,4,1,19021,19021,19022,0,1,3
5492,1,2,19022,19022,19024,0,2,0
5493,5,3,19027,19027,19030,0,3,3
5494,4,2,19031,19031,19033,0,2,1
5495,4,1,19035,19035,19036,0,1,2
5496,6,1,19041,19041,19042,0,1,5
5497,1,3,19042,19042,19045,0,3,0
5498,1,1,19043,19045,19046,2,3,0
5499,2,2,19045,19046,19048,1,3,0
5500,6,1,19051,19051,19052,0,1,3
5501,2,3,19053,19053,19056,0,3,1
5502,2,3,19055,19056,19059,1,4,0
5503,3,2,19058,19059,19061,1,3,0
5504,5,2,19063,19063,19065,0,2,2
5505,5,1,19068,19068,19069,0,1,3
5506,2,1,19070,19070,19071,0,1,1
5507,1,1,19071,19071,19072,0,1,0
5508,3,3,19074,19074,19077,0,3,2
5509,6,1,19080,19080,19081,0,1,3
5510,2,3,19082,19082,19085,0,3,1
5511,6,2,19088,19088,19090,0,2,3
5512,3,2,19091,19091,19093,0,2,1
5513,4,2,19095,19095,19097,0,2,2
5514,6,3,19101,19101,19104,0,3,4
5515,4,1,19105,19105,19106,0,1,1
5516,3,1,19108,19108,19109,0,1,2
5517,4,3,19112,19112,19115,0,3,3
5518,1,2,19113,19115,19117,2,4,0
5519,3,2,19116,19117,19119,1,3,0
5520,6,1,19122,19122,19123,0,1,3
5521,4,2,19126,19126,19128,0,2,3
5522,4,1,19130,19130,19131,0,1,2
5523,1,3,19131,19131,19134,0,3,0
5524,2,3,19133,19134,19137,1,4,0
5525,1,2,19134,19137,19139,3,5,0
5526,3,2,19137,19139,19141,2,4,0
5527,3,1,19140,19141,19142,1,2,0
5528,5,3,19145,19145,19148,0,3,3
5529,4,2,19149,19149,19151,0,2,1
5530,1,1,19150,19151,19152,1,2,0
5531,2,2,19152,19152,19154,0,2,0
5532,4,1,19156,19156,19157,0,1,2
5533,5,3,19161,19161,19164,0,3,4
5534,2,3,19163,19164,19167,1,4,0
5535,4,2,19167,19167,19169,0,2,0
5536,3,2,19170,19170,19172,0,2,1
5537,6,3,19176,19176,19179,0,3,4
5538,1,1,19177,19179,19180,2,3,0
5539,6,3,19183,19183,19186,0,3,3
5540,6,1,19189,19189,19190,0,1,3
5541,1,1,19190,19190,19191,0,1,0
5542,3,3,19193,19193,19196,0,3,2
5543,2,1,19195,19196,19197,1,2,0
5544,5,1,19200,19200,19201,0,1,3
5545,2,2,19202,19202,19204,0,2,1
5546,6,3,19208,19208,19211,0,3,4
5547,6,1,19214,19214,19215,0,1,3
5548,5,1,19219,19219,19220,0,1,4
5549,1,1,19220,19220,19221,0,1,0
5550,3,3,19223,19223,19226,0,3,2
5551,1,1,19224,19226,19227,2,3,0
5552,4,2,19228,19228,19230,0,2,1
5553,1,1,19229,19230,19231,1,2,0
5554,4,3,19233,19233,19236,0,3,2
5555,6,3,19239,19239,19242,0,3,3
5556,5,3,19244,19244,19247,0,3,2
5557,5,2,19249,19249,19251,0,2,2
5558,6,2,19255,19255,19257,0,2,4
5559,4,3,19259,19259,19262,0,3,2
5560,3,3,19262,19262,19265,0,3,0
5561,4,2,19266,19266,19268,0,2,1
5562,5,2,19271,19271,19273,0,2,3
5563,3,1,19274,19274,19275,0,1,1
5564,6,1,19280,19280,19281,0,1,5
5565,3,2,19283,19283,19285,0,2,2
5566,6,1,19289,19289,19290,0,1,4
5567,6,1,19295,19295,19296,0,1,5
5568,5,3,19300,19300,19303,0,3,4
5569,2,1,19302,19303,19304,1,2,0
5570,4,1,19306,19306,19307,0,1,2
5571,3,1,19309,19309,19310,0,1,2
5572,2,2,19311,19311,19313,0,2,1
5573,4,2,19315,19315,19317,0,2,2
5574,4,1,19319,19319,19320,0,1,2
5575,4,2,19323,19323,19325,0,2,3
5576,4,2,19327,19327,19329,0,2,2
5577,6,1,19333,19333,19334,0,1,4
5578,3,3,19336,19336,19339,0,3,2
5579,5,1,19341,19341,19342,0,1,2
5580,2,2,19343,19343,19345,0,2,1
5581,1,2,19344,19345,19347,1,3,0
5582,1,1,19345,19347,19348,2,3,0
5583,4,3,19349,19349,19352,0,3,1
5584,5,1,19354,19354,19355,0,1,2
5585,5,3,19359,19359,19362,0,3,4
5586,4,1,19363,19363,19364,0,1,1
5587,1,2,19364,19364,19366,0,2,0
5588,1,1,19365,19366,19367,1,2,0
5589,5,2,19370,19370,19372,0,2,3
5590,5,1,19375,19375,19376,0,1,3
5591,1,3,19376,19376,19379,0,3,0
5592,4,1,19380,19380,19381,0,1,1
5593,5,2,19385,19385,19387,0,2,4
5594,6,3,19391,19391,19394,0,3,4
5595,2,3,19393,19394,19397,1,4,0
5596,3,1,19396,19397,19398,1,2,0
5597,1,1,19397,19398,19399,1,2,0
5598,1,3,19398,19399,19402,1,4,0
5599,5,3,19403,19403,19406,0,3,1
5600,5,1,19408,19408,19409,0,1,2
5601,5,3,19413,19413,19416,0,3,4
5602,1,3,19414,19416,19419,2,5,0
5603,4,1,19418,19419,19420,1,2,0
5604,4,3,19422,19422,19425,0,3,2
5605,5,3,19427,19427,19430,0,3,2
5606,5,1,19432,19432,19433,0,1,2
5607,1,3,19433,19433,19436,0,3,0
5608,4,1,19437,19437,19438,0,1,1
5609,5,1,19442,19442,19443,0,1,4
5610,2,2,19444,19444,19446,0,2,1
5611,4,1,19448,19448,19449,0,1,2
5612,1,3,19449,19449,19452,0,3,0
5613,2,1,19451,19452,19453,1,2,0
5614,6,2,19457,19457,19459,0,2,4
5615,4,1,19461,19461,19462,0,1,2
5616,3,1,19464,19464,19465,0,1,2
5617,1,1,19465,19465,19466,0,1,0
5618,5,2,19470,19470,19472,0,2,4
5619,2,1,19472,19472,19473,0,1,0
5620,1,3,19473,19473,19476,0,3,0
5621,2,3,19475,19476,19479,1,4,0
5622,3,1,19478,19479,19480,1,2,0
5623,4,1,19482,19482,19483,0,1,2
5624,6,1,19488,19488,19489,0,1,5
5625,5,2,19493,19493,19495,0,2,4
5626,6,1,19499,19499,19500,0,1,4
5627,3,2,19502,19502,19504,0,2,2
5628,2,1,19504,19504,19505,0,1,0
5629,1,1,19505,19505,19506,0,1,0
5630,2,2,19507,19507,19509,0,2,1
5631,2,3,19509,19509,19512,0,3,0
5632,6,2,19515,19515,19517,0,2,3
5633,4,3,19519,19519,19522,0,3,2
5634,5,3,19524,19524,19527,0,3,2
5635,3,1,19527,19527,19528,0,1,0
5636,2,2,19529,19529,19531,0,2,1
5637,1,3,19530,19531,19534,1,4,0
5638,3,1,19533,19534,19535,1,2,0
5639,5,3,19538,19538,19541,0,3,3
5640,1,3,19539,19541,19544,2,5,0
5641,2,3,19541,19544,19547,3,6,0
5642,2,3,19543,19547,19550,4,7,0
5643,4,3,19547,19550,19553,3,6,0
5644,3,3,19550,19553,19556,3,6,0
5645,1,2,19551,19556,19558,5,7,0
5646,4,3,19555,19558,19561,3,6,0
5647,4,2,19559,19561,19563,2,4,0
5648,6,2,19565,19565,19567,0,2,2
5649,3,2,19568,19568,19570,0,2,1
5650,6,3,19574,19574,19577,0,3,4
5651,6,3,19580,19580,19583,0,3,3
5652,2,2,19582,19583,19585,1,3,0
5653,2,3,19584,19585,19588,1,4,0
5654,4,2,19588,19588,19590,0,2,0
5655,3,2,19591,19591,19593,0,2,1
5656,1,1,19592,19593,19594,1,2,0
5657,2,3,19594,19594,19597,0,3,0
5658,2,1,19596,19597,19598,1,2,0
5659,6,3,19602,19602,19605,0,3,4
5660,4,3,19606,19606,19609,0,3,1
5661,3,2,19609,19609,19611,0,2,0
5662,6,3,19615,19615,19618,0,3,4
5663,1,2,19616,19618,19620,2,4,0
5664,6,3,19622,19622,19625,0,3,2
5665,6,2,19628,19628,19630,0,2,3
5666,3,3,19631,19631,19634,0,3,1
5667,1,3,19632,19634,19637,2,5,0
5668,1,1,19633,19637,19638,4,5,0
5669,5,1,19638,19638,19639,0,1,0
5670,1,3,19639,19639,19642,0,3,0
5671,3,3,19642,19642,19645,0,3,0
5672,5,1,19647,19647,19648,0,1,2
5673,5,2,19652,19652,19654,0,2,4
5674,4,1,19656,19656,19657,0,1,2
5675,6,1,19662,19662,19663,0,1,5
5676,3,1,19665,19665,19666,0,1,2
5677,2,1,19667,19667,19668,0,1,1
5678,2,3,19669,19669,19672,0,3,1
5679,2,3,19671,19672,19675,1,4,0
5680,5,2,19676,19676,19678,0,2,1
5681,2,3,19678,19678,19681,0,3,0
5682,6,3,19684,19684,19687,0,3,3
5683,6,3,19690,19690,19693,0,3,3
5684,5,3,19695,19695,19698,0,3,2
5685,3,1,19698,19698,19699,0,1,0
5686,2,2,19700,19700,19702,0,2,1
5687,5,3,19705,19705,19708,0,3,3
5688,5,3,19710,19710,19713,0,3,2
5689,3,3,19713,19713,19716,0,3,0
5690,3,3,19716,19716,19719,0,3,0
5691,1,2,19717,19719,19721,2,4,0
5692,5,1,19722,19722,19723,0,1,1
5693,4,2,19726,19726,19728,0,2,3
5694,2,2,19728,19728,19730,0,2,0
5695,5,2,19733,19733,19735,0,2,3
5696,4,1,19737,19737,19738,0,1,2
5697,5,2,19742,19742,19744,0,2,4
5698,6,3,19748,19748,19751,0,3,4
5699,2,3,19750,19751,19754,1,4,0
5700,3,2,19753,19754,19756,1,3,0
5701,6,3,19759,19759,19762,0,3,3
5702,2,2,19761,19762,19764,1,3,0
5703,2,2,19763,19764,19766,1,3,0
5704,6,1,19769,19769,19770,0,1,3
5705,6,2,19775,19775,19777,0,2,5
5706,3,3,19778,19778,19781,0,3,1
5707,4,2,19782,19782,19784,0,2,1
5708,5,1,19787,19787,19788,0,1,3
5709,5,3,19792,19792,19795,0,3,4
5710,5,3,19797,19797,19800,0,3,2
5711,6,3,19803,19803,19806,0,3,3
5712,1,3,19804,19806,19809,2,5,0
5713,6,1,19810,19810,19811,0,1,1
5714,5,3,19815,19815,19818,0,3,4
5715,2,1,19817,19818,19819,1,2,0
5716,4,3,19821,19821,19824,0,3,2
5717,3,3,19824,19824,19827,0,3,0
5718,1,3,19825,19827,19830,2,5,0
5719,6,1,19831,19831,19832,0,1,1
5720,5,1,19836,19836,19837,0,1,4
5721,3,3,19839,19839,19842,0,3,2
5722,1,1,19840,19842,19843,2,3,0
5723,5,1,19845,19845,19846,0,1,2
5724,2,3,19847,19847,19850,0,3,1
5725,2,3,19849,19850,19853,1,4,0
5726,4,2,19853,19853,19855,0,2,0
5727,1,2,19854,19855,19857,1,3,0
5728,2,1,19856,19857,19858,1,2,0
5729,1,2,19857,19858,19860,1,3,0
5730,6,1,19863,19863,19864,0,1,3
5731,3,3,19866,19866,19869,0,3,2
5732,2,3,19868,19869,19872,1,4,0
5733,1,1,19869,19872,19873,3,4,0
5734,5,3,19874,19874,19877,0,3,1
5735,4,2,19878,19878,19880,0,2,1
5736,6,3,19884,19884,19887,0,3,4
5737,2,2,19886,19887,19889,1,3,0
5738,3,3,19889,19889,19892,0,3,0
5739,1,1,19890,19892,19893,2,3,0
5740,3,3,19893,19893,19896,0,3,0
5741,3,3,19896,19896,19899,0,3,0
5742,6,3,19902,19902,19905,0,3,3
5743,3,3,19905,19905,19908,0,3,0
5744,2,2,19907,19908,19910,1,3,0
5745,4,1,19911,19911,19912,0,1,1
5746,4,1,19915,19915,19916,0,1,3
5747,3,2,19918,19918,19920,0,2,2
5748,2,2,19920,19920,19922,0,2,0
5749,5,1,19925,19925,19926,0,1,3
5750,4,1,19929,19929,19930,0,1,3
5751,5,3,19934,19934,19937,0,3,4
5752,5,1,19939,19939,19940,0,1,2
5753,5,1,19944,19944,19945,0,1,4
5754,5,2,19949,19949,19951,0,2,4
5755,5,1,19954,19954,19955,0,1,3
5756,3,2,19957,19957,19959,0,2,2
5757,2,2,19959,19959,19961,0,2,0
5758,2,1,19961,19961,19962,0,1,0
5759,5,2,19966,19966,19968,0,2,4
5760,5,3,19971,19971,19974,0,3,3
5761,3,2,19974,19974,19976,0,2,0
5762,6,3,19980,19980,19983,0,3,4
5763,4,3,19984,19984,19987,0,3,1
5764,2,2,19986,19987,19989,1,3,0
5765,4,3,19990,19990,19993,0,3,1
5766,2,1,19992,19993,19994,1,2,0
5767,3,1,19995,19995,19996,0,1,1
5768,1,2,19996,19996,19998,0,2,0
5769,3,1,19999,19999,20000,0,1,1
5770,5,3,20004,20004,20007,0,3,4
5771,1,3,20005,20007,20010,2,5,0
5772,4,1,20009,20010,20011,1,2,0
5773,6,3,20015,20015,20018,0,3,4
5774,1,2,20016,20018,20020,2,4,0
5775,4,3,20020,20020,20023,0,3,0
5776,4,1,20024,20024,20025,0,1,1
5777,1,2,20025,20025,20027,0,2,0
5778,4,3,20029,20029,20032,0,3,2
5779,2,3,20031,20032,20035,1,4,0
5780,1,1,20032,20035,20036,3,4,0
5781,6,2,20038,20038,20040,0,2,2
5782,4,2,20042,20042,20044,0,2,2
5783,4,3,20046,20046,20049,0,3,2
5784,5,3,20051,20051,20054,0,3,2
5785,4,1,20055,20055,20056,0,1,1
5786,3,2,20058,20058,20060,0,2,2
5787,5,2,20063,20063,20065,0,2,3
5788,6,1,20069,20069,20070,0,1,4
5789,5,2,20074,20074,20076,0,2,4
5790,3,2,20077,20077,20079,0,2,1
5791,6,3,20083,20083,20086,0,3,4
5792,5,1,20088,20088,20089,0,1,2
5793,1,3,20089,20089,20092,0,3,0
5794,1,2,20090,20092,20094,2,4,0
5795,1,1,20091,20094,20095,3,4,0
5796,4,2,20095,20095,20097,0,2,0
5797,3,2,20098,20098,20100,0,2,1
5798,4,3,20102,20102,20105,0,3,2
5799,5,1,20107,20107,20108,0,1,2
5800,2,3,20109,20109,20112,0,3,1
5801,1,2,20110,20112,20114,2,4,0
5802,3,3,20113,20114,20117,1,4,0
5803,2,3,20115,20117,20120,2,5,0
5804,6,2,20121,20121,20123,0,2,1
5805,3,3,20124,20124,20127,0,3,1
5806,1,2,20125,20127,20129,2,4,0
5807,5,2,20130,20130,20132,0,2,1
5808,1,3,20131,20132,20135,1,4,0
5809,3,1,20134,20135,20136,1,2,0
5810,6,3,20140,20140,20143,0,3,4
5811,5,2,20145,20145,20147,0,2,2
5812,4,3,20149,20149,20152,0,3,2
5813,3,3,20152,20152,20155,0,3,0
5814,6,2,20158,20158,20160,0,2,3
5815,2,3,20160,20160,20163,0,3,0
5816,4,2,20164,20164,20166,0,2,1
5817,2,2,20166,20166,20168,0,2,0
5818,2,2,20168,20168,20170,0,2,0
5819,3,2,20171,20171,20173,0,2,1
5820,2,1,20173,20173,20174,0,1,0
5821,2,1,20175,20175,20176,0,1,1
5822,2,2,20177,20177,20179,0,2,1
5823,1,2,20178,20179,20181,1,3,0
5824,6,1,20184,20184,20185,0,1,3
5825,1,2,20185,20185,20187,0,2,0
5826,1,2,20186,20187,20189,1,3,0
5827,3,1,20189,20189,20190,0,1,0
5828,6,2,20195,20195,20197,0,2,5
5829,1,2,20196,20197,20199,1,3,0
5830,1,1,20197,20199,20200,2,3,0
5831,3,2,20200,20200,20202,0,2,0
5832,5,3,20205,20205,20208,0,3,3
5833,2,2,20207,20208,20210,1,3,0
5834,4,2,20211,20211,20213,0,2,1
5835,1,1,20212,20213,20214,1,2,0
5836,6,2,20218,20218,20220,0,2,4
5837,6,3,20224,20224,20227,0,3,4
5838,5,1,20229,20229,20230,0,1,2
5839,6,1,20235,20235,20236,0,1,5
5840,1,3,20236,20236,20239,0,3,0
5841,1,3,20237,20239,20242,2,5,0
5842,1,2,20238,20242,20244,4,6,0
5843,3,2,20241,20244,20246,3,5,0
5844,1,3,20242,20246,20249,4,7,0
5845,4,2,20246,20249,20251,3,5,0
5846,6,1,20252,20252,20253,0,1,1
5847,1,1,20253,20253,20254,0,1,0
5848,5,1,20258,20258,20259,0,1,4
5849,3,3,20261,20261,20264,0,3,2
5850,5,2,20266,20266,20268,0,2,2
5851,4,1,20270,20270,20271,0,1,2
5852,2,3,20272,20272,20275,0,3,1
5853,1,1,20273,20275,20276,2,3,0
5854,4,3,20277,20277,20280,0,3,1
5855,4,1,20281,20281,20282,0,1,1
5856,3,2,20284,20284,20286,0,2,2
5857,1,3,20285,20286,20289,1,4,0
5858,1,1,20286,20289,20290,3,4,0
5859,2,3,20288,20290,20293,2,5,0
5860,2,3,20290,20293,20296,3,6,0
5861,3,2,20293,20296,20298,3,5,0
5862,6,2,20299,20299,20301,0,2,1
5863,3,1,20302,20302,20303,0,1,1
5864,4,1,20306,20306,20307,0,1,3
5865,1,2,20307,20307,20309,0,2,0
5866,5,3,20312,20312,20315,0,3,3
5867,5,3,20317,20317,20320,0,3,2
5868,3,2,20320,20320,20322,0,2,0
5869,1,3,20321,20322,20325,1,4,0
5870,1,3,20322,20325,20328,3,6,0
5871,3,1,20325,20328,20329,3,4,0
5872,4,3,20329,20329,20332,0,3,0
5873,4,3,20333,20333,20336,0,3,1
5874,5,3,20338,20338,20341,0,3,2
5875,2,1,20340,20341,20342,1,2,0
5876,6,1,20346,20346,20347,0,1,4
5877,3,1,20349,20349,20350,0,1,2
5878,5,2,20354,20354,20356,0,2,4
5879,5,3,20359,20359,20362,0,3,3
5880,5,1,20364,20364,20365,0,1,2
5881,4,3,20368,20368,20371,0,3,3
5882,3,2,20371,20371,20373,0,2,0
5883,6,2,20377,20377,20379,0,2,4
5884,1,1,20378,20379,20380,1,2,0
5885,6,1,20384,20384,20385,0,1,4
5886,5,2,20389,20389,20391,0,2,4
5887,6,2,20395,20395,20397,0,2,4
5888,4,1,20399,20399,20400,0,1,2
5889,2,2,20401,20401,20403,0,2,1
5890,5,3,20406,20406,20409,0,3,3
5891,3,2,20409,20409,20411,0,2,0
5892,4,3,20413,20413,20416,0,3,2
5893,4,3,20417,20417,20420,0,3,1
5894,3,3,20420,20420,20423,0,3,0
5895,3,1,20423,20423,20424,0,1,0
5896,6,3,20429,20429,20432,0,3,5
5897,5,2,20434,20434,20436,0,2,2
5898,4,3,20438,20438,20441,0,3,2
5899,1,3,20439,20441,20444,2,5,0
5900,4,3,20443,20444,20447,1,4,0
5901,3,3,20446,20447,20450,1,4,0
5902,3,3,20449,20450,20453,1,4,0
5903,2,2,20451,20453,20455,2,4,0
5904,3,2,20454,20455,20457,1,3,0
5905,5,1,20459,20459,20460,0,1,2
5906,2,1,20461,20461,20462,0,1,1
5907,5,3,20466,20466,20469,0,3,4
5908,6,1,20472,20472,20473,0,1,3
5909,3,1,20475,20475,20476,0,1,2
5910,6,3,20481,20481,20484,0,3,5
5911,3,3,20484,20484,20487,0,3,0
5912,2,3,20486,20487,20490,1,4,0
5913,2,3,20488,20490,20493,2,5,0
5914,5,1,20493,20493,20494,0,1,0
5915,2,2,20495,20495,20497,0,2,1
5916,6,3,20501,20501,20504,0,3,4
5917,5,2,20506,20506,20508,0,2,2
5918,4,2,20510,20510,20512,0,2,2
5919,1,2,20511,20512,20514,1,3,0
5920,4,1,20515,20515,20516,0,1,1
5921,1,3,20516,20516,20519,0,3,0
5922,4,2,20520,20520,20522,0,2,1
5923,4,1,20524,20524,20525,0,1,2
5924,2,1,20526,20526,20527,0,1,1
5925,2,1,20528,20528,20529,0,1,1
5926,6,2,20534,20534,20536,0,2,5
5927,1,3,20535,20536,20539,1,4,0
5928,1,2,20536,20539,20541,3,5,0
5929,1,1,20537,20541,20542,4,5,0
5930,6,1,20543,20543,20544,0,1,1
5931,4,3,20547,20547,20550,0,3,3
5932,4,2,20551,20551,20553,0,2,1
5933,3,3,20554,20554,20557,0,3,1
5934,2,2,20556,20557,20559,1,3,0
5935,4,3,20560,20560,20563,0,3,1
5936,2,3,20562,20563,20566,1,4,0
5937,5,3,20567,20567,20570,0,3,1
5938,5,3,20572,20572,20575,0,3,2
5939,1,1,20573,20575,20576,2,3,0
5940,6,3,20579,20579,20582,0,3,3
5941,2,3,20581,20582,20585,1,4,0
5942,6,1,20587,20587,20588,0,1,2
5943,6,1,20593,20593,20594,0,1,5
5944,2,3,20595,20595,20598,0,3,1
5945,6,2,20601,20601,20603,0,2,3
5946,4,3,20605,20605,20608,0,3,2
5947,4,1,20609,20609,20610,0,1,1
5948,1,2,20610,20610,20612,0,2,0
5949,4,1,20614,20614,20615,0,1,2
5950,5,1,20619,20619,20620,0,1,4
5951,3,1,20622,20622,20623,0,1,2
5952,2,2,20624,20624,20626,0,2,1
5953,3,2,20627,20627,20629,0,2,1
5954,1,2,20628,20629,20631,1,3,0
5955,6,1,20634,20634,20635,0,1,3
5956,1,1,20635,20635,20636,0,1,0
5957,4,1,20639,20639,20640,0,1,3
5958,2,1,20641,20641,20642,0,1,1
5959,3,1,20644,20644,20645,0,1,2
5960,5,3,20649,20649,20652,0,3,4
5961,2,3,20651,20652,20655,1,4,0
5962,4,1,20655,20655,20656,0,1,0
5963,2,1,20657,20657,20658,0,1,1
5964,6,1,20663,20663,20664,0,1,5
5965,5,1,20668,20668,20669,0,1,4
5966,5,3,20673,20673,20676,0,3,4
5967,6,1,20679,20679,20680,0,1,3
5968,3,1,20682,20682,20683,0,1,2
5969,1,1,20683,20683,20684,0,1,0
5970,1,1,20684,20684,20685,0,1,0
5971,6,3,20690,20690,20693,0,3,5
5972,3,1,20693,20693,20694,0,1,0
5973,6,1,20699,20699,20700,0,1,5
5974,6,1,20705,20705,20706,0,1,5
5975,3,1,20708,20708,20709,0,1,2
5976,6,3,20714,20714,20717,0,3,5
5977,4,1,20718,20718,20719,0,1,1
5978,3,1,20721,20721,20722,0,1,2
5979,2,3,20723,20723,20726,0,3,1
5980,2,2,20725,20726,20728,1,3,0
5981,6,1,20731,20731,20732,0,1,3
5982,3,2,20734,20734,20736,0,2,2
5983,5,2,20739,20739,20741,0,2,3
5984,1,1,20740,20741,20742,1,2,0
5985,3,3,20743,20743,20746,0,3,1
5986,3,3,20746,20746,20749,0,3,0
5987,1,3,20747,20749,20752,2,5,0
5988,4,2,20751,20752,20754,1,3,0
5989,2,2,20753,20754,20756,1,3,0
5990,1,2,20754,20756,20758,2,4,0
5991,4,1,20758,20758,20759,0,1,0
5992,6,2,20764,20764,20766,0,2,5
5993,4,3,20768,20768,20771,0,3,2
5994,3,3,20771,20771,20774,0,3,0
5995,4,1,20775,20775,20776,0,1,1
5996,4,2,20779,20779,20781,0,2,3
5997,4,1,20783,20783,20784,0,1,2
5998,4,2,20787,20787,20789,0,2,3
5999,2,1,20789,20789,20790,0,1,0
6000,4,3,20793,20793,20796,0,3,3
6001,6,2,20799,20799,20801,0,2,3
6002,1,1,20800,20801,20802,1,2,0
6003,2,1,20802,20802,20803,0,1,0
6004,2,3,20804,20804,20807,0,3,1
6005,4,2,20808,20808,20810,0,2,1
6006,2,2,20810,20810,20812,0,2,0
6007,6,2,20816,20816,20818,0,2,4
6008,1,1,20817,20818,20819,1,2,0
6009,6,3,20823,20823,20826,0,3,4
6010,3,1,20826,20826,20827,0,1,0
6011,4,1,20830,20830,20831,0,1,3
6012,2,2,20832,20832,20834,0,2,1
6013,1,3,20833,20834,20837,1,4,0
6014,4,2,20837,20837,20839,0,2,0
6015,4,3,20841,20841,20844,0,3,2
6016,5,1,20846,20846,20847,0,1,2
6017,2,3,20848,20848,20851,0,3,1
6018,2,2,20850,20851,20853,1,3,0
6019,1,3,20851,20853,20856,2,5,0
6020,1,1,20852,20856,20857,4,5,0
6021,3,2,20855,20857,20859,2,4,0
6022,5,3,20860,20860,20863,0,3,1
6023,1,1,20861,20863,20864,2,3,0
6024,5,1,20866,20866,20867,0,1,2
6025,2,1,20868,20868,20869,0,1,1
6026,1,1,20869,20869,20870,0,1,0
6027,4,2,20873,20873,20875,0,2,3
6028,3,2,20876,20876,20878,0,2,1
6029,2,1,20878,20878,20879,0,1,0
6030,4,2,20882,20882,20884,0,2,3
6031,1,3,20883,20884,20887,1,4,0
6032,1,2,20884,20887,20889,3,5,0
6033,1,3,20885,20889,20892,4,7,0
6034,3,2,20888,20892,20894,4,6,0
6035,5,1,20893,20894,20895,1,2,0
6036,2,2,20895,20895,20897,0,2,0
6037,3,3,20898,20898,20901,0,3,1
6038,3,1,20901,20901,20902,0,1,0
6039,2,2,20903,20903,20905,0,2,1
6040,1,3,20904,20905,20908,1,4,0
6041,4,3,20908,20908,20911,0,3,0
6042,3,3,20911,20911,20914,0,3,0
6043,1,3,20912,20914,20917,2,5,0
6044,5,3,20917,20917,20920,0,3,0
6045,2,2,20919,20920,20922,1,3,0
6046,4,1,20923,20923,20924,0,1,1
6047,6,1,20929,20929,20930,0,1,5
6048,6,3,20935,20935,20938,0,3,5
6049,6,2,20941,20941,20943,0,2,3
6050,2,3,20943,20943,20946,0,3,0
6051,3,1,20946,20946,20947,0,1,0
6052,6,2,20952,20952,20954,0,2,5
6053,5,2,20957,20957,20959,0,2,3
6054,6,3,20963,20963,20966,0,3,4
6055,5,3,20968,20968,20971,0,3,2
6056,2,2,20970,20971,20973,1,3,0
6057,4,1,20974,20974,20975,0,1,1
6058,1,1,20975,20975,20976,0,1,0
6059,2,3,20977,20977,20980,0,3,1
6060,6,3,20983,20983,20986,0,3,3
6061,2,2,20985,20986,20988,1,3,0
6062,1,2,20986,20988,20990,2,4,0
6063,1,1,20987,20990,20991,3,4,0
6064,5,2,20992,20992,20994,0,2,1
6065,2,1,20994,20994,20995,0,1,0
6066,5,3,20999,20999,21002,0,3,4
6067,5,1,21004,21004,21005,0,1,2
6068,4,2,21008,21008,21010,0,2,3
6069,1,3,21009,21010,21013,1,4,0
6070,6,3,21015,21015,21018,0,3,2
6071,2,1,21017,21018,21019,1,2,0
6072,3,3,21020,21020,21023,0,3,1
6073,2,2,21022,21023,21025,1,3,0
6074,3,1,21025,21025,21026,0,1,0
6075,2,2,21027,21027,21029,0,2,1
6076,3,2,21030,21030,21032,0,2,1
6077,1,2,21031,21032,21034,1,3,0
6078,2,2,21033,21034,21036,1,3,0
6079,3,3,21036,21036,21039,0,3,0
6080,5,2,21041,21041,21043,0,2,2
6081,1,2,21042,21043,21045,1,3,0
6082,1,3,21043,21045,21048,2,5,0
6083,2,3,21045,21048,21051,3,6,0
6084,1,2,21046,21051,21053,5,7,0
6085,2,1,21048,21053,21054,5,6,0
6086,6,2,21054,21054,21056,0,2,0
6087,5,2,21059,21059,21061,0,2,3
6088,2,2,21061,21061,21063,0,2,0
6089,3,3,21064,21064,21067,0,3,1
6090,1,2,21065,21067,21069,2,4,0
6091,5,3,21070,21070,21073,0,3,1
6092,6,3,21076,21076,21079,0,3,3
6093,3,2,21079,21079,21081,0,2,0
6094,4,3,21083,21083,21086,0,3,2
6095,6,1,21089,21089,21090,0,1,3
6096,6,1,21095,21095,21096,0,1,5
6097,6,1,21101,21101,21102,0,1,5
6098,2,1,21103,21103,21104,0,1,1
6099,2,3,21105,21105,21108,0,3,1
6100,6,2,21111,21111,21113,0,2,3
6101,4,1,21115,21115,21116,0,1,2
6102,4,3,21119,21119,21122,0,3,3
6103,1,3,21120,21122,21125,2,5,0
6104,6,3,21126,21126,21129,0,3,1
6105,4,1,21130,21130,21131,0,1,1
6106,5,1,21135,21135,21136,0,1,4
6107,3,2,21138,21138,21140,0,2,2
6108,6,2,21144,21144,21146,0,2,4
6109,3,1,21147,21147,21148,0,1,1
6110,2,2,21149,21149,21151,0,2,1
6111,3,1,21152,21152,21153,0,1,1
6112,2,3,21154,21154,21157,0,3,1
6113,3,2,21157,21157,21159,0,2,0
6114,5,2,21162,21162,21164,0,2,3
6115,1,1,21163,21164,21165,1,2,0
6116,2,1,21165,21165,21166,0,1,0
6117,3,2,21168,21168,21170,0,2,2
6118,3,1,21171,21171,21172,0,1,1
6119,6,3,21177,21177,21180,0,3,5
6120,1,2,21178,21180,21182,2,4,0
6121,6,3,21184,21184,21187,0,3,2
6122,6,1,21190,21190,21191,0,1,3
6123,4,1,21194,21194,21195,0,1,3
6124,6,2,21200,21200,21202,0,2,5
6125,3,3,21203,21203,21206,0,3,1
6126,6,3,21209,21209,21212,0,3,3
6127,4,2,21213,21213,21215,0,2,1
6128,6,3,21219,21219,21222,0,3,4
6129,5,2,21224,21224,21226,0,2,2
6130,2,1,21226,21226,21227,0,1,0
6131,3,1,21229,21229,21230,0,1,2
6132,2,1,21231,21231,21232,0,1,1
6133,1,3,21232,21232,21235,0,3,0
6134,6,1,21238,21238,21239,0,1,3
6135,4,2,21242,21242,21244,0,2,3
6136,6,1,21248,21248,21249,0,1,4
6137,2,1,21250,21250,21251,0,1,1
6138,5,1,21255,21255,21256,0,1,4
6139,4,3,21259,21259,21262,0,3,3
6140,4,1,21263,21263,21264,0,1,1
6141,6,1,21269,21269,21270,0,1,5
6142,6,3,21275,21275,21278,0,3,5
6143,5,1,21280,21280,21281,0,1,2
6144,1,3,21281,21281,21284,0,3,0
6145,4,2,21285,21285,21287,0,2,1
6146,1,1,21286,21287,21288,1,2,0
6147,2,3,21288,21288,21291,0,3,0
6148,3,3,21291,21291,21294,0,3,0
6149,6,1,21297,21297,21298,0,1,3
6150,5,1,21302,21302,21303,0,1,4
6151,1,1,21303,21303,21304,0,1,0
6152,3,1,21306,21306,21307,0,1,2
6153,4,2,21310,21310,21312,0,2,3
6154,1,3,21311,21312,21315,1,4,0
6155,3,1,21314,21315,21316,1,2,0
6156,1,2,21315,21316,21318,1,3,0
6157,6,3,21321,21321,21324,0,3,3
6158,3,1,21324,21324,21325,0,1,0
6159,6,2,21330,21330,21332,0,2,5
6160,5,3,21335,21335,21338,0,3,3
6161,3,3,21338,21338,21341,0,3,0
6162,4,3,21342,21342,21345,0,3,1
6163,1,3,21343,21345,21348,2,5,0
6164,5,3,21348,21348,21351,0,3,0
6165,4,3,21352,21352,21355,0,3,1
6166,2,2,21354,21355,21357,1,3,0
6167,2,2,21356,21357,21359,1,3,0
6168,1,3,21357,21359,21362,2,5,0
6169,4,2,21361,21362,21364,1,3,0
6170,3,1,21364,21364,21365,0,1,0
6171,6,1,21370,21370,21371,0,1,5
6172,5,3,21375,21375,21378,0,3,4
6173,4,2,21379,21379,21381,0,2,1
6174,5,1,21384,21384,21385,0,1,3
6175,3,1,21387,21387,21388,0,1,2
6176,4,3,21391,21391,21394,0,3,3
6177,6,1,21397,21397,21398,0,1,3
6178,1,1,21398,21398,21399,0,1,0
6179,6,2,21404,21404,21406,0,2,5
6180,3,3,21407,21407,21410,0,3,1
6181,5,1,21412,21412,21413,0,1,2
6182,2,3,21414,21414,21417,0,3,1
6183,6,3,21420,21420,21423,0,3,3
6184,2,1,21422,21423,21424,1,2,0
6185,2,1,21424,21424,21425,0,1,0
6186,6,1,21430,21430,21431,0,1,5
6187,4,2,21434,21434,21436,0,2,3
6188,1,2,21435,21436,21438,1,3,0
6189,1,2,21436,21438,21440,2,4,0
6190,2,3,21438,21440,21443,2,5,0
6191,6,1,21444,21444,21445,0,1,1
6192,3,1,21447,21447,21448,0,1,2
6193,6,3,21453,21453,21456,0,3,5
6194,3,1,21456,21456,21457,0,1,0
6195,5,1,21461,21461,21462,0,1,4
6196,4,3,21465,21465,21468,0,3,3
6197,5,3,21470,21470,21473,0,3,2
6198,6,1,21476,21476,21477,0,1,3
6199,4,1,21480,21480,21481,0,1,3
6200,2,1,21482,21482,21483,0,1,1
6201,2,1,21484,21484,21485,0,1,1
6202,4,3,21488,21488,21491,0,3,3
6203,1,3,21489,21491,21494,2,5,0
6204,4,2,21493,21494,21496,1,3,0
6205,6,2,21499,21499,21501,0,2,3
6206,5,1,21504,21504,21505,0,1,3
6207,4,2,21508,21508,21510,0,2,3
6208,3,1,21511,21511,21512,0,1,1
6209,6,1,21517,21517,21518,0,1,5
6210,6,2,21523,21523,21525,0,2,5
6211,6,3,21529,21529,21532,0,3,4
6212,3,1,21532,21532,21533,0,1,0
6213,2,2,21534,21534,21536,0,2,1
6214,1,1,21535,21536,21537,1,2,0
6215,3,2,21538,21538,21540,0,2,1
6216,5,1,21543,21543,21544,0,1,3
6217,3,1,21546,21546,21547,0,1,2
6218,4,3,21550,21550,21553,0,3,3
6219,2,3,21552,21553,21556,1,4,0
6220,6,1,21558,21558,21559,0,1,2
6221,1,1,21559,21559,21560,0,1,0
6222,2,2,21561,21561,21563,0,2,1
6223,3,1,21564,21564,21565,0,1,1
6224,4,1,21568,21568,21569,0,1,3
6225,6,1,21574,21574,21575,0,1,5
6226,3,2,21577,21577,21579,0,2,2
6227,4,1,21581,21581,21582,0,1,2
6228,3,2,21584,21584,21586,0,2,2
6229,5,1,21589,21589,21590,0,1,3
6230,3,2,21592,21592,21594,0,2,2
6231,2,2,21594,21594,21596,0,2,0
6232,4,3,21598,21598,21601,0,3,2
6233,3,2,21601,21601,21603,0,2,0
6234,3,1,21604,21604,21605,0,1,1
6235,4,1,21608,21608,21609,0,1,3
6236,3,3,21611,21611,21614,0,3,2
6237,6,2,21617,21617,21619,0,2,3
6238,3,2,21620,21620,21622,0,2,1
6239,5,3,21625,21625,21628,0,3,3
6240,5,3,21630,21630,21633,0,3,2
6241,3,2,21633,21633,21635,0,2,0
6242,2,2,21635,21635,21637,0,2,0
6243,4,1,21639,21639,21640,0,1,2
6244,6,3,21645,21645,21648,0,3,5
6245,6,1,21651,21651,21652,0,1,3
6246,3,2,21654,21654,21656,0,2,2
6247,6,3,21660,21660,21663,0,3,4
6248,4,2,21664,21664,21666,0,2,1
6249,1,1,21665,21666,21667,1,2,0
6250,5,3,21670,21670,21673,0,3,3
6251,6,3,21676,21676,21679,0,3,3
6252,4,2,21680,21680,21682,0,2,1
6253,5,1,21685,21685,21686,0,1,3
6254,6,2,21691,21691,21693,0,2,5
6255,3,1,21694,21694,21695,0,1,1
6256,6,2,21700,21700,21702,0,2,5
6257,2,2,21702,21702,21704,0,2,0
6258,5,3,21707,21707,21710,0,3,3
6259,3,2,21710,21710,21712,0,2,0
6260,2,3,21712,21712,21715,0,3,0
6261,1,1,21713,21715,21716,2,3,0
6262,1,1,21714,21716,21717,2,3,0
6263,5,2,21719,21719,21721,0,2,2
6264,6,3,21725,21725,21728,0,3,4
6265,2,2,21727,21728,21730,1,3,0
6266,6,1,21733,21733,21734,0,1,3
6267,4,1,21737,21737,21738,0,1,3
6268,1,3,21738,21738,21741,0,3,0
6269,2,1,21740,21741,21742,1,2,0
6270,2,1,21742,21742,21743,0,1,0
6271,2,2,21744,21744,21746,0,2,1
6272,6,1,21750,21750,21751,0,1,4
6273,4,1,21754,21754,21755,0,1,3
6274,4,3,21758,21758,21761,0,3,3
6275,5,3,21763,21763,21766,0,3,2
6276,4,2,21767,21767,21769,0,2,1
6277,4,3,21771,21771,21774,0,3,2
6278,4,2,21775,21775,21777,0,2,1
6279,1,2,21776,21777,21779,1,3,0
6280,2,3,21778,21779,21782,1,4,0
6281,6,1,21784,21784,21785,0,1,2
6282,4,2,21788,21788,21790,0,2,3
6283,3,2,21791,21791,21793,0,2,1
6284,6,3,21797,21797,21800,0,3,4
6285,5,2,21802,21802,21804,0,2,2
6286,5,2,21807,21807,21809,0,2,3
6287,6,1,21813,21813,21814,0,1,4
6288,3,2,21816,21816,21818,0,2,2
6289,6,2,21822,21822,21824,0,2,4
6290,3,2,21825,21825,21827,0,2,1
6291,6,1,21831,21831,21832,0,1,4
6292,4,3,21835,21835,21838,0,3,3
6293,3,2,21838,21838,21840,0,2,0
6294,3,2,21841,21841,21843,0,2,1
6295,6,2,21847,21847,21849,0,2,4
6296,4,3,21851,21851,21854,0,3,2
6297,4,3,21855,21855,21858,0,3,1
6298,4,3,21859,21859,21862,0,3,1
6299,3,3,21862,21862,21865,0,3,0
6300,6,2,21868,21868,21870,0,2,3
6301,3,2,21871,21871,21873,0,2,1
6302,6,3,21877,21877,21880,0,3,4
6303,1,3,21878,21880,21883,2,5,0
6304,4,2,21882,21883,21885,1,3,0
6305,3,3,21885,21885,21888,0,3,0
6306,4,1,21889,21889,21890,0,1,1
6307,4,2,21893,21893,21895,0,2,3
6308,6,3,21899,21899,21902,0,3,4
6309,3,1,21902,21902,21903,0,1,0
6310,2,1,21904,21904,21905,0,1,1
6311,2,3,21906,21906,21909,0,3,1
6312,2,2,21908,21909,21911,1,3,0
6313,5,3,21913,21913,21916,0,3,2
6314,5,1,21918,21918,21919,0,1,2
6315,2,3,21920,21920,21923,0,3,1
6316,2,1,21922,21923,21924,1,2,0
6317,2,1,21924,21924,21925,0,1,0
6318,4,2,21928,21928,21930,0,2,3
6319,1,1,21929,21930,21931,1,2,0
6320,2,3,21931,21931,21934,0,3,0
6321,4,3,21935,21935,21938,0,3,1
6322,3,1,21938,21938,21939,0,1,0
6323,4,1,21942,21942,21943,0,1,3
6324,1,2,21943,21943,21945,0,2,0
6325,3,3,21946,21946,21949,0,3,1
6326,4,1,21950,21950,21951,0,1,1
6327,1,1,21951,21951,21952,0,1,0
6328,4,2,21955,21955,21957,0,2,3
6329,1,3,21956,21957,21960,1,4,0
6330,2,2,21958,21960,21962,2,4,0
6331,4,3,21962,21962,21965,0,3,0
6332,5,1,21967,21967,21968,0,1,2
6333,5,2,21972,21972,21974,0,2,4
6334,1,3,21973,21974,21977,1,4,0
6335,6,3,21979,21979,21982,0,3,2
6336,1,2,21980,21982,21984,2,4,0
6337,2,2,21982,21984,21986,2,4,0
6338,1,2,21983,21986,21988,3,5,0
6339,5,1,21988,21988,21989,0,1,0
6340,1,3,21989,21989,21992,0,3,0
6341,6,1,21995,21995,21996,0,1,3
6342,3,2,21998,21998,22000,0,2,2
6343,1,3,21999,22000,22003,1,4,0
6344,5,3,22004,22004,22007,0,3,1
6345,3,1,22007,22007,22008,0,1,0
6346,2,3,22009,22009,22012,0,3,1
6347,5,1,22014,22014,22015,0,1,2
6348,6,1,22020,22020,22021,0,1,5
6349,3,2,22023,22023,22025,0,2,2
6350,6,3,22029,22029,22032,0,3,4
6351,3,3,22032,22032,22035,0,3,0
6352,6,1,22038,22038,22039,0,1,3
6353,4,2,22042,22042,22044,0,2,3
6354,2,3,22044,22044,22047,0,3,0
6355,5,3,22049,22049,22052,0,3,2
6356,4,1,22053,22053,22054,0,1,1
6357,3,3,22056,22056,22059,0,3,2
6358,2,3,22058,22059,22062,1,4,0
6359,6,2,22064,22064,22066,0,2,2
6360,3,2,22067,22067,22069,0,2,1
6361,3,3,22070,22070,22073,0,3,1
6362,1,3,22071,22073,22076,2,5,0
6363,5,2,22076,22076,22078,0,2,0
6364,1,2,22077,22078,22080,1,3,0
6365,1,1,22078,22080,22081,2,3,0
6366,5,2,22083,22083,22085,0,2,2
6367,6,1,22089,22089,22090,0,1,4
6368,1,3,22090,22090,22093,0,3,0
6369,5,3,22095,22095,22098,0,3,2
6370,6,3,22101,22101,22104,0,3,3
6371,6,1,22107,22107,22108,0,1,3
6372,2,3,22109,22109,22112,0,3,1
6373,2,2,22111,22112,22114,1,3,0
6374,5,3,22116,22116,22119,0,3,2
6375,6,1,22122,22122,22123,0,1,3
6376,4,2,22126,22126,22128,0,2,3
6377,1,3,22127,22128,22131,1,4,0
6378,1,3,22128,22131,22134,3,6,0
6379,6,1,22134,22134,22135,0,1,0
6380,2,1,22136,22136,22137,0,1,1
6381,3,3,22139,22139,22142,0,3,2
6382,6,2,22145,22145,22147,0,2,3
6383,5,1,22150,22150,22151,0,1,3
6384,6,3,22156,22156,22159,0,3,5
6385,6,2,22162,22162,22164,0,2,3
6386,4,2,22166,22166,22168,0,2,2
6387,6,3,22172,22172,22175,0,3,4
6388,1,3,22173,22175,22178,2,5,0
6389,2,1,22175,22178,22179,3,4,0
6390,6,1,22181,22181,22182,0,1,2
6391,6,3,22187,22187,22190,0,3,5
6392,1,3,22188,22190,22193,2,5,0
6393,5,1,22193,22193,22194,0,1,0
6394,3,3,22196,22196,22199,0,3,2
6395,3,2,22199,22199,22201,0,2,0
6396,1,2,22200,22201,22203,1,3,0
6397,2,2,22202,22203,22205,1,3,0
6398,3,3,22205,22205,22208,0,3,0
6399,3,3,22208,22208,22211,0,3,0
6400,1,2,22209,22211,22213,2,4,0
6401,6,2,22215,22215,22217,0,2,2
6402,1,1,22216,22217,22218,1,2,0
6403,6,1,22222,22222,22223,0,1,4
6404,3,3,22225,22225,22228,0,3,2
6405,1,3,22226,22228,22231,2,5,0
6406,3,2,22229,22231,22233,2,4,0
6407,3,3,22232,22233,22236,1,4,0
6408,5,1,22237,22237,22238,0,1,1
6409,1,3,22238,22238,22241,0,3,0
6410,6,1,22244,22244,22245,0,1,3
6411,2,1,22246,22246,22247,0,1,1
6412,4,3,22250,22250,22253,0,3,3
6413,1,2,22251,22253,22255,2,4,0
6414,4,3,22255,22255,22258,0,3,0
6415,6,2,22261,22261,22263,0,2,3
6416,6,3,22267,22267,22270,0,3,4
6417,2,1,22269,22270,22271,1,2,0
6418,5,3,22274,22274,22277,0,3,3
6419,4,2,22278,22278,22280,0,2,1
6420,5,3,22283,22283,22286,0,3,3
6421,5,2,22288,22288,22290,0,2,2
6422,6,2,22294,22294,22296,0,2,4
6423,4,1,22298,22298,22299,0,1,2
6424,1,1,22299,22299,22300,0,1,0
6425,5,3,22304,22304,22307,0,3,4
6426,1,3,22305,22307,22310,2,5,0
6427,4,2,22309,22310,22312,1,3,0
6428,3,1,22312,22312,22313,0,1,0
6429,4,1,22316,22316,22317,0,1,3
6430,2,2,22318,22318,22320,0,2,1
6431,3,3,22321,22321,22324,0,3,1
6432,6,3,22327,22327,22330,0,3,3
6433,5,3,22332,22332,22335,0,3,2
6434,5,3,22337,22337,22340,0,3,2
6435,4,1,22341,22341,22342,0,1,1
6436,4,2,22345,22345,22347,0,2,3
6437,1,1,22346,22347,22348,1,2,0
6438,1,3,22347,22348,22351,1,4,0
6439,2,3,22349,22351,22354,2,5,0
6440,6,2,22355,22355,22357,0,2,1
6441,5,3,22360,22360,22363,0,3,3
6442,6,2,22366,22366,22368,0,2,3
6443,4,2,22370,22370,22372,0,2,2
6444,4,1,22374,22374,22375,0,1,2
6445,5,3,22379,22379,22382,0,3,4
6446,6,1,22385,22385,22386,0,1,3
6447,2,1,22387,22387,22388,0,1,1
6448,4,3,22391,22391,22394,0,3,3
6449,3,1,22394,22394,22395,0,1,0
6450,2,1,22396,22396,22397,0,1,1
6451,5,2,22401,22401,22403,0,2,4
6452,3,1,22404,22404,22405,0,1,1
6453,5,1,22409,22409,22410,0,1,4
6454,5,2,22414,22414,22416,0,2,4
6455,1,1,22415,22416,22417,1,2,0
6456,4,3,22419,22419,22422,0,3,2
6457,1,3,22420,22422,22425,2,5,0
6458,5,1,22425,22425,22426,0,1,0
6459,5,3,22430,22430,22433,0,3,4
6460,6,1,22436,22436,22437,0,1,3
6461,2,1,22438,22438,22439,0,1,1
6462,1,1,22439,22439,22440,0,1,0
6463,4,3,22443,22443,22446,0,3,3
6464,5,1,22448,22448,22449,0,1,2
6465,5,3,22453,22453,22456,0,3,4
6466,1,1,22454,22456,22457,2,3,0
6467,6,3,22460,22460,22463,0,3,3
6468,6,1,22466,22466,22467,0,1,3
6469,4,1,22470,22470,22471,0,1,3
6470,3,1,22473,22473,22474,0,1,2
6471,6,3,22479,22479,22482,0,3,5
6472,5,1,22484,22484,22485,0,1,2
6473,2,1,22486,22486,22487,0,1,1
6474,1,3,22487,22487,22490,0,3,0
6475,6,2,22493,22493,22495,0,2,3
6476,1,2,22494,22495,22497,1,3,0
6477,3,3,22497,22497,22500,0,3,0
6478,1,3,22498,22500,22503,2,5,0
6479,5,2,22503,22503,22505,0,2,0
6480,1,1,22504,22505,22506,1,2,0
6481,4,1,22508,22508,22509,0,1,2
6482,4,2,22512,22512,22514,0,2,3
6483,6,3,22518,22518,22521,0,3,4
6484,4,1,22522,22522,22523,0,1,1
6485,4,3,22526,22526,22529,0,3,3
6486,3,1,22529,22529,22530,0,1,0
6487,6,2,22535,22535,22537,0,2,5
6488,5,1,22540,22540,22541,0,1,3
6489,4,1,22544,22544,22545,0,1,3
6490,2,1,22546,22546,22547,0,1,1
6491,3,2,22549,22549,22551,0,2,2
6492,6,1,22555,22555,22556,0,1,4
6493,2,2,22557,22557,22559,0,2,1
6494,4,3,22561,22561,22564,0,3,2
6495,5,1,22566,22566,22567,0,1,2
6496,4,1,22570,22570,22571,0,1,3
6497,6,1,22576,22576,22577,0,1,5
6498,3,2,22579,22579,22581,0,2,2
6499,6,3,22585,22585,22588,0,3,4
6500,6,1,22591,22591,22592,0,1,3
6501,5,1,22596,22596,22597,0,1,4
6502,1,2,22597,22597,22599,0,2,0
6503,1,3,22598,22599,22602,1,4,0
6504,5,3,22603,22603,22606,0,3,1
6505,3,3,22606,22606,22609,0,3,0
6506,3,2,22609,22609,22611,0,2,0
6507,3,1,22612,22612,22613,0,1,1
6508,5,2,22617,22617,22619,0,2,4
6509,4,2,22621,22621,22623,0,2,2
6510,3,3,22624,22624,22627,0,3,1
6511,3,2,22627,22627,22629,0,2,0
6512,2,3,22629,22629,22632,0,3,0
6513,1,3,22630,22632,22635,2,5,0
6514,2,3,22632,22635,22638,3,6,0
6515,1,1,22633,22638,22639,5,6,0
6516,5,2,22638,22639,22641,1,3,0
6517,6,2,22644,22644,22646,0,2,3
6518,2,1,22646,22646,22647,0,1,0
6519,2,2,22648,22648,22650,0,2,1
6520,5,3,22653,22653,22656,0,3,3
6521,6,3,22659,22659,22662,0,3,3
6522,3,2,22662,22662,22664,0,2,0
6523,3,3,22665,22665,22668,0,3,1
6524,1,3,22666,22668,22671,2,5,0
6525,4,2,22670,22671,22673,1,3,0
6526,3,3,22673,22673,22676,0,3,0
6527,3,2,22676,22676,22678,0,2,0
6528,2,3,22678,22678,22681,0,3,0
6529,3,1,22681,22681,22682,0,1,0
6530,6,3,22687,22687,22690,0,3,5
6531,4,2,22691,22691,22693,0,2,1
6532,4,1,22695,22695,22696,0,1,2
6533,5,1,22700,22700,22701,0,1,4
6534,3,2,22703,22703,22705,0,2,2
6535,3,1,22706,22706,22707,0,1,1
6536,4,2,22710,22710,22712,0,2,3
6537,6,2,22716,22716,22718,0,2,4
6538,5,2,22721,22721,22723,0,2,3
6539,5,1,22726,22726,22727,0,1,3
6540,3,1,22729,22729,22730,0,1,2
6541,4,2,22733,22733,22735,0,2,3
6542,4,3,22737,22737,22740,0,3,2
6543,3,2,22740,22740,22742,0,2,0
6544,3,2,22743,22743,22745,0,2,1
6545,2,2,22745,22745,22747,0,2,0
6546,4,1,22749,22749,22750,0,1,2
6547,1,3,22750,22750,22753,0,3,0
6548,6,1,22756,22756,22757,0,1,3
6549,2,2,22758,22758,22760,0,2,1
6550,1,3,22759,22760,22763,1,4,0
6551,4,2,22763,22763,22765,0,2,0
6552,2,2,22765,22765,22767,0,2,0
6553,2,2,22767,22767,22769,0,2,0
6554,6,1,22773,22773,22774,0,1,4
6555,1,3,22774,22774,22777,0,3,0
6556,6,1,22780,22780,22781,0,1,3
6557,2,2,22782,22782,22784,0,2,1
6558,4,2,22786,22786,22788,0,2,2
6559,5,2,22791,22791,22793,0,2,3
6560,1,2,22792,22793,22795,1,3,0
6561,2,2,22794,22795,22797,1,3,0
6562,6,3,22800,22800,22803,0,3,3
6563,4,1,22804,22804,22805,0,1,1
6564,3,2,22807,22807,22809,0,2,2
6565,3,2,22810,22810,22812,0,2,1
6566,6,2,22816,22816,22818,0,2,4
6567,6,2,22822,22822,22824,0,2,4
6568,2,3,22824,22824,22827,0,3,0
6569,3,3,22827,22827,22830,0,3,0
6570,3,1,22830,22830,22831,0,1,0
6571,1,1,22831,22831,22832,0,1,0
6572,3,1,22834,22834,22835,0,1,2
6573,6,1,22840,22840,22841,0,1,5
6574,4,3,22844,22844,22847,0,3,3
6575,5,3,22849,22849,22852,0,3,2
6576,3,2,22852,22852,22854,0,2,0
6577,4,1,22856,22856,22857,0,1,2
6578,4,1,22860,22860,22861,0,1,3
6579,2,3,22862,22862,22865,0,3,1
6580,6,1,22868,22868,22869,0,1,3
6581,4,2,22872,22872,22874,0,2,3
6582,5,2,22877,22877,22879,0,2,3
6583,4,3,22881,22881,22884,0,3,2
6584,2,3,22883,22884,22887,1,4,0
6585,6,2,22889,22889,22891,0,2,2
6586,2,1,22891,22891,22892,0,1,0
6587,5,1,22896,22896,22897,0,1,4
6588,2,2,22898,22898,22900,0,2,1
6589,4,2,22902,22902,22904,0,2,2
6590,6,2,22908,22908,22910,0,2,4
6591,5,2,22913,22913,22915,0,2,3
6592,4,1,22917,22917,22918,0,1,2
6593,1,1,22918,22918,22919,0,1,0
6594,5,1,22923,22923,22924,0,1,4
6595,2,1,22925,22925,22926,0,1,1
6596,2,2,22927,22927,22929,0,2,1
6597,1,1,22928,22929,22930,1,2,0
6598,5,3,22933,22933,22936,0,3,3
6599,2,1,22935,22936,22937,1,2,0
6600,2,1,22937,22937,22938,0,1,0
6601,4,2,22941,22941,22943,0,2,3
6602,4,3,22945,22945,22948,0,3,2
6603,6,3,22951,22951,22954,0,3,3
6604,4,3,22955,22955,22958,0,3,1
6605,5,2,22960,22960,22962,0,2,2
6606,6,3,22966,22966,22969,0,3,4
6607,3,2,22969,22969,22971,0,2,0
6608,2,1,22971,22971,22972,0,1,0
6609,5,2,22976,22976,22978,0,2,4
6610,2,1,22978,22978,22979,0,1,0
6611,3,3,22981,22981,22984,0,3,2
6612,6,2,22987,22987,22989,0,2,3
6613,5,1,22992,22992,22993,0,1,3
6614,4,3,22996,22996,22999,0,3,3
6615,6,1,23002,23002,23003,0,1,3
6616,3,3,23005,23005,23008,0,3,2
6617,6,2,23011,23011,23013,0,2,3
6618,4,1,23015,23015,23016,0,1,2
6619,6,2,23021,23021,23023,0,2,5
6620,5,2,23026,23026,23028,0,2,3
6621,1,2,23027,23028,23030,1,3,0
6622,2,2,23029,23030,23032,1,3,0
6623,5,1,23034,23034,23035,0,1,2
6624,5,1,23039,23039,23040,0,1,4
6625,2,1,23041,23041,23042,0,1,1
6626,6,1,23047,23047,23048,0,1,5
6627,2,2,23049,23049,23051,0,2,1
6628,4,2,23053,23053,23055,0,2,2
6629,3,2,23056,23056,23058,0,2,1
6630,2,3,23058,23058,23061,0,3,0
6631,3,2,23061,23061,23063,0,2,0
6632,2,2,23063,23063,23065,0,2,0
6633,1,3,23064,23065,23068,1,4,0
6634,6,1,23070,23070,23071,0,1,2
6635,5,1,23075,23075,23076,0,1,4
6636,4,1,23079,23079,23080,0,1,3
6637,3,2,23082,23082,23084,0,2,2
6638,4,2,23086,23086,23088,0,2,2
6639,1,2,23087,23088,23090,1,3,0
6640,1,2,23088,23090,23092,2,4,0
6641,1,1,23089,23092,23093,3,4,0
6642,1,1,23090,23093,23094,3,4,0
6643,3,1,23093,23094,23095,1,2,0
6644,3,3,23096,23096,23099,0,3,1
6645,3,2,23099,23099,23101,0,2,0
6646,5,2,23104,23104,23106,0,2,3
6647,2,3,23106,23106,23109,0,3,0
6648,1,2,23107,23109,23111,2,4,0
6649,3,2,23110,23111,23113,1,3,0
6650,1,1,23111,23113,23114,2,3,0
6651,3,3,23114,23114,23117,0,3,0
6652,5,2,23119,23119,23121,0,2,2
6653,2,3,23121,23121,23124,0,3,0
6654,5,1,23126,23126,23127,0,1,2
6655,3,1,23129,23129,23130,0,1,2
6656,6,2,23135,23135,23137,0,2,5
6657,5,1,23140,23140,23141,0,1,3
6658,6,3,23146,23146,23149,0,3,5
6659,5,1,23151,23151,23152,0,1,2
6660,3,1,23154,23154,23155,0,1,2
6661,1,1,23155,23155,23156,0,1,0
6662,4,1,23159,23159,23160,0,1,3
6663,1,2,23160,23160,23162,0,2,0
6664,1,2,23161,23162,23164,1,3,0
6665,2,1,23163,23164,23165,1,2,0
6666,5,1,23168,23168,23169,0,1,3
6667,4,1,23172,23172,23173,0,1,3
6668,1,1,23173,23173,23174,0,1,0
6669,6,2,23179,23179,23181,0,2,5
6670,6,2,23185,23185,23187,0,2,4
6671,6,2,23191,23191,23193,0,2,4
6672,2,2,23193,23193,23195,0,2,0
6673,1,3,23194,23195,23198,1,4,0
6674,1,3,23195,23198,23201,3,6,0
6675,1,2,23196,23201,23203,5,7,0
6676,3,3,23199,23203,23206,4,7,0
6677,6,2,23205,23206,23208,1,3,0
6678,5,1,23210,23210,23211,0,1,2
6679,1,2,23211,23211,23213,0,2,0
6680,4,1,23215,23215,23216,0,1,2
6681,2,1,23217,23217,23218,0,1,1
6682,1,2,23218,23218,23220,0,2,0
6683,4,2,23222,23222,23224,0,2,2
6684,2,1,23224,23224,23225,0,1,0
6685,2,1,23226,23226,23227,0,1,1
6686,5,1,23231,23231,23232,0,1,4
6687,3,1,23234,23234,23235,0,1,2
6688,3,2,23237,23237,23239,0,2,2
6689,3,3,23240,23240,23243,0,3,1
6690,1,2,23241,23243,23245,2,4,0
6691,4,2,23245,23245,23247,0,2,0
6692,3,3,23248,23248,23251,0,3,1
6693,2,1,23250,23251,23252,1,2,0
6694,4,3,23254,23254,23257,0,3,2
6695,2,1,23256,23257,23258,1,2,0
6696,3,3,23259,23259,23262,0,3,1
6697,6,1,23265,23265,23266,0,1,3
6698,3,2,23268,23268,23270,0,2,2
6699,2,3,23270,23270,23273,0,3,0
6700,6,1,23276,23276,23277,0,1,3
6701,3,3,23279,23279,23282,0,3,2
6702,2,1,23281,23282,23283,1,2,0
6703,6,3,23287,23287,23290,0,3,4
6704,4,1,23291,23291,23292,0,1,1
6705,3,3,23294,23294,23297,0,3,2
6706,5,1,23299,23299,23300,0,1,2
6707,2,1,23301,23301,23302,0,1,1
6708,1,2,23302,23302,23304,0,2,0
6709,4,2,23306,23306,23308,0,2,2
6710,3,1,23309,23309,23310,0,1,1
6711,2,1,23311,23311,23312,0,1,1
6712,3,2,23314,23314,23316,0,2,2
6713,6,1,23320,23320,23321,0,1,4
6714,3,1,23323,23323,23324,0,1,2
6715,6,3,23329,23329,23332,0,3,5
6716,4,2,23333,23333,23335,0,2,1
6717,3,3,23336,23336,23339,0,3,1
6718,5,1,23341,23341,23342,0,1,2
6719,1,2,23342,23342,23344,0,2,0
6720,1,2,23343,23344,23346,1,3,0
6721,5,2,23348,23348,23350,0,2,2
6722,3,3,23351,23351,23354,0,3,1
6723,3,1,23354,23354,23355,0,1,0
6724,5,2,23359,23359,23361,0,2,4
6725,6,1,23365,23365,23366,0,1,4
6726,6,2,23371,23371,23373,0,2,5
6727,1,1,23372,23373,23374,1,2,0
6728,4,1,23376,23376,23377,0,1,2
6729,5,2,23381,23381,23383,0,2,4
6730,6,2,23387,23387,23389,0,2,4
6731,5,1,23392,23392,23393,0,1,3
6732,4,2,23396,23396,23398,0,2,3
6733,4,3,23400,23400,23403,0,3,2
6734,3,1,23403,23403,23404,0,1,0
6735,1,1,23404,23404,23405,0,1,0
6736,3,3,23407,23407,23410,0,3,2
6737,6,1,23413,23413,23414,0,1,3
6738,3,2,23416,23416,23418,0,2,2
6739,2,3,23418,23418,23421,0,3,0
6740,4,2,23422,23422,23424,0,2,1
6741,1,2,23423,23424,23426,1,3,0
6742,3,1,23426,23426,23427,0,1,0
6743,4,2,23430,23430,23432,0,2,3
6744,1,2,23431,23432,23434,1,3,0
6745,2,3,23433,23434,23437,1,4,0
6746,6,3,23439,23439,23442,0,3,2
6747,4,2,23443,23443,23445,0,2,1
6748,6,3,23449,23449,23452,0,3,4
6749,1,2,23450,23452,23454,2,4,0
6750,5,3,23455,23455,23458,0,3,1
6751,2,3,23457,23458,23461,1,4,0
6752,4,3,23461,23461,23464,0,3,0
6753,2,2,23463,23464,23466,1,3,0
6754,2,1,23465,23466,23467,1,2,0
6755,1,3,23466,23467,23470,1,4,0
6756,2,3,23468,23470,23473,2,5,0
6757,4,2,23472,23473,23475,1,3,0
6758,5,2,23477,23477,23479,0,2,2
6759,6,1,23483,23483,23484,0,1,4
6760,4,3,23487,23487,23490,0,3,3
6761,2,1,23489,23490,23491,1,2,0
6762,2,3,23491,23491,23494,0,3,0
6763,1,3,23492,23494,23497,2,5,0
6764,4,1,23496,23497,23498,1,2,0
6765,4,2,23500,23500,23502,0,2,2
6766,3,2,23503,23503,23505,0,2,1
6767,5,2,23508,23508,23510,0,2,3
6768,2,3,23510,23510,23513,0,3,0
6769,4,2,23514,23514,23516,0,2,1
6770,4,1,23518,23518,23519,0,1,2
6771,5,1,23523,23523,23524,0,1,4
6772,6,1,23529,23529,23530,0,1,5
6773,2,1,23531,23531,23532,0,1,1
6774,5,2,23536,23536,23538,0,2,4
6775,3,3,23539,23539,23542,0,3,1
6776,6,2,23545,23545,23547,0,2,3
6777,4,3,23549,23549,23552,0,3,2
6778,5,3,23554,23554,23557,0,3,2
6779,2,2,23556,23557,23559,1,3,0
6780,4,2,23560,23560,23562,0,2,1
6781,4,1,23564,23564,23565,0,1,2
6782,2,1,23566,23566,23567,0,1,1
6783,4,3,23570,23570,23573,0,3,3
6784,3,1,23573,23573,23574,0,1,0
6785,2,1,23575,23575,23576,0,1,1
6786,2,2,23577,23577,23579,0,2,1
6787,4,3,23581,23581,23584,0,3,2
6788,6,2,23587,23587,23589,0,2,3
6789,1,3,23588,23589,23592,1,4,0
6790,1,2,23589,23592,23594,3,5,0
6791,6,2,23595,23595,23597,0,2,1
6792,1,3,23596,23597,23600,1,4,0
6793,5,2,23601,23601,23603,0,2,1
6794,5,3,23606,23606,23609,0,3,3
6795,4,2,23610,23610,23612,0,2,1
6796,4,1,23614,23614,23615,0,1,2
6797,2,1,23616,23616,23617,0,1,1
6798,1,2,23617,23617,23619,0,2,0
6799,5,1,23622,23622,23623,0,1,3
6800,4,3,23626,23626,23629,0,3,3
6801,5,2,23631,23631,23633,0,2,2
6802,6,1,23637,23637,23638,0,1,4
6803,2,3,23639,23639,23642,0,3,1
6804,1,3,23640,23642,23645,2,5,0
6805,5,1,23645,23645,23646,0,1,0
6806,4,3,23649,23649,23652,0,3,3
6807,6,1,23655,23655,23656,0,1,3
6808,3,1,23658,23658,23659,0,1,2
6809,5,2,23663,23663,23665,0,2,4
6810,5,1,23668,23668,23669,0,1,3
6811,3,3,23671,23671,23674,0,3,2
6812,1,3,23672,23674,23677,2,5,0
6813,1,3,23673,23677,23680,4,7,0
6814,5,3,23678,23680,23683,2,5,0
6815,4,1,23682,23683,23684,1,2,0
6816,6,3,23688,23688,23691,0,3,4
6817,2,2,23690,23691,23693,1,3,0
6818,3,2,23693,23693,23695,0,2,0
6819,1,2,23694,23695,23697,1,3,0
6820,5,3,23699,23699,23702,0,3,2
6821,3,2,23702,23702,23704,0,2,0
6822,5,3,23707,23707,23710,0,3,3
6823,5,1,23712,23712,23713,0,1,2
6824,5,1,23717,23717,23718,0,1,4
6825,1,3,23718,23718,23721,0,3,0
6826,1,2,23719,23721,23723,2,4,0
6827,6,1,23725,23725,23726,0,1,2
6828,3,3,23728,23728,23731,0,3,2
6829,2,2,23730,23731,23733,1,3,0
6830,6,3,23736,23736,23739,0,3,3
6831,1,2,23737,23739,23741,2,4,0
6832,2,3,23739,23741,23744,2,5,0
6833,5,2,23744,23744,23746,0,2,0
6834,2,2,23746,23746,23748,0,2,0
6835,4,1,23750,23750,23751,0,1,2
6836,4,3,23754,23754,23757,0,3,3
6837,5,3,23759,23759,23762,0,3,2
6838,3,3,23762,23762,23765,0,3,0
6839,4,2,23766,23766,23768,0,2,1
6840,3,1,23769,23769,23770,0,1,1
6841,1,3,23770,23770,23773,0,3,0
6842,6,2,23776,23776,23778,0,2,3
6843,1,3,23777,23778,23781,1,4,0
6844,4,3,23781,23781,23784,0,3,0
6845,6,1,23787,23787,23788,0,1,3
6846,4,2,23791,23791,23793,0,2,3
6847,6,1,23797,23797,23798,0,1,4
6848,6,2,23803,23803,23805,0,2,5
6849,3,1,23806,23806,23807,0,1,1
6850,6,1,23812,23812,23813,0,1,5
6851,5,1,23817,23817,23818,0,1,4
6852,5,1,23822,23822,23823,0,1,4
6853,1,1,23823,23823,23824,0,1,0
6854,4,2,23827,23827,23829,0,2,3
6855,5,3,23832,23832,23835,0,3,3
6856,3,1,23835,23835,23836,0,1,0
6857,4,1,23839,23839,23840,0,1,3
6858,6,2,23845,23845,23847,0,2,5
6859,2,2,23847,23847,23849,0,2,0
6860,3,3,23850,23850,23853,0,3,1
6861,2,3,23852,23853,23856,1,4,0
6862,2,3,23854,23856,23859,2,5,0
6863,1,2,23855,23859,23861,4,6,0
6864,1,3,23856,23861,23864,5,8,0
6865,1,3,23857,23864,23867,7,10,0
6866,2,3,23859,23867,23870,8,11,0
6867,6,3,23865,23870,23873,5,8,0
6868,5,3,23870,23873,23876,3,6,0
6869,5,1,23875,23876,23877,1,2,0
6870,3,1,23878,23878,23879,0,1,1
6871,1,3,23879,23879,23882,0,3,0
6872,6,1,23885,23885,23886,0,1,3
6873,2,1,23887,23887,23888,0,1,1
6874,6,3,23893,23893,23896,0,3,5
6875,1,1,23894,23896,23897,2,3,0
6876,2,1,23896,23897,23898,1,2,0
6877,1,3,23897,23898,23901,1,4,0
6878,6,2,23903,23903,23905,0,2,2
6879,3,3,23906,23906,23909,0,3,1
6880,6,1,23912,23912,23913,0,1,3
6881,1,3,23913,23913,23916,0,3,0
6882,3,3,23916,23916,23919,0,3,0
6883,1,2,23917,23919,23921,2,4,0
6884,3,1,23920,23921,23922,1,2,0
6885,5,2,23925,23925,23927,0,2,3
6886,2,2,23927,23927,23929,0,2,0
6887,4,3,23931,23931,23934,0,3,2
6888,3,1,23934,23934,23935,0,1,0
6889,6,2,23940,23940,23942,0,2,5
6890,6,3,23946,23946,23949,0,3,4
6891,6,2,23952,23952,23954,0,2,3
6892,2,3,23954,23954,23957,0,3,0
6893,5,2,23959,23959,23961,0,2,2
6894,1,2,23960,23961,23963,1,3,0
6895,4,3,23964,23964,23967,0,3,1
6896,2,1,23966,23967,23968,1,2,0
6897,5,2,23971,23971,23973,0,2,3
6898,6,2,23977,23977,23979,0,2,4
6899,2,1,23979,23979,23980,0,1,0
6900,6,1,23985,23985,23986,0,1,5
6901,6,3,23991,23991,23994,0,3,5
6902,5,2,23996,23996,23998,0,2,2
6903,1,3,23997,23998,24001,1,4,0
6904,2,2,23999,24001,24003,2,4,0
6905,6,2,24005,24005,24007,0,2,2
6906,5,3,24010,24010,24013,0,3,3
6907,6,3,24016,24016,24019,0,3,3
6908,4,3,24020,24020,24023,0,3,1
6909,6,1,24026,24026,24027,0,1,3
6910,4,1,24030,24030,24031,0,1,3
6911,4,2,24034,24034,24036,0,2,3
6912,6,3,24040,24040,24043,0,3,4
6913,4,1,24044,24044,24045,0,1,1
6914,5,3,24049,24049,24052,0,3,4
6915,3,1,24052,24052,24053,0,1,0
6916,6,2,24058,24058,24060,0,2,5
6917,1,1,24059,24060,24061,1,2,0
6918,4,1,24063,24063,24064,0,1,2
6919,6,1,24069,24069,24070,0,1,5
6920,6,3,24075,24075,24078,0,3,5
6921,5,3,24080,24080,24083,0,3,2
6922,6,2,24086,24086,24088,0,2,3
6923,1,2,24087,24088,24090,1,3,0
6924,1,1,24088,24090,24091,2,3,0
6925,2,3,24090,24091,24094,1,4,0
6926,6,2,24096,24096,24098,0,2,2
6927,1,1,24097,24098,24099,1,2,0
6928,6,2,24103,24103,24105,0,2,4
6929,4,1,24107,24107,24108,0,1,2
6930,1,2,24108,24108,24110,0,2,0
6931,5,2,24113,24113,24115,0,2,3
6932,5,1,24118,24118,24119,0,1,3
6933,3,2,24121,24121,24123,0,2,2
6934,2,3,24123,24123,24126,0,3,0
6935,6,2,24129,24129,24131,0,2,3
6936,5,2,24134,24134,24136,0,2,3
6937,4,1,24138,24138,24139,0,1,2
6938,2,3,24140,24140,24143,0,3,1
6939,4,3,24144,24144,24147,0,3,1
6940,3,2,24147,24147,24149,0,2,0
6941,2,3,24149,24149,24152,0,3,0
6942,1,1,24150,24152,24153,2,3,0
6943,3,2,24153,24153,24155,0,2,0
6944,4,2,24157,24157,24159,0,2,2
6945,2,3,24159,24159,24162,0,3,0
6946,4,2,24163,24163,24165,0,2,1
6947,1,3,24164,24165,24168,1,4,0
6948,4,1,24168,24168,24169,0,1,0
6949,4,3,24172,24172,24175,0,3,3
6950,2,3,24174,24175,24178,1,4,0
6951,6,3,24180,24180,24183,0,3,2
6952,6,2,24186,24186,24188,0,2,3
6953,3,1,24189,24189,24190,0,1,1
6954,4,3,24193,24193,24196,0,3,3
6955,2,1,24195,24196,24197,1,2,0
6956,5,1,24200,24200,24201,0,1,3
6957,3,2,24203,24203,24205,0,2,2
6958,5,2,24208,24208,24210,0,2,3
6959,4,2,24212,24212,24214,0,2,2
6960,2,3,24214,24214,24217,0,3,0
6961,2,1,24216,24217,24218,1,2,0
6962,6,2,24222,24222,24224,0,2,4
6963,6,3,24228,24228,24231,0,3,4
6964,6,1,24234,24234,24235,0,1,3
6965,4,1,24238,24238,24239,0,1,3
6966,5,3,24243,24243,24246,0,3,4
6967,4,2,24247,24247,24249,0,2,1
6968,1,3,24248,24249,24252,1,4,0
6969,2,3,24250,24252,24255,2,5,0
6970,4,1,24254,24255,24256,1,2,0
6971,3,3,24257,24257,24260,0,3,1
6972,6,3,24263,24263,24266,0,3,3
6973,3,3,24266,24266,24269,0,3,0
6974,3,1,24269,24269,24270,0,1,0
6975,5,3,24274,24274,24277,0,3,4
6976,6,2,24280,24280,24282,0,2,3
6977,4,3,24284,24284,24287,0,3,2
6978,1,1,24285,24287,24288,2,3,0
6979,5,2,24290,24290,24292,0,2,2
6980,3,2,24293,24293,24295,0,2,1
6981,1,3,24294,24295,24298,1,4,0
6982,2,3,24296,24298,24301,2,5,0
6983,5,3,24301,24301,24304,0,3,0
6984,6,3,24307,24307,24310,0,3,3
6985,2,3,24309,24310,24313,1,4,0
6986,2,2,24311,24313,24315,2,4,0
6987,2,2,24313,24315,24317,2,4,0
6988,4,1,24317,24317,24318,0,1,0
6989,5,2,24322,24322,24324,0,2,4
6990,5,2,24327,24327,24329,0,2,3
6991,5,1,24332,24332,24333,0,1,3
6992,5,2,24337,24337,24339,0,2,4
6993,2,1,24339,24339,24340,0,1,0
6994,5,2,24344,24344,24346,0,2,4
6995,2,1,24346,24346,24347,0,1,0
6996,2,1,24348,24348,24349,0,1,1
6997,2,1,24350,24350,24351,0,1,1
6998,3,3,24353,24353,24356,0,3,2
6999,6,1,24359,24359,24360,0,1,3
7000,4,2,24363,24363,24365,0,2,3
7001,1,3,24364,24365,24368,1,4,0
7002,4,2,24368,24368,24370,0,2,0
7003,4,2,24372,24372,24374,0,2,2
7004,4,2,24376,24376,24378,0,2,2
7005,1,1,24377,24378,24379,1,2,0
7006,6,3,24383,24383,24386,0,3,4
7007,3,2,24386,24386,24388,0,2,0
7008,5,1,24391,24391,24392,0,1,3
7009,3,2,24394,24394,24396,0,2,2
7010,1,2,24395,24396,24398,1,3,0
7011,6,1,24401,24401,24402,0,1,3
7012,6,1,24407,24407,24408,0,1,5
7013,6,3,24413,24413,24416,0,3,5
7014,5,2,24418,24418,24420,0,2,2
7015,1,2,24419,24420,24422,1,3,0
7016,6,3,24425,24425,24428,0,3,3
7017,2,3,24427,24428,24431,1,4,0
7018,2,1,24429,24431,24432,2,3,0
7019,4,2,24433,24433,24435,0,2,1
7020,1,1,24434,24435,24436,1,2,0
7021,4,3,24438,24438,24441,0,3,2
7022,2,1,24440,24441,24442,1,2,0
7023,3,2,24443,24443,24445,0,2,1
7024,6,3,24449,24449,24452,0,3,4
7025,1,3,24450,24452,24455,2,5,0
7026,1,2,24451,24455,24457,4,6,0
7027,6,3,24457,24457,24460,0,3,0
7028,3,2,24460,24460,24462,0,2,0
7029,5,3,24465,24465,24468,0,3,3
7030,6,3,24471,24471,24474,0,3,3
7031,6,2,24477,24477,24479,0,2,3
7032,2,3,24479,24479,24482,0,3,0
7033,1,2,24480,24482,24484,2,4,0
7034,2,2,24482,24484,24486,2,4,0
7035,6,3,24488,24488,24491,0,3,2
7036,1,1,24489,24491,24492,2,3,0
7037,2,3,24491,24492,24495,1,4,0
7038,1,2,24492,24495,24497,3,5,0
7039,5,2,24497,24497,24499,0,2,0
7040,3,1,24500,24500,24501,0,1,1
7041,4,1,24504,24504,24505,0,1,3
7042,5,2,24509,24509,24511,0,2,4
7043,5,1,24514,24514,24515,0,1,3
7044,6,1,24520,24520,24521,0,1,5
7045,5,2,24525,24525,24527,0,2,4
7046,5,1,24530,24530,24531,0,1,3
7047,5,3,24535,24535,24538,0,3,4
7048,3,3,24538,24538,24541,0,3,0
7049,2,3,24540,24541,24544,1,4,0
7050,1,2,24541,24544,24546,3,5,0
7051,4,2,24545,24546,24548,1,3,0
7052,2,2,24547,24548,24550,1,3,0
7053,4,2,24551,24551,24553,0,2,1
7054,6,1,24557,24557,24558,0,1,4
7055,3,1,24560,24560,24561,0,1,2
7056,1,2,24561,24561,24563,0,2,0
7057,6,1,24567,24567,24568,0,1,4
7058,2,3,24569,24569,24572,0,3,1
7059,2,2,24571,24572,24574,1,3,0
7060,3,3,24574,24574,24577,0,3,0
7061,4,1,24578,24578,24579,0,1,1
7062,3,3,24581,24581,24584,0,3,2
7063,4,1,24585,24585,24586,0,1,1
7064,5,2,24590,24590,24592,0,2,4
7065,3,2,24593,24593,24595,0,2,1
7066,1,3,24594,24595,24598,1,4,0
7067,2,1,24596,24598,24599,2,3,0
7068,2,1,24598,24599,24600,1,2,0
7069,2,1,24600,24600,24601,0,1,0
7070,6,2,24606,24606,24608,0,2,5
7071,3,2,24609,24609,24611,0,2,1
7072,2,3,24611,24611,24614,0,3,0
7073,5,3,24616,24616,24619,0,3,2
7074,3,1,24619,24619,24620,0,1,0
7075,6,1,24625,24625,24626,0,1,5
7076,6,2,24631,24631,24633,0,2,5
7077,4,2,24635,24635,24637,0,2,2
7078,3,3,24638,24638,24641,0,3,1
7079,2,3,24640,24641,24644,1,4,0
7080,1,2,24641,24644,24646,3,5,0
7081,2,1,24643,24646,24647,3,4,0
7082,5,3,24648,24648,24651,0,3,1
7083,6,2,24654,24654,24656,0,2,3
7084,3,3,24657,24657,24660,0,3,1
7085,5,3,24662,24662,24665,0,3,2
7086,4,1,24666,24666,24667,0,1,1
7087,6,3,24672,24672,24675,0,3,5
7088,3,2,24675,24675,24677,0,2,0
7089,4,3,24679,24679,24682,0,3,2
7090,2,1,24681,24682,24683,1,2,0
7091,2,3,24683,24683,24686,0,3,0
7092,2,3,24685,24686,24689,1,4,0
7093,3,2,24688,24689,24691,1,3,0
7094,5,1,24693,24693,24694,0,1,2
7095,6,1,24699,24699,24700,0,1,5
7096,2,1,24701,24701,24702,0,1,1
7097,3,3,24704,24704,24707,0,3,2
7098,2,1,24706,24707,24708,1,2,0
7099,2,2,24708,24708,24710,0,2,0
7100,2,2,24710,24710,24712,0,2,0
7101,4,1,24714,24714,24715,0,1,2
7102,5,3,24719,24719,24722,0,3,4
7103,6,2,24725,24725,24727,0,2,3
7104,4,3,24729,24729,24732,0,3,2
7105,6,3,24735,24735,24738,0,3,3
7106,5,3,24740,24740,24743,0,3,2
7107,1,3,24741,24743,24746,2,5,0
7108,2,3,24743,24746,24749,3,6,0
7109,2,2,24745,24749,24751,4,6,0
7110,4,2,24749,24751,24753,2,4,0
7111,1,2,24750,24753,24755,3,5,0
7112,6,3,24756,24756,24759,0,3,1
7113,3,1,24759,24759,24760,0,1,0
7114,6,2,24765,24765,24767,0,2,5
7115,1,2,24766,24767,24769,1,3,0
7116,1,1,24767,24769,24770,2,3,0
7117,1,2,24768,24770,24772,2,4,0
7118,4,3,24772,24772,24775,0,3,0
7119,5,3,24777,24777,24780,0,3,2
7120,1,3,24778,24780,24783,2,5,0
7121,5,1,24783,24783,24784,0,1,0
7122,4,1,24787,24787,24788,0,1,3
7123,4,2,24791,24791,24793,0,2,3
7124,4,3,24795,24795,24798,0,3,2
7125,1,1,24796,24798,24799,2,3,0
7126,5,3,24801,24801,24804,0,3,2
7127,6,2,24807,24807,24809,0,2,3
7128,5,1,24812,24812,24813,0,1,3
7129,2,2,24814,24814,24816,0,2,1
7130,1,1,24815,24816,24817,1,2,0
7131,4,1,24819,24819,24820,0,1,2
7132,2,3,24821,24821,24824,0,3,1
7133,1,2,24822,24824,24826,2,4,0
7134,5,3,24827,24827,24830,0,3,1
7135,5,1,24832,24832,24833,0,1,2
7136,2,3,24834,24834,24837,0,3,1
7137,3,1,24837,24837,24838,0,1,0
7138,6,3,24843,24843,24846,0,3,5
7139,6,2,24849,24849,24851,0,2,3
7140,3,1,24852,24852,24853,0,1,1
7141,5,2,24857,24857,24859,0,2,4
7142,6,3,24863,24863,24866,0,3,4
7143,1,1,24864,24866,24867,2,3,0
7144,2,2,24866,24867,24869,1,3,0
7145,2,2,24868,24869,24871,1,3,0
7146,4,3,24872,24872,24875,0,3,1
7147,4,2,24876,24876,24878,0,2,1
7148,6,3,24882,24882,24885,0,3,4
7149,5,1,24887,24887,24888,0,1,2
7150,5,2,24892,24892,24894,0,2,4
7151,3,3,24895,24895,24898,0,3,1
7152,5,3,24900,24900,24903,0,3,2
7153,6,1,24906,24906,24907,0,1,3
7154,2,3,24908,24908,24911,0,3,1
7155,6,1,24914,24914,24915,0,1,3
7156,1,1,24915,24915,24916,0,1,0
7157,5,2,24920,24920,24922,0,2,4
7158,4,2,24924,24924,24926,0,2,2
7159,5,3,24929,24929,24932,0,3,3
7160,2,3,24931,24932,24935,1,4,0
7161,5,1,24936,24936,24937,0,1,1
7162,4,3,24940,24940,24943,0,3,3
7163,1,1,24941,24943,24944,2,3,0
7164,1,3,24942,24944,24947,2,5,0
7165,6,2,24948,24948,24950,0,2,1
7166,4,1,24952,24952,24953,0,1,2
7167,1,2,24953,24953,24955,0,2,0
7168,2,2,24955,24955,24957,0,2,0
7169,6,3,24961,24961,24964,0,3,4
7170,5,2,24966,24966,24968,0,2,2
7171,5,1,24971,24971,24972,0,1,3
7172,6,1,24977,24977,24978,0,1,5
7173,2,2,24979,24979,24981,0,2,1
7174,3,1,24982,24982,24983,0,1,1
7175,2,3,24984,24984,24987,0,3,1
7176,5,1,24989,24989,24990,0,1,2
7177,4,2,24993,24993,24995,0,2,3
7178,6,1,24999,24999,25000,0,1,4
7179,4,1,25003,25003,25004,0,1,3
7180,6,1,25009,25009,25010,0,1,5
7181,6,2,25015,25015,25017,0,2,5
7182,1,2,25016,25017,25019,1,3,0
7183,4,1,25020,25020,25021,0,1,1
7184,1,2,25021,25021,25023,0,2,0
7185,2,1,25023,25023,25024,0,1,0
7186,6,3,25029,25029,25032,0,3,5
7187,5,2,25034,25034,25036,0,2,2
7188,6,1,25040,25040,25041,0,1,4
7189,6,2,25046,25046,25048,0,2,5
7190,3,3,25049,25049,25052,0,3,1
7191,1,3,25050,25052,25055,2,5,0
7192,6,1,25056,25056,25057,0,1,1
7193,2,1,25058,25058,25059,0,1,1
7194,3,3,25061,25061,25064,0,3,2
7195,4,3,25065,25065,25068,0,3,1
7196,4,1,25069,25069,25070,0,1,1
7197,3,3,25072,25072,25075,0,3,2
7198,5,2,25077,25077,25079,0,2,2
7199,2,1,25079,25079,25080,0,1,0
7200,3,2,25082,25082,25084,0,2,2
7201,5,1,25087,25087,25088,0,1,3
7202,3,2,25090,25090,25092,0,2,2
7203,2,3,25092,25092,25095,0,3,0
7204,2,3,25094,25095,25098,1,4,0
7205,2,1,25096,25098,25099,2,3,0
7206,4,2,25100,25100,25102,0,2,1
7207,6,2,25106,25106,25108,0,2,4
7208,2,3,25108,25108,25111,0,3,0
7209,1,3,25109,25111,25114,2,5,0
7210,3,3,25112,25114,25117,2,5,0
7211,1,3,25113,25117,25120,4,7,0
7212,1,3,25114,25120,25123,6,9,0
7213,2,1,25116,25123,25124,7,8,0
7214,4,2,25120,25124,25126,4,6,0
7215,3,3,25123,25126,25129,3,6,0
7216,3,1,25126,25129,25130,3,4,0
7217,6,3,25132,25132,25135,0,3,2
7218,4,3,25136,25136,25139,0,3,1
7219,6,1,25142,25142,25143,0,1,3
7220,6,3,25148,25148,25151,0,3,5
7221,1,1,25149,25151,25152,2,3,0
7222,5,1,25154,25154,25155,0,1,2
7223,1,1,25155,25155,25156,0,1,0
7224,3,3,25158,25158,25161,0,3,2
7225,1,1,25159,25161,25162,2,3,0
7226,1,3,25160,25162,25165,2,5,0
7227,2,1,25162,25165,25166,3,4,0
7228,1,1,25163,25166,25167,3,4,0
7229,4,3,25167,25167,25170,0,3,0
7230,6,2,25173,25173,25175,0,2,3
7231,6,3,25179,25179,25182,0,3,4
7232,2,1,25181,25182,25183,1,2,0
7233,5,3,25186,25186,25189,0,3,3
7234,4,1,25190,25190,25191,0,1,1
7235,4,3,25194,25194,25197,0,3,3
7236,5,2,25199,25199,25201,0,2,2
7237,6,3,25205,25205,25208,0,3,4
7238,6,1,25211,25211,25212,0,1,3
7239,2,2,25213,25213,25215,0,2,1
7240,5,1,25218,25218,25219,0,1,3
7241,2,1,25220,25220,25221,0,1,1
7242,1,1,25221,25221,25222,0,1,0
7243,5,3,25226,25226,25229,0,3,4
7244,6,1,25232,25232,25233,0,1,3
7245,2,3,25234,25234,25237,0,3,1
7246,2,2,25236,25237,25239,1,3,0
7247,4,2,25240,25240,25242,0,2,1
7248,3,2,25243,25243,25245,0,2,1
7249,6,3,25249,25249,25252,0,3,4
7250,5,2,25254,25254,25256,0,2,2
7251,1,2,25255,25256,25258,1,3,0
7252,5,2,25260,25260,25262,0,2,2
7253,2,2,25262,25262,25264,0,2,0
7254,3,1,25265,25265,25266,0,1,1
7255,1,2,25266,25266,25268,0,2,0
7256,4,3,25270,25270,25273,0,3,2
7257,5,2,25275,25275,25277,0,2,2
7258,3,1,25278,25278,25279,0,1,1
7259,2,1,25280,25280,25281,0,1,1
7260,5,2,25285,25285,25287,0,2,4
7261,4,1,25289,25289,25290,0,1,2
7262,3,3,25292,25292,25295,0,3,2
7263,1,3,25293,25295,25298,2,5,0
7264,3,3,25296,25298,25301,2,5,0
7265,5,3,25301,25301,25304,0,3,0
7266,2,3,25303,25304,25307,1,4,0
7267,5,1,25308,25308,25309,0,1,1
7268,6,2,25314,25314,25316,0,2,5
7269,4,1,25318,25318,25319,0,1,2
7270,6,1,25324,25324,25325,0,1,5
7271,6,1,25330,25330,25331,0,1,5
7272,6,3,25336,25336,25339,0,3,5
7273,5,1,25341,25341,25342,0,1,2
7274,6,3,25347,25347,25350,0,3,5
7275,4,1,25351,25351,25352,0,1,1
7276,2,1,25353,25353,25354,0,1,1
7277,4,2,25357,25357,25359,0,2,3
7278,1,3,25358,25359,25362,1,4,0
7279,4,1,25362,25362,25363,0,1,0
7280,1,3,25363,25363,25366,0,3,0
7281,4,3,25367,25367,25370,0,3,1
7282,5,2,25372,25372,25374,0,2,2
7283,4,2,25376,25376,25378,0,2,2
7284,4,2,25380,25380,25382,0,2,2
7285,4,3,25384,25384,25387,0,3,2
7286,5,2,25389,25389,25391,0,2,2
7287,6,3,25395,25395,25398,0,3,4
7288,2,2,25397,25398,25400,1,3,0
7289,6,1,25403,25403,25404,0,1,3
7290,1,1,25404,25404,25405,0,1,0
7291,6,2,25410,25410,25412,0,2,5
7292,5,1,25415,25415,25416,0,1,3
7293,2,1,25417,25417,25418,0,1,1
7294,6,1,25423,25423,25424,0,1,5
7295,6,2,25429,25429,25431,0,2,5
7296,6,3,25435,25435,25438,0,3,4
7297,5,2,25440,25440,25442,0,2,2
7298,2,2,25442,25442,25444,0,2,0
7299,3,3,25445,25445,25448,0,3,1
7300,6,1,25451,25451,25452,0,1,3
7301,5,3,25456,25456,25459,0,3,4
7302,2,1,25458,25459,25460,1,2,0
7303,3,1,25461,25461,25462,0,1,1
7304,1,3,25462,25462,25465,0,3,0
7305,5,1,25467,25467,25468,0,1,2
7306,2,2,25469,25469,25471,0,2,1
7307,6,2,25475,25475,25477,0,2,4
7308,1,2,25476,25477,25479,1,3,0
7309,1,2,25477,25479,25481,2,4,0
7310,2,3,25479,25481,25484,2,5,0
7311,5,1,25484,25484,25485,0,1,0
7312,1,3,25485,25485,25488,0,3,0
7313,4,2,25489,25489,25491,0,2,1
7314,3,2,25492,25492,25494,0,2,1
7315,3,1,25495,25495,25496,0,1,1
7316,4,2,25499,25499,25501,0,2,3
7317,3,1,25502,25502,25503,0,1,1
7318,5,3,25507,25507,25510,0,3,4
7319,2,2,25509,25510,25512,1,3,0
7320,1,1,25510,25512,25513,2,3,0
7321,3,2,25513,25513,25515,0,2,0
7322,3,3,25516,25516,25519,0,3,1
7323,2,3,25518,25519,25522,1,4,0
7324,2,3,25520,25522,25525,2,5,0
7325,1,3,25521,25525,25528,4,7,0
7326,1,1,25522,25528,25529,6,7,0
7327,6,2,25528,25529,25531,1,3,0
7328,5,3,25533,25533,25536,0,3,2
7329,2,1,25535,25536,25537,1,2,0
7330,5,2,25540,25540,25542,0,2,3
7331,6,1,25546,25546,25547,0,1,4
7332,2,2,25548,25548,25550,0,2,1
7333,1,2,25549,25550,25552,1,3,0
7334,1,1,25550,25552,25553,2,3,0
7335,6,1,25556,25556,25557,0,1,3
7336,1,1,25557,25557,25558,0,1,0
7337,1,2,25558,25558,25560,0,2,0
7338,3,2,25561,25561,25563,0,2,1
7339,4,1,25565,25565,25566,0,1,2
7340,1,2,25566,25566,25568,0,2,0
7341,4,3,25570,25570,25573,0,3,2
7342,6,1,25576,25576,25577,0,1,3
7343,6,1,25582,25582,25583,0,1,5
7344,5,3,25587,25587,25590,0,3,4
7345,2,1,25589,25590,25591,1,2,0
7346,4,1,25593,25593,25594,0,1,2
7347,3,1,25596,25596,25597,0,1,2
7348,4,2,25600,25600,25602,0,2,3
7349,2,1,25602,25602,25603,0,1,0
7350,5,3,25607,25607,25610,0,3,4
7351,2,1,25609,25610,25611,1,2,0
7352,3,1,25612,25612,25613,0,1,1
7353,2,1,25614,25614,25615,0,1,1
7354,1,2,25615,25615,25617,0,2,0
7355,5,3,25620,25620,25623,0,3,3
7356,5,2,25625,25625,25627,0,2,2
7357,2,2,25627,25627,25629,0,2,0
7358,1,2,25628,25629,25631,1,3,0
7359,3,3,25631,25631,25634,0,3,0
7360,5,1,25636,25636,25637,0,1,2
7361,1,3,25637,25637,25640,0,3,0
7362,3,1,25640,25640,25641,0,1,0
7363,1,3,25641,25641,25644,0,3,0
7364,6,2,25647,25647,25649,0,2,3
7365,3,3,25650,25650,25653,0,3,1
7366,5,3,25655,25655,25658,0,3,2
7367,2,1,25657,25658,25659,1,2,0
7368,1,3,25658,25659,25662,1,4,0
7369,2,3,25660,25662,25665,2,5,0
7370,6,3,25666,25666,25669,0,3,1
7371,3,1,25669,25669,25670,0,1,0
7372,2,1,25671,25671,25672,0,1,1
7373,3,1,25674,25674,25675,0,1,2
7374,1,3,25675,25675,25678,0,3,0
7375,3,2,25678,25678,25680,0,2,0
7376,4,3,25682,25682,25685,0,3,2
7377,3,2,25685,25685,25687,0,2,0
7378,6,2,25691,25691,25693,0,2,4
7379,1,2,25692,25693,25695,1,3,0
7380,1,3,25693,25695,25698,2,5,0
7381,4,2,25697,25698,25700,1,3,0
7382,1,3,25698,25700,25703,2,5,0
7383,5,2,25703,25703,25705,0,2,0
7384,1,2,25704,25705,25707,1,3,0
7385,6,2,25710,25710,25712,0,2,3
7386,2,1,25712,25712,25713,0,1,0
7387,5,1,25717,25717,25718,0,1,4
7388,1,1,25718,25718,25719,0,1,0
7389,3,2,25721,25721,25723,0,2,2
7390,4,3,25725,25725,25728,0,3,2
7391,6,3,25731,25731,25734,0,3,3
7392,4,1,25735,25735,25736,0,1,1
7393,5,3,25740,25740,25743,0,3,4
7394,3,3,25743,25743,25746,0,3,0
7395,3,2,25746,25746,25748,0,2,0
7396,1,3,25747,25748,25751,1,4,0
7397,1,1,25748,25751,25752,3,4,0
7398,3,2,25751,25752,25754,1,3,0
7399,1,3,25752,25754,25757,2,5,0
7400,2,3,25754,25757,25760,3,6,0
7401,3,1,25757,25760,25761,3,4,0
7402,2,1,25759,25761,25762,2,3,0
7403,3,2,25762,25762,25764,0,2,0
7404,4,1,25766,25766,25767,0,1,2
7405,4,3,25770,25770,25773,0,3,3
7406,6,3,25776,25776,25779,0,3,3
7407,4,2,25780,25780,25782,0,2,1
7408,1,1,25781,25782,25783,1,2,0
7409,5,3,25786,25786,25789,0,3,3
7410,1,2,25787,25789,25791,2,4,0
7411,5,2,25792,25792,25794,0,2,1
7412,3,2,25795,25795,25797,0,2,1
7413,6,1,25801,25801,25802,0,1,4
7414,2,1,25803,25803,25804,0,1,1
7415,1,1,25804,25804,25805,0,1,0
7416,4,2,25808,25808,25810,0,2,3
7417,3,2,25811,25811,25813,0,2,1
7418,6,2,25817,25817,25819,0,2,4
7419,3,2,25820,25820,25822,0,2,1
7420,2,3,25822,25822,25825,0,3,0
7421,5,3,25827,25827,25830,0,3,2
7422,2,2,25829,25830,25832,1,3,0
7423,6,3,25835,25835,25838,0,3,3
7424,5,3,25840,25840,25843,0,3,2
7425,4,1,25844,25844,25845,0,1,1
7426,1,2,25845,25845,25847,0,2,0
7427,5,2,25850,25850,25852,0,2,3
7428,5,1,25855,25855,25856,0,1,3
7429,5,2,25860,25860,25862,0,2,4
7430,1,1,25861,25862,25863,1,2,0
7431,1,1,25862,25863,25864,1,2,0
7432,4,2,25866,25866,25868,0,2,2
7433,2,2,25868,25868,25870,0,2,0
7434,4,1,25872,25872,25873,0,1,2
7435,6,2,25878,25878,25880,0,2,5
7436,6,1,25884,25884,25885,0,1,4
7437,4,3,25888,25888,25891,0,3,3
7438,6,2,25894,25894,25896,0,2,3
7439,4,1,25898,25898,25899,0,1,2
7440,4,2,25902,25902,25904,0,2,3
7441,1,2,25903,25904,25906,1,3,0
7442,5,3,25908,25908,25911,0,3,2
7443,4,3,25912,25912,25915,0,3,1
7444,4,3,25916,25916,25919,0,3,1
7445,3,1,25919,25919,25920,0,1,0
7446,2,3,25921,25921,25924,0,3,1
7447,2,2,25923,25924,25926,1,3,0
7448,2,3,25925,25926,25929,1,4,0
7449,6,1,25931,25931,25932,0,1,2
7450,5,1,25936,25936,25937,0,1,4
7451,5,1,25941,25941,25942,0,1,4
7452,2,2,25943,25943,25945,0,2,1
7453,4,3,25947,25947,25950,0,3,2
7454,1,3,25948,25950,25953,2,5,0
7455,4,2,25952,25953,25955,1,3,0
7456,3,3,25955,25955,25958,0,3,0
7457,5,1,25960,25960,25961,0,1,2
7458,1,2,25961,25961,25963,0,2,0
7459,5,2,25966,25966,25968,0,2,3
7460,4,3,25970,25970,25973,0,3,2
7461,4,2,25974,25974,25976,0,2,1
7462,2,3,25976,25976,25979,0,3,0
7463,4,1,25980,25980,25981,0,1,1
7464,4,2,25984,25984,25986,0,2,3
7465,5,3,25989,25989,25992,0,3,3
7466,3,2,25992,25992,25994,0,2,0
7467,2,1,25994,25994,25995,0,1,0
7468,3,2,25997,25997,25999,0,2,2
7469,3,2,26000,26000,26002,0,2,1
7470,4,3,26004,26004,26007,0,3,2
7471,6,3,26010,26010,26013,0,3,3
7472,5,3,26015,26015,26018,0,3,2
7473,2,2,26017,26018,26020,1,3,0
7474,4,1,26021,26021,26022,0,1,1
7475,6,1,26027,26027,26028,0,1,5
7476,3,3,26030,26030,26033,0,3,2
7477,5,1,26035,26035,26036,0,1,2
7478,1,3,26036,26036,26039,0,3,0
7479,3,3,26039,26039,26042,0,3,0
7480,4,3,26043,26043,26046,0,3,1
7481,5,2,26048,26048,26050,0,2,2
7482,4,1,26052,26052,26053,0,1,2
7483,4,2,26056,26056,26058,0,2,3
7484,6,2,26062,26062,26064,0,2,4
7485,5,1,26067,26067,26068,0,1,3
7486,1,3,26068,26068,26071,0,3,0
7487,3,3,26071,26071,26074,0,3,0
7488,4,1,26075,26075,26076,0,1,1
7489,3,1,26078,26078,26079,0,1,2
7490,2,3,26080,26080,26083,0,3,1
7491,4,2,26084,26084,26086,0,2,1
7492,4,1,26088,26088,26089,0,1,2
7493,2,2,26090,26090,26092,0,2,1
7494,1,2,26091,26092,26094,1,3,0
7495,3,1,26094,26094,26095,0,1,0
7496,3,1,26097,26097,26098,0,1,2
7497,6,2,26103,26103,26105,0,2,5
7498,5,1,26108,26108,26109,0,1,3
7499,6,1,26114,26114,26115,0,1,5
7500,5,3,26119,26119,26122,0,3,4
7501,2,2,26121,26122,26124,1,3,0
7502,2,1,26123,26124,26125,1,2,0
7503,3,3,26126,26126,26129,0,3,1
7504,2,2,26128,26129,26131,1,3,0
7505,2,2,26130,26131,26133,1,3,0
7506,1,3,26131,26133,26136,2,5,0
7507,5,3,26136,26136,26139,0,3,0
7508,6,1,26142,26142,26143,0,1,3
7509,2,1,26144,26144,26145,0,1,1
7510,5,2,26149,26149,26151,0,2,4
7511,6,3,26155,26155,26158,0,3,4
7512,6,3,26161,26161,26164,0,3,3
7513,6,1,26167,26167,26168,0,1,3
7514,3,2,26170,26170,26172,0,2,2
7515,3,2,26173,26173,26175,0,2,1
7516,4,2,26177,26177,26179,0,2,2
7517,5,1,26182,26182,26183,0,1,3
7518,1,1,26183,26183,26184,0,1,0
7519,5,3,26188,26188,26191,0,3,4
7520,2,3,26190,26191,26194,1,4,0
7521,1,2,26191,26194,26196,3,5,0
7522,4,3,26195,26196,26199,1,4,0
7523,6,2,26201,26201,26203,0,2,2
7524,2,3,26203,26203,26206,0,3,0
7525,2,1,26205,26206,26207,1,2,0
7526,2,1,26207,26207,26208,0,1,0
7527,6,1,26213,26213,26214,0,1,5
7528,2,1,26215,26215,26216,0,1,1
7529,2,1,26217,26217,26218,0,1,1
7530,2,1,26219,26219,26220,0,1,1
7531,5,3,26224,26224,26227,0,3,4
7532,2,2,26226,26227,26229,1,3,0
7533,3,1,26229,26229,26230,0,1,0
7534,2,2,26231,26231,26233,0,2,1
7535,1,2,26232,26233,26235,1,3,0
7536,6,3,26238,26238,26241,0,3,3
7537,6,3,26244,26244,26247,0,3,3
7538,1,2,26245,26247,26249,2,4,0
7539,6,1,26251,26251,26252,0,1,2
7540,3,1,26254,26254,26255,0,1,2
7541,2,3,26256,26256,26259,0,3,1
7542,1,3,26257,26259,26262,2,5,0
7543,4,1,26261,26262,26263,1,2,0
7544,3,1,26264,26264,26265,0,1,1
7545,6,3,26270,26270,26273,0,3,5
7546,2,1,26272,26273,26274,1,2,0
7547,1,1,26273,26274,26275,1,2,0
7548,4,3,26277,26277,26280,0,3,2
7549,4,1,26281,26281,26282,0,1,1
7550,6,3,26287,26287,26290,0,3,5
7551,1,3,26288,26290,26293,2,5,0
7552,4,2,26292,26293,26295,1,3,0
7553,3,2,26295,26295,26297,0,2,0
7554,4,1,26299,26299,26300,0,1,2
7555,6,2,26305,26305,26307,0,2,5
7556,2,3,26307,26307,26310,0,3,0
7557,4,1,26311,26311,26312,0,1,1
7558,1,2,26312,26312,26314,0,2,0
7559,1,3,26313,26314,26317,1,4,0
7560,3,3,26316,26317,26320,1,4,0
7561,6,2,26322,26322,26324,0,2,2
7562,4,1,26326,26326,26327,0,1,2
7563,5,3,26331,26331,26334,0,3,4
7564,6,1,26337,26337,26338,0,1,3
7565,2,3,26339,26339,26342,0,3,1
7566,6,2,26345,26345,26347,0,2,3
7567,1,3,26346,26347,26350,1,4,0
7568,2,1,26348,26350,26351,2,3,0
7569,6,3,26354,26354,26357,0,3,3
7570,3,1,26357,26357,26358,0,1,0
7571,4,1,26361,26361,26362,0,1,3
7572,2,3,26363,26363,26366,0,3,1
7573,1,1,26364,26366,26367,2,3,0
7574,1,1,26365,26367,26368,2,3,0
7575,2,2,26367,26368,26370,1,3,0
7576,6,1,26373,26373,26374,0,1,3
7577,1,2,26374,26374,26376,0,2,0
7578,6,1,26380,26380,26381,0,1,4
7579,3,3,26383,26383,26386,0,3,2
7580,2,1,26385,26386,26387,1,2,0
7581,3,3,26388,26388,26391,0,3,1
7582,3,2,26391,26391,26393,0,2,0
7583,1,2,26392,26393,26395,1,3,0
7584,6,2,26398,26398,26400,0,2,3
7585,2,2,26400,26400,26402,0,2,0
7586,4,3,26404,26404,26407,0,3,2
7587,4,1,26408,26408,26409,0,1,1
7588,4,2,26412,26412,26414,0,2,3
7589,6,1,26418,26418,26419,0,1,4
7590,4,3,26422,26422,26425,0,3,3
7591,6,1,26428,26428,26429,0,1,3
7592,6,3,26434,26434,26437,0,3,5
7593,1,2,26435,26437,26439,2,4,0
7594,4,1,26439,26439,26440,0,1,0
7595,3,2,26442,26442,26444,0,2,2
7596,5,3,26447,26447,26450,0,3,3
7597,5,2,26452,26452,26454,0,2,2
7598,6,3,26458,26458,26461,0,3,4
7599,4,1,26462,26462,26463,0,1,1
7600,2,2,26464,26464,26466,0,2,1
7601,2,1,26466,26466,26467,0,1,0
7602,6,2,26472,26472,26474,0,2,5
7603,5,1,26477,26477,26478,0,1,3
7604,2,3,26479,26479,26482,0,3,1
7605,2,3,26481,26482,26485,1,4,0
7606,4,3,26485,26485,26488,0,3,0
7607,3,3,26488,26488,26491,0,3,0
7608,4,2,26492,26492,26494,0,2,1
7609,2,3,26494,26494,26497,0,3,0
7610,3,1,26497,26497,26498,0,1,0
7611,4,1,26501,26501,26502,0,1,3
7612,6,3,26507,26507,26510,0,3,5
7613,2,3,26509,26510,26513,1,4,0
7614,5,3,26514,26514,26517,0,3,1
7615,1,1,26515,26517,26518,2,3,0
7616,6,3,26521,26521,26524,0,3,3
7617,2,3,26523,26524,26527,1,4,0
7618,2,1,26525,26527,26528,2,3,0
7619,5,2,26530,26530,26532,0,2,2
7620,2,3,26532,26532,26535,0,3,0
7621,1,2,26533,26535,26537,2,4,0
7622,5,3,26538,26538,26541,0,3,1
7623,4,3,26542,26542,26545,0,3,1
7624,6,1,26548,26548,26549,0,1,3
7625,3,3,26551,26551,26554,0,3,2
7626,2,2,26553,26554,26556,1,3,0
7627,5,1,26558,26558,26559,0,1,2
7628,1,3,26559,26559,26562,0,3,0
7629,2,2,26561,26562,26564,1,3,0
7630,1,2,26562,26564,26566,2,4,0
7631,2,1,26564,26566,26567,2,3,0
7632,4,2,26568,26568,26570,0,2,1
7633,1,3,26569,26570,26573,1,4,0
7634,1,3,26570,26573,26576,3,6,0
7635,3,2,26573,26576,26578,3,5,0
7636,4,1,26577,26578,26579,1,2,0
7637,5,1,26582,26582,26583,0,1,3
7638,5,3,26587,26587,26590,0,3,4
7639,2,1,26589,26590,26591,1,2,0
7640,5,3,26594,26594,26597,0,3,3
7641,4,2,26598,26598,26600,0,2,1
7642,3,2,26601,26601,26603,0,2,1
7643,4,1,26605,26605,26606,0,1,2
7644,1,1,26606,26606,26607,0,1,0
7645,4,1,26610,26610,26611,0,1,3
7646,6,2,26616,26616,26618,0,2,5
7647,2,1,26618,26618,26619,0,1,0
7648,1,2,26619,26619,26621,0,2,0
7649,2,2,26621,26621,26623,0,2,0
7650,4,3,26625,26625,26628,0,3,2
7651,6,3,26631,26631,26634,0,3,3
7652,5,2,26636,26636,26638,0,2,2
7653,6,1,26642,26642,26643,0,1,4
7654,1,2,26643,26643,26645,0,2,0
7655,5,2,26648,26648,26650,0,2,3
7656,2,2,26650,26650,26652,0,2,0
7657,2,1,26652,26652,26653,0,1,0
7658,1,3,26653,26653,26656,0,3,0
7659,1,2,26654,26656,26658,2,4,0
7660,6,3,26660,26660,26663,0,3,2
7661,1,2,26661,26663,26665,2,4,0
7662,1,2,26662,26665,26667,3,5,0
7663,5,2,26667,26667,26669,0,2,0
7664,6,2,26673,26673,26675,0,2,4
7665,2,1,26675,26675,26676,0,1,0
7666,6,1,26681,26681,26682,0,1,5
7667,1,2,26682,26682,26684,0,2,0
7668,3,1,26685,26685,26686,0,1,1
7669,6,2,26691,26691,26693,0,2,5
7670,4,1,26695,26695,26696,0,1,2
7671,1,2,26696,26696,26698,0,2,0
7672,2,3,26698,26698,26701,0,3,0
7673,2,2,26700,26701,26703,1,3,0
7674,5,2,26705,26705,26707,0,2,2
7675,3,2,26708,26708,26710,0,2,1
7676,1,2,26709,26710,26712,1,3,0
7677,1,3,26710,26712,26715,2,5,0
7678,2,1,26712,26715,26716,3,4,0
7679,1,3,26713,26716,26719,3,6,0
7680,5,1,26718,26719,26720,1,2,0
7681,1,2,26719,26720,26722,1,3,0
7682,1,1,26720,26722,26723,2,3,0
7683,2,2,26722,26723,26725,1,3,0
7684,6,3,26728,26728,26731,0,3,3
7685,1,3,26729,26731,26734,2,5,0
7686,2,2,26731,26734,26736,3,5,0
7687,2,2,26733,26736,26738,3,5,0
7688,4,3,26737,26738,26741,1,4,0
7689,5,1,26742,26742,26743,0,1,1
7690,1,3,26743,26743,26746,0,3,0
7691,6,1,26749,26749,26750,0,1,3
7692,3,1,26752,26752,26753,0,1,2
7693,1,3,26753,26753,26756,0,3,0
7694,6,2,26759,26759,26761,0,2,3
7695,2,3,26761,26761,26764,0,3,0
7696,5,1,26766,26766,26767,0,1,2
7697,5,3,26771,26771,26774,0,3,4
7698,3,3,26774,26774,26777,0,3,0
7699,2,2,26776,26777,26779,1,3,0
7700,6,1,26782,26782,26783,0,1,3
7701,1,3,26783,26783,26786,0,3,0
7702,4,1,26787,26787,26788,0,1,1
7703,5,2,26792,26792,26794,0,2,4
7704,6,3,26798,26798,26801,0,3,4
7705,6,3,26804,26804,26807,0,3,3
7706,6,2,26810,26810,26812,0,2,3
7707,5,1,26815,26815,26816,0,1,3
7708,5,2,26820,26820,26822,0,2,4
7709,6,2,26826,26826,26828,0,2,4
7710,6,3,26832,26832,26835,0,3,4
7711,1,1,26833,26835,26836,2,3,0
7712,6,3,26839,26839,26842,0,3,3
7713,5,1,26844,26844,26845,0,1,2
7714,6,1,26850,26850,26851,0,1,5
7715,5,3,26855,26855,26858,0,3,4
7716,5,2,26860,26860,26862,0,2,2
7717,5,1,26865,26865,26866,0,1,3
7718,6,3,26871,26871,26874,0,3,5
7719,2,3,26873,26874,26877,1,4,0
7720,6,2,26879,26879,26881,0,2,2
7721,3,3,26882,26882,26885,0,3,1
7722,5,3,26887,26887,26890,0,3,2
7723,6,2,26893,26893,26895,0,2,3
7724,5,2,26898,26898,26900,0,2,3
7725,1,2,26899,26900,26902,1,3,0
7726,6,1,26905,26905,26906,0,1,3
7727,3,1,26908,26908,26909,0,1,2
7728,1,2,26909,26909,26911,0,2,0
7729,2,1,26911,26911,26912,0,1,0
7730,4,1,26915,26915,26916,0,1,3
7731,2,2,26917,26917,26919,0,2,1
7732,5,2,26922,26922,26924,0,2,3
7733,4,3,26926,26926,26929,0,3,2
7734,4,3,26930,26930,26933,0,3,1
7735,6,2,26936,26936,26938,0,2,3
7736,4,3,26940,26940,26943,0,3,2
7737,4,1,26944,26944,26945,0,1,1
7738,5,2,26949,26949,26951,0,2,4
7739,3,3,26952,26952,26955,0,3,1
7740,3,2,26955,26955,26957,0,2,0
7741,6,1,26961,26961,26962,0,1,4
7742,3,1,26964,26964,26965,0,1,2
7743,2,1,26966,26966,26967,0,1,1
7744,3,1,26969,26969,26970,0,1,2
7745,2,1,26971,26971,26972,0,1,1
7746,1,2,26972,26972,26974,0,2,0
7747,4,2,26976,26976,26978,0,2,2
7748,3,1,26979,26979,26980,0,1,1
7749,1,1,26980,26980,26981,0,1,0
7750,4,2,26984,26984,26986,0,2,3
7751,3,1,26987,26987,26988,0,1,1
7752,3,1,26990,26990,26991,0,1,2
7753,5,1,26995,26995,26996,0,1,4
7754,4,3,26999,26999,27002,0,3,3
7755,1,3,27000,27002,27005,2,5,0
7756,3,3,27003,27005,27008,2,5,0
7757,2,3,27005,27008,27011,3,6,0
7758,3,3,27008,27011,27014,3,6,0
7759,1,1,27009,27014,27015,5,6,0
7760,3,1,27012,27015,27016,3,4,0
7761,4,3,27016,27016,27019,0,3,0
7762,1,2,27017,27019,27021,2,4,0
7763,4,1,27021,27021,27022,0,1,0
7764,1,1,27022,27022,27023,0,1,0
7765,5,2,27027,27027,27029,0,2,4
7766,4,3,27031,27031,27034,0,3,2
7767,3,2,27034,27034,27036,0,2,0
7768,5,1,27039,27039,27040,0,1,3
7769,4,3,27043,27043,27046,0,3,3
7770,1,1,27044,27046,27047,2,3,0
7771,4,2,27048,27048,27050,0,2,1
7772,1,3,27049,27050,27053,1,4,0
7773,2,3,27051,27053,27056,2,5,0
7774,3,1,27054,27056,27057,2,3,0
7775,2,1,27056,27057,27058,1,2,0
7776,2,2,27058,27058,27060,0,2,0
7777,2,3,27060,27060,27063,0,3,0
7778,3,1,27063,27063,27064,0,1,0
7779,1,2,27064,27064,27066,0,2,0
7780,2,1,27066,27066,27067,0,1,0
7781,3,3,27069,27069,27072,0,3,2
7782,6,2,27075,27075,27077,0,2,3
7783,6,2,27081,27081,27083,0,2,4
7784,1,3,27082,27083,27086,1,4,0
7785,6,3,27088,27088,27091,0,3,2
7786,1,1,27089,27091,27092,2,3,0
7787,4,1,27093,27093,27094,0,1,1
7788,3,3,27096,27096,27099,0,3,2
7789,6,3,27102,27102,27105,0,3,3
7790,1,1,27103,27105,27106,2,3,0
7791,1,3,27104,27106,27109,2,5,0
7792,6,2,27110,27110,27112,0,2,1
7793,1,1,27111,27112,27113,1,2,0
7794,6,1,27117,27117,27118,0,1,4
7795,5,1,27122,27122,27123,0,1,4
7796,1,1,27123,27123,27124,0,1,0
7797,3,2,27126,27126,27128,0,2,2
7798,4,1,27130,27130,27131,0,1,2
7799,3,2,27133,27133,27135,0,2,2
7800,6,1,27139,27139,27140,0,1,4
7801,3,3,27142,27142,27145,0,3,2
7802,6,1,27148,27148,27149,0,1,3
7803,1,3,27149,27149,27152,0,3,0
7804,1,2,27150,27152,27154,2,4,0
7805,6,1,27156,27156,27157,0,1,2
7806,4,2,27160,27160,27162,0,2,3
7807,3,2,27163,27163,27165,0,2,1
7808,5,1,27168,27168,27169,0,1,3
7809,1,2,27169,27169,27171,0,2,0
7810,3,1,27172,27172,27173,0,1,1
7811,5,2,27177,27177,27179,0,2,4
7812,2,2,27179,27179,27181,0,2,0
7813,4,3,27183,27183,27186,0,3,2
7814,6,3,27189,27189,27192,0,3,3
7815,1,2,27190,27192,27194,2,4,0
7816,1,1,27191,27194,27195,3,4,0
7817,1,3,27192,27195,27198,3,6,0
7818,4,3,27196,27198,27201,2,5,0
7819,4,1,27200,27201,27202,1,2,0
7820,3,1,27203,27203,27204,0,1,1
7821,3,3,27206,27206,27209,0,3,2
7822,1,2,27207,27209,27211,2,4,0
7823,3,1,27210,27211,27212,1,2,0
7824,4,2,27214,27214,27216,0,2,2
7825,5,1,27219,27219,27220,0,1,3
7826,2,3,27221,27221,27224,0,3,1
7827,6,1,27227,27227,27228,0,1,3
7828,1,2,27228,27228,27230,0,2,0
7829,2,1,27230,27230,27231,0,1,0
7830,5,2,27235,27235,27237,0,2,4
7831,1,3,27236,27237,27240,1,4,0
7832,5,2,27241,27241,27243,0,2,1
7833,6,2,27247,27247,27249,0,2,4
7834,5,2,27252,27252,27254,0,2,3
7835,1,1,27253,27254,27255,1,2,0
7836,1,3,27254,27255,27258,1,4,0
7837,6,2,27260,27260,27262,0,2,2
7838,1,1,27261,27262,27263,1,2,0
7839,6,3,27267,27267,27270,0,3,4
7840,2,2,27269,27270,27272,1,3,0
7841,3,1,27272,27272,27273,0,1,0
7842,4,1,27276,27276,27277,0,1,3
7843,6,2,27282,27282,27284,0,2,5
7844,3,1,27285,27285,27286,0,1,1
7845,1,1,27286,27286,27287,0,1,0
7846,3,3,27289,27289,27292,0,3,2
7847,2,2,27291,27292,27294,1,3,0
7848,2,2,27293,27294,27296,1,3,0
7849,5,1,27298,27298,27299,0,1,2
7850,1,1,27299,27299,27300,0,1,0
7851,2,2,27301,27301,27303,0,2,1
7852,2,3,27303,27303,27306,0,3,0
7853,5,3,27308,27308,27311,0,3,2
7854,2,1,27310,27311,27312,1,2,0
7855,5,3,27315,27315,27318,0,3,3
7856,6,1,27321,27321,27322,0,1,3
7857,2,3,27323,27323,27326,0,3,1
7858,4,1,27327,27327,27328,0,1,1
7859,2,1,27329,27329,27330,0,1,1
7860,4,2,27333,27333,27335,0,2,3
7861,5,1,27338,27338,27339,0,1,3
7862,5,1,27343,27343,27344,0,1,4
7863,2,2,27345,27345,27347,0,2,1
7864,2,2,27347,27347,27349,0,2,0
7865,1,1,27348,27349,27350,1,2,0
7866,6,1,27354,27354,27355,0,1,4
7867,6,1,27360,27360,27361,0,1,5
7868,2,1,27362,27362,27363,0,1,1
7869,6,3,27368,27368,27371,0,3,5
7870,6,2,27374,27374,27376,0,2,3
7871,1,1,27375,27376,27377,1,2,0
7872,3,1,27378,27378,27379,0,1,1
7873,3,3,27381,27381,27384,0,3,2
7874,5,1,27386,27386,27387,0,1,2
7875,4,3,27390,27390,27393,0,3,3
7876,2,2,27392,27393,27395,1,3,0
7877,4,3,27396,27396,27399,0,3,1
7878,3,1,27399,27399,27400,0,1,0
7879,6,3,27405,27405,27408,0,3,5
7880,3,1,27408,27408,27409,0,1,0
7881,1,3,27409,27409,27412,0,3,0
7882,3,3,27412,27412,27415,0,3,0
7883,2,2,27414,27415,27417,1,3,0
7884,6,1,27420,27420,27421,0,1,3
7885,1,1,27421,27421,27422,0,1,0
7886,1,1,27422,27422,27423,0,1,0
7887,2,3,27424,27424,27427,0,3,1
7888,6,2,27430,27430,27432,0,2,3
7889,6,2,27436,27436,27438,0,2,4
7890,6,2,27442,27442,27444,0,2,4
7891,4,2,27446,27446,27448,0,2,2
7892,5,2,27451,27451,27453,0,2,3
7893,5,1,27456,27456,27457,0,1,3
7894,3,1,27459,27459,27460,0,1,2
7895,5,3,27464,27464,27467,0,3,4
7896,6,1,27470,27470,27471,0,1,3
7897,5,2,27475,27475,27477,0,2,4
7898,2,3,27477,27477,27480,0,3,0
7899,4,1,27481,27481,27482,0,1,1
7900,1,2,27482,27482,27484,0,2,0
7901,6,2,27488,27488,27490,0,2,4
7902,4,3,27492,27492,27495,0,3,2
7903,2,3,27494,27495,27498,1,4,0
7904,4,1,27498,27498,27499,0,1,0
7905,5,2,27503,27503,27505,0,2,4
7906,5,2,27508,27508,27510,0,2,3
7907,1,1,27509,27510,27511,1,2,0
7908,6,2,27515,27515,27517,0,2,4
7909,3,1,27518,27518,27519,0,1,1
7910,3,3,27521,27521,27524,0,3,2
7911,2,3,27523,27524,27527,1,4,0
7912,1,3,27524,27527,27530,3,6,0
7913,6,3,27530,27530,27533,0,3,0
7914,3,1,27533,27533,27534,0,1,0
7915,3,2,27536,27536,27538,0,2,2
7916,5,2,27541,27541,27543,0,2,3
7917,2,2,27543,27543,27545,0,2,0
7918,2,1,27545,27545,27546,0,1,0
7919,6,1,27551,27551,27552,0,1,5
7920,3,3,27554,27554,27557,0,3,2
7921,6,3,27560,27560,27563,0,3,3
7922,3,2,27563,27563,27565,0,2,0
7923,2,3,27565,27565,27568,0,3,0
7924,2,1,27567,27568,27569,1,2,0
7925,5,1,27572,27572,27573,0,1,3
7926,1,3,27573,27573,27576,0,3,0
7927,6,1,27579,27579,27580,0,1,3
7928,3,3,27582,27582,27585,0,3,2
7929,1,1,27583,27585,27586,2,3,0
7930,5,1,27588,27588,27589,0,1,2
7931,5,3,27593,27593,27596,0,3,4
7932,6,2,27599,27599,27601,0,2,3
7933,1,1,27600,27601,27602,1,2,0
7934,2,3,27602,27602,27605,0,3,0
7935,1,3,27603,27605,27608,2,5,0
7936,3,1,27606,27608,27609,2,3,0
7937,2,2,27608,27609,27611,1,3,0
7938,5,1,27613,27613,27614,0,1,2
7939,5,2,27618,27618,27620,0,2,4
7940,2,2,27620,27620,27622,0,2,0
7941,4,3,27624,27624,27627,0,3,2
7942,2,2,27626,27627,27629,1,3,0
7943,2,2,27628,27629,27631,1,3,0
7944,1,3,27629,27631,27634,2,5,0
7945,1,3,27630,27634,27637,4,7,0
7946,6,3,27636,27637,27640,1,4,0
7947,4,1,27640,27640,27641,0,1,0
7948,6,3,27646,27646,27649,0,3,5
7949,4,2,27650,27650,27652,0,2,1
7950,6,2,27656,27656,27658,0,2,4
7951,3,3,27659,27659,27662,0,3,1
7952,4,3,27663,27663,27666,0,3,1
7953,5,1,27668,27668,27669,0,1,2
7954,3,1,27671,27671,27672,0,1,2
7955,6,3,27677,27677,27680,0,3,5
7956,3,2,27680,27680,27682,0,2,0
7957,1,3,27681,27682,27685,1,4,0
7958,4,3,27685,27685,27688,0,3,0
7959,4,2,27689,27689,27691,0,2,1
7960,5,2,27694,27694,27696,0,2,3
7961,5,3,27699,27699,27702,0,3,3
7962,3,3,27702,27702,27705,0,3,0
7963,5,1,27707,27707,27708,0,1,2
7964,2,1,27709,27709,27710,0,1,1
7965,1,1,27710,27710,27711,0,1,0
7966,4,1,27714,27714,27715,0,1,3
7967,1,3,27715,27715,27718,0,3,0
7968,6,1,27721,27721,27722,0,1,3
7969,4,2,27725,27725,27727,0,2,3
7970,2,3,27727,27727,27730,0,3,0
7971,4,1,27731,27731,27732,0,1,1
7972,1,1,27732,27732,27733,0,1,0
7973,2,2,27734,27734,27736,0,2,1
7974,1,2,27735,27736,27738,1,3,0
7975,4,3,27739,27739,27742,0,3,1
7976,6,2,27745,27745,27747,0,2,3
7977,6,3,27751,27751,27754,0,3,4
7978,2,2,27753,27754,27756,1,3,0
7979,4,1,27757,27757,27758,0,1,1
7980,1,3,27758,27758,27761,0,3,0
7981,3,1,27761,27761,27762,0,1,0
7982,6,1,27767,27767,27768,0,1,5
7983,2,1,27769,27769,27770,0,1,1
7984,2,3,27771,27771,27774,0,3,1
7985,1,3,27772,27774,27777,2,5,0
7986,2,1,27774,27777,27778,3,4,0
7987,1,3,27775,27778,27781,3,6,0
7988,5,3,27780,27781,27784,1,4,0
7989,5,3,27785,27785,27788,0,3,1
7990,4,3,27789,27789,27792,0,3,1
7991,4,2,27793,27793,27795,0,2,1
7992,6,2,27799,27799,27801,0,2,4
7993,3,2,27802,27802,27804,0,2,1
7994,1,3,27803,27804,27807,1,4,0
7995,3,3,27806,27807,27810,1,4,0
7996,5,1,27811,27811,27812,0,1,1
7997,4,1,27815,27815,27816,0,1,3
7998,3,2,27818,27818,27820,0,2,2
7999,6,2,27824,27824,27826,0,2,4
8000,6,3,27830,27830,27833,0,3,4
8001,5,1,27835,27835,27836,0,1,2
8002,1,1,27836,27836,27837,0,1,0
8003,1,1,27837,27837,27838,0,1,0
8004,6,2,27843,27843,27845,0,2,5
8005,2,3,27845,27845,27848,0,3,0
8006,1,3,27846,27848,27851,2,5,0
8007,5,1,27851,27851,27852,0,1,0
8008,1,3,27852,27852,27855,0,3,0
8009,6,1,27858,27858,27859,0,1,3
8010,5,3,27863,27863,27866,0,3,4
8011,1,2,27864,27866,27868,2,4,0
8012,4,2,27868,27868,27870,0,2,0
8013,3,1,27871,27871,27872,0,1,1
8014,6,2,27877,27877,27879,0,2,5
8015,6,1,27883,27883,27884,0,1,4
8016,3,1,27886,27886,27887,0,1,2
8017,6,1,27892,27892,27893,0,1,5
8018,2,1,27894,27894,27895,0,1,1
8019,6,3,27900,27900,27903,0,3,5
8020,2,1,27902,27903,27904,1,2,0
8021,2,1,27904,27904,27905,0,1,0
8022,6,3,27910,27910,27913,0,3,5
8023,1,1,27911,27913,27914,2,3,0
8024,5,2,27916,27916,27918,0,2,2
8025,3,2,27919,27919,27921,0,2,1
8026,1,2,27920,27921,27923,1,3,0
8027,3,3,27923,27923,27926,0,3,0
8028,3,1,27926,27926,27927,0,1,0
8029,4,2,27930,27930,27932,0,2,3
8030,2,1,27932,27932,27933,0,1,0
8031,1,2,27933,27933,27935,0,2,0
8032,3,3,27936,27936,27939,0,3,1
8033,2,3,27938,27939,27942,1,4,0
8034,1,1,27939,27942,27943,3,4,0
8035,6,1,27945,27945,27946,0,1,2
8036,6,1,27951,27951,27952,0,1,5
8037,4,3,27955,27955,27958,0,3,3
8038,5,1,27960,27960,27961,0,1,2
8039,5,3,27965,27965,27968,0,3,4
8040,3,1,27968,27968,27969,0,1,0
8041,2,2,27970,27970,27972,0,2,1
8042,1,2,27971,27972,27974,1,3,0
8043,1,1,27972,27974,27975,2,3,0
8044,1,1,27973,27975,27976,2,3,0
8045,3,1,27976,27976,27977,0,1,0
8046,1,3,27977,27977,27980,0,3,0
8047,3,1,27980,27980,27981,0,1,0
8048,3,1,27983,27983,27984,0,1,2
8049,5,2,27988,27988,27990,0,2,4
8050,2,3,27990,27990,27993,0,3,0
8051,5,2,27995,27995,27997,0,2,2
8052,5,3,28000,28000,28003,0,3,3
8053,2,3,28002,28003,28006,1,4,0
8054,3,2,28005,28006,28008,1,3,0
8055,1,1,28006,28008,28009,2,3,0
8056,1,1,28007,28009,28010,2,3,0
8057,3,3,28010,28010,28013,0,3,0
8058,6,2,28016,28016,28018,0,2,3
8059,5,1,28021,28021,28022,0,1,3
8060,1,3,28022,28022,28025,0,3,0
8061,5,1,28027,28027,28028,0,1,2
8062,1,3,28028,28028,28031,0,3,0
8063,4,2,28032,28032,28034,0,2,1
8064,4,1,28036,28036,28037,0,1,2
8065,3,2,28039,28039,28041,0,2,2
8066,2,1,28041,28041,28042,0,1,0
8067,6,1,28047,28047,28048,0,1,5
8068,2,2,28049,28049,28051,0,2,1
8069,2,3,28051,28051,28054,0,3,0
8070,4,2,28055,28055,28057,0,2,1
8071,2,2,28057,28057,28059,0,2,0
8072,6,2,28063,28063,28065,0,2,4
8073,1,3,28064,28065,28068,1,4,0
8074,3,1,28067,28068,28069,1,2,0
8075,3,2,28070,28070,28072,0,2,1
8076,2,1,28072,28072,28073,0,1,0
8077,2,1,28074,28074,28075,0,1,1
8078,1,3,28075,28075,28078,0,3,0
8079,3,3,28078,28078,28081,0,3,0
8080,1,3,28079,28081,28084,2,5,0
8081,2,2,28081,28084,28086,3,5,0
8082,6,1,28087,28087,28088,0,1,1
8083,5,2,28092,28092,28094,0,2,4
8084,6,3,28098,28098,28101,0,3,4
8085,1,3,28099,28101,28104,2,5,0
8086,6,3,28105,28105,28108,0,3,1
8087,2,3,28107,28108,28111,1,4,0
8088,1,2,28108,28111,28113,3,5,0
8089,1,3,28109,28113,28116,4,7,0
8090,4,1,28113,28116,28117,3,4,0
8091,3,3,28116,28117,28120,1,4,0
8092,1,2,28117,28120,28122,3,5,0
8093,6,2,28123,28123,28125,0,2,1
8094,1,1,28124,28125,28126,1,2,0
8095,6,1,28130,28130,28131,0,1,4
8096,4,1,28134,28134,28135,0,1,3
8097,6,1,28140,28140,28141,0,1,5
8098,3,2,28143,28143,28145,0,2,2
8099,5,2,28148,28148,28150,0,2,3
8100,4,2,28152,28152,28154,0,2,2
8101,5,3,28157,28157,28160,0,3,3
8102,1,1,28158,28160,28161,2,3,0
8103,6,2,28164,28164,28166,0,2,3
8104,2,3,28166,28166,28169,0,3,0
8105,1,3,28167,28169,28172,2,5,0
8106,2,1,28169,28172,28173,3,4,0
8107,3,1,28172,28173,28174,1,2,0
8108,2,3,28174,28174,28177,0,3,0
8109,3,2,28177,28177,28179,0,2,0
8110,2,3,28179,28179,28182,0,3,0
8111,1,3,28180,28182,28185,2,5,0
8112,6,2,28186,28186,28188,0,2,1
8113,5,2,28191,28191,28193,0,2,3
8114,6,2,28197,28197,28199,0,2,4
8115,1,2,28198,28199,28201,1,3,0
8116,4,3,28202,28202,28205,0,3,1
8117,6,3,28208,28208,28211,0,3,3
8118,2,3,28210,28211,28214,1,4,0
8119,5,3,28215,28215,28218,0,3,1
8120,6,3,28221,28221,28224,0,3,3
8121,4,3,28225,28225,28228,0,3,1
8122,2,3,28227,28228,28231,1,4,0
8123,5,2,28232,28232,28234,0,2,1
8124,1,3,28233,28234,28237,1,4,0
8125,2,3,28235,28237,28240,2,5,0
8126,4,3,28239,28240,28243,1,4,0
8127,1,3,28240,28243,28246,3,6,0
8128,4,1,28244,28246,28247,2,3,0
8129,3,1,28247,28247,28248,0,1,0
8130,4,3,28251,28251,28254,0,3,3
8131,3,3,28254,28254,28257,0,3,0
8132,6,3,28260,28260,28263,0,3,3
8133,6,3,28266,28266,28269,0,3,3
8134,2,3,28268,28269,28272,1,4,0
8135,2,2,28270,28272,28274,2,4,0
8136,2,3,28272,28274,28277,2,5,0
8137,4,1,28276,28277,28278,1,2,0
8138,4,2,28280,28280,28282,0,2,2
8139,3,2,28283,28283,28285,0,2,1
8140,6,2,28289,28289,28291,0,2,4
8141,4,1,28293,28293,28294,0,1,2
8142,2,1,28295,28295,28296,0,1,1
8143,1,1,28296,28296,28297,0,1,0
8144,4,3,28300,28300,28303,0,3,3
8145,5,1,28305,28305,28306,0,1,2
8146,6,1,28311,28311,28312,0,1,5
8147,1,1,28312,28312,28313,0,1,0
8148,3,3,28315,28315,28318,0,3,2
8149,2,2,28317,28318,28320,1,3,0
8150,6,1,28323,28323,28324,0,1,3
8151,2,3,28325,28325,28328,0,3,1
8152,1,2,28326,28328,28330,2,4,0
8153,3,3,28329,28330,28333,1,4,0
8154,6,3,28335,28335,28338,0,3,2
8155,2,1,28337,28338,28339,1,2,0
8156,4,3,28341,28341,28344,0,3,2
8157,4,2,28345,28345,28347,0,2,1
8158,1,1,28346,28347,28348,1,2,0
8159,5,1,28351,28351,28352,0,1,3
8160,3,1,28354,28354,28355,0,1,2
8161,5,2,28359,28359,28361,0,2,4
8162,5,2,28364,28364,28366,0,2,3
8163,6,1,28370,28370,28371,0,1,4
8164,2,1,28372,28372,28373,0,1,1
8165,3,1,28375,28375,28376,0,1,2
8166,1,3,28376,28376,28379,0,3,0
8167,1,1,28377,28379,28380,2,3,0
8168,6,3,28383,28383,28386,0,3,3
8169,6,1,28389,28389,28390,0,1,3
8170,2,1,28391,28391,28392,0,1,1
8171,1,2,28392,28392,28394,0,2,0
8172,1,1,28393,28394,28395,1,2,0
8173,6,3,28399,28399,28402,0,3,4
8174,1,1,28400,28402,28403,2,3,0
8175,3,2,28403,28403,28405,0,2,0
8176,6,2,28409,28409,28411,0,2,4
8177,2,2,28411,28411,28413,0,2,0
8178,2,1,28413,28413,28414,0,1,0
8179,6,3,28419,28419,28422,0,3,5
8180,2,3,28421,28422,28425,1,4,0
8181,2,2,28423,28425,28427,2,4,0
8182,2,3,28425,28427,28430,2,5,0
8183,3,3,28428,28430,28433,2,5,0
8184,6,3,28434,28434,28437,0,3,1
8185,1,1,28435,28437,28438,2,3,0
8186,2,1,28437,28438,28439,1,2,0
8187,4,2,28441,28441,28443,0,2,2
8188,5,1,28446,28446,28447,0,1,3
8189,1,2,28447,28447,28449,0,2,0
8190,3,2,28450,28450,28452,0,2,1
8191,3,3,28453,28453,28456,0,3,1
8192,2,3,28455,28456,28459,1,4,0
8193,5,3,28460,28460,28463,0,3,1
8194,3,3,28463,28463,28466,0,3,0
8195,4,2,28467,28467,28469,0,2,1
8196,5,1,28472,28472,28473,0,1,3
8197,3,2,28475,28475,28477,0,2,2
8198,1,3,28476,28477,28480,1,4,0
8199,4,3,28480,28480,28483,0,3,0
8200,4,2,28484,28484,28486,0,2,1
8201,5,2,28489,28489,28491,0,2,3
8202,3,2,28492,28492,28494,0,2,1
8203,5,2,28497,28497,28499,0,2,3
8204,2,3,28499,28499,28502,0,3,0
8205,2,3,28501,28502,28505,1,4,0
8206,6,2,28507,28507,28509,0,2,2
8207,2,1,28509,28509,28510,0,1,0
8208,2,1,28511,28511,28512,0,1,1
8209,4,2,28515,28515,28517,0,2,3
8210,4,2,28519,28519,28521,0,2,2
8211,5,1,28524,28524,28525,0,1,3
8212,4,1,28528,28528,28529,0,1,3
8213,4,2,28532,28532,28534,0,2,3
8214,3,2,28535,28535,28537,0,2,1
8215,3,1,28538,28538,28539,0,1,1
8216,6,2,28544,28544,28546,0,2,5
8217,5,1,28549,28549,28550,0,1,3
8218,2,1,28551,28551,28552,0,1,1
8219,2,3,28553,28553,28556,0,3,1
8220,3,1,28556,28556,28557,0,1,0
8221,3,2,28559,28559,28561,0,2,2
8222,6,3,28565,28565,28568,0,3,4
8223,6,1,28571,28571,28572,0,1,3
8224,6,1,28577,28577,28578,0,1,5
8225,4,2,28581,28581,28583,0,2,3
8226,2,2,28583,28583,28585,0,2,0
8227,2,3,28585,28585,28588,0,3,0
8228,2,2,28587,28588,28590,1,3,0
8229,5,1,28592,28592,28593,0,1,2
8230,3,3,28595,28595,28598,0,3,2
8231,6,3,28601,28601,28604,0,3,3
8232,6,3,28607,28607,28610,0,3,3
8233,4,3,28611,28611,28614,0,3,1
8234,2,1,28613,28614,28615,1,2,0
8235,6,1,28619,28619,28620,0,1,4
8236,5,2,28624,28624,28626,0,2,4
8237,3,3,28627,28627,28630,0,3,1
8238,6,3,28633,28633,28636,0,3,3
8239,4,3,28637,28637,28640,0,3,1
8240,4,3,28641,28641,28644,0,3,1
8241,2,1,28643,28644,28645,1,2,0
8242,4,3,28647,28647,28650,0,3,2
8243,4,2,28651,28651,28653,0,2,1
8244,2,3,28653,28653,28656,0,3,0
8245,3,3,28656,28656,28659,0,3,0
8246,5,3,28661,28661,28664,0,3,2
8247,1,2,28662,28664,28666,2,4,0
8248,5,1,28667,28667,28668,0,1,1
8249,1,3,28668,28668,28671,0,3,0
8250,5,2,28673,28673,28675,0,2,2
8251,3,3,28676,28676,28679,0,3,1
8252,3,3,28679,28679,28682,0,3,0
8253,6,1,28685,28685,28686,0,1,3
8254,3,2,28688,28688,28690,0,2,2
8255,3,1,28691,28691,28692,0,1,1
8256,4,2,28695,28695,28697,0,2,3
8257,5,3,28700,28700,28703,0,3,3
8258,2,3,28702,28703,28706,1,4,0
8259,6,1,28708,28708,28709,0,1,2
8260,2,2,28710,28710,28712,0,2,1
8261,3,1,28713,28713,28714,0,1,1
8262,3,1,28716,28716,28717,0,1,2
8263,2,1,28718,28718,28719,0,1,1
8264,4,2,28722,28722,28724,0,2,3
8265,1,3,28723,28724,28727,1,4,0
8266,3,1,28726,28727,28728,1,2,0
8267,4,3,28730,28730,28733,0,3,2
8268,1,2,28731,28733,28735,2,4,0
8269,6,1,28737,28737,28738,0,1,2
8270,2,2,28739,28739,28741,0,2,1
8271,3,1,28742,28742,28743,0,1,1
8272,2,1,28744,28744,28745,0,1,1
8273,4,1,28748,28748,28749,0,1,3
8274,5,1,28753,28753,28754,0,1,4
8275,5,2,28758,28758,28760,0,2,4
8276,1,2,28759,28760,28762,1,3,0
8277,1,3,28760,28762,28765,2,5,0
8278,3,1,28763,28765,28766,2,3,0
8279,5,2,28768,28768,28770,0,2,2
8280,3,2,28771,28771,28773,0,2,1
8281,5,1,28776,28776,28777,0,1,3
8282,3,1,28779,28779,28780,0,1,2
8283,2,2,28781,28781,28783,0,2,1
8284,5,2,28786,28786,28788,0,2,3
8285,5,2,28791,28791,28793,0,2,3
8286,6,3,28797,28797,28800,0,3,4
8287,1,1,28798,28800,28801,2,3,0
8288,3,1,28801,28801,28802,0,1,0
8289,1,1,28802,28802,28803,0,1,0
8290,2,1,28804,28804,28805,0,1,1
8291,6,1,28810,28810,28811,0,1,5
8292,5,1,28815,28815,28816,0,1,4
8293,1,2,28816,28816,28818,0,2,0
8294,6,1,28822,28822,28823,0,1,4
8295,6,3,28828,28828,28831,0,3,5
8296,5,3,28833,28833,28836,0,3,2
8297,6,1,28839,28839,28840,0,1,3
8298,6,3,28845,28845,28848,0,3,5
8299,4,3,28849,28849,28852,0,3,1
8300,6,1,28855,28855,28856,0,1,3
8301,2,1,28857,28857,28858,0,1,1
8302,5,3,28862,28862,28865,0,3,4
8303,3,1,28865,28865,28866,0,1,0
8304,5,2,28870,28870,28872,0,2,4
8305,2,2,28872,28872,28874,0,2,0
8306,4,2,28876,28876,28878,0,2,2
8307,1,3,28877,28878,28881,1,4,0
8308,1,2,28878,28881,28883,3,5,0
8309,2,2,28880,28883,28885,3,5,0
8310,6,1,28886,28886,28887,0,1,1
8311,3,3,28889,28889,28892,0,3,2
8312,3,1,28892,28892,28893,0,1,0
8313,4,1,28896,28896,28897,0,1,3
8314,2,1,28898,28898,28899,0,1,1
8315,4,3,28902,28902,28905,0,3,3
8316,1,3,28903,28905,28908,2,5,0
8317,4,3,28907,28908,28911,1,4,0
8318,1,2,28908,28911,28913,3,5,0
8319,5,1,28913,28913,28914,0,1,0
8320,3,2,28916,28916,28918,0,2,2
8321,6,3,28922,28922,28925,0,3,4
8322,2,3,28924,28925,28928,1,4,0
8323,1,1,28925,28928,28929,3,4,0
8324,3,1,28928,28929,28930,1,2,0
8325,6,3,28934,28934,28937,0,3,4
8326,1,3,28935,28937,28940,2,5,0
8327,5,1,28940,28940,28941,0,1,0
8328,6,2,28946,28946,28948,0,2,5
8329,4,3,28950,28950,28953,0,3,2
8330,3,3,28953,28953,28956,0,3,0
8331,5,1,28958,28958,28959,0,1,2
8332,3,3,28961,28961,28964,0,3,2
8333,6,1,28967,28967,28968,0,1,3
8334,2,3,28969,28969,28972,0,3,1
8335,2,2,28971,28972,28974,1,3,0
8336,3,3,28974,28974,28977,0,3,0
8337,3,1,28977,28977,28978,0,1,0
8338,3,2,28980,28980,28982,0,2,2
8339,1,3,28981,28982,28985,1,4,0
8340,4,2,28985,28985,28987,0,2,0
8341,3,2,28988,28988,28990,0,2,1
8342,3,1,28991,28991,28992,0,1,1
8343,5,1,28996,28996,28997,0,1,4
8344,6,2,29002,29002,29004,0,2,5
8345,3,3,29005,29005,29008,0,3,1
8346,2,3,29007,29008,29011,1,4,0
8347,6,2,29013,29013,29015,0,2,2
8348,6,2,29019,29019,29021,0,2,4
8349,3,3,29022,29022,29025,0,3,1
8350,2,1,29024,29025,29026,1,2,0
8351,2,3,29026,29026,29029,0,3,0
8352,6,3,29032,29032,29035,0,3,3
8353,1,2,29033,29035,29037,2,4,0
8354,1,2,29034,29037,29039,3,5,0
8355,4,1,29038,29039,29040,1,2,0
8356,5,2,29043,29043,29045,0,2,3
8357,2,3,29045,29045,29048,0,3,0
8358,5,3,29050,29050,29053,0,3,2
8359,6,3,29056,29056,29059,0,3,3
8360,2,3,29058,29059,29062,1,4,0
8361,3,1,29061,29062,29063,1,2,0
8362,1,1,29062,29063,29064,1,2,0
8363,4,3,29066,29066,29069,0,3,2
8364,2,3,29068,29069,29072,1,4,0
8365,4,3,29072,29072,29075,0,3,0
8366,6,2,29078,29078,29080,0,2,3
8367,1,3,29079,29080,29083,1,4,0
8368,3,1,29082,29083,29084,1,2,0
8369,6,2,29088,29088,29090,0,2,4
8370,5,2,29093,29093,29095,0,2,3
8371,4,2,29097,29097,29099,0,2,2
8372,2,2,29099,29099,29101,0,2,0
8373,1,3,29100,29101,29104,1,4,0
8374,6,3,29106,29106,29109,0,3,2
8375,6,3,29112,29112,29115,0,3,3
8376,6,2,29118,29118,29120,0,2,3
8377,2,3,29120,29120,29123,0,3,0
8378,5,3,29125,29125,29128,0,3,2
8379,4,3,29129,29129,29132,0,3,1
8380,4,2,29133,29133,29135,0,2,1
8381,6,1,29139,29139,29140,0,1,4
8382,5,3,29144,29144,29147,0,3,4
8383,4,2,29148,29148,29150,0,2,1
8384,2,1,29150,29150,29151,0,1,0
8385,6,1,29156,29156,29157,0,1,5
8386,4,1,29160,29160,29161,0,1,3
8387,4,1,29164,29164,29165,0,1,3
8388,5,2,29169,29169,29171,0,2,4
8389,3,3,29172,29172,29175,0,3,1
8390,1,2,29173,29175,29177,2,4,0
8391,5,3,29178,29178,29181,0,3,1
8392,2,1,29180,29181,29182,1,2,0
8393,4,1,29184,29184,29185,0,1,2
8394,1,3,29185,29185,29188,0,3,0
8395,2,2,29187,29188,29190,1,3,0
8396,4,1,29191,29191,29192,0,1,1
8397,1,3,29192,29192,29195,0,3,0
8398,6,3,29198,29198,29201,0,3,3
8399,6,3,29204,29204,29207,0,3,3
8400,6,1,29210,29210,29211,0,1,3
8401,5,3,29215,29215,29218,0,3,4
8402,4,1,29219,29219,29220,0,1,1
8403,3,2,29222,29222,29224,0,2,2
8404,4,3,29226,29226,29229,0,3,2
8405,6,2,29232,29232,29234,0,2,3
8406,4,1,29236,29236,29237,0,1,2
8407,2,1,29238,29238,29239,0,1,1
8408,4,1,29242,29242,29243,0,1,3
8409,5,3,29247,29247,29250,0,3,4
8410,2,1,29249,29250,29251,1,2,0
8411,5,2,29254,29254,29256,0,2,3
8412,4,3,29258,29258,29261,0,3,2
8413,5,3,29263,29263,29266,0,3,2
8414,2,1,29265,29266,29267,1,2,0
8415,3,2,29268,29268,29270,0,2,1
8416,5,2,29273,29273,29275,0,2,3
8417,1,3,29274,29275,29278,1,4,0
8418,6,3,29280,29280,29283,0,3,2
8419,6,3,29286,29286,29289,0,3,3
8420,4,3,29290,29290,29293,0,3,1
8421,6,3,29296,29296,29299,0,3,3
8422,3,1,29299,29299,29300,0,1,0
8423,5,3,29304,29304,29307,0,3,4
8424,6,3,29310,29310,29313,0,3,3
8425,1,3,29311,29313,29316,2,5,0
8426,5,3,29316,29316,29319,0,3,0
8427,3,2,29319,29319,29321,0,2,0
8428,1,1,29320,29321,29322,1,2,0
8429,4,3,29324,29324,29327,0,3,2
8430,4,1,29328,29328,29329,0,1,1
8431,2,3,29330,29330,29333,0,3,1
8432,5,3,29335,29335,29338,0,3,2
8433,1,2,29336,29338,29340,2,4,0
8434,3,3,29339,29340,29343,1,4,0
8435,3,3,29342,29343,29346,1,4,0
8436,3,1,29345,29346,29347,1,2,0
8437,5,3,29350,29350,29353,0,3,3
8438,4,3,29354,29354,29357,0,3,1
8439,2,1,29356,29357,29358,1,2,0
8440,5,1,29361,29361,29362,0,1,3
8441,4,1,29365,29365,29366,0,1,3
8442,3,3,29368,29368,29371,0,3,2
8443,3,3,29371,29371,29374,0,3,0
8444,4,3,29375,29375,29378,0,3,1
8445,5,2,29380,29380,29382,0,2,2
8446,6,3,29386,29386,29389,0,3,4
8447,2,1,29388,29389,29390,1,2,0
8448,4,1,29392,29392,29393,0,1,2
8449,3,1,29395,29395,29396,0,1,2
8450,1,2,29396,29396,29398,0,2,0
8451,3,1,29399,29399,29400,0,1,1
8452,1,1,29400,29400,29401,0,1,0
8453,6,1,29406,29406,29407,0,1,5
8454,1,1,29407,29407,29408,0,1,0
8455,1,3,29408,29408,29411,0,3,0
8456,3,1,29411,29411,29412,0,1,0
8457,3,1,29414,29414,29415,0,1,2
8458,1,3,29415,29415,29418,0,3,0
8459,2,1,29417,29418,29419,1,2,0
8460,4,1,29421,29421,29422,0,1,2
8461,3,2,29424,29424,29426,0,2,2
8462,6,1,29430,29430,29431,0,1,4
8463,6,3,29436,29436,29439,0,3,5
8464,2,2,29438,29439,29441,1,3,0
8465,6,3,29444,29444,29447,0,3,3
8466,2,3,29446,29447,29450,1,4,0
8467,3,3,29449,29450,29453,1,4,0
8468,6,1,29455,29455,29456,0,1,2
8469,4,3,29459,29459,29462,0,3,3
8470,2,2,29461,29462,29464,1,3,0
8471,2,3,29463,29464,29467,1,4,0
8472,4,1,29467,29467,29468,0,1,0
8473,3,1,29470,29470,29471,0,1,2
8474,2,3,29472,29472,29475,0,3,1
8475,6,3,29478,29478,29481,0,3,3
8476,6,2,29484,29484,29486,0,2,3
8477,2,1,29486,29486,29487,0,1,0
8478,3,2,29489,29489,29491,0,2,2
8479,3,1,29492,29492,29493,0,1,1
8480,6,3,29498,29498,29501,0,3,5
8481,3,2,29501,29501,29503,0,2,0
8482,3,2,29504,29504,29506,0,2,1
8483,4,1,29508,29508,29509,0,1,2
8484,3,1,29511,29511,29512,0,1,2
8485,6,1,29517,29517,29518,0,1,5
8486,2,2,29519,29519,29521,0,2,1
8487,2,1,29521,29521,29522,0,1,0
8488,6,3,29527,29527,29530,0,3,5
8489,5,1,29532,29532,29533,0,1,2
8490,5,1,29537,29537,29538,0,1,4
8491,6,1,29543,29543,29544,0,1,5
8492,6,3,29549,29549,29552,0,3,5
8493,5,1,29554,29554,29555,0,1,2
8494,6,1,29560,29560,29561,0,1,5
8495,2,3,29562,29562,29565,0,3,1
8496,5,2,29567,29567,29569,0,2,2
8497,3,3,29570,29570,29573,0,3,1
8498,2,1,29572,29573,29574,1,2,0
8499,6,1,29578,29578,29579,0,1,4
8500,4,3,29582,29582,29585,0,3,3
8501,5,3,29587,29587,29590,0,3,2
8502,1,1,29588,29590,29591,2,3,0
8503,6,1,29594,29594,29595,0,1,3
8504,6,3,29600,29600,29603,0,3,5
8505,2,3,29602,29603,29606,1,4,0
8506,5,2,29607,29607,29609,0,2,1
8507,3,2,29610,29610,29612,0,2,1
8508,3,3,29613,29613,29616,0,3,1
8509,2,3,29615,29616,29619,1,4,0
8510,5,1,29620,29620,29621,0,1,1
8511,2,2,29622,29622,29624,0,2,1
8512,3,2,29625,29625,29627,0,2,1
8513,1,2,29626,29627,29629,1,3,0
8514,5,3,29631,29631,29634,0,3,2
8515,2,3,29633,29634,29637,1,4,0
8516,2,3,29635,29637,29640,2,5,0
8517,6,3,29641,29641,29644,0,3,1
8518,6,2,29647,29647,29649,0,2,3
8519,1,1,29648,29649,29650,1,2,0
8520,6,1,29654,29654,29655,0,1,4
8521,2,1,29656,29656,29657,0,1,1
8522,3,3,29659,29659,29662,0,3,2
8523,1,3,29660,29662,29665,2,5,0
8524,1,3,29661,29665,29668,4,7,0
8525,5,2,29666,29668,29670,2,4,0
8526,4,3,29670,29670,29673,0,3,0
8527,1,1,29671,29673,29674,2,3,0
8528,4,2,29675,29675,29677,0,2,1
8529,4,2,29679,29679,29681,0,2,2
8530,1,2,29680,29681,29683,1,3,0
8531,2,3,29682,29683,29686,1,4,0
8532,3,2,29685,29686,29688,1,3,0
8533,6,2,29691,29691,29693,0,2,3
8534,4,2,29695,29695,29697,0,2,2
8535,6,1,29701,29701,29702,0,1,4
8536,4,2,29705,29705,29707,0,2,3
8537,4,2,29709,29709,29711,0,2,2
8538,1,1,29710,29711,29712,1,2,0
8539,6,3,29716,29716,29719,0,3,4
8540,6,2,29722,29722,29724,0,2,3
8541,2,3,29724,29724,29727,0,3,0
8542,2,2,29726,29727,29729,1,3,0
8543,5,1,29731,29731,29732,0,1,2
8544,1,2,29732,29732,29734,0,2,0
8545,4,2,29736,29736,29738,0,2,2
8546,4,1,29740,29740,29741,0,1,2
8547,2,2,29742,29742,29744,0,2,1
8548,4,3,29746,29746,29749,0,3,2
8549,3,1,29749,29749,29750,0,1,0
8550,6,1,29755,29755,29756,0,1,5
8551,6,2,29761,29761,29763,0,2,5
8552,4,2,29765,29765,29767,0,2,2
8553,4,3,29769,29769,29772,0,3,2
8554,6,1,29775,29775,29776,0,1,3
8555,5,1,29780,29780,29781,0,1,4
8556,2,2,29782,29782,29784,0,2,1
8557,5,2,29787,29787,29789,0,2,3
8558,4,2,29791,29791,29793,0,2,2
8559,6,1,29797,29797,29798,0,1,4
8560,2,3,29799,29799,29802,0,3,1
8561,4,1,29803,29803,29804,0,1,1
8562,2,2,29805,29805,29807,0,2,1
8563,4,3,29809,29809,29812,0,3,2
8564,1,3,29810,29812,29815,2,5,0
8565,5,1,29815,29815,29816,0,1,0
8566,2,3,29817,29817,29820,0,3,1
8567,3,1,29820,29820,29821,0,1,0
8568,3,1,29823,29823,29824,0,1,2
8569,4,3,29827,29827,29830,0,3,3
8570,3,1,29830,29830,29831,0,1,0
8571,3,1,29833,29833,29834,0,1,2
8572,2,1,29835,29835,29836,0,1,1
8573,1,3,29836,29836,29839,0,3,0
8574,6,1,29842,29842,29843,0,1,3
8575,4,3,29846,29846,29849,0,3,3
8576,2,3,29848,29849,29852,1,4,0
8577,4,1,29852,29852,29853,0,1,0
8578,2,3,29854,29854,29857,0,3,1
8579,3,1,29857,29857,29858,0,1,0
8580,5,1,29862,29862,29863,0,1,4
8581,2,3,29864,29864,29867,0,3,1
8582,4,2,29868,29868,29870,0,2,1
8583,3,1,29871,29871,29872,0,1,1
8584,1,2,29872,29872,29874,0,2,0
8585,1,3,29873,29874,29877,1,4,0
8586,4,1,29877,29877,29878,0,1,0
8587,2,3,29879,29879,29882,0,3,1
8588,6,2,29885,29885,29887,0,2,3
8589,4,1,29889,29889,29890,0,1,2
8590,6,2,29895,29895,29897,0,2,5
8591,2,3,29897,29897,29900,0,3,0
8592,5,1,29902,29902,29903,0,1,2
8593,4,2,29906,29906,29908,0,2,3
8594,2,3,29908,29908,29911,0,3,0
8595,3,2,29911,29911,29913,0,2,0
8596,1,2,29912,29913,29915,1,3,0
8597,3,1,29915,29915,29916,0,1,0
8598,1,2,29916,29916,29918,0,2,0
8599,3,3,29919,29919,29922,0,3,1
8600,4,1,29923,29923,29924,0,1,1
8601,6,2,29929,29929,29931,0,2,5
8602,4,3,29933,29933,29936,0,3,2
8603,5,3,29938,29938,29941,0,3,2
8604,4,2,29942,29942,29944,0,2,1
8605,4,1,29946,29946,29947,0,1,2
8606,1,3,29947,29947,29950,0,3,0
8607,2,2,29949,29950,29952,1,3,0
8608,4,2,29953,29953,29955,0,2,1
8609,4,3,29957,29957,29960,0,3,2
8610,3,2,29960,29960,29962,0,2,0
8611,4,1,29964,29964,29965,0,1,2
8612,4,1,29968,29968,29969,0,1,3
8613,5,1,29973,29973,29974,0,1,4
8614,2,1,29975,29975,29976,0,1,1
8615,3,3,29978,29978,29981,0,3,2
8616,2,1,29980,29981,29982,1,2,0
8617,2,3,29982,29982,29985,0,3,0
8618,6,2,29988,29988,29990,0,2,3
8619,2,2,29990,29990,29992,0,2,0
8620,4,1,29994,29994,29995,0,1,2
8621,4,2,29998,29998,30000,0,2,3
8622,4,1,30002,30002,30003,0,1,2
8623,4,3,30006,30006,30009,0,3,3
8624,6,2,30012,30012,30014,0,2,3
8625,5,2,30017,30017,30019,0,2,3
8626,2,2,30019,30019,30021,0,2,0
8627,6,3,30025,30025,30028,0,3,4
8628,6,2,30031,30031,30033,0,2,3
8629,1,3,30032,30033,30036,1,4,0
8630,5,3,30037,30037,30040,0,3,1
8631,5,1,30042,30042,30043,0,1,2
8632,5,1,30047,30047,30048,0,1,4
8633,2,3,30049,30049,30052,0,3,1
8634,2,3,30051,30052,30055,1,4,0
8635,3,3,30054,30055,30058,1,4,0
8636,1,1,30055,30058,30059,3,4,0
8637,6,2,30061,30061,30063,0,2,2
8638,3,3,30064,30064,30067,0,3,1
8639,4,1,30068,30068,30069,0,1,1
8640,6,1,30074,30074,30075,0,1,5
8641,2,3,30076,30076,30079,0,3,1
8642,5,2,30081,30081,30083,0,2,2
8643,6,2,30087,30087,30089,0,2,4
8644,3,2,30090,30090,30092,0,2,1
8645,4,3,30094,30094,30097,0,3,2
8646,3,3,30097,30097,30100,0,3,0
8647,5,2,30102,30102,30104,0,2,2
8648,1,2,30103,30104,30106,1,3,0
8649,5,3,30108,30108,30111,0,3,2
8650,5,1,30113,30113,30114,0,1,2
8651,1,2,30114,30114,30116,0,2,0
8652,2,2,30116,30116,30118,0,2,0
8653,2,2,30118,30118,30120,0,2,0
8654,6,3,30124,30124,30127,0,3,4
8655,6,1,30130,30130,30131,0,1,3
8656,6,3,30136,30136,30139,0,3,5
8657,6,3,30142,30142,30145,0,3,3
8658,4,2,30146,30146,30148,0,2,1
8659,4,1,30150,30150,30151,0,1,2
8660,2,2,30152,30152,30154,0,2,1
8661,1,1,30153,30154,30155,1,2,0
8662,3,3,30156,30156,30159,0,3,1
8663,1,2,30157,30159,30161,2,4,0
8664,3,1,30160,30161,30162,1,2,0
8665,2,1,30162,30162,30163,0,1,0
8666,6,1,30168,30168,30169,0,1,5
8667,1,3,30169,30169,30172,0,3,0
8668,1,1,30170,30172,30173,2,3,0
8669,1,3,30171,30173,30176,2,5,0
8670,2,3,30173,30176,30179,3,6,0
8671,6,3,30179,30179,30182,0,3,0
8672,5,3,30184,30184,30187,0,3,2
8673,5,3,30189,30189,30192,0,3,2
8674,6,1,30195,30195,30196,0,1,3
8675,4,2,30199,30199,30201,0,2,3
8676,2,3,30201,30201,30204,0,3,0
8677,1,2,30202,30204,30206,2,4,0
8678,3,1,30205,30206,30207,1,2,0
8679,5,1,30210,30210,30211,0,1,3
8680,2,1,30212,30212,30213,0,1,1
8681,1,1,30213,30213,30214,0,1,0
8682,4,1,30217,30217,30218,0,1,3
8683,2,3,30219,30219,30222,0,3,1
8684,3,1,30222,30222,30223,0,1,0
8685,3,3,30225,30225,30228,0,3,2
8686,6,2,30231,30231,30233,0,2,3
8687,6,2,30237,30237,30239,0,2,4
8688,4,2,30241,30241,30243,0,2,2
8689,4,3,30245,30245,30248,0,3,2
8690,1,2,30246,30248,30250,2,4,0
8691,3,3,30249,30250,30253,1,4,0
8692,2,3,30251,30253,30256,2,5,0
8693,2,1,30253,30256,30257,3,4,0
8694,4,2,30257,30257,30259,0,2,0
8695,2,3,30259,30259,30262,0,3,0
8696,4,2,30263,30263,30265,0,2,1
8697,2,1,30265,30265,30266,0,1,0
8698,4,1,30269,30269,30270,0,1,3
8699,5,2,30274,30274,30276,0,2,4
8700,5,2,30279,30279,30281,0,2,3
8701,1,3,30280,30281,30284,1,4,0
8702,1,3,30281,30284,30287,3,6,0
8703,2,2,30283,30287,30289,4,6,0
8704,6,1,30289,30289,30290,0,1,0
8705,5,3,30294,30294,30297,0,3,4
8706,2,2,30296,30297,30299,1,3,0
8707,6,3,30302,30302,30305,0,3,3
8708,3,3,30305,30305,30308,0,3,0
8709,3,3,30308,30308,30311,0,3,0
8710,1,3,30309,30311,30314,2,5,0
8711,4,1,30313,30314,30315,1,2,0
8712,6,3,30319,30319,30322,0,3,4
8713,6,3,30325,30325,30328,0,3,3
8714,3,3,30328,30328,30331,0,3,0
8715,4,1,30332,30332,30333,0,1,1
8716,5,2,30337,30337,30339,0,2,4
8717,2,1,30339,30339,30340,0,1,0
8718,4,2,30343,30343,30345,0,2,3
8719,6,3,30349,30349,30352,0,3,4
8720,2,3,30351,30352,30355,1,4,0
8721,6,3,30357,30357,30360,0,3,2
8722,4,3,30361,30361,30364,0,3,1
8723,1,2,30362,30364,30366,2,4,0
8724,4,2,30366,30366,30368,0,2,0
8725,1,3,30367,30368,30371,1,4,0
8726,4,3,30371,30371,30374,0,3,0
8727,6,3,30377,30377,30380,0,3,3
8728,1,2,30378,30380,30382,2,4,0
8729,6,3,30384,30384,30387,0,3,2
8730,2,1,30386,30387,30388,1,2,0
8731,1,3,30387,30388,30391,1,4,0
8732,1,3,30388,30391,30394,3,6,0
8733,4,1,30392,30394,30395,2,3,0
8734,6,1,30398,30398,30399,0,1,3
8735,6,3,30404,30404,30407,0,3,5
8736,2,3,30406,30407,30410,1,4,0
8737,3,1,30409,30410,30411,1,2,0
8738,3,3,30412,30412,30415,0,3,1
8739,4,2,30416,30416,30418,0,2,1
8740,4,3,30420,30420,30423,0,3,2
8741,1,2,30421,30423,30425,2,4,0
8742,1,1,30422,30425,30426,3,4,0
8743,1,2,30423,30426,30428,3,5,0
8744,5,3,30428,30428,30431,0,3,0
8745,3,2,30431,30431,30433,0,2,0
8746,4,3,30435,30435,30438,0,3,2
8747,3,1,30438,30438,30439,0,1,0
8748,2,1,30440,30440,30441,0,1,1
8749,5,2,30445,30445,30447,0,2,4
8750,6,3,30451,30451,30454,0,3,4
8751,6,3,30457,30457,30460,0,3,3
8752,4,2,30461,30461,30463,0,2,1
8753,1,3,30462,30463,30466,1,4,0
8754,1,2,30463,30466,30468,3,5,0
8755,1,2,30464,30468,30470,4,6,0
8756,4,2,30468,30470,30472,2,4,0
8757,4,1,30472,30472,30473,0,1,0
8758,2,1,30474,30474,30475,0,1,1
8759,4,1,30478,30478,30479,0,1,3
8760,3,2,30481,30481,30483,0,2,2
8761,3,3,30484,30484,30487,0,3,1
8762,4,1,30488,30488,30489,0,1,1
8763,6,2,30494,30494,30496,0,2,5
8764,3,3,30497,30497,30500,0,3,1
8765,3,2,30500,30500,30502,0,2,0
8766,4,1,30504,30504,30505,0,1,2
8767,6,1,30510,30510,30511,0,1,5
8768,3,2,30513,30513,30515,0,2,2
8769,3,3,30516,30516,30519,0,3,1
8770,5,1,30521,30521,30522,0,1,2
8771,6,2,30527,30527,30529,0,2,5
8772,1,2,30528,30529,30531,1,3,0
8773,4,3,30532,30532,30535,0,3,1
8774,4,1,30536,30536,30537,0,1,1
8775,3,1,30539,30539,30540,0,1,2
8776,5,2,30544,30544,30546,0,2,4
8777,2,2,30546,30546,30548,0,2,0
8778,1,2,30547,30548,30550,1,3,0
8779,3,3,30550,30550,30553,0,3,0
8780,4,1,30554,30554,30555,0,1,1
8781,5,1,30559,30559,30560,0,1,4
8782,5,2,30564,30564,30566,0,2,4
8783,2,3,30566,30566,30569,0,3,0
8784,5,3,30571,30571,30574,0,3,2
8785,6,2,30577,30577,30579,0,2,3
8786,2,2,30579,30579,30581,0,2,0
8787,3,1,30582,30582,30583,0,1,1
8788,3,1,30585,30585,30586,0,1,2
8789,5,1,30590,30590,30591,0,1,4
8790,2,2,30592,30592,30594,0,2,1
8791,5,2,30597,30597,30599,0,2,3
8792,3,1,30600,30600,30601,0,1,1
8793,1,2,30601,30601,30603,0,2,0
8794,4,2,30605,30605,30607,0,2,2
8795,1,1,30606,30607,30608,1,2,0
8796,5,2,30611,30611,30613,0,2,3
8797,5,3,30616,30616,30619,0,3,3
8798,1,3,30617,30619,30622,2,5,0
8799,1,3,30618,30622,30625,4,7,0
8800,3,1,30621,30625,30626,4,5,0
8801,5,1,30626,30626,30627,0,1,0
8802,4,1,30630,30630,30631,0,1,3
8803,5,2,30635,30635,30637,0,2,4
8804,4,1,30639,30639,30640,0,1,2
8805,2,3,30641,30641,30644,0,3,1
8806,2,1,30643,30644,30645,1,2,0
8807,2,1,30645,30645,30646,0,1,0
8808,4,2,30649,30649,30651,0,2,3
8809,4,2,30653,30653,30655,0,2,2
8810,1,2,30654,30655,30657,1,3,0
8811,2,2,30656,30657,30659,1,3,0
8812,6,2,30662,30662,30664,0,2,3
8813,3,2,30665,30665,30667,0,2,1
8814,3,3,30668,30668,30671,0,3,1
8815,3,1,30671,30671,30672,0,1,0
8816,3,1,30674,30674,30675,0,1,2
8817,5,3,30679,30679,30682,0,3,4
8818,1,2,30680,30682,30684,2,4,0
8819,2,2,30682,30684,30686,2,4,0
8820,3,3,30685,30686,30689,1,4,0
8821,4,2,30689,30689,30691,0,2,0
8822,4,2,30693,30693,30695,0,2,2
8823,2,3,30695,30695,30698,0,3,0
8824,6,1,30701,30701,30702,0,1,3
8825,2,3,30703,30703,30706,0,3,1
8826,2,3,30705,30706,30709,1,4,0
8827,3,2,30708,30709,30711,1,3,0
8828,6,2,30714,30714,30716,0,2,3
8829,2,2,30716,30716,30718,0,2,0
8830,5,3,30721,30721,30724,0,3,3
8831,4,2,30725,30725,30727,0,2,1
8832,5,3,30730,30730,30733,0,3,3
8833,4,2,30734,30734,30736,0,2,1
8834,5,1,30739,30739,30740,0,1,3
8835,6,1,30745,30745,30746,0,1,5
8836,4,3,30749,30749,30752,0,3,3
8837,3,2,30752,30752,30754,0,2,0
8838,5,2,30757,30757,30759,0,2,3
8839,2,2,30759,30759,30761,0,2,0
8840,2,1,30761,30761,30762,0,1,0
8841,2,2,30763,30763,30765,0,2,1
8842,5,3,30768,30768,30771,0,3,3
8843,4,1,30772,30772,30773,0,1,1
8844,5,2,30777,30777,30779,0,2,4
8845,6,2,30783,30783,30785,0,2,4
8846,6,2,30789,30789,30791,0,2,4
8847,1,1,30790,30791,30792,1,2,0
8848,5,1,30795,30795,30796,0,1,3
8849,5,2,30800,30800,30802,0,2,4
8850,2,2,30802,30802,30804,0,2,0
8851,5,2,30807,30807,30809,0,2,3
8852,6,3,30813,30813,30816,0,3,4
8853,2,2,30815,30816,30818,1,3,0
8854,5,2,30820,30820,30822,0,2,2
8855,4,3,30824,30824,30827,0,3,2
8856,5,1,30829,30829,30830,0,1,2
8857,5,3,30834,30834,30837,0,3,4
8858,1,3,30835,30837,30840,2,5,0
8859,5,1,30840,30840,30841,0,1,0
8860,6,3,30846,30846,30849,0,3,5
8861,2,2,30848,30849,30851,1,3,0
8862,3,2,30851,30851,30853,0,2,0
8863,2,1,30853,30853,30854,0,1,0
8864,2,2,30855,30855,30857,0,2,1
8865,6,2,30861,30861,30863,0,2,4
8866,2,2,30863,30863,30865,0,2,0
8867,3,2,30866,30866,30868,0,2,1
8868,4,1,30870,30870,30871,0,1,2
8869,3,1,30873,30873,30874,0,1,2
8870,1,3,30874,30874,30877,0,3,0
8871,4,1,30878,30878,30879,0,1,1
8872,4,2,30882,30882,30884,0,2,3
8873,5,1,30887,30887,30888,0,1,3
8874,2,3,30889,30889,30892,0,3,1
8875,4,3,30893,30893,30896,0,3,1
8876,3,2,30896,30896,30898,0,2,0
8877,4,3,30900,30900,30903,0,3,2
8878,2,2,30902,30903,30905,1,3,0
8879,4,3,30906,30906,30909,0,3,1
8880,4,1,30910,30910,30911,0,1,1
8881,5,2,30915,30915,30917,0,2,4
8882,1,3,30916,30917,30920,1,4,0
8883,4,3,30920,30920,30923,0,3,0
8884,4,2,30924,30924,30926,0,2,1
8885,2,2,30926,30926,30928,0,2,0
8886,3,1,30929,30929,30930,0,1,1
8887,1,3,30930,30930,30933,0,3,0
8888,2,3,30932,30933,30936,1,4,0
8889,3,3,30935,30936,30939,1,4,0
8890,2,2,30937,30939,30941,2,4,0
8891,2,3,30939,30941,30944,2,5,0
8892,1,1,30940,30944,30945,4,5,0
8893,3,1,30943,30945,30946,2,3,0
8894,4,1,30947,30947,30948,0,1,1
8895,1,3,30948,30948,30951,0,3,0
8896,4,2,30952,30952,30954,0,2,1
8897,1,1,30953,30954,30955,1,2,0
8898,2,1,30955,30955,30956,0,1,0
8899,5,2,30960,30960,30962,0,2,4
8900,3,1,30963,30963,30964,0,1,1
8901,5,1,30968,30968,30969,0,1,4
8902,1,2,30969,30969,30971,0,2,0
8903,5,3,30974,30974,30977,0,3,3
8904,5,3,30979,30979,30982,0,3,2
8905,2,1,30981,30982,30983,1,2,0
8906,5,2,30986,30986,30988,0,2,3
8907,4,3,30990,30990,30993,0,3,2
8908,4,3,30994,30994,30997,0,3,1
8909,5,3,30999,30999,31002,0,3,2
8910,3,3,31002,31002,31005,0,3,0
8911,4,1,31006,31006,31007,0,1,1
8912,4,3,31010,31010,31013,0,3,3
8913,2,3,31012,31013,31016,1,4,0
8914,1,1,31013,31016,31017,3,4,0
8915,5,1,31018,31018,31019,0,1,1
8916,2,1,31020,31020,31021,0,1,1
8917,2,2,31022,31022,31024,0,2,1
8918,5,1,31027,31027,31028,0,1,3
8919,4,1,31031,31031,31032,0,1,3
8920,4,3,31035,31035,31038,0,3,3
8921,1,3,31036,31038,31041,2,5,0
8922,6,1,31042,31042,31043,0,1,1
8923,4,1,31046,31046,31047,0,1,3
8924,4,2,31050,31050,31052,0,2,3
8925,3,3,31053,31053,31056,0,3,1
8926,2,3,31055,31056,31059,1,4,0
8927,1,3,31056,31059,31062,3,6,0
8928,5,3,31061,31062,31065,1,4,0
8929,4,3,31065,31065,31068,0,3,0
8930,5,2,31070,31070,31072,0,2,2
8931,1,1,31071,31072,31073,1,2,0
8932,2,3,31073,31073,31076,0,3,0
8933,6,2,31079,31079,31081,0,2,3
8934,2,3,31081,31081,31084,0,3,0
8935,1,2,31082,31084,31086,2,4,0
8936,3,2,31085,31086,31088,1,3,0
8937,5,3,31090,31090,31093,0,3,2
8938,4,3,31094,31094,31097,0,3,1
8939,3,3,31097,31097,31100,0,3,0
8940,3,2,31100,31100,31102,0,2,0
8941,3,3,31103,31103,31106,0,3,1
8942,3,3,31106,31106,31109,0,3,0
8943,4,1,31110,31110,31111,0,1,1
8944,6,2,31116,31116,31118,0,2,5
8945,3,3,31119,31119,31122,0,3,1
8946,5,2,31124,31124,31126,0,2,2
8947,3,3,31127,31127,31130,0,3,1
8948,4,3,31131,31131,31134,0,3,1
8949,1,1,31132,31134,31135,2,3,0
8950,6,2,31138,31138,31140,0,2,3
8951,1,2,31139,31140,31142,1,3,0
8952,5,1,31144,31144,31145,0,1,2
8953,5,3,31149,31149,31152,0,3,4
8954,5,2,31154,31154,31156,0,2,2
8955,2,3,31156,31156,31159,0,3,0
8956,3,1,31159,31159,31160,0,1,0
8957,4,1,31163,31163,31164,0,1,3
8958,3,2,31166,31166,31168,0,2,2
8959,4,2,31170,31170,31172,0,2,2
8960,5,1,31175,31175,31176,0,1,3
8961,6,3,31181,31181,31184,0,3,5
8962,3,3,31184,31184,31187,0,3,0
8963,2,1,31186,31187,31188,1,2,0
8964,1,3,31187,31188,31191,1,4,0
8965,5,1,31192,31192,31193,0,1,1
8966,3,1,31195,31195,31196,0,1,2
8967,5,3,31200,31200,31203,0,3,4
8968,5,2,31205,31205,31207,0,2,2
8969,6,2,31211,31211,31213,0,2,4
8970,5,3,31216,31216,31219,0,3,3
8971,2,2,31218,31219,31221,1,3,0
8972,3,2,31221,31221,31223,0,2,0
8973,3,1,31224,31224,31225,0,1,1
8974,1,1,31225,31225,31226,0,1,0
8975,3,2,31228,31228,31230,0,2,2
8976,3,2,31231,31231,31233,0,2,1
8977,5,3,31236,31236,31239,0,3,3
8978,5,3,31241,31241,31244,0,3,2
8979,5,1,31246,31246,31247,0,1,2
8980,4,2,31250,31250,31252,0,2,3
8981,1,1,31251,31252,31253,1,2,0
8982,6,3,31257,31257,31260,0,3,4
8983,1,2,31258,31260,31262,2,4,0
8984,3,2,31261,31262,31264,1,3,0
8985,1,3,31262,31264,31267,2,5,0
8986,2,1,31264,31267,31268,3,4,0
8987,3,2,31267,31268,31270,1,3,0
8988,4,3,31271,31271,31274,0,3,1
8989,3,1,31274,31274,31275,0,1,0
8990,6,2,31280,31280,31282,0,2,5
8991,6,2,31286,31286,31288,0,2,4
8992,2,2,31288,31288,31290,0,2,0
8993,4,3,31292,31292,31295,0,3,2
8994,5,2,31297,31297,31299,0,2,2
8995,6,3,31303,31303,31306,0,3,4
8996,5,1,31308,31308,31309,0,1,2
8997,5,1,31313,31313,31314,0,1,4
8998,1,1,31314,31314,31315,0,1,0
8999,1,1,31315,31315,31316,0,1,0
9000,1,3,31316,31316,31319,0,3,0
9001,2,2,31318,31319,31321,1,3,0
9002,1,3,31319,31321,31324,2,5,0
9003,2,1,31321,31324,31325,3,4,0
9004,3,2,31324,31325,31327,1,3,0
9005,5,3,31329,31329,31332,0,3,2
9006,1,1,31330,31332,31333,2,3,0
9007,6,3,31336,31336,31339,0,3,3
9008,3,1,31339,31339,31340,0,1,0
9009,1,2,31340,31340,31342,0,2,0
9010,4,1,31344,31344,31345,0,1,2
9011,2,1,31346,31346,31347,0,1,1
9012,3,2,31349,31349,31351,0,2,2
9013,2,1,31351,31351,31352,0,1,0
9014,1,1,31352,31352,31353,0,1,0
9015,2,2,31354,31354,31356,0,2,1
9016,3,1,31357,31357,31358,0,1,1
9017,5,1,31362,31362,31363,0,1,4
9018,6,1,31368,31368,31369,0,1,5
9019,2,3,31370,31370,31373,0,3,1
9020,5,3,31375,31375,31378,0,3,2
9021,1,1,31376,31378,31379,2,3,0
9022,4,2,31380,31380,31382,0,2,1
9023,6,3,31386,31386,31389,0,3,4
9024,5,3,31391,31391,31394,0,3,2
9025,6,3,31397,31397,31400,0,3,3
9026,3,2,31400,31400,31402,0,2,0
9027,2,2,31402,31402,31404,0,2,0
9028,1,2,31403,31404,31406,1,3,0
9029,5,1,31408,31408,31409,0,1,2
9030,2,3,31410,31410,31413,0,3,1
9031,4,3,31414,31414,31417,0,3,1
9032,5,3,31419,31419,31422,0,3,2
9033,5,2,31424,31424,31426,0,2,2
9034,1,3,31425,31426,31429,1,4,0
9035,5,2,31430,31430,31432,0,2,1
9036,1,1,31431,31432,31433,1,2,0
9037,3,2,31434,31434,31436,0,2,1
9038,6,2,31440,31440,31442,0,2,4
9039,6,3,31446,31446,31449,0,3,4
9040,1,2,31447,31449,31451,2,4,0
9041,6,3,31453,31453,31456,0,3,2
9042,4,2,31457,31457,31459,0,2,1
9043,2,3,31459,31459,31462,0,3,0
9044,4,2,31463,31463,31465,0,2,1
9045,1,3,31464,31465,31468,1,4,0
9046,2,1,31466,31468,31469,2,3,0
9047,2,3,31468,31469,31472,1,4,0
9048,1,2,31469,31472,31474,3,5,0
9049,4,2,31473,31474,31476,1,3,0
9050,5,2,31478,31478,31480,0,2,2
9051,2,1,31480,31480,31481,0,1,0
9052,1,3,31481,31481,31484,0,3,0
9053,6,1,31487,31487,31488,0,1,3
9054,5,3,31492,31492,31495,0,3,4
9055,6,1,31498,31498,31499,0,1,3
9056,5,1,31503,31503,31504,0,1,4
9057,6,2,31509,31509,31511,0,2,5
9058,2,2,31511,31511,31513,0,2,0
9059,3,1,31514,31514,31515,0,1,1
9060,1,1,31515,31515,31516,0,1,0
9061,3,2,31518,31518,31520,0,2,2
9062,5,1,31523,31523,31524,0,1,3
9063,6,3,31529,31529,31532,0,3,5
9064,5,3,31534,31534,31537,0,3,2
9065,4,2,31538,31538,31540,0,2,1
9066,5,2,31543,31543,31545,0,2,3
9067,3,2,31546,31546,31548,0,2,1
9068,3,1,31549,31549,31550,0,1,1
9069,2,3,31551,31551,31554,0,3,1
9070,4,3,31555,31555,31558,0,3,1
9071,3,3,31558,31558,31561,0,3,0
9072,4,2,31562,31562,31564,0,2,1
9073,3,1,31565,31565,31566,0,1,1
9074,1,1,31566,31566,31567,0,1,0
9075,5,3,31571,31571,31574,0,3,4
9076,3,3,31574,31574,31577,0,3,0
9077,4,1,31578,31578,31579,0,1,1
9078,1,3,31579,31579,31582,0,3,0
9079,1,3,31580,31582,31585,2,5,0
9080,4,1,31584,31585,31586,1,2,0
9081,6,1,31590,31590,31591,0,1,4
9082,6,1,31596,31596,31597,0,1,5
9083,5,1,31601,31601,31602,0,1,4
9084,1,3,31602,31602,31605,0,3,0
9085,2,1,31604,31605,31606,1,2,0
9086,5,1,31609,31609,31610,0,1,3
9087,2,1,31611,31611,31612,0,1,1
9088,2,3,31613,31613,31616,0,3,1
9089,5,1,31618,31618,31619,0,1,2
9090,3,1,31621,31621,31622,0,1,2
9091,6,3,31627,31627,31630,0,3,5
9092,1,1,31628,31630,31631,2,3,0
9093,4,1,31632,31632,31633,0,1,1
9094,1,2,31633,31633,31635,0,2,0
9095,2,2,31635,31635,31637,0,2,0
9096,3,3,31638,31638,31641,0,3,1
9097,3,2,31641,31641,31643,0,2,0
9098,1,3,31642,31643,31646,1,4,0
9099,2,2,31644,31646,31648,2,4,0
9100,3,3,31647,31648,31651,1,4,0
9101,1,2,31648,31651,31653,3,5,0
9102,1,3,31649,31653,31656,4,7,0
9103,6,2,31655,31656,31658,1,3,0
9104,5,3,31660,31660,31663,0,3,2
9105,1,3,31661,31663,31666,2,5,0
9106,2,3,31663,31666,31669,3,6,0
9107,2,3,31665,31669,31672,4,7,0
9108,4,2,31669,31672,31674,3,5,0
9109,5,1,31674,31674,31675,0,1,0
9110,3,3,31677,31677,31680,0,3,2
9111,4,1,31681,31681,31682,0,1,1
9112,6,1,31687,31687,31688,0,1,5
9113,1,1,31688,31688,31689,0,1,0
9114,2,1,31690,31690,31691,0,1,1
9115,4,1,31694,31694,31695,0,1,3
9116,5,1,31699,31699,31700,0,1,4
9117,4,2,31703,31703,31705,0,2,3
9118,5,1,31708,31708,31709,0,1,3
9119,3,2,31711,31711,31713,0,2,2
9120,4,2,31715,31715,31717,0,2,2
9121,6,2,31721,31721,31723,0,2,4
9122,3,2,31724,31724,31726,0,2,1
9123,4,1,31728,31728,31729,0,1,2
9124,1,3,31729,31729,31732,0,3,0
9125,6,3,31735,31735,31738,0,3,3
9126,1,3,31736,31738,31741,2,5,0
9127,3,1,31739,31741,31742,2,3,0
9128,4,3,31743,31743,31746,0,3,1
9129,5,1,31748,31748,31749,0,1,2
9130,1,1,31749,31749,31750,0,1,0
9131,5,3,31754,31754,31757,0,3,4
9132,5,3,31759,31759,31762,0,3,2
9133,1,2,31760,31762,31764,2,4,0
9134,1,2,31761,31764,31766,3,5,0
9135,3,3,31764,31766,31769,2,5,0
9136,3,2,31767,31769,31771,2,4,0
9137,5,3,31772,31772,31775,0,3,1
9138,5,2,31777,31777,31779,0,2,2
9139,5,1,31782,31782,31783,0,1,3
9140,2,2,31784,31784,31786,0,2,1
9141,5,2,31789,31789,31791,0,2,3
9142,5,2,31794,31794,31796,0,2,3
9143,6,2,31800,31800,31802,0,2,4
9144,6,3,31806,31806,31809,0,3,4
9145,5,1,31811,31811,31812,0,1,2
9146,4,1,31815,31815,31816,0,1,3
9147,1,3,31816,31816,31819,0,3,0
9148,6,3,31822,31822,31825,0,3,3
9149,6,1,31828,31828,31829,0,1,3
9150,3,2,31831,31831,31833,0,2,2
9151,2,2,31833,31833,31835,0,2,0
9152,6,1,31839,31839,31840,0,1,4
9153,5,1,31844,31844,31845,0,1,4
9154,5,3,31849,31849,31852,0,3,4
9155,5,3,31854,31854,31857,0,3,2
9156,6,1,31860,31860,31861,0,1,3
9157,1,3,31861,31861,31864,0,3,0
9158,6,1,31867,31867,31868,0,1,3
9159,3,3,31870,31870,31873,0,3,2
9160,1,3,31871,31873,31876,2,5,0
9161,5,3,31876,31876,31879,0,3,0
9162,1,2,31877,31879,31881,2,4,0
9163,1,2,31878,31881,31883,3,5,0
9164,3,3,31881,31883,31886,2,5,0
9165,2,2,31883,31886,31888,3,5,0
9166,5,3,31888,31888,31891,0,3,0
9167,2,2,31890,31891,31893,1,3,0
9168,5,2,31895,31895,31897,0,2,2
9169,3,3,31898,31898,31901,0,3,1
9170,6,3,31904,31904,31907,0,3,3
9171,6,1,31910,31910,31911,0,1,3
9172,6,1,31916,31916,31917,0,1,5
9173,3,1,31919,31919,31920,0,1,2
9174,3,1,31922,31922,31923,0,1,2
9175,2,1,31924,31924,31925,0,1,1
9176,3,1,31927,31927,31928,0,1,2
9177,4,2,31931,31931,31933,0,2,3
9178,1,1,31932,31933,31934,1,2,0
9179,1,2,31933,31934,31936,1,3,0
9180,6,3,31939,31939,31942,0,3,3
9181,6,1,31945,31945,31946,0,1,3
9182,2,2,31947,31947,31949,0,2,1
9183,5,2,31952,31952,31954,0,2,3
9184,5,1,31957,31957,31958,0,1,3
9185,6,3,31963,31963,31966,0,3,5
9186,1,3,31964,31966,31969,2,5,0
9187,5,1,31969,31969,31970,0,1,0
9188,1,3,31970,31970,31973,0,3,0
9189,1,1,31971,31973,31974,2,3,0
9190,6,2,31977,31977,31979,0,2,3
9191,4,3,31981,31981,31984,0,3,2
9192,1,3,31982,31984,31987,2,5,0
9193,1,1,31983,31987,31988,4,5,0
9194,2,3,31985,31988,31991,3,6,0
9195,3,3,31988,31991,31994,3,6,0
9196,5,2,31993,31994,31996,1,3,0
9197,4,3,31997,31997,32000,0,3,1
9198,1,1,31998,32000,32001,2,3,0
9199,4,1,32002,32002,32003,0,1,1
9200,1,1,32003,32003,32004,0,1,0
9201,6,3,32009,32009,32012,0,3,5
9202,4,2,32013,32013,32015,0,2,1
9203,1,3,32014,32015,32018,1,4,0
9204,4,2,32018,32018,32020,0,2,0
9205,6,2,32024,32024,32026,0,2,4
9206,5,2,32029,32029,32031,0,2,3
9207,5,1,32034,32034,32035,0,1,3
9208,5,2,32039,32039,32041,0,2,4
9209,1,1,32040,32041,32042,1,2,0
9210,3,1,32043,32043,32044,0,1,1
9211,4,1,32047,32047,32048,0,1,3
9212,5,1,32052,32052,32053,0,1,4
9213,6,1,32058,32058,32059,0,1,5
9214,5,3,32063,32063,32066,0,3,4
9215,4,3,32067,32067,32070,0,3,1
9216,5,3,32072,32072,32075,0,3,2
9217,2,1,32074,32075,32076,1,2,0
9218,5,2,32079,32079,32081,0,2,3
9219,5,2,32084,32084,32086,0,2,3
9220,4,2,32088,32088,32090,0,2,2
9221,3,3,32091,32091,32094,0,3,1
9222,2,2,32093,32094,32096,1,3,0
9223,3,3,32096,32096,32099,0,3,0
9224,3,2,32099,32099,32101,0,2,0
9225,6,1,32105,32105,32106,0,1,4
9226,6,2,32111,32111,32113,0,2,5
9227,4,2,32115,32115,32117,0,2,2
9228,4,2,32119,32119,32121,0,2,2
9229,1,3,32120,32121,32124,1,4,0
9230,2,2,32122,32124,32126,2,4,0
9231,1,1,32123,32126,32127,3,4,0
9232,5,2,32128,32128,32130,0,2,1
9233,2,3,32130,32130,32133,0,3,0
9234,3,3,32133,32133,32136,0,3,0
9235,5,2,32138,32138,32140,0,2,2
9236,4,1,32142,32142,32143,0,1,2
9237,5,1,32147,32147,32148,0,1,4
9238,3,1,32150,32150,32151,0,1,2
9239,4,3,32154,32154,32157,0,3,3
9240,3,2,32157,32157,32159,0,2,0
9241,3,1,32160,32160,32161,0,1,1
9242,5,3,32165,32165,32168,0,3,4
9243,4,3,32169,32169,32172,0,3,1
9244,2,3,32171,32172,32175,1,4,0
9245,5,2,32176,32176,32178,0,2,1
9246,1,2,32177,32178,32180,1,3,0
9247,5,2,32182,32182,32184,0,2,2
9248,5,1,32187,32187,32188,0,1,3
9249,1,3,32188,32188,32191,0,3,0
9250,2,3,32190,32191,32194,1,4,0
9251,6,3,32196,32196,32199,0,3,2
9252,5,2,32201,32201,32203,0,2,2
9253,2,3,32203,32203,32206,0,3,0
9254,4,1,32207,32207,32208,0,1,1
9255,6,1,32213,32213,32214,0,1,5
9256,1,2,32214,32214,32216,0,2,0
9257,3,2,32217,32217,32219,0,2,1
9258,6,1,32223,32223,32224,0,1,4
9259,2,3,32225,32225,32228,0,3,1
9260,5,2,32230,32230,32232,0,2,2
9261,1,2,32231,32232,32234,1,3,0
9262,1,3,32232,32234,32237,2,5,0
9263,1,1,32233,32237,32238,4,5,0
9264,6,2,32239,32239,32241,0,2,1
9265,6,2,32245,32245,32247,0,2,4
9266,4,1,32249,32249,32250,0,1,2
9267,6,2,32255,32255,32257,0,2,5
9268,1,2,32256,32257,32259,1,3,0
9269,5,1,32261,32261,32262,0,1,2
9270,4,1,32265,32265,32266,0,1,3
9271,6,3,32271,32271,32274,0,3,5
9272,4,3,32275,32275,32278,0,3,1
9273,5,3,32280,32280,32283,0,3,2
9274,3,2,32283,32283,32285,0,2,0
9275,6,2,32289,32289,32291,0,2,4
9276,3,3,32292,32292,32295,0,3,1
9277,1,1,32293,32295,32296,2,3,0
9278,5,2,32298,32298,32300,0,2,2
9279,1,3,32299,32300,32303,1,4,0
9280,1,3,32300,32303,32306,3,6,0
9281,4,3,32304,32306,32309,2,5,0
9282,4,1,32308,32309,32310,1,2,0
9283,2,2,32310,32310,32312,0,2,0
9284,2,2,32312,32312,32314,0,2,0
9285,2,1,32314,32314,32315,0,1,0
9286,3,2,32317,32317,32319,0,2,2
9287,4,2,32321,32321,32323,0,2,2
9288,3,3,32324,32324,32327,0,3,1
9289,5,2,32329,32329,32331,0,2,2
9290,2,1,32331,32331,32332,0,1,0
9291,2,2,32333,32333,32335,0,2,1
9292,6,2,32339,32339,32341,0,2,4
9293,1,3,32340,32341,32344,1,4,0
9294,1,3,32341,32344,32347,3,6,0
9295,4,1,32345,32347,32348,2,3,0
9296,6,3,32351,32351,32354,0,3,3
9297,5,3,32356,32356,32359,0,3,2
9298,2,3,32358,32359,32362,1,4,0
9299,4,1,32362,32362,32363,0,1,0
9300,3,2,32365,32365,32367,0,2,2
9301,3,2,32368,32368,32370,0,2,1
9302,6,2,32374,32374,32376,0,2,4
9303,1,2,32375,32376,32378,1,3,0
9304,3,3,32378,32378,32381,0,3,0
9305,3,1,32381,32381,32382,0,1,0
9306,6,2,32387,32387,32389,0,2,5
9307,4,1,32391,32391,32392,0,1,2
9308,4,3,32395,32395,32398,0,3,3
9309,3,3,32398,32398,32401,0,3,0
9310,4,2,32402,32402,32404,0,2,1
9311,5,3,32407,32407,32410,0,3,3
9312,2,3,32409,32410,32413,1,4,0
9313,2,1,32411,32413,32414,2,3,0
9314,3,2,32414,32414,32416,0,2,0
9315,5,1,32419,32419,32420,0,1,3
9316,4,3,32423,32423,32426,0,3,3
9317,4,3,32427,32427,32430,0,3,1
9318,3,2,32430,32430,32432,0,2,0
9319,6,3,32436,32436,32439,0,3,4
9320,6,3,32442,32442,32445,0,3,3
9321,6,2,32448,32448,32450,0,2,3
9322,5,1,32453,32453,32454,0,1,3
9323,4,3,32457,32457,32460,0,3,3
9324,5,1,32462,32462,32463,0,1,2
9325,2,3,32464,32464,32467,0,3,1
9326,2,2,32466,32467,32469,1,3,0
9327,4,1,32470,32470,32471,0,1,1
9328,2,1,32472,32472,32473,0,1,1
9329,3,1,32475,32475,32476,0,1,2
9330,2,2,32477,32477,32479,0,2,1
9331,6,2,32483,32483,32485,0,2,4
9332,6,2,32489,32489,32491,0,2,4
9333,6,2,32495,32495,32497,0,2,4
9334,2,2,32497,32497,32499,0,2,0
9335,6,3,32503,32503,32506,0,3,4
9336,5,2,32508,32508,32510,0,2,2
9337,3,1,32511,32511,32512,0,1,1
9338,1,2,32512,32512,32514,0,2,0
9339,1,2,32513,32514,32516,1,3,0
9340,1,2,32514,32516,32518,2,4,0
9341,5,3,32519,32519,32522,0,3,1
9342,4,3,32523,32523,32526,0,3,1
9343,3,3,32526,32526,32529,0,3,0
9344,5,2,32531,32531,32533,0,2,2
9345,6,1,32537,32537,32538,0,1,4
9346,6,3,32543,32543,32546,0,3,5
9347,5,3,32548,32548,32551,0,3,2
9348,6,2,32554,32554,32556,0,2,3
9349,3,3,32557,32557,32560,0,3,1
9350,5,1,32562,32562,32563,0,1,2
9351,6,2,32568,32568,32570,0,2,5
9352,6,1,32574,32574,32575,0,1,4
9353,6,2,32580,32580,32582,0,2,5
9354,2,3,32582,32582,32585,0,3,0
9355,6,2,32588,32588,32590,0,2,3
9356,4,1,32592,32592,32593,0,1,2
9357,4,1,32596,32596,32597,0,1,3
9358,5,1,32601,32601,32602,0,1,4
9359,3,1,32604,32604,32605,0,1,2
9360,2,1,32606,32606,32607,0,1,1
9361,6,1,32612,32612,32613,0,1,5
9362,5,3,32617,32617,32620,0,3,4
9363,6,3,32623,32623,32626,0,3,3
9364,1,1,32624,32626,32627,2,3,0
9365,2,2,32626,32627,32629,1,3,0
9366,4,1,32630,32630,32631,0,1,1
9367,6,2,32636,32636,32638,0,2,5
9368,6,1,32642,32642,32643,0,1,4
9369,2,1,32644,32644,32645,0,1,1
9370,6,2,32650,32650,32652,0,2,5
9371,2,2,32652,32652,32654,0,2,0
9372,1,2,32653,32654,32656,1,3,0
9373,1,2,32654,32656,32658,2,4,0
9374,6,2,32660,32660,32662,0,2,2
9375,3,2,32663,32663,32665,0,2,1
9376,3,3,32666,32666,32669,0,3,1
9377,3,3,32669,32669,32672,0,3,0
9378,2,3,32671,32672,32675,1,4,0
9379,6,2,32677,32677,32679,0,2,2
9380,1,2,32678,32679,32681,1,3,0
9381,4,2,32682,32682,32684,0,2,1
9382,3,1,32685,32685,32686,0,1,1
9383,6,1,32691,32691,32692,0,1,5
9384,2,1,32693,32693,32694,0,1,1
9385,2,2,32695,32695,32697,0,2,1
9386,5,2,32700,32700,32702,0,2,3
9387,1,3,32701,32702,32705,1,4,0
9388,3,3,32704,32705,32708,1,4,0
9389,5,1,32709,32709,32710,0,1,1
9390,4,2,32713,32713,32715,0,2,3
9391,4,3,32717,32717,32720,0,3,2
9392,5,2,32722,32722,32724,0,2,2
9393,5,3,32727,32727,32730,0,3,3
9394,1,3,32728,32730,32733,2,5,0
9395,5,1,32733,32733,32734,0,1,0
9396,6,1,32739,32739,32740,0,1,5
9397,2,2,32741,32741,32743,0,2,1
9398,4,3,32745,32745,32748,0,3,2
9399,6,2,32751,32751,32753,0,2,3
9400,4,3,32755,32755,32758,0,3,2
9401,6,1,32761,32761,32762,0,1,3
9402,4,1,32765,32765,32766,0,1,3
9403,5,3,32770,32770,32773,0,3,4
9404,6,1,32776,32776,32777,0,1,3
9405,1,2,32777,32777,32779,0,2,0
9406,1,3,32778,32779,32782,1,4,0
9407,4,2,32782,32782,32784,0,2,0
9408,3,1,32785,32785,32786,0,1,1
9409,3,1,32788,32788,32789,0,1,2
9410,3,3,32791,32791,32794,0,3,2
9411,4,3,32795,32795,32798,0,3,1
9412,6,2,32801,32801,32803,0,2,3
9413,1,2,32802,32803,32805,1,3,0
9414,5,1,32807,32807,32808,0,1,2
9415,4,3,32811,32811,32814,0,3,3
9416,2,3,32813,32814,32817,1,4,0
9417,2,1,32815,32817,32818,2,3,0
9418,3,3,32818,32818,32821,0,3,0
9419,1,2,32819,32821,32823,2,4,0
9420,4,3,32823,32823,32826,0,3,0
9421,5,1,32828,32828,32829,0,1,2
9422,3,1,32831,32831,32832,0,1,2
9423,6,2,32837,32837,32839,0,2,5
9424,1,1,32838,32839,32840,1,2,0
9425,6,2,32844,32844,32846,0,2,4
9426,3,2,32847,32847,32849,0,2,1
9427,4,2,32851,32851,32853,0,2,2
9428,6,1,32857,32857,32858,0,1,4
9429,4,1,32861,32861,32862,0,1,3
9430,6,3,32867,32867,32870,0,3,5
9431,5,2,32872,32872,32874,0,2,2
9432,6,2,32878,32878,32880,0,2,4
9433,4,2,32882,32882,32884,0,2,2
9434,3,1,32885,32885,32886,0,1,1
9435,5,2,32890,32890,32892,0,2,4
9436,3,1,32893,32893,32894,0,1,1
9437,5,2,32898,32898,32900,0,2,4
9438,1,2,32899,32900,32902,1,3,0
9439,6,3,32905,32905,32908,0,3,3
9440,4,3,32909,32909,32912,0,3,1
9441,3,3,32912,32912,32915,0,3,0
9442,1,2,32913,32915,32917,2,4,0
9443,1,1,32914,32917,32918,3,4,0
9444,3,3,32917,32918,32921,1,4,0
9445,4,1,32921,32921,32922,0,1,0
9446,1,1,32922,32922,32923,0,1,0
9447,2,3,32924,32924,32927,0,3,1
9448,6,3,32930,32930,32933,0,3,3
9449,1,1,32931,32933,32934,2,3,0
9450,3,2,32934,32934,32936,0,2,0
9451,4,2,32938,32938,32940,0,2,2
9452,6,1,32944,32944,32945,0,1,4
9453,2,1,32946,32946,32947,0,1,1
9454,6,3,32952,32952,32955,0,3,5
9455,6,3,32958,32958,32961,0,3,3
9456,4,1,32962,32962,32963,0,1,1
9457,5,1,32967,32967,32968,0,1,4
9458,1,1,32968,32968,32969,0,1,0
9459,1,1,32969,32969,32970,0,1,0
9460,1,3,32970,32970,32973,0,3,0
9461,3,1,32973,32973,32974,0,1,0
9462,2,3,32975,32975,32978,0,3,1
9463,6,1,32981,32981,32982,0,1,3
9464,1,3,32982,32982,32985,0,3,0
9465,3,2,32985,32985,32987,0,2,0
9466,6,2,32991,32991,32993,0,2,4
9467,1,3,32992,32993,32996,1,4,0
9468,3,1,32995,32996,32997,1,2,0
9469,6,2,33001,33001,33003,0,2,4
9470,2,3,33003,33003,33006,0,3,0
9471,2,1,33005,33006,33007,1,2,0
9472,3,2,33008,33008,33010,0,2,1
9473,6,2,33014,33014,33016,0,2,4
9474,2,2,33016,33016,33018,0,2,0
9475,2,2,33018,33018,33020,0,2,0
9476,3,1,33021,33021,33022,0,1,1
9477,4,3,33025,33025,33028,0,3,3
9478,5,2,33030,33030,33032,0,2,2
9479,2,1,33032,33032,33033,0,1,0
9480,6,2,33038,33038,33040,0,2,5
9481,3,3,33041,33041,33044,0,3,1
9482,6,2,33047,33047,33049,0,2,3
9483,4,1,33051,33051,33052,0,1,2
9484,6,3,33057,33057,33060,0,3,5
9485,4,1,33061,33061,33062,0,1,1
9486,2,1,33063,33063,33064,0,1,1
9487,5,2,33068,33068,33070,0,2,4
9488,3,1,33071,33071,33072,0,1,1
9489,6,3,33077,33077,33080,0,3,5
9490,1,1,33078,33080,33081,2,3,0
9491,4,3,33082,33082,33085,0,3,1
9492,2,3,33084,33085,33088,1,4,0
9493,5,1,33089,33089,33090,0,1,1
9494,5,2,33094,33094,33096,0,2,4
9495,2,1,33096,33096,33097,0,1,0
9496,1,1,33097,33097,33098,0,1,0
9497,2,2,33099,33099,33101,0,2,1
9498,1,2,33100,33101,33103,1,3,0
9499,3,3,33103,33103,33106,0,3,0
9500,3,1,33106,33106,33107,0,1,0
9501,6,3,33112,33112,33115,0,3,5
9502,1,3,33113,33115,33118,2,5,0
9503,3,1,33116,33118,33119,2,3,0
9504,2,1,33118,33119,33120,1,2,0
9505,3,1,33121,33121,33122,0,1,1
9506,5,1,33126,33126,33127,0,1,4
9507,2,1,33128,33128,33129,0,1,1
9508,3,1,33131,33131,33132,0,1,2
9509,4,1,33135,33135,33136,0,1,3
9510,4,1,33139,33139,33140,0,1,3
9511,3,2,33142,33142,33144,0,2,2
9512,6,3,33148,33148,33151,0,3,4
9513,3,1,33151,33151,33152,0,1,0
9514,5,3,33156,33156,33159,0,3,4
9515,4,2,33160,33160,33162,0,2,1
9516,2,2,33162,33162,33164,0,2,0
9517,4,3,33166,33166,33169,0,3,2
9518,4,1,33170,33170,33171,0,1,1
9519,2,2,33172,33172,33174,0,2,1
9520,6,1,33178,33178,33179,0,1,4
9521,6,1,33184,33184,33185,0,1,5
9522,3,2,33187,33187,33189,0,2,2
9523,2,3,33189,33189,33192,0,3,0
9524,4,3,33193,33193,33196,0,3,1
9525,4,2,33197,33197,33199,0,2,1
9526,4,1,33201,33201,33202,0,1,2
9527,3,3,33204,33204,33207,0,3,2
9528,6,1,33210,33210,33211,0,1,3
9529,2,2,33212,33212,33214,0,2,1
9530,4,2,33216,33216,33218,0,2,2
9531,6,2,33222,33222,33224,0,2,4
9532,6,2,33228,33228,33230,0,2,4
9533,6,2,33234,33234,33236,0,2,4
9534,1,3,33235,33236,33239,1,4,0
9535,4,2,33239,33239,33241,0,2,0
9536,4,3,33243,33243,33246,0,3,2
9537,6,1,33249,33249,33250,0,1,3
9538,4,1,33253,33253,33254,0,1,3
9539,5,1,33258,33258,33259,0,1,4
9540,4,3,33262,33262,33265,0,3,3
9541,3,2,33265,33265,33267,0,2,0
9542,3,3,33268,33268,33271,0,3,1
9543,2,1,33270,33271,33272,1,2,0
9544,6,3,33276,33276,33279,0,3,4
9545,6,3,33282,33282,33285,0,3,3
9546,3,3,33285,33285,33288,0,3,0
9547,6,1,33291,33291,33292,0,1,3
9548,2,3,33293,33293,33296,0,3,1
9549,6,3,33299,33299,33302,0,3,3
9550,3,2,33302,33302,33304,0,2,0
9551,3,1,33305,33305,33306,0,1,1
9552,6,1,33311,33311,33312,0,1,5
9553,1,1,33312,33312,33313,0,1,0
9554,1,2,33313,33313,33315,0,2,0
9555,2,2,33315,33315,33317,0,2,0
9556,3,3,33318,33318,33321,0,3,1
9557,5,2,33323,33323,33325,0,2,2
9558,3,3,33326,33326,33329,0,3,1
9559,3,1,33329,33329,33330,0,1,0
9560,2,1,33331,33331,33332,0,1,1
9561,1,1,33332,33332,33333,0,1,0
9562,3,1,33335,33335,33336,0,1,2
9563,1,2,33336,33336,33338,0,2,0
9564,4,1,33340,33340,33341,0,1,2
9565,2,1,33342,33342,33343,0,1,1
9566,1,2,33343,33343,33345,0,2,0
9567,6,1,33349,33349,33350,0,1,4
9568,4,1,33353,33353,33354,0,1,3
9569,1,1,33354,33354,33355,0,1,0
9570,1,3,33355,33355,33358,0,3,0
9571,2,2,33357,33358,33360,1,3,0
9572,5,1,33362,33362,33363,0,1,2
9573,2,1,33364,33364,33365,0,1,1
9574,3,2,33367,33367,33369,0,2,2
9575,2,3,33369,33369,33372,0,3,0
9576,5,2,33374,33374,33376,0,2,2
9577,2,2,33376,33376,33378,0,2,0
9578,3,2,33379,33379,33381,0,2,1
9579,1,2,33380,33381,33383,1,3,0
9580,3,3,33383,33383,33386,0,3,0
9581,5,2,33388,33388,33390,0,2,2
9582,5,1,33393,33393,33394,0,1,3
9583,1,3,33394,33394,33397,0,3,0
9584,5,2,33399,33399,33401,0,2,2
9585,5,2,33404,33404,33406,0,2,3
9586,3,3,33407,33407,33410,0,3,1
9587,5,1,33412,33412,33413,0,1,2
9588,1,3,33413,33413,33416,0,3,0
9589,4,3,33417,33417,33420,0,3,1
9590,3,1,33420,33420,33421,0,1,0
9591,5,1,33425,33425,33426,0,1,4
9592,4,2,33429,33429,33431,0,2,3
9593,2,2,33431,33431,33433,0,2,0
9594,6,3,33437,33437,33440,0,3,4
9595,4,1,33441,33441,33442,0,1,1
9596,5,1,33446,33446,33447,0,1,4
9597,2,2,33448,33448,33450,0,2,1
9598,1,2,33449,33450,33452,1,3,0
9599,6,3,33455,33455,33458,0,3,3
9600,4,2,33459,33459,33461,0,2,1
9601,3,2,33462,33462,33464,0,2,1
9602,1,2,33463,33464,33466,1,3,0
9603,1,1,33464,33466,33467,2,3,0
9604,4,3,33468,33468,33471,0,3,1
9605,2,2,33470,33471,33473,1,3,0
9606,2,3,33472,33473,33476,1,4,0
9607,1,2,33473,33476,33478,3,5,0
9608,3,2,33476,33478,33480,2,4,0
9609,2,1,33478,33480,33481,2,3,0
9610,6,1,33484,33484,33485,0,1,3
9611,6,1,33490,33490,33491,0,1,5
9612,3,2,33493,33493,33495,0,2,2
9613,4,2,33497,33497,33499,0,2,2
9614,3,1,33500,33500,33501,0,1,1
9615,1,3,33501,33501,33504,0,3,0
9616,3,2,33504,33504,33506,0,2,0
9617,3,2,33507,33507,33509,0,2,1
9618,3,2,33510,33510,33512,0,2,1
9619,2,3,33512,33512,33515,0,3,0
9620,4,3,33516,33516,33519,0,3,1
9621,6,1,33522,33522,33523,0,1,3
9622,6,3,33528,33528,33531,0,3,5
9623,4,1,33532,33532,33533,0,1,1
9624,3,3,33535,33535,33538,0,3,2
9625,6,1,33541,33541,33542,0,1,3
9626,6,3,33547,33547,33550,0,3,5
9627,6,1,33553,33553,33554,0,1,3
9628,5,1,33558,33558,33559,0,1,4
9629,6,3,33564,33564,33567,0,3,5
9630,3,2,33567,33567,33569,0,2,0
9631,6,2,33573,33573,33575,0,2,4
9632,6,2,33579,33579,33581,0,2,4
9633,5,2,33584,33584,33586,0,2,3
9634,2,2,33586,33586,33588,0,2,0
9635,2,1,33588,33588,33589,0,1,0
9636,5,1,33593,33593,33594,0,1,4
9637,4,2,33597,33597,33599,0,2,3
9638,3,2,33600,33600,33602,0,2,1
9639,5,2,33605,33605,33607,0,2,3
9640,6,2,33611,33611,33613,0,2,4
9641,6,2,33617,33617,33619,0,2,4
9642,2,1,33619,33619,33620,0,1,0
9643,6,2,33625,33625,33627,0,2,5
9644,5,3,33630,33630,33633,0,3,3
9645,5,2,33635,33635,33637,0,2,2
9646,5,1,33640,33640,33641,0,1,3
9647,4,3,33644,33644,33647,0,3,3
9648,4,1,33648,33648,33649,0,1,1
9649,4,3,33652,33652,33655,0,3,3
9650,3,1,33655,33655,33656,0,1,0
9651,3,1,33658,33658,33659,0,1,2
9652,5,3,33663,33663,33666,0,3,4
9653,2,3,33665,33666,33669,1,4,0
9654,3,2,33668,33669,33671,1,3,0
9655,2,1,33670,33671,33672,1,2,0
9656,3,1,33673,33673,33674,0,1,1
9657,3,2,33676,33676,33678,0,2,2
9658,6,2,33682,33682,33684,0,2,4
9659,2,2,33684,33684,33686,0,2,0
9660,6,2,33690,33690,33692,0,2,4
9661,1,2,33691,33692,33694,1,3,0
9662,4,3,33695,33695,33698,0,3,1
9663,2,3,33697,33698,33701,1,4,0
9664,5,1,33702,33702,33703,0,1,1
9665,6,3,33708,33708,33711,0,3,5
9666,5,3,33713,33713,33716,0,3,2
9667,3,3,33716,33716,33719,0,3,0
9668,5,1,33721,33721,33722,0,1,2
9669,2,2,33723,33723,33725,0,2,1
9670,3,1,33726,33726,33727,0,1,1
9671,4,2,33730,33730,33732,0,2,3
9672,3,1,33733,33733,33734,0,1,1
9673,5,1,33738,33738,33739,0,1,4
9674,4,2,33742,33742,33744,0,2,3
9675,2,1,33744,33744,33745,0,1,0
9676,3,2,33747,33747,33749,0,2,2
9677,6,2,33753,33753,33755,0,2,4
9678,4,1,33757,33757,33758,0,1,2
9679,6,2,33763,33763,33765,0,2,5
9680,3,3,33766,33766,33769,0,3,1
9681,1,3,33767,33769,33772,2,5,0
9682,3,3,33770,33772,33775,2,5,0
9683,6,2,33776,33776,33778,0,2,1
9684,3,1,33779,33779,33780,0,1,1
9685,1,1,33780,33780,33781,0,1,0
9686,1,2,33781,33781,33783,0,2,0
9687,6,3,33787,33787,33790,0,3,4
9688,6,3,33793,33793,33796,0,3,3
9689,6,1,33799,33799,33800,0,1,3
9690,6,1,33805,33805,33806,0,1,5
9691,5,1,33810,33810,33811,0,1,4
9692,2,3,33812,33812,33815,0,3,1
9693,3,1,33815,33815,33816,0,1,0
9694,4,2,33819,33819,33821,0,2,3
9695,5,2,33824,33824,33826,0,2,3
9696,6,3,33830,33830,33833,0,3,4
9697,1,1,33831,33833,33834,2,3,0
9698,5,3,33836,33836,33839,0,3,2
9699,6,3,33842,33842,33845,0,3,3
9700,4,2,33846,33846,33848,0,2,1
9701,6,1,33852,33852,33853,0,1,4
9702,4,1,33856,33856,33857,0,1,3
9703,5,2,33861,33861,33863,0,2,4
9704,1,1,33862,33863,33864,1,2,0
9705,4,1,33866,33866,33867,0,1,2
9706,4,2,33870,33870,33872,0,2,3
9707,4,3,33874,33874,33877,0,3,2
9708,5,2,33879,33879,33881,0,2,2
9709,6,2,33885,33885,33887,0,2,4
9710,5,3,33890,33890,33893,0,3,3
9711,5,2,33895,33895,33897,0,2,2
9712,6,3,33901,33901,33904,0,3,4
9713,4,2,33905,33905,33907,0,2,1
9714,4,3,33909,33909,33912,0,3,2
9715,2,3,33911,33912,33915,1,4,0
9716,3,3,33914,33915,33918,1,4,0
9717,6,2,33920,33920,33922,0,2,2
9718,2,1,33922,33922,33923,0,1,0
9719,5,2,33927,33927,33929,0,2,4
9720,4,3,33931,33931,33934,0,3,2
9721,1,2,33932,33934,33936,2,4,0
9722,1,2,33933,33936,33938,3,5,0
9723,3,1,33936,33938,33939,2,3,0
9724,4,2,33940,33940,33942,0,2,1
9725,5,1,33945,33945,33946,0,1,3
9726,5,2,33950,33950,33952,0,2,4
9727,2,3,33952,33952,33955,0,3,0
9728,4,1,33956,33956,33957,0,1,1
9729,2,2,33958,33958,33960,0,2,1
9730,2,2,33960,33960,33962,0,2,0
9731,3,1,33963,33963,33964,0,1,1
9732,2,3,33965,33965,33968,0,3,1
9733,6,3,33971,33971,33974,0,3,3
9734,5,2,33976,33976,33978,0,2,2
9735,2,3,33978,33978,33981,0,3,0
9736,5,3,33983,33983,33986,0,3,2
9737,3,3,33986,33986,33989,0,3,0
9738,2,1,33988,33989,33990,1,2,0
9739,6,1,33994,33994,33995,0,1,4
9740,3,3,33997,33997,34000,0,3,2
9741,1,1,33998,34000,34001,2,3,0
9742,6,2,34004,34004,34006,0,2,3
9743,6,1,34010,34010,34011,0,1,4
9744,5,2,34015,34015,34017,0,2,4
9745,2,3,34017,34017,34020,0,3,0
9746,3,3,34020,34020,34023,0,3,0
9747,5,1,34025,34025,34026,0,1,2
9748,5,3,34030,34030,34033,0,3,4
9749,1,1,34031,34033,34034,2,3,0
9750,6,2,34037,34037,34039,0,2,3
9751,4,3,34041,34041,34044,0,3,2
9752,1,3,34042,34044,34047,2,5,0
9753,4,2,34046,34047,34049,1,3,0
9754,5,2,34051,34051,34053,0,2,2
9755,2,3,34053,34053,34056,0,3,0
9756,3,1,34056,34056,34057,0,1,0
9757,2,3,34058,34058,34061,0,3,1
9758,3,2,34061,34061,34063,0,2,0
9759,6,3,34067,34067,34070,0,3,4
9760,1,2,34068,34070,34072,2,4,0
9761,6,2,34074,34074,34076,0,2,2
9762,4,2,34078,34078,34080,0,2,2
9763,2,3,34080,34080,34083,0,3,0
9764,6,3,34086,34086,34089,0,3,3
9765,3,2,34089,34089,34091,0,2,0
9766,1,1,34090,34091,34092,1,2,0
9767,3,3,34093,34093,34096,0,3,1
9768,4,3,34097,34097,34100,0,3,1
9769,6,2,34103,34103,34105,0,2,3
9770,5,2,34108,34108,34110,0,2,3
9771,6,3,34114,34114,34117,0,3,4
9772,3,2,34117,34117,34119,0,2,0
9773,4,3,34121,34121,34124,0,3,2
9774,2,2,34123,34124,34126,1,3,0
9775,5,2,34128,34128,34130,0,2,2
9776,5,3,34133,34133,34136,0,3,3
9777,3,3,34136,34136,34139,0,3,0
9778,3,1,34139,34139,34140,0,1,0
9779,1,3,34140,34140,34143,0,3,0
9780,3,3,34143,34143,34146,0,3,0
9781,4,2,34147,34147,34149,0,2,1
9782,3,1,34150,34150,34151,0,1,1
9783,1,2,34151,34151,34153,0,2,0
9784,1,2,34152,34153,34155,1,3,0
9785,1,3,34153,34155,34158,2,5,0
9786,1,1,34154,34158,34159,4,5,0
9787,2,1,34156,34159,34160,3,4,0
9788,4,3,34160,34160,34163,0,3,0
9789,2,1,34162,34163,34164,1,2,0
9790,5,1,34167,34167,34168,0,1,3
9791,2,2,34169,34169,34171,0,2,1
9792,2,3,34171,34171,34174,0,3,0
9793,5,2,34176,34176,34178,0,2,2
9794,6,2,34182,34182,34184,0,2,4
9795,2,2,34184,34184,34186,0,2,0
9796,4,1,34188,34188,34189,0,1,2
9797,5,2,34193,34193,34195,0,2,4
9798,6,2,34199,34199,34201,0,2,4
9799,3,1,34202,34202,34203,0,1,1
9800,2,2,34204,34204,34206,0,2,1
9801,3,2,34207,34207,34209,0,2,1
9802,4,3,34211,34211,34214,0,3,2
9803,2,2,34213,34214,34216,1,3,0
9804,3,1,34216,34216,34217,0,1,0
9805,1,1,34217,34217,34218,0,1,0
9806,6,3,34223,34223,34226,0,3,5
9807,6,2,34229,34229,34231,0,2,3
9808,5,2,34234,34234,34236,0,2,3
9809,4,3,34238,34238,34241,0,3,2
9810,5,2,34243,34243,34245,0,2,2
9811,3,3,34246,34246,34249,0,3,1
9812,1,3,34247,34249,34252,2,5,0
9813,3,3,34250,34252,34255,2,5,0
9814,2,1,34252,34255,34256,3,4,0
9815,2,1,34254,34256,34257,2,3,0
9816,5,3,34259,34259,34262,0,3,2
9817,5,1,34264,34264,34265,0,1,2
9818,4,3,34268,34268,34271,0,3,3
9819,1,1,34269,34271,34272,2,3,0
9820,2,3,34271,34272,34275,1,4,0
9821,6,1,34277,34277,34278,0,1,2
9822,2,3,34279,34279,34282,0,3,1
9823,3,3,34282,34282,34285,0,3,0
9824,4,2,34286,34286,34288,0,2,1
9825,2,2,34288,34288,34290,0,2,0
9826,2,1,34290,34290,34291,0,1,0
9827,4,2,34294,34294,34296,0,2,3
9828,3,1,34297,34297,34298,0,1,1
9829,1,1,34298,34298,34299,0,1,0
9830,6,1,34304,34304,34305,0,1,5
9831,6,3,34310,34310,34313,0,3,5
9832,6,3,34316,34316,34319,0,3,3
9833,2,1,34318,34319,34320,1,2,0
9834,4,3,34322,34322,34325,0,3,2
9835,4,1,34326,34326,34327,0,1,1
9836,3,2,34329,34329,34331,0,2,2
9837,6,3,34335,34335,34338,0,3,4
9838,3,2,34338,34338,34340,0,2,0
9839,6,2,34344,34344,34346,0,2,4
9840,6,3,34350,34350,34353,0,3,4
9841,2,3,34352,34353,34356,1,4,0
9842,5,2,34357,34357,34359,0,2,1
9843,2,2,34359,34359,34361,0,2,0
9844,2,1,34361,34361,34362,0,1,0
9845,2,2,34363,34363,34365,0,2,1
9846,1,1,34364,34365,34366,1,2,0
9847,4,2,34368,34368,34370,0,2,2
9848,3,1,34371,34371,34372,0,1,1
9849,2,2,34373,34373,34375,0,2,1
9850,1,1,34374,34375,34376,1,2,0
9851,3,3,34377,34377,34380,0,3,1
9852,3,3,34380,34380,34383,0,3,0
9853,2,1,34382,34383,34384,1,2,0
9854,2,2,34384,34384,34386,0,2,0
9855,2,3,34386,34386,34389,0,3,0
9856,4,2,34390,34390,34392,0,2,1
9857,4,2,34394,34394,34396,0,2,2
9858,1,3,34395,34396,34399,1,4,0
9859,6,2,34401,34401,34403,0,2,2
9860,6,3,34407,34407,34410,0,3,4
9861,4,3,34411,34411,34414,0,3,1
9862,3,1,34414,34414,34415,0,1,0
9863,5,2,34419,34419,34421,0,2,4
9864,6,2,34425,34425,34427,0,2,4
9865,4,1,34429,34429,34430,0,1,2
9866,2,1,34431,34431,34432,0,1,1
9867,1,1,34432,34432,34433,0,1,0
9868,6,2,34438,34438,34440,0,2,5
9869,2,3,34440,34440,34443,0,3,0
9870,6,2,34446,34446,34448,0,2,3
9871,2,1,34448,34448,34449,0,1,0
9872,1,1,34449,34449,34450,0,1,0
9873,5,3,34454,34454,34457,0,3,4
9874,6,3,34460,34460,34463,0,3,3
9875,5,2,34465,34465,34467,0,2,2
9876,3,1,34468,34468,34469,0,1,1
9877,3,1,34471,34471,34472,0,1,2
9878,2,2,34473,34473,34475,0,2,1
9879,6,3,34479,34479,34482,0,3,4
9880,1,2,34480,34482,34484,2,4,0
9881,3,1,34483,34484,34485,1,2,0
9882,5,2,34488,34488,34490,0,2,3
9883,5,3,34493,34493,34496,0,3,3
9884,1,1,34494,34496,34497,2,3,0
9885,4,1,34498,34498,34499,0,1,1
9886,4,2,34502,34502,34504,0,2,3
9887,6,2,34508,34508,34510,0,2,4
9888,4,2,34512,34512,34514,0,2,2
9889,4,1,34516,34516,34517,0,1,2
9890,4,2,34520,34520,34522,0,2,3
9891,5,1,34525,34525,34526,0,1,3
9892,6,3,34531,34531,34534,0,3,5
9893,2,3,34533,34534,34537,1,4,0
9894,2,3,34535,34537,34540,2,5,0
9895,6,1,34541,34541,34542,0,1,1
9896,6,1,34547,34547,34548,0,1,5
9897,6,2,34553,34553,34555,0,2,5
9898,5,3,34558,34558,34561,0,3,3
9899,3,3,34561,34561,34564,0,3,0
9900,2,2,34563,34564,34566,1,3,0
9901,5,3,34568,34568,34571,0,3,2
9902,5,2,34573,34573,34575,0,2,2
9903,2,3,34575,34575,34578,0,3,0
9904,2,1,34577,34578,34579,1,2,0
9905,4,1,34581,34581,34582,0,1,2
9906,6,3,34587,34587,34590,0,3,5
9907,4,2,34591,34591,34593,0,2,1
9908,1,1,34592,34593,34594,1,2,0
9909,6,2,34598,34598,34600,0,2,4
9910,5,2,34603,34603,34605,0,2,3
9911,6,2,34609,34609,34611,0,2,4
9912,4,3,34613,34613,34616,0,3,2
9913,6,2,34619,34619,34621,0,2,3
9914,3,3,34622,34622,34625,0,3,1
9915,6,2,34628,34628,34630,0,2,3
9916,1,3,34629,34630,34633,1,4,0
9917,6,3,34635,34635,34638,0,3,2
9918,5,2,34640,34640,34642,0,2,2
9919,6,3,34646,34646,34649,0,3,4
9920,5,3,34651,34651,34654,0,3,2
9921,2,3,34653,34654,34657,1,4,0
9922,2,1,34655,34657,34658,2,3,0
9923,6,2,34661,34661,34663,0,2,3
9924,4,3,34665,34665,34668,0,3,2
9925,1,2,34666,34668,34670,2,4,0
9926,1,2,34667,34670,34672,3,5,0
9927,1,3,34668,34672,34675,4,7,0
9928,1,2,34669,34675,34677,6,8,0
9929,6,2,34675,34677,34679,2,4,0
9930,5,3,34680,34680,34683,0,3,1
9931,5,3,34685,34685,34688,0,3,2
9932,6,1,34691,34691,34692,0,1,3
9933,1,1,34692,34692,34693,0,1,0
9934,5,1,34697,34697,34698,0,1,4
9935,3,3,34700,34700,34703,0,3,2
9936,5,3,34705,34705,34708,0,3,2
9937,4,1,34709,34709,34710,0,1,1
9938,3,2,34712,34712,34714,0,2,2
9939,4,3,34716,34716,34719,0,3,2
9940,3,3,34719,34719,34722,0,3,0
9941,5,1,34724,34724,34725,0,1,2
9942,1,3,34725,34725,34728,0,3,0
9943,4,2,34729,34729,34731,0,2,1
9944,4,1,34733,34733,34734,0,1,2
9945,4,1,34737,34737,34738,0,1,3
9946,4,1,34741,34741,34742,0,1,3
9947,4,1,34745,34745,34746,0,1,3
9948,1,1,34746,34746,34747,0,1,0
9949,5,3,34751,34751,34754,0,3,4
9950,6,2,34757,34757,34759,0,2,3
9951,1,2,34758,34759,34761,1,3,0
9952,6,1,34764,34764,34765,0,1,3
9953,1,2,34765,34765,34767,0,2,0
9954,5,3,34770,34770,34773,0,3,3
9955,1,3,34771,34773,34776,2,5,0
9956,6,1,34777,34777,34778,0,1,1
9957,4,2,34781,34781,34783,0,2,3
9958,4,2,34785,34785,34787,0,2,2
9959,2,3,34787,34787,34790,0,3,0
9960,3,2,34790,34790,34792,0,2,0
9961,1,3,34791,34792,34795,1,4,0
9962,1,2,34792,34795,34797,3,5,0
9963,4,3,34796,34797,34800,1,4,0
9964,5,1,34801,34801,34802,0,1,1
9965,2,1,34803,34803,34804,0,1,1
9966,3,1,34806,34806,34807,0,1,2
9967,2,2,34808,34808,34810,0,2,1
9968,6,2,34814,34814,34816,0,2,4
9969,2,2,34816,34816,34818,0,2,0
9970,2,2,34818,34818,34820,0,2,0
9971,4,1,34822,34822,34823,0,1,2
9972,6,2,34828,34828,34830,0,2,5
9973,4,3,34832,34832,34835,0,3,2
9974,4,2,34836,34836,34838,0,2,1
9975,1,2,34837,34838,34840,1,3,0
9976,1,3,34838,34840,34843,2,5,0
9977,1,2,34839,34843,34845,4,6,0
9978,6,3,34845,34845,34848,0,3,0
9979,3,1,34848,34848,34849,0,1,0
9980,5,1,34853,34853,34854,0,1,4
9981,1,2,34854,34854,34856,0,2,0
9982,1,1,34855,34856,34857,1,2,0
9983,5,3,34860,34860,34863,0,3,3
9984,2,3,34862,34863,34866,1,4,0
9985,4,2,34866,34866,34868,0,2,0
9986,1,3,34867,34868,34871,1,4,0
9987,1,3,34868,34871,34874,3,6,0
9988,5,1,34873,34874,34875,1,2,0
9989,6,2,34879,34879,34881,0,2,4
9990,3,3,34882,34882,34885,0,3,1
9991,4,1,34886,34886,34887,0,1,1
9992,6,1,34892,34892,34893,0,1,5
9993,5,3,34897,34897,34900,0,3,4
9994,2,3,34899,34900,34903,1,4,0
9995,5,3,34904,34904,34907,0,3,1
9996,5,2,34909,34909,34911,0,2,2
9997,6,3,34915,34915,34918,0,3,4
9998,1,3,34916,34918,34921,2,5,0
9999,1,1,34917,34921,34922,4,5,0
10000,1,1,34918,34922,34923,4,5,0
10001,6,3,34924,34924,34927,0,3,1
10002,1,2,34925,34927,34929,2,4,0
10003,5,3,34930,34930,34933,0,3,1
10004,6,1,34936,34936,34937,0,1,3
10005,5,1,34941,34941,34942,0,1,4
10006,1,3,34942,34942,34945,0,3,0
10007,3,1,34945,34945,34946,0,1,0
10008,4,2,34949,34949,34951,0,2,3
10009,3,2,34952,34952,34954,0,2,1
10010,4,1,34956,34956,34957,0,1,2
10011,1,1,34957,34957,34958,0,1,0
10012,6,2,34963,34963,34965,0,2,5
10013,3,1,34966,34966,34967,0,1,1
10014,2,3,34968,34968,34971,0,3,1
10015,5,1,34973,34973,34974,0,1,2
10016,6,3,34979,34979,34982,0,3,5
10017,1,2,34980,34982,34984,2,4,0
10018,6,3,34986,34986,34989,0,3,2
10019,6,2,34992,34992,34994,0,2,3
10020,5,1,34997,34997,34998,0,1,3
10021,3,3,35000,35000,35003,0,3,2
10022,6,1,35006,35006,35007,0,1,3
10023,4,2,35010,35010,35012,0,2,3
10024,3,2,35013,35013,35015,0,2,1
10025,4,1,35017,35017,35018,0,1,2
10026,6,1,35023,35023,35024,0,1,5
10027,2,3,35025,35025,35028,0,3,1
10028,2,2,35027,35028,35030,1,3,0
10029,6,1,35033,35033,35034,0,1,3
10030,4,2,35037,35037,35039,0,2,3
10031,3,2,35040,35040,35042,0,2,1
10032,5,1,35045,35045,35046,0,1,3
10033,5,2,35050,35050,35052,0,2,4
10034,2,2,35052,35052,35054,0,2,0
10035,1,3,35053,35054,35057,1,4,0
10036,3,2,35056,35057,35059,1,3,0
10037,3,2,35059,35059,35061,0,2,0
10038,6,3,35065,35065,35068,0,3,4
10039,6,1,35071,35071,35072,0,1,3
10040,3,3,35074,35074,35077,0,3,2
10041,3,3,35077,35077,35080,0,3,0
10042,1,3,35078,35080,35083,2,5,0
10043,4,3,35082,35083,35086,1,4,0
10044,6,2,35088,35088,35090,0,2,2
10045,4,3,35092,35092,35095,0,3,2
10046,5,2,35097,35097,35099,0,2,2
10047,2,1,35099,35099,35100,0,1,0
10048,5,3,35104,35104,35107,0,3,4
10049,1,2,35105,35107,35109,2,4,0
10050,6,3,35111,35111,35114,0,3,2
10051,1,1,35112,35114,35115,2,3,0
10052,2,2,35114,35115,35117,1,3,0
10053,2,3,35116,35117,35120,1,4,0
10054,5,1,35121,35121,35122,0,1,1
10055,1,1,35122,35122,35123,0,1,0
10056,1,2,35123,35123,35125,0,2,0
10057,4,2,35127,35127,35129,0,2,2
10058,4,3,35131,35131,35134,0,3,2
10059,3,2,35134,35134,35136,0,2,0
10060,4,3,35138,35138,35141,0,3,2
10061,5,2,35143,35143,35145,0,2,2
10062,6,1,35149,35149,35150,0,1,4
10063,6,2,35155,35155,35157,0,2,5
10064,1,3,35156,35157,35160,1,4,0
10065,2,3,35158,35160,35163,2,5,0
10066,3,1,35161,35163,35164,2,3,0
10067,6,2,35167,35167,35169,0,2,3
10068,1,1,35168,35169,35170,1,2,0
10069,5,1,35173,35173,35174,0,1,3
10070,5,2,35178,35178,35180,0,2,4
10071,5,3,35183,35183,35186,0,3,3
10072,2,1,35185,35186,35187,1,2,0
10073,1,2,35186,35187,35189,1,3,0
10074,2,1,35188,35189,35190,1,2,0
10075,3,2,35191,35191,35193,0,2,1
10076,1,3,35192,35193,35196,1,4,0
10077,3,2,35195,35196,35198,1,3,0
10078,5,2,35200,35200,35202,0,2,2
10079,4,3,35204,35204,35207,0,3,2
10080,4,3,35208,35208,35211,0,3,1
10081,4,1,35212,35212,35213,0,1,1
10082,4,2,35216,35216,35218,0,2,3
10083,4,2,35220,35220,35222,0,2,2
10084,1,3,35221,35222,35225,1,4,0
10085,5,3,35226,35226,35229,0,3,1
10086,3,2,35229,35229,35231,0,2,0
10087,3,3,35232,35232,35235,0,3,1
10088,4,3,35236,35236,35239,0,3,1
10089,2,1,35238,35239,35240,1,2,0
10090,5,3,35243,35243,35246,0,3,3
10091,5,2,35248,35248,35250,0,2,2
10092,4,2,35252,35252,35254,0,2,2
10093,6,1,35258,35258,35259,0,1,4
10094,1,3,35259,35259,35262,0,3,0
10095,5,2,35264,35264,35266,0,2,2
10096,5,1,35269,35269,35270,0,1,3
10097,6,1,35275,35275,35276,0,1,5
10098,1,3,35276,35276,35279,0,3,0
10099,5,1,35281,35281,35282,0,1,2
10100,4,2,35285,35285,35287,0,2,3
10101,1,2,35286,35287,35289,1,3,0
10102,6,2,35292,35292,35294,0,2,3
10103,4,2,35296,35296,35298,0,2,2
10104,5,2,35301,35301,35303,0,2,3
10105,2,3,35303,35303,35306,0,3,0
10106,2,2,35305,35306,35308,1,3,0
10107,5,3,35310,35310,35313,0,3,2
10108,1,1,35311,35313,35314,2,3,0
10109,3,1,35314,35314,35315,0,1,0
10110,2,3,35316,35316,35319,0,3,1
10111,2,1,35318,35319,35320,1,2,0
10112,1,2,35319,35320,35322,1,3,0
10113,5,2,35324,35324,35326,0,2,2
10114,6,2,35330,35330,35332,0,2,4
10115,3,1,35333,35333,35334,0,1,1
10116,5,3,35338,35338,35341,0,3,4
10117,1,3,35339,35341,35344,2,5,0
10118,2,1,35341,35344,35345,3,4,0
10119,6,1,35347,35347,35348,0,1,2
10120,5,1,35352,35352,35353,0,1,4
10121,2,1,35354,35354,35355,0,1,1
10122,1,3,35355,35355,35358,0,3,0
10123,3,1,35358,35358,35359,0,1,0
10124,5,2,35363,35363,35365,0,2,4
10125,1,2,35364,35365,35367,1,3,0
10126,6,1,35370,35370,35371,0,1,3
10127,6,3,35376,35376,35379,0,3,5
10128,5,1,35381,35381,35382,0,1,2
10129,2,2,35383,35383,35385,0,2,1
10130,1,1,35384,35385,35386,1,2,0
10131,4,2,35388,35388,35390,0,2,2
10132,5,3,35393,35393,35396,0,3,3
10133,4,3,35397,35397,35400,0,3,1
10134,3,1,35400,35400,35401,0,1,0
10135,6,3,35406,35406,35409,0,3,5
10136,5,2,35411,35411,35413,0,2,2
10137,4,3,35415,35415,35418,0,3,2
10138,5,1,35420,35420,35421,0,1,2
10139,3,2,35423,35423,35425,0,2,2
10140,1,3,35424,35425,35428,1,4,0
10141,5,3,35429,35429,35432,0,3,1
10142,4,1,35433,35433,35434,0,1,1
10143,2,2,35435,35435,35437,0,2,1
10144,3,3,35438,35438,35441,0,3,1
10145,2,3,35440,35441,35444,1,4,0
10146,5,2,35445,35445,35447,0,2,1
10147,3,1,35448,35448,35449,0,1,1
10148,5,3,35453,35453,35456,0,3,4
10149,2,2,35455,35456,35458,1,3,0
10150,5,3,35460,35460,35463,0,3,2
10151,2,2,35462,35463,35465,1,3,0
10152,2,1,35464,35465,35466,1,2,0
10153,4,2,35468,35468,35470,0,2,2
10154,5,1,35473,35473,35474,0,1,3
10155,3,3,35476,35476,35479,0,3,2
10156,3,3,35479,35479,35482,0,3,0
10157,2,3,35481,35482,35485,1,4,0
10158,2,2,35483,35485,35487,2,4,0
10159,2,3,35485,35487,35490,2,5,0
10160,5,3,35490,35490,35493,0,3,0
10161,1,1,35491,35493,35494,2,3,0
10162,5,3,35496,35496,35499,0,3,2
10163,1,1,35497,35499,35500,2,3,0
10164,6,3,35503,35503,35506,0,3,3
10165,3,3,35506,35506,35509,0,3,0
10166,5,2,35511,35511,35513,0,2,2
10167,6,2,35517,35517,35519,0,2,4
10168,5,1,35522,35522,35523,0,1,3
10169,2,2,35524,35524,35526,0,2,1
10170,1,3,35525,35526,35529,1,4,0
10171,3,1,35528,35529,35530,1,2,0
10172,3,2,35531,35531,35533,0,2,1
10173,2,2,35533,35533,35535,0,2,0
10174,4,3,35537,35537,35540,0,3,2
10175,5,3,35542,35542,35545,0,3,2
10176,3,1,35545,35545,35546,0,1,0
10177,6,3,35551,35551,35554,0,3,5
10178,6,1,35557,35557,35558,0,1,3
10179,5,3,35562,35562,35565,0,3,4
10180,1,2,35563,35565,35567,2,4,0
10181,2,3,35565,35567,35570,2,5,0
10182,4,2,35569,35570,35572,1,3,0
10183,1,2,35570,35572,35574,2,4,0
10184,5,2,35575,35575,35577,0,2,1
10185,6,3,35581,35581,35584,0,3,4
10186,6,1,35587,35587,35588,0,1,3
10187,4,1,35591,35591,35592,0,1,3
10188,3,1,35594,35594,35595,0,1,2
10189,4,3,35598,35598,35601,0,3,3
10190,4,2,35602,35602,35604,0,2,1
10191,3,3,35605,35605,35608,0,3,1
10192,2,3,35607,35608,35611,1,4,0
10193,2,3,35609,35611,35614,2,5,0
10194,5,1,35614,35614,35615,0,1,0
10195,3,1,35617,35617,35618,0,1,2
10196,2,3,35619,35619,35622,0,3,1
10197,5,1,35624,35624,35625,0,1,2
10198,4,2,35628,35628,35630,0,2,3
10199,6,3,35634,35634,35637,0,3,4
10200,4,2,35638,35638,35640,0,2,1
10201,3,2,35641,35641,35643,0,2,1
10202,3,3,35644,35644,35647,0,3,1
10203,2,2,35646,35647,35649,1,3,0
10204,5,3,35651,35651,35654,0,3,2
10205,3,1,35654,35654,35655,0,1,0
10206,3,2,35657,35657,35659,0,2,2
10207,3,1,35660,35660,35661,0,1,1
10208,6,1,35666,35666,35667,0,1,5
10209,1,2,35667,35667,35669,0,2,0
10210,3,1,35670,35670,35671,0,1,1
10211,6,2,35676,35676,35678,0,2,5
10212,1,3,35677,35678,35681,1,4,0
10213,6,1,35683,35683,35684,0,1,2
10214,4,2,35687,35687,35689,0,2,3
10215,3,1,35690,35690,35691,0,1,1
10216,5,3,35695,35695,35698,0,3,4
10217,2,2,35697,35698,35700,1,3,0
10218,6,2,35703,35703,35705,0,2,3
10219,2,3,35705,35705,35708,0,3,0
10220,1,1,35706,35708,35709,2,3,0
10221,6,1,35712,35712,35713,0,1,3
10222,2,3,35714,35714,35717,0,3,1
10223,1,3,35715,35717,35720,2,5,0
10224,1,1,35716,35720,35721,4,5,0
10225,5,2,35721,35721,35723,0,2,0
10226,1,2,35722,35723,35725,1,3,0
10227,1,2,35723,35725,35727,2,4,0
10228,2,1,35725,35727,35728,2,3,0
10229,1,2,35726,35728,35730,2,4,0
10230,2,1,35728,35730,35731,2,3,0
10231,5,3,35733,35733,35736,0,3,2
10232,5,1,35738,35738,35739,0,1,2
10233,6,3,35744,35744,35747,0,3,5
10234,6,2,35750,35750,35752,0,2,3
10235,4,1,35754,35754,35755,0,1,2
10236,4,3,35758,35758,35761,0,3,3
10237,5,2,35763,35763,35765,0,2,2
10238,5,2,35768,35768,35770,0,2,3
10239,6,3,35774,35774,35777,0,3,4
10240,1,1,35775,35777,35778,2,3,0
10241,2,2,35777,35778,35780,1,3,0
10242,5,2,35782,35782,35784,0,2,2
10243,6,1,35788,35788,35789,0,1,4
10244,4,1,35792,35792,35793,0,1,3
10245,4,1,35796,35796,35797,0,1,3
10246,5,2,35801,35801,35803,0,2,4
10247,1,1,35802,35803,35804,1,2,0
10248,6,2,35808,35808,35810,0,2,4
10249,6,3,35814,35814,35817,0,3,4
10250,3,1,35817,35817,35818,0,1,0
10251,5,1,35822,35822,35823,0,1,4
10252,5,3,35827,35827,35830,0,3,4
10253,2,2,35829,35830,35832,1,3,0
10254,4,1,35833,35833,35834,0,1,1
10255,4,2,35837,35837,35839,0,2,3
10256,1,1,35838,35839,35840,1,2,0
10257,2,3,35840,35840,35843,0,3,0
10258,1,3,35841,35843,35846,2,5,0
10259,3,1,35844,35846,35847,2,3,0
10260,5,3,35849,35849,35852,0,3,2
10261,2,2,35851,35852,35854,1,3,0
10262,2,2,35853,35854,35856,1,3,0
10263,2,3,35855,35856,35859,1,4,0
10264,5,2,35860,35860,35862,0,2,1
10265,4,2,35864,35864,35866,0,2,2
10266,5,3,35869,35869,35872,0,3,3
10267,6,1,35875,35875,35876,0,1,3
10268,5,2,35880,35880,35882,0,2,4
10269,1,1,35881,35882,35883,1,2,0
10270,4,2,35885,35885,35887,0,2,2
10271,6,1,35891,35891,35892,0,1,4
10272,6,3,35897,35897,35900,0,3,5
10273,6,2,35903,35903,35905,0,2,3
10274,4,3,35907,35907,35910,0,3,2
10275,2,3,35909,35910,35913,1,4,0
10276,4,1,35913,35913,35914,0,1,0
10277,1,2,35914,35914,35916,0,2,0
10278,3,3,35917,35917,35920,0,3,1
10279,2,3,35919,35920,35923,1,4,0
10280,1,1,35920,35923,35924,3,4,0
10281,6,2,35926,35926,35928,0,2,2
10282,2,3,35928,35928,35931,0,3,0
10283,5,2,35933,35933,35935,0,2,2
10284,3,1,35936,35936,35937,0,1,1
10285,4,1,35940,35940,35941,0,1,3
10286,5,1,35945,35945,35946,0,1,4
10287,4,3,35949,35949,35952,0,3,3
10288,1,3,35950,35952,35955,2,5,0
10289,1,1,35951,35955,35956,4,5,0
10290,1,3,35952,35956,35959,4,7,0
10291,4,3,35956,35959,35962,3,6,0
10292,5,2,35961,35962,35964,1,3,0
10293,4,1,35965,35965,35966,0,1,1
10294,2,3,35967,35967,35970,0,3,1
10295,6,2,35973,35973,35975,0,2,3
10296,6,3,35979,35979,35982,0,3,4
10297,4,3,35983,35983,35986,0,3,1
10298,6,3,35989,35989,35992,0,3,3
10299,5,1,35994,35994,35995,0,1,2
10300,6,2,36000,36000,36002,0,2,5
10301,2,2,36002,36002,36004,0,2,0
10302,4,1,36006,36006,36007,0,1,2
10303,4,1,36010,36010,36011,0,1,3
10304,1,2,36011,36011,36013,0,2,0
10305,4,2,36015,36015,36017,0,2,2
10306,6,2,36021,36021,36023,0,2,4
10307,1,2,36022,36023,36025,1,3,0
10308,6,1,36028,36028,36029,0,1,3
10309,1,2,36029,36029,36031,0,2,0
10310,6,1,36035,36035,36036,0,1,4
10311,1,1,36036,36036,36037,0,1,0
10312,4,3,36040,36040,36043,0,3,3
10313,4,2,36044,36044,36046,0,2,1
10314,3,3,36047,36047,36050,0,3,1
10315,5,3,36052,36052,36055,0,3,2
10316,5,2,36057,36057,36059,0,2,2
10317,4,2,36061,36061,36063,0,2,2
10318,5,2,36066,36066,36068,0,2,3
10319,5,2,36071,36071,36073,0,2,3
10320,5,3,36076,36076,36079,0,3,3
10321,3,2,36079,36079,36081,0,2,0
10322,3,2,36082,36082,36084,0,2,1
10323,2,3,36084,36084,36087,0,3,0
10324,6,2,36090,36090,36092,0,2,3
10325,3,1,36093,36093,36094,0,1,1
10326,3,2,36096,36096,36098,0,2,2
10327,5,3,36101,36101,36104,0,3,3
10328,2,3,36103,36104,36107,1,4,0
10329,1,3,36104,36107,36110,3,6,0
10330,2,3,36106,36110,36113,4,7,0
10331,6,3,36112,36113,36116,1,4,0
10332,1,3,36113,36116,36119,3,6,0
10333,2,2,36115,36119,36121,4,6,0
10334,4,1,36119,36121,36122,2,3,0
10335,6,1,36125,36125,36126,0,1,3
10336,3,3,36128,36128,36131,0,3,2
10337,5,2,36133,36133,36135,0,2,2
10338,1,3,36134,36135,36138,1,4,0
10339,2,2,36136,36138,36140,2,4,0
10340,3,2,36139,36140,36142,1,3,0
10341,3,3,36142,36142,36145,0,3,0
10342,3,3,36145,36145,36148,0,3,0
10343,4,1,36149,36149,36150,0,1,1
10344,5,3,36154,36154,36157,0,3,4
10345,5,1,36159,36159,36160,0,1,2
10346,6,3,36165,36165,36168,0,3,5
10347,3,2,36168,36168,36170,0,2,0
10348,5,3,36173,36173,36176,0,3,3
10349,5,2,36178,36178,36180,0,2,2
10350,6,2,36184,36184,36186,0,2,4
10351,5,1,36189,36189,36190,0,1,3
10352,1,2,36190,36190,36192,0,2,0
10353,2,1,36192,36192,36193,0,1,0
10354,1,2,36193,36193,36195,0,2,0
10355,2,3,36195,36195,36198,0,3,0
10356,5,2,36200,36200,36202,0,2,2
10357,3,3,36203,36203,36206,0,3,1
10358,1,3,36204,36206,36209,2,5,0
10359,6,3,36210,36210,36213,0,3,1
10360,3,3,36213,36213,36216,0,3,0
10361,2,2,36215,36216,36218,1,3,0
10362,6,3,36221,36221,36224,0,3,3
10363,1,2,36222,36224,36226,2,4,0
10364,1,3,36223,36226,36229,3,6,0
10365,4,3,36227,36229,36232,2,5,0
10366,6,1,36233,36233,36234,0,1,1
10367,4,3,36237,36237,36240,0,3,3
10368,5,3,36242,36242,36245,0,3,2
10369,6,3,36248,36248,36251,0,3,3
10370,3,3,36251,36251,36254,0,3,0
10371,6,2,36257,36257,36259,0,2,3
10372,6,1,36263,36263,36264,0,1,4
10373,2,1,36265,36265,36266,0,1,1
10374,5,3,36270,36270,36273,0,3,4
10375,5,1,36275,36275,36276,0,1,2
10376,1,2,36276,36276,36278,0,2,0
10377,1,3,36277,36278,36281,1,4,0
10378,6,3,36283,36283,36286,0,3,2
10379,5,1,36288,36288,36289,0,1,2
10380,4,1,36292,36292,36293,0,1,3
10381,4,1,36296,36296,36297,0,1,3
10382,2,3,36298,36298,36301,0,3,1
10383,2,1,36300,36301,36302,1,2,0
10384,3,2,36303,36303,36305,0,2,1
10385,4,1,36307,36307,36308,0,1,2
10386,1,3,36308,36308,36311,0,3,0
10387,4,3,36312,36312,36315,0,3,1
10388,5,3,36317,36317,36320,0,3,2
10389,2,2,36319,36320,36322,1,3,0
10390,5,2,36324,36324,36326,0,2,2
10391,3,1,36327,36327,36328,0,1,1
10392,3,2,36330,36330,36332,0,2,2
10393,5,3,36335,36335,36338,0,3,3
10394,2,1,36337,36338,36339,1,2,0
10395,2,3,36339,36339,36342,0,3,0
10396,1,1,36340,36342,36343,2,3,0
10397,1,3,36341,36343,36346,2,5,0
10398,6,2,36347,36347,36349,0,2,1
10399,4,3,36351,36351,36354,0,3,2
10400,4,2,36355,36355,36357,0,2,1
10401,1,1,36356,36357,36358,1,2,0
10402,3,2,36359,36359,36361,0,2,1
10403,5,3,36364,36364,36367,0,3,3
10404,2,2,36366,36367,36369,1,3,0
10405,1,3,36367,36369,36372,2,5,0
10406,4,2,36371,36372,36374,1,3,0
10407,4,2,36375,36375,36377,0,2,1
10408,3,2,36378,36378,36380,0,2,1
10409,2,1,36380,36380,36381,0,1,0
10410,5,2,36385,36385,36387,0,2,4
10411,6,1,36391,36391,36392,0,1,4
10412,3,3,36394,36394,36397,0,3,2
10413,2,1,36396,36397,36398,1,2,0
10414,2,3,36398,36398,36401,0,3,0
10415,5,3,36403,36403,36406,0,3,2
10416,4,2,36407,36407,36409,0,2,1
10417,5,3,36412,36412,36415,0,3,3
10418,3,2,36415,36415,36417,0,2,0
10419,1,2,36416,36417,36419,1,3,0
10420,2,1,36418,36419,36420,1,2,0
10421,3,3,36421,36421,36424,0,3,1
10422,1,1,36422,36424,36425,2,3,0
10423,3,2,36425,36425,36427,0,2,0
10424,5,1,36430,36430,36431,0,1,3
10425,1,2,36431,36431,36433,0,2,0
10426,6,1,36437,36437,36438,0,1,4
10427,5,1,36442,36442,36443,0,1,4
10428,5,1,36447,36447,36448,0,1,4
10429,3,1,36450,36450,36451,0,1,2
10430,3,1,36453,36453,36454,0,1,2
10431,4,2,36457,36457,36459,0,2,3
10432,5,2,36462,36462,36464,0,2,3
10433,3,1,36465,36465,36466,0,1,1
10434,6,1,36471,36471,36472,0,1,5
10435,1,1,36472,36472,36473,0,1,0
10436,2,3,36474,36474,36477,0,3,1
10437,1,3,36475,36477,36480,2,5,0
10438,2,1,36477,36480,36481,3,4,0
10439,4,3,36481,36481,36484,0,3,0
10440,4,3,36485,36485,36488,0,3,1
10441,3,3,36488,36488,36491,0,3,0
10442,2,3,36490,36491,36494,1,4,0
10443,2,1,36492,36494,36495,2,3,0
10444,3,2,36495,36495,36497,0,2,0
10445,3,1,36498,36498,36499,0,1,1
10446,5,3,36503,36503,36506,0,3,4
10447,4,2,36507,36507,36509,0,2,1
10448,2,3,36509,36509,36512,0,3,0
10449,3,2,36512,36512,36514,0,2,0
10450,2,1,36514,36514,36515,0,1,0
10451,4,1,36518,36518,36519,0,1,3
10452,2,3,36520,36520,36523,0,3,1
10453,4,2,36524,36524,36526,0,2,1
10454,1,3,36525,36526,36529,1,4,0
10455,5,1,36530,36530,36531,0,1,1
10456,3,3,36533,36533,36536,0,3,2
10457,4,1,36537,36537,36538,0,1,1
10458,1,1,36538,36538,36539,0,1,0
10459,3,2,36541,36541,36543,0,2,2
10460,3,3,36544,36544,36547,0,3,1
10461,2,3,36546,36547,36550,1,4,0
10462,3,1,36549,36550,36551,1,2,0
10463,2,3,36551,36551,36554,0,3,0
10464,2,1,36553,36554,36555,1,2,0
10465,5,2,36558,36558,36560,0,2,3
10466,6,2,36564,36564,36566,0,2,4
10467,5,2,36569,36569,36571,0,2,3
10468,3,1,36572,36572,36573,0,1,1
10469,1,2,36573,36573,36575,0,2,0
10470,2,3,36575,36575,36578,0,3,0
10471,4,3,36579,36579,36582,0,3,1
10472,1,3,36580,36582,36585,2,5,0
10473,5,3,36585,36585,36588,0,3,0
10474,1,1,36586,36588,36589,2,3,0
10475,3,3,36589,36589,36592,0,3,0
10476,2,1,36591,36592,36593,1,2,0
10477,3,1,36594,36594,36595,0,1,1
10478,3,2,36597,36597,36599,0,2,2
10479,5,1,36602,36602,36603,0,1,3
10480,1,1,36603,36603,36604,0,1,0
10481,5,2,36608,36608,36610,0,2,4
10482,4,1,36612,36612,36613,0,1,2
10483,5,1,36617,36617,36618,0,1,4
10484,2,2,36619,36619,36621,0,2,1
10485,6,1,36625,36625,36626,0,1,4
10486,1,2,36626,36626,36628,0,2,0
10487,1,1,36627,36628,36629,1,2,0
10488,2,2,36629,36629,36631,0,2,0
10489,2,1,36631,36631,36632,0,1,0
10490,6,3,36637,36637,36640,0,3,5
10491,3,1,36640,36640,36641,0,1,0
10492,2,3,36642,36642,36645,0,3,1
10493,3,3,36645,36645,36648,0,3,0
10494,5,1,36650,36650,36651,0,1,2
10495,1,3,36651,36651,36654,0,3,0
10496,4,3,36655,36655,36658,0,3,1
10497,5,3,36660,36660,36663,0,3,2
10498,3,3,36663,36663,36666,0,3,0
10499,1,3,36664,36666,36669,2,5,0
10500,3,3,36667,36669,36672,2,5,0
10501,5,1,36672,36672,36673,0,1,0
10502,1,3,36673,36673,36676,0,3,0
10503,3,2,36676,36676,36678,0,2,0
10504,2,2,36678,36678,36680,0,2,0
10505,4,1,36682,36682,36683,0,1,2
10506,2,2,36684,36684,36686,0,2,1
10507,5,2,36689,36689,36691,0,2,3
10508,3,2,36692,36692,36694,0,2,1
10509,5,1,36697,36697,36698,0,1,3
10510,5,1,36702,36702,36703,0,1,4
10511,4,3,36706,36706,36709,0,3,3
10512,1,2,36707,36709,36711,2,4,0
10513,3,3,36710,36711,36714,1,4,0
10514,6,2,36716,36716,36718,0,2,2
10515,5,1,36721,36721,36722,0,1,3
10516,5,2,36726,36726,36728,0,2,4
10517,4,3,36730,36730,36733,0,3,2
10518,2,3,36732,36733,36736,1,4,0
10519,1,2,36733,36736,36738,3,5,0
10520,4,3,36737,36738,36741,1,4,0
10521,1,1,36738,36741,36742,3,4,0
10522,1,2,36739,36742,36744,3,5,0
10523,3,1,36742,36744,36745,2,3,0
10524,3,2,36745,36745,36747,0,2,0
10525,2,3,36747,36747,36750,0,3,0
10526,3,2,36750,36750,36752,0,2,0
10527,6,2,36756,36756,36758,0,2,4
10528,6,1,36762,36762,36763,0,1,4
10529,5,2,36767,36767,36769,0,2,4
10530,4,3,36771,36771,36774,0,3,2
10531,6,2,36777,36777,36779,0,2,3
10532,2,3,36779,36779,36782,0,3,0
10533,5,2,36784,36784,36786,0,2,2
10534,4,3,36788,36788,36791,0,3,2
10535,2,2,36790,36791,36793,1,3,0
10536,4,3,36794,36794,36797,0,3,1
10537,6,1,36800,36800,36801,0,1,3
10538,6,3,36806,36806,36809,0,3,5
10539,4,3,36810,36810,36813,0,3,1
10540,3,3,36813,36813,36816,0,3,0
10541,1,1,36814,36816,36817,2,3,0
10542,4,2,36818,36818,36820,0,2,1
10543,1,3,36819,36820,36823,1,4,0
10544,5,3,36824,36824,36827,0,3,1
10545,4,2,36828,36828,36830,0,2,1
10546,2,2,36830,36830,36832,0,2,0
10547,2,2,36832,36832,36834,0,2,0
10548,6,2,36838,36838,36840,0,2,4
10549,3,2,36841,36841,36843,0,2,1
10550,2,2,36843,36843,36845,0,2,0
10551,5,1,36848,36848,36849,0,1,3
10552,3,1,36851,36851,36852,0,1,2
10553,3,2,36854,36854,36856,0,2,2
10554,2,3,36856,36856,36859,0,3,0
10555,1,1,36857,36859,36860,2,3,0
10556,5,1,36862,36862,36863,0,1,2
10557,3,1,36865,36865,36866,0,1,2
10558,5,2,36870,36870,36872,0,2,4
10559,1,2,36871,36872,36874,1,3,0
10560,6,3,36877,36877,36880,0,3,3
10561,2,3,36879,36880,36883,1,4,0
10562,4,3,36883,36883,36886,0,3,0
10563,1,1,36884,36886,36887,2,3,0
10564,6,1,36890,36890,36891,0,1,3
10565,3,1,36893,36893,36894,0,1,2
10566,5,1,36898,36898,36899,0,1,4
10567,3,3,36901,36901,36904,0,3,2
10568,4,1,36905,36905,36906,0,1,1
10569,6,2,36911,36911,36913,0,2,5
10570,3,2,36914,36914,36916,0,2,1
10571,5,1,36919,36919,36920,0,1,3
10572,4,3,36923,36923,36926,0,3,3
10573,2,1,36925,36926,36927,1,2,0
10574,4,1,36929,36929,36930,0,1,2
10575,5,3,36934,36934,36937,0,3,4
10576,2,3,36936,36937,36940,1,4,0
10577,6,1,36942,36942,36943,0,1,2
10578,2,2,36944,36944,36946,0,2,1
10579,5,2,36949,36949,36951,0,2,3
10580,5,1,36954,36954,36955,0,1,3
10581,2,1,36956,36956,36957,0,1,1
10582,2,1,36958,36958,36959,0,1,1
10583,2,2,36960,36960,36962,0,2,1
10584,5,2,36965,36965,36967,0,2,3
10585,2,1,36967,36967,36968,0,1,0
10586,6,1,36973,36973,36974,0,1,5
10587,2,2,36975,36975,36977,0,2,1
10588,5,3,36980,36980,36983,0,3,3
10589,5,1,36985,36985,36986,0,1,2
10590,3,3,36988,36988,36991,0,3,2
10591,5,3,36993,36993,36996,0,3,2
10592,5,3,36998,36998,37001,0,3,2
10593,2,1,37000,37001,37002,1,2,0
10594,4,1,37004,37004,37005,0,1,2
10595,4,1,37008,37008,37009,0,1,3
10596,6,2,37014,37014,37016,0,2,5
10597,4,1,37018,37018,37019,0,1,2
10598,3,1,37021,37021,37022,0,1,2
10599,2,1,37023,37023,37024,0,1,1
10600,2,2,37025,37025,37027,0,2,1
10601,4,3,37029,37029,37032,0,3,2
10602,3,3,37032,37032,37035,0,3,0
10603,3,3,37035,37035,37038,0,3,0
10604,5,3,37040,37040,37043,0,3,2
10605,6,1,37046,37046,37047,0,1,3
10606,1,3,37047,37047,37050,0,3,0
10607,5,1,37052,37052,37053,0,1,2
10608,2,1,37054,37054,37055,0,1,1
10609,1,2,37055,37055,37057,0,2,0
10610,4,2,37059,37059,37061,0,2,2
10611,1,1,37060,37061,37062,1,2,0
10612,5,2,37065,37065,37067,0,2,3
10613,5,1,37070,37070,37071,0,1,3
10614,1,1,37071,37071,37072,0,1,0
10615,3,1,37074,37074,37075,0,1,2
10616,1,3,37075,37075,37078,0,3,0
10617,2,2,37077,37078,37080,1,3,0
10618,2,2,37079,37080,37082,1,3,0
10619,1,3,37080,37082,37085,2,5,0
10620,6,1,37086,37086,37087,0,1,1
10621,1,1,37087,37087,37088,0,1,0
10622,5,3,37092,37092,37095,0,3,4
10623,4,3,37096,37096,37099,0,3,1
10624,3,2,37099,37099,37101,0,2,0
10625,6,1,37105,37105,37106,0,1,4
10626,2,1,37107,37107,37108,0,1,1
10627,4,3,37111,37111,37114,0,3,3
10628,4,2,37115,37115,37117,0,2,1
10629,2,3,37117,37117,37120,0,3,0
10630,4,2,37121,37121,37123,0,2,1
10631,4,1,37125,37125,37126,0,1,2
10632,6,1,37131,37131,37132,0,1,5
10633,5,2,37136,37136,37138,0,2,4
10634,3,2,37139,37139,37141,0,2,1
10635,4,3,37143,37143,37146,0,3,2
10636,2,1,37145,37146,37147,1,2,0
10637,2,2,37147,37147,37149,0,2,0
10638,2,2,37149,37149,37151,0,2,0
10639,2,2,37151,37151,37153,0,2,0
10640,5,2,37156,37156,37158,0,2,3
10641,1,2,37157,37158,37160,1,3,0
10642,2,2,37159,37160,37162,1,3,0
10643,4,2,37163,37163,37165,0,2,1
10644,3,3,37166,37166,37169,0,3,1
10645,5,2,37171,37171,37173,0,2,2
10646,2,3,37173,37173,37176,0,3,0
10647,3,3,37176,37176,37179,0,3,0
10648,1,3,37177,37179,37182,2,5,0
10649,6,3,37183,37183,37186,0,3,1
10650,4,1,37187,37187,37188,0,1,1
10651,6,2,37193,37193,37195,0,2,5
10652,6,1,37199,37199,37200,0,1,4
10653,2,1,37201,37201,37202,0,1,1
10654,5,3,37206,37206,37209,0,3,4
10655,3,2,37209,37209,37211,0,2,0
10656,2,3,37211,37211,37214,0,3,0
10657,1,2,37212,37214,37216,2,4,0
10658,4,1,37216,37216,37217,0,1,0
10659,3,1,37219,37219,37220,0,1,2
10660,6,2,37225,37225,37227,0,2,5
10661,3,2,37228,37228,37230,0,2,1
10662,1,3,37229,37230,37233,1,4,0
10663,4,2,37233,37233,37235,0,2,0
10664,1,3,37234,37235,37238,1,4,0
10665,6,1,37240,37240,37241,0,1,2
10666,5,3,37245,37245,37248,0,3,4
10667,3,3,37248,37248,37251,0,3,0
10668,5,3,37253,37253,37256,0,3,2
10669,3,2,37256,37256,37258,0,2,0
10670,6,3,37262,37262,37265,0,3,4
10671,6,1,37268,37268,37269,0,1,3
10672,6,3,37274,37274,37277,0,3,5
10673,2,3,37276,37277,37280,1,4,0
10674,4,1,37280,37280,37281,0,1,0
10675,6,3,37286,37286,37289,0,3,5
10676,2,3,37288,37289,37292,1,4,0
10677,3,2,37291,37292,37294,1,3,0
10678,3,2,37294,37294,37296,0,2,0
10679,4,1,37298,37298,37299,0,1,2
10680,2,1,37300,37300,37301,0,1,1
10681,4,1,37304,37304,37305,0,1,3
10682,4,1,37308,37308,37309,0,1,3
10683,5,1,37313,37313,37314,0,1,4
10684,4,3,37317,37317,37320,0,3,3
10685,5,3,37322,37322,37325,0,3,2
10686,1,1,37323,37325,37326,2,3,0
10687,4,2,37327,37327,37329,0,2,1
10688,2,2,37329,37329,37331,0,2,0
10689,5,3,37334,37334,37337,0,3,3
10690,4,2,37338,37338,37340,0,2,1
10691,2,3,37340,37340,37343,0,3,0
10692,1,3,37341,37343,37346,2,5,0
10693,1,2,37342,37346,37348,4,6,0
10694,3,1,37345,37348,37349,3,4,0
10695,4,3,37349,37349,37352,0,3,0
10696,2,2,37351,37352,37354,1,3,0
10697,1,1,37352,37354,37355,2,3,0
10698,1,3,37353,37355,37358,2,5,0
10699,1,3,37354,37358,37361,4,7,0
10700,5,2,37359,37361,37363,2,4,0
10701,2,3,37361,37363,37366,2,5,0
10702,3,1,37364,37366,37367,2,3,0
10703,2,3,37366,37367,37370,1,4,0
10704,3,3,37369,37370,37373,1,4,0
10705,5,2,37374,37374,37376,0,2,1
10706,6,3,37380,37380,37383,0,3,4
10707,4,2,37384,37384,37386,0,2,1
10708,6,1,37390,37390,37391,0,1,4
10709,1,2,37391,37391,37393,0,2,0
10710,3,2,37394,37394,37396,0,2,1
10711,2,2,37396,37396,37398,0,2,0
10712,6,3,37402,37402,37405,0,3,4
10713,5,3,37407,37407,37410,0,3,2
10714,5,3,37412,37412,37415,0,3,2
10715,3,3,37415,37415,37418,0,3,0
10716,6,1,37421,37421,37422,0,1,3
10717,6,2,37427,37427,37429,0,2,5
10718,6,1,37433,37433,37434,0,1,4
10719,3,3,37436,37436,37439,0,3,2
10720,2,3,37438,37439,37442,1,4,0
10721,3,1,37441,37442,37443,1,2,0
10722,5,3,37446,37446,37449,0,3,3
10723,6,2,37452,37452,37454,0,2,3
10724,1,3,37453,37454,37457,1,4,0
10725,4,3,37457,37457,37460,0,3,0
10726,5,3,37462,37462,37465,0,3,2
10727,5,1,37467,37467,37468,0,1,2
10728,4,3,37471,37471,37474,0,3,3
10729,2,3,37473,37474,37477,1,4,0
10730,2,1,37475,37477,37478,2,3,0
10731,4,1,37479,37479,37480,0,1,1
10732,2,2,37481,37481,37483,0,2,1
10733,3,2,37484,37484,37486,0,2,1
10734,5,3,37489,37489,37492,0,3,3
10735,2,3,37491,37492,37495,1,4,0
10736,3,2,37494,37495,37497,1,3,0
10737,2,3,37496,37497,37500,1,4,0
10738,6,2,37502,37502,37504,0,2,2
10739,2,3,37504,37504,37507,0,3,0
10740,6,1,37510,37510,37511,0,1,3
10741,5,1,37515,37515,37516,0,1,4
10742,6,1,37521,37521,37522,0,1,5
10743,5,1,37526,37526,37527,0,1,4
10744,2,2,37528,37528,37530,0,2,1
10745,1,2,37529,37530,37532,1,3,0
10746,1,1,37530,37532,37533,2,3,0
10747,3,3,37533,37533,37536,0,3,0
10748,5,3,37538,37538,37541,0,3,2
10749,6,3,37544,37544,37547,0,3,3
10750,4,1,37548,37548,37549,0,1,1
10751,6,1,37554,37554,37555,0,1,5
10752,2,3,37556,37556,37559,0,3,1
10753,6,2,37562,37562,37564,0,2,3
10754,5,1,37567,37567,37568,0,1,3
10755,6,3,37573,37573,37576,0,3,5
10756,4,2,37577,37577,37579,0,2,1
10757,3,2,37580,37580,37582,0,2,1
10758,3,3,37583,37583,37586,0,3,1
10759,6,3,37589,37589,37592,0,3,3
10760,5,1,37594,37594,37595,0,1,2
10761,4,3,37598,37598,37601,0,3,3
10762,4,2,37602,37602,37604,0,2,1
10763,5,3,37607,37607,37610,0,3,3
10764,1,1,37608,37610,37611,2,3,0
10765,3,2,37611,37611,37613,0,2,0
10766,4,3,37615,37615,37618,0,3,2
10767,3,2,37618,37618,37620,0,2,0
10768,5,1,37623,37623,37624,0,1,3
10769,2,3,37625,37625,37628,0,3,1
10770,4,3,37629,37629,37632,0,3,1
10771,5,3,37634,37634,37637,0,3,2
10772,2,1,37636,37637,37638,1,2,0
10773,2,3,37638,37638,37641,0,3,0
10774,5,1,37643,37643,37644,0,1,2
10775,5,3,37648,37648,37651,0,3,4
10776,4,3,37652,37652,37655,0,3,1
10777,6,2,37658,37658,37660,0,2,3
10778,2,3,37660,37660,37663,0,3,0
10779,4,1,37664,37664,37665,0,1,1
10780,3,2,37667,37667,37669,0,2,2
10781,2,2,37669,37669,37671,0,2,0
10782,2,1,37671,37671,37672,0,1,0
10783,3,3,37674,37674,37677,0,3,2
10784,3,3,37677,37677,37680,0,3,0
10785,6,2,37683,37683,37685,0,2,3
10786,6,2,37689,37689,37691,0,2,4
10787,5,1,37694,37694,37695,0,1,3
10788,6,2,37700,37700,37702,0,2,5
10789,3,1,37703,37703,37704,0,1,1
10790,1,2,37704,37704,37706,0,2,0
10791,6,1,37710,37710,37711,0,1,4
10792,4,2,37714,37714,37716,0,2,3
10793,5,3,37719,37719,37722,0,3,3
10794,2,1,37721,37722,37723,1,2,0
10795,1,1,37722,37723,37724,1,2,0
10796,1,2,37723,37724,37726,1,3,0
10797,2,3,37725,37726,37729,1,4,0
10798,6,3,37731,37731,37734,0,3,2
10799,4,2,37735,37735,37737,0,2,1
10800,5,1,37740,37740,37741,0,1,3
10801,6,2,37746,37746,37748,0,2,5
10802,1,2,37747,37748,37750,1,3,0
10803,4,2,37751,37751,37753,0,2,1
10804,1,1,37752,37753,37754,1,2,0
10805,4,3,37756,37756,37759,0,3,2
10806,6,2,37762,37762,37764,0,2,3
10807,1,3,37763,37764,37767,1,4,0
10808,1,1,37764,37767,37768,3,4,0
10809,4,1,37768,37768,37769,0,1,0
10810,5,1,37773,37773,37774,0,1,4
10811,6,1,37779,37779,37780,0,1,5
10812,6,3,37785,37785,37788,0,3,5
10813,5,3,37790,37790,37793,0,3,2
10814,3,1,37793,37793,37794,0,1,0
10815,2,1,37795,37795,37796,0,1,1
10816,2,3,37797,37797,37800,0,3,1
10817,1,3,37798,37800,37803,2,5,0
10818,6,2,37804,37804,37806,0,2,1
10819,6,2,37810,37810,37812,0,2,4
10820,4,1,37814,37814,37815,0,1,2
10821,1,3,37815,37815,37818,0,3,0
10822,1,2,37816,37818,37820,2,4,0
10823,3,1,37819,37820,37821,1,2,0
10824,4,1,37823,37823,37824,0,1,2
10825,5,3,37828,37828,37831,0,3,4
10826,2,3,37830,37831,37834,1,4,0
10827,2,1,37832,37834,37835,2,3,0
10828,1,1,37833,37835,37836,2,3,0
10829,3,3,37836,37836,37839,0,3,0
10830,6,1,37842,37842,37843,0,1,3
10831,4,2,37846,37846,37848,0,2,3
10832,2,3,37848,37848,37851,0,3,0
10833,4,3,37852,37852,37855,0,3,1
10834,2,1,37854,37855,37856,1,2,0
10835,3,3,37857,37857,37860,0,3,1
10836,5,3,37862,37862,37865,0,3,2
10837,3,2,37865,37865,37867,0,2,0
10838,6,3,37871,37871,37874,0,3,4
10839,6,2,37877,37877,37879,0,2,3
10840,3,1,37880,37880,37881,0,1,1
10841,4,1,37884,37884,37885,0,1,3
10842,5,3,37889,37889,37892,0,3,4
10843,4,2,37893,37893,37895,0,2,1
10844,1,1,37894,37895,37896,1,2,0
10845,5,3,37899,37899,37902,0,3,3
10846,4,1,37903,37903,37904,0,1,1
10847,1,2,37904,37904,37906,0,2,0
10848,3,2,37907,37907,37909,0,2,1
10849,4,3,37911,37911,37914,0,3,2
10850,5,3,37916,37916,37919,0,3,2
10851,6,3,37922,37922,37925,0,3,3
10852,5,3,37927,37927,37930,0,3,2
10853,5,1,37932,37932,37933,0,1,2
10854,1,3,37933,37933,37936,0,3,0
10855,4,1,37937,37937,37938,0,1,1
10856,4,1,37941,37941,37942,0,1,3
10857,4,1,37945,37945,37946,0,1,3
10858,2,2,37947,37947,37949,0,2,1
10859,1,3,37948,37949,37952,1,4,0
10860,1,1,37949,37952,37953,3,4,0
10861,2,3,37951,37953,37956,2,5,0
10862,3,3,37954,37956,37959,2,5,0
10863,3,1,37957,37959,37960,2,3,0
10864,1,3,37958,37960,37963,2,5,0
10865,6,3,37964,37964,37967,0,3,1
10866,2,1,37966,37967,37968,1,2,0
10867,1,1,37967,37968,37969,1,2,0
10868,1,3,37968,37969,37972,1,4,0
10869,1,3,37969,37972,37975,3,6,0
10870,4,3,37973,37975,37978,2,5,0
10871,5,3,37978,37978,37981,0,3,0
10872,2,1,37980,37981,37982,1,2,0
10873,5,1,37985,37985,37986,0,1,3
10874,5,1,37990,37990,37991,0,1,4
10875,5,2,37995,37995,37997,0,2,4
10876,4,3,37999,37999,38002,0,3,2
10877,6,1,38005,38005,38006,0,1,3
10878,6,3,38011,38011,38014,0,3,5
10879,5,3,38016,38016,38019,0,3,2
10880,5,3,38021,38021,38024,0,3,2
10881,1,3,38022,38024,38027,2,5,0
10882,5,2,38027,38027,38029,0,2,0
10883,6,1,38033,38033,38034,0,1,4
10884,5,2,38038,38038,38040,0,2,4
10885,1,1,38039,38040,38041,1,2,0
10886,2,3,38041,38041,38044,0,3,0
10887,4,2,38045,38045,38047,0,2,1
10888,2,1,38047,38047,38048,0,1,0
10889,3,3,38050,38050,38053,0,3,2
10890,5,3,38055,38055,38058,0,3,2
10891,2,3,38057,38058,38061,1,4,0
10892,4,1,38061,38061,38062,0,1,0
10893,3,3,38064,38064,38067,0,3,2
10894,3,1,38067,38067,38068,0,1,0
10895,6,1,38073,38073,38074,0,1,5
10896,3,1,38076,38076,38077,0,1,2
10897,3,1,38079,38079,38080,0,1,2
10898,4,3,38083,38083,38086,0,3,3
10899,2,3,38085,38086,38089,1,4,0
10900,2,3,38087,38089,38092,2,5,0
10901,5,2,38092,38092,38094,0,2,0
10902,4,1,38096,38096,38097,0,1,2
10903,1,2,38097,38097,38099,0,2,0
10904,6,2,38103,38103,38105,0,2,4
10905,1,2,38104,38105,38107,1,3,0
10906,2,1,38106,38107,38108,1,2,0
10907,5,1,38111,38111,38112,0,1,3
10908,5,2,38116,38116,38118,0,2,4
10909,3,2,38119,38119,38121,0,2,1
10910,6,1,38125,38125,38126,0,1,4
10911,5,2,38130,38130,38132,0,2,4
10912,1,2,38131,38132,38134,1,3,0
10913,3,3,38134,38134,38137,0,3,0
10914,6,1,38140,38140,38141,0,1,3
10915,1,2,38141,38141,38143,0,2,0
10916,1,2,38142,38143,38145,1,3,0
10917,2,1,38144,38145,38146,1,2,0
10918,2,3,38146,38146,38149,0,3,0
10919,1,1,38147,38149,38150,2,3,0
10920,3,1,38150,38150,38151,0,1,0
10921,4,2,38154,38154,38156,0,2,3
10922,6,3,38160,38160,38163,0,3,4
10923,5,3,38165,38165,38168,0,3,2
10924,4,2,38169,38169,38171,0,2,1
10925,3,3,38172,38172,38175,0,3,1
10926,2,1,38174,38175,38176,1,2,0
10927,1,2,38175,38176,38178,1,3,0
10928,6,2,38181,38181,38183,0,2,3
10929,5,3,38186,38186,38189,0,3,3
10930,6,1,38192,38192,38193,0,1,3
10931,6,2,38198,38198,38200,0,2,5
10932,1,2,38199,38200,38202,1,3,0
10933,2,3,38201,38202,38205,1,4,0
10934,4,1,38205,38205,38206,0,1,0
10935,4,1,38209,38209,38210,0,1,3
10936,2,1,38211,38211,38212,0,1,1
10937,5,1,38216,38216,38217,0,1,4
10938,4,2,38220,38220,38222,0,2,3
10939,6,3,38226,38226,38229,0,3,4
10940,5,2,38231,38231,38233,0,2,2
10941,1,3,38232,38233,38236,1,4,0
10942,1,2,38233,38236,38238,3,5,0
10943,6,2,38239,38239,38241,0,2,1
10944,4,1,38243,38243,38244,0,1,2
10945,4,2,38247,38247,38249,0,2,3
10946,3,2,38250,38250,38252,0,2,1
10947,5,3,38255,38255,38258,0,3,3
10948,5,3,38260,38260,38263,0,3,2
10949,5,1,38265,38265,38266,0,1,2
10950,3,2,38268,38268,38270,0,2,2
10951,5,3,38273,38273,38276,0,3,3
10952,5,1,38278,38278,38279,0,1,2
10953,2,3,38280,38280,38283,0,3,1
10954,3,1,38283,38283,38284,0,1,0
10955,4,2,38287,38287,38289,0,2,3
10956,2,2,38289,38289,38291,0,2,0
10957,5,1,38294,38294,38295,0,1,3
10958,6,1,38300,38300,38301,0,1,5
10959,4,1,38304,38304,38305,0,1,3
10960,5,3,38309,38309,38312,0,3,4
10961,3,3,38312,38312,38315,0,3,0
10962,5,3,38317,38317,38320,0,3,2
10963,3,3,38320,38320,38323,0,3,0
10964,4,3,38324,38324,38327,0,3,1
10965,5,1,38329,38329,38330,0,1,2
10966,1,2,38330,38330,38332,0,2,0
10967,6,2,38336,38336,38338,0,2,4
10968,5,2,38341,38341,38343,0,2,3
10969,5,3,38346,38346,38349,0,3,3
10970,1,3,38347,38349,38352,2,5,0
10971,3,3,38350,38352,38355,2,5,0
10972,1,2,38351,38355,38357,4,6,0
10973,6,2,38357,38357,38359,0,2,0
10974,1,2,38358,38359,38361,1,3,0
10975,4,1,38362,38362,38363,0,1,1
10976,2,3,38364,38364,38367,0,3,1
10977,6,2,38370,38370,38372,0,2,3
10978,2,3,38372,38372,38375,0,3,0
10979,3,2,38375,38375,38377,0,2,0
10980,6,3,38381,38381,38384,0,3,4
10981,6,1,38387,38387,38388,0,1,3
10982,1,2,38388,38388,38390,0,2,0
10983,2,1,38390,38390,38391,0,1,0
10984,1,3,38391,38391,38394,0,3,0
10985,1,3,38392,38394,38397,2,5,0
10986,2,2,38394,38397,38399,3,5,0
10987,1,3,38395,38399,38402,4,7,0
10988,4,1,38399,38402,38403,3,4,0
10989,3,1,38402,38403,38404,1,2,0
10990,6,1,38408,38408,38409,0,1,4
10991,4,3,38412,38412,38415,0,3,3
10992,6,2,38418,38418,38420,0,2,3
10993,1,1,38419,38420,38421,1,2,0
10994,3,2,38422,38422,38424,0,2,1
10995,4,2,38426,38426,38428,0,2,2
10996,6,2,38432,38432,38434,0,2,4
10997,6,2,38438,38438,38440,0,2,4
10998,4,1,38442,38442,38443,0,1,2
10999,4,3,38446,38446,38449,0,3,3
11000,6,3,38452,38452,38455,0,3,3
11001,4,1,38456,38456,38457,0,1,1
11002,4,2,38460,38460,38462,0,2,3
11003,1,3,38461,38462,38465,1,4,0
11004,1,1,38462,38465,38466,3,4,0
11005,6,3,38468,38468,38471,0,3,2
11006,1,1,38469,38471,38472,2,3,0
11007,4,3,38473,38473,38476,0,3,1
11008,5,1,38478,38478,38479,0,1,2
11009,3,3,38481,38481,38484,0,3,2
11010,1,3,38482,38484,38487,2,5,0
11011,1,2,38483,38487,38489,4,6,0
11012,4,2,38487,38489,38491,2,4,0
11013,5,3,38492,38492,38495,0,3,1
11014,1,2,38493,38495,38497,2,4,0
11015,1,2,38494,38497,38499,3,5,0
11016,4,3,38498,38499,38502,1,4,0
11017,3,2,38501,38502,38504,1,3,0
11018,6,1,38507,38507,38508,0,1,3
11019,5,2,38512,38512,38514,0,2,4
11020,1,3,38513,38514,38517,1,4,0
11021,3,1,38516,38517,38518,1,2,0
11022,6,2,38522,38522,38524,0,2,4
11023,4,3,38526,38526,38529,0,3,2
11024,4,1,38530,38530,38531,0,1,1
11025,6,2,38536,38536,38538,0,2,5
11026,2,2,38538,38538,38540,0,2,0
11027,5,1,38543,38543,38544,0,1,3
11028,5,1,38548,38548,38549,0,1,4
11029,1,2,38549,38549,38551,0,2,0
11030,3,3,38552,38552,38555,0,3,1
11031,2,2,38554,38555,38557,1,3,0
11032,1,1,38555,38557,38558,2,3,0
11033,1,2,38556,38558,38560,2,4,0
11034,4,2,38560,38560,38562,0,2,0
11035,5,3,38565,38565,38568,0,3,3
11036,2,2,38567,38568,38570,1,3,0
11037,6,1,38573,38573,38574,0,1,3
11038,1,2,38574,38574,38576,0,2,0
11039,3,3,38577,38577,38580,0,3,1
11040,2,1,38579,38580,38581,1,2,0
11041,1,1,38580,38581,38582,1,2,0
11042,3,2,38583,38583,38585,0,2,1
11043,3,1,38586,38586,38587,0,1,1
11044,2,2,38588,38588,38590,0,2,1
11045,2,3,38590,38590,38593,0,3,0
11046,1,1,38591,38593,38594,2,3,0
11047,4,2,38595,38595,38597,0,2,1
11048,4,1,38599,38599,38600,0,1,2
11049,1,3,38600,38600,38603,0,3,0
11050,3,1,38603,38603,38604,0,1,0
11051,6,2,38609,38609,38611,0,2,5
11052,3,3,38612,38612,38615,0,3,1
11053,3,1,38615,38615,38616,0,1,0
11054,2,3,38617,38617,38620,0,3,1
11055,5,1,38622,38622,38623,0,1,2
11056,3,3,38625,38625,38628,0,3,2
11057,3,1,38628,38628,38629,0,1,0
11058,2,2,38630,38630,38632,0,2,1
11059,5,2,38635,38635,38637,0,2,3
11060,6,3,38641,38641,38644,0,3,4
11061,3,2,38644,38644,38646,0,2,0
11062,6,3,38650,38650,38653,0,3,4
11063,5,1,38655,38655,38656,0,1,2
11064,3,3,38658,38658,38661,0,3,2
11065,2,1,38660,38661,38662,1,2,0
11066,2,1,38662,38662,38663,0,1,0
11067,3,1,38665,38665,38666,0,1,2
11068,4,1,38669,38669,38670,0,1,3
11069,3,2,38672,38672,38674,0,2,2
11070,2,1,38674,38674,38675,0,1,0
11071,6,3,38680,38680,38683,0,3,5
11072,3,2,38683,38683,38685,0,2,0
11073,3,3,38686,38686,38689,0,3,1
11074,6,2,38692,38692,38694,0,2,3
11075,2,2,38694,38694,38696,0,2,0
11076,6,3,38700,38700,38703,0,3,4
11077,5,1,38705,38705,38706,0,1,2
11078,5,3,38710,38710,38713,0,3,4
11079,6,3,38716,38716,38719,0,3,3
11080,5,2,38721,38721,38723,0,2,2
11081,5,3,38726,38726,38729,0,3,3
11082,6,3,38732,38732,38735,0,3,3
11083,4,3,38736,38736,38739,0,3,1
11084,2,2,38738,38739,38741,1,3,0
11085,1,2,38739,38741,38743,2,4,0
11086,3,2,38742,38743,38745,1,3,0
11087,6,2,38748,38748,38750,0,2,3
11088,6,1,38754,38754,38755,0,1,4
11089,5,1,38759,38759,38760,0,1,4
11090,3,3,38762,38762,38765,0,3,2
11091,5,3,38767,38767,38770,0,3,2
11092,6,1,38773,38773,38774,0,1,3
11093,6,1,38779,38779,38780,0,1,5
11094,4,2,38783,38783,38785,0,2,3
11095,3,3,38786,38786,38789,0,3,1
11096,4,1,38790,38790,38791,0,1,1
11097,4,1,38794,38794,38795,0,1,3
11098,4,3,38798,38798,38801,0,3,3
11099,3,2,38801,38801,38803,0,2,0
11100,6,1,38807,38807,38808,0,1,4
11101,1,1,38808,38808,38809,0,1,0
11102,6,1,38814,38814,38815,0,1,5
11103,4,3,38818,38818,38821,0,3,3
11104,1,1,38819,38821,38822,2,3,0
11105,6,2,38825,38825,38827,0,2,3
11106,4,2,38829,38829,38831,0,2,2
11107,5,2,38834,38834,38836,0,2,3
11108,3,1,38837,38837,38838,0,1,1
11109,4,2,38841,38841,38843,0,2,3
11110,5,2,38846,38846,38848,0,2,3
11111,2,2,38848,38848,38850,0,2,0
11112,2,3,38850,38850,38853,0,3,0
11113,3,1,38853,38853,38854,0,1,0
11114,1,2,38854,38854,38856,0,2,0
11115,3,3,38857,38857,38860,0,3,1
11116,5,1,38862,38862,38863,0,1,2
11117,6,1,38868,38868,38869,0,1,5
11118,6,3,38874,38874,38877,0,3,5
11119,4,3,38878,38878,38881,0,3,1
11120,1,3,38879,38881,38884,2,5,0
11121,3,2,38882,38884,38886,2,4,0
11122,2,2,38884,38886,38888,2,4,0
11123,3,1,38887,38888,38889,1,2,0
11124,1,2,38888,38889,38891,1,3,0
11125,6,2,38894,38894,38896,0,2,3
11126,1,3,38895,38896,38899,1,4,0
11127,6,3,38901,38901,38904,0,3,2
11128,2,2,38903,38904,38906,1,3,0
11129,6,3,38909,38909,38912,0,3,3
11130,4,2,38913,38913,38915,0,2,1
11131,1,2,38914,38915,38917,1,3,0
11132,4,2,38918,38918,38920,0,2,1
11133,5,3,38923,38923,38926,0,3,3
11134,4,1,38927,38927,38928,0,1,1
11135,2,2,38929,38929,38931,0,2,1
11136,3,2,38932,38932,38934,0,2,1
11137,5,1,38937,38937,38938,0,1,3
11138,3,2,38940,38940,38942,0,2,2
11139,1,1,38941,38942,38943,1,2,0
11140,2,3,38943,38943,38946,0,3,0
11141,5,2,38948,38948,38950,0,2,2
11142,3,3,38951,38951,38954,0,3,1
11143,5,1,38956,38956,38957,0,1,2
11144,1,1,38957,38957,38958,0,1,0
11145,2,3,38959,38959,38962,0,3,1
11146,1,2,38960,38962,38964,2,4,0
11147,5,2,38965,38965,38967,0,2,1
11148,5,3,38970,38970,38973,0,3,3
11149,1,3,38971,38973,38976,2,5,0
11150,6,1,38977,38977,38978,0,1,1
11151,1,1,38978,38978,38979,0,1,0
11152,3,1,38981,38981,38982,0,1,2
11153,4,1,38985,38985,38986,0,1,3
11154,4,3,38989,38989,38992,0,3,3
11155,1,2,38990,38992,38994,2,4,0
11156,3,2,38993,38994,38996,1,3,0
11157,3,3,38996,38996,38999,0,3,0
11158,4,1,39000,39000,39001,0,1,1
11159,1,2,39001,39001,39003,0,2,0
11160,4,3,39005,39005,39008,0,3,2
11161,6,1,39011,39011,39012,0,1,3
11162,5,3,39016,39016,39019,0,3,4
11163,3,1,39019,39019,39020,0,1,0
11164,1,1,39020,39020,39021,0,1,0
11165,2,2,39022,39022,39024,0,2,1
11166,4,2,39026,39026,39028,0,2,2
11167,4,2,39030,39030,39032,0,2,2
11168,3,2,39033,39033,39035,0,2,1
11169,4,1,39037,39037,39038,0,1,2
11170,3,1,39040,39040,39041,0,1,2
11171,3,3,39043,39043,39046,0,3,2
11172,4,3,39047,39047,39050,0,3,1
11173,6,1,39053,39053,39054,0,1,3
11174,4,2,39057,39057,39059,0,2,3
11175,5,1,39062,39062,39063,0,1,3
11176,4,2,39066,39066,39068,0,2,3
11177,6,3,39072,39072,39075,0,3,4
11178,1,3,39073,39075,39078,2,5,0
11179,3,1,39076,39078,39079,2,3,0
11180,3,3,39079,39079,39082,0,3,0
11181,2,2,39081,39082,39084,1,3,0
11182,1,1,39082,39084,39085,2,3,0
11183,2,2,39084,39085,39087,1,3,0
11184,6,1,39090,39090,39091,0,1,3
11185,5,2,39095,39095,39097,0,2,4
11186,4,2,39099,39099,39101,0,2,2
11187,4,3,39103,39103,39106,0,3,2
11188,3,2,39106,39106,39108,0,2,0
11189,5,3,39111,39111,39114,0,3,3
11190,5,3,39116,39116,39119,0,3,2
11191,6,1,39122,39122,39123,0,1,3
11192,6,3,39128,39128,39131,0,3,5
11193,3,1,39131,39131,39132,0,1,0
11194,5,1,39136,39136,39137,0,1,4
11195,5,3,39141,39141,39144,0,3,4
11196,5,2,39146,39146,39148,0,2,2
11197,4,3,39150,39150,39153,0,3,2
11198,6,1,39156,39156,39157,0,1,3
11199,4,1,39160,39160,39161,0,1,3
11200,5,1,39165,39165,39166,0,1,4
11201,4,3,39169,39169,39172,0,3,3
11202,5,2,39174,39174,39176,0,2,2
11203,1,2,39175,39176,39178,1,3,0
11204,4,2,39179,39179,39181,0,2,1
11205,3,1,39182,39182,39183,0,1,1
11206,4,2,39186,39186,39188,0,2,3
11207,3,1,39189,39189,39190,0,1,1
11208,6,2,39195,39195,39197,0,2,5
11209,1,2,39196,39197,39199,1,3,0
11210,6,1,39202,39202,39203,0,1,3
11211,5,2,39207,39207,39209,0,2,4
11212,1,2,39208,39209,39211,1,3,0
11213,1,1,39209,39211,39212,2,3,0
11214,3,3,39212,39212,39215,0,3,0
11215,4,1,39216,39216,39217,0,1,1
11216,2,3,39218,39218,39221,0,3,1
11217,3,2,39221,39221,39223,0,2,0
11218,2,2,39223,39223,39225,0,2,0
11219,6,2,39229,39229,39231,0,2,4
11220,4,3,39233,39233,39236,0,3,2
11221,1,2,39234,39236,39238,2,4,0
11222,2,3,39236,39238,39241,2,5,0
11223,4,1,39240,39241,39242,1,2,0
11224,5,3,39245,39245,39248,0,3,3
11225,4,1,39249,39249,39250,0,1,1
11226,4,1,39253,39253,39254,0,1,3
11227,2,3,39255,39255,39258,0,3,1
11228,1,2,39256,39258,39260,2,4,0
11229,6,1,39262,39262,39263,0,1,2
11230,2,1,39264,39264,39265,0,1,1
11231,1,3,39265,39265,39268,0,3,0
11232,6,2,39271,39271,39273,0,2,3
11233,3,3,39274,39274,39277,0,3,1
11234,4,3,39278,39278,39281,0,3,1
11235,5,1,39283,39283,39284,0,1,2
11236,6,1,39289,39289,39290,0,1,5
11237,2,3,39291,39291,39294,0,3,1
11238,5,1,39296,39296,39297,0,1,2
11239,4,2,39300,39300,39302,0,2,3
11240,2,3,39302,39302,39305,0,3,0
11241,1,2,39303,39305,39307,2,4,0
11242,4,2,39307,39307,39309,0,2,0
11243,5,2,39312,39312,39314,0,2,3
11244,2,2,39314,39314,39316,0,2,0
11245,2,3,39316,39316,39319,0,3,0
11246,6,3,39322,39322,39325,0,3,3
11247,1,2,39323,39325,39327,2,4,0
11248,6,1,39329,39329,39330,0,1,2
11249,2,1,39331,39331,39332,0,1,1
11250,6,3,39337,39337,39340,0,3,5
11251,4,2,39341,39341,39343,0,2,1
11252,1,1,39342,39343,39344,1,2,0
11253,5,2,39347,39347,39349,0,2,3
11254,4,3,39351,39351,39354,0,3,2
11255,3,1,39354,39354,39355,0,1,0
11256,2,2,39356,39356,39358,0,2,1
11257,6,1,39362,39362,39363,0,1,4
11258,6,3,39368,39368,39371,0,3,5
11259,2,1,39370,39371,39372,1,2,0
11260,5,1,39375,39375,39376,0,1,3
11261,5,3,39380,39380,39383,0,3,4
11262,4,1,39384,39384,39385,0,1,1
11263,2,2,39386,39386,39388,0,2,1
11264,5,1,39391,39391,39392,0,1,3
11265,5,3,39396,39396,39399,0,3,4
11266,1,1,39397,39399,39400,2,3,0
11267,4,1,39401,39401,39402,0,1,1
11268,5,3,39406,39406,39409,0,3,4
11269,1,3,39407,39409,39412,2,5,0
11270,6,1,39413,39413,39414,0,1,1
11271,5,3,39418,39418,39421,0,3,4
11272,3,1,39421,39421,39422,0,1,0
11273,2,3,39423,39423,39426,0,3,1
11274,5,1,39428,39428,39429,0,1,2
11275,4,2,39432,39432,39434,0,2,3
11276,1,3,39433,39434,39437,1,4,0
11277,2,3,39435,39437,39440,2,5,0
11278,2,1,39437,39440,39441,3,4,0
11279,5,1,39442,39442,39443,0,1,1
11280,2,3,39444,39444,39447,0,3,1
11281,1,3,39445,39447,39450,2,5,0
11282,1,2,39446,39450,39452,4,6,0
11283,1,1,39447,39452,39453,5,6,0
11284,1,3,39448,39453,39456,5,8,0
11285,3,3,39451,39456,39459,5,8,0
11286,3,2,39454,39459,39461,5,7,0
11287,2,2,39456,39461,39463,5,7,0
11288,3,3,39459,39463,39466,4,7,0
11289,5,2,39464,39466,39468,2,4,0
11290,4,1,39468,39468,39469,0,1,0
11291,2,3,39470,39470,39473,0,3,1
11292,5,1,39475,39475,39476,0,1,2
11293,3,1,39478,39478,39479,0,1,2
11294,1,3,39479,39479,39482,0,3,0
11295,3,1,39482,39482,39483,0,1,0
11296,5,2,39487,39487,39489,0,2,4
11297,2,3,39489,39489,39492,0,3,0
11298,6,2,39495,39495,39497,0,2,3
11299,3,1,39498,39498,39499,0,1,1
11300,1,1,39499,39499,39500,0,1,0
11301,6,2,39505,39505,39507,0,2,5
11302,4,2,39509,39509,39511,0,2,2
11303,4,2,39513,39513,39515,0,2,2
11304,3,3,39516,39516,39519,0,3,1
11305,3,1,39519,39519,39520,0,1,0
11306,5,1,39524,39524,39525,0,1,4
11307,1,1,39525,39525,39526,0,1,0
11308,3,1,39528,39528,39529,0,1,2
11309,2,1,39530,39530,39531,0,1,1
11310,3,2,39533,39533,39535,0,2,2
11311,5,1,39538,39538,39539,0,1,3
11312,4,1,39542,39542,39543,0,1,3
11313,3,2,39545,39545,39547,0,2,2
11314,2,1,39547,39547,39548,0,1,0
11315,3,2,39550,39550,39552,0,2,2
11316,2,1,39552,39552,39553,0,1,0
11317,1,2,39553,39553,39555,0,2,0
11318,4,2,39557,39557,39559,0,2,2
11319,3,2,39560,39560,39562,0,2,1
11320,2,2,39562,39562,39564,0,2,0
11321,5,2,39567,39567,39569,0,2,3
11322,5,3,39572,39572,39575,0,3,3
11323,4,3,39576,39576,39579,0,3,1
11324,2,3,39578,39579,39582,1,4,0
11325,2,1,39580,39582,39583,2,3,0
11326,2,3,39582,39583,39586,1,4,0
11327,5,1,39587,39587,39588,0,1,1
11328,2,3,39589,39589,39592,0,3,1
11329,1,3,39590,39592,39595,2,5,0
11330,6,2,39596,39596,39598,0,2,1
11331,6,1,39602,39602,39603,0,1,4
11332,4,3,39606,39606,39609,0,3,3
11333,3,2,39609,39609,39611,0,2,0
11334,3,2,39612,39612,39614,0,2,1
11335,1,3,39613,39614,39617,1,4,0
11336,3,2,39616,39617,39619,1,3,0
11337,2,3,39618,39619,39622,1,4,0
11338,5,3,39623,39623,39626,0,3,1
11339,6,1,39629,39629,39630,0,1,3
11340,4,3,39633,39633,39636,0,3,3
11341,3,3,39636,39636,39639,0,3,0
11342,1,3,39637,39639,39642,2,5,0
11343,5,2,39642,39642,39644,0,2,0
11344,5,1,39647,39647,39648,0,1,3
11345,4,2,39651,39651,39653,0,2,3
11346,4,1,39655,39655,39656,0,1,2
11347,2,1,39657,39657,39658,0,1,1
11348,5,2,39662,39662,39664,0,2,4
11349,1,2,39663,39664,39666,1,3,0
11350,4,2,39667,39667,39669,0,2,1
11351,5,3,39672,39672,39675,0,3,3
11352,4,3,39676,39676,39679,0,3,1
11353,2,1,39678,39679,39680,1,2,0
11354,5,2,39683,39683,39685,0,2,3
11355,1,1,39684,39685,39686,1,2,0
11356,2,3,39686,39686,39689,0,3,0
11357,5,2,39691,39691,39693,0,2,2
11358,1,3,39692,39693,39696,1,4,0
11359,5,2,39697,39697,39699,0,2,1
11360,1,3,39698,39699,39702,1,4,0
11361,4,1,39702,39702,39703,0,1,0
11362,4,1,39706,39706,39707,0,1,3
11363,4,3,39710,39710,39713,0,3,3
11364,5,2,39715,39715,39717,0,2,2
11365,1,3,39716,39717,39720,1,4,0
11366,2,1,39718,39720,39721,2,3,0
11367,4,1,39722,39722,39723,0,1,1
11368,4,3,39726,39726,39729,0,3,3
11369,2,2,39728,39729,39731,1,3,0
11370,2,2,39730,39731,39733,1,3,0
11371,6,2,39736,39736,39738,0,2,3
11372,1,3,39737,39738,39741,1,4,0
11373,6,1,39743,39743,39744,0,1,2
11374,3,3,39746,39746,39749,0,3,2
11375,3,3,39749,39749,39752,0,3,0
11376,1,2,39750,39752,39754,2,4,0
11377,4,1,39754,39754,39755,0,1,0
11378,3,2,39757,39757,39759,0,2,2
11379,6,3,39763,39763,39766,0,3,4
11380,4,3,39767,39767,39770,0,3,1
11381,1,3,39768,39770,39773,2,5,0
11382,1,2,39769,39773,39775,4,6,0
11383,1,2,39770,39775,39777,5,7,0
11384,5,1,39775,39777,39778,2,3,0
11385,2,2,39777,39778,39780,1,3,0
11386,1,1,39778,39780,39781,2,3,0
11387,6,3,39784,39784,39787,0,3,3
11388,1,1,39785,39787,39788,2,3,0
11389,6,3,39791,39791,39794,0,3,3
11390,2,2,39793,39794,39796,1,3,0
11391,2,3,39795,39796,39799,1,4,0
11392,2,2,39797,39799,39801,2,4,0
11393,6,1,39803,39803,39804,0,1,2
11394,4,2,39807,39807,39809,0,2,3
11395,2,1,39809,39809,39810,0,1,0
11396,1,3,39810,39810,39813,0,3,0
11397,1,3,39811,39813,39816,2,5,0
11398,2,2,39813,39816,39818,3,5,0
11399,4,3,39817,39818,39821,1,4,0
11400,4,2,39821,39821,39823,0,2,0
11401,1,1,39822,39823,39824,1,2,0
11402,5,3,39827,39827,39830,0,3,3
11403,2,3,39829,39830,39833,1,4,0
11404,1,3,39830,39833,39836,3,6,0
11405,1,3,39831,39836,39839,5,8,0
11406,6,2,39837,39839,39841,2,4,0
11407,3,1,39840,39841,39842,1,2,0
11408,4,2,39844,39844,39846,0,2,2
11409,6,3,39850,39850,39853,0,3,4
11410,2,2,39852,39853,39855,1,3,0
11411,5,1,39857,39857,39858,0,1,2
11412,1,1,39858,39858,39859,0,1,0
11413,6,1,39864,39864,39865,0,1,5
11414,1,1,39865,39865,39866,0,1,0
11415,2,1,39867,39867,39868,0,1,1
11416,3,1,39870,39870,39871,0,1,2
11417,4,2,39874,39874,39876,0,2,3
11418,5,3,39879,39879,39882,0,3,3
11419,5,1,39884,39884,39885,0,1,2
11420,6,1,39890,39890,39891,0,1,5
11421,3,1,39893,39893,39894,0,1,2
11422,5,3,39898,39898,39901,0,3,4
11423,1,1,39899,39901,39902,2,3,0
11424,2,3,39901,39902,39905,1,4,0
11425,2,2,39903,39905,39907,2,4,0
11426,5,3,39908,39908,39911,0,3,1
11427,1,1,39909,39911,39912,2,3,0
11428,6,2,39915,39915,39917,0,2,3
11429,1,2,39916,39917,39919,1,3,0
11430,6,3,39922,39922,39925,0,3,3
11431,6,3,39928,39928,39931,0,3,3
11432,1,2,39929,39931,39933,2,4,0
11433,2,3,39931,39933,39936,2,5,0
11434,2,3,39933,39936,39939,3,6,0
11435,5,2,39938,39939,39941,1,3,0
11436,5,1,39943,39943,39944,0,1,2
11437,3,2,39946,39946,39948,0,2,2
11438,5,1,39951,39951,39952,0,1,3
11439,6,1,39957,39957,39958,0,1,5
11440,1,1,39958,39958,39959,0,1,0
11441,4,3,39962,39962,39965,0,3,3
11442,2,3,39964,39965,39968,1,4,0
11443,5,3,39969,39969,39972,0,3,1
11444,3,1,39972,39972,39973,0,1,0
11445,6,3,39978,39978,39981,0,3,5
11446,1,2,39979,39981,39983,2,4,0
11447,2,2,39981,39983,39985,2,4,0
11448,1,1,39982,39985,39986,3,4,0
11449,3,2,39985,39986,39988,1,3,0
11450,5,2,39990,39990,39992,0,2,2
11451,4,3,39994,39994,39997,0,3,2
11452,4,2,39998,39998,40000,0,2,1
11453,2,2,40000,40000,40002,0,2,0
11454,5,3,40005,40005,40008,0,3,3
11455,4,1,40009,40009,40010,0,1,1
11456,5,2,40014,40014,40016,0,2,4
11457,4,1,40018,40018,40019,0,1,2
11458,3,2,40021,40021,40023,0,2,2
11459,1,2,40022,40023,40025,1,3,0
11460,1,3,40023,40025,40028,2,5,0
11461,1,1,40024,40028,40029,4,5,0
11462,2,3,40026,40029,40032,3,6,0
11463,1,1,40027,40032,40033,5,6,0
11464,1,1,40028,40033,40034,5,6,0
11465,3,2,40031,40034,40036,3,5,0
11466,1,3,40032,40036,40039,4,7,0
11467,2,2,40034,40039,40041,5,7,0
11468,3,2,40037,40041,40043,4,6,0
11469,4,1,40041,40043,40044,2,3,0
11470,4,3,40045,40045,40048,0,3,1
11471,3,2,40048,40048,40050,0,2,0
11472,2,3,40050,40050,40053,0,3,0
11473,2,1,40052,40053,40054,1,2,0
11474,2,2,40054,40054,40056,0,2,0
11475,2,1,40056,40056,40057,0,1,0
11476,1,2,40057,40057,40059,0,2,0
11477,1,1,40058,40059,40060,1,2,0
11478,1,3,40059,40060,40063,1,4,0
11479,6,2,40065,40065,40067,0,2,2
11480,2,2,40067,40067,40069,0,2,0
11481,3,1,40070,40070,40071,0,1,1
11482,3,2,40073,40073,40075,0,2,2
11483,2,1,40075,40075,40076,0,1,0
11484,6,1,40081,40081,40082,0,1,5
11485,1,2,40082,40082,40084,0,2,0
11486,1,2,40083,40084,40086,1,3,0
11487,4,3,40087,40087,40090,0,3,1
11488,4,1,40091,40091,40092,0,1,1
11489,1,2,40092,40092,40094,0,2,0
11490,1,1,40093,40094,40095,1,2,0
11491,4,1,40097,40097,40098,0,1,2
11492,1,1,40098,40098,40099,0,1,0
11493,5,1,40103,40103,40104,0,1,4
11494,2,3,40105,40105,40108,0,3,1
11495,2,3,40107,40108,40111,1,4,0
11496,6,3,40113,40113,40116,0,3,2
11497,6,3,40119,40119,40122,0,3,3
11498,1,2,40120,40122,40124,2,4,0
11499,5,3,40125,40125,40128,0,3,1
11500,1,3,40126,40128,40131,2,5,0
11501,4,3,40130,40131,40134,1,4,0
11502,1,3,40131,40134,40137,3,6,0
11503,6,1,40137,40137,40138,0,1,0
11504,2,2,40139,40139,40141,0,2,1
11505,4,1,40143,40143,40144,0,1,2
11506,4,3,40147,40147,40150,0,3,3
11507,1,2,40148,40150,40152,2,4,0
11508,2,3,40150,40152,40155,2,5,0
11509,6,1,40156,40156,40157,0,1,1
11510,6,2,40162,40162,40164,0,2,5
11511,1,1,40163,40164,40165,1,2,0
11512,2,1,40165,40165,40166,0,1,0
11513,5,3,40170,40170,40173,0,3,4
11514,1,2,40171,40173,40175,2,4,0
11515,6,2,40177,40177,40179,0,2,2
11516,3,3,40180,40180,40183,0,3,1
11517,3,2,40183,40183,40185,0,2,0
11518,3,3,40186,40186,40189,0,3,1
11519,1,1,40187,40189,40190,2,3,0
11520,1,3,40188,40190,40193,2,5,0
11521,1,3,40189,40193,40196,4,7,0
11522,4,3,40193,40196,40199,3,6,0
11523,3,3,40196,40199,40202,3,6,0
11524,5,2,40201,40202,40204,1,3,0
11525,6,3,40207,40207,40210,0,3,3
11526,2,1,40209,40210,40211,1,2,0
11527,6,3,40215,40215,40218,0,3,4
11528,6,3,40221,40221,40224,0,3,3
11529,1,3,40222,40224,40227,2,5,0
11530,3,2,40225,40227,40229,2,4,0
11531,6,3,40231,40231,40234,0,3,2
11532,3,1,40234,40234,40235,0,1,0
11533,1,3,40235,40235,40238,0,3,0
11534,3,1,40238,40238,40239,0,1,0
11535,6,2,40244,40244,40246,0,2,5
11536,3,3,40247,40247,40250,0,3,1
11537,6,3,40253,40253,40256,0,3,3
11538,5,3,40258,40258,40261,0,3,2
11539,6,3,40264,40264,40267,0,3,3
11540,4,2,40268,40268,40270,0,2,1
11541,6,1,40274,40274,40275,0,1,4
11542,2,1,40276,40276,40277,0,1,1
11543,1,2,40277,40277,40279,0,2,0
11544,6,1,40283,40283,40284,0,1,4
11545,6,3,40289,40289,40292,0,3,5
11546,6,2,40295,40295,40297,0,2,3
11547,2,3,40297,40297,40300,0,3,0
11548,4,3,40301,40301,40304,0,3,1
11549,6,3,40307,40307,40310,0,3,3
11550,3,1,40310,40310,40311,0,1,0
11551,2,2,40312,40312,40314,0,2,1
11552,1,1,40313,40314,40315,1,2,0
11553,5,3,40318,40318,40321,0,3,3
11554,5,1,40323,40323,40324,0,1,2
11555,6,3,40329,40329,40332,0,3,5
11556,4,3,40333,40333,40336,0,3,1
11557,2,2,40335,40336,40338,1,3,0
11558,6,2,40341,40341,40343,0,2,3
11559,6,2,40347,40347,40349,0,2,4
11560,4,1,40351,40351,40352,0,1,2
11561,5,2,40356,40356,40358,0,2,4
11562,3,3,40359,40359,40362,0,3,1
11563,5,1,40364,40364,40365,0,1,2
11564,1,2,40365,40365,40367,0,2,0
11565,1,1,40366,40367,40368,1,2,0
11566,1,2,40367,40368,40370,1,3,0
11567,6,3,40373,40373,40376,0,3,3
11568,6,2,40379,40379,40381,0,2,3
11569,5,2,40384,40384,40386,0,2,3
11570,2,3,40386,40386,40389,0,3,0
11571,5,2,40391,40391,40393,0,2,2
11572,6,1,40397,40397,40398,0,1,4
11573,3,3,40400,40400,40403,0,3,2
11574,5,2,40405,40405,40407,0,2,2
11575,4,1,40409,40409,40410,0,1,2
11576,2,1,40411,40411,40412,0,1,1
11577,3,2,40414,40414,40416,0,2,2
11578,1,2,40415,40416,40418,1,3,0
11579,3,3,40418,40418,40421,0,3,0
11580,1,1,40419,40421,40422,2,3,0
11581,3,3,40422,40422,40425,0,3,0
11582,4,1,40426,40426,40427,0,1,1
11583,5,1,40431,40431,40432,0,1,4
11584,1,3,40432,40432,40435,0,3,0
11585,4,1,40436,40436,40437,0,1,1
11586,6,2,40442,40442,40444,0,2,5
11587,6,1,40448,40448,40449,0,1,4
11588,2,3,40450,40450,40453,0,3,1
11589,3,2,40453,40453,40455,0,2,0
11590,1,1,40454,40455,40456,1,2,0
11591,5,2,40459,40459,40461,0,2,3
11592,1,3,40460,40461,40464,1,4,0
11593,4,2,40464,40464,40466,0,2,0
11594,4,1,40468,40468,40469,0,1,2
11595,5,2,40473,40473,40475,0,2,4
11596,1,1,40474,40475,40476,1,2,0
11597,4,3,40478,40478,40481,0,3,2
11598,5,1,40483,40483,40484,0,1,2
11599,6,3,40489,40489,40492,0,3,5
11600,1,1,40490,40492,40493,2,3,0
11601,6,2,40496,40496,40498,0,2,3
11602,1,1,40497,40498,40499,1,2,0
11603,1,3,40498,40499,40502,1,4,0
11604,2,3,40500,40502,40505,2,5,0
11605,6,3,40506,40506,40509,0,3,1
11606,1,1,40507,40509,40510,2,3,0
11607,4,1,40511,40511,40512,0,1,1
11608,1,2,40512,40512,40514,0,2,0
11609,6,1,40518,40518,40519,0,1,4
11610,3,2,40521,40521,40523,0,2,2
11611,2,1,40523,40523,40524,0,1,0
11612,6,2,40529,40529,40531,0,2,5
11613,6,2,40535,40535,40537,0,2,4
11614,4,3,40539,40539,40542,0,3,2
11615,1,1,40540,40542,40543,2,3,0
11616,3,2,40543,40543,40545,0,2,0
11617,2,3,40545,40545,40548,0,3,0
11618,6,2,40551,40551,40553,0,2,3
11619,2,2,40553,40553,40555,0,2,0
11620,2,2,40555,40555,40557,0,2,0
11621,4,3,40559,40559,40562,0,3,2
11622,4,2,40563,40563,40565,0,2,1
11623,1,2,40564,40565,40567,1,3,0
11624,2,1,40566,40567,40568,1,2,0
11625,1,1,40567,40568,40569,1,2,0
11626,6,1,40573,40573,40574,0,1,4
11627,1,3,40574,40574,40577,0,3,0
11628,1,2,40575,40577,40579,2,4,0
11629,2,1,40577,40579,40580,2,3,0
11630,4,1,40581,40581,40582,0,1,1
11631,2,1,40583,40583,40584,0,1,1
11632,4,3,40587,40587,40590,0,3,3
11633,3,1,40590,40590,40591,0,1,0
11634,4,1,40594,40594,40595,0,1,3
11635,5,2,40599,40599,40601,0,2,4
11636,2,1,40601,40601,40602,0,1,0
11637,1,1,40602,40602,40603,0,1,0
11638,6,1,40608,40608,40609,0,1,5
11639,2,2,40610,40610,40612,0,2,1
11640,6,2,40616,40616,40618,0,2,4
11641,2,2,40618,40618,40620,0,2,0
11642,3,3,40621,40621,40624,0,3,1
11643,2,2,40623,40624,40626,1,3,0
11644,6,2,40629,40629,40631,0,2,3
11645,2,1,40631,40631,40632,0,1,0
11646,2,2,40633,40633,40635,0,2,1
11647,5,3,40638,40638,40641,0,3,3
11648,2,3,40640,40641,40644,1,4,0
11649,1,1,40641,40644,40645,3,4,0
11650,4,3,40645,40645,40648,0,3,0
11651,1,1,40646,40648,40649,2,3,0
11652,5,2,40651,40651,40653,0,2,2
11653,5,3,40656,40656,40659,0,3,3
11654,3,3,40659,40659,40662,0,3,0
11655,2,1,40661,40662,40663,1,2,0
11656,6,1,40667,40667,40668,0,1,4
11657,4,1,40671,40671,40672,0,1,3
11658,6,2,40677,40677,40679,0,2,5
11659,2,1,40679,40679,40680,0,1,0
11660,5,2,40684,40684,40686,0,2,4
11661,4,2,40688,40688,40690,0,2,2
11662,4,2,40692,40692,40694,0,2,2
11663,1,2,40693,40694,40696,1,3,0
11664,2,1,40695,40696,40697,1,2,0
11665,4,1,40699,40699,40700,0,1,2
11666,4,2,40703,40703,40705,0,2,3
11667,4,1,40707,40707,40708,0,1,2
11668,2,1,40709,40709,40710,0,1,1
11669,6,3,40715,40715,40718,0,3,5
11670,6,2,40721,40721,40723,0,2,3
11671,1,1,40722,40723,40724,1,2,0
11672,1,3,40723,40724,40727,1,4,0
11673,6,3,40729,40729,40732,0,3,2
11674,2,2,40731,40732,40734,1,3,0
11675,1,2,40732,40734,40736,2,4,0
11676,5,1,40737,40737,40738,0,1,1
11677,1,3,40738,40738,40741,0,3,0
11678,3,2,40741,40741,40743,0,2,0
11679,6,2,40747,40747,40749,0,2,4
11680,5,1,40752,40752,40753,0,1,3
11681,5,3,40757,40757,40760,0,3,4
11682,1,3,40758,40760,40763,2,5,0
11683,6,1,40764,40764,40765,0,1,1
11684,6,3,40770,40770,40773,0,3,5
11685,2,2,40772,40773,40775,1,3,0
11686,3,2,40775,40775,40777,0,2,0
11687,6,3,40781,40781,40784,0,3,4
11688,3,1,40784,40784,40785,0,1,0
11689,5,1,40789,40789,40790,0,1,4
11690,5,3,40794,40794,40797,0,3,4
11691,1,3,40795,40797,40800,2,5,0
11692,5,1,40800,40800,40801,0,1,0
11693,3,1,40803,40803,40804,0,1,2
11694,2,2,40805,40805,40807,0,2,1
11695,5,1,40810,40810,40811,0,1,3
11696,4,1,40814,40814,40815,0,1,3
11697,3,1,40817,40817,40818,0,1,2
11698,3,1,40820,40820,40821,0,1,2
11699,4,1,40824,40824,40825,0,1,3
11700,4,1,40828,40828,40829,0,1,3
11701,4,3,40832,40832,40835,0,3,3
11702,3,2,40835,40835,40837,0,2,0
11703,3,2,40838,40838,40840,0,2,1
11704,1,1,40839,40840,40841,1,2,0
11705,3,1,40842,40842,40843,0,1,1
11706,2,3,40844,40844,40847,0,3,1
11707,4,1,40848,40848,40849,0,1,1
11708,4,1,40852,40852,40853,0,1,3
11709,3,2,40855,40855,40857,0,2,2
11710,5,1,40860,40860,40861,0,1,3
11711,4,2,40864,40864,40866,0,2,3
11712,3,1,40867,40867,40868,0,1,1
11713,5,2,40872,40872,40874,0,2,4
11714,4,3,40876,40876,40879,0,3,2
11715,3,2,40879,40879,40881,0,2,0
11716,1,1,40880,40881,40882,1,2,0
11717,5,1,40885,40885,40886,0,1,3
11718,4,1,40889,40889,40890,0,1,3
11719,3,3,40892,40892,40895,0,3,2
11720,6,1,40898,40898,40899,0,1,3
11721,6,1,40904,40904,40905,0,1,5
11722,2,2,40906,40906,40908,0,2,1
11723,2,2,40908,40908,40910,0,2,0
11724,4,1,40912,40912,40913,0,1,2
11725,4,1,40916,40916,40917,0,1,3
11726,6,2,40922,40922,40924,0,2,5
11727,5,1,40927,40927,40928,0,1,3
11728,1,1,40928,40928,40929,0,1,0
11729,6,3,40934,40934,40937,0,3,5
11730,6,3,40940,40940,40943,0,3,3
11731,6,1,40946,40946,40947,0,1,3
11732,6,3,40952,40952,40955,0,3,5
11733,6,2,40958,40958,40960,0,2,3
11734,1,1,40959,40960,40961,1,2,0
11735,2,3,40961,40961,40964,0,3,0
11736,2,1,40963,40964,40965,1,2,0
11737,5,2,40968,40968,40970,0,2,3
11738,6,1,40974,40974,40975,0,1,4
11739,4,1,40978,40978,40979,0,1,3
11740,5,3,40983,40983,40986,0,3,4
11741,4,1,40987,40987,40988,0,1,1
11742,2,3,40989,40989,40992,0,3,1
11743,2,1,40991,40992,40993,1,2,0
11744,3,3,40994,40994,40997,0,3,1
11745,6,1,41000,41000,41001,0,1,3
11746,6,3,41006,41006,41009,0,3,5
11747,6,2,41012,41012,41014,0,2,3
11748,3,3,41015,41015,41018,0,3,1
11749,1,1,41016,41018,41019,2,3,0
11750,2,3,41018,41019,41022,1,4,0
11751,3,2,41021,41022,41024,1,3,0
11752,2,3,41023,41024,41027,1,4,0
11753,3,1,41026,41027,41028,1,2,0
11754,3,3,41029,41029,41032,0,3,1
11755,1,1,41030,41032,41033,2,3,0
11756,1,3,41031,41033,41036,2,5,0
11757,5,1,41036,41036,41037,0,1,0
11758,3,1,41039,41039,41040,0,1,2
11759,6,1,41045,41045,41046,0,1,5
11760,5,3,41050,41050,41053,0,3,4
11761,2,3,41052,41053,41056,1,4,0
11762,1,2,41053,41056,41058,3,5,0
11763,3,1,41056,41058,41059,2,3,0
11764,5,2,41061,41061,41063,0,2,2
11765,6,1,41067,41067,41068,0,1,4
11766,1,1,41068,41068,41069,0,1,0
11767,1,3,41069,41069,41072,0,3,0
11768,2,2,41071,41072,41074,1,3,0
11769,3,2,41074,41074,41076,0,2,0
11770,4,2,41078,41078,41080,0,2,2
11771,6,2,41084,41084,41086,0,2,4
11772,4,3,41088,41088,41091,0,3,2
11773,2,1,41090,41091,41092,1,2,0
11774,5,2,41095,41095,41097,0,2,3
11775,4,3,41099,41099,41102,0,3,2
11776,4,3,41103,41103,41106,0,3,1
11777,6,1,41109,41109,41110,0,1,3
11778,3,2,41112,41112,41114,0,2,2
11779,4,3,41116,41116,41119,0,3,2
11780,2,3,41118,41119,41122,1,4,0
11781,4,3,41122,41122,41125,0,3,0
11782,1,1,41123,41125,41126,2,3,0
11783,2,3,41125,41126,41129,1,4,0
11784,3,2,41128,41129,41131,1,3,0
11785,4,1,41132,41132,41133,0,1,1
11786,6,2,41138,41138,41140,0,2,5
11787,1,3,41139,41140,41143,1,4,0
11788,5,2,41144,41144,41146,0,2,1
11789,3,2,41147,41147,41149,0,2,1
11790,6,3,41153,41153,41156,0,3,4
11791,4,3,41157,41157,41160,0,3,1
11792,5,1,41162,41162,41163,0,1,2
11793,5,3,41167,41167,41170,0,3,4
11794,3,2,41170,41170,41172,0,2,0
11795,4,3,41174,41174,41177,0,3,2
11796,6,3,41180,41180,41183,0,3,3
11797,6,2,41186,41186,41188,0,2,3
11798,6,1,41192,41192,41193,0,1,4
11799,6,2,41198,41198,41200,0,2,5
11800,3,3,41201,41201,41204,0,3,1
11801,5,1,41206,41206,41207,0,1,2
11802,6,3,41212,41212,41215,0,3,5
11803,2,3,41214,41215,41218,1,4,0
11804,6,2,41220,41220,41222,0,2,2
11805,6,3,41226,41226,41229,0,3,4
11806,5,1,41231,41231,41232,0,1,2
11807,5,1,41236,41236,41237,0,1,4
11808,4,2,41240,41240,41242,0,2,3
11809,1,2,41241,41242,41244,1,3,0
11810,5,2,41246,41246,41248,0,2,2
11811,2,3,41248,41248,41251,0,3,0
11812,5,1,41253,41253,41254,0,1,2
11813,4,2,41257,41257,41259,0,2,3
11814,1,2,41258,41259,41261,1,3,0
11815,6,1,41264,41264,41265,0,1,3
11816,3,2,41267,41267,41269,0,2,2
11817,5,1,41272,41272,41273,0,1,3
11818,2,3,41274,41274,41277,0,3,1
11819,5,3,41279,41279,41282,0,3,2
11820,5,2,41284,41284,41286,0,2,2
11821,5,1,41289,41289,41290,0,1,3
11822,1,1,41290,41290,41291,0,1,0
11823,5,1,41295,41295,41296,0,1,4
11824,4,3,41299,41299,41302,0,3,3
11825,5,2,41304,41304,41306,0,2,2
11826,4,3,41308,41308,41311,0,3,2
11827,2,2,41310,41311,41313,1,3,0
11828,6,1,41316,41316,41317,0,1,3
11829,5,2,41321,41321,41323,0,2,4
11830,1,3,41322,41323,41326,1,4,0
11831,5,1,41327,41327,41328,0,1,1
11832,4,3,41331,41331,41334,0,3,3
11833,6,1,41337,41337,41338,0,1,3
11834,1,3,41338,41338,41341,0,3,0
11835,2,3,41340,41341,41344,1,4,0
11836,4,2,41344,41344,41346,0,2,0
11837,1,3,41345,41346,41349,1,4,0
11838,4,3,41349,41349,41352,0,3,0
11839,5,1,41354,41354,41355,0,1,2
11840,3,2,41357,41357,41359,0,2,2
11841,3,2,41360,41360,41362,0,2,1
11842,6,2,41366,41366,41368,0,2,4
11843,4,3,41370,41370,41373,0,3,2
11844,6,3,41376,41376,41379,0,3,3
11845,3,3,41379,41379,41382,0,3,0
11846,5,2,41384,41384,41386,0,2,2
11847,3,2,41387,41387,41389,0,2,1
11848,3,3,41390,41390,41393,0,3,1
11849,1,1,41391,41393,41394,2,3,0
11850,1,1,41392,41394,41395,2,3,0
11851,1,3,41393,41395,41398,2,5,0
11852,1,3,41394,41398,41401,4,7,0
11853,4,2,41398,41401,41403,3,5,0
11854,4,2,41402,41403,41405,1,3,0
11855,5,1,41407,41407,41408,0,1,2
11856,1,2,41408,41408,41410,0,2,0
11857,3,2,41411,41411,41413,0,2,1
11858,6,1,41417,41417,41418,0,1,4
11859,4,2,41421,41421,41423,0,2,3
11860,5,1,41426,41426,41427,0,1,3
11861,6,1,41432,41432,41433,0,1,5
11862,4,2,41436,41436,41438,0,2,3
11863,4,1,41440,41440,41441,0,1,2
11864,6,2,41446,41446,41448,0,2,5
11865,3,3,41449,41449,41452,0,3,1
11866,5,1,41454,41454,41455,0,1,2
11867,5,3,41459,41459,41462,0,3,4
11868,3,2,41462,41462,41464,0,2,0
11869,3,2,41465,41465,41467,0,2,1
11870,6,1,41471,41471,41472,0,1,4
11871,4,1,41475,41475,41476,0,1,3
11872,6,1,41481,41481,41482,0,1,5
11873,4,3,41485,41485,41488,0,3,3
11874,2,2,41487,41488,41490,1,3,0
11875,2,2,41489,41490,41492,1,3,0
11876,6,1,41495,41495,41496,0,1,3
11877,2,1,41497,41497,41498,0,1,1
11878,5,2,41502,41502,41504,0,2,4
11879,2,2,41504,41504,41506,0,2,0
11880,5,1,41509,41509,41510,0,1,3
11881,3,3,41512,41512,41515,0,3,2
11882,4,1,41516,41516,41517,0,1,1
11883,4,1,41520,41520,41521,0,1,3
11884,1,1,41521,41521,41522,0,1,0
11885,3,3,41524,41524,41527,0,3,2
11886,3,3,41527,41527,41530,0,3,0
11887,5,1,41532,41532,41533,0,1,2
11888,1,1,41533,41533,41534,0,1,0
11889,3,2,41536,41536,41538,0,2,2
11890,6,1,41542,41542,41543,0,1,4
11891,2,2,41544,41544,41546,0,2,1
11892,5,3,41549,41549,41552,0,3,3
11893,2,1,41551,41552,41553,1,2,0
11894,5,1,41556,41556,41557,0,1,3
11895,1,3,41557,41557,41560,0,3,0
11896,1,1,41558,41560,41561,2,3,0
11897,2,3,41560,41561,41564,1,4,0
11898,6,1,41566,41566,41567,0,1,2
11899,2,3,41568,41568,41571,0,3,1
11900,2,3,41570,41571,41574,1,4,0
11901,6,2,41576,41576,41578,0,2,2
11902,3,2,41579,41579,41581,0,2,1
11903,5,1,41584,41584,41585,0,1,3
11904,1,2,41585,41585,41587,0,2,0
11905,5,2,41590,41590,41592,0,2,3
11906,1,1,41591,41592,41593,1,2,0
11907,1,1,41592,41593,41594,1,2,0
11908,4,3,41596,41596,41599,0,3,2
11909,6,1,41602,41602,41603,0,1,3
11910,1,2,41603,41603,41605,0,2,0
11911,4,2,41607,41607,41609,0,2,2
11912,3,3,41610,41610,41613,0,3,1
11913,2,1,41612,41613,41614,1,2,0
11914,1,3,41613,41614,41617,1,4,0
11915,3,3,41616,41617,41620,1,4,0
11916,6,2,41622,41622,41624,0,2,2
11917,4,1,41626,41626,41627,0,1,2
11918,6,1,41632,41632,41633,0,1,5
11919,3,2,41635,41635,41637,0,2,2
11920,2,1,41637,41637,41638,0,1,0
11921,3,3,41640,41640,41643,0,3,2
11922,3,1,41643,41643,41644,0,1,0
11923,1,2,41644,41644,41646,0,2,0
11924,5,2,41649,41649,41651,0,2,3
11925,1,3,41650,41651,41654,1,4,0
11926,2,2,41652,41654,41656,2,4,0
11927,2,3,41654,41656,41659,2,5,0
11928,6,2,41660,41660,41662,0,2,1
11929,6,1,41666,41666,41667,0,1,4
11930,5,2,41671,41671,41673,0,2,4
11931,1,3,41672,41673,41676,1,4,0
11932,2,1,41674,41676,41677,2,3,0
11933,5,1,41679,41679,41680,0,1,2
11934,2,2,41681,41681,41683,0,2,1
11935,2,3,41683,41683,41686,0,3,0
11936,6,2,41689,41689,41691,0,2,3
11937,5,1,41694,41694,41695,0,1,3
11938,4,1,41698,41698,41699,0,1,3
11939,1,3,41699,41699,41702,0,3,0
11940,1,1,41700,41702,41703,2,3,0
11941,1,2,41701,41703,41705,2,4,0
11942,3,3,41704,41705,41708,1,4,0
11943,1,2,41705,41708,41710,3,5,0
11944,5,2,41710,41710,41712,0,2,0
11945,6,3,41716,41716,41719,0,3,4
11946,1,3,41717,41719,41722,2,5,0
11947,5,3,41722,41722,41725,0,3,0
11948,6,3,41728,41728,41731,0,3,3
11949,5,3,41733,41733,41736,0,3,2
11950,1,1,41734,41736,41737,2,3,0
11951,4,2,41738,41738,41740,0,2,1
11952,4,3,41742,41742,41745,0,3,2
11953,3,1,41745,41745,41746,0,1,0
11954,1,3,41746,41746,41749,0,3,0
11955,2,2,41748,41749,41751,1,3,0
11956,6,2,41754,41754,41756,0,2,3
11957,3,2,41757,41757,41759,0,2,1
11958,5,1,41762,41762,41763,0,1,3
11959,5,2,41767,41767,41769,0,2,4
11960,6,1,41773,41773,41774,0,1,4
11961,2,2,41775,41775,41777,0,2,1
11962,6,2,41781,41781,41783,0,2,4
11963,1,2,41782,41783,41785,1,3,0
11964,6,2,41788,41788,41790,0,2,3
11965,4,3,41792,41792,41795,0,3,2
11966,1,3,41793,41795,41798,2,5,0
11967,5,3,41798,41798,41801,0,3,0
11968,4,1,41802,41802,41803,0,1,1
11969,6,1,41808,41808,41809,0,1,5
11970,1,2,41809,41809,41811,0,2,0
11971,5,1,41814,41814,41815,0,1,3
11972,6,3,41820,41820,41823,0,3,5
11973,4,1,41824,41824,41825,0,1,1
11974,2,2,41826,41826,41828,0,2,1
11975,2,3,41828,41828,41831,0,3,0
11976,3,1,41831,41831,41832,0,1,0
11977,5,3,41836,41836,41839,0,3,4
11978,1,3,41837,41839,41842,2,5,0
11979,2,1,41839,41842,41843,3,4,0
11980,4,1,41843,41843,41844,0,1,0
11981,3,3,41846,41846,41849,0,3,2
11982,3,1,41849,41849,41850,0,1,0
11983,6,1,41855,41855,41856,0,1,5
11984,5,1,41860,41860,41861,0,1,4
11985,2,3,41862,41862,41865,0,3,1
11986,3,1,41865,41865,41866,0,1,0
11987,1,3,41866,41866,41869,0,3,0
11988,6,3,41872,41872,41875,0,3,3
11989,6,1,41878,41878,41879,0,1,3
11990,4,2,41882,41882,41884,0,2,3
11991,2,3,41884,41884,41887,0,3,0
11992,1,2,41885,41887,41889,2,4,0
11993,2,3,41887,41889,41892,2,5,0
11994,1,3,41888,41892,41895,4,7,0
11995,6,3,41894,41895,41898,1,4,0
11996,2,1,41896,41898,41899,2,3,0
11997,3,3,41899,41899,41902,0,3,0
11998,2,3,41901,41902,41905,1,4,0
11999,6,1,41907,41907,41908,0,1,2
12000,5,2,41912,41912,41914,0,2,4
12001,5,2,41917,41917,41919,0,2,3
12002,5,3,41922,41922,41925,0,3,3
12003,3,3,41925,41925,41928,0,3,0
12004,6,2,41931,41931,41933,0,2,3
12005,5,2,41936,41936,41938,0,2,3
12006,4,3,41940,41940,41943,0,3,2
12007,1,3,41941,41943,41946,2,5,0
12008,2,2,41943,41946,41948,3,5,0
12009,3,2,41946,41948,41950,2,4,0
12010,4,1,41950,41950,41951,0,1,0
12011,5,3,41955,41955,41958,0,3,4
12012,5,2,41960,41960,41962,0,2,2
12013,2,1,41962,41962,41963,0,1,0
12014,5,2,41967,41967,41969,0,2,4
12015,6,1,41973,41973,41974,0,1,4
12016,5,3,41978,41978,41981,0,3,4
12017,3,2,41981,41981,41983,0,2,0
12018,4,1,41985,41985,41986,0,1,2
12019,4,2,41989,41989,41991,0,2,3
12020,4,1,41993,41993,41994,0,1,2
12021,1,3,41994,41994,41997,0,3,0
12022,4,1,41998,41998,41999,0,1,1
12023,4,1,42002,42002,42003,0,1,3
12024,2,3,42004,42004,42007,0,3,1
12025,4,3,42008,42008,42011,0,3,1
12026,1,3,42009,42011,42014,2,5,0
12027,2,2,42011,42014,42016,3,5,0
12028,1,3,42012,42016,42019,4,7,0
12029,5,1,42017,42019,42020,2,3,0
12030,6,3,42023,42023,42026,0,3,3
12031,5,2,42028,42028,42030,0,2,2
12032,5,2,42033,42033,42035,0,2,3
12033,5,2,42038,42038,42040,0,2,3
12034,6,2,42044,42044,42046,0,2,4
12035,4,3,42048,42048,42051,0,3,2
12036,3,3,42051,42051,42054,0,3,0
12037,4,1,42055,42055,42056,0,1,1
12038,1,1,42056,42056,42057,0,1,0
12039,4,2,42060,42060,42062,0,2,3
12040,3,3,42063,42063,42066,0,3,1
12041,3,3,42066,42066,42069,0,3,0
12042,3,3,42069,42069,42072,0,3,0
12043,4,2,42073,42073,42075,0,2,1
12044,5,2,42078,42078,42080,0,2,3
12045,4,1,42082,42082,42083,0,1,2
12046,6,2,42088,42088,42090,0,2,5
12047,5,1,42093,42093,42094,0,1,3
12048,6,2,42099,42099,42101,0,2,5
12049,5,1,42104,42104,42105,0,1,3
12050,4,1,42108,42108,42109,0,1,3
12051,1,2,42109,42109,42111,0,2,0
12052,3,1,42112,42112,42113,0,1,1
12053,4,2,42116,42116,42118,0,2,3
12054,3,2,42119,42119,42121,0,2,1
12055,6,1,42125,42125,42126,0,1,4
12056,6,3,42131,42131,42134,0,3,5
12057,4,1,42135,42135,42136,0,1,1
12058,1,3,42136,42136,42139,0,3,0
12059,2,2,42138,42139,42141,1,3,0
12060,5,2,42143,42143,42145,0,2,2
12061,6,1,42149,42149,42150,0,1,4
12062,3,2,42152,42152,42154,0,2,2
12063,3,2,42155,42155,42157,0,2,1
12064,1,1,42156,42157,42158,1,2,0
12065,5,2,42161,42161,42163,0,2,3
12066,6,1,42167,42167,42168,0,1,4
12067,6,3,42173,42173,42176,0,3,5
12068,4,3,42177,42177,42180,0,3,1
12069,2,3,42179,42180,42183,1,4,0
12070,1,3,42180,42183,42186,3,6,0
12071,3,1,42183,42186,42187,3,4,0
12072,2,2,42185,42187,42189,2,4,0
12073,5,1,42190,42190,42191,0,1,1
12074,4,2,42194,42194,42196,0,2,3
12075,1,3,42195,42196,42199,1,4,0
12076,6,1,42201,42201,42202,0,1,2
12077,2,1,42203,42203,42204,0,1,1
12078,4,1,42207,42207,42208,0,1,3
12079,5,2,42212,42212,42214,0,2,4
12080,2,1,42214,42214,42215,0,1,0
12081,1,2,42215,42215,42217,0,2,0
12082,4,1,42219,42219,42220,0,1,2
12083,2,1,42221,42221,42222,0,1,1
12084,5,1,42226,42226,42227,0,1,4
12085,4,2,42230,42230,42232,0,2,3
12086,5,3,42235,42235,42238,0,3,3
12087,6,3,42241,42241,42244,0,3,3
12088,3,3,42244,42244,42247,0,3,0
12089,1,3,42245,42247,42250,2,5,0
12090,6,3,42251,42251,42254,0,3,1
12091,4,3,42255,42255,42258,0,3,1
12092,2,2,42257,42258,42260,1,3,0
12093,4,3,42261,42261,42264,0,3,1
12094,2,1,42263,42264,42265,1,2,0
12095,2,1,42265,42265,42266,0,1,0
12096,6,2,42271,42271,42273,0,2,5
12097,6,2,42277,42277,42279,0,2,4
12098,3,3,42280,42280,42283,0,3,1
12099,1,2,42281,42283,42285,2,4,0
12100,1,3,42282,42285,42288,3,6,0
12101,3,3,42285,42288,42291,3,6,0
12102,4,2,42289,42291,42293,2,4,0
12103,4,3,42293,42293,42296,0,3,0
12104,3,1,42296,42296,42297,0,1,0
12105,2,2,42298,42298,42300,0,2,1
12106,6,1,42304,42304,42305,0,1,4
12107,6,3,42310,42310,42313,0,3,5
12108,6,3,42316,42316,42319,0,3,3
12109,6,2,42322,42322,42324,0,2,3
12110,6,1,42328,42328,42329,0,1,4
12111,1,2,42329,42329,42331,0,2,0
12112,6,3,42335,42335,42338,0,3,4
12113,1,2,42336,42338,42340,2,4,0
12114,4,3,42340,42340,42343,0,3,0
12115,3,2,42343,42343,42345,0,2,0
12116,6,3,42349,42349,42352,0,3,4
12117,6,3,42355,42355,42358,0,3,3
12118,2,1,42357,42358,42359,1,2,0
12119,6,3,42363,42363,42366,0,3,4
12120,2,2,42365,42366,42368,1,3,0
12121,2,1,42367,42368,42369,1,2,0
12122,5,2,42372,42372,42374,0,2,3
12123,3,3,42375,42375,42378,0,3,1
12124,3,2,42378,42378,42380,0,2,0
12125,2,3,42380,42380,42383,0,3,0
12126,2,2,42382,42383,42385,1,3,0
12127,4,2,42386,42386,42388,0,2,1
12128,2,1,42388,42388,42389,0,1,0
12129,2,3,42390,42390,42393,0,3,1
12130,4,3,42394,42394,42397,0,3,1
12131,2,1,42396,42397,42398,1,2,0
12132,3,3,42399,42399,42402,0,3,1
12133,6,2,42405,42405,42407,0,2,3
12134,4,3,42409,42409,42412,0,3,2
12135,6,3,42415,42415,42418,0,3,3
12136,6,2,42421,42421,42423,0,2,3
12137,4,3,42425,42425,42428,0,3,2
12138,5,3,42430,42430,42433,0,3,2
12139,4,3,42434,42434,42437,0,3,1
12140,6,1,42440,42440,42441,0,1,3
12141,3,3,42443,42443,42446,0,3,2
12142,1,1,42444,42446,42447,2,3,0
12143,5,3,42449,42449,42452,0,3,2
12144,3,2,42452,42452,42454,0,2,0
12145,1,1,42453,42454,42455,1,2,0
12146,6,2,42459,42459,42461,0,2,4
12147,3,2,42462,42462,42464,0,2,1
12148,4,3,42466,42466,42469,0,3,2
12149,3,1,42469,42469,42470,0,1,0
12150,6,3,42475,42475,42478,0,3,5
12151,5,1,42480,42480,42481,0,1,2
12152,4,2,42484,42484,42486,0,2,3
12153,5,2,42489,42489,42491,0,2,3
12154,4,2,42493,42493,42495,0,2,2
12155,5,2,42498,42498,42500,0,2,3
12156,6,2,42504,42504,42506,0,2,4
12157,6,1,42510,42510,42511,0,1,4
12158,1,2,42511,42511,42513,0,2,0
12159,5,1,42516,42516,42517,0,1,3
12160,2,2,42518,42518,42520,0,2,1
12161,1,1,42519,42520,42521,1,2,0
12162,6,1,42525,42525,42526,0,1,4
12163,1,3,42526,42526,42529,0,3,0
12164,4,3,42530,42530,42533,0,3,1
12165,6,1,42536,42536,42537,0,1,3
12166,1,1,42537,42537,42538,0,1,0
12167,5,2,42542,42542,42544,0,2,4
12168,4,2,42546,42546,42548,0,2,2
12169,2,1,42548,42548,42549,0,1,0
12170,5,3,42553,42553,42556,0,3,4
12171,2,1,42555,42556,42557,1,2,0
12172,1,3,42556,42557,42560,1,4,0
12173,3,3,42559,42560,42563,1,4,0
12174,2,3,42561,42563,42566,2,5,0
12175,2,2,42563,42566,42568,3,5,0
12176,5,3,42568,42568,42571,0,3,0
12177,5,2,42573,42573,42575,0,2,2
12178,5,3,42578,42578,42581,0,3,3
12179,3,2,42581,42581,42583,0,2,0
12180,3,2,42584,42584,42586,0,2,1
12181,4,3,42588,42588,42591,0,3,2
12182,6,2,42594,42594,42596,0,2,3
12183,4,3,42598,42598,42601,0,3,2
12184,2,3,42600,42601,42604,1,4,0
12185,1,3,42601,42604,42607,3,6,0
12186,1,1,42602,42607,42608,5,6,0
12187,1,1,42603,42608,42609,5,6,0
12188,6,1,42609,42609,42610,0,1,0
12189,5,2,42614,42614,42616,0,2,4
12190,6,3,42620,42620,42623,0,3,4
12191,3,3,42623,42623,42626,0,3,0
12192,6,2,42629,42629,42631,0,2,3
12193,1,2,42630,42631,42633,1,3,0
12194,3,1,42633,42633,42634,0,1,0
12195,2,3,42635,42635,42638,0,3,1
12196,3,2,42638,42638,42640,0,2,0
12197,5,2,42643,42643,42645,0,2,3
12198,6,2,42649,42649,42651,0,2,4
12199,2,3,42651,42651,42654,0,3,0
12200,4,1,42655,42655,42656,0,1,1
12201,1,2,42656,42656,42658,0,2,0
12202,6,3,42662,42662,42665,0,3,4
12203,6,1,42668,42668,42669,0,1,3
12204,4,1,42672,42672,42673,0,1,3
12205,4,3,42676,42676,42679,0,3,3
12206,2,1,42678,42679,42680,1,2,0
12207,6,3,42684,42684,42687,0,3,4
12208,6,3,42690,42690,42693,0,3,3
12209,1,3,42691,42693,42696,2,5,0
12210,5,1,42696,42696,42697,0,1,0
12211,1,3,42697,42697,42700,0,3,0
12212,4,2,42701,42701,42703,0,2,1
12213,5,1,42706,42706,42707,0,1,3
12214,4,3,42710,42710,42713,0,3,3
12215,2,3,42712,42713,42716,1,4,0
12216,6,2,42718,42718,42720,0,2,2
12217,4,2,42722,42722,42724,0,2,2
12218,4,1,42726,42726,42727,0,1,2
12219,4,2,42730,42730,42732,0,2,3
12220,3,3,42733,42733,42736,0,3,1
12221,2,3,42735,42736,42739,1,4,0
12222,4,3,42739,42739,42742,0,3,0
12223,5,1,42744,42744,42745,0,1,2
12224,5,1,42749,42749,42750,0,1,4
12225,3,2,42752,42752,42754,0,2,2
12226,3,3,42755,42755,42758,0,3,1
12227,1,2,42756,42758,42760,2,4,0
12228,3,2,42759,42760,42762,1,3,0
12229,5,3,42764,42764,42767,0,3,2
12230,4,1,42768,42768,42769,0,1,1
12231,3,1,42771,42771,42772,0,1,2
12232,6,3,42777,42777,42780,0,3,5
12233,1,2,42778,42780,42782,2,4,0
12234,5,1,42783,42783,42784,0,1,1
12235,3,3,42786,42786,42789,0,3,2
12236,6,3,42792,42792,42795,0,3,3
12237,6,2,42798,42798,42800,0,2,3
12238,4,1,42802,42802,42803,0,1,2
12239,4,3,42806,42806,42809,0,3,3
12240,3,3,42809,42809,42812,0,3,0
12241,5,3,42814,42814,42817,0,3,2
12242,3,1,42817,42817,42818,0,1,0
12243,4,2,42821,42821,42823,0,2,3
12244,3,2,42824,42824,42826,0,2,1
12245,2,2,42826,42826,42828,0,2,0
12246,4,2,42830,42830,42832,0,2,2
12247,4,3,42834,42834,42837,0,3,2
12248,2,3,42836,42837,42840,1,4,0
12249,5,1,42841,42841,42842,0,1,1
12250,6,3,42847,42847,42850,0,3,5
12251,3,2,42850,42850,42852,0,2,0
12252,3,3,42853,42853,42856,0,3,1
12253,1,2,42854,42856,42858,2,4,0
12254,5,1,42859,42859,42860,0,1,1
12255,6,1,42865,42865,42866,0,1,5
12256,2,3,42867,42867,42870,0,3,1
12257,5,3,42872,42872,42875,0,3,2
12258,4,3,42876,42876,42879,0,3,1
12259,5,3,42881,42881,42884,0,3,2
12260,4,2,42885,42885,42887,0,2,1
12261,5,3,42890,42890,42893,0,3,3
12262,6,2,42896,42896,42898,0,2,3
12263,2,2,42898,42898,42900,0,2,0
12264,1,1,42899,42900,42901,1,2,0
12265,3,2,42902,42902,42904,0,2,1
12266,2,3,42904,42904,42907,0,3,0
12267,5,2,42909,42909,42911,0,2,2
12268,5,1,42914,42914,42915,0,1,3
12269,4,3,42918,42918,42921,0,3,3
12270,3,2,42921,42921,42923,0,2,0
12271,5,3,42926,42926,42929,0,3,3
12272,2,2,42928,42929,42931,1,3,0
12273,5,3,42933,42933,42936,0,3,2
12274,2,1,42935,42936,42937,1,2,0
12275,2,3,42937,42937,42940,0,3,0
12276,4,2,42941,42941,42943,0,2,1
12277,6,2,42947,42947,42949,0,2,4
12278,3,1,42950,42950,42951,0,1,1
12279,2,2,42952,42952,42954,0,2,1
12280,3,2,42955,42955,42957,0,2,1
12281,6,3,42961,42961,42964,0,3,4
12282,2,2,42963,42964,42966,1,3,0
12283,5,3,42968,42968,42971,0,3,2
12284,1,2,42969,42971,42973,2,4,0
12285,4,1,42973,42973,42974,0,1,0
12286,6,1,42979,42979,42980,0,1,5
12287,3,3,42982,42982,42985,0,3,2
12288,1,3,42983,42985,42988,2,5,0
12289,5,2,42988,42988,42990,0,2,0
12290,2,1,42990,42990,42991,0,1,0
12291,1,2,42991,42991,42993,0,2,0
12292,6,1,42997,42997,42998,0,1,4
12293,5,2,43002,43002,43004,0,2,4
12294,4,3,43006,43006,43009,0,3,2
12295,2,3,43008,43009,43012,1,4,0
12296,2,3,43010,43012,43015,2,5,0
12297,3,1,43013,43015,43016,2,3,0
12298,2,1,43015,43016,43017,1,2,0
12299,2,3,43017,43017,43020,0,3,0
12300,1,1,43018,43020,43021,2,3,0
12301,3,3,43021,43021,43024,0,3,0
12302,4,2,43025,43025,43027,0,2,1
12303,2,1,43027,43027,43028,0,1,0
12304,2,1,43029,43029,43030,0,1,1
12305,6,3,43035,43035,43038,0,3,5
12306,5,1,43040,43040,43041,0,1,2
12307,2,2,43042,43042,43044,0,2,1
12308,2,3,43044,43044,43047,0,3,0
12309,3,1,43047,43047,43048,0,1,0
12310,5,2,43052,43052,43054,0,2,4
12311,2,3,43054,43054,43057,0,3,0
12312,5,1,43059,43059,43060,0,1,2
12313,4,1,43063,43063,43064,0,1,3
12314,3,1,43066,43066,43067,0,1,2
12315,6,2,43072,43072,43074,0,2,5
12316,3,2,43075,43075,43077,0,2,1
12317,6,3,43081,43081,43084,0,3,4
12318,4,3,43085,43085,43088,0,3,1
12319,2,1,43087,43088,43089,1,2,0
12320,2,3,43089,43089,43092,0,3,0
12321,1,3,43090,43092,43095,2,5,0
12322,2,3,43092,43095,43098,3,6,0
12323,1,3,43093,43098,43101,5,8,0
12324,3,2,43096,43101,43103,5,7,0
12325,1,3,43097,43103,43106,6,9,0
12326,3,3,43100,43106,43109,6,9,0
12327,5,1,43105,43109,43110,4,5,0
12328,1,2,43106,43110,43112,4,6,0
12329,5,3,43111,43112,43115,1,4,0
12330,2,3,43113,43115,43118,2,5,0
12331,1,1,43114,43118,43119,4,5,0
12332,5,1,43119,43119,43120,0,1,0
12333,2,3,43121,43121,43124,0,3,1
12334,5,1,43126,43126,43127,0,1,2
12335,6,3,43132,43132,43135,0,3,5
12336,5,2,43137,43137,43139,0,2,2
12337,5,1,43142,43142,43143,0,1,3
12338,2,1,43144,43144,43145,0,1,1
12339,6,3,43150,43150,43153,0,3,5
12340,6,2,43156,43156,43158,0,2,3
12341,1,1,43157,43158,43159,1,2,0
12342,1,2,43158,43159,43161,1,3,0
12343,2,1,43160,43161,43162,1,2,0
12344,4,1,43164,43164,43165,0,1,2
12345,5,2,43169,43169,43171,0,2,4
12346,6,2,43175,43175,43177,0,2,4
12347,6,2,43181,43181,43183,0,2,4
12348,1,1,43182,43183,43184,1,2,0
12349,5,1,43187,43187,43188,0,1,3
12350,6,1,43193,43193,43194,0,1,5
12351,1,3,43194,43194,43197,0,3,0
12352,1,1,43195,43197,43198,2,3,0
12353,3,1,43198,43198,43199,0,1,0
12354,1,3,43199,43199,43202,0,3,0
12355,6,1,43205,43205,43206,0,1,3
12356,6,3,43211,43211,43214,0,3,5
12357,2,2,43213,43214,43216,1,3,0
12358,5,2,43218,43218,43220,0,2,2
12359,1,1,43219,43220,43221,1,2,0
12360,3,2,43222,43222,43224,0,2,1
12361,1,2,43223,43224,43226,1,3,0
12362,3,3,43226,43226,43229,0,3,0
12363,1,2,43227,43229,43231,2,4,0
12364,3,2,43230,43231,43233,1,3,0
12365,2,1,43232,43233,43234,1,2,0
12366,2,1,43234,43234,43235,0,1,0
12367,4,2,43238,43238,43240,0,2,3
12368,3,2,43241,43241,43243,0,2,1
12369,2,3,43243,43243,43246,0,3,0
12370,3,2,43246,43246,43248,0,2,0
12371,5,2,43251,43251,43253,0,2,3
12372,3,3,43254,43254,43257,0,3,1
12373,4,3,43258,43258,43261,0,3,1
12374,6,1,43264,43264,43265,0,1,3
12375,4,1,43268,43268,43269,0,1,3
12376,2,2,43270,43270,43272,0,2,1
12377,1,3,43271,43272,43275,1,4,0
12378,4,3,43275,43275,43278,0,3,0
12379,1,2,43276,43278,43280,2,4,0
12380,6,2,43282,43282,43284,0,2,2
12381,1,3,43283,43284,43287,1,4,0
12382,5,2,43288,43288,43290,0,2,1
12383,5,2,43293,43293,43295,0,2,3
12384,6,2,43299,43299,43301,0,2,4
12385,1,2,43300,43301,43303,1,3,0
12386,5,3,43305,43305,43308,0,3,2
12387,6,2,43311,43311,43313,0,2,3
12388,1,3,43312,43313,43316,1,4,0
12389,3,2,43315,43316,43318,1,3,0
12390,3,1,43318,43318,43319,0,1,0
12391,3,3,43321,43321,43324,0,3,2
12392,6,2,43327,43327,43329,0,2,3
12393,4,3,43331,43331,43334,0,3,2
12394,4,1,43335,43335,43336,0,1,1
12395,4,1,43339,43339,43340,0,1,3
12396,1,3,43340,43340,43343,0,3,0
12397,5,3,43345,43345,43348,0,3,2
12398,5,3,43350,43350,43353,0,3,2
12399,1,2,43351,43353,43355,2,4,0
12400,6,3,43357,43357,43360,0,3,2
12401,2,3,43359,43360,43363,1,4,0
12402,4,1,43363,43363,43364,0,1,0
12403,5,2,43368,43368,43370,0,2,4
12404,1,2,43369,43370,43372,1,3,0
12405,4,2,43373,43373,43375,0,2,1
12406,1,2,43374,43375,43377,1,3,0
12407,5,1,43379,43379,43380,0,1,2
12408,2,2,43381,43381,43383,0,2,1
12409,2,1,43383,43383,43384,0,1,0
12410,5,2,43388,43388,43390,0,2,4
12411,4,3,43392,43392,43395,0,3,2
12412,4,2,43396,43396,43398,0,2,1
12413,2,2,43398,43398,43400,0,2,0
12414,4,2,43402,43402,43404,0,2,2
12415,2,2,43404,43404,43406,0,2,0
12416,3,2,43407,43407,43409,0,2,1
12417,1,1,43408,43409,43410,1,2,0
12418,4,2,43412,43412,43414,0,2,2
12419,3,1,43415,43415,43416,0,1,1
12420,6,1,43421,43421,43422,0,1,5
12421,6,2,43427,43427,43429,0,2,5
12422,5,3,43432,43432,43435,0,3,3
12423,6,2,43438,43438,43440,0,2,3
12424,6,2,43444,43444,43446,0,2,4
12425,1,2,43445,43446,43448,1,3,0
12426,1,2,43446,43448,43450,2,4,0
12427,6,2,43452,43452,43454,0,2,2
12428,6,3,43458,43458,43461,0,3,4
12429,2,1,43460,43461,43462,1,2,0
12430,6,1,43466,43466,43467,0,1,4
12431,4,2,43470,43470,43472,0,2,3
12432,4,1,43474,43474,43475,0,1,2
12433,1,2,43475,43475,43477,0,2,0
12434,4,3,43479,43479,43482,0,3,2
12435,4,2,43483,43483,43485,0,2,1
12436,1,3,43484,43485,43488,1,4,0
12437,5,2,43489,43489,43491,0,2,1
12438,4,2,43493,43493,43495,0,2,2
12439,1,1,43494,43495,43496,1,2,0
12440,2,3,43496,43496,43499,0,3,0
12441,4,1,43500,43500,43501,0,1,1
12442,4,2,43504,43504,43506,0,2,3
12443,3,2,43507,43507,43509,0,2,1
12444,4,2,43511,43511,43513,0,2,2
12445,3,1,43514,43514,43515,0,1,1
12446,3,2,43517,43517,43519,0,2,2
12447,1,3,43518,43519,43522,1,4,0
12448,4,3,43522,43522,43525,0,3,0
12449,3,3,43525,43525,43528,0,3,0
12450,3,3,43528,43528,43531,0,3,0
12451,1,2,43529,43531,43533,2,4,0
12452,1,2,43530,43533,43535,3,5,0
12453,2,2,43532,43535,43537,3,5,0
12454,3,1,43535,43537,43538,2,3,0
12455,5,1,43540,43540,43541,0,1,2
12456,1,1,43541,43541,43542,0,1,0
12457,3,3,43544,43544,43547,0,3,2
12458,2,3,43546,43547,43550,1,4,0
12459,4,2,43550,43550,43552,0,2,0
12460,1,1,43551,43552,43553,1,2,0
12461,4,1,43555,43555,43556,0,1,2
12462,3,3,43558,43558,43561,0,3,2
12463,3,2,43561,43561,43563,0,2,0
12464,4,2,43565,43565,43567,0,2,2
12465,1,2,43566,43567,43569,1,3,0
12466,1,3,43567,43569,43572,2,5,0
12467,3,1,43570,43572,43573,2,3,0
12468,3,1,43573,43573,43574,0,1,0
12469,5,3,43578,43578,43581,0,3,4
12470,1,2,43579,43581,43583,2,4,0
12471,5,3,43584,43584,43587,0,3,1
12472,2,2,43586,43587,43589,1,3,0
12473,2,3,43588,43589,43592,1,4,0
12474,5,1,43593,43593,43594,0,1,1
12475,1,2,43594,43594,43596,0,2,0
12476,6,1,43600,43600,43601,0,1,4
12477,2,1,43602,43602,43603,0,1,1
12478,2,2,43604,43604,43606,0,2,1
12479,4,1,43608,43608,43609,0,1,2
12480,1,2,43609,43609,43611,0,2,0
12481,1,2,43610,43611,43613,1,3,0
12482,6,1,43616,43616,43617,0,1,3
12483,3,1,43619,43619,43620,0,1,2
12484,5,2,43624,43624,43626,0,2,4
12485,5,2,43629,43629,43631,0,2,3
12486,2,2,43631,43631,43633,0,2,0
12487,5,1,43636,43636,43637,0,1,3
12488,1,1,43637,43637,43638,0,1,0
12489,5,3,43642,43642,43645,0,3,4
12490,6,1,43648,43648,43649,0,1,3
12491,4,3,43652,43652,43655,0,3,3
12492,1,1,43653,43655,43656,2,3,0
12493,2,1,43655,43656,43657,1,2,0
12494,4,2,43659,43659,43661,0,2,2
12495,2,2,43661,43661,43663,0,2,0
12496,5,2,43666,43666,43668,0,2,3
12497,4,3,43670,43670,43673,0,3,2
12498,5,1,43675,43675,43676,0,1,2
12499,5,1,43680,43680,43681,0,1,4
12500,1,3,43681,43681,43684,0,3,0
12501,5,3,43686,43686,43689,0,3,2
12502,1,3,43687,43689,43692,2,5,0
12503,5,1,43692,43692,43693,0,1,0
12504,4,1,43696,43696,43697,0,1,3
12505,3,2,43699,43699,43701,0,2,2
12506,5,2,43704,43704,43706,0,2,3
12507,6,3,43710,43710,43713,0,3,4
12508,1,2,43711,43713,43715,2,4,0
12509,1,1,43712,43715,43716,3,4,0
12510,1,3,43713,43716,43719,3,6,0
12511,1,1,43714,43719,43720,5,6,0
12512,5,2,43719,43720,43722,1,3,0
12513,6,2,43725,43725,43727,0,2,3
12514,5,2,43730,43730,43732,0,2,3
12515,6,2,43736,43736,43738,0,2,4
12516,3,1,43739,43739,43740,0,1,1
12517,4,2,43743,43743,43745,0,2,3
12518,6,3,43749,43749,43752,0,3,4
12519,5,3,43754,43754,43757,0,3,2
12520,1,2,43755,43757,43759,2,4,0
12521,6,1,43761,43761,43762,0,1,2
12522,2,1,43763,43763,43764,0,1,1
12523,4,2,43767,43767,43769,0,2,3
12524,3,3,43770,43770,43773,0,3,1
12525,3,1,43773,43773,43774,0,1,0
12526,4,2,43777,43777,43779,0,2,3
12527,5,3,43782,43782,43785,0,3,3
12528,2,1,43784,43785,43786,1,2,0
12529,2,2,43786,43786,43788,0,2,0
12530,3,1,43789,43789,43790,0,1,1
12531,2,2,43791,43791,43793,0,2,1
12532,1,2,43792,43793,43795,1,3,0
12533,3,3,43795,43795,43798,0,3,0
12534,5,1,43800,43800,43801,0,1,2
12535,5,3,43805,43805,43808,0,3,4
12536,4,2,43809,43809,43811,0,2,1
12537,1,3,43810,43811,43814,1,4,0
12538,5,1,43815,43815,43816,0,1,1
12539,3,2,43818,43818,43820,0,2,2
12540,1,1,43819,43820,43821,1,2,0
12541,4,2,43823,43823,43825,0,2,2
12542,2,1,43825,43825,43826,0,1,0
12543,2,3,43827,43827,43830,0,3,1
12544,5,2,43832,43832,43834,0,2,2
12545,1,3,43833,43834,43837,1,4,0
12546,6,2,43839,43839,43841,0,2,2
12547,2,3,43841,43841,43844,0,3,0
12548,6,3,43847,43847,43850,0,3,3
12549,4,1,43851,43851,43852,0,1,1
12550,6,1,43857,43857,43858,0,1,5
12551,6,2,43863,43863,43865,0,2,5
12552,3,2,43866,43866,43868,0,2,1
12553,6,3,43872,43872,43875,0,3,4
12554,3,1,43875,43875,43876,0,1,0
12555,4,3,43879,43879,43882,0,3,3
12556,6,2,43885,43885,43887,0,2,3
12557,6,1,43891,43891,43892,0,1,4
12558,3,3,43894,43894,43897,0,3,2
12559,3,2,43897,43897,43899,0,2,0
12560,1,2,43898,43899,43901,1,3,0
12561,5,3,43903,43903,43906,0,3,2
12562,5,1,43908,43908,43909,0,1,2
12563,2,3,43910,43910,43913,0,3,1
12564,6,2,43916,43916,43918,0,2,3
12565,4,1,43920,43920,43921,0,1,2
12566,2,1,43922,43922,43923,0,1,1
12567,2,2,43924,43924,43926,0,2,1
12568,5,2,43929,43929,43931,0,2,3
12569,5,1,43934,43934,43935,0,1,3
12570,5,1,43939,43939,43940,0,1,4
12571,1,2,43940,43940,43942,0,2,0
12572,4,1,43944,43944,43945,0,1,2
12573,5,1,43949,43949,43950,0,1,4
12574,3,3,43952,43952,43955,0,3,2
12575,3,2,43955,43955,43957,0,2,0
12576,6,3,43961,43961,43964,0,3,4
12577,2,2,43963,43964,43966,1,3,0
12578,5,1,43968,43968,43969,0,1,2
12579,3,2,43971,43971,43973,0,2,2
12580,2,3,43973,43973,43976,0,3,0
12581,3,1,43976,43976,43977,0,1,0
12582,1,3,43977,43977,43980,0,3,0
12583,4,3,43981,43981,43984,0,3,1
12584,6,3,43987,43987,43990,0,3,3
12585,6,2,43993,43993,43995,0,2,3
12586,2,1,43995,43995,43996,0,1,0
12587,4,2,43999,43999,44001,0,2,3
12588,4,1,44003,44003,44004,0,1,2
12589,2,1,44005,44005,44006,0,1,1
12590,6,3,44011,44011,44014,0,3,5
12591,3,3,44014,44014,44017,0,3,0
12592,5,1,44019,44019,44020,0,1,2
12593,4,2,44023,44023,44025,0,2,3
12594,5,2,44028,44028,44030,0,2,3
12595,2,3,44030,44030,44033,0,3,0
12596,2,2,44032,44033,44035,1,3,0
12597,5,3,44037,44037,44040,0,3,2
12598,5,3,44042,44042,44045,0,3,2
12599,4,1,44046,44046,44047,0,1,1
12600,5,2,44051,44051,44053,0,2,4
12601,1,2,44052,44053,44055,1,3,0
12602,3,3,44055,44055,44058,0,3,0
12603,4,2,44059,44059,44061,0,2,1
12604,2,3,44061,44061,44064,0,3,0
12605,1,1,44062,44064,44065,2,3,0
12606,6,2,44068,44068,44070,0,2,3
12607,4,2,44072,44072,44074,0,2,2
12608,1,2,44073,44074,44076,1,3,0
12609,4,1,44077,44077,44078,0,1,1
12610,2,2,44079,44079,44081,0,2,1
12611,3,2,44082,44082,44084,0,2,1
12612,2,3,44084,44084,44087,0,3,0
12613,3,1,44087,44087,44088,0,1,0
12614,4,3,44091,44091,44094,0,3,3
12615,6,3,44097,44097,44100,0,3,3
12616,1,2,44098,44100,44102,2,4,0
12617,5,1,44103,44103,44104,0,1,1
12618,1,2,44104,44104,44106,0,2,0
12619,5,1,44109,44109,44110,0,1,3
12620,5,3,44114,44114,44117,0,3,4
12621,3,2,44117,44117,44119,0,2,0
12622,4,1,44121,44121,44122,0,1,2
12623,2,2,44123,44123,44125,0,2,1
12624,6,3,44129,44129,44132,0,3,4
12625,2,3,44131,44132,44135,1,4,0
12626,4,3,44135,44135,44138,0,3,0
12627,2,3,44137,44138,44141,1,4,0
12628,2,2,44139,44141,44143,2,4,0
12629,6,3,44145,44145,44148,0,3,2
12630,1,1,44146,44148,44149,2,3,0
12631,5,1,44151,44151,44152,0,1,2
12632,3,3,44154,44154,44157,0,3,2
12633,1,3,44155,44157,44160,2,5,0
12634,2,3,44157,44160,44163,3,6,0
12635,2,1,44159,44163,44164,4,5,0
12636,6,1,44165,44165,44166,0,1,1
12637,6,3,44171,44171,44174,0,3,5
12638,4,1,44175,44175,44176,0,1,1
12639,2,1,44177,44177,44178,0,1,1
12640,2,2,44179,44179,44181,0,2,1
12641,4,1,44183,44183,44184,0,1,2
12642,6,2,44189,44189,44191,0,2,5
12643,4,2,44193,44193,44195,0,2,2
12644,2,1,44195,44195,44196,0,1,0
12645,6,2,44201,44201,44203,0,2,5
12646,3,3,44204,44204,44207,0,3,1
12647,5,2,44209,44209,44211,0,2,2
12648,4,3,44213,44213,44216,0,3,2
12649,5,2,44218,44218,44220,0,2,2
12650,2,3,44220,44220,44223,0,3,0
12651,6,2,44226,44226,44228,0,2,3
12652,6,3,44232,44232,44235,0,3,4
12653,5,3,44237,44237,44240,0,3,2
12654,5,3,44242,44242,44245,0,3,2
12655,6,2,44248,44248,44250,0,2,3
12656,6,2,44254,44254,44256,0,2,4
12657,6,3,44260,44260,44263,0,3,4
12658,5,1,44265,44265,44266,0,1,2
12659,2,1,44267,44267,44268,0,1,1
12660,2,1,44269,44269,44270,0,1,1
12661,5,3,44274,44274,44277,0,3,4
12662,6,2,44280,44280,44282,0,2,3
12663,2,1,44282,44282,44283,0,1,0
12664,3,1,44285,44285,44286,0,1,2
12665,3,3,44288,44288,44291,0,3,2
12666,6,3,44294,44294,44297,0,3,3
12667,1,2,44295,44297,44299,2,4,0
12668,2,3,44297,44299,44302,2,5,0
12669,5,2,44302,44302,44304,0,2,0
12670,2,2,44304,44304,44306,0,2,0
12671,6,2,44310,44310,44312,0,2,4
12672,5,2,44315,44315,44317,0,2,3
12673,1,1,44316,44317,44318,1,2,0
12674,4,1,44320,44320,44321,0,1,2
12675,6,2,44326,44326,44328,0,2,5
12676,4,1,44330,44330,44331,0,1,2
12677,2,2,44332,44332,44334,0,2,1
12678,1,3,44333,44334,44337,1,4,0
12679,2,1,44335,44337,44338,2,3,0
12680,5,1,44340,44340,44341,0,1,2
12681,2,3,44342,44342,44345,0,3,1
12682,3,3,44345,44345,44348,0,3,0
12683,4,3,44349,44349,44352,0,3,1
12684,5,1,44354,44354,44355,0,1,2
12685,2,3,44356,44356,44359,0,3,1
12686,6,3,44362,44362,44365,0,3,3
12687,5,3,44367,44367,44370,0,3,2
12688,5,1,44372,44372,44373,0,1,2
12689,4,3,44376,44376,44379,0,3,3
12690,5,1,44381,44381,44382,0,1,2
12691,1,1,44382,44382,44383,0,1,0
12692,4,2,44386,44386,44388,0,2,3
12693,1,3,44387,44388,44391,1,4,0
12694,6,2,44393,44393,44395,0,2,2
12695,6,1,44399,44399,44400,0,1,4
12696,3,3,44402,44402,44405,0,3,2
12697,4,1,44406,44406,44407,0,1,1
12698,5,3,44411,44411,44414,0,3,4
12699,2,3,44413,44414,44417,1,4,0
12700,5,2,44418,44418,44420,0,2,1
12701,3,3,44421,44421,44424,0,3,1
12702,1,1,44422,44424,44425,2,3,0
12703,6,2,44428,44428,44430,0,2,3
12704,5,3,44433,44433,44436,0,3,3
12705,1,2,44434,44436,44438,2,4,0
12706,3,1,44437,44438,44439,1,2,0
12707,3,2,44440,44440,44442,0,2,1
12708,5,1,44445,44445,44446,0,1,3
12709,1,2,44446,44446,44448,0,2,0
12710,5,3,44451,44451,44454,0,3,3
12711,6,1,44457,44457,44458,0,1,3
12712,5,2,44462,44462,44464,0,2,4
12713,2,2,44464,44464,44466,0,2,0
12714,3,1,44467,44467,44468,0,1,1
12715,1,3,44468,44468,44471,0,3,0
12716,6,3,44474,44474,44477,0,3,3
12717,3,3,44477,44477,44480,0,3,0
12718,6,1,44483,44483,44484,0,1,3
12719,3,1,44486,44486,44487,0,1,2
12720,6,3,44492,44492,44495,0,3,5
12721,3,3,44495,44495,44498,0,3,0
12722,6,3,44501,44501,44504,0,3,3
12723,3,2,44504,44504,44506,0,2,0
12724,4,2,44508,44508,44510,0,2,2
12725,4,2,44512,44512,44514,0,2,2
12726,4,1,44516,44516,44517,0,1,2
12727,5,1,44521,44521,44522,0,1,4
12728,5,3,44526,44526,44529,0,3,4
12729,3,2,44529,44529,44531,0,2,0
12730,2,3,44531,44531,44534,0,3,0
12731,3,3,44534,44534,44537,0,3,0
12732,1,2,44535,44537,44539,2,4,0
12733,5,1,44540,44540,44541,0,1,1
12734,2,1,44542,44542,44543,0,1,1
12735,4,1,44546,44546,44547,0,1,3
12736,2,1,44548,44548,44549,0,1,1
12737,6,1,44554,44554,44555,0,1,5
12738,5,1,44559,44559,44560,0,1,4
12739,5,2,44564,44564,44566,0,2,4
12740,1,2,44565,44566,44568,1,3,0
12741,6,2,44571,44571,44573,0,2,3
12742,3,2,44574,44574,44576,0,2,1
12743,4,2,44578,44578,44580,0,2,2
12744,4,3,44582,44582,44585,0,3,2
12745,2,3,44584,44585,44588,1,4,0
12746,2,1,44586,44588,44589,2,3,0
12747,3,1,44589,44589,44590,0,1,0
12748,3,2,44592,44592,44594,0,2,2
12749,5,3,44597,44597,44600,0,3,3
12750,5,3,44602,44602,44605,0,3,2
12751,2,1,44604,44605,44606,1,2,0
12752,4,2,44608,44608,44610,0,2,2
12753,2,3,44610,44610,44613,0,3,0
12754,6,3,44616,44616,44619,0,3,3
12755,6,3,44622,44622,44625,0,3,3
12756,1,1,44623,44625,44626,2,3,0
12757,4,3,44627,44627,44630,0,3,1
12758,4,2,44631,44631,44633,0,2,1
12759,2,3,44633,44633,44636,0,3,0
12760,2,1,44635,44636,44637,1,2,0
12761,4,2,44639,44639,44641,0,2,2
12762,5,3,44644,44644,44647,0,3,3
12763,6,1,44650,44650,44651,0,1,3
12764,5,3,44655,44655,44658,0,3,4
12765,6,1,44661,44661,44662,0,1,3
12766,1,1,44662,44662,44663,0,1,0
12767,2,1,44664,44664,44665,0,1,1
12768,4,2,44668,44668,44670,0,2,3
12769,2,2,44670,44670,44672,0,2,0
12770,3,1,44673,44673,44674,0,1,1
12771,2,3,44675,44675,44678,0,3,1
12772,4,2,44679,44679,44681,0,2,1
12773,4,1,44683,44683,44684,0,1,2
12774,3,2,44686,44686,44688,0,2,2
12775,3,3,44689,44689,44692,0,3,1
12776,1,3,44690,44692,44695,2,5,0
12777,4,3,44694,44695,44698,1,4,0
12778,5,3,44699,44699,44702,0,3,1
12779,4,3,44703,44703,44706,0,3,1
12780,6,2,44709,44709,44711,0,2,3
12781,1,3,44710,44711,44714,1,4,0
12782,4,1,44714,44714,44715,0,1,0
12783,6,2,44720,44720,44722,0,2,5
12784,1,2,44721,44722,44724,1,3,0
12785,5,2,44726,44726,44728,0,2,2
12786,5,3,44731,44731,44734,0,3,3
12787,3,1,44734,44734,44735,0,1,0
12788,1,1,44735,44735,44736,0,1,0
12789,4,2,44739,44739,44741,0,2,3
12790,6,2,44745,44745,44747,0,2,4
12791,6,1,44751,44751,44752,0,1,4
12792,1,3,44752,44752,44755,0,3,0
12793,4,2,44756,44756,44758,0,2,1
12794,1,3,44757,44758,44761,1,4,0
12795,5,3,44762,44762,44765,0,3,1
12796,3,1,44765,44765,44766,0,1,0
12797,4,2,44769,44769,44771,0,2,3
12798,6,1,44775,44775,44776,0,1,4
12799,2,1,44777,44777,44778,0,1,1
12800,4,2,44781,44781,44783,0,2,3
12801,2,1,44783,44783,44784,0,1,0
12802,2,1,44785,44785,44786,0,1,1
12803,4,2,44789,44789,44791,0,2,3
12804,5,2,44794,44794,44796,0,2,3
12805,3,2,44797,44797,44799,0,2,1
12806,5,1,44802,44802,44803,0,1,3
12807,2,3,44804,44804,44807,0,3,1
12808,5,2,44809,44809,44811,0,2,2
12809,4,1,44813,44813,44814,0,1,2
12810,5,1,44818,44818,44819,0,1,4
12811,4,3,44822,44822,44825,0,3,3
12812,2,2,44824,44825,44827,1,3,0
12813,4,1,44828,44828,44829,0,1,1
12814,4,2,44832,44832,44834,0,2,3
12815,1,2,44833,44834,44836,1,3,0
12816,1,1,44834,44836,44837,2,3,0
12817,4,1,44838,44838,44839,0,1,1
12818,5,1,44843,44843,44844,0,1,4
12819,4,2,44847,44847,44849,0,2,3
12820,1,3,44848,44849,44852,1,4,0
12821,1,3,44849,44852,44855,3,6,0
12822,2,3,44851,44855,44858,4,7,0
12823,4,3,44855,44858,44861,3,6,0
12824,2,3,44857,44861,44864,4,7,0
12825,6,3,44863,44864,44867,1,4,0
12826,4,2,44867,44867,44869,0,2,0
12827,1,2,44868,44869,44871,1,3,0
12828,5,3,44873,44873,44876,0,3,2
12829,1,1,44874,44876,44877,2,3,0
12830,5,3,44879,44879,44882,0,3,2
12831,2,3,44881,44882,44885,1,4,0
12832,4,1,44885,44885,44886,0,1,0
12833,4,3,44889,44889,44892,0,3,3
12834,4,1,44893,44893,44894,0,1,1
12835,6,2,44899,44899,44901,0,2,5
12836,2,2,44901,44901,44903,0,2,0
12837,6,1,44907,44907,44908,0,1,4
12838,2,1,44909,44909,44910,0,1,1
12839,2,2,44911,44911,44913,0,2,1
12840,4,1,44915,44915,44916,0,1,2
12841,4,3,44919,44919,44922,0,3,3
12842,5,2,44924,44924,44926,0,2,2
12843,1,2,44925,44926,44928,1,3,0
12844,2,3,44927,44928,44931,1,4,0
12845,1,1,44928,44931,44932,3,4,0
12846,5,3,44933,44933,44936,0,3,1
12847,5,2,44938,44938,44940,0,2,2
12848,2,2,44940,44940,44942,0,2,0
12849,4,2,44944,44944,44946,0,2,2
12850,3,3,44947,44947,44950,0,3,1
12851,6,3,44953,44953,44956,0,3,3
12852,1,3,44954,44956,44959,2,5,0
12853,1,1,44955,44959,44960,4,5,0
12854,4,2,44959,44960,44962,1,3,0
12855,4,3,44963,44963,44966,0,3,1
12856,1,1,44964,44966,44967,2,3,0
12857,5,2,44969,44969,44971,0,2,2
12858,6,3,44975,44975,44978,0,3,4
12859,3,1,44978,44978,44979,0,1,0
12860,4,2,44982,44982,44984,0,2,3
12861,4,2,44986,44986,44988,0,2,2
12862,3,1,44989,44989,44990,0,1,1
12863,3,2,44992,44992,44994,0,2,2
12864,2,1,44994,44994,44995,0,1,0
12865,6,2,45000,45000,45002,0,2,5
12866,2,3,45002,45002,45005,0,3,0
12867,6,1,45008,45008,45009,0,1,3
12868,2,1,45010,45010,45011,0,1,1
12869,1,1,45011,45011,45012,0,1,0
12870,5,2,45016,45016,45018,0,2,4
12871,3,2,45019,45019,45021,0,2,1
12872,4,1,45023,45023,45024,0,1,2
12873,4,3,45027,45027,45030,0,3,3
12874,4,2,45031,45031,45033,0,2,1
12875,4,1,45035,45035,45036,0,1,2
12876,5,3,45040,45040,45043,0,3,4
12877,3,1,45043,45043,45044,0,1,0
12878,3,2,45046,45046,45048,0,2,2
12879,3,1,45049,45049,45050,0,1,1
12880,5,2,45054,45054,45056,0,2,4
12881,3,2,45057,45057,45059,0,2,1
12882,2,2,45059,45059,45061,0,2,0
12883,2,1,45061,45061,45062,0,1,0
12884,6,2,45067,45067,45069,0,2,5
12885,6,2,45073,45073,45075,0,2,4
12886,2,3,45075,45075,45078,0,3,0
12887,3,3,45078,45078,45081,0,3,0
12888,6,1,45084,45084,45085,0,1,3
12889,4,3,45088,45088,45091,0,3,3
12890,6,2,45094,45094,45096,0,2,3
12891,1,2,45095,45096,45098,1,3,0
12892,2,2,45097,45098,45100,1,3,0
12893,1,3,45098,45100,45103,2,5,0
12894,1,3,45099,45103,45106,4,7,0
12895,6,3,45105,45106,45109,1,4,0
12896,3,2,45108,45109,45111,1,3,0
12897,4,3,45112,45112,45115,0,3,1
12898,5,3,45117,45117,45120,0,3,2
12899,5,3,45122,45122,45125,0,3,2
12900,6,2,45128,45128,45130,0,2,3
12901,6,2,45134,45134,45136,0,2,4
12902,1,2,45135,45136,45138,1,3,0
12903,3,3,45138,45138,45141,0,3,0
12904,3,2,45141,45141,45143,0,2,0
12905,1,3,45142,45143,45146,1,4,0
12906,1,2,45143,45146,45148,3,5,0
12907,5,1,45148,45148,45149,0,1,0
12908,6,3,45154,45154,45157,0,3,5
12909,4,2,45158,45158,45160,0,2,1
12910,3,2,45161,45161,45163,0,2,1
12911,3,1,45164,45164,45165,0,1,1
12912,2,2,45166,45166,45168,0,2,1
12913,3,3,45169,45169,45172,0,3,1
12914,4,1,45173,45173,45174,0,1,1
12915,5,2,45178,45178,45180,0,2,4
12916,3,2,45181,45181,45183,0,2,1
12917,1,2,45182,45183,45185,1,3,0
12918,5,3,45187,45187,45190,0,3,2
12919,5,1,45192,45192,45193,0,1,2
12920,3,2,45195,45195,45197,0,2,2
12921,6,3,45201,45201,45204,0,3,4
12922,2,2,45203,45204,45206,1,3,0
12923,5,1,45208,45208,45209,0,1,2
12924,2,1,45210,45210,45211,0,1,1
12925,3,3,45213,45213,45216,0,3,2
12926,5,2,45218,45218,45220,0,2,2
12927,1,2,45219,45220,45222,1,3,0
12928,6,2,45225,45225,45227,0,2,3
12929,5,1,45230,45230,45231,0,1,3
12930,4,1,45234,45234,45235,0,1,3
12931,3,3,45237,45237,45240,0,3,2
12932,6,3,45243,45243,45246,0,3,3
12933,4,3,45247,45247,45250,0,3,1
12934,1,1,45248,45250,45251,2,3,0
12935,2,1,45250,45251,45252,1,2,0
12936,5,2,45255,45255,45257,0,2,3
12937,6,3,45261,45261,45264,0,3,4
12938,3,3,45264,45264,45267,0,3,0
12939,4,3,45268,45268,45271,0,3,1
12940,6,2,45274,45274,45276,0,2,3
12941,1,3,45275,45276,45279,1,4,0
12942,2,1,45277,45279,45280,2,3,0
12943,4,1,45281,45281,45282,0,1,1
12944,2,2,45283,45283,45285,0,2,1
12945,1,1,45284,45285,45286,1,2,0
12946,4,1,45288,45288,45289,0,1,2
12947,1,1,45289,45289,45290,0,1,0
12948,4,3,45293,45293,45296,0,3,3
12949,4,3,45297,45297,45300,0,3,1
12950,6,3,45303,45303,45306,0,3,3
12951,6,2,45309,45309,45311,0,2,3
12952,5,3,45314,45314,45317,0,3,3
12953,6,1,45320,45320,45321,0,1,3
12954,3,2,45323,45323,45325,0,2,2
12955,4,2,45327,45327,45329,0,2,2
12956,5,2,45332,45332,45334,0,2,3
12957,2,1,45334,45334,45335,0,1,0
12958,2,1,45336,45336,45337,0,1,1
12959,4,1,45340,45340,45341,0,1,3
12960,3,3,45343,45343,45346,0,3,2
12961,3,3,45346,45346,45349,0,3,0
12962,6,2,45352,45352,45354,0,2,3
12963,6,1,45358,45358,45359,0,1,4
12964,3,2,45361,45361,45363,0,2,2
12965,1,1,45362,45363,45364,1,2,0
12966,3,2,45365,45365,45367,0,2,1
12967,1,3,45366,45367,45370,1,4,0
12968,4,3,45370,45370,45373,0,3,0
12969,5,2,45375,45375,45377,0,2,2
12970,2,2,45377,45377,45379,0,2,0
12971,1,3,45378,45379,45382,1,4,0
12972,4,3,45382,45382,45385,0,3,0
12973,5,2,45387,45387,45389,0,2,2
12974,5,2,45392,45392,45394,0,2,3
12975,4,1,45396,45396,45397,0,1,2
12976,4,3,45400,45400,45403,0,3,3
12977,2,1,45402,45403,45404,1,2,0
12978,1,3,45403,45404,45407,1,4,0
12979,1,3,45404,45407,45410,3,6,0
12980,2,1,45406,45410,45411,4,5,0
12981,2,2,45408,45411,45413,3,5,0
12982,3,2,45411,45413,45415,2,4,0
12983,2,3,45413,45415,45418,2,5,0
12984,4,2,45417,45418,45420,1,3,0
12985,6,2,45423,45423,45425,0,2,3
12986,5,2,45428,45428,45430,0,2,3
12987,6,1,45434,45434,45435,0,1,4
12988,1,3,45435,45435,45438,0,3,0
12989,2,3,45437,45438,45441,1,4,0
12990,3,3,45440,45441,45444,1,4,0
12991,4,3,45444,45444,45447,0,3,0
12992,2,3,45446,45447,45450,1,4,0
12993,4,1,45450,45450,45451,0,1,0
12994,4,1,45454,45454,45455,0,1,3
12995,5,2,45459,45459,45461,0,2,4
12996,2,3,45461,45461,45464,0,3,0
12997,2,2,45463,45464,45466,1,3,0
12998,6,1,45469,45469,45470,0,1,3
12999,4,2,45473,45473,45475,0,2,3
13000,1,1,45474,45475,45476,1,2,0
13001,1,2,45475,45476,45478,1,3,0
13002,2,2,45477,45478,45480,1,3,0
13003,2,3,45479,45480,45483,1,4,0
13004,6,3,45485,45485,45488,0,3,2
13005,4,3,45489,45489,45492,0,3,1
13006,2,2,45491,45492,45494,1,3,0
13007,5,2,45496,45496,45498,0,2,2
13008,4,2,45500,45500,45502,0,2,2
13009,2,2,45502,45502,45504,0,2,0
13010,2,1,45504,45504,45505,0,1,0
13011,4,3,45508,45508,45511,0,3,3
13012,1,2,45509,45511,45513,2,4,0
13013,3,2,45512,45513,45515,1,3,0
13014,4,3,45516,45516,45519,0,3,1
13015,3,3,45519,45519,45522,0,3,0
13016,3,3,45522,45522,45525,0,3,0
13017,5,1,45527,45527,45528,0,1,2
13018,4,1,45531,45531,45532,0,1,3
13019,3,2,45534,45534,45536,0,2,2
13020,3,2,45537,45537,45539,0,2,1
13021,2,3,45539,45539,45542,0,3,0
13022,2,3,45541,45542,45545,1,4,0
13023,1,3,45542,45545,45548,3,6,0
13024,1,2,45543,45548,45550,5,7,0
13025,4,3,45547,45550,45553,3,6,0
13026,1,1,45548,45553,45554,5,6,0
13027,2,2,45550,45554,45556,4,6,0
13028,3,3,45553,45556,45559,3,6,0
13029,2,3,45555,45559,45562,4,7,0
13030,1,1,45556,45562,45563,6,7,0
13031,6,3,45562,45563,45566,1,4,0
13032,3,1,45565,45566,45567,1,2,0
13033,1,3,45566,45567,45570,1,4,0
13034,5,3,45571,45571,45574,0,3,1
13035,2,3,45573,45574,45577,1,4,0
13036,5,3,45578,45578,45581,0,3,1
13037,1,2,45579,45581,45583,2,4,0
13038,1,2,45580,45583,45585,3,5,0
13039,1,1,45581,45585,45586,4,5,0
13040,4,3,45585,45586,45589,1,4,0
13041,5,1,45590,45590,45591,0,1,1
13042,3,3,45593,45593,45596,0,3,2
13043,4,3,45597,45597,45600,0,3,1
13044,1,3,45598,45600,45603,2,5,0
13045,3,3,45601,45603,45606,2,5,0
13046,3,2,45604,45606,45608,2,4,0
13047,6,1,45610,45610,45611,0,1,2
13048,5,1,45615,45615,45616,0,1,4
13049,3,1,45618,45618,45619,0,1,2
13050,1,1,45619,45619,45620,0,1,0
13051,2,3,45621,45621,45624,0,3,1
13052,3,1,45624,45624,45625,0,1,0
13053,5,1,45629,45629,45630,0,1,4
13054,6,3,45635,45635,45638,0,3,5
13055,4,1,45639,45639,45640,0,1,1
13056,5,2,45644,45644,45646,0,2,4
13057,6,1,45650,45650,45651,0,1,4
13058,5,2,45655,45655,45657,0,2,4
13059,1,1,45656,45657,45658,1,2,0
13060,5,2,45661,45661,45663,0,2,3
13061,5,2,45666,45666,45668,0,2,3
13062,2,3,45668,45668,45671,0,3,0
13063,1,3,45669,45671,45674,2,5,0
13064,6,2,45675,45675,45677,0,2,1
13065,3,3,45678,45678,45681,0,3,1
13066,1,2,45679,45681,45683,2,4,0
13067,6,2,45685,45685,45687,0,2,2
13068,3,3,45688,45688,45691,0,3,1
13069,3,2,45691,45691,45693,0,2,0
13070,3,3,45694,45694,45697,0,3,1
13071,6,1,45700,45700,45701,0,1,3
13072,4,3,45704,45704,45707,0,3,3
13073,3,2,45707,45707,45709,0,2,0
13074,4,3,45711,45711,45714,0,3,2
13075,6,2,45717,45717,45719,0,2,3
13076,6,3,45723,45723,45726,0,3,4
13077,2,2,45725,45726,45728,1,3,0
13078,5,1,45730,45730,45731,0,1,2
13079,2,1,45732,45732,45733,0,1,1
13080,1,3,45733,45733,45736,0,3,0
13081,1,3,45734,45736,45739,2,5,0
13082,2,2,45736,45739,45741,3,5,0
13083,3,3,45739,45741,45744,2,5,0
13084,3,1,45742,45744,45745,2,3,0
13085,4,3,45746,45746,45749,0,3,1
13086,5,2,45751,45751,45753,0,2,2
13087,2,2,45753,45753,45755,0,2,0
13088,2,3,45755,45755,45758,0,3,0
13089,4,3,45759,45759,45762,0,3,1
13090,2,2,45761,45762,45764,1,3,0
13091,4,1,45765,45765,45766,0,1,1
13092,3,3,45768,45768,45771,0,3,2
13093,2,3,45770,45771,45774,1,4,0
13094,4,1,45774,45774,45775,0,1,0
13095,2,1,45776,45776,45777,0,1,1
13096,6,3,45782,45782,45785,0,3,5
13097,2,3,45784,45785,45788,1,4,0
13098,4,3,45788,45788,45791,0,3,0
13099,3,3,45791,45791,45794,0,3,0
13100,4,2,45795,45795,45797,0,2,1
13101,2,2,45797,45797,45799,0,2,0
13102,2,2,45799,45799,45801,0,2,0
13103,5,1,45804,45804,45805,0,1,3
13104,5,2,45809,45809,45811,0,2,4
13105,1,3,45810,45811,45814,1,4,0
13106,6,1,45816,45816,45817,0,1,2
13107,1,2,45817,45817,45819,0,2,0
13108,6,2,45823,45823,45825,0,2,4
13109,5,1,45828,45828,45829,0,1,3
13110,4,3,45832,45832,45835,0,3,3
13111,1,2,45833,45835,45837,2,4,0
13112,2,1,45835,45837,45838,2,3,0
13113,5,3,45840,45840,45843,0,3,2
13114,2,1,45842,45843,45844,1,2,0
13115,6,3,45848,45848,45851,0,3,4
13116,1,3,45849,45851,45854,2,5,0
13117,6,1,45855,45855,45856,0,1,1
13118,6,1,45861,45861,45862,0,1,5
13119,1,2,45862,45862,45864,0,2,0
13120,3,2,45865,45865,45867,0,2,1
13121,3,2,45868,45868,45870,0,2,1
13122,5,2,45873,45873,45875,0,2,3
13123,5,2,45878,45878,45880,0,2,3
13124,2,1,45880,45880,45881,0,1,0
13125,6,3,45886,45886,45889,0,3,5
13126,3,3,45889,45889,45892,0,3,0
13127,2,2,45891,45892,45894,1,3,0
13128,5,3,45896,45896,45899,0,3,2
13129,3,3,45899,45899,45902,0,3,0
13130,6,3,45905,45905,45908,0,3,3
13131,1,3,45906,45908,45911,2,5,0
13132,4,3,45910,45911,45914,1,4,0
13133,4,1,45914,45914,45915,0,1,0
13134,3,2,45917,45917,45919,0,2,2
13135,3,1,45920,45920,45921,0,1,1
13136,4,2,45924,45924,45926,0,2,3
13137,5,2,45929,45929,45931,0,2,3
13138,4,2,45933,45933,45935,0,2,2
13139,5,2,45938,45938,45940,0,2,3
13140,1,2,45939,45940,45942,1,3,0
13141,6,3,45945,45945,45948,0,3,3
13142,6,2,45951,45951,45953,0,2,3
13143,6,2,45957,45957,45959,0,2,4
13144,6,3,45963,45963,45966,0,3,4
13145,2,2,45965,45966,45968,1,3,0
13146,2,1,45967,45968,45969,1,2,0
13147,6,3,45973,45973,45976,0,3,4
13148,3,2,45976,45976,45978,0,2,0
13149,6,1,45982,45982,45983,0,1,4
13150,3,1,45985,45985,45986,0,1,2
13151,1,1,45986,45986,45987,0,1,0
13152,4,1,45990,45990,45991,0,1,3
13153,1,1,45991,45991,45992,0,1,0
13154,4,2,45995,45995,45997,0,2,3
13155,5,1,46000,46000,46001,0,1,3
13156,6,3,46006,46006,46009,0,3,5
13157,3,2,46009,46009,46011,0,2,0
13158,5,1,46014,46014,46015,0,1,3
13159,6,2,46020,46020,46022,0,2,5
13160,5,3,46025,46025,46028,0,3,3
13161,3,3,46028,46028,46031,0,3,0
13162,4,1,46032,46032,46033,0,1,1
13163,5,2,46037,46037,46039,0,2,4
13164,6,1,46043,46043,46044,0,1,4
13165,2,3,46045,46045,46048,0,3,1
13166,6,1,46051,46051,46052,0,1,3
13167,2,2,46053,46053,46055,0,2,1
13168,5,2,46058,46058,46060,0,2,3
13169,4,3,46062,46062,46065,0,3,2
13170,2,3,46064,46065,46068,1,4,0
13171,2,3,46066,46068,46071,2,5,0
13172,3,3,46069,46071,46074,2,5,0
13173,4,1,46073,46074,46075,1,2,0
13174,2,1,46075,46075,46076,0,1,0
13175,3,2,46078,46078,46080,0,2,2
13176,2,2,46080,46080,46082,0,2,0
13177,5,2,46085,46085,46087,0,2,3
13178,2,2,46087,46087,46089,0,2,0
13179,2,2,46089,46089,46091,0,2,0
13180,2,2,46091,46091,46093,0,2,0
13181,6,1,46097,46097,46098,0,1,4
13182,4,1,46101,46101,46102,0,1,3
13183,5,3,46106,46106,46109,0,3,4
13184,5,2,46111,46111,46113,0,2,2
13185,5,1,46116,46116,46117,0,1,3
13186,4,2,46120,46120,46122,0,2,3
13187,1,1,46121,46122,46123,1,2,0
13188,1,2,46122,46123,46125,1,3,0
13189,2,3,46124,46125,46128,1,4,0
13190,1,2,46125,46128,46130,3,5,0
13191,6,3,46131,46131,46134,0,3,1
13192,1,2,46132,46134,46136,2,4,0
13193,2,2,46134,46136,46138,2,4,0
13194,1,3,46135,46138,46141,3,6,0
13195,1,1,46136,46141,46142,5,6,0
13196,6,2,46142,46142,46144,0,2,0
13197,6,2,46148,46148,46150,0,2,4
13198,2,1,46150,46150,46151,0,1,0
13199,4,2,46154,46154,46156,0,2,3
13200,2,2,46156,46156,46158,0,2,0
13201,4,2,46160,46160,46162,0,2,2
13202,1,1,46161,46162,46163,1,2,0
13203,6,3,46167,46167,46170,0,3,4
13204,5,2,46172,46172,46174,0,2,2
13205,5,1,46177,46177,46178,0,1,3
13206,5,3,46182,46182,46185,0,3,4
13207,6,1,46188,46188,46189,0,1,3
13208,6,1,46194,46194,46195,0,1,5
13209,6,2,46200,46200,46202,0,2,5
13210,3,1,46203,46203,46204,0,1,1
13211,3,2,46206,46206,46208,0,2,2
13212,3,2,46209,46209,46211,0,2,1
13213,1,1,46210,46211,46212,1,2,0
13214,1,3,46211,46212,46215,1,4,0
13215,3,2,46214,46215,46217,1,3,0
13216,1,3,46215,46217,46220,2,5,0
13217,6,3,46221,46221,46224,0,3,1
13218,1,2,46222,46224,46226,2,4,0
13219,5,3,46227,46227,46230,0,3,1
13220,5,2,46232,46232,46234,0,2,2
13221,6,1,46238,46238,46239,0,1,4
13222,1,3,46239,46239,46242,0,3,0
13223,5,2,46244,46244,46246,0,2,2
13224,3,1,46247,46247,46248,0,1,1
13225,5,2,46252,46252,46254,0,2,4
13226,6,2,46258,46258,46260,0,2,4
13227,4,1,46262,46262,46263,0,1,2
13228,4,3,46266,46266,46269,0,3,3
13229,5,2,46271,46271,46273,0,2,2
13230,3,1,46274,46274,46275,0,1,1
13231,6,1,46280,46280,46281,0,1,5
13232,1,3,46281,46281,46284,0,3,0
13233,6,1,46287,46287,46288,0,1,3
13234,4,1,46291,46291,46292,0,1,3
13235,2,1,46293,46293,46294,0,1,1
13236,5,2,46298,46298,46300,0,2,4
13237,5,3,46303,46303,46306,0,3,3
13238,6,1,46309,46309,46310,0,1,3
13239,6,3,46315,46315,46318,0,3,5
13240,4,1,46319,46319,46320,0,1,1
13241,3,3,46322,46322,46325,0,3,2
13242,5,2,46327,46327,46329,0,2,2
13243,2,1,46329,46329,46330,0,1,0
13244,4,2,46333,46333,46335,0,2,3
13245,6,1,46339,46339,46340,0,1,4
13246,4,3,46343,46343,46346,0,3,3
13247,2,3,46345,46346,46349,1,4,0
13248,5,3,46350,46350,46353,0,3,1
13249,2,1,46352,46353,46354,1,2,0
13250,3,2,46355,46355,46357,0,2,1
13251,3,2,46358,46358,46360,0,2,1
13252,5,2,46363,46363,46365,0,2,3
13253,2,1,46365,46365,46366,0,1,0
13254,4,2,46369,46369,46371,0,2,3
13255,4,2,46373,46373,46375,0,2,2
13256,5,2,46378,46378,46380,0,2,3
13257,1,1,46379,46380,46381,1,2,0
13258,3,3,46382,46382,46385,0,3,1
13259,2,2,46384,46385,46387,1,3,0
13260,1,2,46385,46387,46389,2,4,0
13261,3,3,46388,46389,46392,1,4,0
13262,4,1,46392,46392,46393,0,1,0
13263,4,2,46396,46396,46398,0,2,3
13264,6,3,46402,46402,46405,0,3,4
13265,6,2,46408,46408,46410,0,2,3
13266,3,2,46411,46411,46413,0,2,1
13267,6,3,46417,46417,46420,0,3,4
13268,5,2,46422,46422,46424,0,2,2
13269,3,2,46425,46425,46427,0,2,1
13270,3,1,46428,46428,46429,0,1,1
13271,1,2,46429,46429,46431,0,2,0
13272,4,2,46433,46433,46435,0,2,2
13273,6,1,46439,46439,46440,0,1,4
13274,2,1,46441,46441,46442,0,1,1
13275,5,3,46446,46446,46449,0,3,4
13276,5,3,46451,46451,46454,0,3,2
13277,5,1,46456,46456,46457,0,1,2
13278,4,3,46460,46460,46463,0,3,3
13279,2,1,46462,46463,46464,1,2,0
13280,3,1,46465,46465,46466,0,1,1
13281,6,3,46471,46471,46474,0,3,5
13282,3,2,46474,46474,46476,0,2,0
13283,2,3,46476,46476,46479,0,3,0
13284,3,2,46479,46479,46481,0,2,0
13285,1,2,46480,46481,46483,1,3,0
13286,4,3,46484,46484,46487,0,3,1
13287,1,3,46485,46487,46490,2,5,0
13288,5,1,46490,46490,46491,0,1,0
13289,3,3,46493,46493,46496,0,3,2
13290,1,2,46494,46496,46498,2,4,0
13291,6,3,46500,46500,46503,0,3,2
13292,4,2,46504,46504,46506,0,2,1
13293,2,3,46506,46506,46509,0,3,0
13294,5,3,46511,46511,46514,0,3,2
13295,1,2,46512,46514,46516,2,4,0
13296,2,2,46514,46516,46518,2,4,0
13297,2,2,46516,46518,46520,2,4,0
13298,3,2,46519,46520,46522,1,3,0
13299,6,1,46525,46525,46526,0,1,3
13300,2,3,46527,46527,46530,0,3,1
13301,5,1,46532,46532,46533,0,1,2
13302,3,2,46535,46535,46537,0,2,2
13303,3,2,46538,46538,46540,0,2,1
13304,5,3,46543,46543,46546,0,3,3
13305,5,1,46548,46548,46549,0,1,2
13306,4,2,46552,46552,46554,0,2,3
13307,2,2,46554,46554,46556,0,2,0
13308,5,3,46559,46559,46562,0,3,3
13309,6,3,46565,46565,46568,0,3,3
13310,3,1,46568,46568,46569,0,1,0
13311,4,3,46572,46572,46575,0,3,3
13312,2,2,46574,46575,46577,1,3,0
13313,4,3,46578,46578,46581,0,3,1
13314,1,1,46579,46581,46582,2,3,0
13315,2,3,46581,46582,46585,1,4,0
13316,1,2,46582,46585,46587,3,5,0
13317,1,1,46583,46587,46588,4,5,0
13318,4,2,46587,46588,46590,1,3,0
13319,4,1,46591,46591,46592,0,1,1
13320,2,3,46593,46593,46596,0,3,1
13321,6,1,46599,46599,46600,0,1,3
13322,6,1,46605,46605,46606,0,1,5
13323,1,2,46606,46606,46608,0,2,0
13324,5,3,46611,46611,46614,0,3,3
13325,4,1,46615,46615,46616,0,1,1
13326,3,2,46618,46618,46620,0,2,2
13327,2,1,46620,46620,46621,0,1,0
13328,1,3,46621,46621,46624,0,3,0
13329,5,2,46626,46626,46628,0,2,2
13330,4,1,46630,46630,46631,0,1,2
13331,3,3,46633,46633,46636,0,3,2
13332,5,2,46638,46638,46640,0,2,2
13333,1,2,46639,46640,46642,1,3,0
13334,3,2,46642,46642,46644,0,2,0
13335,5,3,46647,46647,46650,0,3,3
13336,2,1,46649,46650,46651,1,2,0
13337,6,2,46655,46655,46657,0,2,4
13338,3,3,46658,46658,46661,0,3,1
13339,3,2,46661,46661,46663,0,2,0
13340,4,1,46665,46665,46666,0,1,2
13341,6,1,46671,46671,46672,0,1,5
13342,4,1,46675,46675,46676,0,1,3
13343,3,1,46678,46678,46679,0,1,2
13344,2,3,46680,46680,46683,0,3,1
13345,6,3,46686,46686,46689,0,3,3
13346,1,3,46687,46689,46692,2,5,0
13347,1,2,46688,46692,46694,4,6,0
13348,3,2,46691,46694,46696,3,5,0
13349,6,1,46697,46697,46698,0,1,1
13350,3,2,46700,46700,46702,0,2,2
13351,6,2,46706,46706,46708,0,2,4
13352,5,3,46711,46711,46714,0,3,3
13353,1,1,46712,46714,46715,2,3,0
13354,6,2,46718,46718,46720,0,2,3
13355,1,1,46719,46720,46721,1,2,0
13356,1,1,46720,46721,46722,1,2,0
13357,2,2,46722,46722,46724,0,2,0
13358,1,3,46723,46724,46727,1,4,0
13359,3,1,46726,46727,46728,1,2,0
13360,2,2,46728,46728,46730,0,2,0
13361,4,1,46732,46732,46733,0,1,2
13362,4,2,46736,46736,46738,0,2,3
13363,5,1,46741,46741,46742,0,1,3
13364,2,3,46743,46743,46746,0,3,1
13365,4,2,46747,46747,46749,0,2,1
13366,5,2,46752,46752,46754,0,2,3
13367,2,3,46754,46754,46757,0,3,0
13368,2,2,46756,46757,46759,1,3,0
13369,6,3,46762,46762,46765,0,3,3
13370,2,1,46764,46765,46766,1,2,0
13371,1,3,46765,46766,46769,1,4,0
13372,2,1,46767,46769,46770,2,3,0
13373,3,3,46770,46770,46773,0,3,0
13374,2,3,46772,46773,46776,1,4,0
13375,3,2,46775,46776,46778,1,3,0
13376,2,3,46777,46778,46781,1,4,0
13377,1,2,46778,46781,46783,3,5,0
13378,3,1,46781,46783,46784,2,3,0
13379,4,3,46785,46785,46788,0,3,1
13380,2,2,46787,46788,46790,1,3,0
13381,2,2,46789,46790,46792,1,3,0
13382,5,2,46794,46794,46796,0,2,2
13383,1,2,46795,46796,46798,1,3,0
13384,1,2,46796,46798,46800,2,4,0
13385,5,3,46801,46801,46804,0,3,1
13386,6,2,46807,46807,46809,0,2,3
13387,2,1,46809,46809,46810,0,1,0
13388,2,3,46811,46811,46814,0,3,1
13389,5,3,46816,46816,46819,0,3,2
13390,2,1,46818,46819,46820,1,2,0
13391,6,1,46824,46824,46825,0,1,4
13392,3,3,46827,46827,46830,0,3,2
13393,5,3,46832,46832,46835,0,3,2
13394,6,1,46838,46838,46839,0,1,3
13395,4,1,46842,46842,46843,0,1,3
13396,2,1,46844,46844,46845,0,1,1
13397,3,1,46847,46847,46848,0,1,2
13398,3,2,46850,46850,46852,0,2,2
13399,5,3,46855,46855,46858,0,3,3
13400,6,3,46861,46861,46864,0,3,3
13401,4,3,46865,46865,46868,0,3,1
13402,6,1,46871,46871,46872,0,1,3
13403,3,2,46874,46874,46876,0,2,2
13404,4,2,46878,46878,46880,0,2,2
13405,2,1,46880,46880,46881,0,1,0
13406,3,2,46883,46883,46885,0,2,2
13407,5,3,46888,46888,46891,0,3,3
13408,1,2,46889,46891,46893,2,4,0
13409,1,3,46890,46893,46896,3,6,0
13410,4,1,46894,46896,46897,2,3,0
13411,5,2,46899,46899,46901,0,2,2
13412,1,2,46900,46901,46903,1,3,0
13413,3,1,46903,46903,46904,0,1,0
13414,4,3,46907,46907,46910,0,3,3
13415,5,1,46912,46912,46913,0,1,2
13416,1,3,46913,46913,46916,0,3,0
13417,4,1,46917,46917,46918,0,1,1
13418,5,2,46922,46922,46924,0,2,4
13419,4,3,46926,46926,46929,0,3,2
13420,2,2,46928,46929,46931,1,3,0
13421,3,1,46931,46931,46932,0,1,0
13422,6,1,46937,46937,46938,0,1,5
13423,2,1,46939,46939,46940,0,1,1
13424,6,2,46945,46945,46947,0,2,5
13425,6,3,46951,46951,46954,0,3,4
13426,5,3,46956,46956,46959,0,3,2
13427,6,3,46962,46962,46965,0,3,3
13428,6,1,46968,46968,46969,0,1,3
13429,1,3,46969,46969,46972,0,3,0
13430,5,2,46974,46974,46976,0,2,2
13431,2,1,46976,46976,46977,0,1,0
13432,3,2,46979,46979,46981,0,2,2
13433,1,2,46980,46981,46983,1,3,0
13434,3,3,46983,46983,46986,0,3,0
13435,4,1,46987,46987,46988,0,1,1
13436,5,2,46992,46992,46994,0,2,4
13437,6,2,46998,46998,47000,0,2,4
13438,4,2,47002,47002,47004,0,2,2
13439,3,1,47005,47005,47006,0,1,1
13440,5,3,47010,47010,47013,0,3,4
13441,6,3,47016,47016,47019,0,3,3
13442,3,3,47019,47019,47022,0,3,0
13443,3,1,47022,47022,47023,0,1,0
13444,5,2,47027,47027,47029,0,2,4
13445,5,2,47032,47032,47034,0,2,3
13446,1,2,47033,47034,47036,1,3,0
13447,2,3,47035,47036,47039,1,4,0
13448,5,1,47040,47040,47041,0,1,1
13449,2,3,47042,47042,47045,0,3,1
13450,4,1,47046,47046,47047,0,1,1
13451,2,2,47048,47048,47050,0,2,1
13452,6,1,47054,47054,47055,0,1,4
13453,1,1,47055,47055,47056,0,1,0
13454,4,3,47059,47059,47062,0,3,3
13455,3,2,47062,47062,47064,0,2,0
13456,4,1,47066,47066,47067,0,1,2
13457,2,1,47068,47068,47069,0,1,1
13458,6,2,47074,47074,47076,0,2,5
13459,6,1,47080,47080,47081,0,1,4
13460,1,2,47081,47081,47083,0,2,0
13461,2,3,47083,47083,47086,0,3,0
13462,3,2,47086,47086,47088,0,2,0
13463,4,2,47090,47090,47092,0,2,2
13464,2,1,47092,47092,47093,0,1,0
13465,4,3,47096,47096,47099,0,3,3
13466,6,2,47102,47102,47104,0,2,3
13467,5,3,47107,47107,47110,0,3,3
13468,6,3,47113,47113,47116,0,3,3
13469,3,1,47116,47116,47117,0,1,0
13470,4,1,47120,47120,47121,0,1,3
13471,5,1,47125,47125,47126,0,1,4
13472,3,1,47128,47128,47129,0,1,2
13473,2,3,47130,47130,47133,0,3,1
13474,2,3,47132,47133,47136,1,4,0
13475,3,1,47135,47136,47137,1,2,0
13476,4,3,47139,47139,47142,0,3,2
13477,4,3,47143,47143,47146,0,3,1
13478,2,2,47145,47146,47148,1,3,0
13479,5,3,47150,47150,47153,0,3,2
13480,3,3,47153,47153,47156,0,3,0
13481,1,1,47154,47156,47157,2,3,0
13482,2,2,47156,47157,47159,1,3,0
13483,4,1,47160,47160,47161,0,1,1
13484,4,2,47164,47164,47166,0,2,3
13485,4,1,47168,47168,47169,0,1,2
13486,1,2,47169,47169,47171,0,2,0
13487,2,1,47171,47171,47172,0,1,0
13488,3,2,47174,47174,47176,0,2,2
13489,5,1,47179,47179,47180,0,1,3
13490,3,3,47182,47182,47185,0,3,2
13491,6,3,47188,47188,47191,0,3,3
13492,6,2,47194,47194,47196,0,2,3
13493,4,3,47198,47198,47201,0,3,2
13494,2,2,47200,47201,47203,1,3,0
13495,6,2,47206,47206,47208,0,2,3
13496,6,3,47212,47212,47215,0,3,4
13497,5,3,47217,47217,47220,0,3,2
13498,6,1,47223,47223,47224,0,1,3
13499,3,1,47226,47226,47227,0,1,2
13500,1,2,47227,47227,47229,0,2,0
13501,3,2,47230,47230,47232,0,2,1
13502,3,2,47233,47233,47235,0,2,1
13503,1,1,47234,47235,47236,1,2,0
13504,2,3,47236,47236,47239,0,3,0
13505,6,2,47242,47242,47244,0,2,3
13506,5,1,47247,47247,47248,0,1,3
13507,2,2,47249,47249,47251,0,2,1
13508,6,1,47255,47255,47256,0,1,4
13509,2,3,47257,47257,47260,0,3,1
13510,2,2,47259,47260,47262,1,3,0
13511,1,3,47260,47262,47265,2,5,0
13512,1,2,47261,47265,47267,4,6,0
13513,2,3,47263,47267,47270,4,7,0
13514,4,1,47267,47270,47271,3,4,0
13515,6,3,47273,47273,47276,0,3,2
13516,1,3,47274,47276,47279,2,5,0
13517,6,3,47280,47280,47283,0,3,1
13518,6,3,47286,47286,47289,0,3,3
13519,2,2,47288,47289,47291,1,3,0
13520,4,3,47292,47292,47295,0,3,1
13521,1,2,47293,47295,47297,2,4,0
13522,3,2,47296,47297,47299,1,3,0
13523,4,2,47300,47300,47302,0,2,1
13524,5,1,47305,47305,47306,0,1,3
13525,4,3,47309,47309,47312,0,3,3
13526,4,2,47313,47313,47315,0,2,1
13527,2,2,47315,47315,47317,0,2,0
13528,6,3,47321,47321,47324,0,3,4
13529,4,1,47325,47325,47326,0,1,1
13530,5,2,47330,47330,47332,0,2,4
13531,1,2,47331,47332,47334,1,3,0
13532,6,1,47337,47337,47338,0,1,3
13533,5,3,47342,47342,47345,0,3,4
13534,4,2,47346,47346,47348,0,2,1
13535,5,2,47351,47351,47353,0,2,3
13536,2,3,47353,47353,47356,0,3,0
13537,4,3,47357,47357,47360,0,3,1
13538,2,1,47359,47360,47361,1,2,0
13539,6,3,47365,47365,47368,0,3,4
13540,6,3,47371,47371,47374,0,3,3
13541,5,1,47376,47376,47377,0,1,2
13542,1,1,47377,47377,47378,0,1,0
13543,3,2,47380,47380,47382,0,2,2
13544,4,3,47384,47384,47387,0,3,2
13545,5,3,47389,47389,47392,0,3,2
13546,4,2,47393,47393,47395,0,2,1
13547,4,1,47397,47397,47398,0,1,2
13548,6,1,47403,47403,47404,0,1,5
13549,2,1,47405,47405,47406,0,1,1
13550,2,1,47407,47407,47408,0,1,1
13551,1,3,47408,47408,47411,0,3,0
13552,1,2,47409,47411,47413,2,4,0
13553,3,3,47412,47413,47416,1,4,0
13554,5,3,47417,47417,47420,0,3,1
13555,3,1,47420,47420,47421,0,1,0
13556,3,2,47423,47423,47425,0,2,2
13557,4,1,47427,47427,47428,0,1,2
13558,4,2,47431,47431,47433,0,2,3
13559,4,1,47435,47435,47436,0,1,2
13560,5,2,47440,47440,47442,0,2,4
13561,6,1,47446,47446,47447,0,1,4
13562,4,1,47450,47450,47451,0,1,3
13563,6,3,47456,47456,47459,0,3,5
13564,6,3,47462,47462,47465,0,3,3
13565,1,3,47463,47465,47468,2,5,0
13566,5,1,47468,47468,47469,0,1,0
13567,6,1,47474,47474,47475,0,1,5
13568,5,2,47479,47479,47481,0,2,4
13569,3,1,47482,47482,47483,0,1,1
13570,3,1,47485,47485,47486,0,1,2
13571,1,3,47486,47486,47489,0,3,0
13572,2,1,47488,47489,47490,1,2,0
13573,2,2,47490,47490,47492,0,2,0
13574,2,2,47492,47492,47494,0,2,0
13575,6,2,47498,47498,47500,0,2,4
13576,1,1,47499,47500,47501,1,2,0
13577,4,3,47503,47503,47506,0,3,2
13578,1,1,47504,47506,47507,2,3,0
13579,5,1,47509,47509,47510,0,1,2
13580,2,2,47511,47511,47513,0,2,1
13581,2,3,47513,47513,47516,0,3,0
13582,1,1,47514,47516,47517,2,3,0
13583,4,3,47518,47518,47521,0,3,1
13584,6,3,47524,47524,47527,0,3,3
13585,4,3,47528,47528,47531,0,3,1
13586,4,3,47532,47532,47535,0,3,1
13587,3,2,47535,47535,47537,0,2,0
13588,3,2,47538,47538,47540,0,2,1
13589,2,1,47540,47540,47541,0,1,0
13590,6,3,47546,47546,47549,0,3,5
13591,1,3,47547,47549,47552,2,5,0
13592,3,1,47550,47552,47553,2,3,0
13593,6,2,47556,47556,47558,0,2,3
13594,6,3,47562,47562,47565,0,3,4
13595,1,2,47563,47565,47567,2,4,0
13596,6,1,47569,47569,47570,0,1,2
13597,2,3,47571,47571,47574,0,3,1
13598,5,3,47576,47576,47579,0,3,2
13599,4,3,47580,47580,47583,0,3,1
13600,1,2,47581,47583,47585,2,4,0
13601,4,2,47585,47585,47587,0,2,0
13602,5,3,47590,47590,47593,0,3,3
13603,4,1,47594,47594,47595,0,1,1
13604,4,1,47598,47598,47599,0,1,3
13605,6,2,47604,47604,47606,0,2,5
13606,5,1,47609,47609,47610,0,1,3
13607,5,3,47614,47614,47617,0,3,4
13608,6,2,47620,47620,47622,0,2,3
13609,4,1,47624,47624,47625,0,1,2
13610,1,1,47625,47625,47626,0,1,0
13611,2,2,47627,47627,47629,0,2,1
13612,6,3,47633,47633,47636,0,3,4
13613,4,3,47637,47637,47640,0,3,1
13614,5,1,47642,47642,47643,0,1,2
13615,1,1,47643,47643,47644,0,1,0
13616,6,1,47649,47649,47650,0,1,5
13617,4,2,47653,47653,47655,0,2,3
13618,3,2,47656,47656,47658,0,2,1
13619,1,1,47657,47658,47659,1,2,0
13620,4,1,47661,47661,47662,0,1,2
13621,3,3,47664,47664,47667,0,3,2
13622,6,2,47670,47670,47672,0,2,3
13623,3,1,47673,47673,47674,0,1,1
13624,2,2,47675,47675,47677,0,2,1
13625,1,1,47676,47677,47678,1,2,0
13626,5,1,47681,47681,47682,0,1,3
13627,5,1,47686,47686,47687,0,1,4
13628,2,3,47688,47688,47691,0,3,1
13629,2,3,47690,47691,47694,1,4,0
13630,2,3,47692,47694,47697,2,5,0
13631,4,2,47696,47697,47699,1,3,0
13632,4,2,47700,47700,47702,0,2,1
13633,4,2,47704,47704,47706,0,2,2
13634,6,2,47710,47710,47712,0,2,4
13635,3,2,47713,47713,47715,0,2,1
13636,6,2,47719,47719,47721,0,2,4
13637,4,3,47723,47723,47726,0,3,2
13638,2,3,47725,47726,47729,1,4,0
13639,1,1,47726,47729,47730,3,4,0
13640,4,2,47730,47730,47732,0,2,0
13641,1,2,47731,47732,47734,1,3,0
13642,2,2,47733,47734,47736,1,3,0
13643,5,1,47738,47738,47739,0,1,2
13644,6,1,47744,47744,47745,0,1,5
13645,5,3,47749,47749,47752,0,3,4
13646,6,3,47755,47755,47758,0,3,3
13647,3,1,47758,47758,47759,0,1,0
13648,5,2,47763,47763,47765,0,2,4
13649,2,2,47765,47765,47767,0,2,0
13650,4,3,47769,47769,47772,0,3,2
13651,1,1,47770,47772,47773,2,3,0
13652,6,1,47776,47776,47777,0,1,3
13653,2,2,47778,47778,47780,0,2,1
13654,1,3,47779,47780,47783,1,4,0
13655,4,2,47783,47783,47785,0,2,0
13656,2,3,47785,47785,47788,0,3,0
13657,2,1,47787,47788,47789,1,2,0
13658,3,3,47790,47790,47793,0,3,1
13659,4,2,47794,47794,47796,0,2,1
13660,1,1,47795,47796,47797,1,2,0
13661,1,1,47796,47797,47798,1,2,0
13662,2,2,47798,47798,47800,0,2,0
13663,6,2,47804,47804,47806,0,2,4
13664,4,2,47808,47808,47810,0,2,2
13665,6,3,47814,47814,47817,0,3,4
13666,6,2,47820,47820,47822,0,2,3
13667,3,3,47823,47823,47826,0,3,1
13668,1,2,47824,47826,47828,2,4,0
13669,3,3,47827,47828,47831,1,4,0
13670,1,1,47828,47831,47832,3,4,0
13671,1,2,47829,47832,47834,3,5,0
13672,4,2,47833,47834,47836,1,3,0
13673,2,2,47835,47836,47838,1,3,0
13674,1,3,47836,47838,47841,2,5,0
13675,1,1,47837,47841,47842,4,5,0
13676,1,1,47838,47842,47843,4,5,0
13677,5,3,47843,47843,47846,0,3,0
13678,3,2,47846,47846,47848,0,2,0
13679,1,3,47847,47848,47851,1,4,0
13680,3,1,47850,47851,47852,1,2,0
13681,2,1,47852,47852,47853,0,1,0
13682,6,3,47858,47858,47861,0,3,5
13683,1,3,47859,47861,47864,2,5,0
13684,2,2,47861,47864,47866,3,5,0
13685,1,3,47862,47866,47869,4,7,0
13686,1,1,47863,47869,47870,6,7,0
13687,6,1,47869,47870,47871,1,2,0
13688,1,2,47870,47871,47873,1,3,0
13689,2,2,47872,47873,47875,1,3,0
13690,6,2,47878,47878,47880,0,2,3
13691,4,1,47882,47882,47883,0,1,2
13692,3,2,47885,47885,47887,0,2,2
13693,6,3,47891,47891,47894,0,3,4
13694,4,1,47895,47895,47896,0,1,1
13695,5,2,47900,47900,47902,0,2,4
13696,3,1,47903,47903,47904,0,1,1
13697,4,3,47907,47907,47910,0,3,3
13698,1,2,47908,47910,47912,2,4,0
13699,2,1,47910,47912,47913,2,3,0
13700,6,2,47916,47916,47918,0,2,3
13701,5,1,47921,47921,47922,0,1,3
13702,1,2,47922,47922,47924,0,2,0
13703,3,1,47925,47925,47926,0,1,1
13704,2,3,47927,47927,47930,0,3,1
13705,3,1,47930,47930,47931,0,1,0
13706,1,3,47931,47931,47934,0,3,0
13707,6,3,47937,47937,47940,0,3,3
13708,1,3,47938,47940,47943,2,5,0
13709,2,2,47940,47943,47945,3,5,0
13710,5,2,47945,47945,47947,0,2,0
13711,6,2,47951,47951,47953,0,2,4
13712,4,2,47955,47955,47957,0,2,2
13713,2,3,47957,47957,47960,0,3,0
13714,2,3,47959,47960,47963,1,4,0
13715,4,2,47963,47963,47965,0,2,0
13716,2,3,47965,47965,47968,0,3,0
13717,2,1,47967,47968,47969,1,2,0
13718,2,1,47969,47969,47970,0,1,0
13719,6,3,47975,47975,47978,0,3,5
13720,1,1,47976,47978,47979,2,3,0
13721,5,3,47981,47981,47984,0,3,2
13722,5,1,47986,47986,47987,0,1,2
13723,5,3,47991,47991,47994,0,3,4
13724,1,3,47992,47994,47997,2,5,0
13725,3,2,47995,47997,47999,2,4,0
13726,1,2,47996,47999,48001,3,5,0
13727,3,3,47999,48001,48004,2,5,0
13728,3,3,48002,48004,48007,2,5,0
13729,6,1,48008,48008,48009,0,1,1
13730,1,3,48009,48009,48012,0,3,0
13731,1,3,48010,48012,48015,2,5,0
13732,3,3,48013,48015,48018,2,5,0
13733,2,1,48015,48018,48019,3,4,0
13734,4,2,48019,48019,48021,0,2,0
13735,1,2,48020,48021,48023,1,3,0
13736,2,1,48022,48023,48024,1,2,0
13737,6,2,48028,48028,48030,0,2,4
13738,5,3,48033,48033,48036,0,3,3
13739,6,3,48039,48039,48042,0,3,3
13740,1,3,48040,48042,48045,2,5,0
13741,6,3,48046,48046,48049,0,3,1
13742,5,2,48051,48051,48053,0,2,2
13743,2,3,48053,48053,48056,0,3,0
13744,2,3,48055,48056,48059,1,4,0
13745,2,1,48057,48059,48060,2,3,0
13746,2,2,48059,48060,48062,1,3,0
13747,3,2,48062,48062,48064,0,2,0
13748,3,1,48065,48065,48066,0,1,1
13749,1,3,48066,48066,48069,0,3,0
13750,5,3,48071,48071,48074,0,3,2
13751,2,1,48073,48074,48075,1,2,0
13752,5,1,48078,48078,48079,0,1,3
13753,1,1,48079,48079,48080,0,1,0
13754,4,2,48083,48083,48085,0,2,3
13755,2,1,48085,48085,48086,0,1,0
13756,3,2,48088,48088,48090,0,2,2
13757,5,3,48093,48093,48096,0,3,3
13758,5,2,48098,48098,48100,0,2,2
13759,3,2,48101,48101,48103,0,2,1
13760,4,3,48105,48105,48108,0,3,2
13761,5,3,48110,48110,48113,0,3,2
13762,1,3,48111,48113,48116,2,5,0
13763,5,1,48116,48116,48117,0,1,0
13764,6,1,48122,48122,48123,0,1,5
13765,2,1,48124,48124,48125,0,1,1
13766,6,3,48130,48130,48133,0,3,5
13767,1,2,48131,48133,48135,2,4,0
13768,4,3,48135,48135,48138,0,3,0
13769,3,1,48138,48138,48139,0,1,0
13770,1,2,48139,48139,48141,0,2,0
13771,3,2,48142,48142,48144,0,2,1
13772,6,3,48148,48148,48151,0,3,4
13773,5,1,48153,48153,48154,0,1,2
13774,5,3,48158,48158,48161,0,3,4
13775,2,1,48160,48161,48162,1,2,0
13776,1,1,48161,48162,48163,1,2,0
13777,5,3,48166,48166,48169,0,3,3
13778,1,2,48167,48169,48171,2,4,0
13779,6,2,48173,48173,48175,0,2,2
13780,1,1,48174,48175,48176,1,2,0
13781,4,2,48178,48178,48180,0,2,2
13782,1,1,48179,48180,48181,1,2,0
13783,4,1,48183,48183,48184,0,1,2
13784,3,1,48186,48186,48187,0,1,2
13785,6,1,48192,48192,48193,0,1,5
13786,6,2,48198,48198,48200,0,2,5
13787,3,2,48201,48201,48203,0,2,1
13788,5,1,48206,48206,48207,0,1,3
13789,4,2,48210,48210,48212,0,2,3
13790,1,3,48211,48212,48215,1,4,0
13791,1,3,48212,48215,48218,3,6,0
13792,3,3,48215,48218,48221,3,6,0
13793,3,3,48218,48221,48224,3,6,0
13794,5,2,48223,48224,48226,1,3,0
13795,2,3,48225,48226,48229,1,4,0
13796,1,1,48226,48229,48230,3,4,0
13797,3,2,48229,48230,48232,1,3,0
13798,6,2,48235,48235,48237,0,2,3
13799,3,1,48238,48238,48239,0,1,1
13800,5,1,48243,48243,48244,0,1,4
13801,2,1,48245,48245,48246,0,1,1
13802,6,1,48251,48251,48252,0,1,5
13803,4,1,48255,48255,48256,0,1,3
13804,3,2,48258,48258,48260,0,2,2
13805,5,2,48263,48263,48265,0,2,3
13806,5,2,48268,48268,48270,0,2,3
13807,3,3,48271,48271,48274,0,3,1
13808,2,1,48273,48274,48275,1,2,0
13809,5,2,48278,48278,48280,0,2,3
13810,5,1,48283,48283,48284,0,1,3
13811,1,1,48284,48284,48285,0,1,0
13812,5,2,48289,48289,48291,0,2,4
13813,1,3,48290,48291,48294,1,4,0
13814,4,3,48294,48294,48297,0,3,0
13815,6,1,48300,48300,48301,0,1,3
13816,4,3,48304,48304,48307,0,3,3
13817,6,2,48310,48310,48312,0,2,3
13818,1,3,48311,48312,48315,1,4,0
13819,4,1,48315,48315,48316,0,1,0
13820,4,3,48319,48319,48322,0,3,3
13821,3,2,48322,48322,48324,0,2,0
13822,6,3,48328,48328,48331,0,3,4
13823,1,3,48329,48331,48334,2,5,0
13824,2,3,48331,48334,48337,3,6,0
13825,4,1,48335,48337,48338,2,3,0
13826,2,1,48337,48338,48339,1,2,0
13827,4,3,48341,48341,48344,0,3,2
13828,5,2,48346,48346,48348,0,2,2
13829,2,3,48348,48348,48351,0,3,0
13830,5,3,48353,48353,48356,0,3,2
13831,2,2,48355,48356,48358,1,3,0
13832,5,1,48360,48360,48361,0,1,2
13833,6,2,48366,48366,48368,0,2,5
13834,4,2,48370,48370,48372,0,2,2
13835,6,3,48376,48376,48379,0,3,4
13836,4,1,48380,48380,48381,0,1,1
13837,3,2,48383,48383,48385,0,2,2
13838,2,2,48385,48385,48387,0,2,0
13839,1,1,48386,48387,48388,1,2,0
13840,2,3,48388,48388,48391,0,3,0
13841,3,1,48391,48391,48392,0,1,0
13842,5,1,48396,48396,48397,0,1,4
13843,4,3,48400,48400,48403,0,3,3
13844,6,2,48406,48406,48408,0,2,3
13845,5,3,48411,48411,48414,0,3,3
13846,3,1,48414,48414,48415,0,1,0
13847,2,3,48416,48416,48419,0,3,1
13848,5,3,48421,48421,48424,0,3,2
13849,2,2,48423,48424,48426,1,3,0
13850,5,1,48428,48428,48429,0,1,2
13851,2,2,48430,48430,48432,0,2,1
13852,5,3,48435,48435,48438,0,3,3
13853,5,3,48440,48440,48443,0,3,2
13854,5,1,48445,48445,48446,0,1,2
13855,4,2,48449,48449,48451,0,2,3
13856,1,1,48450,48451,48452,1,2,0
13857,6,3,48456,48456,48459,0,3,4
13858,2,2,48458,48459,48461,1,3,0
13859,6,1,48464,48464,48465,0,1,3
13860,1,1,48465,48465,48466,0,1,0
13861,3,1,48468,48468,48469,0,1,2
13862,3,1,48471,48471,48472,0,1,2
13863,3,1,48474,48474,48475,0,1,2
13864,4,2,48478,48478,48480,0,2,3
13865,5,2,48483,48483,48485,0,2,3
13866,1,1,48484,48485,48486,1,2,0
13867,6,2,48490,48490,48492,0,2,4
13868,1,2,48491,48492,48494,1,3,0
13869,4,2,48495,48495,48497,0,2,1
13870,3,1,48498,48498,48499,0,1,1
13871,5,2,48503,48503,48505,0,2,4
13872,4,3,48507,48507,48510,0,3,2
13873,5,2,48512,48512,48514,0,2,2
13874,4,1,48516,48516,48517,0,1,2
13875,3,2,48519,48519,48521,0,2,2
13876,5,1,48524,48524,48525,0,1,3
13877,3,3,48527,48527,48530,0,3,2
13878,6,1,48533,48533,48534,0,1,3
13879,1,1,48534,48534,48535,0,1,0
13880,5,2,48539,48539,48541,0,2,4
13881,6,3,48545,48545,48548,0,3,4
13882,1,3,48546,48548,48551,2,5,0
13883,6,3,48552,48552,48555,0,3,1
13884,6,3,48558,48558,48561,0,3,3
13885,5,1,48563,48563,48564,0,1,2
13886,6,3,48569,48569,48572,0,3,5
13887,4,1,48573,48573,48574,0,1,1
13888,6,2,48579,48579,48581,0,2,5
13889,2,3,48581,48581,48584,0,3,0
13890,1,3,48582,48584,48587,2,5,0
13891,2,2,48584,48587,48589,3,5,0
13892,5,2,48589,48589,48591,0,2,0
13893,4,2,48593,48593,48595,0,2,2
13894,3,1,48596,48596,48597,0,1,1
13895,2,1,48598,48598,48599,0,1,1
13896,4,2,48602,48602,48604,0,2,3
13897,4,3,48606,48606,48609,0,3,2
13898,4,3,48610,48610,48613,0,3,1
13899,5,2,48615,48615,48617,0,2,2
13900,6,3,48621,48621,48624,0,3,4
13901,6,1,48627,48627,48628,0,1,3
13902,4,3,48631,48631,48634,0,3,3
13903,1,1,48632,48634,48635,2,3,0
13904,1,1,48633,48635,48636,2,3,0
13905,6,2,48639,48639,48641,0,2,3
13906,2,3,48641,48641,48644,0,3,0
13907,2,3,48643,48644,48647,1,4,0
13908,6,3,48649,48649,48652,0,3,2
13909,5,2,48654,48654,48656,0,2,2
13910,2,2,48656,48656,48658,0,2,0
13911,3,2,48659,48659,48661,0,2,1
13912,2,3,48661,48661,48664,0,3,0
13913,5,2,48666,48666,48668,0,2,2
13914,3,1,48669,48669,48670,0,1,1
13915,3,1,48672,48672,48673,0,1,2
13916,4,1,48676,48676,48677,0,1,3
13917,1,3,48677,48677,48680,0,3,0
13918,2,1,48679,48680,48681,1,2,0
13919,4,3,48683,48683,48686,0,3,2
13920,3,3,48686,48686,48689,0,3,0
13921,4,2,48690,48690,48692,0,2,1
13922,6,1,48696,48696,48697,0,1,4
13923,5,2,48701,48701,48703,0,2,4
13924,1,2,48702,48703,48705,1,3,0
13925,3,1,48705,48705,48706,0,1,0
13926,6,3,48711,48711,48714,0,3,5
13927,2,2,48713,48714,48716,1,3,0
13928,3,3,48716,48716,48719,0,3,0
13929,3,1,48719,48719,48720,0,1,0
13930,4,1,48723,48723,48724,0,1,3
13931,5,3,48728,48728,48731,0,3,4
13932,4,2,48732,48732,48734,0,2,1
13933,2,2,48734,48734,48736,0,2,0
13934,6,2,48740,48740,48742,0,2,4
13935,6,3,48746,48746,48749,0,3,4
13936,6,1,48752,48752,48753,0,1,3
13937,5,1,48757,48757,48758,0,1,4
13938,3,1,48760,48760,48761,0,1,2
13939,5,2,48765,48765,48767,0,2,4
13940,1,2,48766,48767,48769,1,3,0
13941,1,2,48767,48769,48771,2,4,0
13942,3,3,48770,48771,48774,1,4,0
13943,3,2,48773,48774,48776,1,3,0
13944,3,3,48776,48776,48779,0,3,0
13945,5,2,48781,48781,48783,0,2,2
13946,4,3,48785,48785,48788,0,3,2
13947,4,2,48789,48789,48791,0,2,1
13948,6,2,48795,48795,48797,0,2,4
13949,6,2,48801,48801,48803,0,2,4
13950,1,3,48802,48803,48806,1,4,0
13951,6,3,48808,48808,48811,0,3,2
13952,4,2,48812,48812,48814,0,2,1
13953,3,3,48815,48815,48818,0,3,1
13954,1,3,48816,48818,48821,2,5,0
13955,3,2,48819,48821,48823,2,4,0
13956,5,2,48824,48824,48826,0,2,1
13957,1,1,48825,48826,48827,1,2,0
13958,4,3,48829,48829,48832,0,3,2
13959,5,1,48834,48834,48835,0,1,2
13960,1,3,48835,48835,48838,0,3,0
13961,6,1,48841,48841,48842,0,1,3
13962,4,3,48845,48845,48848,0,3,3
13963,3,1,48848,48848,48849,0,1,0
13964,6,3,48854,48854,48857,0,3,5
13965,2,2,48856,48857,48859,1,3,0
13966,5,2,48861,48861,48863,0,2,2
13967,6,3,48867,48867,48870,0,3,4
13968,2,1,48869,48870,48871,1,2,0
13969,1,3,48870,48871,48874,1,4,0
13970,3,3,48873,48874,48877,1,4,0
13971,1,3,48874,48877,48880,3,6,0
13972,6,2,48880,48880,48882,0,2,0
13973,2,3,48882,48882,48885,0,3,0
13974,5,1,48887,48887,48888,0,1,2
13975,3,3,48890,48890,48893,0,3,2
13976,2,2,48892,48893,48895,1,3,0
13977,3,3,48895,48895,48898,0,3,0
13978,2,2,48897,48898,48900,1,3,0
13979,6,1,48903,48903,48904,0,1,3
13980,4,3,48907,48907,48910,0,3,3
13981,2,1,48909,48910,48911,1,2,0
13982,6,2,48915,48915,48917,0,2,4
13983,4,3,48919,48919,48922,0,3,2
13984,6,3,48925,48925,48928,0,3,3
13985,1,3,48926,48928,48931,2,5,0
13986,6,3,48932,48932,48935,0,3,1
13987,5,3,48937,48937,48940,0,3,2
13988,1,3,48938,48940,48943,2,5,0
13989,6,3,48944,48944,48947,0,3,1
13990,2,3,48946,48947,48950,1,4,0
13991,1,3,48947,48950,48953,3,6,0
13992,5,1,48952,48953,48954,1,2,0
13993,3,1,48955,48955,48956,0,1,1
13994,2,1,48957,48957,48958,0,1,1
13995,4,1,48961,48961,48962,0,1,3
13996,5,2,48966,48966,48968,0,2,4
13997,1,1,48967,48968,48969,1,2,0
13998,5,1,48972,48972,48973,0,1,3
13999,1,3,48973,48973,48976,0,3,0
14000,1,1,48974,48976,48977,2,3,0
14001,3,1,48977,48977,48978,0,1,0
14002,5,2,48982,48982,48984,0,2,4
14003,2,1,48984,48984,48985,0,1,0
14004,4,1,48988,48988,48989,0,1,3
14005,5,2,48993,48993,48995,0,2,4
14006,1,3,48994,48995,48998,1,4,0
14007,6,2,49000,49000,49002,0,2,2
14008,3,1,49003,49003,49004,0,1,1
14009,3,1,49006,49006,49007,0,1,2
14010,1,1,49007,49007,49008,0,1,0
14011,3,2,49010,49010,49012,0,2,2
14012,5,1,49015,49015,49016,0,1,3
14013,5,2,49020,49020,49022,0,2,4
14014,2,2,49022,49022,49024,0,2,0
14015,1,1,49023,49024,49025,1,2,0
14016,4,3,49027,49027,49030,0,3,2
14017,4,3,49031,49031,49034,0,3,1
14018,6,1,49037,49037,49038,0,1,3
14019,1,3,49038,49038,49041,0,3,0
14020,4,2,49042,49042,49044,0,2,1
14021,6,2,49048,49048,49050,0,2,4
14022,3,1,49051,49051,49052,0,1,1
14023,2,2,49053,49053,49055,0,2,1
14024,6,1,49059,49059,49060,0,1,4
14025,4,3,49063,49063,49066,0,3,3
14026,5,3,49068,49068,49071,0,3,2
14027,3,1,49071,49071,49072,0,1,0
14028,2,1,49073,49073,49074,0,1,1
14029,5,2,49078,49078,49080,0,2,4
14030,3,2,49081,49081,49083,0,2,1
14031,1,1,49082,49083,49084,1,2,0
14032,4,1,49086,49086,49087,0,1,2
14033,3,1,49089,49089,49090,0,1,2
14034,3,1,49092,49092,49093,0,1,2
14035,6,2,49098,49098,49100,0,2,5
14036,3,2,49101,49101,49103,0,2,1
14037,1,3,49102,49103,49106,1,4,0
14038,4,2,49106,49106,49108,0,2,0
14039,3,1,49109,49109,49110,0,1,1
14040,1,2,49110,49110,49112,0,2,0
14041,1,1,49111,49112,49113,1,2,0
14042,3,3,49114,49114,49117,0,3,1
14043,3,1,49117,49117,49118,0,1,0
14044,5,3,49122,49122,49125,0,3,4
14045,6,3,49128,49128,49131,0,3,3
14046,4,2,49132,49132,49134,0,2,1
14047,2,2,49134,49134,49136,0,2,0
14048,4,2,49138,49138,49140,0,2,2
14049,3,3,49141,49141,49144,0,3,1
14050,6,2,49147,49147,49149,0,2,3
14051,3,1,49150,49150,49151,0,1,1
14052,5,3,49155,49155,49158,0,3,4
14053,5,2,49160,49160,49162,0,2,2
14054,2,2,49162,49162,49164,0,2,0
14055,6,3,49168,49168,49171,0,3,4
14056,1,2,49169,49171,49173,2,4,0
14057,3,2,49172,49173,49175,1,3,0
14058,1,1,49173,49175,49176,2,3,0
14059,3,2,49176,49176,49178,0,2,0
14060,1,2,49177,49178,49180,1,3,0
14061,2,3,49179,49180,49183,1,4,0
14062,1,2,49180,49183,49185,3,5,0
14063,5,3,49185,49185,49188,0,3,0
14064,1,3,49186,49188,49191,2,5,0
14065,1,1,49187,49191,49192,4,5,0
14066,6,1,49193,49193,49194,0,1,1
14067,5,1,49198,49198,49199,0,1,4
14068,2,3,49200,49200,49203,0,3,1
14069,2,2,49202,49203,49205,1,3,0
14070,2,1,49204,49205,49206,1,2,0
14071,2,3,49206,49206,49209,0,3,0
14072,5,1,49211,49211,49212,0,1,2
14073,5,1,49216,49216,49217,0,1,4
14074,2,2,49218,49218,49220,0,2,1
14075,3,3,49221,49221,49224,0,3,1
14076,1,1,49222,49224,49225,2,3,0
14077,6,1,49228,49228,49229,0,1,3
14078,1,2,49229,49229,49231,0,2,0
14079,3,3,49232,49232,49235,0,3,1
14080,4,1,49236,49236,49237,0,1,1
14081,5,3,49241,49241,49244,0,3,4
14082,4,2,49245,49245,49247,0,2,1
14083,2,1,49247,49247,49248,0,1,0
14084,1,2,49248,49248,49250,0,2,0
14085,4,2,49252,49252,49254,0,2,2
14086,4,1,49256,49256,49257,0,1,2
14087,1,3,49257,49257,49260,0,3,0
14088,6,1,49263,49263,49264,0,1,3
14089,3,1,49266,49266,49267,0,1,2
14090,5,3,49271,49271,49274,0,3,4
14091,2,1,49273,49274,49275,1,2,0
14092,3,3,49276,49276,49279,0,3,1
14093,6,3,49282,49282,49285,0,3,3
14094,2,2,49284,49285,49287,1,3,0
14095,3,3,49287,49287,49290,0,3,0
14096,4,2,49291,49291,49293,0,2,1
14097,6,2,49297,49297,49299,0,2,4
14098,3,2,49300,49300,49302,0,2,1
14099,3,1,49303,49303,49304,0,1,1
14100,2,1,49305,49305,49306,0,1,1
14101,4,1,49309,49309,49310,0,1,3
14102,1,3,49310,49310,49313,0,3,0
14103,2,1,49312,49313,49314,1,2,0
14104,4,3,49316,49316,49319,0,3,2
14105,2,2,49318,49319,49321,1,3,0
14106,5,2,49323,49323,49325,0,2,2
14107,2,3,49325,49325,49328,0,3,0
14108,4,2,49329,49329,49331,0,2,1
14109,1,2,49330,49331,49333,1,3,0
14110,3,3,49333,49333,49336,0,3,0
14111,1,2,49334,49336,49338,2,4,0
14112,5,2,49339,49339,49341,0,2,1
14113,2,1,49341,49341,49342,0,1,0
14114,3,2,49344,49344,49346,0,2,2
14115,1,1,49345,49346,49347,1,2,0
14116,1,2,49346,49347,49349,1,3,0
14117,3,1,49349,49349,49350,0,1,0
14118,6,3,49355,49355,49358,0,3,5
14119,5,3,49360,49360,49363,0,3,2
14120,1,2,49361,49363,49365,2,4,0
14121,5,3,49366,49366,49369,0,3,1
14122,6,1,49372,49372,49373,0,1,3
14123,4,3,49376,49376,49379,0,3,3
14124,2,1,49378,49379,49380,1,2,0
14125,5,3,49383,49383,49386,0,3,3
14126,2,3,49385,49386,49389,1,4,0
14127,2,1,49387,49389,49390,2,3,0
14128,6,3,49393,49393,49396,0,3,3
14129,2,2,49395,49396,49398,1,3,0
14130,2,2,49397,49398,49400,1,3,0
14131,6,1,49403,49403,49404,0,1,3
14132,3,1,49406,49406,49407,0,1,2
14133,2,3,49408,49408,49411,0,3,1
14134,5,3,49413,49413,49416,0,3,2
14135,2,3,49415,49416,49419,1,4,0
14136,4,1,49419,49419,49420,0,1,0
14137,6,2,49425,49425,49427,0,2,5
14138,3,2,49428,49428,49430,0,2,1
14139,3,1,49431,49431,49432,0,1,1
14140,6,1,49437,49437,49438,0,1,5
14141,2,1,49439,49439,49440,0,1,1
14142,6,2,49445,49445,49447,0,2,5
14143,5,1,49450,49450,49451,0,1,3
14144,6,3,49456,49456,49459,0,3,5
14145,3,1,49459,49459,49460,0,1,0
14146,1,3,49460,49460,49463,0,3,0
14147,2,2,49462,49463,49465,1,3,0
14148,4,2,49466,49466,49468,0,2,1
14149,6,3,49472,49472,49475,0,3,4
14150,3,1,49475,49475,49476,0,1,0
14151,3,2,49478,49478,49480,0,2,2
14152,5,1,49483,49483,49484,0,1,3
14153,3,2,49486,49486,49488,0,2,2
14154,2,2,49488,49488,49490,0,2,0
14155,3,3,49491,49491,49494,0,3,1
14156,6,3,49497,49497,49500,0,3,3
14157,6,2,49503,49503,49505,0,2,3
14158,2,1,49505,49505,49506,0,1,0
14159,6,2,49511,49511,49513,0,2,5
14160,3,1,49514,49514,49515,0,1,1
14161,4,2,49518,49518,49520,0,2,3
14162,5,3,49523,49523,49526,0,3,3
14163,1,2,49524,49526,49528,2,4,0
14164,5,1,49529,49529,49530,0,1,1
14165,1,2,49530,49530,49532,0,2,0
14166,4,3,49534,49534,49537,0,3,2
14167,5,3,49539,49539,49542,0,3,2
14168,3,2,49542,49542,49544,0,2,0
14169,5,1,49547,49547,49548,0,1,3
14170,4,1,49551,49551,49552,0,1,3
14171,2,2,49553,49553,49555,0,2,1
14172,3,2,49556,49556,49558,0,2,1
14173,3,2,49559,49559,49561,0,2,1
14174,4,3,49563,49563,49566,0,3,2
14175,2,1,49565,49566,49567,1,2,0
14176,1,1,49566,49567,49568,1,2,0
14177,6,3,49572,49572,49575,0,3,4
14178,6,3,49578,49578,49581,0,3,3
14179,5,1,49583,49583,49584,0,1,2
14180,1,1,49584,49584,49585,0,1,0
14181,6,2,49590,49590,49592,0,2,5
14182,4,2,49594,49594,49596,0,2,2
14183,3,1,49597,49597,49598,0,1,1
14184,5,1,49602,49602,49603,0,1,4
14185,5,1,49607,49607,49608,0,1,4
14186,4,1,49611,49611,49612,0,1,3
14187,1,3,49612,49612,49615,0,3,0
14188,6,1,49618,49618,49619,0,1,3
14189,3,2,49621,49621,49623,0,2,2
14190,6,2,49627,49627,49629,0,2,4
14191,5,2,49632,49632,49634,0,2,3
14192,5,3,49637,49637,49640,0,3,3
14193,2,2,49639,49640,49642,1,3,0
14194,4,2,49643,49643,49645,0,2,1
14195,6,2,49649,49649,49651,0,2,4
14196,1,2,49650,49651,49653,1,3,0
14197,5,3,49655,49655,49658,0,3,2
14198,6,2,49661,49661,49663,0,2,3
14199,3,2,49664,49664,49666,0,2,1
14200,2,2,49666,49666,49668,0,2,0
14201,4,1,49670,49670,49671,0,1,2
14202,1,3,49671,49671,49674,0,3,0
14203,2,3,49673,49674,49677,1,4,0
14204,3,2,49676,49677,49679,1,3,0
14205,1,2,49677,49679,49681,2,4,0
14206,3,1,49680,49681,49682,1,2,0
14207,5,2,49685,49685,49687,0,2,3
14208,1,2,49686,49687,49689,1,3,0
14209,3,1,49689,49689,49690,0,1,0
14210,1,2,49690,49690,49692,0,2,0
14211,5,3,49695,49695,49698,0,3,3
14212,6,3,49701,49701,49704,0,3,3
14213,1,1,49702,49704,49705,2,3,0
14214,5,3,49707,49707,49710,0,3,2
14215,6,3,49713,49713,49716,0,3,3
14216,1,1,49714,49716,49717,2,3,0
14217,4,2,49718,49718,49720,0,2,1
14218,2,2,49720,49720,49722,0,2,0
14219,3,1,49723,49723,49724,0,1,1
14220,5,3,49728,49728,49731,0,3,4
14221,4,2,49732,49732,49734,0,2,1
14222,2,2,49734,49734,49736,0,2,0
14223,6,1,49740,49740,49741,0,1,4
14224,2,3,49742,49742,49745,0,3,1
14225,6,3,49748,49748,49751,0,3,3
14226,1,3,49749,49751,49754,2,5,0
14227,4,2,49753,49754,49756,1,3,0
14228,2,2,49755,49756,49758,1,3,0
14229,6,1,49761,49761,49762,0,1,3
14230,3,1,49764,49764,49765,0,1,2
14231,2,2,49766,49766,49768,0,2,1
14232,3,2,49769,49769,49771,0,2,1
14233,2,2,49771,49771,49773,0,2,0
14234,1,2,49772,49773,49775,1,3,0
14235,3,1,49775,49775,49776,0,1,0
14236,1,1,49776,49776,49777,0,1,0
14237,5,1,49781,49781,49782,0,1,4
14238,3,1,49784,49784,49785,0,1,2
14239,1,1,49785,49785,49786,0,1,0
14240,1,1,49786,49786,49787,0,1,0
14241,6,3,49792,49792,49795,0,3,5
14242,5,1,49797,49797,49798,0,1,2
14243,3,1,49800,49800,49801,0,1,2
14244,4,2,49804,49804,49806,0,2,3
14245,5,1,49809,49809,49810,0,1,3
14246,2,3,49811,49811,49814,0,3,1
14247,2,3,49813,49814,49817,1,4,0
14248,4,3,49817,49817,49820,0,3,0
14249,3,2,49820,49820,49822,0,2,0
14250,5,3,49825,49825,49828,0,3,3
14251,5,3,49830,49830,49833,0,3,2
14252,4,3,49834,49834,49837,0,3,1
14253,5,1,49839,49839,49840,0,1,2
14254,3,2,49842,49842,49844,0,2,2
14255,2,2,49844,49844,49846,0,2,0
14256,1,3,49845,49846,49849,1,4,0
14257,1,3,49846,49849,49852,3,6,0
14258,4,1,49850,49852,49853,2,3,0
14259,2,1,49852,49853,49854,1,2,0
14260,4,3,49856,49856,49859,0,3,2
14261,1,2,49857,49859,49861,2,4,0
14262,1,1,49858,49861,49862,3,4,0
14263,2,3,49860,49862,49865,2,5,0
14264,3,1,49863,49865,49866,2,3,0
14265,3,1,49866,49866,49867,0,1,0
14266,6,1,49872,49872,49873,0,1,5
14267,4,1,49876,49876,49877,0,1,3
14268,4,1,49880,49880,49881,0,1,3
14269,6,3,49886,49886,49889,0,3,5
14270,5,2,49891,49891,49893,0,2,2
14271,2,2,49893,49893,49895,0,2,0
14272,2,3,49895,49895,49898,0,3,0
14273,6,2,49901,49901,49903,0,2,3
14274,2,3,49903,49903,49906,0,3,0
14275,3,1,49906,49906,49907,0,1,0
14276,6,1,49912,49912,49913,0,1,5
14277,5,3,49917,49917,49920,0,3,4
14278,1,1,49918,49920,49921,2,3,0
14279,2,1,49920,49921,49922,1,2,0
14280,4,2,49924,49924,49926,0,2,2
14281,3,3,49927,49927,49930,0,3,1
14282,5,3,49932,49932,49935,0,3,2
14283,6,2,49938,49938,49940,0,2,3
14284,6,3,49944,49944,49947,0,3,4
14285,2,2,49946,49947,49949,1,3,0
14286,4,1,49950,49950,49951,0,1,1
14287,3,3,49953,49953,49956,0,3,2
14288,4,1,49957,49957,49958,0,1,1
14289,3,2,49960,49960,49962,0,2,2
14290,3,3,49963,49963,49966,0,3,1
14291,5,2,49968,49968,49970,0,2,2
14292,2,2,49970,49970,49972,0,2,0
14293,6,3,49976,49976,49979,0,3,4
14294,4,3,49980,49980,49983,0,3,1
14295,3,3,49983,49983,49986,0,3,0
14296,2,1,49985,49986,49987,1,2,0
14297,1,3,49986,49987,49990,1,4,0
14298,4,2,49990,49990,49992,0,2,0
14299,1,1,49991,49992,49993,1,2,0
14300,3,1,49994,49994,49995,0,1,1
14301,2,3,49996,49996,49999,0,3,1
14302,4,1,50000,50000,50001,0,1,1
14303,3,2,50003,50003,50005,0,2,2
14304,6,2,50009,50009,50011,0,2,4
14305,6,3,50015,50015,50018,0,3,4
14306,1,1,50016,50018,50019,2,3,0
14307,6,2,50022,50022,50024,0,2,3
14308,5,1,50027,50027,50028,0,1,3
14309,3,1,50030,50030,50031,0,1,2
14310,6,3,50036,50036,50039,0,3,5
14311,6,2,50042,50042,50044,0,2,3
14312,3,1,50045,50045,50046,0,1,1
14313,1,1,50046,50046,50047,0,1,0
14314,5,3,50051,50051,50054,0,3,4
14315,4,3,50055,50055,50058,0,3,1
14316,4,1,50059,50059,50060,0,1,1
14317,4,3,50063,50063,50066,0,3,3
14318,4,3,50067,50067,50070,0,3,1
14319,6,1,50073,50073,50074,0,1,3
14320,4,1,50077,50077,50078,0,1,3
14321,2,3,50079,50079,50082,0,3,1
14322,5,2,50084,50084,50086,0,2,2
14323,4,1,50088,50088,50089,0,1,2
14324,2,1,50090,50090,50091,0,1,1
14325,4,1,50094,50094,50095,0,1,3
14326,3,3,50097,50097,50100,0,3,2
14327,1,1,50098,50100,50101,2,3,0
14328,2,1,50100,50101,50102,1,2,0
14329,6,2,50106,50106,50108,0,2,4
14330,1,1,50107,50108,50109,1,2,0
14331,1,3,50108,50109,50112,1,4,0
14332,4,2,50112,50112,50114,0,2,0
14333,4,2,50116,50116,50118,0,2,2
14334,3,2,50119,50119,50121,0,2,1
14335,2,1,50121,50121,50122,0,1,0
14336,1,2,50122,50122,50124,0,2,0
14337,1,1,50123,50124,50125,1,2,0
14338,3,2,50126,50126,50128,0,2,1
14339,1,2,50127,50128,50130,1,3,0
14340,2,2,50129,50130,50132,1,3,0
14341,4,2,50133,50133,50135,0,2,1
14342,6,3,50139,50139,50142,0,3,4
14343,2,1,50141,50142,50143,1,2,0
14344,4,3,50145,50145,50148,0,3,2
14345,6,2,50151,50151,50153,0,2,3
14346,6,3,50157,50157,50160,0,3,4
14347,4,2,50161,50161,50163,0,2,1
14348,6,1,50167,50167,50168,0,1,4
14349,1,3,50168,50168,50171,0,3,0
14350,5,2,50173,50173,50175,0,2,2
14351,3,1,50176,50176,50177,0,1,1
14352,6,2,50182,50182,50184,0,2,5
14353,3,2,50185,50185,50187,0,2,1
14354,1,1,50186,50187,50188,1,2,0
14355,5,3,50191,50191,50194,0,3,3
14356,5,2,50196,50196,50198,0,2,2
14357,6,2,50202,50202,50204,0,2,4
14358,3,2,50205,50205,50207,0,2,1
14359,4,1,50209,50209,50210,0,1,2
14360,2,3,50211,50211,50214,0,3,1
14361,2,3,50213,50214,50217,1,4,0
14362,5,3,50218,50218,50221,0,3,1
14363,3,2,50221,50221,50223,0,2,0
14364,6,2,50227,50227,50229,0,2,4
14365,4,2,50231,50231,50233,0,2,2
14366,3,3,50234,50234,50237,0,3,1
14367,2,1,50236,50237,50238,1,2,0
14368,6,2,50242,50242,50244,0,2,4
14369,5,3,50247,50247,50250,0,3,3
14370,5,1,50252,50252,50253,0,1,2
14371,5,2,50257,50257,50259,0,2,4
14372,3,3,50260,50260,50263,0,3,1
14373,5,3,50265,50265,50268,0,3,2
14374,1,2,50266,50268,50270,2,4,0
14375,4,2,50270,50270,50272,0,2,0
14376,1,3,50271,50272,50275,1,4,0
14377,1,3,50272,50275,50278,3,6,0
14378,3,2,50275,50278,50280,3,5,0
14379,6,3,50281,50281,50284,0,3,1
14380,1,3,50282,50284,50287,2,5,0
14381,3,1,50285,50287,50288,2,3,0
14382,2,3,50287,50288,50291,1,4,0
14383,4,3,50291,50291,50294,0,3,0
14384,5,3,50296,50296,50299,0,3,2
14385,5,3,50301,50301,50304,0,3,2
14386,2,3,50303,50304,50307,1,4,0
14387,4,1,50307,50307,50308,0,1,0
14388,3,1,50310,50310,50311,0,1,2
14389,1,3,50311,50311,50314,0,3,0
14390,1,2,50312,50314,50316,2,4,0
14391,4,1,50316,50316,50317,0,1,0
14392,6,1,50322,50322,50323,0,1,5
14393,2,3,50324,50324,50327,0,3,1
14394,1,3,50325,50327,50330,2,5,0
14395,4,3,50329,50330,50333,1,4,0
14396,1,1,50330,50333,50334,3,4,0
14397,6,3,50336,50336,50339,0,3,2
14398,6,1,50342,50342,50343,0,1,3
14399,6,1,50348,50348,50349,0,1,5
14400,2,1,50350,50350,50351,0,1,1
14401,3,1,50353,50353,50354,0,1,2
14402,3,3,50356,50356,50359,0,3,2
14403,5,3,50361,50361,50364,0,3,2
14404,5,3,50366,50366,50369,0,3,2
14405,5,3,50371,50371,50374,0,3,2
14406,3,1,50374,50374,50375,0,1,0
14407,2,1,50376,50376,50377,0,1,1
14408,3,3,50379,50379,50382,0,3,2
14409,4,3,50383,50383,50386,0,3,1
14410,3,2,50386,50386,50388,0,2,0
14411,5,2,50391,50391,50393,0,2,3
14412,3,3,50394,50394,50397,0,3,1
14413,6,2,50400,50400,50402,0,2,3
14414,4,2,50404,50404,50406,0,2,2
14415,2,3,50406,50406,50409,0,3,0
14416,4,2,50410,50410,50412,0,2,1
14417,5,3,50415,50415,50418,0,3,3
14418,3,3,50418,50418,50421,0,3,0
14419,6,1,50424,50424,50425,0,1,3
14420,1,1,50425,50425,50426,0,1,0
14421,5,2,50430,50430,50432,0,2,4
14422,4,3,50434,50434,50437,0,3,2
14423,6,3,50440,50440,50443,0,3,3
14424,6,3,50446,50446,50449,0,3,3
14425,3,2,50449,50449,50451,0,2,0
14426,2,2,50451,50451,50453,0,2,0
14427,5,1,50456,50456,50457,0,1,3
14428,3,2,50459,50459,50461,0,2,2
14429,5,2,50464,50464,50466,0,2,3
14430,2,3,50466,50466,50469,0,3,0
14431,6,3,50472,50472,50475,0,3,3
14432,6,2,50478,50478,50480,0,2,3
14433,5,2,50483,50483,50485,0,2,3
14434,4,3,50487,50487,50490,0,3,2
14435,6,2,50493,50493,50495,0,2,3
14436,5,3,50498,50498,50501,0,3,3
14437,5,1,50503,50503,50504,0,1,2
14438,5,3,50508,50508,50511,0,3,4
14439,5,2,50513,50513,50515,0,2,2
14440,2,1,50515,50515,50516,0,1,0
14441,5,2,50520,50520,50522,0,2,4
14442,2,1,50522,50522,50523,0,1,0
14443,6,3,50528,50528,50531,0,3,5
14444,1,1,50529,50531,50532,2,3,0
14445,5,3,50534,50534,50537,0,3,2
14446,6,1,50540,50540,50541,0,1,3
14447,2,2,50542,50542,50544,0,2,1
14448,4,1,50546,50546,50547,0,1,2
14449,1,3,50547,50547,50550,0,3,0
14450,6,3,50553,50553,50556,0,3,3
14451,5,3,50558,50558,50561,0,3,2
14452,2,1,50560,50561,50562,1,2,0
14453,3,2,50563,50563,50565,0,2,1
14454,2,2,50565,50565,50567,0,2,0
14455,1,1,50566,50567,50568,1,2,0
14456,2,3,50568,50568,50571,0,3,0
14457,1,3,50569,50571,50574,2,5,0
14458,4,2,50573,50574,50576,1,3,0
14459,3,3,50576,50576,50579,0,3,0
14460,1,2,50577,50579,50581,2,4,0
14461,6,1,50583,50583,50584,0,1,2
14462,4,1,50587,50587,50588,0,1,3
14463,1,2,50588,50588,50590,0,2,0
14464,3,1,50591,50591,50592,0,1,1
14465,1,1,50592,50592,50593,0,1,0
14466,1,1,50593,50593,50594,0,1,0
14467,2,3,50595,50595,50598,0,3,1
14468,2,1,50597,50598,50599,1,2,0
14469,6,3,50603,50603,50606,0,3,4
14470,3,2,50606,50606,50608,0,2,0
14471,6,2,50612,50612,50614,0,2,4
14472,4,1,50616,50616,50617,0,1,2
14473,1,3,50617,50617,50620,0,3,0
14474,6,2,50623,50623,50625,0,2,3
14475,4,2,50627,50627,50629,0,2,2
14476,6,1,50633,50633,50634,0,1,4
14477,6,1,50639,50639,50640,0,1,5
14478,5,2,50644,50644,50646,0,2,4
14479,2,1,50646,50646,50647,0,1,0
14480,2,3,50648,50648,50651,0,3,1
14481,5,1,50653,50653,50654,0,1,2
14482,1,3,50654,50654,50657,0,3,0
14483,4,3,50658,50658,50661,0,3,1
14484,5,2,50663,50663,50665,0,2,2
14485,2,1,50665,50665,50666,0,1,0
14486,1,3,50666,50666,50669,0,3,0
14487,5,1,50671,50671,50672,0,1,2
14488,3,3,50674,50674,50677,0,3,2
14489,2,1,50676,50677,50678,1,2,0
14490,5,3,50681,50681,50684,0,3,3
14491,6,1,50687,50687,50688,0,1,3
14492,3,3,50690,50690,50693,0,3,2
14493,2,2,50692,50693,50695,1,3,0
14494,6,2,50698,50698,50700,0,2,3
14495,5,2,50703,50703,50705,0,2,3
14496,4,1,50707,50707,50708,0,1,2
14497,6,2,50713,50713,50715,0,2,5
14498,5,2,50718,50718,50720,0,2,3
14499,4,1,50722,50722,50723,0,1,2
14500,5,3,50727,50727,50730,0,3,4
14501,3,1,50730,50730,50731,0,1,0
14502,1,3,50731,50731,50734,0,3,0
14503,2,2,50733,50734,50736,1,3,0
14504,6,3,50739,50739,50742,0,3,3
14505,4,3,50743,50743,50746,0,3,1
14506,1,1,50744,50746,50747,2,3,0
14507,1,3,50745,50747,50750,2,5,0
14508,4,2,50749,50750,50752,1,3,0
14509,4,2,50753,50753,50755,0,2,1
14510,5,2,50758,50758,50760,0,2,3
14511,5,2,50763,50763,50765,0,2,3
14512,2,1,50765,50765,50766,0,1,0
14513,4,2,50769,50769,50771,0,2,3
14514,5,1,50774,50774,50775,0,1,3
14515,6,3,50780,50780,50783,0,3,5
14516,6,1,50786,50786,50787,0,1,3
14517,2,3,50788,50788,50791,0,3,1
14518,2,1,50790,50791,50792,1,2,0
14519,2,2,50792,50792,50794,0,2,0
14520,5,3,50797,50797,50800,0,3,3
14521,3,1,50800,50800,50801,0,1,0
14522,6,3,50806,50806,50809,0,3,5
14523,4,1,50810,50810,50811,0,1,1
14524,5,2,50815,50815,50817,0,2,4
14525,5,1,50820,50820,50821,0,1,3
14526,3,1,50823,50823,50824,0,1,2
14527,6,1,50829,50829,50830,0,1,5
14528,4,1,50833,50833,50834,0,1,3
14529,5,2,50838,50838,50840,0,2,4
14530,2,1,50840,50840,50841,0,1,0
14531,6,2,50846,50846,50848,0,2,5
14532,4,3,50850,50850,50853,0,3,2
14533,4,1,50854,50854,50855,0,1,1
14534,2,1,50856,50856,50857,0,1,1
14535,4,1,50860,50860,50861,0,1,3
14536,4,3,50864,50864,50867,0,3,3
14537,3,3,50867,50867,50870,0,3,0
14538,2,3,50869,50870,50873,1,4,0
14539,3,3,50872,50873,50876,1,4,0
14540,3,3,50875,50876,50879,1,4,0
14541,2,3,50877,50879,50882,2,5,0
14542,4,2,50881,50882,50884,1,3,0
14543,3,2,50884,50884,50886,0,2,0
14544,6,1,50890,50890,50891,0,1,4
14545,1,2,50891,50891,50893,0,2,0
14546,5,2,50896,50896,50898,0,2,3
14547,6,2,50902,50902,50904,0,2,4
14548,4,3,50906,50906,50909,0,3,2
14549,1,3,50907,50909,50912,2,5,0
14550,4,1,50911,50912,50913,1,2,0
14551,4,1,50915,50915,50916,0,1,2
14552,6,1,50921,50921,50922,0,1,5
14553,3,2,50924,50924,50926,0,2,2
14554,6,3,50930,50930,50933,0,3,4
14555,3,3,50933,50933,50936,0,3,0
14556,3,3,50936,50936,50939,0,3,0
14557,1,3,50937,50939,50942,2,5,0
14558,6,2,50943,50943,50945,0,2,1
14559,4,2,50947,50947,50949,0,2,2
14560,1,2,50948,50949,50951,1,3,0
14561,1,2,50949,50951,50953,2,4,0
14562,3,1,50952,50953,50954,1,2,0
14563,1,3,50953,50954,50957,1,4,0
14564,1,2,50954,50957,50959,3,5,0
14565,3,2,50957,50959,50961,2,4,0
14566,1,2,50958,50961,50963,3,5,0
14567,2,3,50960,50963,50966,3,6,0
14568,6,2,50966,50966,50968,0,2,0
14569,1,1,50967,50968,50969,1,2,0
14570,4,3,50971,50971,50974,0,3,2
14571,3,3,50974,50974,50977,0,3,0
14572,3,2,50977,50977,50979,0,2,0
14573,2,3,50979,50979,50982,0,3,0
14574,1,2,50980,50982,50984,2,4,0
14575,4,1,50984,50984,50985,0,1,0
14576,3,3,50987,50987,50990,0,3,2
14577,4,3,50991,50991,50994,0,3,1
14578,5,2,50996,50996,50998,0,2,2
14579,4,1,51000,51000,51001,0,1,2
14580,4,3,51004,51004,51007,0,3,3
14581,1,2,51005,51007,51009,2,4,0
14582,2,3,51007,51009,51012,2,5,0
14583,4,3,51011,51012,51015,1,4,0
14584,3,2,51014,51015,51017,1,3,0
14585,6,1,51020,51020,51021,0,1,3
14586,2,3,51022,51022,51025,0,3,1
14587,6,1,51028,51028,51029,0,1,3
14588,4,2,51032,51032,51034,0,2,3
14589,6,2,51038,51038,51040,0,2,4
14590,1,3,51039,51040,51043,1,4,0
14591,1,3,51040,51043,51046,3,6,0
14592,2,2,51042,51046,51048,4,6,0
14593,4,2,51046,51048,51050,2,4,0
14594,6,3,51052,51052,51055,0,3,2
14595,4,3,51056,51056,51059,0,3,1
14596,2,3,51058,51059,51062,1,4,0
14597,1,2,51059,51062,51064,3,5,0
14598,5,2,51064,51064,51066,0,2,0
14599,4,3,51068,51068,51071,0,3,2
14600,1,1,51069,51071,51072,2,3,0
14601,4,3,51073,51073,51076,0,3,1
14602,2,1,51075,51076,51077,1,2,0
14603,1,3,51076,51077,51080,1,4,0
14604,6,2,51082,51082,51084,0,2,2
14605,3,1,51085,51085,51086,0,1,1
14606,3,2,51088,51088,51090,0,2,2
14607,2,2,51090,51090,51092,0,2,0
14608,5,3,51095,51095,51098,0,3,3
14609,6,3,51101,51101,51104,0,3,3
14610,5,3,51106,51106,51109,0,3,2
14611,3,2,51109,51109,51111,0,2,0
14612,4,3,51113,51113,51116,0,3,2
14613,6,2,51119,51119,51121,0,2,3
14614,5,3,51124,51124,51127,0,3,3
14615,4,2,51128,51128,51130,0,2,1
14616,4,3,51132,51132,51135,0,3,2
14617,2,3,51134,51135,51138,1,4,0
14618,4,3,51138,51138,51141,0,3,0
14619,6,2,51144,51144,51146,0,2,3
14620,4,2,51148,51148,51150,0,2,2
14621,5,3,51153,51153,51156,0,3,3
14622,2,3,51155,51156,51159,1,4,0
14623,5,3,51160,51160,51163,0,3,1
14624,1,3,51161,51163,51166,2,5,0
14625,1,3,51162,51166,51169,4,7,0
14626,2,1,51164,51169,51170,5,6,0
14627,6,3,51170,51170,51173,0,3,0
14628,2,2,51172,51173,51175,1,3,0
14629,1,2,51173,51175,51177,2,4,0
14630,1,3,51174,51177,51180,3,6,0
14631,6,3,51180,51180,51183,0,3,0
14632,2,2,51182,51183,51185,1,3,0
14633,1,2,51183,51185,51187,2,4,0
14634,5,2,51188,51188,51190,0,2,1
14635,5,2,51193,51193,51195,0,2,3
14636,6,1,51199,51199,51200,0,1,4
14637,1,3,51200,51200,51203,0,3,0
14638,6,1,51206,51206,51207,0,1,3
14639,1,2,51207,51207,51209,0,2,0
14640,2,2,51209,51209,51211,0,2,0
14641,5,3,51214,51214,51217,0,3,3
14642,3,2,51217,51217,51219,0,2,0
14643,2,3,51219,51219,51222,0,3,0
14644,4,3,51223,51223,51226,0,3,1
14645,3,3,51226,51226,51229,0,3,0
14646,6,3,51232,51232,51235,0,3,3
14647,6,2,51238,51238,51240,0,2,3
14648,3,3,51241,51241,51244,0,3,1
14649,3,1,51244,51244,51245,0,1,0
14650,5,2,51249,51249,51251,0,2,4
14651,2,3,51251,51251,51254,0,3,0
14652,3,2,51254,51254,51256,0,2,0
14653,2,3,51256,51256,51259,0,3,0
14654,3,2,51259,51259,51261,0,2,0
14655,4,2,51263,51263,51265,0,2,2
14656,5,2,51268,51268,51270,0,2,3
14657,2,1,51270,51270,51271,0,1,0
14658,5,3,51275,51275,51278,0,3,4
14659,1,2,51276,51278,51280,2,4,0
14660,5,2,51281,51281,51283,0,2,1
14661,2,2,51283,51283,51285,0,2,0
14662,1,2,51284,51285,51287,1,3,0
14663,1,2,51285,51287,51289,2,4,0
14664,3,1,51288,51289,51290,1,2,0
14665,3,1,51291,51291,51292,0,1,1
14666,6,1,51297,51297,51298,0,1,5
14667,2,3,51299,51299,51302,0,3,1
14668,1,3,51300,51302,51305,2,5,0
14669,6,3,51306,51306,51309,0,3,1
14670,6,3,51312,51312,51315,0,3,3
14671,4,3,51316,51316,51319,0,3,1
14672,4,2,51320,51320,51322,0,2,1
14673,3,1,51323,51323,51324,0,1,1
14674,2,1,51325,51325,51326,0,1,1
14675,2,3,51327,51327,51330,0,3,1
14676,1,3,51328,51330,51333,2,5,0
14677,2,2,51330,51333,51335,3,5,0
14678,1,2,51331,51335,51337,4,6,0
14679,2,2,51333,51337,51339,4,6,0
14680,1,2,51334,51339,51341,5,7,0
14681,5,3,51339,51341,51344,2,5,0
14682,4,1,51343,51344,51345,1,2,0
14683,2,3,51345,51345,51348,0,3,0
14684,2,1,51347,51348,51349,1,2,0
14685,4,2,51351,51351,51353,0,2,2
14686,1,3,51352,51353,51356,1,4,0
14687,2,1,51354,51356,51357,2,3,0
14688,1,1,51355,51357,51358,2,3,0
14689,5,3,51360,51360,51363,0,3,2
14690,2,1,51362,51363,51364,1,2,0
14691,1,3,51363,51364,51367,1,4,0
14692,6,1,51369,51369,51370,0,1,2
14693,3,2,51372,51372,51374,0,2,2
14694,5,2,51377,51377,51379,0,2,3
14695,5,3,51382,51382,51385,0,3,3
14696,4,3,51386,51386,51389,0,3,1
14697,1,2,51387,51389,51391,2,4,0
14698,2,1,51389,51391,51392,2,3,0
14699,4,2,51393,51393,51395,0,2,1
14700,1,3,51394,51395,51398,1,4,0
14701,1,2,51395,51398,51400,3,5,0
14702,6,2,51401,51401,51403,0,2,1
14703,3,3,51404,51404,51407,0,3,1
14704,6,3,51410,51410,51413,0,3,3
14705,4,1,51414,51414,51415,0,1,1
14706,2,1,51416,51416,51417,0,1,1
14707,2,2,51418,51418,51420,0,2,1
14708,3,3,51421,51421,51424,0,3,1
14709,6,2,51427,51427,51429,0,2,3
14710,5,3,51432,51432,51435,0,3,3
14711,5,2,51437,51437,51439,0,2,2
14712,6,3,51443,51443,51446,0,3,4
14713,2,3,51445,51446,51449,1,4,0
14714,2,1,51447,51449,51450,2,3,0
14715,6,1,51453,51453,51454,0,1,3
14716,2,1,51455,51455,51456,0,1,1
14717,5,3,51460,51460,51463,0,3,4
14718,6,2,51466,51466,51468,0,2,3
14719,1,2,51467,51468,51470,1,3,0
14720,3,2,51470,51470,51472,0,2,0
14721,2,1,51472,51472,51473,0,1,0
14722,2,3,51474,51474,51477,0,3,1
14723,5,3,51479,51479,51482,0,3,2
14724,2,1,51481,51482,51483,1,2,0
14725,3,2,51484,51484,51486,0,2,1
14726,4,3,51488,51488,51491,0,3,2
14727,6,2,51494,51494,51496,0,2,3
14728,1,3,51495,51496,51499,1,4,0
14729,5,3,51500,51500,51503,0,3,1
14730,2,3,51502,51503,51506,1,4,0
14731,5,1,51507,51507,51508,0,1,1
14732,5,2,51512,51512,51514,0,2,4
14733,3,2,51515,51515,51517,0,2,1
14734,1,3,51516,51517,51520,1,4,0
14735,6,3,51522,51522,51525,0,3,2
14736,3,1,51525,51525,51526,0,1,0
14737,1,2,51526,51526,51528,0,2,0
14738,4,1,51530,51530,51531,0,1,2
14739,2,2,51532,51532,51534,0,2,1
14740,2,3,51534,51534,51537,0,3,0
14741,5,1,51539,51539,51540,0,1,2
14742,3,2,51542,51542,51544,0,2,2
14743,4,1,51546,51546,51547,0,1,2
14744,3,3,51549,51549,51552,0,3,2
14745,6,1,51555,51555,51556,0,1,3
14746,4,2,51559,51559,51561,0,2,3
14747,2,3,51561,51561,51564,0,3,0
14748,6,1,51567,51567,51568,0,1,3
14749,6,2,51573,51573,51575,0,2,5
14750,5,2,51578,51578,51580,0,2,3
14751,1,3,51579,51580,51583,1,4,0
14752,6,1,51585,51585,51586,0,1,2
14753,1,3,51586,51586,51589,0,3,0
14754,6,2,51592,51592,51594,0,2,3
14755,1,3,51593,51594,51597,1,4,0
14756,3,1,51596,51597,51598,1,2,0
14757,1,3,51597,51598,51601,1,4,0
14758,4,1,51601,51601,51602,0,1,0
14759,3,1,51604,51604,51605,0,1,2
14760,2,3,51606,51606,51609,0,3,1
14761,6,3,51612,51612,51615,0,3,3
14762,6,2,51618,51618,51620,0,2,3
14763,2,3,51620,51620,51623,0,3,0
14764,2,3,51622,51623,51626,1,4,0
14765,6,1,51628,51628,51629,0,1,2
14766,6,1,51634,51634,51635,0,1,5
14767,3,3,51637,51637,51640,0,3,2
14768,3,3,51640,51640,51643,0,3,0
14769,4,2,51644,51644,51646,0,2,1
14770,3,1,51647,51647,51648,0,1,1
14771,5,1,51652,51652,51653,0,1,4
14772,2,2,51654,51654,51656,0,2,1
14773,1,2,51655,51656,51658,1,3,0
14774,3,3,51658,51658,51661,0,3,0
14775,2,3,51660,51661,51664,1,4,0
14776,2,2,51662,51664,51666,2,4,0
14777,4,1,51666,51666,51667,0,1,0
14778,3,1,51669,51669,51670,0,1,2
14779,3,1,51672,51672,51673,0,1,2
14780,6,2,51678,51678,51680,0,2,5
14781,1,1,51679,51680,51681,1,2,0
14782,6,3,51685,51685,51688,0,3,4
14783,1,2,51686,51688,51690,2,4,0
14784,5,1,51691,51691,51692,0,1,1
14785,2,2,51693,51693,51695,0,2,1
14786,3,1,51696,51696,51697,0,1,1
14787,1,1,51697,51697,51698,0,1,0
14788,4,1,51701,51701,51702,0,1,3
14789,3,2,51704,51704,51706,0,2,2
14790,5,1,51709,51709,51710,0,1,3
14791,6,1,51715,51715,51716,0,1,5
14792,6,2,51721,51721,51723,0,2,5
14793,4,3,51725,51725,51728,0,3,2
14794,2,3,51727,51728,51731,1,4,0
14795,6,2,51733,51733,51735,0,2,2
14796,3,2,51736,51736,51738,0,2,1
14797,1,3,51737,51738,51741,1,4,0
14798,6,1,51743,51743,51744,0,1,2
14799,3,1,51746,51746,51747,0,1,2
14800,6,3,51752,51752,51755,0,3,5
14801,6,2,51758,51758,51760,0,2,3
14802,6,1,51764,51764,51765,0,1,4
14803,5,2,51769,51769,51771,0,2,4
14804,5,2,51774,51774,51776,0,2,3
14805,4,2,51778,51778,51780,0,2,2
14806,2,1,51780,51780,51781,0,1,0
14807,6,2,51786,51786,51788,0,2,5
14808,6,3,51792,51792,51795,0,3,4
14809,6,1,51798,51798,51799,0,1,3
14810,5,3,51803,51803,51806,0,3,4
14811,3,1,51806,51806,51807,0,1,0
14812,3,1,51809,51809,51810,0,1,2
14813,5,1,51814,51814,51815,0,1,4
14814,1,3,51815,51815,51818,0,3,0
14815,5,2,51820,51820,51822,0,2,2
14816,4,3,51824,51824,51827,0,3,2
14817,3,2,51827,51827,51829,0,2,0
14818,6,2,51833,51833,51835,0,2,4
14819,3,1,51836,51836,51837,0,1,1
14820,4,2,51840,51840,51842,0,2,3
14821,3,3,51843,51843,51846,0,3,1
14822,4,1,51847,51847,51848,0,1,1
14823,2,3,51849,51849,51852,0,3,1
14824,5,1,51854,51854,51855,0,1,2
14825,5,3,51859,51859,51862,0,3,4
14826,6,1,51865,51865,51866,0,1,3
14827,5,2,51870,51870,51872,0,2,4
14828,2,1,51872,51872,51873,0,1,0
14829,4,3,51876,51876,51879,0,3,3
14830,3,3,51879,51879,51882,0,3,0
14831,6,1,51885,51885,51886,0,1,3
14832,5,3,51890,51890,51893,0,3,4
14833,1,3,51891,51893,51896,2,5,0
14834,2,1,51893,51896,51897,3,4,0
14835,4,1,51897,51897,51898,0,1,0
14836,3,2,51900,51900,51902,0,2,2
14837,2,1,51902,51902,51903,0,1,0
14838,3,2,51905,51905,51907,0,2,2
14839,1,3,51906,51907,51910,1,4,0
14840,1,3,51907,51910,51913,3,6,0
14841,5,2,51912,51913,51915,1,3,0
14842,6,3,51918,51918,51921,0,3,3
14843,3,1,51921,51921,51922,0,1,0
14844,4,1,51925,51925,51926,0,1,3
14845,4,3,51929,51929,51932,0,3,3
14846,2,2,51931,51932,51934,1,3,0
14847,5,3,51936,51936,51939,0,3,2
14848,2,1,51938,51939,51940,1,2,0
14849,2,3,51940,51940,51943,0,3,0
14850,4,1,51944,51944,51945,0,1,1
14851,2,3,51946,51946,51949,0,3,1
14852,4,1,51950,51950,51951,0,1,1
14853,3,2,51953,51953,51955,0,2,2
14854,1,1,51954,51955,51956,1,2,0
14855,1,2,51955,51956,51958,1,3,0
14856,4,3,51959,51959,51962,0,3,1
14857,1,3,51960,51962,51965,2,5,0
14858,6,3,51966,51966,51969,0,3,1
14859,5,1,51971,51971,51972,0,1,2
14860,6,3,51977,51977,51980,0,3,5
14861,1,3,51978,51980,51983,2,5,0
14862,1,3,51979,51983,51986,4,7,0
14863,1,2,51980,51986,51988,6,8,0
14864,3,2,51983,51988,51990,5,7,0
14865,3,2,51986,51990,51992,4,6,0
14866,1,2,51987,51992,51994,5,7,0
14867,4,2,51991,51994,51996,3,5,0
14868,6,3,51997,51997,52000,0,3,1
14869,1,3,51998,52000,52003,2,5,0
14870,3,1,52001,52003,52004,2,3,0
14871,4,1,52005,52005,52006,0,1,1
14872,5,1,52010,52010,52011,0,1,4
14873,3,3,52013,52013,52016,0,3,2
14874,6,2,52019,52019,52021,0,2,3
14875,6,2,52025,52025,52027,0,2,4
14876,2,2,52027,52027,52029,0,2,0
14877,3,2,52030,52030,52032,0,2,1
14878,3,2,52033,52033,52035,0,2,1
14879,2,1,52035,52035,52036,0,1,0
14880,2,1,52037,52037,52038,0,1,1
14881,6,1,52043,52043,52044,0,1,5
14882,2,1,52045,52045,52046,0,1,1
14883,5,1,52050,52050,52051,0,1,4
14884,2,1,52052,52052,52053,0,1,1
14885,3,3,52055,52055,52058,0,3,2
14886,5,3,52060,52060,52063,0,3,2
14887,4,3,52064,52064,52067,0,3,1
14888,2,2,52066,52067,52069,1,3,0
14889,2,1,52068,52069,52070,1,2,0
14890,6,2,52074,52074,52076,0,2,4
14891,3,3,52077,52077,52080,0,3,1
14892,1,2,52078,52080,52082,2,4,0
14893,5,1,52083,52083,52084,0,1,1
14894,3,2,52086,52086,52088,0,2,2
14895,4,3,52090,52090,52093,0,3,2
14896,2,3,52092,52093,52096,1,4,0
14897,6,1,52098,52098,52099,0,1,2
14898,4,1,52102,52102,52103,0,1,3
14899,5,3,52107,52107,52110,0,3,4
14900,1,3,52108,52110,52113,2,5,0
14901,6,2,52114,52114,52116,0,2,1
14902,3,1,52117,52117,52118,0,1,1
14903,6,1,52123,52123,52124,0,1,5
14904,1,2,52124,52124,52126,0,2,0
14905,5,3,52129,52129,52132,0,3,3
14906,4,1,52133,52133,52134,0,1,1
14907,5,3,52138,52138,52141,0,3,4
14908,2,3,52140,52141,52144,1,4,0
14909,5,3,52145,52145,52148,0,3,1
14910,4,3,52149,52149,52152,0,3,1
14911,1,2,52150,52152,52154,2,4,0
14912,2,1,52152,52154,52155,2,3,0
14913,3,1,52155,52155,52156,0,1,0
14914,6,2,52161,52161,52163,0,2,5
14915,5,3,52166,52166,52169,0,3,3
14916,4,3,52170,52170,52173,0,3,1
14917,5,1,52175,52175,52176,0,1,2
14918,2,2,52177,52177,52179,0,2,1
14919,4,3,52181,52181,52184,0,3,2
14920,5,3,52186,52186,52189,0,3,2
14921,4,2,52190,52190,52192,0,2,1
14922,1,3,52191,52192,52195,1,4,0
14923,6,1,52197,52197,52198,0,1,2
14924,1,1,52198,52198,52199,0,1,0
14925,3,3,52201,52201,52204,0,3,2
14926,3,1,52204,52204,52205,0,1,0
14927,5,2,52209,52209,52211,0,2,4
14928,1,3,52210,52211,52214,1,4,0
14929,1,1,52211,52214,52215,3,4,0
14930,2,1,52213,52215,52216,2,3,0
14931,6,3,52219,52219,52222,0,3,3
14932,1,1,52220,52222,52223,2,3,0
14933,3,1,52223,52223,52224,0,1,0
14934,5,2,52228,52228,52230,0,2,4
14935,4,3,52232,52232,52235,0,3,2
14936,3,2,52235,52235,52237,0,2,0
14937,5,3,52240,52240,52243,0,3,3
14938,5,1,52245,52245,52246,0,1,2
14939,2,3,52247,52247,52250,0,3,1
14940,5,2,52252,52252,52254,0,2,2
14941,1,2,52253,52254,52256,1,3,0
14942,3,3,52256,52256,52259,0,3,0
14943,4,1,52260,52260,52261,0,1,1
14944,6,2,52266,52266,52268,0,2,5
14945,3,2,52269,52269,52271,0,2,1
14946,1,1,52270,52271,52272,1,2,0
14947,6,1,52276,52276,52277,0,1,4
14948,2,3,52278,52278,52281,0,3,1
14949,2,3,52280,52281,52284,1,4,0
14950,1,2,52281,52284,52286,3,5,0
14951,4,2,52285,52286,52288,1,3,0
14952,5,3,52290,52290,52293,0,3,2
14953,3,3,52293,52293,52296,0,3,0
14954,4,3,52297,52297,52300,0,3,1
14955,5,1,52302,52302,52303,0,1,2
14956,2,3,52304,52304,52307,0,3,1
14957,5,2,52309,52309,52311,0,2,2
14958,5,3,52314,52314,52317,0,3,3
14959,1,2,52315,52317,52319,2,4,0
14960,4,2,52319,52319,52321,0,2,0
14961,6,3,52325,52325,52328,0,3,4
14962,5,1,52330,52330,52331,0,1,2
14963,1,2,52331,52331,52333,0,2,0
14964,4,3,52335,52335,52338,0,3,2
14965,3,3,52338,52338,52341,0,3,0
14966,3,1,52341,52341,52342,0,1,0
14967,1,3,52342,52342,52345,0,3,0
14968,5,3,52347,52347,52350,0,3,2
14969,6,2,52353,52353,52355,0,2,3
14970,1,2,52354,52355,52357,1,3,0
14971,6,1,52360,52360,52361,0,1,3
14972,6,3,52366,52366,52369,0,3,5
14973,6,2,52372,52372,52374,0,2,3
14974,6,3,52378,52378,52381,0,3,4
14975,6,2,52384,52384,52386,0,2,3
14976,2,3,52386,52386,52389,0,3,0
14977,5,1,52391,52391,52392,0,1,2
14978,3,3,52394,52394,52397,0,3,2
14979,3,2,52397,52397,52399,0,2,0
14980,2,3,52399,52399,52402,0,3,0
14981,4,1,52403,52403,52404,0,1,1
14982,1,1,52404,52404,52405,0,1,0
14983,2,3,52406,52406,52409,0,3,1
14984,2,1,52408,52409,52410,1,2,0
14985,1,1,52409,52410,52411,1,2,0
14986,1,1,52410,52411,52412,1,2,0
14987,1,3,52411,52412,52415,1,4,0
14988,4,1,52415,52415,52416,0,1,0
14989,6,1,52421,52421,52422,0,1,5
14990,6,2,52427,52427,52429,0,2,5
14991,5,1,52432,52432,52433,0,1,3
14992,3,2,52435,52435,52437,0,2,2
14993,5,1,52440,52440,52441,0,1,3
14994,2,1,52442,52442,52443,0,1,1
14995,2,3,52444,52444,52447,0,3,1
14996,5,3,52449,52449,52452,0,3,2
14997,4,1,52453,52453,52454,0,1,1
14998,5,3,52458,52458,52461,0,3,4
14999,6,2,52464,52464,52466,0,2,3
15000,1,2,52465,52466,52468,1,3,0
15001,4,3,52469,52469,52472,0,3,1
15002,5,1,52474,52474,52475,0,1,2
15003,4,3,52478,52478,52481,0,3,3
15004,6,3,52484,52484,52487,0,3,3
15005,2,3,52486,52487,52490,1,4,0
15006,6,1,52492,52492,52493,0,1,2
15007,5,3,52497,52497,52500,0,3,4
15008,1,1,52498,52500,52501,2,3,0
15009,1,2,52499,52501,52503,2,4,0
15010,4,2,52503,52503,52505,0,2,0
15011,3,3,52506,52506,52509,0,3,1
15012,2,2,52508,52509,52511,1,3,0
15013,1,2,52509,52511,52513,2,4,0
15014,4,3,52513,52513,52516,0,3,0
15015,4,1,52517,52517,52518,0,1,1
15016,6,3,52523,52523,52526,0,3,5
15017,5,3,52528,52528,52531,0,3,2
15018,6,2,52534,52534,52536,0,2,3
15019,2,1,52536,52536,52537,0,1,0
15020,2,2,52538,52538,52540,0,2,1
15021,2,1,52540,52540,52541,0,1,0
15022,6,3,52546,52546,52549,0,3,5
15023,4,3,52550,52550,52553,0,3,1
15024,4,2,52554,52554,52556,0,2,1
15025,4,1,52558,52558,52559,0,1,2
15026,5,3,52563,52563,52566,0,3,4
15027,2,3,52565,52566,52569,1,4,0
15028,2,2,52567,52569,52571,2,4,0
15029,2,3,52569,52571,52574,2,5,0
15030,6,3,52575,52575,52578,0,3,1
15031,3,2,52578,52578,52580,0,2,0
15032,3,1,52581,52581,52582,0,1,1
15033,6,2,52587,52587,52589,0,2,5
15034,5,3,52592,52592,52595,0,3,3
15035,5,1,52597,52597,52598,0,1,2
15036,5,2,52602,52602,52604,0,2,4
15037,4,1,52606,52606,52607,0,1,2
15038,5,3,52611,52611,52614,0,3,4
15039,3,3,52614,52614,52617,0,3,0
15040,4,2,52618,52618,52620,0,2,1
15041,6,1,52624,52624,52625,0,1,4
15042,2,3,52626,52626,52629,0,3,1
15043,3,1,52629,52629,52630,0,1,0
15044,5,2,52634,52634,52636,0,2,4
15045,2,2,52636,52636,52638,0,2,0
15046,2,3,52638,52638,52641,0,3,0
15047,2,2,52640,52641,52643,1,3,0
15048,5,3,52645,52645,52648,0,3,2
15049,5,3,52650,52650,52653,0,3,2
15050,2,1,52652,52653,52654,1,2,0
15051,2,1,52654,52654,52655,0,1,0
15052,6,2,52660,52660,52662,0,2,5
15053,2,3,52662,52662,52665,0,3,0
15054,2,1,52664,52665,52666,1,2,0
15055,2,2,52666,52666,52668,0,2,0
15056,5,3,52671,52671,52674,0,3,3
15057,6,2,52677,52677,52679,0,2,3
15058,1,1,52678,52679,52680,1,2,0
15059,6,2,52684,52684,52686,0,2,4
15060,1,3,52685,52686,52689,1,4,0
15061,1,3,52686,52689,52692,3,6,0
15062,1,2,52687,52692,52694,5,7,0
15063,6,2,52693,52694,52696,1,3,0
15064,5,3,52698,52698,52701,0,3,2
15065,2,1,52700,52701,52702,1,2,0
15066,2,2,52702,52702,52704,0,2,0
15067,6,3,52708,52708,52711,0,3,4
15068,2,2,52710,52711,52713,1,3,0
15069,1,1,52711,52713,52714,2,3,0
15070,3,3,52714,52714,52717,0,3,0
15071,5,3,52719,52719,52722,0,3,2
15072,5,2,52724,52724,52726,0,2,2
15073,4,1,52728,52728,52729,0,1,2
15074,2,1,52730,52730,52731,0,1,1
15075,1,1,52731,52731,52732,0,1,0
15076,5,3,52736,52736,52739,0,3,4
15077,1,2,52737,52739,52741,2,4,0
15078,4,2,52741,52741,52743,0,2,0
15079,5,1,52746,52746,52747,0,1,3
15080,1,2,52747,52747,52749,0,2,0
15081,3,1,52750,52750,52751,0,1,1
15082,6,2,52756,52756,52758,0,2,5
15083,3,2,52759,52759,52761,0,2,1
15084,1,1,52760,52761,52762,1,2,0
15085,6,2,52766,52766,52768,0,2,4
15086,2,1,52768,52768,52769,0,1,0
15087,4,2,52772,52772,52774,0,2,3
15088,6,2,52778,52778,52780,0,2,4
15089,6,3,52784,52784,52787,0,3,4
15090,1,1,52785,52787,52788,2,3,0
15091,6,3,52791,52791,52794,0,3,3
15092,2,3,52793,52794,52797,1,4,0
15093,1,3,52794,52797,52800,3,6,0
15094,2,3,52796,52800,52803,4,7,0
15095,2,2,52798,52803,52805,5,7,0
15096,6,2,52804,52805,52807,1,3,0
15097,2,3,52806,52807,52810,1,4,0
15098,1,2,52807,52810,52812,3,5,0
15099,4,3,52811,52812,52815,1,4,0
15100,5,2,52816,52816,52818,0,2,1
15101,2,1,52818,52818,52819,0,1,0
15102,1,1,52819,52819,52820,0,1,0
15103,6,1,52825,52825,52826,0,1,5
15104,6,1,52831,52831,52832,0,1,5
15105,3,1,52834,52834,52835,0,1,2
15106,2,3,52836,52836,52839,0,3,1
15107,3,3,52839,52839,52842,0,3,0
15108,6,3,52845,52845,52848,0,3,3
15109,2,1,52847,52848,52849,1,2,0
15110,3,1,52850,52850,52851,0,1,1
15111,1,1,52851,52851,52852,0,1,0
15112,2,3,52853,52853,52856,0,3,1
15113,6,1,52859,52859,52860,0,1,3
15114,1,2,52860,52860,52862,0,2,0
15115,5,3,52865,52865,52868,0,3,3
15116,2,1,52867,52868,52869,1,2,0
15117,3,1,52870,52870,52871,0,1,1
15118,1,1,52871,52871,52872,0,1,0
15119,1,1,52872,52872,52873,0,1,0
15120,6,2,52878,52878,52880,0,2,5
15121,5,1,52883,52883,52884,0,1,3
15122,5,3,52888,52888,52891,0,3,4
15123,4,3,52892,52892,52895,0,3,1
15124,5,3,52897,52897,52900,0,3,2
15125,6,2,52903,52903,52905,0,2,3
15126,5,3,52908,52908,52911,0,3,3
15127,6,2,52914,52914,52916,0,2,3
15128,2,3,52916,52916,52919,0,3,0
15129,1,3,52917,52919,52922,2,5,0
15130,2,3,52919,52922,52925,3,6,0
15131,4,3,52923,52925,52928,2,5,0
15132,3,2,52926,52928,52930,2,4,0
15133,1,2,52927,52930,52932,3,5,0
15134,6,1,52933,52933,52934,0,1,1
15135,1,2,52934,52934,52936,0,2,0
15136,4,3,52938,52938,52941,0,3,2
15137,4,3,52942,52942,52945,0,3,1
15138,5,1,52947,52947,52948,0,1,2
15139,6,3,52953,52953,52956,0,3,5
15140,2,1,52955,52956,52957,1,2,0
15141,2,2,52957,52957,52959,0,2,0
15142,6,1,52963,52963,52964,0,1,4
15143,6,3,52969,52969,52972,0,3,5
15144,6,1,52975,52975,52976,0,1,3
15145,4,3,52979,52979,52982,0,3,3
15146,5,3,52984,52984,52987,0,3,2
15147,4,2,52988,52988,52990,0,2,1
15148,4,3,52992,52992,52995,0,3,2
15149,5,3,52997,52997,53000,0,3,2
15150,4,3,53001,53001,53004,0,3,1
15151,1,3,53002,53004,53007,2,5,0
15152,3,3,53005,53007,53010,2,5,0
15153,1,2,53006,53010,53012,4,6,0
15154,6,2,53012,53012,53014,0,2,0
15155,1,2,53013,53014,53016,1,3,0
15156,1,2,53014,53016,53018,2,4,0
15157,5,1,53019,53019,53020,0,1,1
15158,2,3,53021,53021,53024,0,3,1
15159,3,2,53024,53024,53026,0,2,0
15160,4,1,53028,53028,53029,0,1,2
15161,1,3,53029,53029,53032,0,3,0
15162,4,3,53033,53033,53036,0,3,1
15163,3,2,53036,53036,53038,0,2,0
15164,1,3,53037,53038,53041,1,4,0
15165,5,3,53042,53042,53045,0,3,1
15166,6,1,53048,53048,53049,0,1,3
15167,4,2,53052,53052,53054,0,2,3
15168,6,2,53058,53058,53060,0,2,4
15169,5,3,53063,53063,53066,0,3,3
15170,4,3,53067,53067,53070,0,3,1
15171,1,3,53068,53070,53073,2,5,0
15172,3,1,53071,53073,53074,2,3,0
15173,6,3,53077,53077,53080,0,3,3
15174,6,2,53083,53083,53085,0,2,3
15175,1,3,53084,53085,53088,1,4,0
15176,2,1,53086,53088,53089,2,3,0
15177,4,3,53090,53090,53093,0,3,1
15178,1,2,53091,53093,53095,2,4,0
15179,3,3,53094,53095,53098,1,4,0
15180,4,2,53098,53098,53100,0,2,0
15181,3,1,53101,53101,53102,0,1,1
15182,6,2,53107,53107,53109,0,2,5
15183,2,3,53109,53109,53112,0,3,0
15184,3,3,53112,53112,53115,0,3,0
15185,4,2,53116,53116,53118,0,2,1
15186,5,3,53121,53121,53124,0,3,3
15187,5,1,53126,53126,53127,0,1,2
15188,3,3,53129,53129,53132,0,3,2
15189,6,3,53135,53135,53138,0,3,3
15190,6,2,53141,53141,53143,0,2,3
15191,3,3,53144,53144,53147,0,3,1
15192,2,3,53146,53147,53150,1,4,0
15193,5,2,53151,53151,53153,0,2,1
15194,4,2,53155,53155,53157,0,2,2
15195,4,1,53159,53159,53160,0,1,2
15196,4,1,53163,53163,53164,0,1,3
15197,5,3,53168,53168,53171,0,3,4
15198,3,1,53171,53171,53172,0,1,0
15199,5,1,53176,53176,53177,0,1,4
15200,5,3,53181,53181,53184,0,3,4
15201,4,2,53185,53185,53187,0,2,1
15202,5,1,53190,53190,53191,0,1,3
15203,5,1,53195,53195,53196,0,1,4
15204,6,1,53201,53201,53202,0,1,5
15205,3,2,53204,53204,53206,0,2,2
15206,6,2,53210,53210,53212,0,2,4
15207,3,2,53213,53213,53215,0,2,1
15208,3,2,53216,53216,53218,0,2,1
15209,4,1,53220,53220,53221,0,1,2
15210,5,2,53225,53225,53227,0,2,4
15211,6,2,53231,53231,53233,0,2,4
15212,4,3,53235,53235,53238,0,3,2
15213,5,1,53240,53240,53241,0,1,2
15214,3,2,53243,53243,53245,0,2,2
15215,1,1,53244,53245,53246,1,2,0
15216,6,3,53250,53250,53253,0,3,4
15217,5,3,53255,53255,53258,0,3,2
15218,3,1,53258,53258,53259,0,1,0
15219,2,1,53260,53260,53261,0,1,1
15220,3,3,53263,53263,53266,0,3,2
15221,4,2,53267,53267,53269,0,2,1
15222,5,1,53272,53272,53273,0,1,3
15223,5,2,53277,53277,53279,0,2,4
15224,3,2,53280,53280,53282,0,2,1
15225,1,3,53281,53282,53285,1,4,0
15226,4,3,53285,53285,53288,0,3,0
15227,1,1,53286,53288,53289,2,3,0
15228,1,1,53287,53289,53290,2,3,0
15229,2,2,53289,53290,53292,1,3,0
15230,6,2,53295,53295,53297,0,2,3
15231,4,2,53299,53299,53301,0,2,2
15232,4,3,53303,53303,53306,0,3,2
15233,2,2,53305,53306,53308,1,3,0
15234,1,2,53306,53308,53310,2,4,0
15235,5,1,53311,53311,53312,0,1,1
15236,6,1,53317,53317,53318,0,1,5
15237,2,1,53319,53319,53320,0,1,1
15238,5,3,53324,53324,53327,0,3,4
15239,1,3,53325,53327,53330,2,5,0
15240,3,3,53328,53330,53333,2,5,0
15241,4,3,53332,53333,53336,1,4,0
15242,2,1,53334,53336,53337,2,3,0
15243,3,2,53337,53337,53339,0,2,0
15244,2,1,53339,53339,53340,0,1,0
15245,6,1,53345,53345,53346,0,1,5
15246,1,1,53346,53346,53347,0,1,0
15247,6,2,53352,53352,53354,0,2,5
15248,2,3,53354,53354,53357,0,3,0
15249,4,3,53358,53358,53361,0,3,1
15250,2,1,53360,53361,53362,1,2,0
15251,3,3,53363,53363,53366,0,3,1
15252,2,1,53365,53366,53367,1,2,0
15253,6,1,53371,53371,53372,0,1,4
15254,3,1,53374,53374,53375,0,1,2
15255,4,2,53378,53378,53380,0,2,3
15256,6,2,53384,53384,53386,0,2,4
15257,1,1,53385,53386,53387,1,2,0
15258,1,3,53386,53387,53390,1,4,0
15259,3,1,53389,53390,53391,1,2,0
15260,3,3,53392,53392,53395,0,3,1
15261,2,1,53394,53395,53396,1,2,0
15262,6,1,53400,53400,53401,0,1,4
15263,6,3,53406,53406,53409,0,3,5
15264,1,1,53407,53409,53410,2,3,0
15265,2,2,53409,53410,53412,1,3,0
15266,1,3,53410,53412,53415,2,5,0
15267,5,3,53415,53415,53418,0,3,0
15268,4,2,53419,53419,53421,0,2,1
15269,6,1,53425,53425,53426,0,1,4
15270,4,2,53429,53429,53431,0,2,3
15271,2,1,53431,53431,53432,0,1,0
15272,5,3,53436,53436,53439,0,3,4
15273,3,1,53439,53439,53440,0,1,0
15274,1,1,53440,53440,53441,0,1,0
15275,4,2,53444,53444,53446,0,2,3
15276,3,2,53447,53447,53449,0,2,1
15277,2,1,53449,53449,53450,0,1,0
15278,1,2,53450,53450,53452,0,2,0
15279,6,3,53456,53456,53459,0,3,4
15280,4,2,53460,53460,53462,0,2,1
15281,1,3,53461,53462,53465,1,4,0
15282,1,1,53462,53465,53466,3,4,0
15283,5,1,53467,53467,53468,0,1,1
15284,2,3,53469,53469,53472,0,3,1
15285,3,1,53472,53472,53473,0,1,0
15286,3,1,53475,53475,53476,0,1,2
15287,3,3,53478,53478,53481,0,3,2
15288,4,2,53482,53482,53484,0,2,1
15289,4,1,53486,53486,53487,0,1,2
15290,4,2,53490,53490,53492,0,2,3
15291,4,1,53494,53494,53495,0,1,2
15292,4,2,53498,53498,53500,0,2,3
15293,2,2,53500,53500,53502,0,2,0
15294,4,2,53504,53504,53506,0,2,2
15295,4,2,53508,53508,53510,0,2,2
15296,5,1,53513,53513,53514,0,1,3
15297,5,2,53518,53518,53520,0,2,4
15298,4,3,53522,53522,53525,0,3,2
15299,1,2,53523,53525,53527,2,4,0
15300,3,1,53526,53527,53528,1,2,0
15301,6,1,53532,53532,53533,0,1,4
15302,4,3,53536,53536,53539,0,3,3
15303,1,3,53537,53539,53542,2,5,0
15304,3,1,53540,53542,53543,2,3,0
15305,3,3,53543,53543,53546,0,3,0
15306,4,2,53547,53547,53549,0,2,1
15307,1,2,53548,53549,53551,1,3,0
15308,6,3,53554,53554,53557,0,3,3
15309,1,2,53555,53557,53559,2,4,0
15310,3,2,53558,53559,53561,1,3,0
15311,3,3,53561,53561,53564,0,3,0
15312,5,2,53566,53566,53568,0,2,2
15313,2,2,53568,53568,53570,0,2,0
15314,4,1,53572,53572,53573,0,1,2
15315,6,2,53578,53578,53580,0,2,5
15316,6,3,53584,53584,53587,0,3,4
15317,5,2,53589,53589,53591,0,2,2
15318,5,2,53594,53594,53596,0,2,3
15319,4,1,53598,53598,53599,0,1,2
15320,3,3,53601,53601,53604,0,3,2
15321,6,3,53607,53607,53610,0,3,3
15322,1,1,53608,53610,53611,2,3,0
15323,5,3,53613,53613,53616,0,3,2
15324,6,2,53619,53619,53621,0,2,3
15325,5,3,53624,53624,53627,0,3,3
15326,3,2,53627,53627,53629,0,2,0
15327,2,2,53629,53629,53631,0,2,0
15328,3,2,53632,53632,53634,0,2,1
15329,5,1,53637,53637,53638,0,1,3
15330,4,3,53641,53641,53644,0,3,3
15331,4,1,53645,53645,53646,0,1,1
15332,2,3,53647,53647,53650,0,3,1
15333,5,2,53652,53652,53654,0,2,2
15334,5,3,53657,53657,53660,0,3,3
15335,2,3,53659,53660,53663,1,4,0
15336,4,1,53663,53663,53664,0,1,0
15337,4,1,53667,53667,53668,0,1,3
15338,2,1,53669,53669,53670,0,1,1
15339,6,3,53675,53675,53678,0,3,5
15340,4,2,53679,53679,53681,0,2,1
15341,6,2,53685,53685,53687,0,2,4
15342,2,2,53687,53687,53689,0,2,0
15343,5,3,53692,53692,53695,0,3,3
15344,6,3,53698,53698,53701,0,3,3
15345,5,1,53703,53703,53704,0,1,2
15346,3,2,53706,53706,53708,0,2,2
15347,1,1,53707,53708,53709,1,2,0
15348,6,3,53713,53713,53716,0,3,4
15349,6,2,53719,53719,53721,0,2,3
15350,6,2,53725,53725,53727,0,2,4
15351,4,3,53729,53729,53732,0,3,2
15352,4,2,53733,53733,53735,0,2,1
15353,2,1,53735,53735,53736,0,1,0
15354,5,1,53740,53740,53741,0,1,4
15355,6,3,53746,53746,53749,0,3,5
15356,6,1,53752,53752,53753,0,1,3
15357,3,3,53755,53755,53758,0,3,2
15358,2,1,53757,53758,53759,1,2,0
15359,1,3,53758,53759,53762,1,4,0
15360,1,3,53759,53762,53765,3,6,0
15361,4,1,53763,53765,53766,2,3,0
15362,3,2,53766,53766,53768,0,2,0
15363,6,1,53772,53772,53773,0,1,4
15364,1,2,53773,53773,53775,0,2,0
15365,4,3,53777,53777,53780,0,3,2
15366,6,3,53783,53783,53786,0,3,3
15367,3,1,53786,53786,53787,0,1,0
15368,6,2,53792,53792,53794,0,2,5
15369,2,1,53794,53794,53795,0,1,0
15370,1,1,53795,53795,53796,0,1,0
15371,5,3,53800,53800,53803,0,3,4
15372,1,2,53801,53803,53805,2,4,0
15373,6,3,53807,53807,53810,0,3,2
15374,6,2,53813,53813,53815,0,2,3
15375,1,3,53814,53815,53818,1,4,0
15376,5,3,53819,53819,53822,0,3,1
15377,3,1,53822,53822,53823,0,1,0
15378,2,1,53824,53824,53825,0,1,1
15379,1,1,53825,53825,53826,0,1,0
15380,3,2,53828,53828,53830,0,2,2
15381,5,3,53833,53833,53836,0,3,3
15382,3,2,53836,53836,53838,0,2,0
15383,5,3,53841,53841,53844,0,3,3
15384,5,3,53846,53846,53849,0,3,2
15385,1,1,53847,53849,53850,2,3,0
15386,6,1,53853,53853,53854,0,1,3
15387,6,3,53859,53859,53862,0,3,5
15388,2,3,53861,53862,53865,1,4,0
15389,6,2,53867,53867,53869,0,2,2
15390,4,2,53871,53871,53873,0,2,2
15391,3,2,53874,53874,53876,0,2,1
15392,5,3,53879,53879,53882,0,3,3
15393,2,1,53881,53882,53883,1,2,0
15394,3,2,53884,53884,53886,0,2,1
15395,6,2,53890,53890,53892,0,2,4
15396,5,3,53895,53895,53898,0,3,3
15397,6,3,53901,53901,53904,0,3,3
15398,6,2,53907,53907,53909,0,2,3
15399,6,2,53913,53913,53915,0,2,4
15400,6,2,53919,53919,53921,0,2,4
15401,2,3,53921,53921,53924,0,3,0
15402,6,3,53927,53927,53930,0,3,3
15403,5,2,53932,53932,53934,0,2,2
15404,1,2,53933,53934,53936,1,3,0
15405,6,2,53939,53939,53941,0,2,3
15406,6,2,53945,53945,53947,0,2,4
15407,4,3,53949,53949,53952,0,3,2
15408,6,1,53955,53955,53956,0,1,3
15409,5,3,53960,53960,53963,0,3,4
15410,3,1,53963,53963,53964,0,1,0
15411,6,2,53969,53969,53971,0,2,5
15412,2,3,53971,53971,53974,0,3,0
15413,2,3,53973,53974,53977,1,4,0
15414,4,1,53977,53977,53978,0,1,0
15415,6,2,53983,53983,53985,0,2,5
15416,6,2,53989,53989,53991,0,2,4
15417,3,2,53992,53992,53994,0,2,1
15418,3,3,53995,53995,53998,0,3,1
15419,5,1,54000,54000,54001,0,1,2
15420,1,1,54001,54001,54002,0,1,0
15421,5,3,54006,54006,54009,0,3,4
15422,6,2,54012,54012,54014,0,2,3
15423,6,3,54018,54018,54021,0,3,4
15424,5,1,54023,54023,54024,0,1,2
15425,1,1,54024,54024,54025,0,1,0
15426,4,2,54028,54028,54030,0,2,3
15427,2,1,54030,54030,54031,0,1,0
15428,2,3,54032,54032,54035,0,3,1
15429,6,2,54038,54038,54040,0,2,3
15430,1,3,54039,54040,54043,1,4,0
15431,4,1,54043,54043,54044,0,1,0
15432,4,1,54047,54047,54048,0,1,3
15433,6,3,54053,54053,54056,0,3,5
15434,4,2,54057,54057,54059,0,2,1
15435,3,3,54060,54060,54063,0,3,1
15436,5,3,54065,54065,54068,0,3,2
15437,5,1,54070,54070,54071,0,1,2
15438,4,3,54074,54074,54077,0,3,3
15439,1,3,54075,54077,54080,2,5,0
15440,1,2,54076,54080,54082,4,6,0
15441,2,3,54078,54082,54085,4,7,0
15442,1,3,54079,54085,54088,6,9,0
15443,1,2,54080,54088,54090,8,10,0
15444,5,1,54085,54090,54091,5,6,0
15445,6,2,54091,54091,54093,0,2,0
15446,4,1,54095,54095,54096,0,1,2
15447,1,3,54096,54096,54099,0,3,0
15448,6,1,54102,54102,54103,0,1,3
15449,3,1,54105,54105,54106,0,1,2
15450,3,1,54108,54108,54109,0,1,2
15451,4,1,54112,54112,54113,0,1,3
15452,3,2,54115,54115,54117,0,2,2
15453,4,3,54119,54119,54122,0,3,2
15454,6,2,54125,54125,54127,0,2,3
15455,5,2,54130,54130,54132,0,2,3
15456,2,2,54132,54132,54134,0,2,0
15457,5,2,54137,54137,54139,0,2,3
15458,3,2,54140,54140,54142,0,2,1
15459,6,2,54146,54146,54148,0,2,4
15460,6,2,54152,54152,54154,0,2,4
15461,1,1,54153,54154,54155,1,2,0
15462,4,1,54157,54157,54158,0,1,2
15463,3,1,54160,54160,54161,0,1,2
15464,5,2,54165,54165,54167,0,2,4
15465,1,3,54166,54167,54170,1,4,0
15466,6,1,54172,54172,54173,0,1,2
15467,1,1,54173,54173,54174,0,1,0
15468,6,2,54179,54179,54181,0,2,5
15469,6,3,54185,54185,54188,0,3,4
15470,6,3,54191,54191,54194,0,3,3
15471,4,1,54195,54195,54196,0,1,1
15472,3,1,54198,54198,54199,0,1,2
15473,3,3,54201,54201,54204,0,3,2
15474,1,3,54202,54204,54207,2,5,0
15475,1,3,54203,54207,54210,4,7,0
15476,3,1,54206,54210,54211,4,5,0
15477,5,2,54211,54211,54213,0,2,0
15478,4,1,54215,54215,54216,0,1,2
15479,2,2,54217,54217,54219,0,2,1
15480,5,1,54222,54222,54223,0,1,3
15481,5,3,54227,54227,54230,0,3,4
15482,4,3,54231,54231,54234,0,3,1
15483,5,2,54236,54236,54238,0,2,2
15484,5,1,54241,54241,54242,0,1,3
15485,5,3,54246,54246,54249,0,3,4
15486,5,3,54251,54251,54254,0,3,2
15487,4,3,54255,54255,54258,0,3,1
15488,1,2,54256,54258,54260,2,4,0
15489,3,1,54259,54260,54261,1,2,0
15490,3,1,54262,54262,54263,0,1,1
15491,3,2,54265,54265,54267,0,2,2
15492,5,1,54270,54270,54271,0,1,3
15493,1,3,54271,54271,54274,0,3,0
15494,4,1,54275,54275,54276,0,1,1
15495,5,3,54280,54280,54283,0,3,4
15496,5,1,54285,54285,54286,0,1,2
15497,6,1,54291,54291,54292,0,1,5
15498,2,2,54293,54293,54295,0,2,1
15499,5,3,54298,54298,54301,0,3,3
15500,4,1,54302,54302,54303,0,1,1
15501,5,2,54307,54307,54309,0,2,4
15502,4,1,54311,54311,54312,0,1,2
15503,1,3,54312,54312,54315,0,3,0
15504,4,1,54316,54316,54317,0,1,1
15505,4,1,54320,54320,54321,0,1,3
15506,1,2,54321,54321,54323,0,2,0
15507,3,1,54324,54324,54325,0,1,1
15508,6,3,54330,54330,54333,0,3,5
15509,2,1,54332,54333,54334,1,2,0
15510,4,3,54336,54336,54339,0,3,2
15511,3,2,54339,54339,54341,0,2,0
15512,3,2,54342,54342,54344,0,2,1
15513,3,3,54345,54345,54348,0,3,1
15514,3,2,54348,54348,54350,0,2,0
15515,1,2,54349,54350,54352,1,3,0
15516,1,1,54350,54352,54353,2,3,0
15517,5,2,54355,54355,54357,0,2,2
15518,4,1,54359,54359,54360,0,1,2
15519,5,1,54364,54364,54365,0,1,4
15520,2,3,54366,54366,54369,0,3,1
15521,4,2,54370,54370,54372,0,2,1
15522,2,1,54372,54372,54373,0,1,0
15523,5,1,54377,54377,54378,0,1,4
15524,4,3,54381,54381,54384,0,3,3
15525,5,2,54386,54386,54388,0,2,2
15526,3,2,54389,54389,54391,0,2,1
15527,2,2,54391,54391,54393,0,2,0
15528,5,2,54396,54396,54398,0,2,3
15529,3,3,54399,54399,54402,0,3,1
15530,3,1,54402,54402,54403,0,1,0
15531,6,1,54408,54408,54409,0,1,5
15532,2,3,54410,54410,54413,0,3,1
15533,1,2,54411,54413,54415,2,4,0
15534,3,1,54414,54415,54416,1,2,0
15535,3,1,54417,54417,54418,0,1,1
15536,3,3,54420,54420,54423,0,3,2
15537,4,1,54424,54424,54425,0,1,1
15538,5,3,54429,54429,54432,0,3,4
15539,3,3,54432,54432,54435,0,3,0
15540,4,3,54436,54436,54439,0,3,1
15541,5,2,54441,54441,54443,0,2,2
15542,6,3,54447,54447,54450,0,3,4
15543,2,3,54449,54450,54453,1,4,0
15544,2,3,54451,54453,54456,2,5,0
15545,4,2,54455,54456,54458,1,3,0
15546,3,3,54458,54458,54461,0,3,0
15547,4,3,54462,54462,54465,0,3,1
15548,3,1,54465,54465,54466,0,1,0
15549,3,1,54468,54468,54469,0,1,2
15550,6,2,54474,54474,54476,0,2,5
15551,4,3,54478,54478,54481,0,3,2
15552,2,2,54480,54481,54483,1,3,0
15553,1,3,54481,54483,54486,2,5,0
15554,5,2,54486,54486,54488,0,2,0
15555,5,1,54491,54491,54492,0,1,3
15556,4,2,54495,54495,54497,0,2,3
15557,1,3,54496,54497,54500,1,4,0
15558,2,1,54498,54500,54501,2,3,0
15559,5,1,54503,54503,54504,0,1,2
15560,5,1,54508,54508,54509,0,1,4
15561,3,3,54511,54511,54514,0,3,2
15562,6,3,54517,54517,54520,0,3,3
15563,6,3,54523,54523,54526,0,3,3
15564,1,1,54524,54526,54527,2,3,0
15565,2,1,54526,54527,54528,1,2,0
15566,1,2,54527,54528,54530,1,3,0
15567,6,3,54533,54533,54536,0,3,3
15568,5,3,54538,54538,54541,0,3,2
15569,2,2,54540,54541,54543,1,3,0
15570,1,1,54541,54543,54544,2,3,0
15571,6,2,54547,54547,54549,0,2,3
15572,3,2,54550,54550,54552,0,2,1
15573,2,1,54552,54552,54553,0,1,0
15574,6,3,54558,54558,54561,0,3,5
15575,5,1,54563,54563,54564,0,1,2
15576,4,3,54567,54567,54570,0,3,3
15577,2,3,54569,54570,54573,1,4,0
15578,3,2,54572,54573,54575,1,3,0
15579,3,2,54575,54575,54577,0,2,0
15580,6,3,54581,54581,54584,0,3,4
15581,1,3,54582,54584,54587,2,5,0
15582,5,2,54587,54587,54589,0,2,0
15583,3,1,54590,54590,54591,0,1,1
15584,4,1,54594,54594,54595,0,1,3
15585,6,2,54600,54600,54602,0,2,5
15586,5,1,54605,54605,54606,0,1,3
15587,2,3,54607,54607,54610,0,3,1
15588,4,2,54611,54611,54613,0,2,1
15589,3,2,54614,54614,54616,0,2,1
15590,1,1,54615,54616,54617,1,2,0
15591,6,1,54621,54621,54622,0,1,4
15592,2,1,54623,54623,54624,0,1,1
15593,2,1,54625,54625,54626,0,1,1
15594,6,2,54631,54631,54633,0,2,5
15595,4,1,54635,54635,54636,0,1,2
15596,2,2,54637,54637,54639,0,2,1
15597,3,2,54640,54640,54642,0,2,1
15598,4,3,54644,54644,54647,0,3,2
15599,1,2,54645,54647,54649,2,4,0
15600,5,2,54650,54650,54652,0,2,1
15601,4,2,54654,54654,54656,0,2,2
15602,3,1,54657,54657,54658,0,1,1
15603,5,3,54662,54662,54665,0,3,4
15604,5,1,54667,54667,54668,0,1,2
15605,2,1,54669,54669,54670,0,1,1
15606,2,2,54671,54671,54673,0,2,1
15607,1,2,54672,54673,54675,1,3,0
15608,2,2,54674,54675,54677,1,3,0
15609,5,2,54679,54679,54681,0,2,2
15610,1,1,54680,54681,54682,1,2,0
15611,6,2,54686,54686,54688,0,2,4
15612,3,3,54689,54689,54692,0,3,1
15613,4,2,54693,54693,54695,0,2,1
15614,5,2,54698,54698,54700,0,2,3
15615,1,3,54699,54700,54703,1,4,0
15616,2,1,54701,54703,54704,2,3,0
15617,3,1,54704,54704,54705,0,1,0
15618,3,1,54707,54707,54708,0,1,2
15619,4,3,54711,54711,54714,0,3,3
15620,1,2,54712,54714,54716,2,4,0
15621,6,1,54718,54718,54719,0,1,2
15622,4,3,54722,54722,54725,0,3,3
15623,1,3,54723,54725,54728,2,5,0
15624,3,3,54726,54728,54731,2,5,0
15625,4,2,54730,54731,54733,1,3,0
15626,3,1,54733,54733,54734,0,1,0
15627,5,3,54738,54738,54741,0,3,4
15628,5,2,54743,54743,54745,0,2,2
15629,5,1,54748,54748,54749,0,1,3
15630,5,1,54753,54753,54754,0,1,4
15631,5,1,54758,54758,54759,0,1,4
15632,4,2,54762,54762,54764,0,2,3
15633,2,3,54764,54764,54767,0,3,0
15634,3,2,54767,54767,54769,0,2,0
15635,5,1,54772,54772,54773,0,1,3
15636,5,3,54777,54777,54780,0,3,4
15637,2,3,54779,54780,54783,1,4,0
15638,2,2,54781,54783,54785,2,4,0
15639,2,3,54783,54785,54788,2,5,0
15640,4,2,54787,54788,54790,1,3,0
15641,6,2,54793,54793,54795,0,2,3
15642,2,2,54795,54795,54797,0,2,0
15643,1,1,54796,54797,54798,1,2,0
15644,5,1,54801,54801,54802,0,1,3
15645,6,2,54807,54807,54809,0,2,5
15646,4,3,54811,54811,54814,0,3,2
15647,4,1,54815,54815,54816,0,1,1
15648,4,2,54819,54819,54821,0,2,3
15649,3,3,54822,54822,54825,0,3,1
15650,6,3,54828,54828,54831,0,3,3
15651,1,3,54829,54831,54834,2,5,0
15652,1,3,54830,54834,54837,4,7,0
15653,1,3,54831,54837,54840,6,9,0
15654,2,1,54833,54840,54841,7,8,0
15655,3,3,54836,54841,54844,5,8,0
15656,4,1,54840,54844,54845,4,5,0
15657,2,2,54842,54845,54847,3,5,0
15658,2,2,54844,54847,54849,3,5,0
15659,2,3,54846,54849,54852,3,6,0
15660,1,2,54847,54852,54854,5,7,0
15661,1,2,54848,54854,54856,6,8,0
15662,5,2,54853,54856,54858,3,5,0
15663,5,1,54858,54858,54859,0,1,0
15664,6,3,54864,54864,54867,0,3,5
15665,3,2,54867,54867,54869,0,2,0
15666,6,3,54873,54873,54876,0,3,4
15667,5,2,54878,54878,54880,0,2,2
15668,3,2,54881,54881,54883,0,2,1
15669,5,3,54886,54886,54889,0,3,3
15670,1,2,54887,54889,54891,2,4,0
15671,4,2,54891,54891,54893,0,2,0
15672,3,3,54894,54894,54897,0,3,1
15673,1,3,54895,54897,54900,2,5,0
15674,4,1,54899,54900,54901,1,2,0
15675,5,3,54904,54904,54907,0,3,3
15676,6,1,54910,54910,54911,0,1,3
15677,3,3,54913,54913,54916,0,3,2
15678,1,3,54914,54916,54919,2,5,0
15679,3,1,54917,54919,54920,2,3,0
15680,2,1,54919,54920,54921,1,2,0
15681,6,2,54925,54925,54927,0,2,4
15682,1,3,54926,54927,54930,1,4,0
15683,6,3,54932,54932,54935,0,3,2
15684,4,3,54936,54936,54939,0,3,1
15685,3,3,54939,54939,54942,0,3,0
15686,2,2,54941,54942,54944,1,3,0
15687,4,3,54945,54945,54948,0,3,1
15688,5,2,54950,54950,54952,0,2,2
15689,5,1,54955,54955,54956,0,1,3
15690,5,1,54960,54960,54961,0,1,4
15691,3,3,54963,54963,54966,0,3,2
15692,6,2,54969,54969,54971,0,2,3
15693,1,1,54970,54971,54972,1,2,0
15694,1,2,54971,54972,54974,1,3,0
15695,2,1,54973,54974,54975,1,2,0
15696,4,1,54977,54977,54978,0,1,2
15697,5,2,54982,54982,54984,0,2,4
15698,6,1,54988,54988,54989,0,1,4
15699,1,1,54989,54989,54990,0,1,0
15700,1,2,54990,54990,54992,0,2,0
15701,5,1,54995,54995,54996,0,1,3
15702,5,2,55000,55000,55002,0,2,4
15703,5,1,55005,55005,55006,0,1,3
15704,5,3,55010,55010,55013,0,3,4
15705,2,1,55012,55013,55014,1,2,0
15706,6,3,55018,55018,55021,0,3,4
15707,3,3,55021,55021,55024,0,3,0
15708,2,3,55023,55024,55027,1,4,0
15709,5,1,55028,55028,55029,0,1,1
15710,5,2,55033,55033,55035,0,2,4
15711,5,3,55038,55038,55041,0,3,3
15712,6,2,55044,55044,55046,0,2,3
15713,4,1,55048,55048,55049,0,1,2
15714,6,2,55054,55054,55056,0,2,5
15715,2,3,55056,55056,55059,0,3,0
15716,3,2,55059,55059,55061,0,2,0
15717,5,2,55064,55064,55066,0,2,3
15718,6,3,55070,55070,55073,0,3,4
15719,4,3,55074,55074,55077,0,3,1
15720,5,2,55079,55079,55081,0,2,2
15721,6,3,55085,55085,55088,0,3,4
15722,5,1,55090,55090,55091,0,1,2
15723,2,1,55092,55092,55093,0,1,1
15724,6,3,55098,55098,55101,0,3,5
15725,5,2,55103,55103,55105,0,2,2
15726,4,1,55107,55107,55108,0,1,2
15727,6,1,55113,55113,55114,0,1,5
15728,6,2,55119,55119,55121,0,2,5
15729,6,2,55125,55125,55127,0,2,4
15730,3,1,55128,55128,55129,0,1,1
15731,1,1,55129,55129,55130,0,1,0
15732,4,3,55133,55133,55136,0,3,3
15733,1,3,55134,55136,55139,2,5,0
15734,5,2,55139,55139,55141,0,2,0
15735,6,2,55145,55145,55147,0,2,4
15736,5,1,55150,55150,55151,0,1,3
15737,5,3,55155,55155,55158,0,3,4
15738,5,2,55160,55160,55162,0,2,2
15739,4,3,55164,55164,55167,0,3,2
15740,6,1,55170,55170,55171,0,1,3
15741,3,3,55173,55173,55176,0,3,2
15742,3,3,55176,55176,55179,0,3,0
15743,4,1,55180,55180,55181,0,1,1
15744,4,1,55184,55184,55185,0,1,3
15745,4,2,55188,55188,55190,0,2,3
15746,1,2,55189,55190,55192,1,3,0
15747,2,3,55191,55192,55195,1,4,0
15748,2,2,55193,55195,55197,2,4,0
15749,6,1,55199,55199,55200,0,1,2
15750,3,3,55202,55202,55205,0,3,2
15751,4,2,55206,55206,55208,0,2,1
15752,2,1,55208,55208,55209,0,1,0
15753,5,2,55213,55213,55215,0,2,4
15754,2,3,55215,55215,55218,0,3,0
15755,5,1,55220,55220,55221,0,1,2
15756,6,2,55226,55226,55228,0,2,5
15757,1,2,55227,55228,55230,1,3,0
15758,6,3,55233,55233,55236,0,3,3
15759,1,1,55234,55236,55237,2,3,0
15760,5,1,55239,55239,55240,0,1,2
15761,4,3,55243,55243,55246,0,3,3
15762,6,1,55249,55249,55250,0,1,3
15763,4,3,55253,55253,55256,0,3,3
15764,5,3,55258,55258,55261,0,3,2
15765,6,2,55264,55264,55266,0,2,3
15766,6,1,55270,55270,55271,0,1,4
15767,4,1,55274,55274,55275,0,1,3
15768,3,2,55277,55277,55279,0,2,2
15769,5,1,55282,55282,55283,0,1,3
15770,4,3,55286,55286,55289,0,3,3
15771,4,3,55290,55290,55293,0,3,1
15772,4,1,55294,55294,55295,0,1,1
15773,5,3,55299,55299,55302,0,3,4
15774,3,1,55302,55302,55303,0,1,0
15775,3,1,55305,55305,55306,0,1,2
15776,6,2,55311,55311,55313,0,2,5
15777,4,2,55315,55315,55317,0,2,2
15778,5,2,55320,55320,55322,0,2,3
15779,6,1,55326,55326,55327,0,1,4
15780,4,1,55330,55330,55331,0,1,3
15781,4,1,55334,55334,55335,0,1,3
15782,3,1,55337,55337,55338,0,1,2
15783,4,1,55341,55341,55342,0,1,3
15784,5,3,55346,55346,55349,0,3,4
15785,4,2,55350,55350,55352,0,2,1
15786,3,1,55353,55353,55354,0,1,1
15787,2,1,55355,55355,55356,0,1,1
15788,2,1,55357,55357,55358,0,1,1
15789,2,1,55359,55359,55360,0,1,1
15790,6,1,55365,55365,55366,0,1,5
15791,2,3,55367,55367,55370,0,3,1
15792,1,3,55368,55370,55373,2,5,0
15793,2,2,55370,55373,55375,3,5,0
15794,5,3,55375,55375,55378,0,3,0
15795,1,1,55376,55378,55379,2,3,0
15796,4,2,55380,55380,55382,0,2,1
15797,6,1,55386,55386,55387,0,1,4
15798,3,3,55389,55389,55392,0,3,2
15799,3,1,55392,55392,55393,0,1,0
15800,3,1,55395,55395,55396,0,1,2
15801,2,3,55397,55397,55400,0,3,1
15802,1,3,55398,55400,55403,2,5,0
15803,3,3,55401,55403,55406,2,5,0
15804,4,3,55405,55406,55409,1,4,0
15805,6,3,55411,55411,55414,0,3,2
15806,6,3,55417,55417,55420,0,3,3
15807,2,2,55419,55420,55422,1,3,0
15808,4,1,55423,55423,55424,0,1,1
15809,3,3,55426,55426,55429,0,3,2
15810,4,3,55430,55430,55433,0,3,1
15811,6,1,55436,55436,55437,0,1,3
15812,1,2,55437,55437,55439,0,2,0
15813,4,1,55441,55441,55442,0,1,2
15814,6,2,55447,55447,55449,0,2,5
15815,5,3,55452,55452,55455,0,3,3
15816,5,2,55457,55457,55459,0,2,2
15817,4,2,55461,55461,55463,0,2,2
15818,5,1,55466,55466,55467,0,1,3
15819,6,1,55472,55472,55473,0,1,5
15820,5,3,55477,55477,55480,0,3,4
15821,1,2,55478,55480,55482,2,4,0
15822,2,3,55480,55482,55485,2,5,0
15823,1,2,55481,55485,55487,4,6,0
15824,2,3,55483,55487,55490,4,7,0
15825,5,3,55488,55490,55493,2,5,0
15826,6,1,55494,55494,55495,0,1,1
15827,4,1,55498,55498,55499,0,1,3
15828,5,2,55503,55503,55505,0,2,4
15829,6,2,55509,55509,55511,0,2,4
15830,4,3,55513,55513,55516,0,3,2
15831,6,2,55519,55519,55521,0,2,3
15832,4,2,55523,55523,55525,0,2,2
15833,6,3,55529,55529,55532,0,3,4
15834,4,1,55533,55533,55534,0,1,1
15835,1,1,55534,55534,55535,0,1,0
15836,1,3,55535,55535,55538,0,3,0
15837,2,3,55537,55538,55541,1,4,0
15838,2,1,55539,55541,55542,2,3,0
15839,5,2,55544,55544,55546,0,2,2
15840,1,2,55545,55546,55548,1,3,0
15841,3,3,55548,55548,55551,0,3,0
15842,4,1,55552,55552,55553,0,1,1
15843,3,1,55555,55555,55556,0,1,2
15844,1,2,55556,55556,55558,0,2,0
15845,5,3,55561,55561,55564,0,3,3
15846,4,1,55565,55565,55566,0,1,1
15847,2,1,55567,55567,55568,0,1,1
15848,4,3,55571,55571,55574,0,3,3
15849,3,2,55574,55574,55576,0,2,0
15850,5,3,55579,55579,55582,0,3,3
15851,6,2,55585,55585,55587,0,2,3
15852,6,2,55591,55591,55593,0,2,4
15853,6,1,55597,55597,55598,0,1,4
15854,4,1,55601,55601,55602,0,1,3
15855,5,3,55606,55606,55609,0,3,4
15856,3,2,55609,55609,55611,0,2,0
15857,1,3,55610,55611,55614,1,4,0
15858,3,1,55613,55614,55615,1,2,0
15859,4,2,55617,55617,55619,0,2,2
15860,1,2,55618,55619,55621,1,3,0
15861,6,2,55624,55624,55626,0,2,3
15862,4,1,55628,55628,55629,0,1,2
15863,1,3,55629,55629,55632,0,3,0
15864,2,3,55631,55632,55635,1,4,0
15865,2,3,55633,55635,55638,2,5,0
15866,5,1,55638,55638,55639,0,1,0
15867,4,3,55642,55642,55645,0,3,3
15868,4,2,55646,55646,55648,0,2,1
15869,6,1,55652,55652,55653,0,1,4
15870,2,1,55654,55654,55655,0,1,1
15871,4,2,55658,55658,55660,0,2,3
15872,2,2,55660,55660,55662,0,2,0
15873,1,2,55661,55662,55664,1,3,0
15874,4,1,55665,55665,55666,0,1,1
15875,2,1,55667,55667,55668,0,1,1
15876,2,2,55669,55669,55671,0,2,1
15877,5,1,55674,55674,55675,0,1,3
15878,2,2,55676,55676,55678,0,2,1
15879,6,2,55682,55682,55684,0,2,4
15880,1,2,55683,55684,55686,1,3,0
15881,6,2,55689,55689,55691,0,2,3
15882,4,3,55693,55693,55696,0,3,2
15883,6,1,55699,55699,55700,0,1,3
15884,5,2,55704,55704,55706,0,2,4
15885,6,3,55710,55710,55713,0,3,4
15886,4,3,55714,55714,55717,0,3,1
15887,3,3,55717,55717,55720,0,3,0
15888,5,3,55722,55722,55725,0,3,2
15889,5,1,55727,55727,55728,0,1,2
15890,1,1,55728,55728,55729,0,1,0
15891,1,2,55729,55729,55731,0,2,0
15892,4,1,55733,55733,55734,0,1,2
15893,4,2,55737,55737,55739,0,2,3
15894,1,1,55738,55739,55740,1,2,0
15895,5,1,55743,55743,55744,0,1,3
15896,3,3,55746,55746,55749,0,3,2
15897,4,1,55750,55750,55751,0,1,1
15898,2,3,55752,55752,55755,0,3,1
15899,5,3,55757,55757,55760,0,3,2
15900,3,3,55760,55760,55763,0,3,0
15901,5,2,55765,55765,55767,0,2,2
15902,3,1,55768,55768,55769,0,1,1
15903,1,2,55769,55769,55771,0,2,0
15904,4,3,55773,55773,55776,0,3,2
15905,1,1,55774,55776,55777,2,3,0
15906,3,1,55777,55777,55778,0,1,0
15907,3,2,55780,55780,55782,0,2,2
15908,6,3,55786,55786,55789,0,3,4
15909,6,2,55792,55792,55794,0,2,3
15910,3,3,55795,55795,55798,0,3,1
15911,1,3,55796,55798,55801,2,5,0
15912,5,3,55801,55801,55804,0,3,0
15913,5,3,55806,55806,55809,0,3,2
15914,2,1,55808,55809,55810,1,2,0
15915,6,1,55814,55814,55815,0,1,4
15916,5,3,55819,55819,55822,0,3,4
15917,5,2,55824,55824,55826,0,2,2
15918,4,1,55828,55828,55829,0,1,2
15919,1,2,55829,55829,55831,0,2,0
15920,6,2,55835,55835,55837,0,2,4
15921,5,1,55840,55840,55841,0,1,3
15922,5,1,55845,55845,55846,0,1,4
15923,3,2,55848,55848,55850,0,2,2
15924,2,1,55850,55850,55851,0,1,0
15925,3,1,55853,55853,55854,0,1,2
15926,2,1,55855,55855,55856,0,1,1
15927,5,2,55860,55860,55862,0,2,4
15928,2,3,55862,55862,55865,0,3,0
15929,5,1,55867,55867,55868,0,1,2
15930,1,3,55868,55868,55871,0,3,0
15931,5,2,55873,55873,55875,0,2,2
15932,6,1,55879,55879,55880,0,1,4
15933,1,2,55880,55880,55882,0,2,0
15934,3,3,55883,55883,55886,0,3,1
15935,1,2,55884,55886,55888,2,4,0
15936,3,2,55887,55888,55890,1,3,0
15937,3,1,55890,55890,55891,0,1,0
15938,5,2,55895,55895,55897,0,2,4
15939,3,2,55898,55898,55900,0,2,1
15940,3,1,55901,55901,55902,0,1,1
15941,2,1,55903,55903,55904,0,1,1
15942,4,3,55907,55907,55910,0,3,3
15943,4,2,55911,55911,55913,0,2,1
15944,4,1,55915,55915,55916,0,1,2
15945,6,3,55921,55921,55924,0,3,5
15946,5,3,55926,55926,55929,0,3,2
15947,1,1,55927,55929,55930,2,3,0
15948,3,1,55930,55930,55931,0,1,0
15949,3,2,55933,55933,55935,0,2,2
15950,5,1,55938,55938,55939,0,1,3
15951,1,3,55939,55939,55942,0,3,0
15952,3,1,55942,55942,55943,0,1,0
15953,1,2,55943,55943,55945,0,2,0
15954,5,1,55948,55948,55949,0,1,3
15955,3,1,55951,55951,55952,0,1,2
15956,6,1,55957,55957,55958,0,1,5
15957,4,1,55961,55961,55962,0,1,3
15958,6,2,55967,55967,55969,0,2,5
15959,3,1,55970,55970,55971,0,1,1
15960,3,3,55973,55973,55976,0,3,2
15961,1,3,55974,55976,55979,2,5,0
15962,1,1,55975,55979,55980,4,5,0
15963,6,3,55981,55981,55984,0,3,1
15964,2,3,55983,55984,55987,1,4,0
15965,3,2,55986,55987,55989,1,3,0
15966,4,3,55990,55990,55993,0,3,1
15967,5,2,55995,55995,55997,0,2,2
15968,4,3,55999,55999,56002,0,3,2
15969,3,1,56002,56002,56003,0,1,0
15970,2,3,56004,56004,56007,0,3,1
15971,3,1,56007,56007,56008,0,1,0
15972,2,3,56009,56009,56012,0,3,1
15973,2,3,56011,56012,56015,1,4,0
15974,3,3,56014,56015,56018,1,4,0
15975,1,3,56015,56018,56021,3,6,0
15976,4,1,56019,56021,56022,2,3,0
15977,2,2,56021,56022,56024,1,3,0
15978,1,2,56022,56024,56026,2,4,0
15979,2,3,56024,56026,56029,2,5,0
15980,2,1,56026,56029,56030,3,4,0
15981,1,3,56027,56030,56033,3,6,0
15982,3,2,56030,56033,56035,3,5,0
15983,2,3,56032,56035,56038,3,6,0
15984,5,1,56037,56038,56039,1,2,0
15985,4,1,56041,56041,56042,0,1,2
15986,6,1,56047,56047,56048,0,1,5
15987,6,2,56053,56053,56055,0,2,5
15988,4,3,56057,56057,56060,0,3,2
15989,1,2,56058,56060,56062,2,4,0
15990,5,3,56063,56063,56066,0,3,1
15991,2,1,56065,56066,56067,1,2,0
15992,1,1,56066,56067,56068,1,2,0
15993,3,3,56069,56069,56072,0,3,1
15994,2,3,56071,56072,56075,1,4,0
15995,3,2,56074,56075,56077,1,3,0
15996,2,2,56076,56077,56079,1,3,0
15997,2,1,56078,56079,56080,1,2,0
15998,3,1,56081,56081,56082,0,1,1
15999,2,3,56083,56083,56086,0,3,1
16000,4,3,56087,56087,56090,0,3,1
16001,1,3,56088,56090,56093,2,5,0
16002,5,1,56093,56093,56094,0,1,0
16003,5,1,56098,56098,56099,0,1,4
16004,5,3,56103,56103,56106,0,3,4
16005,5,2,56108,56108,56110,0,2,2
16006,5,3,56113,56113,56116,0,3,3
16007,6,3,56119,56119,56122,0,3,3
16008,3,1,56122,56122,56123,0,1,0
16009,4,1,56126,56126,56127,0,1,3
16010,1,2,56127,56127,56129,0,2,0
16011,4,1,56131,56131,56132,0,1,2
16012,3,3,56134,56134,56137,0,3,2
16013,1,1,56135,56137,56138,2,3,0
16014,2,2,56137,56138,56140,1,3,0
16015,6,2,56143,56143,56145,0,2,3
16016,5,2,56148,56148,56150,0,2,3
16017,6,3,56154,56154,56157,0,3,4
16018,4,2,56158,56158,56160,0,2,1
16019,5,1,56163,56163,56164,0,1,3
16020,2,2,56165,56165,56167,0,2,1
16021,6,1,56171,56171,56172,0,1,4
16022,1,1,56172,56172,56173,0,1,0
16023,6,1,56178,56178,56179,0,1,5
16024,1,3,56179,56179,56182,0,3,0
16025,3,1,56182,56182,56183,0,1,0
16026,1,3,56183,56183,56186,0,3,0
16027,4,3,56187,56187,56190,0,3,1
16028,1,1,56188,56190,56191,2,3,0
16029,3,3,56191,56191,56194,0,3,0
16030,6,2,56197,56197,56199,0,2,3
16031,2,3,56199,56199,56202,0,3,0
16032,5,3,56204,56204,56207,0,3,2
16033,5,2,56209,56209,56211,0,2,2
16034,6,3,56215,56215,56218,0,3,4
16035,3,1,56218,56218,56219,0,1,0
16036,6,2,56224,56224,56226,0,2,5
16037,5,1,56229,56229,56230,0,1,3
16038,4,1,56233,56233,56234,0,1,3
16039,6,1,56239,56239,56240,0,1,5
16040,5,1,56244,56244,56245,0,1,4
16041,5,3,56249,56249,56252,0,3,4
16042,1,2,56250,56252,56254,2,4,0
16043,5,3,56255,56255,56258,0,3,1
16044,6,1,56261,56261,56262,0,1,3
16045,1,3,56262,56262,56265,0,3,0
16046,4,2,56266,56266,56268,0,2,1
16047,6,3,56272,56272,56275,0,3,4
16048,2,3,56274,56275,56278,1,4,0
16049,6,3,56280,56280,56283,0,3,2
16050,3,2,56283,56283,56285,0,2,0
16051,3,3,56286,56286,56289,0,3,1
16052,2,2,56288,56289,56291,1,3,0
16053,3,2,56291,56291,56293,0,2,0
16054,2,3,56293,56293,56296,0,3,0
16055,5,2,56298,56298,56300,0,2,2
16056,1,1,56299,56300,56301,1,2,0
16057,1,1,56300,56301,56302,1,2,0
16058,3,3,56303,56303,56306,0,3,1
16059,6,1,56309,56309,56310,0,1,3
16060,5,3,56314,56314,56317,0,3,4
16061,2,1,56316,56317,56318,1,2,0
16062,1,2,56317,56318,56320,1,3,0
16063,4,2,56321,56321,56323,0,2,1
16064,3,2,56324,56324,56326,0,2,1
16065,1,1,56325,56326,56327,1,2,0
16066,1,3,56326,56327,56330,1,4,0
16067,1,1,56327,56330,56331,3,4,0
16068,2,3,56329,56331,56334,2,5,0
16069,6,1,56335,56335,56336,0,1,1
16070,4,1,56339,56339,56340,0,1,3
16071,6,2,56345,56345,56347,0,2,5
16072,5,2,56350,56350,56352,0,2,3
16073,3,1,56353,56353,56354,0,1,1
16074,5,2,56358,56358,56360,0,2,4
16075,4,1,56362,56362,56363,0,1,2
16076,4,1,56366,56366,56367,0,1,3
16077,3,3,56369,56369,56372,0,3,2
16078,4,1,56373,56373,56374,0,1,1
16079,5,3,56378,56378,56381,0,3,4
16080,3,1,56381,56381,56382,0,1,0
16081,6,3,56387,56387,56390,0,3,5
16082,4,1,56391,56391,56392,0,1,1
16083,5,2,56396,56396,56398,0,2,4
16084,6,1,56402,56402,56403,0,1,4
16085,5,1,56407,56407,56408,0,1,4
16086,4,1,56411,56411,56412,0,1,3
16087,2,1,56413,56413,56414,0,1,1
16088,6,3,56419,56419,56422,0,3,5
16089,4,1,56423,56423,56424,0,1,1
16090,2,3,56425,56425,56428,0,3,1
16091,3,1,56428,56428,56429,0,1,0
16092,4,1,56432,56432,56433,0,1,3
16093,3,1,56435,56435,56436,0,1,2
16094,1,2,56436,56436,56438,0,2,0
16095,5,3,56441,56441,56444,0,3,3
16096,3,3,56444,56444,56447,0,3,0
16097,2,1,56446,56447,56448,1,2,0
16098,6,1,56452,56452,56453,0,1,4
16099,6,2,56458,56458,56460,0,2,5
16100,2,1,56460,56460,56461,0,1,0
16101,2,3,56462,56462,56465,0,3,1
16102,5,2,56467,56467,56469,0,2,2
16103,3,2,56470,56470,56472,0,2,1
16104,5,3,56475,56475,56478,0,3,3
16105,2,2,56477,56478,56480,1,3,0
16106,4,2,56481,56481,56483,0,2,1
16107,5,1,56486,56486,56487,0,1,3
16108,4,2,56490,56490,56492,0,2,3
16109,6,3,56496,56496,56499,0,3,4
16110,5,2,56501,56501,56503,0,2,2
16111,1,2,56502,56503,56505,1,3,0
16112,4,1,56506,56506,56507,0,1,1
16113,5,2,56511,56511,56513,0,2,4
16114,4,2,56515,56515,56517,0,2,2
16115,6,3,56521,56521,56524,0,3,4
16116,1,3,56522,56524,56527,2,5,0
16117,5,2,56527,56527,56529,0,2,0
16118,1,3,56528,56529,56532,1,4,0
16119,6,1,56534,56534,56535,0,1,2
16120,5,3,56539,56539,56542,0,3,4
16121,5,3,56544,56544,56547,0,3,2
16122,4,3,56548,56548,56551,0,3,1
16123,6,3,56554,56554,56557,0,3,3
16124,6,3,56560,56560,56563,0,3,3
16125,4,1,56564,56564,56565,0,1,1
16126,1,1,56565,56565,56566,0,1,0
16127,6,3,56571,56571,56574,0,3,5
16128,4,1,56575,56575,56576,0,1,1
16129,2,3,56577,56577,56580,0,3,1
16130,5,1,56582,56582,56583,0,1,2
16131,6,1,56588,56588,56589,0,1,5
16132,5,2,56593,56593,56595,0,2,4
16133,6,1,56599,56599,56600,0,1,4
16134,4,1,56603,56603,56604,0,1,3
16135,3,2,56606,56606,56608,0,2,2
16136,3,3,56609,56609,56612,0,3,1
16137,1,2,56610,56612,56614,2,4,0
16138,3,2,56613,56614,56616,1,3,0
16139,2,1,56615,56616,56617,1,2,0
16140,6,2,56621,56621,56623,0,2,4
16141,1,1,56622,56623,56624,1,2,0
16142,6,3,56628,56628,56631,0,3,4
16143,2,1,56630,56631,56632,1,2,0
16144,3,2,56633,56633,56635,0,2,1
16145,6,2,56639,56639,56641,0,2,4
16146,3,3,56642,56642,56645,0,3,1
16147,4,2,56646,56646,56648,0,2,1
16148,4,3,56650,56650,56653,0,3,2
16149,6,3,56656,56656,56659,0,3,3
16150,4,2,56660,56660,56662,0,2,1
16151,1,2,56661,56662,56664,1,3,0
16152,5,3,56666,56666,56669,0,3,2
16153,3,1,56669,56669,56670,0,1,0
16154,4,3,56673,56673,56676,0,3,3
16155,5,3,56678,56678,56681,0,3,2
16156,4,1,56682,56682,56683,0,1,1
16157,3,2,56685,56685,56687,0,2,2
16158,1,2,56686,56687,56689,1,3,0
16159,1,2,56687,56689,56691,2,4,0
16160,2,1,56689,56691,56692,2,3,0
16161,4,1,56693,56693,56694,0,1,1
16162,1,2,56694,56694,56696,0,2,0
16163,5,2,56699,56699,56701,0,2,3
16164,5,3,56704,56704,56707,0,3,3
16165,1,2,56705,56707,56709,2,4,0
16166,4,1,56709,56709,56710,0,1,0
16167,6,3,56715,56715,56718,0,3,5
16168,3,3,56718,56718,56721,0,3,0
16169,3,3,56721,56721,56724,0,3,0
16170,1,3,56722,56724,56727,2,5,0
16171,5,3,56727,56727,56730,0,3,0
16172,1,2,56728,56730,56732,2,4,0
16173,2,1,56730,56732,56733,2,3,0
16174,3,3,56733,56733,56736,0,3,0
16175,1,2,56734,56736,56738,2,4,0
16176,2,1,56736,56738,56739,2,3,0
16177,2,2,56738,56739,56741,1,3,0
16178,6,1,56744,56744,56745,0,1,3
16179,2,3,56746,56746,56749,0,3,1
16180,1,2,56747,56749,56751,2,4,0
16181,1,1,56748,56751,56752,3,4,0
16182,6,2,56754,56754,56756,0,2,2
16183,2,2,56756,56756,56758,0,2,0
16184,6,2,56762,56762,56764,0,2,4
16185,4,2,56766,56766,56768,0,2,2
16186,5,2,56771,56771,56773,0,2,3
16187,6,1,56777,56777,56778,0,1,4
16188,1,2,56778,56778,56780,0,2,0
16189,3,3,56781,56781,56784,0,3,1
16190,3,3,56784,56784,56787,0,3,0
16191,4,3,56788,56788,56791,0,3,1
16192,6,2,56794,56794,56796,0,2,3
16193,1,1,56795,56796,56797,1,2,0
16194,5,1,56800,56800,56801,0,1,3
16195,1,1,56801,56801,56802,0,1,0
16196,1,3,56802,56802,56805,0,3,0
16197,4,3,56806,56806,56809,0,3,1
16198,5,2,56811,56811,56813,0,2,2
16199,6,1,56817,56817,56818,0,1,4
16200,1,3,56818,56818,56821,0,3,0
16201,5,2,56823,56823,56825,0,2,2
16202,1,3,56824,56825,56828,1,4,0
16203,5,3,56829,56829,56832,0,3,1
16204,2,1,56831,56832,56833,1,2,0
16205,5,2,56836,56836,56838,0,2,3
16206,5,3,56841,56841,56844,0,3,3
16207,4,1,56845,56845,56846,0,1,1
16208,2,3,56847,56847,56850,0,3,1
16209,4,2,56851,56851,56853,0,2,1
16210,6,2,56857,56857,56859,0,2,4
16211,3,1,56860,56860,56861,0,1,1
16212,4,3,56864,56864,56867,0,3,3
16213,3,2,56867,56867,56869,0,2,0
16214,1,2,56868,56869,56871,1,3,0
16215,2,2,56870,56871,56873,1,3,0
16216,6,2,56876,56876,56878,0,2,3
16217,6,1,56882,56882,56883,0,1,4
16218,5,2,56887,56887,56889,0,2,4
16219,2,1,56889,56889,56890,0,1,0
16220,1,3,56890,56890,56893,0,3,0
16221,2,3,56892,56893,56896,1,4,0
16222,6,2,56898,56898,56900,0,2,2
16223,4,2,56902,56902,56904,0,2,2
16224,1,2,56903,56904,56906,1,3,0
16225,1,2,56904,56906,56908,2,4,0
16226,4,3,56908,56908,56911,0,3,0
16227,2,2,56910,56911,56913,1,3,0
16228,6,2,56916,56916,56918,0,2,3
16229,5,3,56921,56921,56924,0,3,3
16230,3,1,56924,56924,56925,0,1,0
16231,5,3,56929,56929,56932,0,3,4
16232,1,3,56930,56932,56935,2,5,0
16233,6,1,56936,56936,56937,0,1,1
16234,4,3,56940,56940,56943,0,3,3
16235,5,1,56945,56945,56946,0,1,2
16236,6,3,56951,56951,56954,0,3,5
16237,1,3,56952,56954,56957,2,5,0
16238,2,3,56954,56957,56960,3,6,0
16239,2,2,56956,56960,56962,4,6,0
16240,3,2,56959,56962,56964,3,5,0
16241,1,2,56960,56964,56966,4,6,0
16242,1,1,56961,56966,56967,5,6,0
16243,4,2,56965,56967,56969,2,4,0
16244,4,1,56969,56969,56970,0,1,0
16245,6,2,56975,56975,56977,0,2,5
16246,6,1,56981,56981,56982,0,1,4
16247,3,2,56984,56984,56986,0,2,2
16248,5,1,56989,56989,56990,0,1,3
16249,3,3,56992,56992,56995,0,3,2
16250,3,2,56995,56995,56997,0,2,0
16251,3,2,56998,56998,57000,0,2,1
16252,2,2,57000,57000,57002,0,2,0
16253,6,1,57006,57006,57007,0,1,4
16254,2,3,57008,57008,57011,0,3,1
16255,6,3,57014,57014,57017,0,3,3
16256,2,2,57016,57017,57019,1,3,0
16257,2,1,57018,57019,57020,1,2,0
16258,6,3,57024,57024,57027,0,3,4
16259,4,3,57028,57028,57031,0,3,1
16260,3,1,57031,57031,57032,0,1,0
16261,2,1,57033,57033,57034,0,1,1
16262,2,3,57035,57035,57038,0,3,1
16263,4,3,57039,57039,57042,0,3,1
16264,2,3,57041,57042,57045,1,4,0
16265,5,1,57046,57046,57047,0,1,1
16266,6,1,57052,57052,57053,0,1,5
16267,5,2,57057,57057,57059,0,2,4
16268,3,3,57060,57060,57063,0,3,1
16269,4,1,57064,57064,57065,0,1,1
16270,2,2,57066,57066,57068,0,2,1
16271,1,3,57067,57068,57071,1,4,0
16272,5,2,57072,57072,57074,0,2,1
16273,5,1,57077,57077,57078,0,1,3
16274,3,3,57080,57080,57083,0,3,2
16275,5,3,57085,57085,57088,0,3,2
16276,3,1,57088,57088,57089,0,1,0
16277,4,1,57092,57092,57093,0,1,3
16278,3,1,57095,57095,57096,0,1,2
16279,4,2,57099,57099,57101,0,2,3
16280,2,1,57101,57101,57102,0,1,0
16281,5,1,57106,57106,57107,0,1,4
16282,4,1,57110,57110,57111,0,1,3
16283,2,2,57112,57112,57114,0,2,1
16284,6,1,57118,57118,57119,0,1,4
16285,5,2,57123,57123,57125,0,2,4
16286,2,3,57125,57125,57128,0,3,0
16287,6,2,57131,57131,57133,0,2,3
16288,5,2,57136,57136,57138,0,2,3
16289,3,2,57139,57139,57141,0,2,1
16290,6,1,57145,57145,57146,0,1,4
16291,1,3,57146,57146,57149,0,3,0
16292,1,3,57147,57149,57152,2,5,0
16293,5,1,57152,57152,57153,0,1,0
16294,5,2,57157,57157,57159,0,2,4
16295,6,1,57163,57163,57164,0,1,4
16296,3,2,57166,57166,57168,0,2,2
16297,2,2,57168,57168,57170,0,2,0
16298,2,1,57170,57170,57171,0,1,0
16299,1,2,57171,57171,57173,0,2,0
16300,2,2,57173,57173,57175,0,2,0
16301,1,1,57174,57175,57176,1,2,0
16302,4,3,57178,57178,57181,0,3,2
16303,3,1,57181,57181,57182,0,1,0
16304,2,3,57183,57183,57186,0,3,1
16305,2,2,57185,57186,57188,1,3,0
16306,1,2,57186,57188,57190,2,4,0
16307,2,3,57188,57190,57193,2,5,0
16308,1,2,57189,57193,57195,4,6,0
16309,4,1,57193,57195,57196,2,3,0
16310,2,2,57195,57196,57198,1,3,0
16311,3,1,57198,57198,57199,0,1,0
16312,3,3,57201,57201,57204,0,3,2
16313,4,3,57205,57205,57208,0,3,1
16314,2,3,57207,57208,57211,1,4,0
16315,2,2,57209,57211,57213,2,4,0
16316,5,1,57214,57214,57215,0,1,1
16317,3,3,57217,57217,57220,0,3,2
16318,1,2,57218,57220,57222,2,4,0
16319,6,3,57224,57224,57227,0,3,2
16320,3,1,57227,57227,57228,0,1,0
16321,1,2,57228,57228,57230,0,2,0
16322,1,3,57229,57230,57233,1,4,0
16323,1,2,57230,57233,57235,3,5,0
16324,6,1,57236,57236,57237,0,1,1
16325,5,1,57241,57241,57242,0,1,4
16326,2,1,57243,57243,57244,0,1,1
16327,1,2,57244,57244,57246,0,2,0
16328,1,2,57245,57246,57248,1,3,0
16329,3,3,57248,57248,57251,0,3,0
16330,3,3,57251,57251,57254,0,3,0
16331,6,3,57257,57257,57260,0,3,3
16332,1,3,57258,57260,57263,2,5,0
16333,3,1,57261,57263,57264,2,3,0
16334,4,3,57265,57265,57268,0,3,1
16335,1,1,57266,57268,57269,2,3,0
16336,4,3,57270,57270,57273,0,3,1
16337,1,2,57271,57273,57275,2,4,0
16338,3,1,57274,57275,57276,1,2,0
16339,6,2,57280,57280,57282,0,2,4
16340,3,3,57283,57283,57286,0,3,1
16341,4,3,57287,57287,57290,0,3,1
16342,4,1,57291,57291,57292,0,1,1
16343,1,3,57292,57292,57295,0,3,0
16344,1,1,57293,57295,57296,2,3,0
16345,2,3,57295,57296,57299,1,4,0
16346,1,3,57296,57299,57302,3,6,0
16347,5,1,57301,57302,57303,1,2,0
16348,1,1,57302,57303,57304,1,2,0
16349,6,3,57308,57308,57311,0,3,4
16350,3,1,57311,57311,57312,0,1,0
16351,6,2,57317,57317,57319,0,2,5
16352,5,2,57322,57322,57324,0,2,3
16353,6,2,57328,57328,57330,0,2,4
16354,2,3,57330,57330,57333,0,3,0
16355,2,2,57332,57333,57335,1,3,0
16356,5,2,57337,57337,57339,0,2,2
16357,1,3,57338,57339,57342,1,4,0
16358,1,2,57339,57342,57344,3,5,0
16359,1,3,57340,57344,57347,4,7,0
16360,1,1,57341,57347,57348,6,7,0
16361,6,2,57347,57348,57350,1,3,0
16362,2,1,57349,57350,57351,1,2,0
16363,6,3,57355,57355,57358,0,3,4
16364,6,3,57361,57361,57364,0,3,3
16365,4,2,57365,57365,57367,0,2,1
16366,3,3,57368,57368,57371,0,3,1
16367,6,2,57374,57374,57376,0,2,3
16368,6,3,57380,57380,57383,0,3,4
16369,3,3,57383,57383,57386,0,3,0
16370,1,3,57384,57386,57389,2,5,0
16371,3,2,57387,57389,57391,2,4,0
16372,6,2,57393,57393,57395,0,2,2
16373,6,3,57399,57399,57402,0,3,4
16374,3,3,57402,57402,57405,0,3,0
16375,4,2,57406,57406,57408,0,2,1
16376,5,3,57411,57411,57414,0,3,3
16377,1,1,57412,57414,57415,2,3,0
16378,6,3,57418,57418,57421,0,3,3
16379,1,2,57419,57421,57423,2,4,0
16380,6,3,57425,57425,57428,0,3,2
16381,5,3,57430,57430,57433,0,3,2
16382,5,2,57435,57435,57437,0,2,2
16383,1,1,57436,57437,57438,1,2,0
16384,1,3,57437,57438,57441,1,4,0
16385,2,1,57439,57441,57442,2,3,0
16386,1,2,57440,57442,57444,2,4,0
16387,5,1,57445,57445,57446,0,1,1
16388,5,1,57450,57450,57451,0,1,4
16389,2,1,57452,57452,57453,0,1,1
16390,3,2,57455,57455,57457,0,2,2
16391,3,2,57458,57458,57460,0,2,1
16392,4,1,57462,57462,57463,0,1,2
16393,2,1,57464,57464,57465,0,1,1
16394,1,1,57465,57465,57466,0,1,0
16395,1,1,57466,57466,57467,0,1,0
16396,1,3,57467,57467,57470,0,3,0
16397,5,2,57472,57472,57474,0,2,2
16398,1,1,57473,57474,57475,1,2,0
16399,1,1,57474,57475,57476,1,2,0
16400,1,2,57475,57476,57478,1,3,0
16401,5,2,57480,57480,57482,0,2,2
16402,2,3,57482,57482,57485,0,3,0
16403,5,2,57487,57487,57489,0,2,2
16404,4,1,57491,57491,57492,0,1,2
16405,4,3,57495,57495,57498,0,3,3
16406,2,1,57497,57498,57499,1,2,0
16407,2,1,57499,57499,57500,0,1,0
16408,3,1,57502,57502,57503,0,1,2
16409,1,2,57503,57503,57505,0,2,0
16410,5,3,57508,57508,57511,0,3,3
16411,2,3,57510,57511,57514,1,4,0
16412,6,1,57516,57516,57517,0,1,2
16413,4,2,57520,57520,57522,0,2,3
16414,6,2,57526,57526,57528,0,2,4
16415,5,3,57531,57531,57534,0,3,3
16416,4,3,57535,57535,57538,0,3,1
16417,2,3,57537,57538,57541,1,4,0
16418,5,2,57542,57542,57544,0,2,1
16419,5,1,57547,57547,57548,0,1,3
16420,6,2,57553,57553,57555,0,2,5
16421,5,3,57558,57558,57561,0,3,3
16422,5,3,57563,57563,57566,0,3,2
16423,3,3,57566,57566,57569,0,3,0
16424,3,3,57569,57569,57572,0,3,0
16425,4,1,57573,57573,57574,0,1,1
16426,2,2,57575,57575,57577,0,2,1
16427,4,2,57579,57579,57581,0,2,2
16428,2,1,57581,57581,57582,0,1,0
16429,5,3,57586,57586,57589,0,3,4
16430,3,2,57589,57589,57591,0,2,0
16431,5,2,57594,57594,57596,0,2,3
16432,5,2,57599,57599,57601,0,2,3
16433,1,3,57600,57601,57604,1,4,0
16434,3,1,57603,57604,57605,1,2,0
16435,6,1,57609,57609,57610,0,1,4
16436,5,2,57614,57614,57616,0,2,4
16437,6,3,57620,57620,57623,0,3,4
16438,3,1,57623,57623,57624,0,1,0
16439,5,2,57628,57628,57630,0,2,4
16440,2,2,57630,57630,57632,0,2,0
16441,6,1,57636,57636,57637,0,1,4
16442,2,1,57638,57638,57639,0,1,1
16443,1,1,57639,57639,57640,0,1,0
16444,3,1,57642,57642,57643,0,1,2
16445,6,3,57648,57648,57651,0,3,5
16446,5,3,57653,57653,57656,0,3,2
16447,1,2,57654,57656,57658,2,4,0
16448,3,1,57657,57658,57659,1,2,0
16449,5,2,57662,57662,57664,0,2,3
16450,5,2,57667,57667,57669,0,2,3
16451,2,3,57669,57669,57672,0,3,0
16452,5,2,57674,57674,57676,0,2,2
16453,3,2,57677,57677,57679,0,2,1
16454,5,1,57682,57682,57683,0,1,3
16455,4,1,57686,57686,57687,0,1,3
16456,1,2,57687,57687,57689,0,2,0
16457,5,3,57692,57692,57695,0,3,3
16458,2,1,57694,57695,57696,1,2,0
16459,3,1,57697,57697,57698,0,1,1
16460,1,1,57698,57698,57699,0,1,0
16461,3,1,57701,57701,57702,0,1,2
16462,3,1,57704,57704,57705,0,1,2
16463,5,2,57709,57709,57711,0,2,4
16464,4,1,57713,57713,57714,0,1,2
16465,5,2,57718,57718,57720,0,2,4
16466,5,2,57723,57723,57725,0,2,3
16467,2,3,57725,57725,57728,0,3,0
16468,1,2,57726,57728,57730,2,4,0
16469,1,2,57727,57730,57732,3,5,0
16470,6,1,57733,57733,57734,0,1,1
16471,1,1,57734,57734,57735,0,1,0
16472,2,3,57736,57736,57739,0,3,1
16473,2,1,57738,57739,57740,1,2,0
16474,5,2,57743,57743,57745,0,2,3
16475,4,1,57747,57747,57748,0,1,2
16476,1,3,57748,57748,57751,0,3,0
16477,6,2,57754,57754,57756,0,2,3
16478,2,3,57756,57756,57759,0,3,0
16479,1,1,57757,57759,57760,2,3,0
16480,3,3,57760,57760,57763,0,3,0
16481,6,1,57766,57766,57767,0,1,3
16482,3,2,57769,57769,57771,0,2,2
16483,1,3,57770,57771,57774,1,4,0
16484,5,3,57775,57775,57778,0,3,1
16485,2,1,57777,57778,57779,1,2,0
16486,1,1,57778,57779,57780,1,2,0
16487,5,2,57783,57783,57785,0,2,3
16488,3,1,57786,57786,57787,0,1,1
16489,2,1,57788,57788,57789,0,1,1
16490,5,1,57793,57793,57794,0,1,4
16491,3,2,57796,57796,57798,0,2,2
16492,4,3,57800,57800,57803,0,3,2
16493,2,3,57802,57803,57806,1,4,0
16494,2,2,57804,57806,57808,2,4,0
16495,2,3,57806,57808,57811,2,5,0
16496,3,2,57809,57811,57813,2,4,0
16497,4,3,57813,57813,57816,0,3,0
16498,3,3,57816,57816,57819,0,3,0
16499,6,3,57822,57822,57825,0,3,3
16500,3,2,57825,57825,57827,0,2,0
16501,6,2,57831,57831,57833,0,2,4
16502,6,1,57837,57837,57838,0,1,4
16503,3,3,57840,57840,57843,0,3,2
16504,4,2,57844,57844,57846,0,2,1
16505,3,2,57847,57847,57849,0,2,1
16506,2,3,57849,57849,57852,0,3,0
16507,4,2,57853,57853,57855,0,2,1
16508,1,3,57854,57855,57858,1,4,0
16509,1,1,57855,57858,57859,3,4,0
16510,4,1,57859,57859,57860,0,1,0
16511,3,1,57862,57862,57863,0,1,2
16512,1,2,57863,57863,57865,0,2,0
16513,6,2,57869,57869,57871,0,2,4
16514,3,1,57872,57872,57873,0,1,1
16515,2,2,57874,57874,57876,0,2,1
16516,1,1,57875,57876,57877,1,2,0
16517,3,1,57878,57878,57879,0,1,1
16518,4,2,57882,57882,57884,0,2,3
16519,3,3,57885,57885,57888,0,3,1
16520,6,1,57891,57891,57892,0,1,3
16521,5,2,57896,57896,57898,0,2,4
16522,5,3,57901,57901,57904,0,3,3
16523,4,2,57905,57905,57907,0,2,1
16524,1,2,57906,57907,57909,1,3,0
16525,4,2,57910,57910,57912,0,2,1
16526,1,3,57911,57912,57915,1,4,0
16527,6,3,57917,57917,57920,0,3,2
16528,6,1,57923,57923,57924,0,1,3
16529,5,3,57928,57928,57931,0,3,4
16530,6,1,57934,57934,57935,0,1,3
16531,3,3,57937,57937,57940,0,3,2
16532,6,2,57943,57943,57945,0,2,3
16533,5,1,57948,57948,57949,0,1,3
16534,5,2,57953,57953,57955,0,2,4
16535,1,1,57954,57955,57956,1,2,0
16536,1,3,57955,57956,57959,1,4,0
16537,5,2,57960,57960,57962,0,2,1
16538,1,1,57961,57962,57963,1,2,0
16539,3,1,57964,57964,57965,0,1,1
16540,5,3,57969,57969,57972,0,3,4
16541,5,1,57974,57974,57975,0,1,2
16542,2,1,57976,57976,57977,0,1,1
16543,4,1,57980,57980,57981,0,1,3
16544,4,1,57984,57984,57985,0,1,3
16545,4,2,57988,57988,57990,0,2,3
16546,1,2,57989,57990,57992,1,3,0
16547,5,3,57994,57994,57997,0,3,2
16548,4,1,57998,57998,57999,0,1,1
16549,1,2,57999,57999,58001,0,2,0
16550,5,2,58004,58004,58006,0,2,3
16551,6,3,58010,58010,58013,0,3,4
16552,4,1,58014,58014,58015,0,1,1
16553,3,2,58017,58017,58019,0,2,2
16554,2,3,58019,58019,58022,0,3,0
16555,3,3,58022,58022,58025,0,3,0
16556,6,1,58028,58028,58029,0,1,3
16557,1,1,58029,58029,58030,0,1,0
16558,5,3,58034,58034,58037,0,3,4
16559,4,1,58038,58038,58039,0,1,1
16560,3,1,58041,58041,58042,0,1,2
16561,6,1,58047,58047,58048,0,1,5
16562,1,2,58048,58048,58050,0,2,0
16563,4,3,58052,58052,58055,0,3,2
16564,2,3,58054,58055,58058,1,4,0
16565,4,1,58058,58058,58059,0,1,0
16566,6,1,58064,58064,58065,0,1,5
16567,4,3,58068,58068,58071,0,3,3
16568,4,3,58072,58072,58075,0,3,1
16569,5,1,58077,58077,58078,0,1,2
16570,4,3,58081,58081,58084,0,3,3
16571,4,2,58085,58085,58087,0,2,1
16572,3,1,58088,58088,58089,0,1,1
16573,4,1,58092,58092,58093,0,1,3
16574,4,2,58096,58096,58098,0,2,3
16575,3,2,58099,58099,58101,0,2,1
16576,2,1,58101,58101,58102,0,1,0
16577,2,3,58103,58103,58106,0,3,1
16578,3,3,58106,58106,58109,0,3,0
16579,4,2,58110,58110,58112,0,2,1
16580,2,3,58112,58112,58115,0,3,0
16581,4,2,58116,58116,58118,0,2,1
16582,1,2,58117,58118,58120,1,3,0
16583,1,1,58118,58120,58121,2,3,0
16584,6,2,58124,58124,58126,0,2,3
16585,1,3,58125,58126,58129,1,4,0
16586,2,1,58127,58129,58130,2,3,0
16587,4,2,58131,58131,58133,0,2,1
16588,1,1,58132,58133,58134,1,2,0
16589,2,1,58134,58134,58135,0,1,0
16590,1,2,58135,58135,58137,0,2,0
16591,1,1,58136,58137,58138,1,2,0
16592,2,3,58138,58138,58141,0,3,0
16593,5,2,58143,58143,58145,0,2,2
16594,2,3,58145,58145,58148,0,3,0
16595,5,3,58150,58150,58153,0,3,2
16596,1,1,58151,58153,58154,2,3,0
16597,1,2,58152,58154,58156,2,4,0
16598,2,1,58154,58156,58157,2,3,0
16599,1,3,58155,58157,58160,2,5,0
16600,2,1,58157,58160,58161,3,4,0
16601,3,1,58160,58161,58162,1,2,0
16602,5,3,58165,58165,58168,0,3,3
16603,4,3,58169,58169,58172,0,3,1
16604,4,1,58173,58173,58174,0,1,1
16605,6,2,58179,58179,58181,0,2,5
16606,6,1,58185,58185,58186,0,1,4
16607,3,1,58188,58188,58189,0,1,2
16608,6,3,58194,58194,58197,0,3,5
16609,4,3,58198,58198,58201,0,3,1
16610,4,3,58202,58202,58205,0,3,1
16611,5,3,58207,58207,58210,0,3,2
16612,1,2,58208,58210,58212,2,4,0
16613,6,3,58214,58214,58217,0,3,2
16614,1,2,58215,58217,58219,2,4,0
16615,6,3,58221,58221,58224,0,3,2
16616,3,2,58224,58224,58226,0,2,0
16617,5,3,58229,58229,58232,0,3,3
16618,6,1,58235,58235,58236,0,1,3
16619,2,3,58237,58237,58240,0,3,1
16620,1,3,58238,58240,58243,2,5,0
16621,1,2,58239,58243,58245,4,6,0
16622,5,3,58244,58245,58248,1,4,0
16623,3,2,58247,58248,58250,1,3,0
16624,4,2,58251,58251,58253,0,2,1
16625,2,2,58253,58253,58255,0,2,0
16626,1,2,58254,58255,58257,1,3,0
16627,2,3,58256,58257,58260,1,4,0
16628,6,3,58262,58262,58265,0,3,2
16629,6,1,58268,58268,58269,0,1,3
16630,5,2,58273,58273,58275,0,2,4
16631,5,1,58278,58278,58279,0,1,3
16632,2,3,58280,58280,58283,0,3,1
16633,5,1,58285,58285,58286,0,1,2
16634,6,2,58291,58291,58293,0,2,5
16635,4,2,58295,58295,58297,0,2,2
16636,4,2,58299,58299,58301,0,2,2
16637,5,2,58304,58304,58306,0,2,3
16638,1,3,58305,58306,58309,1,4,0
16639,2,2,58307,58309,58311,2,4,0
16640,4,2,58311,58311,58313,0,2,0
16641,5,1,58316,58316,58317,0,1,3
16642,2,1,58318,58318,58319,0,1,1
16643,2,2,58320,58320,58322,0,2,1
16644,5,3,58325,58325,58328,0,3,3
16645,5,3,58330,58330,58333,0,3,2
16646,3,1,58333,58333,58334,0,1,0
16647,5,1,58338,58338,58339,0,1,4
16648,6,2,58344,58344,58346,0,2,5
16649,6,1,58350,58350,58351,0,1,4
16650,3,1,58353,58353,58354,0,1,2
16651,4,2,58357,58357,58359,0,2,3
16652,6,3,58363,58363,58366,0,3,4
16653,5,1,58368,58368,58369,0,1,2
16654,1,2,58369,58369,58371,0,2,0
16655,6,3,58375,58375,58378,0,3,4
16656,5,3,58380,58380,58383,0,3,2
16657,3,3,58383,58383,58386,0,3,0
16658,4,2,58387,58387,58389,0,2,1
16659,6,3,58393,58393,58396,0,3,4
16660,6,2,58399,58399,58401,0,2,3
16661,4,2,58403,58403,58405,0,2,2
16662,2,2,58405,58405,58407,0,2,0
16663,3,1,58408,58408,58409,0,1,1
16664,4,1,58412,58412,58413,0,1,3
16665,4,2,58416,58416,58418,0,2,3
16666,2,2,58418,58418,58420,0,2,0
16667,3,1,58421,58421,58422,0,1,1
16668,6,2,58427,58427,58429,0,2,5
16669,3,2,58430,58430,58432,0,2,1
16670,2,3,58432,58432,58435,0,3,0
16671,2,1,58434,58435,58436,1,2,0
16672,5,3,58439,58439,58442,0,3,3
16673,4,3,58443,58443,58446,0,3,1
16674,1,1,58444,58446,58447,2,3,0
16675,3,1,58447,58447,58448,0,1,0
16676,3,2,58450,58450,58452,0,2,2
16677,1,2,58451,58452,58454,1,3,0
16678,1,2,58452,58454,58456,2,4,0
16679,6,1,58458,58458,58459,0,1,2
16680,1,1,58459,58459,58460,0,1,0
16681,4,2,58463,58463,58465,0,2,3
16682,6,1,58469,58469,58470,0,1,4
16683,6,1,58475,58475,58476,0,1,5
16684,6,2,58481,58481,58483,0,2,5
16685,4,3,58485,58485,58488,0,3,2
16686,3,3,58488,58488,58491,0,3,0
16687,4,1,58492,58492,58493,0,1,1
16688,3,3,58495,58495,58498,0,3,2
16689,3,2,58498,58498,58500,0,2,0
16690,1,1,58499,58500,58501,1,2,0
16691,5,2,58504,58504,58506,0,2,3
16692,2,1,58506,58506,58507,0,1,0
16693,6,1,58512,58512,58513,0,1,5
16694,5,1,58517,58517,58518,0,1,4
16695,6,3,58523,58523,58526,0,3,5
16696,6,2,58529,58529,58531,0,2,3
16697,5,1,58534,58534,58535,0,1,3
16698,2,2,58536,58536,58538,0,2,1
16699,1,3,58537,58538,58541,1,4,0
16700,1,2,58538,58541,58543,3,5,0
16701,3,1,58541,58543,58544,2,3,0
16702,4,3,58545,58545,58548,0,3,1
16703,5,3,58550,58550,58553,0,3,2
16704,1,2,58551,58553,58555,2,4,0
16705,6,3,58557,58557,58560,0,3,2
16706,5,1,58562,58562,58563,0,1,2
16707,2,3,58564,58564,58567,0,3,1
16708,6,1,58570,58570,58571,0,1,3
16709,4,2,58574,58574,58576,0,2,3
16710,4,2,58578,58578,58580,0,2,2
16711,3,1,58581,58581,58582,0,1,1
16712,6,2,58587,58587,58589,0,2,5
16713,3,1,58590,58590,58591,0,1,1
16714,2,3,58592,58592,58595,0,3,1
16715,5,3,58597,58597,58600,0,3,2
16716,5,2,58602,58602,58604,0,2,2
16717,3,3,58605,58605,58608,0,3,1
16718,3,2,58608,58608,58610,0,2,0
16719,3,1,58611,58611,58612,0,1,1
16720,5,1,58616,58616,58617,0,1,4
16721,2,3,58618,58618,58621,0,3,1
16722,4,3,58622,58622,58625,0,3,1
16723,5,2,58627,58627,58629,0,2,2
16724,4,3,58631,58631,58634,0,3,2
16725,3,2,58634,58634,58636,0,2,0
16726,4,3,58638,58638,58641,0,3,2
16727,5,2,58643,58643,58645,0,2,2
16728,5,2,58648,58648,58650,0,2,3
16729,4,1,58652,58652,58653,0,1,2
16730,5,3,58657,58657,58660,0,3,4
16731,6,3,58663,58663,58666,0,3,3
16732,3,3,58666,58666,58669,0,3,0
16733,3,1,58669,58669,58670,0,1,0
16734,2,3,58671,58671,58674,0,3,1
16735,1,2,58672,58674,58676,2,4,0
16736,4,1,58676,58676,58677,0,1,0
16737,4,1,58680,58680,58681,0,1,3
16738,5,2,58685,58685,58687,0,2,4
16739,2,1,58687,58687,58688,0,1,0
16740,2,2,58689,58689,58691,0,2,1
16741,3,2,58692,58692,58694,0,2,1
16742,3,1,58695,58695,58696,0,1,1
16743,5,1,58700,58700,58701,0,1,4
16744,4,2,58704,58704,58706,0,2,3
16745,3,1,58707,58707,58708,0,1,1
16746,2,2,58709,58709,58711,0,2,1
16747,4,2,58713,58713,58715,0,2,2
16748,1,1,58714,58715,58716,1,2,0
16749,1,2,58715,58716,58718,1,3,0
16750,5,3,58720,58720,58723,0,3,2
16751,5,2,58725,58725,58727,0,2,2
16752,6,3,58731,58731,58734,0,3,4
16753,2,2,58733,58734,58736,1,3,0
16754,2,2,58735,58736,58738,1,3,0
16755,3,1,58738,58738,58739,0,1,0
16756,4,3,58742,58742,58745,0,3,3
16757,4,3,58746,58746,58749,0,3,1
16758,1,2,58747,58749,58751,2,4,0
16759,2,3,58749,58751,58754,2,5,0
16760,2,2,58751,58754,58756,3,5,0
16761,5,1,58756,58756,58757,0,1,0
16762,2,2,58758,58758,58760,0,2,1
16763,3,1,58761,58761,58762,0,1,1
16764,6,1,58767,58767,58768,0,1,5
16765,3,1,58770,58770,58771,0,1,2
16766,3,3,58773,58773,58776,0,3,2
16767,6,2,58779,58779,58781,0,2,3
16768,3,3,58782,58782,58785,0,3,1
16769,5,1,58787,58787,58788,0,1,2
16770,5,1,58792,58792,58793,0,1,4
16771,6,2,58798,58798,58800,0,2,5
16772,5,2,58803,58803,58805,0,2,3
16773,5,2,58808,58808,58810,0,2,3
16774,5,1,58813,58813,58814,0,1,3
16775,4,2,58817,58817,58819,0,2,3
16776,1,1,58818,58819,58820,1,2,0
16777,4,1,58822,58822,58823,0,1,2
16778,6,3,58828,58828,58831,0,3,5
16779,1,2,58829,58831,58833,2,4,0
16780,2,1,58831,58833,58834,2,3,0
16781,1,1,58832,58834,58835,2,3,0
16782,1,2,58833,58835,58837,2,4,0
16783,6,1,58839,58839,58840,0,1,2
16784,4,1,58843,58843,58844,0,1,3
16785,6,3,58849,58849,58852,0,3,5
16786,5,3,58854,58854,58857,0,3,2
16787,2,2,58856,58857,58859,1,3,0
16788,4,1,58860,58860,58861,0,1,1
16789,3,3,58863,58863,58866,0,3,2
16790,3,3,58866,58866,58869,0,3,0
16791,5,1,58871,58871,58872,0,1,2
16792,2,3,58873,58873,58876,0,3,1
16793,2,3,58875,58876,58879,1,4,0
16794,3,2,58878,58879,58881,1,3,0
16795,1,2,58879,58881,58883,2,4,0
16796,4,2,58883,58883,58885,0,2,0
16797,2,3,58885,58885,58888,0,3,0
16798,5,1,58890,58890,58891,0,1,2
16799,5,2,58895,58895,58897,0,2,4
16800,2,2,58897,58897,58899,0,2,0
16801,2,1,58899,58899,58900,0,1,0
16802,1,2,58900,58900,58902,0,2,0
16803,3,1,58903,58903,58904,0,1,1
16804,4,3,58907,58907,58910,0,3,3
16805,5,3,58912,58912,58915,0,3,2
16806,1,3,58913,58915,58918,2,5,0
16807,4,3,58917,58918,58921,1,4,0
16808,3,1,58920,58921,58922,1,2,0
16809,1,2,58921,58922,58924,1,3,0
16810,4,2,58925,58925,58927,0,2,1
16811,6,1,58931,58931,58932,0,1,4
16812,1,2,58932,58932,58934,0,2,0
16813,3,2,58935,58935,58937,0,2,1
16814,2,3,58937,58937,58940,0,3,0
16815,5,3,58942,58942,58945,0,3,2
16816,5,3,58947,58947,58950,0,3,2
16817,2,2,58949,58950,58952,1,3,0
16818,4,2,58953,58953,58955,0,2,1
16819,5,3,58958,58958,58961,0,3,3
16820,2,2,58960,58961,58963,1,3,0
16821,5,1,58965,58965,58966,0,1,2
16822,3,3,58968,58968,58971,0,3,2
16823,5,3,58973,58973,58976,0,3,2
16824,2,1,58975,58976,58977,1,2,0
16825,1,2,58976,58977,58979,1,3,0
16826,6,2,58982,58982,58984,0,2,3
16827,1,1,58983,58984,58985,1,2,0
16828,1,3,58984,58985,58988,1,4,0
16829,2,1,58986,58988,58989,2,3,0
16830,1,1,58987,58989,58990,2,3,0
16831,1,3,58988,58990,58993,2,5,0
16832,4,2,58992,58993,58995,1,3,0
16833,4,2,58996,58996,58998,0,2,1
16834,1,2,58997,58998,59000,1,3,0
16835,2,1,58999,59000,59001,1,2,0
16836,1,1,59000,59001,59002,1,2,0
16837,6,3,59006,59006,59009,0,3,4
16838,3,2,59009,59009,59011,0,2,0
16839,6,2,59015,59015,59017,0,2,4
16840,1,2,59016,59017,59019,1,3,0
16841,6,2,59022,59022,59024,0,2,3
16842,2,3,59024,59024,59027,0,3,0
16843,6,2,59030,59030,59032,0,2,3
16844,3,3,59033,59033,59036,0,3,1
16845,4,1,59037,59037,59038,0,1,1
16846,1,2,59038,59038,59040,0,2,0
16847,5,2,59043,59043,59045,0,2,3
16848,1,1,59044,59045,59046,1,2,0
16849,1,3,59045,59046,59049,1,4,0
16850,2,1,59047,59049,59050,2,3,0
16851,1,3,59048,59050,59053,2,5,0
16852,6,2,59054,59054,59056,0,2,1
16853,4,1,59058,59058,59059,0,1,2
16854,1,2,59059,59059,59061,0,2,0
16855,2,3,59061,59061,59064,0,3,0
16856,3,1,59064,59064,59065,0,1,0
16857,5,2,59069,59069,59071,0,2,4
16858,1,1,59070,59071,59072,1,2,0
16859,3,1,59073,59073,59074,0,1,1
16860,5,2,59078,59078,59080,0,2,4
16861,2,3,59080,59080,59083,0,3,0
16862,1,2,59081,59083,59085,2,4,0
16863,1,1,59082,59085,59086,3,4,0
16864,6,2,59088,59088,59090,0,2,2
16865,3,1,59091,59091,59092,0,1,1
16866,5,2,59096,59096,59098,0,2,4
16867,1,2,59097,59098,59100,1,3,0
16868,4,3,59101,59101,59104,0,3,1
16869,1,1,59102,59104,59105,2,3,0
16870,1,3,59103,59105,59108,2,5,0
16871,3,3,59106,59108,59111,2,5,0
16872,5,1,59111,59111,59112,0,1,0
16873,3,1,59114,59114,59115,0,1,2
16874,5,1,59119,59119,59120,0,1,4
16875,1,3,59120,59120,59123,0,3,0
16876,3,1,59123,59123,59124,0,1,0
16877,2,2,59125,59125,59127,0,2,1
16878,5,3,59130,59130,59133,0,3,3
16879,5,1,59135,59135,59136,0,1,2
16880,4,2,59139,59139,59141,0,2,3
16881,3,1,59142,59142,59143,0,1,1
16882,6,3,59148,59148,59151,0,3,5
16883,6,2,59154,59154,59156,0,2,3
16884,6,2,59160,59160,59162,0,2,4
16885,2,1,59162,59162,59163,0,1,0
16886,1,3,59163,59163,59166,0,3,0
16887,1,3,59164,59166,59169,2,5,0
16888,1,3,59165,59169,59172,4,7,0
16889,2,2,59167,59172,59174,5,7,0
16890,2,2,59169,59174,59176,5,7,0
16891,1,2,59170,59176,59178,6,8,0
16892,5,3,59175,59178,59181,3,6,0
16893,3,3,59178,59181,59184,3,6,0
16894,4,1,59182,59184,59185,2,3,0
16895,4,2,59186,59186,59188,0,2,1
16896,3,1,59189,59189,59190,0,1,1
16897,2,2,59191,59191,59193,0,2,1
16898,3,2,59194,59194,59196,0,2,1
16899,3,1,59197,59197,59198,0,1,1
16900,4,3,59201,59201,59204,0,3,3
16901,4,1,59205,59205,59206,0,1,1
16902,6,2,59211,59211,59213,0,2,5
16903,6,3,59217,59217,59220,0,3,4
16904,5,1,59222,59222,59223,0,1,2
16905,6,3,59228,59228,59231,0,3,5
16906,5,2,59233,59233,59235,0,2,2
16907,6,2,59239,59239,59241,0,2,4
16908,5,3,59244,59244,59247,0,3,3
16909,4,1,59248,59248,59249,0,1,1
16910,4,3,59252,59252,59255,0,3,3
16911,5,2,59257,59257,59259,0,2,2
16912,1,1,59258,59259,59260,1,2,0
16913,4,2,59262,59262,59264,0,2,2
16914,4,2,59266,59266,59268,0,2,2
16915,5,2,59271,59271,59273,0,2,3
16916,1,1,59272,59273,59274,1,2,0
16917,5,2,59277,59277,59279,0,2,3
16918,3,3,59280,59280,59283,0,3,1
16919,2,2,59282,59283,59285,1,3,0
16920,6,1,59288,59288,59289,0,1,3
16921,6,2,59294,59294,59296,0,2,5
16922,6,3,59300,59300,59303,0,3,4
16923,4,2,59304,59304,59306,0,2,1
16924,2,2,59306,59306,59308,0,2,0
16925,2,3,59308,59308,59311,0,3,0
16926,1,3,59309,59311,59314,2,5,0
16927,4,1,59313,59314,59315,1,2,0
16928,1,3,59314,59315,59318,1,4,0
16929,1,2,59315,59318,59320,3,5,0
16930,2,3,59317,59320,59323,3,6,0
16931,3,1,59320,59323,59324,3,4,0
16932,2,3,59322,59324,59327,2,5,0
16933,3,1,59325,59327,59328,2,3,0
16934,6,2,59331,59331,59333,0,2,3
16935,5,1,59336,59336,59337,0,1,3
16936,2,1,59338,59338,59339,0,1,1
16937,3,2,59341,59341,59343,0,2,2
16938,1,1,59342,59343,59344,1,2,0
16939,1,3,59343,59344,59347,1,4,0
16940,2,2,59345,59347,59349,2,4,0
16941,5,3,59350,59350,59353,0,3,1
16942,2,2,59352,59353,59355,1,3,0
16943,4,2,59356,59356,59358,0,2,1
16944,5,3,59361,59361,59364,0,3,3
16945,4,1,59365,59365,59366,0,1,1
16946,2,3,59367,59367,59370,0,3,1
16947,4,2,59371,59371,59373,0,2,1
16948,3,3,59374,59374,59377,0,3,1
16949,4,1,59378,59378,59379,0,1,1
16950,3,2,59381,59381,59383,0,2,2
16951,3,2,59384,59384,59386,0,2,1
16952,3,1,59387,59387,59388,0,1,1
16953,2,3,59389,59389,59392,0,3,1
16954,3,3,59392,59392,59395,0,3,0
16955,3,3,59395,59395,59398,0,3,0
16956,1,3,59396,59398,59401,2,5,0
16957,1,2,59397,59401,59403,4,6,0
16958,5,3,59402,59403,59406,1,4,0
16959,5,3,59407,59407,59410,0,3,1
16960,1,2,59408,59410,59412,2,4,0
16961,4,1,59412,59412,59413,0,1,0
16962,1,3,59413,59413,59416,0,3,0
16963,4,3,59417,59417,59420,0,3,1
16964,4,2,59421,59421,59423,0,2,1
16965,2,3,59423,59423,59426,0,3,0
16966,2,2,59425,59426,59428,1,3,0
16967,6,2,59431,59431,59433,0,2,3
16968,1,1,59432,59433,59434,1,2,0
16969,2,3,59434,59434,59437,0,3,0
16970,3,2,59437,59437,59439,0,2,0
16971,3,2,59440,59440,59442,0,2,1
16972,6,3,59446,59446,59449,0,3,4
16973,5,2,59451,59451,59453,0,2,2
16974,5,1,59456,59456,59457,0,1,3
16975,6,1,59462,59462,59463,0,1,5
16976,2,1,59464,59464,59465,0,1,1
16977,6,2,59470,59470,59472,0,2,5
16978,4,3,59474,59474,59477,0,3,2
16979,3,3,59477,59477,59480,0,3,0
16980,1,1,59478,59480,59481,2,3,0
16981,5,3,59483,59483,59486,0,3,2
16982,3,2,59486,59486,59488,0,2,0
16983,5,1,59491,59491,59492,0,1,3
16984,4,1,59495,59495,59496,0,1,3
16985,4,2,59499,59499,59501,0,2,3
16986,6,3,59505,59505,59508,0,3,4
16987,5,3,59510,59510,59513,0,3,2
16988,5,1,59515,59515,59516,0,1,2
16989,3,2,59518,59518,59520,0,2,2
16990,6,1,59524,59524,59525,0,1,4
16991,2,2,59526,59526,59528,0,2,1
16992,4,2,59530,59530,59532,0,2,2
16993,3,2,59533,59533,59535,0,2,1
16994,3,2,59536,59536,59538,0,2,1
16995,1,3,59537,59538,59541,1,4,0
16996,6,3,59543,59543,59546,0,3,2
16997,1,2,59544,59546,59548,2,4,0
16998,3,1,59547,59548,59549,1,2,0
16999,5,1,59552,59552,59553,0,1,3
17000,4,2,59556,59556,59558,0,2,3
17001,5,2,59561,59561,59563,0,2,3
17002,3,1,59564,59564,59565,0,1,1
17003,6,1,59570,59570,59571,0,1,5
17004,4,1,59574,59574,59575,0,1,3
17005,6,1,59580,59580,59581,0,1,5
17006,6,3,59586,59586,59589,0,3,5
17007,5,2,59591,59591,59593,0,2,2
17008,5,2,59596,59596,59598,0,2,3
17009,4,1,59600,59600,59601,0,1,2
17010,4,3,59604,59604,59607,0,3,3
17011,2,2,59606,59607,59609,1,3,0
17012,2,1,59608,59609,59610,1,2,0
17013,1,3,59609,59610,59613,1,4,0
17014,4,2,59613,59613,59615,0,2,0
17015,2,2,59615,59615,59617,0,2,0
17016,2,1,59617,59617,59618,0,1,0
17017,5,1,59622,59622,59623,0,1,4
17018,4,1,59626,59626,59627,0,1,3
17019,1,2,59627,59627,59629,0,2,0
17020,3,3,59630,59630,59633,0,3,1
17021,2,2,59632,59633,59635,1,3,0
17022,1,3,59633,59635,59638,2,5,0
17023,4,3,59637,59638,59641,1,4,0
17024,2,2,59639,59641,59643,2,4,0
17025,2,2,59641,59643,59645,2,4,0
17026,6,3,59647,59647,59650,0,3,2
17027,4,1,59651,59651,59652,0,1,1
17028,6,3,59657,59657,59660,0,3,5
17029,6,2,59663,59663,59665,0,2,3
17030,3,1,59666,59666,59667,0,1,1
17031,1,1,59667,59667,59668,0,1,0
17032,5,1,59672,59672,59673,0,1,4
17033,6,2,59678,59678,59680,0,2,5
17034,6,2,59684,59684,59686,0,2,4
17035,2,1,59686,59686,59687,0,1,0
17036,1,3,59687,59687,59690,0,3,0
17037,5,1,59692,59692,59693,0,1,2
17038,1,1,59693,59693,59694,0,1,0
17039,6,1,59699,59699,59700,0,1,5
17040,1,3,59700,59700,59703,0,3,0
17041,1,1,59701,59703,59704,2,3,0
17042,1,3,59702,59704,59707,2,5,0
17043,3,2,59705,59707,59709,2,4,0
17044,5,2,59710,59710,59712,0,2,1
17045,6,3,59716,59716,59719,0,3,4
17046,5,1,59721,59721,59722,0,1,2
17047,6,2,59727,59727,59729,0,2,5
17048,3,2,59730,59730,59732,0,2,1
17049,4,3,59734,59734,59737,0,3,2
17050,5,3,59739,59739,59742,0,3,2
17051,1,1,59740,59742,59743,2,3,0
17052,4,3,59744,59744,59747,0,3,1
17053,4,3,59748,59748,59751,0,3,1
17054,5,1,59753,59753,59754,0,1,2
17055,6,3,59759,59759,59762,0,3,5
17056,2,3,59761,59762,59765,1,4,0
17057,5,1,59766,59766,59767,0,1,1
17058,2,3,59768,59768,59771,0,3,1
17059,3,3,59771,59771,59774,0,3,0
17060,4,2,59775,59775,59777,0,2,1
17061,4,1,59779,59779,59780,0,1,2
17062,4,3,59783,59783,59786,0,3,3
17063,1,3,59784,59786,59789,2,5,0
17064,3,3,59787,59789,59792,2,5,0
17065,2,3,59789,59792,59795,3,6,0
17066,2,2,59791,59795,59797,4,6,0
17067,2,3,59793,59797,59800,4,7,0
17068,4,2,59797,59800,59802,3,5,0
17069,4,3,59801,59802,59805,1,4,0
17070,4,1,59805,59805,59806,0,1,0
17071,2,1,59807,59807,59808,0,1,1
17072,6,2,59813,59813,59815,0,2,5
17073,5,2,59818,59818,59820,0,2,3
17074,1,1,59819,59820,59821,1,2,0
17075,5,1,59824,59824,59825,0,1,3
17076,2,2,59826,59826,59828,0,2,1
17077,1,2,59827,59828,59830,1,3,0
17078,3,2,59830,59830,59832,0,2,0
17079,3,3,59833,59833,59836,0,3,1
17080,5,2,59838,59838,59840,0,2,2
17081,3,1,59841,59841,59842,0,1,1
17082,6,1,59847,59847,59848,0,1,5
17083,6,3,59853,59853,59856,0,3,5
17084,5,2,59858,59858,59860,0,2,2
17085,1,2,59859,59860,59862,1,3,0
17086,2,1,59861,59862,59863,1,2,0
17087,2,2,59863,59863,59865,0,2,0
17088,5,1,59868,59868,59869,0,1,3
17089,4,2,59872,59872,59874,0,2,3
17090,4,2,59876,59876,59878,0,2,2
17091,3,1,59879,59879,59880,0,1,1
17092,4,1,59883,59883,59884,0,1,3
17093,3,1,59886,59886,59887,0,1,2
17094,5,3,59891,59891,59894,0,3,4
17095,5,2,59896,59896,59898,0,2,2
17096,4,3,59900,59900,59903,0,3,2
17097,5,2,59905,59905,59907,0,2,2
17098,4,1,59909,59909,59910,0,1,2
17099,1,1,59910,59910,59911,0,1,0
17100,4,1,59914,59914,59915,0,1,3
17101,1,1,59915,59915,59916,0,1,0
17102,5,1,59920,59920,59921,0,1,4
17103,5,2,59925,59925,59927,0,2,4
17104,2,2,59927,59927,59929,0,2,0
17105,4,1,59931,59931,59932,0,1,2
17106,2,2,59933,59933,59935,0,2,1
17107,5,1,59938,59938,59939,0,1,3
17108,5,1,59943,59943,59944,0,1,4
17109,2,3,59945,59945,59948,0,3,1
17110,3,1,59948,59948,59949,0,1,0
17111,4,3,59952,59952,59955,0,3,3
17112,2,1,59954,59955,59956,1,2,0
17113,1,2,59955,59956,59958,1,3,0
17114,6,2,59961,59961,59963,0,2,3
17115,6,1,59967,59967,59968,0,1,4
17116,2,2,59969,59969,59971,0,2,1
17117,3,3,59972,59972,59975,0,3,1
17118,6,3,59978,59978,59981,0,3,3
17119,2,3,59980,59981,59984,1,4,0
17120,4,1,59984,59984,59985,0,1,0
17121,4,3,59988,59988,59991,0,3,3
17122,1,1,59989,59991,59992,2,3,0
17123,5,2,59994,59994,59996,0,2,2
17124,1,3,59995,59996,59999,1,4,0
17125,6,2,60001,60001,60003,0,2,2
17126,5,1,60006,60006,60007,0,1,3
17127,2,2,60008,60008,60010,0,2,1
17128,1,2,60009,60010,60012,1,3,0
17129,3,3,60012,60012,60015,0,3,0
17130,5,2,60017,60017,60019,0,2,2
17131,3,2,60020,60020,60022,0,2,1
17132,5,2,60025,60025,60027,0,2,3
17133,1,2,60026,60027,60029,1,3,0
17134,1,1,60027,60029,60030,2,3,0
17135,5,3,60032,60032,60035,0,3,2
17136,3,1,60035,60035,60036,0,1,0
17137,2,1,60037,60037,60038,0,1,1
17138,1,1,60038,60038,60039,0,1,0
17139,3,2,60041,60041,60043,0,2,2
17140,2,1,60043,60043,60044,0,1,0
17141,5,2,60048,60048,60050,0,2,4
17142,3,2,60051,60051,60053,0,2,1
17143,6,3,60057,60057,60060,0,3,4
17144,5,1,60062,60062,60063,0,1,2
17145,1,2,60063,60063,60065,0,2,0
17146,3,1,60066,60066,60067,0,1,1
17147,6,1,60072,60072,60073,0,1,5
17148,1,2,60073,60073,60075,0,2,0
17149,4,2,60077,60077,60079,0,2,2
17150,5,1,60082,60082,60083,0,1,3
17151,6,2,60088,60088,60090,0,2,5
17152,4,2,60092,60092,60094,0,2,2
17153,1,2,60093,60094,60096,1,3,0
17154,4,2,60097,60097,60099,0,2,1
17155,1,2,60098,60099,60101,1,3,0
17156,2,1,60100,60101,60102,1,2,0
17157,6,1,60106,60106,60107,0,1,4
17158,5,3,60111,60111,60114,0,3,4
17159,2,2,60113,60114,60116,1,3,0
17160,1,2,60114,60116,60118,2,4,0
17161,3,1,60117,60118,60119,1,2,0
17162,6,1,60123,60123,60124,0,1,4
17163,2,3,60125,60125,60128,0,3,1
17164,3,2,60128,60128,60130,0,2,0
17165,3,2,60131,60131,60133,0,2,1
17166,6,2,60137,60137,60139,0,2,4
17167,6,2,60143,60143,60145,0,2,4
17168,5,1,60148,60148,60149,0,1,3
17169,1,1,60149,60149,60150,0,1,0
17170,2,1,60151,60151,60152,0,1,1
17171,5,3,60156,60156,60159,0,3,4
17172,2,2,60158,60159,60161,1,3,0
17173,4,3,60162,60162,60165,0,3,1
17174,4,1,60166,60166,60167,0,1,1
17175,2,1,60168,60168,60169,0,1,1
17176,1,3,60169,60169,60172,0,3,0
17177,3,3,60172,60172,60175,0,3,0
17178,1,1,60173,60175,60176,2,3,0
17179,3,2,60176,60176,60178,0,2,0
17180,2,1,60178,60178,60179,0,1,0
17181,1,3,60179,60179,60182,0,3,0
17182,3,1,60182,60182,60183,0,1,0
17183,1,2,60183,60183,60185,0,2,0
17184,5,2,60188,60188,60190,0,2,3
17185,6,3,60194,60194,60197,0,3,4
17186,3,2,60197,60197,60199,0,2,0
17187,4,1,60201,60201,60202,0,1,2
17188,2,1,60203,60203,60204,0,1,1
17189,3,2,60206,60206,60208,0,2,2
17190,5,3,60211,60211,60214,0,3,3
17191,2,3,60213,60214,60217,1,4,0
17192,3,2,60216,60217,60219,1,3,0
17193,6,1,60222,60222,60223,0,1,3
17194,6,2,60228,60228,60230,0,2,5
17195,6,3,60234,60234,60237,0,3,4
17196,6,2,60240,60240,60242,0,2,3
17197,6,2,60246,60246,60248,0,2,4
17198,5,3,60251,60251,60254,0,3,3
17199,2,1,60253,60254,60255,1,2,0
17200,6,2,60259,60259,60261,0,2,4
17201,1,2,60260,60261,60263,1,3,0
17202,2,3,60262,60263,60266,1,4,0
17203,5,3,60267,60267,60270,0,3,1
17204,1,3,60268,60270,60273,2,5,0
17205,5,2,60273,60273,60275,0,2,0
17206,4,2,60277,60277,60279,0,2,2
17207,3,2,60280,60280,60282,0,2,1
17208,6,3,60286,60286,60289,0,3,4
17209,2,3,60288,60289,60292,1,4,0
17210,5,3,60293,60293,60296,0,3,1
17211,5,3,60298,60298,60301,0,3,2
17212,3,1,60301,60301,60302,0,1,0
17213,2,1,60303,60303,60304,0,1,1
17214,6,2,60309,60309,60311,0,2,5
17215,1,1,60310,60311,60312,1,2,0
17216,2,3,60312,60312,60315,0,3,0
17217,2,3,60314,60315,60318,1,4,0
17218,3,2,60317,60318,60320,1,3,0
17219,4,2,60321,60321,60323,0,2,1
17220,2,1,60323,60323,60324,0,1,0
17221,4,3,60327,60327,60330,0,3,3
17222,4,1,60331,60331,60332,0,1,1
17223,6,3,60337,60337,60340,0,3,5
17224,2,2,60339,60340,60342,1,3,0
17225,3,3,60342,60342,60345,0,3,0
17226,6,3,60348,60348,60351,0,3,3
17227,2,1,60350,60351,60352,1,2,0
17228,2,3,60352,60352,60355,0,3,0
17229,5,1,60357,60357,60358,0,1,2
17230,4,3,60361,60361,60364,0,3,3
17231,2,3,60363,60364,60367,1,4,0
17232,6,3,60369,60369,60372,0,3,2
17233,4,1,60373,60373,60374,0,1,1
17234,4,3,60377,60377,60380,0,3,3
17235,5,3,60382,60382,60385,0,3,2
17236,3,3,60385,60385,60388,0,3,0
17237,4,3,60389,60389,60392,0,3,1
17238,2,2,60391,60392,60394,1,3,0
17239,1,1,60392,60394,60395,2,3,0
17240,3,3,60395,60395,60398,0,3,0
17241,6,1,60401,60401,60402,0,1,3
17242,5,2,60406,60406,60408,0,2,4
17243,3,1,60409,60409,60410,0,1,1
17244,3,3,60412,60412,60415,0,3,2
17245,2,1,60414,60415,60416,1,2,0
17246,2,1,60416,60416,60417,0,1,0
17247,4,1,60420,60420,60421,0,1,3
17248,3,3,60423,60423,60426,0,3,2
17249,4,3,60427,60427,60430,0,3,1
17250,4,3,60431,60431,60434,0,3,1
17251,3,2,60434,60434,60436,0,2,0
17252,5,3,60439,60439,60442,0,3,3
17253,3,1,60442,60442,60443,0,1,0
17254,1,1,60443,60443,60444,0,1,0
17255,3,3,60446,60446,60449,0,3,2
17256,6,1,60452,60452,60453,0,1,3
17257,1,1,60453,60453,60454,0,1,0
17258,2,3,60455,60455,60458,0,3,1
17259,6,3,60461,60461,60464,0,3,3
17260,3,2,60464,60464,60466,0,2,0
17261,2,2,60466,60466,60468,0,2,0
17262,2,2,60468,60468,60470,0,2,0
17263,1,3,60469,60470,60473,1,4,0
17264,3,3,60472,60473,60476,1,4,0
17265,1,1,60473,60476,60477,3,4,0
17266,4,3,60477,60477,60480,0,3,0
17267,5,1,60482,60482,60483,0,1,2
17268,1,3,60483,60483,60486,0,3,0
17269,5,2,60488,60488,60490,0,2,2
17270,6,3,60494,60494,60497,0,3,4
17271,5,3,60499,60499,60502,0,3,2
17272,5,3,60504,60504,60507,0,3,2
17273,5,3,60509,60509,60512,0,3,2
17274,5,1,60514,60514,60515,0,1,2
17275,6,1,60520,60520,60521,0,1,5
17276,1,3,60521,60521,60524,0,3,0
17277,3,3,60524,60524,60527,0,3,0
17278,6,1,60530,60530,60531,0,1,3
17279,2,2,60532,60532,60534,0,2,1
17280,5,1,60537,60537,60538,0,1,3
17281,6,1,60543,60543,60544,0,1,5
17282,1,2,60544,60544,60546,0,2,0
17283,6,2,60550,60550,60552,0,2,4
17284,5,1,60555,60555,60556,0,1,3
17285,3,3,60558,60558,60561,0,3,2
17286,2,3,60560,60561,60564,1,4,0
17287,5,3,60565,60565,60568,0,3,1
17288,1,1,60566,60568,60569,2,3,0
17289,2,2,60568,60569,60571,1,3,0
17290,3,2,60571,60571,60573,0,2,0
17291,1,2,60572,60573,60575,1,3,0
17292,6,3,60578,60578,60581,0,3,3
17293,1,3,60579,60581,60584,2,5,0
17294,4,2,60583,60584,60586,1,3,0
17295,4,3,60587,60587,60590,0,3,1
17296,2,1,60589,60590,60591,1,2,0
17297,3,2,60592,60592,60594,0,2,1
17298,4,1,60596,60596,60597,0,1,2
17299,3,2,60599,60599,60601,0,2,2
17300,2,2,60601,60601,60603,0,2,0
17301,6,1,60607,60607,60608,0,1,4
17302,2,2,60609,60609,60611,0,2,1
17303,1,3,60610,60611,60614,1,4,0
17304,6,3,60616,60616,60619,0,3,2
17305,5,3,60621,60621,60624,0,3,2
17306,2,2,60623,60624,60626,1,3,0
17307,3,1,60626,60626,60627,0,1,0
17308,1,2,60627,60627,60629,0,2,0
17309,5,3,60632,60632,60635,0,3,3
17310,1,1,60633,60635,60636,2,3,0
17311,5,2,60638,60638,60640,0,2,2
17312,4,1,60642,60642,60643,0,1,2
17313,1,1,60643,60643,60644,0,1,0
17314,3,1,60646,60646,60647,0,1,2
17315,1,2,60647,60647,60649,0,2,0
17316,6,1,60653,60653,60654,0,1,4
17317,3,1,60656,60656,60657,0,1,2
17318,6,1,60662,60662,60663,0,1,5
17319,4,2,60666,60666,60668,0,2,3
17320,5,1,60671,60671,60672,0,1,3
17321,5,3,60676,60676,60679,0,3,4
17322,4,2,60680,60680,60682,0,2,1
17323,5,3,60685,60685,60688,0,3,3
17324,1,2,60686,60688,60690,2,4,0
17325,5,1,60691,60691,60692,0,1,1
17326,5,3,60696,60696,60699,0,3,4
17327,1,2,60697,60699,60701,2,4,0
17328,6,1,60703,60703,60704,0,1,2
17329,2,2,60705,60705,60707,0,2,1
17330,4,3,60709,60709,60712,0,3,2
17331,6,3,60715,60715,60718,0,3,3
17332,4,2,60719,60719,60721,0,2,1
17333,6,2,60725,60725,60727,0,2,4
17334,1,1,60726,60727,60728,1,2,0
17335,4,1,60730,60730,60731,0,1,2
17336,3,2,60733,60733,60735,0,2,2
17337,2,1,60735,60735,60736,0,1,0
17338,3,3,60738,60738,60741,0,3,2
17339,6,1,60744,60744,60745,0,1,3
17340,5,1,60749,60749,60750,0,1,4
17341,3,1,60752,60752,60753,0,1,2
17342,5,3,60757,60757,60760,0,3,4
17343,6,1,60763,60763,60764,0,1,3
17344,1,2,60764,60764,60766,0,2,0
17345,6,3,60770,60770,60773,0,3,4
17346,4,1,60774,60774,60775,0,1,1
17347,1,2,60775,60775,60777,0,2,0
17348,4,3,60779,60779,60782,0,3,2
17349,1,1,60780,60782,60783,2,3,0
17350,5,3,60785,60785,60788,0,3,2
17351,3,1,60788,60788,60789,0,1,0
17352,6,2,60794,60794,60796,0,2,5
17353,2,3,60796,60796,60799,0,3,0
17354,2,2,60798,60799,60801,1,3,0
17355,3,3,60801,60801,60804,0,3,0
17356,4,1,60805,60805,60806,0,1,1
17357,4,1,60809,60809,60810,0,1,3
17358,4,1,60813,60813,60814,0,1,3
17359,4,2,60817,60817,60819,0,2,3
17360,3,2,60820,60820,60822,0,2,1
17361,5,1,60825,60825,60826,0,1,3
17362,4,1,60829,60829,60830,0,1,3
17363,6,1,60835,60835,60836,0,1,5
17364,5,2,60840,60840,60842,0,2,4
17365,2,1,60842,60842,60843,0,1,0
17366,4,3,60846,60846,60849,0,3,3
17367,5,2,60851,60851,60853,0,2,2
17368,3,2,60854,60854,60856,0,2,1
17369,4,2,60858,60858,60860,0,2,2
17370,3,3,60861,60861,60864,0,3,1
17371,1,3,60862,60864,60867,2,5,0
17372,4,3,60866,60867,60870,1,4,0
17373,3,2,60869,60870,60872,1,3,0
17374,1,1,60870,60872,60873,2,3,0
17375,3,1,60873,60873,60874,0,1,0
17376,6,1,60879,60879,60880,0,1,5
17377,2,2,60881,60881,60883,0,2,1
17378,1,3,60882,60883,60886,1,4,0
17379,1,1,60883,60886,60887,3,4,0
17380,5,1,60888,60888,60889,0,1,1
17381,6,1,60894,60894,60895,0,1,5
17382,2,2,60896,60896,60898,0,2,1
17383,1,1,60897,60898,60899,1,2,0
17384,5,3,60902,60902,60905,0,3,3
17385,2,1,60904,60905,60906,1,2,0
17386,2,2,60906,60906,60908,0,2,0
17387,6,1,60912,60912,60913,0,1,4
17388,5,1,60917,60917,60918,0,1,4
17389,3,1,60920,60920,60921,0,1,2
17390,5,1,60925,60925,60926,0,1,4
17391,1,1,60926,60926,60927,0,1,0
17392,6,1,60932,60932,60933,0,1,5
17393,4,3,60936,60936,60939,0,3,3
17394,1,1,60937,60939,60940,2,3,0
17395,1,3,60938,60940,60943,2,5,0
17396,1,2,60939,60943,60945,4,6,0
17397,5,2,60944,60945,60947,1,3,0
17398,3,3,60947,60947,60950,0,3,0
17399,4,2,60951,60951,60953,0,2,1
17400,1,1,60952,60953,60954,1,2,0
17401,4,3,60956,60956,60959,0,3,2
17402,3,1,60959,60959,60960,0,1,0
17403,2,1,60961,60961,60962,0,1,1
17404,5,3,60966,60966,60969,0,3,4
17405,2,1,60968,60969,60970,1,2,0
17406,5,1,60973,60973,60974,0,1,3
17407,2,1,60975,60975,60976,0,1,1
17408,2,3,60977,60977,60980,0,3,1
17409,3,3,60980,60980,60983,0,3,0
17410,4,1,60984,60984,60985,0,1,1
17411,5,1,60989,60989,60990,0,1,4
17412,3,3,60992,60992,60995,0,3,2
17413,3,1,60995,60995,60996,0,1,0
17414,1,2,60996,60996,60998,0,2,0
17415,6,1,61002,61002,61003,0,1,4
17416,3,3,61005,61005,61008,0,3,2
17417,6,2,61011,61011,61013,0,2,3
17418,1,2,61012,61013,61015,1,3,0
17419,2,2,61014,61015,61017,1,3,0
17420,4,2,61018,61018,61020,0,2,1
17421,6,3,61024,61024,61027,0,3,4
17422,2,1,61026,61027,61028,1,2,0
17423,4,3,61030,61030,61033,0,3,2
17424,4,2,61034,61034,61036,0,2,1
17425,3,2,61037,61037,61039,0,2,1
17426,3,1,61040,61040,61041,0,1,1
17427,6,2,61046,61046,61048,0,2,5
17428,3,3,61049,61049,61052,0,3,1
17429,3,2,61052,61052,61054,0,2,0
17430,2,3,61054,61054,61057,0,3,0
17431,2,1,61056,61057,61058,1,2,0
17432,6,1,61062,61062,61063,0,1,4
17433,3,1,61065,61065,61066,0,1,2
17434,4,1,61069,61069,61070,0,1,3
17435,2,3,61071,61071,61074,0,3,1
17436,6,1,61077,61077,61078,0,1,3
17437,5,1,61082,61082,61083,0,1,4
17438,6,1,61088,61088,61089,0,1,5
17439,2,2,61090,61090,61092,0,2,1
17440,2,2,61092,61092,61094,0,2,0
17441,5,3,61097,61097,61100,0,3,3
17442,6,3,61103,61103,61106,0,3,3
17443,5,3,61108,61108,61111,0,3,2
17444,6,1,61114,61114,61115,0,1,3
17445,2,2,61116,61116,61118,0,2,1
17446,2,3,61118,61118,61121,0,3,0
17447,5,2,61123,61123,61125,0,2,2
17448,2,3,61125,61125,61128,0,3,0
17449,1,1,61126,61128,61129,2,3,0
17450,4,3,61130,61130,61133,0,3,1
17451,6,3,61136,61136,61139,0,3,3
17452,4,1,61140,61140,61141,0,1,1
17453,4,3,61144,61144,61147,0,3,3
17454,3,3,61147,61147,61150,0,3,0
17455,2,3,61149,61150,61153,1,4,0
17456,6,3,61155,61155,61158,0,3,2
17457,6,1,61161,61161,61162,0,1,3
17458,1,2,61162,61162,61164,0,2,0
17459,6,2,61168,61168,61170,0,2,4
17460,3,3,61171,61171,61174,0,3,1
17461,1,3,61172,61174,61177,2,5,0
17462,2,1,61174,61177,61178,3,4,0
17463,3,3,61177,61178,61181,1,4,0
17464,1,1,61178,61181,61182,3,4,0
17465,5,3,61183,61183,61186,0,3,1
17466,1,2,61184,61186,61188,2,4,0
17467,4,2,61188,61188,61190,0,2,0
17468,4,3,61192,61192,61195,0,3,2
17469,1,3,61193,61195,61198,2,5,0
17470,1,1,61194,61198,61199,4,5,0
17471,2,3,61196,61199,61202,3,6,0
17472,2,1,61198,61202,61203,4,5,0
17473,3,3,61201,61203,61206,2,5,0
17474,4,3,61205,61206,61209,1,4,0
17475,1,2,61206,61209,61211,3,5,0
17476,2,3,61208,61211,61214,3,6,0
17477,4,2,61212,61214,61216,2,4,0
17478,1,1,61213,61216,61217,3,4,0
17479,4,2,61217,61217,61219,0,2,0
17480,5,2,61222,61222,61224,0,2,3
17481,2,2,61224,61224,61226,0,2,0
17482,4,3,61228,61228,61231,0,3,2
17483,6,2,61234,61234,61236,0,2,3
17484,3,2,61237,61237,61239,0,2,1
17485,4,1,61241,61241,61242,0,1,2
17486,2,1,61243,61243,61244,0,1,1
17487,2,1,61245,61245,61246,0,1,1
17488,2,3,61247,61247,61250,0,3,1
17489,3,2,61250,61250,61252,0,2,0
17490,1,2,61251,61252,61254,1,3,0
17491,6,2,61257,61257,61259,0,2,3
17492,1,2,61258,61259,61261,1,3,0
17493,1,1,61259,61261,61262,2,3,0
17494,1,2,61260,61262,61264,2,4,0
17495,4,2,61264,61264,61266,0,2,0
17496,2,2,61266,61266,61268,0,2,0
17497,4,3,61270,61270,61273,0,3,2
17498,3,1,61273,61273,61274,0,1,0
17499,6,3,61279,61279,61282,0,3,5
17500,6,1,61285,61285,61286,0,1,3
17501,6,1,61291,61291,61292,0,1,5
17502,2,3,61293,61293,61296,0,3,1
17503,5,2,61298,61298,61300,0,2,2
17504,3,3,61301,61301,61304,0,3,1
17505,5,3,61306,61306,61309,0,3,2
17506,3,2,61309,61309,61311,0,2,0
17507,6,1,61315,61315,61316,0,1,4
17508,2,2,61317,61317,61319,0,2,1
17509,4,1,61321,61321,61322,0,1,2
17510,4,2,61325,61325,61327,0,2,3
17511,2,2,61327,61327,61329,0,2,0
17512,4,3,61331,61331,61334,0,3,2
17513,5,3,61336,61336,61339,0,3,2
17514,3,3,61339,61339,61342,0,3,0
17515,6,1,61345,61345,61346,0,1,3
17516,2,1,61347,61347,61348,0,1,1
17517,6,3,61353,61353,61356,0,3,5
17518,4,3,61357,61357,61360,0,3,1
17519,5,3,61362,61362,61365,0,3,2
17520,4,3,61366,61366,61369,0,3,1
17521,5,2,61371,61371,61373,0,2,2
17522,4,1,61375,61375,61376,0,1,2
17523,6,1,61381,61381,61382,0,1,5
17524,3,3,61384,61384,61387,0,3,2
17525,2,3,61386,61387,61390,1,4,0
17526,6,1,61392,61392,61393,0,1,2
17527,1,2,61393,61393,61395,0,2,0
17528,1,2,61394,61395,61397,1,3,0
17529,2,1,61396,61397,61398,1,2,0
17530,5,1,61401,61401,61402,0,1,3
17531,6,1,61407,61407,61408,0,1,5
17532,4,3,61411,61411,61414,0,3,3
17533,3,1,61414,61414,61415,0,1,0
17534,2,3,61416,61416,61419,0,3,1
17535,3,1,61419,61419,61420,0,1,0
17536,5,3,61424,61424,61427,0,3,4
17537,5,3,61429,61429,61432,0,3,2
17538,2,3,61431,61432,61435,1,4,0
17539,3,3,61434,61435,61438,1,4,0
17540,1,3,61435,61438,61441,3,6,0
17541,5,1,61440,61441,61442,1,2,0
17542,2,1,61442,61442,61443,0,1,0
17543,5,3,61447,61447,61450,0,3,4
17544,4,2,61451,61451,61453,0,2,1
17545,6,1,61457,61457,61458,0,1,4
17546,4,2,61461,61461,61463,0,2,3
17547,6,2,61467,61467,61469,0,2,4
17548,3,1,61470,61470,61471,0,1,1
17549,4,3,61474,61474,61477,0,3,3
17550,2,3,61476,61477,61480,1,4,0
17551,5,3,61481,61481,61484,0,3,1
17552,5,3,61486,61486,61489,0,3,2
17553,6,2,61492,61492,61494,0,2,3
17554,6,3,61498,61498,61501,0,3,4
17555,6,1,61504,61504,61505,0,1,3
17556,3,1,61507,61507,61508,0,1,2
17557,5,2,61512,61512,61514,0,2,4
17558,5,3,61517,61517,61520,0,3,3
17559,3,3,61520,61520,61523,0,3,0
17560,5,1,61525,61525,61526,0,1,2
17561,1,1,61526,61526,61527,0,1,0
17562,4,3,61530,61530,61533,0,3,3
17563,1,3,61531,61533,61536,2,5,0
17564,5,1,61536,61536,61537,0,1,0
17565,5,1,61541,61541,61542,0,1,4
17566,3,1,61544,61544,61545,0,1,2
17567,6,3,61550,61550,61553,0,3,5
17568,2,2,61552,61553,61555,1,3,0
17569,3,1,61555,61555,61556,0,1,0
17570,6,3,61561,61561,61564,0,3,5
17571,1,3,61562,61564,61567,2,5,0
17572,4,3,61566,61567,61570,1,4,0
17573,1,1,61567,61570,61571,3,4,0
17574,6,3,61573,61573,61576,0,3,2
17575,5,3,61578,61578,61581,0,3,2
17576,4,2,61582,61582,61584,0,2,1
17577,3,1,61585,61585,61586,0,1,1
17578,6,2,61591,61591,61593,0,2,5
17579,6,1,61597,61597,61598,0,1,4
17580,3,1,61600,61600,61601,0,1,2
17581,6,1,61606,61606,61607,0,1,5
17582,1,3,61607,61607,61610,0,3,0
17583,1,3,61608,61610,61613,2,5,0
17584,1,1,61609,61613,61614,4,5,0
17585,1,1,61610,61614,61615,4,5,0
17586,6,3,61616,61616,61619,0,3,1
17587,1,1,61617,61619,61620,2,3,0
17588,4,3,61621,61621,61624,0,3,1
17589,1,2,61622,61624,61626,2,4,0
17590,4,3,61626,61626,61629,0,3,0
17591,2,3,61628,61629,61632,1,4,0
17592,5,3,61633,61633,61636,0,3,1
17593,1,3,61634,61636,61639,2,5,0
17594,1,2,61635,61639,61641,4,6,0
17595,6,2,61641,61641,61643,0,2,0
17596,2,2,61643,61643,61645,0,2,0
17597,4,1,61647,61647,61648,0,1,2
17598,3,3,61650,61650,61653,0,3,2
17599,2,3,61652,61653,61656,1,4,0
17600,4,2,61656,61656,61658,0,2,0
17601,2,3,61658,61658,61661,0,3,0
17602,3,2,61661,61661,61663,0,2,0
17603,6,2,61667,61667,61669,0,2,4
17604,5,1,61672,61672,61673,0,1,3
17605,4,3,61676,61676,61679,0,3,3
17606,4,1,61680,61680,61681,0,1,1
17607,5,3,61685,61685,61688,0,3,4
17608,3,3,61688,61688,61691,0,3,0
17609,4,2,61692,61692,61694,0,2,1
17610,1,2,61693,61694,61696,1,3,0
17611,4,3,61697,61697,61700,0,3,1
17612,4,3,61701,61701,61704,0,3,1
17613,4,3,61705,61705,61708,0,3,1
17614,6,1,61711,61711,61712,0,1,3
17615,5,1,61716,61716,61717,0,1,4
17616,5,1,61721,61721,61722,0,1,4
17617,2,1,61723,61723,61724,0,1,1
17618,5,1,61728,61728,61729,0,1,4
17619,6,2,61734,61734,61736,0,2,5
17620,3,2,61737,61737,61739,0,2,1
17621,6,2,61743,61743,61745,0,2,4
17622,3,3,61746,61746,61749,0,3,1
17623,4,1,61750,61750,61751,0,1,1
17624,1,3,61751,61751,61754,0,3,0
17625,3,3,61754,61754,61757,0,3,0
17626,3,3,61757,61757,61760,0,3,0
17627,2,2,61759,61760,61762,1,3,0
17628,1,2,61760,61762,61764,2,4,0
17629,1,3,61761,61764,61767,3,6,0
17630,5,2,61766,61767,61769,1,3,0
17631,3,1,61769,61769,61770,0,1,0
17632,6,1,61775,61775,61776,0,1,5
17633,3,1,61778,61778,61779,0,1,2
17634,5,2,61783,61783,61785,0,2,4
17635,6,2,61789,61789,61791,0,2,4
17636,5,3,61794,61794,61797,0,3,3
17637,2,1,61796,61797,61798,1,2,0
17638,4,3,61800,61800,61803,0,3,2
17639,4,1,61804,61804,61805,0,1,1
17640,2,3,61806,61806,61809,0,3,1
17641,6,3,61812,61812,61815,0,3,3
17642,5,1,61817,61817,61818,0,1,2
17643,4,1,61821,61821,61822,0,1,3
17644,1,1,61822,61822,61823,0,1,0
17645,6,2,61828,61828,61830,0,2,5
17646,1,1,61829,61830,61831,1,2,0
17647,1,2,61830,61831,61833,1,3,0
17648,3,2,61833,61833,61835,0,2,0
17649,2,1,61835,61835,61836,0,1,0
17650,4,1,61839,61839,61840,0,1,3
17651,4,2,61843,61843,61845,0,2,3
17652,5,1,61848,61848,61849,0,1,3
17653,1,1,61849,61849,61850,0,1,0
17654,2,1,61851,61851,61852,0,1,1
17655,4,2,61855,61855,61857,0,2,3
17656,2,3,61857,61857,61860,0,3,0
17657,5,1,61862,61862,61863,0,1,2
17658,4,3,61866,61866,61869,0,3,3
17659,3,3,61869,61869,61872,0,3,0
17660,4,1,61873,61873,61874,0,1,1
17661,5,1,61878,61878,61879,0,1,4
17662,1,2,61879,61879,61881,0,2,0
17663,5,3,61884,61884,61887,0,3,3
17664,4,3,61888,61888,61891,0,3,1
17665,3,1,61891,61891,61892,0,1,0
17666,4,2,61895,61895,61897,0,2,3
17667,3,2,61898,61898,61900,0,2,1
17668,3,2,61901,61901,61903,0,2,1
17669,2,2,61903,61903,61905,0,2,0
17670,6,3,61909,61909,61912,0,3,4
17671,4,3,61913,61913,61916,0,3,1
17672,6,3,61919,61919,61922,0,3,3
17673,1,2,61920,61922,61924,2,4,0
17674,5,2,61925,61925,61927,0,2,1
17675,4,3,61929,61929,61932,0,3,2
17676,3,3,61932,61932,61935,0,3,0
17677,2,2,61934,61935,61937,1,3,0
17678,6,2,61940,61940,61942,0,2,3
17679,5,3,61945,61945,61948,0,3,3
17680,4,2,61949,61949,61951,0,2,1
17681,2,1,61951,61951,61952,0,1,0
17682,2,1,61953,61953,61954,0,1,1
17683,4,2,61957,61957,61959,0,2,3
17684,2,2,61959,61959,61961,0,2,0
17685,6,2,61965,61965,61967,0,2,4
17686,5,2,61970,61970,61972,0,2,3
17687,3,1,61973,61973,61974,0,1,1
17688,1,1,61974,61974,61975,0,1,0
17689,6,1,61980,61980,61981,0,1,5
17690,3,1,61983,61983,61984,0,1,2
17691,4,3,61987,61987,61990,0,3,3
17692,4,2,61991,61991,61993,0,2,1
17693,2,2,61993,61993,61995,0,2,0
17694,6,1,61999,61999,62000,0,1,4
17695,4,2,62003,62003,62005,0,2,3
17696,1,2,62004,62005,62007,1,3,0
17697,1,1,62005,62007,62008,2,3,0
17698,1,1,62006,62008,62009,2,3,0
17699,4,1,62010,62010,62011,0,1,1
17700,2,2,62012,62012,62014,0,2,1
17701,5,3,62017,62017,62020,0,3,3
17702,2,1,62019,62020,62021,1,2,0
17703,2,3,62021,62021,62024,0,3,0
17704,3,1,62024,62024,62025,0,1,0
17705,3,2,62027,62027,62029,0,2,2
17706,5,1,62032,62032,62033,0,1,3
17707,5,3,62037,62037,62040,0,3,4
17708,1,1,62038,62040,62041,2,3,0
17709,3,3,62041,62041,62044,0,3,0
17710,6,3,62047,62047,62050,0,3,3
17711,4,2,62051,62051,62053,0,2,1
17712,1,2,62052,62053,62055,1,3,0
17713,2,2,62054,62055,62057,1,3,0
17714,1,3,62055,62057,62060,2,5,0
17715,3,2,62058,62060,62062,2,4,0
17716,3,1,62061,62062,62063,1,2,0
17717,1,1,62062,62063,62064,1,2,0
17718,4,1,62066,62066,62067,0,1,2
17719,2,2,62068,62068,62070,0,2,1
17720,5,2,62073,62073,62075,0,2,3
17721,5,1,62078,62078,62079,0,1,3
17722,3,1,62081,62081,62082,0,1,2
17723,4,1,62085,62085,62086,0,1,3
17724,6,1,62091,62091,62092,0,1,5
17725,3,3,62094,62094,62097,0,3,2
17726,6,2,62100,62100,62102,0,2,3
17727,2,2,62102,62102,62104,0,2,0
17728,2,1,62104,62104,62105,0,1,0
17729,1,3,62105,62105,62108,0,3,0
17730,4,2,62109,62109,62111,0,2,1
17731,6,1,62115,62115,62116,0,1,4
17732,6,3,62121,62121,62124,0,3,5
17733,2,3,62123,62124,62127,1,4,0
17734,6,3,62129,62129,62132,0,3,2
17735,1,2,62130,62132,62134,2,4,0
17736,4,2,62134,62134,62136,0,2,0
17737,5,2,62139,62139,62141,0,2,3
17738,3,2,62142,62142,62144,0,2,1
17739,5,2,62147,62147,62149,0,2,3
17740,2,1,62149,62149,62150,0,1,0
17741,1,2,62150,62150,62152,0,2,0
17742,1,2,62151,62152,62154,1,3,0
17743,3,2,62154,62154,62156,0,2,0
17744,6,3,62160,62160,62163,0,3,4
17745,1,3,62161,62163,62166,2,5,0
17746,4,1,62165,62166,62167,1,2,0
17747,5,3,62170,62170,62173,0,3,3
17748,5,3,62175,62175,62178,0,3,2
17749,1,1,62176,62178,62179,2,3,0
17750,3,1,62179,62179,62180,0,1,0
17751,4,1,62183,62183,62184,0,1,3
17752,4,2,62187,62187,62189,0,2,3
17753,2,2,62189,62189,62191,0,2,0
17754,5,1,62194,62194,62195,0,1,3
17755,2,3,62196,62196,62199,0,3,1
17756,2,3,62198,62199,62202,1,4,0
17757,3,3,62201,62202,62205,1,4,0
17758,1,1,62202,62205,62206,3,4,0
17759,2,3,62204,62206,62209,2,5,0
17760,5,3,62209,62209,62212,0,3,0
17761,1,2,62210,62212,62214,2,4,0
17762,4,2,62214,62214,62216,0,2,0
17763,1,1,62215,62216,62217,1,2,0
17764,3,3,62218,62218,62221,0,3,1
17765,2,3,62220,62221,62224,1,4,0
17766,1,2,62221,62224,62226,3,5,0
17767,3,2,62224,62226,62228,2,4,0
17768,5,1,62229,62229,62230,0,1,1
17769,4,2,62233,62233,62235,0,2,3
17770,1,3,62234,62235,62238,1,4,0
17771,3,1,62237,62238,62239,1,2,0
17772,5,3,62242,62242,62245,0,3,3
17773,4,1,62246,62246,62247,0,1,1
17774,5,2,62251,62251,62253,0,2,4
17775,5,1,62256,62256,62257,0,1,3
17776,5,2,62261,62261,62263,0,2,4
17777,3,3,62264,62264,62267,0,3,1
17778,5,1,62269,62269,62270,0,1,2
17779,3,2,62272,62272,62274,0,2,2
17780,6,2,62278,62278,62280,0,2,4
17781,4,1,62282,62282,62283,0,1,2
17782,5,2,62287,62287,62289,0,2,4
17783,2,1,62289,62289,62290,0,1,0
17784,3,1,62292,62292,62293,0,1,2
17785,6,2,62298,62298,62300,0,2,5
17786,2,3,62300,62300,62303,0,3,0
17787,4,2,62304,62304,62306,0,2,1
17788,4,3,62308,62308,62311,0,3,2
17789,4,1,62312,62312,62313,0,1,1
17790,4,2,62316,62316,62318,0,2,3
17791,4,3,62320,62320,62323,0,3,2
17792,2,3,62322,62323,62326,1,4,0
17793,2,2,62324,62326,62328,2,4,0
17794,1,2,62325,62328,62330,3,5,0
17795,6,1,62331,62331,62332,0,1,1
17796,1,3,62332,62332,62335,0,3,0
17797,4,1,62336,62336,62337,0,1,1
17798,1,1,62337,62337,62338,0,1,0
17799,4,1,62341,62341,62342,0,1,3
17800,4,1,62345,62345,62346,0,1,3
17801,3,2,62348,62348,62350,0,2,2
17802,5,2,62353,62353,62355,0,2,3
17803,4,1,62357,62357,62358,0,1,2
17804,3,3,62360,62360,62363,0,3,2
17805,5,1,62365,62365,62366,0,1,2
17806,3,2,62368,62368,62370,0,2,2
17807,5,2,62373,62373,62375,0,2,3
17808,1,2,62374,62375,62377,1,3,0
17809,2,1,62376,62377,62378,1,2,0
17810,1,2,62377,62378,62380,1,3,0
17811,1,2,62378,62380,62382,2,4,0
17812,2,2,62380,62382,62384,2,4,0
17813,4,1,62384,62384,62385,0,1,0
17814,3,3,62387,62387,62390,0,3,2
17815,3,3,62390,62390,62393,0,3,0
17816,3,1,62393,62393,62394,0,1,0
17817,3,1,62396,62396,62397,0,1,2
17818,6,3,62402,62402,62405,0,3,5
17819,4,1,62406,62406,62407,0,1,1
17820,1,1,62407,62407,62408,0,1,0
17821,2,2,62409,62409,62411,0,2,1
17822,6,2,62415,62415,62417,0,2,4
17823,4,1,62419,62419,62420,0,1,2
17824,6,1,62425,62425,62426,0,1,5
17825,4,2,62429,62429,62431,0,2,3
17826,4,3,62433,62433,62436,0,3,2
17827,2,2,62435,62436,62438,1,3,0
17828,1,1,62436,62438,62439,2,3,0
17829,2,3,62438,62439,62442,1,4,0
17830,4,1,62442,62442,62443,0,1,0
17831,3,3,62445,62445,62448,0,3,2
17832,5,3,62450,62450,62453,0,3,2
17833,6,3,62456,62456,62459,0,3,3
17834,5,3,62461,62461,62464,0,3,2
17835,2,2,62463,62464,62466,1,3,0
17836,2,3,62465,62466,62469,1,4,0
17837,4,1,62469,62469,62470,0,1,0
17838,5,1,62474,62474,62475,0,1,4
17839,5,3,62479,62479,62482,0,3,4
17840,4,3,62483,62483,62486,0,3,1
17841,6,2,62489,62489,62491,0,2,3
17842,4,1,62493,62493,62494,0,1,2
17843,4,3,62497,62497,62500,0,3,3
17844,1,2,62498,62500,62502,2,4,0
17845,1,1,62499,62502,62503,3,4,0
17846,6,1,62505,62505,62506,0,1,2
17847,6,3,62511,62511,62514,0,3,5
17848,1,1,62512,62514,62515,2,3,0
17849,1,3,62513,62515,62518,2,5,0
17850,5,3,62518,62518,62521,0,3,0
17851,1,1,62519,62521,62522,2,3,0
17852,2,2,62521,62522,62524,1,3,0
17853,1,2,62522,62524,62526,2,4,0
17854,2,2,62524,62526,62528,2,4,0
17855,4,2,62528,62528,62530,0,2,0
17856,1,1,62529,62530,62531,1,2,0
17857,4,3,62533,62533,62536,0,3,2
17858,5,3,62538,62538,62541,0,3,2
17859,2,3,62540,62541,62544,1,4,0
17860,6,1,62546,62546,62547,0,1,2
17861,6,1,62552,62552,62553,0,1,5
17862,5,3,62557,62557,62560,0,3,4
17863,6,1,62563,62563,62564,0,1,3
17864,1,2,62564,62564,62566,0,2,0
17865,5,2,62569,62569,62571,0,2,3
17866,1,1,62570,62571,62572,1,2,0
17867,1,1,62571,62572,62573,1,2,0
17868,6,1,62577,62577,62578,0,1,4
17869,6,2,62583,62583,62585,0,2,5
17870,6,3,62589,62589,62592,0,3,4
17871,1,1,62590,62592,62593,2,3,0
17872,6,2,62596,62596,62598,0,2,3
17873,6,2,62602,62602,62604,0,2,4
17874,4,2,62606,62606,62608,0,2,2
17875,3,1,62609,62609,62610,0,1,1
17876,2,3,62611,62611,62614,0,3,1
17877,5,3,62616,62616,62619,0,3,2
17878,3,2,62619,62619,62621,0,2,0
17879,2,3,62621,62621,62624,0,3,0
17880,4,1,62625,62625,62626,0,1,1
17881,6,3,62631,62631,62634,0,3,5
17882,2,3,62633,62634,62637,1,4,0
17883,4,3,62637,62637,62640,0,3,0
17884,6,2,62643,62643,62645,0,2,3
17885,5,1,62648,62648,62649,0,1,3
17886,6,2,62654,62654,62656,0,2,5
17887,3,2,62657,62657,62659,0,2,1
17888,6,1,62663,62663,62664,0,1,4
17889,2,3,62665,62665,62668,0,3,1
17890,2,2,62667,62668,62670,1,3,0
17891,2,1,62669,62670,62671,1,2,0
17892,5,1,62674,62674,62675,0,1,3
17893,6,2,62680,62680,62682,0,2,5
17894,4,2,62684,62684,62686,0,2,2
17895,2,3,62686,62686,62689,0,3,0
17896,5,3,62691,62691,62694,0,3,2
17897,6,2,62697,62697,62699,0,2,3
17898,6,3,62703,62703,62706,0,3,4
17899,2,1,62705,62706,62707,1,2,0
17900,2,2,62707,62707,62709,0,2,0
17901,6,3,62713,62713,62716,0,3,4
17902,5,3,62718,62718,62721,0,3,2
17903,2,2,62720,62721,62723,1,3,0
17904,6,3,62726,62726,62729,0,3,3
17905,4,2,62730,62730,62732,0,2,1
17906,6,3,62736,62736,62739,0,3,4
17907,2,1,62738,62739,62740,1,2,0
17908,4,2,62742,62742,62744,0,2,2
17909,2,2,62744,62744,62746,0,2,0
17910,5,3,62749,62749,62752,0,3,3
17911,2,3,62751,62752,62755,1,4,0
17912,1,2,62752,62755,62757,3,5,0
17913,3,1,62755,62757,62758,2,3,0
17914,2,3,62757,62758,62761,1,4,0
17915,5,1,62762,62762,62763,0,1,1
17916,6,1,62768,62768,62769,0,1,5
17917,4,1,62772,62772,62773,0,1,3
17918,3,2,62775,62775,62777,0,2,2
17919,4,1,62779,62779,62780,0,1,2
17920,5,2,62784,62784,62786,0,2,4
17921,3,2,62787,62787,62789,0,2,1
17922,2,1,62789,62789,62790,0,1,0
17923,2,1,62791,62791,62792,0,1,1
17924,6,1,62797,62797,62798,0,1,5
17925,5,2,62802,62802,62804,0,2,4
17926,4,3,62806,62806,62809,0,3,2
17927,3,3,62809,62809,62812,0,3,0
17928,2,2,62811,62812,62814,1,3,0
17929,4,3,62815,62815,62818,0,3,1
17930,6,1,62821,62821,62822,0,1,3
17931,4,1,62825,62825,62826,0,1,3
17932,6,1,62831,62831,62832,0,1,5
17933,5,3,62836,62836,62839,0,3,4
17934,6,2,62842,62842,62844,0,2,3
17935,2,3,62844,62844,62847,0,3,0
17936,4,2,62848,62848,62850,0,2,1
17937,4,3,62852,62852,62855,0,3,2
17938,1,3,62853,62855,62858,2,5,0
17939,6,3,62859,62859,62862,0,3,1
17940,5,3,62864,62864,62867,0,3,2
17941,2,1,62866,62867,62868,1,2,0
17942,5,3,62871,62871,62874,0,3,3
17943,2,3,62873,62874,62877,1,4,0
17944,2,2,62875,62877,62879,2,4,0
17945,6,2,62881,62881,62883,0,2,2
17946,3,1,62884,62884,62885,0,1,1
17947,5,1,62889,62889,62890,0,1,4
17948,6,2,62895,62895,62897,0,2,5
17949,1,2,62896,62897,62899,1,3,0
17950,6,3,62902,62902,62905,0,3,3
17951,6,1,62908,62908,62909,0,1,3
17952,1,3,62909,62909,62912,0,3,0
17953,1,2,62910,62912,62914,2,4,0
17954,3,1,62913,62914,62915,1,2,0
17955,2,2,62915,62915,62917,0,2,0
17956,4,3,62919,62919,62922,0,3,2
17957,3,2,62922,62922,62924,0,2,0
17958,1,3,62923,62924,62927,1,4,0
17959,3,3,62926,62927,62930,1,4,0
17960,1,2,62927,62930,62932,3,5,0
17961,4,3,62931,62932,62935,1,4,0
17962,5,2,62936,62936,62938,0,2,1
17963,4,1,62940,62940,62941,0,1,2
17964,2,3,62942,62942,62945,0,3,1
17965,5,2,62947,62947,62949,0,2,2
17966,3,3,62950,62950,62953,0,3,1
17967,4,3,62954,62954,62957,0,3,1
17968,3,3,62957,62957,62960,0,3,0
17969,4,3,62961,62961,62964,0,3,1
17970,2,3,62963,62964,62967,1,4,0
17971,3,3,62966,62967,62970,1,4,0
17972,4,3,62970,62970,62973,0,3,0
17973,6,2,62976,62976,62978,0,2,3
17974,1,1,62977,62978,62979,1,2,0
17975,3,1,62980,62980,62981,0,1,1
17976,5,3,62985,62985,62988,0,3,4
17977,1,1,62986,62988,62989,2,3,0
17978,5,3,62991,62991,62994,0,3,2
17979,4,1,62995,62995,62996,0,1,1
17980,5,3,63000,63000,63003,0,3,4
17981,4,1,63004,63004,63005,0,1,1
17982,2,1,63006,63006,63007,0,1,1
17983,3,3,63009,63009,63012,0,3,2
17984,4,1,63013,63013,63014,0,1,1
17985,4,1,63017,63017,63018,0,1,3
17986,5,3,63022,63022,63025,0,3,4
17987,2,2,63024,63025,63027,1,3,0
17988,5,1,63029,63029,63030,0,1,2
17989,6,3,63035,63035,63038,0,3,5
17990,3,1,63038,63038,63039,0,1,0
17991,1,2,63039,63039,63041,0,2,0
17992,4,3,63043,63043,63046,0,3,2
17993,3,3,63046,63046,63049,0,3,0
17994,3,1,63049,63049,63050,0,1,0
17995,1,2,63050,63050,63052,0,2,0
17996,1,2,63051,63052,63054,1,3,0
17997,6,1,63057,63057,63058,0,1,3
17998,5,1,63062,63062,63063,0,1,4
17999,4,1,63066,63066,63067,0,1,3
18000,5,3,63071,63071,63074,0,3,4
18001,2,1,63073,63074,63075,1,2,0
18002,2,2,63075,63075,63077,0,2,0
18003,2,2,63077,63077,63079,0,2,0
18004,2,2,63079,63079,63081,0,2,0
18005,5,3,63084,63084,63087,0,3,3
18006,5,1,63089,63089,63090,0,1,2
18007,1,1,63090,63090,63091,0,1,0
18008,5,2,63095,63095,63097,0,2,4
18009,1,3,63096,63097,63100,1,4,0
18010,6,2,63102,63102,63104,0,2,2
18011,3,3,63105,63105,63108,0,3,1
18012,4,1,63109,63109,63110,0,1,1
18013,1,3,63110,63110,63113,0,3,0
18014,1,3,63111,63113,63116,2,5,0
18015,3,2,63114,63116,63118,2,4,0
18016,2,3,63116,63118,63121,2,5,0
18017,4,1,63120,63121,63122,1,2,0
18018,2,2,63122,63122,63124,0,2,0
18019,2,2,63124,63124,63126,0,2,0
18020,2,1,63126,63126,63127,0,1,0
18021,4,3,63130,63130,63133,0,3,3
18022,5,1,63135,63135,63136,0,1,2
18023,6,1,63141,63141,63142,0,1,5
18024,4,1,63145,63145,63146,0,1,3
18025,6,3,63151,63151,63154,0,3,5
18026,6,2,63157,63157,63159,0,2,3
18027,1,1,63158,63159,63160,1,2,0
18028,5,2,63163,63163,63165,0,2,3
18029,2,3,63165,63165,63168,0,3,0
18030,6,2,63171,63171,63173,0,2,3
18031,5,3,63176,63176,63179,0,3,3
18032,2,2,63178,63179,63181,1,3,0
18033,1,2,63179,63181,63183,2,4,0
18034,6,3,63185,63185,63188,0,3,2
18035,2,3,63187,63188,63191,1,4,0
18036,3,3,63190,63191,63194,1,4,0
18037,4,2,63194,63194,63196,0,2,0
18038,2,1,63196,63196,63197,0,1,0
18039,5,1,63201,63201,63202,0,1,4
18040,3,1,63204,63204,63205,0,1,2
18041,5,1,63209,63209,63210,0,1,4
18042,5,3,63214,63214,63217,0,3,4
18043,2,3,63216,63217,63220,1,4,0
18044,1,1,63217,63220,63221,3,4,0
18045,5,2,63222,63222,63224,0,2,1
18046,4,1,63226,63226,63227,0,1,2
18047,6,1,63232,63232,63233,0,1,5
18048,5,2,63237,63237,63239,0,2,4
18049,1,3,63238,63239,63242,1,4,0
18050,4,1,63242,63242,63243,0,1,0
18051,5,2,63247,63247,63249,0,2,4
18052,6,3,63253,63253,63256,0,3,4
18053,3,1,63256,63256,63257,0,1,0
18054,6,3,63262,63262,63265,0,3,5
18055,5,1,63267,63267,63268,0,1,2
18056,1,3,63268,63268,63271,0,3,0
18057,1,3,63269,63271,63274,2,5,0
18058,3,2,63272,63274,63276,2,4,0
18059,1,2,63273,63276,63278,3,5,0
18060,2,1,63275,63278,63279,3,4,0
18061,2,3,63277,63279,63282,2,5,0
18062,6,3,63283,63283,63286,0,3,1
18063,4,1,63287,63287,63288,0,1,1
18064,4,2,63291,63291,63293,0,2,3
18065,4,2,63295,63295,63297,0,2,2
18066,2,1,63297,63297,63298,0,1,0
18067,2,3,63299,63299,63302,0,3,1
18068,3,2,63302,63302,63304,0,2,0
18069,5,1,63307,63307,63308,0,1,3
18070,5,1,63312,63312,63313,0,1,4
18071,6,2,63318,63318,63320,0,2,5
18072,3,1,63321,63321,63322,0,1,1
18073,4,1,63325,63325,63326,0,1,3
18074,4,3,63329,63329,63332,0,3,3
18075,3,3,63332,63332,63335,0,3,0
18076,5,3,63337,63337,63340,0,3,2
18077,4,1,63341,63341,63342,0,1,1
18078,5,2,63346,63346,63348,0,2,4
18079,2,2,63348,63348,63350,0,2,0
18080,4,1,63352,63352,63353,0,1,2
18081,6,1,63358,63358,63359,0,1,5
18082,1,1,63359,63359,63360,0,1,0
18083,3,1,63362,63362,63363,0,1,2
18084,6,3,63368,63368,63371,0,3,5
18085,2,1,63370,63371,63372,1,2,0
18086,4,3,63374,63374,63377,0,3,2
18087,1,3,63375,63377,63380,2,5,0
18088,2,1,63377,63380,63381,3,4,0
18089,2,2,63379,63381,63383,2,4,0
18090,5,2,63384,63384,63386,0,2,1
18091,6,3,63390,63390,63393,0,3,4
18092,6,2,63396,63396,63398,0,2,3
18093,2,1,63398,63398,63399,0,1,0
18094,3,3,63401,63401,63404,0,3,2
18095,4,2,63405,63405,63407,0,2,1
18096,6,3,63411,63411,63414,0,3,4
18097,3,3,63414,63414,63417,0,3,0
18098,5,3,63419,63419,63422,0,3,2
18099,6,2,63425,63425,63427,0,2,3
18100,4,3,63429,63429,63432,0,3,2
18101,1,1,63430,63432,63433,2,3,0
18102,3,3,63433,63433,63436,0,3,0
18103,5,1,63438,63438,63439,0,1,2
18104,1,1,63439,63439,63440,0,1,0
18105,2,2,63441,63441,63443,0,2,1
18106,6,3,63447,63447,63450,0,3,4
18107,1,3,63448,63450,63453,2,5,0
18108,2,2,63450,63453,63455,3,5,0
18109,6,1,63456,63456,63457,0,1,1
18110,1,2,63457,63457,63459,0,2,0
18111,1,3,63458,63459,63462,1,4,0
18112,3,1,63461,63462,63463,1,2,0
18113,6,1,63467,63467,63468,0,1,4
18114,2,1,63469,63469,63470,0,1,1
18115,1,1,63470,63470,63471,0,1,0
18116,2,3,63472,63472,63475,0,3,1
18117,5,2,63477,63477,63479,0,2,2
18118,2,2,63479,63479,63481,0,2,0
18119,2,3,63481,63481,63484,0,3,0
18120,3,2,63484,63484,63486,0,2,0
18121,1,1,63485,63486,63487,1,2,0
18122,3,1,63488,63488,63489,0,1,1
18123,4,3,63492,63492,63495,0,3,3
18124,6,3,63498,63498,63501,0,3,3
18125,6,1,63504,63504,63505,0,1,3
18126,5,3,63509,63509,63512,0,3,4
18127,6,3,63515,63515,63518,0,3,3
18128,5,1,63520,63520,63521,0,1,2
18129,6,2,63526,63526,63528,0,2,5
18130,4,3,63530,63530,63533,0,3,2
18131,1,2,63531,63533,63535,2,4,0
18132,1,1,63532,63535,63536,3,4,0
18133,4,3,63536,63536,63539,0,3,0
18134,2,2,63538,63539,63541,1,3,0
18135,6,1,63544,63544,63545,0,1,3
18136,1,1,63545,63545,63546,0,1,0
18137,5,3,63550,63550,63553,0,3,4
18138,3,2,63553,63553,63555,0,2,0
18139,4,2,63557,63557,63559,0,2,2
18140,6,1,63563,63563,63564,0,1,4
18141,6,2,63569,63569,63571,0,2,5
18142,2,3,63571,63571,63574,0,3,0
18143,2,3,63573,63574,63577,1,4,0
18144,4,3,63577,63577,63580,0,3,0
18145,1,2,63578,63580,63582,2,4,0
18146,5,1,63583,63583,63584,0,1,1
18147,3,2,63586,63586,63588,0,2,2
18148,6,2,63592,63592,63594,0,2,4
18149,3,1,63595,63595,63596,0,1,1
18150,4,1,63599,63599,63600,0,1,3
18151,2,1,63601,63601,63602,0,1,1
18152,2,2,63603,63603,63605,0,2,1
18153,4,2,63607,63607,63609,0,2,2
18154,5,1,63612,63612,63613,0,1,3
18155,5,3,63617,63617,63620,0,3,4
18156,2,1,63619,63620,63621,1,2,0
18157,2,3,63621,63621,63624,0,3,0
18158,5,1,63626,63626,63627,0,1,2
18159,1,3,63627,63627,63630,0,3,0
18160,2,1,63629,63630,63631,1,2,0
18161,2,1,63631,63631,63632,0,1,0
18162,6,1,63637,63637,63638,0,1,5
18163,3,1,63640,63640,63641,0,1,2
18164,3,2,63643,63643,63645,0,2,2
18165,6,2,63649,63649,63651,0,2,4
18166,4,3,63653,63653,63656,0,3,2
18167,2,3,63655,63656,63659,1,4,0
18168,4,3,63659,63659,63662,0,3,0
18169,2,2,63661,63662,63664,1,3,0
18170,6,1,63667,63667,63668,0,1,3
18171,3,2,63670,63670,63672,0,2,2
18172,1,3,63671,63672,63675,1,4,0
18173,3,3,63674,63675,63678,1,4,0
18174,4,1,63678,63678,63679,0,1,0
18175,6,1,63684,63684,63685,0,1,5
18176,1,2,63685,63685,63687,0,2,0
18177,4,2,63689,63689,63691,0,2,2
18178,4,2,63693,63693,63695,0,2,2
18179,2,3,63695,63695,63698,0,3,0
18180,2,3,63697,63698,63701,1,4,0
18181,4,3,63701,63701,63704,0,3,0
18182,1,1,63702,63704,63705,2,3,0
18183,2,1,63704,63705,63706,1,2,0
18184,1,2,63705,63706,63708,1,3,0
18185,3,3,63708,63708,63711,0,3,0
18186,6,1,63714,63714,63715,0,1,3
18187,4,1,63718,63718,63719,0,1,3
18188,4,1,63722,63722,63723,0,1,3
18189,2,1,63724,63724,63725,0,1,1
18190,2,1,63726,63726,63727,0,1,1
18191,5,1,63731,63731,63732,0,1,4
18192,3,3,63734,63734,63737,0,3,2
18193,1,1,63735,63737,63738,2,3,0
18194,5,3,63740,63740,63743,0,3,2
18195,6,2,63746,63746,63748,0,2,3
18196,6,1,63752,63752,63753,0,1,4
18197,3,1,63755,63755,63756,0,1,2
18198,6,2,63761,63761,63763,0,2,5
18199,4,1,63765,63765,63766,0,1,2
18200,1,2,63766,63766,63768,0,2,0
18201,2,1,63768,63768,63769,0,1,0
18202,4,2,63772,63772,63774,0,2,3
18203,4,3,63776,63776,63779,0,3,2
18204,1,2,63777,63779,63781,2,4,0
18205,2,1,63779,63781,63782,2,3,0
18206,5,1,63784,63784,63785,0,1,2
18207,6,1,63790,63790,63791,0,1,5
18208,4,2,63794,63794,63796,0,2,3
18209,6,2,63800,63800,63802,0,2,4
18210,5,3,63805,63805,63808,0,3,3
18211,1,1,63806,63808,63809,2,3,0
18212,6,1,63812,63812,63813,0,1,3
18213,6,3,63818,63818,63821,0,3,5
18214,2,3,63820,63821,63824,1,4,0
18215,2,2,63822,63824,63826,2,4,0
18216,3,2,63825,63826,63828,1,3,0
18217,5,3,63830,63830,63833,0,3,2
18218,2,1,63832,63833,63834,1,2,0
18219,1,3,63833,63834,63837,1,4,0
18220,4,1,63837,63837,63838,0,1,0
18221,5,3,63842,63842,63845,0,3,4
18222,3,1,63845,63845,63846,0,1,0
18223,5,3,63850,63850,63853,0,3,4
18224,1,3,63851,63853,63856,2,5,0
18225,6,2,63857,63857,63859,0,2,1
18226,4,1,63861,63861,63862,0,1,2
18227,4,1,63865,63865,63866,0,1,3
18228,6,3,63871,63871,63874,0,3,5
18229,6,3,63877,63877,63880,0,3,3
18230,6,1,63883,63883,63884,0,1,3
18231,2,3,63885,63885,63888,0,3,1
18232,1,3,63886,63888,63891,2,5,0
18233,5,2,63891,63891,63893,0,2,0
18234,5,3,63896,63896,63899,0,3,3
18235,4,3,63900,63900,63903,0,3,1
18236,6,2,63906,63906,63908,0,2,3
18237,3,1,63909,63909,63910,0,1,1
18238,3,2,63912,63912,63914,0,2,2
18239,6,2,63918,63918,63920,0,2,4
18240,4,2,63922,63922,63924,0,2,2
18241,6,3,63928,63928,63931,0,3,4
18242,1,1,63929,63931,63932,2,3,0
18243,5,1,63934,63934,63935,0,1,2
18244,2,3,63936,63936,63939,0,3,1
18245,2,3,63938,63939,63942,1,4,0
18246,2,1,63940,63942,63943,2,3,0
18247,2,3,63942,63943,63946,1,4,0
18248,6,3,63948,63948,63951,0,3,2
18249,5,2,63953,63953,63955,0,2,2
18250,5,2,63958,63958,63960,0,2,3
18251,6,1,63964,63964,63965,0,1,4
18252,6,2,63970,63970,63972,0,2,5
18253,1,3,63971,63972,63975,1,4,0
18254,4,1,63975,63975,63976,0,1,0
18255,5,3,63980,63980,63983,0,3,4
18256,3,1,63983,63983,63984,0,1,0
18257,5,3,63988,63988,63991,0,3,4
18258,4,1,63992,63992,63993,0,1,1
18259,4,3,63996,63996,63999,0,3,3
18260,5,2,64001,64001,64003,0,2,2
18261,3,2,64004,64004,64006,0,2,1
18262,1,3,64005,64006,64009,1,4,0
18263,3,3,64008,64009,64012,1,4,0
18264,6,2,64014,64014,64016,0,2,2
18265,2,2,64016,64016,64018,0,2,0
18266,5,2,64021,64021,64023,0,2,3
18267,1,2,64022,64023,64025,1,3,0
18268,4,1,64026,64026,64027,0,1,1
18269,6,3,64032,64032,64035,0,3,5
18270,1,2,64033,64035,64037,2,4,0
18271,5,3,64038,64038,64041,0,3,1
18272,3,2,64041,64041,64043,0,2,0
18273,4,1,64045,64045,64046,0,1,2
18274,5,2,64050,64050,64052,0,2,4
18275,3,1,64053,64053,64054,0,1,1
18276,6,1,64059,64059,64060,0,1,5
18277,3,3,64062,64062,64065,0,3,2
18278,1,2,64063,64065,64067,2,4,0
18279,6,1,64069,64069,64070,0,1,2
18280,6,3,64075,64075,64078,0,3,5
18281,6,1,64081,64081,64082,0,1,3
18282,1,3,64082,64082,64085,0,3,0
18283,1,2,64083,64085,64087,2,4,0
18284,3,3,64086,64087,64090,1,4,0
18285,6,2,64092,64092,64094,0,2,2
18286,5,1,64097,64097,64098,0,1,3
18287,1,1,64098,64098,64099,0,1,0
18288,3,1,64101,64101,64102,0,1,2
18289,1,1,64102,64102,64103,0,1,0
18290,1,3,64103,64103,64106,0,3,0
18291,6,1,64109,64109,64110,0,1,3
18292,1,3,64110,64110,64113,0,3,0
18293,3,3,64113,64113,64116,0,3,0
18294,2,1,64115,64116,64117,1,2,0
18295,2,2,64117,64117,64119,0,2,0
18296,6,3,64123,64123,64126,0,3,4
18297,1,2,64124,64126,64128,2,4,0
18298,2,1,64126,64128,64129,2,3,0
18299,5,1,64131,64131,64132,0,1,2
18300,2,1,64133,64133,64134,0,1,1
18301,4,1,64137,64137,64138,0,1,3
18302,6,1,64143,64143,64144,0,1,5
18303,5,2,64148,64148,64150,0,2,4
18304,5,3,64153,64153,64156,0,3,3
18305,1,1,64154,64156,64157,2,3,0
18306,1,3,64155,64157,64160,2,5,0
18307,4,1,64159,64160,64161,1,2,0
18308,6,2,64165,64165,64167,0,2,4
18309,2,1,64167,64167,64168,0,1,0
18310,2,1,64169,64169,64170,0,1,1
18311,6,1,64175,64175,64176,0,1,5
18312,6,2,64181,64181,64183,0,2,5
18313,5,3,64186,64186,64189,0,3,3
18314,6,2,64192,64192,64194,0,2,3
18315,5,3,64197,64197,64200,0,3,3
18316,4,1,64201,64201,64202,0,1,1
18317,5,1,64206,64206,64207,0,1,4
18318,3,1,64209,64209,64210,0,1,2
18319,1,1,64210,64210,64211,0,1,0
18320,6,1,64216,64216,64217,0,1,5
18321,5,2,64221,64221,64223,0,2,4
18322,5,1,64226,64226,64227,0,1,3
18323,3,3,64229,64229,64232,0,3,2
18324,1,2,64230,64232,64234,2,4,0
18325,3,1,64233,64234,64235,1,2,0
18326,5,2,64238,64238,64240,0,2,3
18327,3,2,64241,64241,64243,0,2,1
18328,2,3,64243,64243,64246,0,3,0
18329,3,1,64246,64246,64247,0,1,0
18330,1,3,64247,64247,64250,0,3,0
18331,3,3,64250,64250,64253,0,3,0
18332,1,3,64251,64253,64256,2,5,0
18333,4,3,64255,64256,64259,1,4,0
18334,3,1,64258,64259,64260,1,2,0
18335,1,1,64259,64260,64261,1,2,0
18336,3,1,64262,64262,64263,0,1,1
18337,3,1,64265,64265,64266,0,1,2
18338,5,1,64270,64270,64271,0,1,4
18339,1,3,64271,64271,64274,0,3,0
18340,4,3,64275,64275,64278,0,3,1
18341,5,2,64280,64280,64282,0,2,2
18342,1,2,64281,64282,64284,1,3,0
18343,5,3,64286,64286,64289,0,3,2
18344,1,3,64287,64289,64292,2,5,0
18345,1,3,64288,64292,64295,4,7,0
18346,2,2,64290,64295,64297,5,7,0
18347,6,2,64296,64297,64299,1,3,0
18348,3,3,64299,64299,64302,0,3,0
18349,3,1,64302,64302,64303,0,1,0
18350,1,2,64303,64303,64305,0,2,0
18351,6,3,64309,64309,64312,0,3,4
18352,6,3,64315,64315,64318,0,3,3
18353,2,1,64317,64318,64319,1,2,0
18354,2,3,64319,64319,64322,0,3,0
18355,4,1,64323,64323,64324,0,1,1
18356,3,1,64326,64326,64327,0,1,2
18357,4,2,64330,64330,64332,0,2,3
18358,1,1,64331,64332,64333,1,2,0
18359,4,1,64335,64335,64336,0,1,2
18360,2,3,64337,64337,64340,0,3,1
18361,5,1,64342,64342,64343,0,1,2
18362,6,1,64348,64348,64349,0,1,5
18363,1,2,64349,64349,64351,0,2,0
18364,6,2,64355,64355,64357,0,2,4
18365,5,3,64360,64360,64363,0,3,3
18366,6,2,64366,64366,64368,0,2,3
18367,1,3,64367,64368,64371,1,4,0
18368,6,1,64373,64373,64374,0,1,2
18369,3,1,64376,64376,64377,0,1,2
18370,6,2,64382,64382,64384,0,2,5
18371,5,1,64387,64387,64388,0,1,3
18372,5,3,64392,64392,64395,0,3,4
18373,1,2,64393,64395,64397,2,4,0
18374,2,1,64395,64397,64398,2,3,0
18375,3,2,64398,64398,64400,0,2,0
18376,4,1,64402,64402,64403,0,1,2
18377,4,3,64406,64406,64409,0,3,3
18378,5,2,64411,64411,64413,0,2,2
18379,1,1,64412,64413,64414,1,2,0
18380,6,2,64418,64418,64420,0,2,4
18381,3,3,64421,64421,64424,0,3,1
18382,4,3,64425,64425,64428,0,3,1
18383,5,1,64430,64430,64431,0,1,2
18384,1,3,64431,64431,64434,0,3,0
18385,1,3,64432,64434,64437,2,5,0
18386,5,3,64437,64437,64440,0,3,0
18387,6,3,64443,64443,64446,0,3,3
18388,6,2,64449,64449,64451,0,2,3
18389,1,3,64450,64451,64454,1,4,0
18390,4,3,64454,64454,64457,0,3,0
18391,4,1,64458,64458,64459,0,1,1
18392,3,1,64461,64461,64462,0,1,2
18393,4,2,64465,64465,64467,0,2,3
18394,4,3,64469,64469,64472,0,3,2
18395,3,1,64472,64472,64473,0,1,0
18396,5,3,64477,64477,64480,0,3,4
18397,4,3,64481,64481,64484,0,3,1
18398,2,3,64483,64484,64487,1,4,0
18399,3,2,64486,64487,64489,1,3,0
18400,4,1,64490,64490,64491,0,1,1
18401,6,2,64496,64496,64498,0,2,5
18402,5,3,64501,64501,64504,0,3,3
18403,5,2,64506,64506,64508,0,2,2
18404,3,1,64509,64509,64510,0,1,1
18405,2,2,64511,64511,64513,0,2,1
18406,4,1,64515,64515,64516,0,1,2
18407,6,3,64521,64521,64524,0,3,5
18408,2,2,64523,64524,64526,1,3,0
18409,6,3,64529,64529,64532,0,3,3
18410,1,2,64530,64532,64534,2,4,0
18411,4,2,64534,64534,64536,0,2,0
18412,5,1,64539,64539,64540,0,1,3
18413,1,3,64540,64540,64543,0,3,0
18414,1,2,64541,64543,64545,2,4,0
18415,6,1,64547,64547,64548,0,1,2
18416,1,1,64548,64548,64549,0,1,0
18417,6,3,64554,64554,64557,0,3,5
18418,2,2,64556,64557,64559,1,3,0
18419,1,1,64557,64559,64560,2,3,0
18420,3,2,64560,64560,64562,0,2,0
18421,3,3,64563,64563,64566,0,3,1
18422,1,1,64564,64566,64567,2,3,0
18423,1,3,64565,64567,64570,2,5,0
18424,1,1,64566,64570,64571,4,5,0
18425,4,2,64570,64571,64573,1,3,0
18426,2,1,64572,64573,64574,1,2,0
18427,2,3,64574,64574,64577,0,3,0
18428,3,3,64577,64577,64580,0,3,0
18429,1,3,64578,64580,64583,2,5,0
18430,2,2,64580,64583,64585,3,5,0
18431,6,3,64586,64586,64589,0,3,1
18432,1,2,64587,64589,64591,2,4,0
18433,6,2,64593,64593,64595,0,2,2
18434,6,2,64599,64599,64601,0,2,4
18435,4,1,64603,64603,64604,0,1,2
18436,4,1,64607,64607,64608,0,1,3
18437,5,3,64612,64612,64615,0,3,4
18438,2,2,64614,64615,64617,1,3,0
18439,1,1,64615,64617,64618,2,3,0
18440,3,3,64618,64618,64621,0,3,0
18441,5,1,64623,64623,64624,0,1,2
18442,2,3,64625,64625,64628,0,3,1
18443,5,2,64630,64630,64632,0,2,2
18444,2,3,64632,64632,64635,0,3,0
18445,4,3,64636,64636,64639,0,3,1
18446,3,1,64639,64639,64640,0,1,0
18447,4,2,64643,64643,64645,0,2,3
18448,5,1,64648,64648,64649,0,1,3
18449,6,2,64654,64654,64656,0,2,5
18450,4,1,64658,64658,64659,0,1,2
18451,2,1,64660,64660,64661,0,1,1
18452,3,2,64663,64663,64665,0,2,2
18453,4,1,64667,64667,64668,0,1,2
18454,4,1,64671,64671,64672,0,1,3
18455,1,1,64672,64672,64673,0,1,0
18456,6,2,64678,64678,64680,0,2,5
18457,6,2,64684,64684,64686,0,2,4
18458,4,3,64688,64688,64691,0,3,2
18459,5,1,64693,64693,64694,0,1,2
18460,5,3,64698,64698,64701,0,3,4
18461,6,2,64704,64704,64706,0,2,3
18462,1,2,64705,64706,64708,1,3,0
18463,5,3,64710,64710,64713,0,3,2
18464,6,2,64716,64716,64718,0,2,3
18465,5,2,64721,64721,64723,0,2,3
18466,2,1,64723,64723,64724,0,1,0
18467,5,3,64728,64728,64731,0,3,4
18468,4,1,64732,64732,64733,0,1,1
18469,3,1,64735,64735,64736,0,1,2
18470,5,3,64740,64740,64743,0,3,4
18471,3,3,64743,64743,64746,0,3,0
18472,1,3,64744,64746,64749,2,5,0
18473,3,1,64747,64749,64750,2,3,0
18474,6,2,64753,64753,64755,0,2,3
18475,4,2,64757,64757,64759,0,2,2
18476,5,1,64762,64762,64763,0,1,3
18477,4,1,64766,64766,64767,0,1,3
18478,2,3,64768,64768,64771,0,3,1
18479,5,3,64773,64773,64776,0,3,2
18480,4,3,64777,64777,64780,0,3,1
18481,3,3,64780,64780,64783,0,3,0
18482,5,1,64785,64785,64786,0,1,2
18483,4,3,64789,64789,64792,0,3,3
18484,2,3,64791,64792,64795,1,4,0
18485,4,1,64795,64795,64796,0,1,0
18486,1,1,64796,64796,64797,0,1,0
18487,6,3,64802,64802,64805,0,3,5
18488,3,3,64805,64805,64808,0,3,0
18489,6,3,64811,64811,64814,0,3,3
18490,5,3,64816,64816,64819,0,3,2
18491,6,2,64822,64822,64824,0,2,3
18492,4,2,64826,64826,64828,0,2,2
18493,4,2,64830,64830,64832,0,2,2
18494,2,2,64832,64832,64834,0,2,0
18495,1,2,64833,64834,64836,1,3,0
18496,3,1,64836,64836,64837,0,1,0
18497,5,2,64841,64841,64843,0,2,4
18498,2,2,64843,64843,64845,0,2,0
18499,1,1,64844,64845,64846,1,2,0
18500,6,2,64850,64850,64852,0,2,4
18501,1,2,64851,64852,64854,1,3,0
18502,1,1,64852,64854,64855,2,3,0
18503,5,3,64857,64857,64860,0,3,2
18504,5,3,64862,64862,64865,0,3,2
18505,3,1,64865,64865,64866,0,1,0
18506,4,2,64869,64869,64871,0,2,3
18507,4,2,64873,64873,64875,0,2,2
18508,6,3,64879,64879,64882,0,3,4
18509,4,3,64883,64883,64886,0,3,1
18510,2,3,64885,64886,64889,1,4,0
18511,1,3,64886,64889,64892,3,6,0
18512,4,1,64890,64892,64893,2,3,0
18513,3,3,64893,64893,64896,0,3,0
18514,4,1,64897,64897,64898,0,1,1
18515,2,2,64899,64899,64901,0,2,1
18516,1,1,64900,64901,64902,1,2,0
18517,4,2,64904,64904,64906,0,2,2
18518,3,2,64907,64907,64909,0,2,1
18519,3,1,64910,64910,64911,0,1,1
18520,3,2,64913,64913,64915,0,2,2
18521,6,1,64919,64919,64920,0,1,4
18522,2,1,64921,64921,64922,0,1,1
18523,5,2,64926,64926,64928,0,2,4
18524,4,1,64930,64930,64931,0,1,2
18525,5,1,64935,64935,64936,0,1,4
18526,5,2,64940,64940,64942,0,2,4
18527,3,1,64943,64943,64944,0,1,1
18528,2,2,64945,64945,64947,0,2,1
18529,2,2,64947,64947,64949,0,2,0
18530,1,3,64948,64949,64952,1,4,0
18531,4,1,64952,64952,64953,0,1,0
18532,3,3,64955,64955,64958,0,3,2
18533,1,3,64956,64958,64961,2,5,0
18534,2,1,64958,64961,64962,3,4,0
18535,6,3,64964,64964,64967,0,3,2
18536,5,1,64969,64969,64970,0,1,2
18537,4,2,64973,64973,64975,0,2,3
18538,2,1,64975,64975,64976,0,1,0
18539,3,2,64978,64978,64980,0,2,2
18540,2,3,64980,64980,64983,0,3,0
18541,6,1,64986,64986,64987,0,1,3
18542,2,3,64988,64988,64991,0,3,1
18543,2,2,64990,64991,64993,1,3,0
18544,2,3,64992,64993,64996,1,4,0
18545,1,2,64993,64996,64998,3,5,0
18546,6,3,64999,64999,65002,0,3,1
18547,1,2,65000,65002,65004,2,4,0
18548,4,1,65004,65004,65005,0,1,0
18549,2,1,65006,65006,65007,0,1,1
18550,6,1,65012,65012,65013,0,1,5
18551,6,1,65018,65018,65019,0,1,5
18552,5,3,65023,65023,65026,0,3,4
18553,1,3,65024,65026,65029,2,5,0
18554,2,3,65026,65029,65032,3,6,0
18555,2,1,65028,65032,65033,4,5,0
18556,3,1,65031,65033,65034,2,3,0
18557,2,1,65033,65034,65035,1,2,0
18558,1,2,65034,65035,65037,1,3,0
18559,1,2,65035,65037,65039,2,4,0
18560,1,1,65036,65039,65040,3,4,0
18561,3,1,65039,65040,65041,1,2,0
18562,4,1,65043,65043,65044,0,1,2
18563,1,1,65044,65044,65045,0,1,0
18564,5,2,65049,65049,65051,0,2,4
18565,3,2,65052,65052,65054,0,2,1
18566,1,3,65053,65054,65057,1,4,0
18567,5,1,65058,65058,65059,0,1,1
18568,2,1,65060,65060,65061,0,1,1
18569,1,1,65061,65061,65062,0,1,0
18570,1,1,65062,65062,65063,0,1,0
18571,5,2,65067,65067,65069,0,2,4
18572,6,1,65073,65073,65074,0,1,4
18573,2,1,65075,65075,65076,0,1,1
18574,4,3,65079,65079,65082,0,3,3
18575,4,1,65083,65083,65084,0,1,1
18576,6,3,65089,65089,65092,0,3,5
18577,6,3,65095,65095,65098,0,3,3
18578,1,3,65096,65098,65101,2,5,0
18579,2,1,65098,65101,65102,3,4,0
18580,3,1,65101,65102,65103,1,2,0
18581,2,2,65103,65103,65105,0,2,0
18582,2,2,65105,65105,65107,0,2,0
18583,3,1,65108,65108,65109,0,1,1
18584,1,2,65109,65109,65111,0,2,0
18585,4,3,65113,65113,65116,0,3,2
18586,1,1,65114,65116,65117,2,3,0
18587,3,1,65117,65117,65118,0,1,0
18588,6,2,65123,65123,65125,0,2,5
18589,2,3,65125,65125,65128,0,3,0
18590,3,2,65128,65128,65130,0,2,0
18591,4,1,65132,65132,65133,0,1,2
18592,2,2,65134,65134,65136,0,2,1
18593,3,3,65137,65137,65140,0,3,1
18594,5,2,65142,65142,65144,0,2,2
18595,2,3,65144,65144,65147,0,3,0
18596,4,2,65148,65148,65150,0,2,1
18597,6,2,65154,65154,65156,0,2,4
18598,6,2,65160,65160,65162,0,2,4
18599,4,3,65164,65164,65167,0,3,2
18600,6,3,65170,65170,65173,0,3,3
18601,1,2,65171,65173,65175,2,4,0
18602,2,1,65173,65175,65176,2,3,0
18603,4,3,65177,65177,65180,0,3,1
18604,6,3,65183,65183,65186,0,3,3
18605,1,3,65184,65186,65189,2,5,0
18606,5,3,65189,65189,65192,0,3,0
18607,2,3,65191,65192,65195,1,4,0
18608,3,1,65194,65195,65196,1,2,0
18609,2,1,65196,65196,65197,0,1,0
18610,3,2,65199,65199,65201,0,2,2
18611,4,2,65203,65203,65205,0,2,2
18612,3,1,65206,65206,65207,0,1,1
18613,3,2,65209,65209,65211,0,2,2
18614,5,2,65214,65214,65216,0,2,3
18615,5,1,65219,65219,65220,0,1,3
18616,4,2,65223,65223,65225,0,2,3
18617,3,3,65226,65226,65229,0,3,1
18618,1,3,65227,65229,65232,2,5,0
18619,1,2,65228,65232,65234,4,6,0
18620,1,2,65229,65234,65236,5,7,0
18621,1,3,65230,65236,65239,6,9,0
18622,6,3,65236,65239,65242,3,6,0
18623,1,2,65237,65242,65244,5,7,0
18624,5,3,65242,65244,65247,2,5,0
18625,5,1,65247,65247,65248,0,1,0
18626,6,1,65253,65253,65254,0,1,5
18627,4,1,65257,65257,65258,0,1,3
18628,2,2,65259,65259,65261,0,2,1
18629,6,1,65265,65265,65266,0,1,4
18630,4,1,65269,65269,65270,0,1,3
18631,2,2,65271,65271,65273,0,2,1
18632,4,2,65275,65275,65277,0,2,2
18633,2,2,65277,65277,65279,0,2,0
18634,1,3,65278,65279,65282,1,4,0
18635,4,3,65282,65282,65285,0,3,0
18636,5,1,65287,65287,65288,0,1,2
18637,1,1,65288,65288,65289,0,1,0
18638,1,2,65289,65289,65291,0,2,0
18639,2,1,65291,65291,65292,0,1,0
18640,5,2,65296,65296,65298,0,2,4
18641,2,1,65298,65298,65299,0,1,0
18642,4,3,65302,65302,65305,0,3,3
18643,3,3,65305,65305,65308,0,3,0
18644,3,3,65308,65308,65311,0,3,0
18645,4,1,65312,65312,65313,0,1,1
18646,2,1,65314,65314,65315,0,1,1
18647,6,2,65320,65320,65322,0,2,5
18648,3,3,65323,65323,65326,0,3,1
18649,1,1,65324,65326,65327,2,3,0
18650,1,1,65325,65327,65328,2,3,0
18651,4,2,65329,65329,65331,0,2,1
18652,6,1,65335,65335,65336,0,1,4
18653,4,3,65339,65339,65342,0,3,3
18654,1,1,65340,65342,65343,2,3,0
18655,3,3,65343,65343,65346,0,3,0
18656,3,2,65346,65346,65348,0,2,0
18657,2,3,65348,65348,65351,0,3,0
18658,1,3,65349,65351,65354,2,5,0
18659,3,1,65352,65354,65355,2,3,0
18660,2,3,65354,65355,65358,1,4,0
18661,6,2,65360,65360,65362,0,2,2
18662,6,1,65366,65366,65367,0,1,4
18663,5,3,65371,65371,65374,0,3,4
18664,6,1,65377,65377,65378,0,1,3
18665,3,1,65380,65380,65381,0,1,2
18666,2,1,65382,65382,65383,0,1,1
18667,2,3,65384,65384,65387,0,3,1
18668,1,2,65385,65387,65389,2,4,0
18669,5,1,65390,65390,65391,0,1,1
18670,5,2,65395,65395,65397,0,2,4
18671,4,2,65399,65399,65401,0,2,2
18672,6,1,65405,65405,65406,0,1,4
18673,2,2,65407,65407,65409,0,2,1
18674,3,3,65410,65410,65413,0,3,1
18675,1,3,65411,65413,65416,2,5,0
18676,2,3,65413,65416,65419,3,6,0
18677,5,1,65418,65419,65420,1,2,0
18678,6,3,65424,65424,65427,0,3,4
18679,2,1,65426,65427,65428,1,2,0
18680,4,3,65430,65430,65433,0,3,2
18681,5,3,65435,65435,65438,0,3,2
18682,1,3,65436,65438,65441,2,5,0
18683,6,3,65442,65442,65445,0,3,1
18684,2,1,65444,65445,65446,1,2,0
18685,6,1,65450,65450,65451,0,1,4
18686,1,2,65451,65451,65453,0,2,0
18687,3,2,65454,65454,65456,0,2,1
18688,4,2,65458,65458,65460,0,2,2
18689,4,3,65462,65462,65465,0,3,2
18690,5,3,65467,65467,65470,0,3,2
18691,5,1,65472,65472,65473,0,1,2
18692,6,3,65478,65478,65481,0,3,5
18693,5,2,65483,65483,65485,0,2,2
18694,3,3,65486,65486,65489,0,3,1
18695,1,2,65487,65489,65491,2,4,0
18696,4,2,65491,65491,65493,0,2,0
18697,1,3,65492,65493,65496,1,4,0
18698,6,1,65498,65498,65499,0,1,2
18699,4,2,65502,65502,65504,0,2,3
18700,2,1,65504,65504,65505,0,1,0
18701,3,1,65507,65507,65508,0,1,2
18702,5,2,65512,65512,65514,0,2,4
18703,2,3,65514,65514,65517,0,3,0
18704,4,1,65518,65518,65519,0,1,1
18705,2,2,65520,65520,65522,0,2,1
18706,2,1,65522,65522,65523,0,1,0
18707,1,3,65523,65523,65526,0,3,0
18708,6,1,65529,65529,65530,0,1,3
18709,5,3,65534,65534,65537,0,3,4
18710,4,3,65538,65538,65541,0,3,1
18711,5,3,65543,65543,65546,0,3,2
18712,5,2,65548,65548,65550,0,2,2
18713,3,2,65551,65551,65553,0,2,1
18714,4,1,65555,65555,65556,0,1,2
18715,5,1,65560,65560,65561,0,1,4
18716,3,2,65563,65563,65565,0,2,2
18717,3,3,65566,65566,65569,0,3,1
18718,4,1,65570,65570,65571,0,1,1
18719,4,2,65574,65574,65576,0,2,3
18720,6,1,65580,65580,65581,0,1,4
18721,2,3,65582,65582,65585,0,3,1
18722,4,3,65586,65586,65589,0,3,1
18723,2,3,65588,65589,65592,1,4,0
18724,5,1,65593,65593,65594,0,1,1
18725,4,2,65597,65597,65599,0,2,3
18726,2,2,65599,65599,65601,0,2,0
18727,6,2,65605,65605,65607,0,2,4
18728,4,1,65609,65609,65610,0,1,2
18729,6,1,65615,65615,65616,0,1,5
18730,5,1,65620,65620,65621,0,1,4
18731,5,3,65625,65625,65628,0,3,4
18732,3,3,65628,65628,65631,0,3,0
18733,1,1,65629,65631,65632,2,3,0
18734,5,1,65634,65634,65635,0,1,2
18735,3,2,65637,65637,65639,0,2,2
18736,2,2,65639,65639,65641,0,2,0
18737,2,2,65641,65641,65643,0,2,0
18738,2,1,65643,65643,65644,0,1,0
18739,6,2,65649,65649,65651,0,2,5
18740,2,2,65651,65651,65653,0,2,0
18741,1,3,65652,65653,65656,1,4,0
18742,5,1,65657,65657,65658,0,1,1
18743,6,3,65663,65663,65666,0,3,5
18744,2,2,65665,65666,65668,1,3,0
18745,3,2,65668,65668,65670,0,2,0
18746,5,3,65673,65673,65676,0,3,3
18747,2,1,65675,65676,65677,1,2,0
18748,6,1,65681,65681,65682,0,1,4
18749,1,3,65682,65682,65685,0,3,0
18750,4,3,65686,65686,65689,0,3,1
18751,2,1,65688,65689,65690,1,2,0
18752,4,3,65692,65692,65695,0,3,2
18753,4,1,65696,65696,65697,0,1,1
18754,4,3,65700,65700,65703,0,3,3
18755,4,3,65704,65704,65707,0,3,1
18756,2,1,65706,65707,65708,1,2,0
18757,2,2,65708,65708,65710,0,2,0
18758,6,2,65714,65714,65716,0,2,4
18759,6,2,65720,65720,65722,0,2,4
18760,1,2,65721,65722,65724,1,3,0
18761,2,2,65723,65724,65726,1,3,0
18762,2,2,65725,65726,65728,1,3,0
18763,1,1,65726,65728,65729,2,3,0
18764,3,3,65729,65729,65732,0,3,0
18765,3,1,65732,65732,65733,0,1,0
18766,4,3,65736,65736,65739,0,3,3
18767,4,2,65740,65740,65742,0,2,1
18768,1,1,65741,65742,65743,1,2,0
18769,1,2,65742,65743,65745,1,3,0
18770,2,2,65744,65745,65747,1,3,0
18771,6,2,65750,65750,65752,0,2,3
18772,5,1,65755,65755,65756,0,1,3
18773,5,3,65760,65760,65763,0,3,4
18774,5,2,65765,65765,65767,0,2,2
18775,3,1,65768,65768,65769,0,1,1
18776,2,3,65770,65770,65773,0,3,1
18777,1,1,65771,65773,65774,2,3,0
18778,5,1,65776,65776,65777,0,1,2
18779,4,2,65780,65780,65782,0,2,3
18780,4,3,65784,65784,65787,0,3,2
18781,5,2,65789,65789,65791,0,2,2
18782,3,2,65792,65792,65794,0,2,1
18783,4,3,65796,65796,65799,0,3,2
18784,5,3,65801,65801,65804,0,3,2
18785,3,1,65804,65804,65805,0,1,0
18786,2,1,65806,65806,65807,0,1,1
18787,3,1,65809,65809,65810,0,1,2
18788,5,2,65814,65814,65816,0,2,4
18789,2,3,65816,65816,65819,0,3,0
18790,3,3,65819,65819,65822,0,3,0
18791,3,2,65822,65822,65824,0,2,0
18792,6,2,65828,65828,65830,0,2,4
18793,3,2,65831,65831,65833,0,2,1
18794,6,2,65837,65837,65839,0,2,4
18795,4,3,65841,65841,65844,0,3,2
18796,3,2,65844,65844,65846,0,2,0
18797,4,1,65848,65848,65849,0,1,2
18798,4,2,65852,65852,65854,0,2,3
18799,6,3,65858,65858,65861,0,3,4
18800,2,2,65860,65861,65863,1,3,0
18801,1,3,65861,65863,65866,2,5,0
18802,5,1,65866,65866,65867,0,1,0
18803,6,2,65872,65872,65874,0,2,5
18804,4,3,65876,65876,65879,0,3,2
18805,6,1,65882,65882,65883,0,1,3
18806,5,2,65887,65887,65889,0,2,4
18807,1,3,65888,65889,65892,1,4,0
18808,3,2,65891,65892,65894,1,3,0
18809,5,1,65896,65896,65897,0,1,2
18810,3,3,65899,65899,65902,0,3,2
18811,6,3,65905,65905,65908,0,3,3
18812,5,2,65910,65910,65912,0,2,2
18813,4,3,65914,65914,65917,0,3,2
18814,4,1,65918,65918,65919,0,1,1
18815,6,3,65924,65924,65927,0,3,5
18816,3,2,65927,65927,65929,0,2,0
18817,1,2,65928,65929,65931,1,3,0
18818,2,3,65930,65931,65934,1,4,0
18819,1,2,65931,65934,65936,3,5,0
18820,6,2,65937,65937,65939,0,2,1
18821,5,3,65942,65942,65945,0,3,3
18822,6,3,65948,65948,65951,0,3,3
18823,5,1,65953,65953,65954,0,1,2
18824,4,1,65957,65957,65958,0,1,3
18825,5,2,65962,65962,65964,0,2,4
18826,5,2,65967,65967,65969,0,2,3
18827,1,1,65968,65969,65970,1,2,0
18828,6,2,65974,65974,65976,0,2,4
18829,5,2,65979,65979,65981,0,2,3
18830,3,2,65982,65982,65984,0,2,1
18831,1,1,65983,65984,65985,1,2,0
18832,2,1,65985,65985,65986,0,1,0
18833,5,3,65990,65990,65993,0,3,4
18834,2,3,65992,65993,65996,1,4,0
18835,1,1,65993,65996,65997,3,4,0
18836,1,2,65994,65997,65999,3,5,0
18837,2,3,65996,65999,66002,3,6,0
18838,6,1,66002,66002,66003,0,1,0
18839,6,2,66008,66008,66010,0,2,5
18840,5,1,66013,66013,66014,0,1,3
18841,1,2,66014,66014,66016,0,2,0
18842,4,1,66018,66018,66019,0,1,2
18843,6,2,66024,66024,66026,0,2,5
18844,2,1,66026,66026,66027,0,1,0
18845,4,2,66030,66030,66032,0,2,3
18846,4,3,66034,66034,66037,0,3,2
18847,3,1,66037,66037,66038,0,1,0
18848,6,2,66043,66043,66045,0,2,5
18849,4,1,66047,66047,66048,0,1,2
18850,1,1,66048,66048,66049,0,1,0
18851,5,2,66053,66053,66055,0,2,4
18852,3,1,66056,66056,66057,0,1,1
18853,3,3,66059,66059,66062,0,3,2
18854,2,1,66061,66062,66063,1,2,0
18855,2,1,66063,66063,66064,0,1,0
18856,6,3,66069,66069,66072,0,3,5
18857,5,2,66074,66074,66076,0,2,2
18858,1,2,66075,66076,66078,1,3,0
18859,3,2,66078,66078,66080,0,2,0
18860,4,2,66082,66082,66084,0,2,2
18861,2,1,66084,66084,66085,0,1,0
18862,6,2,66090,66090,66092,0,2,5
18863,2,1,66092,66092,66093,0,1,0
18864,4,3,66096,66096,66099,0,3,3
18865,2,2,66098,66099,66101,1,3,0
18866,3,1,66101,66101,66102,0,1,0
18867,4,1,66105,66105,66106,0,1,3
18868,4,3,66109,66109,66112,0,3,3
18869,5,1,66114,66114,66115,0,1,2
18870,2,3,66116,66116,66119,0,3,1
18871,6,2,66122,66122,66124,0,2,3
18872,5,1,66127,66127,66128,0,1,3
18873,3,2,66130,66130,66132,0,2,2
18874,3,1,66133,66133,66134,0,1,1
18875,5,3,66138,66138,66141,0,3,4
18876,1,3,66139,66141,66144,2,5,0
18877,5,1,66144,66144,66145,0,1,0
18878,1,3,66145,66145,66148,0,3,0
18879,3,1,66148,66148,66149,0,1,0
18880,5,2,66153,66153,66155,0,2,4
18881,2,3,66155,66155,66158,0,3,0
18882,1,2,66156,66158,66160,2,4,0
18883,4,1,66160,66160,66161,0,1,0
18884,3,1,66163,66163,66164,0,1,2
18885,5,2,66168,66168,66170,0,2,4
18886,6,1,66174,66174,66175,0,1,4
18887,3,1,66177,66177,66178,0,1,2
18888,2,2,66179,66179,66181,0,2,1
18889,2,2,66181,66181,66183,0,2,0
18890,5,1,66186,66186,66187,0,1,3
18891,1,3,66187,66187,66190,0,3,0
18892,1,3,66188,66190,66193,2,5,0
18893,4,2,66192,66193,66195,1,3,0
18894,2,1,66194,66195,66196,1,2,0
18895,4,1,66198,66198,66199,0,1,2
18896,2,2,66200,66200,66202,0,2,1
18897,6,2,66206,66206,66208,0,2,4
18898,6,1,66212,66212,66213,0,1,4
18899,5,3,66217,66217,66220,0,3,4
18900,4,1,66221,66221,66222,0,1,1
18901,3,1,66224,66224,66225,0,1,2
18902,6,1,66230,66230,66231,0,1,5
18903,1,1,66231,66231,66232,0,1,0
18904,3,3,66234,66234,66237,0,3,2
18905,2,3,66236,66237,66240,1,4,0
18906,1,1,66237,66240,66241,3,4,0
18907,1,2,66238,66241,66243,3,5,0
18908,6,3,66244,66244,66247,0,3,1
18909,4,1,66248,66248,66249,0,1,1
18910,6,2,66254,66254,66256,0,2,5
18911,3,1,66257,66257,66258,0,1,1
18912,3,2,66260,66260,66262,0,2,2
18913,4,1,66264,66264,66265,0,1,2
18914,1,1,66265,66265,66266,0,1,0
18915,4,3,66269,66269,66272,0,3,3
18916,3,2,66272,66272,66274,0,2,0
18917,4,2,66276,66276,66278,0,2,2
18918,2,3,66278,66278,66281,0,3,0
18919,1,3,66279,66281,66284,2,5,0
18920,3,3,66282,66284,66287,2,5,0
18921,5,3,66287,66287,66290,0,3,0
18922,1,3,66288,66290,66293,2,5,0
18923,5,2,66293,66293,66295,0,2,0
18924,3,1,66296,66296,66297,0,1,1
18925,6,1,66302,66302,66303,0,1,5
18926,4,3,66306,66306,66309,0,3,3
18927,4,1,66310,66310,66311,0,1,1
18928,1,3,66311,66311,66314,0,3,0
18929,5,1,66316,66316,66317,0,1,2
18930,2,2,66318,66318,66320,0,2,1
18931,5,3,66323,66323,66326,0,3,3
18932,6,1,66329,66329,66330,0,1,3
18933,4,2,66333,66333,66335,0,2,3
18934,3,3,66336,66336,66339,0,3,1
18935,3,3,66339,66339,66342,0,3,0
18936,5,2,66344,66344,66346,0,2,2
18937,5,1,66349,66349,66350,0,1,3
18938,2,3,66351,66351,66354,0,3,1
18939,4,2,66355,66355,66357,0,2,1
18940,1,3,66356,66357,66360,1,4,0
18941,5,3,66361,66361,66364,0,3,1
18942,4,1,66365,66365,66366,0,1,1
18943,1,2,66366,66366,66368,0,2,0
18944,5,2,66371,66371,66373,0,2,3
18945,4,3,66375,66375,66378,0,3,2
18946,6,2,66381,66381,66383,0,2,3
18947,3,3,66384,66384,66387,0,3,1
18948,1,1,66385,66387,66388,2,3,0
18949,3,1,66388,66388,66389,0,1,0
18950,5,3,66393,66393,66396,0,3,4
18951,1,3,66394,66396,66399,2,5,0
18952,1,2,66395,66399,66401,4,6,0
18953,5,2,66400,66401,66403,1,3,0
18954,6,2,66406,66406,66408,0,2,3
18955,3,3,66409,66409,66412,0,3,1
18956,2,1,66411,66412,66413,1,2,0
18957,2,2,66413,66413,66415,0,2,0
18958,6,2,66419,66419,66421,0,2,4
18959,6,3,66425,66425,66428,0,3,4
18960,1,2,66426,66428,66430,2,4,0
18961,3,2,66429,66430,66432,1,3,0
18962,3,2,66432,66432,66434,0,2,0
18963,3,1,66435,66435,66436,0,1,1
18964,2,3,66437,66437,66440,0,3,1
18965,5,1,66442,66442,66443,0,1,2
18966,5,1,66447,66447,66448,0,1,4
18967,4,1,66451,66451,66452,0,1,3
18968,5,2,66456,66456,66458,0,2,4
18969,5,1,66461,66461,66462,0,1,3
18970,5,3,66466,66466,66469,0,3,4
18971,2,3,66468,66469,66472,1,4,0
18972,5,3,66473,66473,66476,0,3,1
18973,3,2,66476,66476,66478,0,2,0
18974,5,2,66481,66481,66483,0,2,3
18975,4,1,66485,66485,66486,0,1,2
18976,3,3,66488,66488,66491,0,3,2
18977,2,2,66490,66491,66493,1,3,0
18978,4,2,66494,66494,66496,0,2,1
18979,2,1,66496,66496,66497,0,1,0
18980,4,3,66500,66500,66503,0,3,3
18981,3,2,66503,66503,66505,0,2,0
18982,4,1,66507,66507,66508,0,1,2
18983,4,1,66511,66511,66512,0,1,3
18984,4,1,66515,66515,66516,0,1,3
18985,5,2,66520,66520,66522,0,2,4
18986,1,2,66521,66522,66524,1,3,0
18987,2,1,66523,66524,66525,1,2,0
18988,5,3,66528,66528,66531,0,3,3
18989,6,3,66534,66534,66537,0,3,3
18990,5,2,66539,66539,66541,0,2,2
18991,4,1,66543,66543,66544,0,1,2
18992,6,3,66549,66549,66552,0,3,5
18993,1,1,66550,66552,66553,2,3,0
18994,4,2,66554,66554,66556,0,2,1
18995,5,3,66559,66559,66562,0,3,3
18996,6,1,66565,66565,66566,0,1,3
18997,5,2,66570,66570,66572,0,2,4
18998,1,2,66571,66572,66574,1,3,0
18999,5,1,66576,66576,66577,0,1,2
19000,3,2,66579,66579,66581,0,2,2
19001,6,1,66585,66585,66586,0,1,4
19002,1,3,66586,66586,66589,0,3,0
19003,3,2,66589,66589,66591,0,2,0
19004,3,1,66592,66592,66593,0,1,1
19005,2,2,66594,66594,66596,0,2,1
19006,5,2,66599,66599,66601,0,2,3
19007,3,1,66602,66602,66603,0,1,1
19008,6,1,66608,66608,66609,0,1,5
19009,3,3,66611,66611,66614,0,3,2
19010,1,3,66612,66614,66617,2,5,0
19011,2,2,66614,66617,66619,3,5,0
19012,6,3,66620,66620,66623,0,3,1
19013,5,3,66625,66625,66628,0,3,2
19014,6,2,66631,66631,66633,0,2,3
19015,5,1,66636,66636,66637,0,1,3
19016,2,2,66638,66638,66640,0,2,1
19017,6,2,66644,66644,66646,0,2,4
19018,6,1,66650,66650,66651,0,1,4
19019,1,1,66651,66651,66652,0,1,0
19020,4,1,66655,66655,66656,0,1,3
19021,4,2,66659,66659,66661,0,2,3
19022,2,3,66661,66661,66664,0,3,0
19023,6,1,66667,66667,66668,0,1,3
19024,2,2,66669,66669,66671,0,2,1
19025,1,1,66670,66671,66672,1,2,0
19026,2,3,66672,66672,66675,0,3,0
19027,3,1,66675,66675,66676,0,1,0
19028,4,3,66679,66679,66682,0,3,3
19029,4,1,66683,66683,66684,0,1,1
19030,2,1,66685,66685,66686,0,1,1
19031,6,3,66691,66691,66694,0,3,5
19032,4,1,66695,66695,66696,0,1,1
19033,6,1,66701,66701,66702,0,1,5
19034,4,3,66705,66705,66708,0,3,3
19035,1,2,66706,66708,66710,2,4,0
19036,6,2,66712,66712,66714,0,2,2
19037,1,3,66713,66714,66717,1,4,0
19038,3,2,66716,66717,66719,1,3,0
19039,5,2,66721,66721,66723,0,2,2
19040,6,3,66727,66727,66730,0,3,4
19041,2,1,66729,66730,66731,1,2,0
19042,1,1,66730,66731,66732,1,2,0
19043,3,1,66733,66733,66734,0,1,1
19044,4,1,66737,66737,66738,0,1,3
19045,5,3,66742,66742,66745,0,3,4
19046,2,1,66744,66745,66746,1,2,0
19047,3,1,66747,66747,66748,0,1,1
19048,5,2,66752,66752,66754,0,2,4
19049,3,2,66755,66755,66757,0,2,1
19050,6,3,66761,66761,66764,0,3,4
19051,5,3,66766,66766,66769,0,3,2
19052,2,1,66768,66769,66770,1,2,0
19053,4,3,66772,66772,66775,0,3,2
19054,1,1,66773,66775,66776,2,3,0
19055,5,2,66778,66778,66780,0,2,2
19056,3,1,66781,66781,66782,0,1,1
19057,2,1,66783,66783,66784,0,1,1
19058,5,2,66788,66788,66790,0,2,4
19059,3,3,66791,66791,66794,0,3,1
19060,1,2,66792,66794,66796,2,4,0
19061,5,1,66797,66797,66798,0,1,1
19062,2,1,66799,66799,66800,0,1,1
19063,5,1,66804,66804,66805,0,1,4
19064,5,1,66809,66809,66810,0,1,4
19065,6,1,66815,66815,66816,0,1,5
19066,5,3,66820,66820,66823,0,3,4
19067,2,3,66822,66823,66826,1,4,0
19068,6,2,66828,66828,66830,0,2,2
19069,1,3,66829,66830,66833,1,4,0
19070,6,1,66835,66835,66836,0,1,2
19071,1,1,66836,66836,66837,0,1,0
19072,6,2,66842,66842,66844,0,2,5
19073,5,3,66847,66847,66850,0,3,3
19074,6,1,66853,66853,66854,0,1,3
19075,3,1,66856,66856,66857,0,1,2
19076,5,1,66861,66861,66862,0,1,4
19077,2,2,66863,66863,66865,0,2,1
19078,2,3,66865,66865,66868,0,3,0
19079,5,2,66870,66870,66872,0,2,2
19080,3,2,66873,66873,66875,0,2,1
19081,6,3,66879,66879,66882,0,3,4
19082,6,3,66885,66885,66888,0,3,3
19083,4,1,66889,66889,66890,0,1,1
19084,4,2,66893,66893,66895,0,2,3
19085,2,2,66895,66895,66897,0,2,0
19086,6,2,66901,66901,66903,0,2,4
19087,4,1,66905,66905,66906,0,1,2
19088,2,3,66907,66907,66910,0,3,1
19089,3,3,66910,66910,66913,0,3,0
19090,2,1,66912,66913,66914,1,2,0
19091,5,1,66917,66917,66918,0,1,3
19092,6,3,66923,66923,66926,0,3,5
19093,1,2,66924,66926,66928,2,4,0
19094,4,2,66928,66928,66930,0,2,0
19095,6,3,66934,66934,66937,0,3,4
19096,6,2,66940,66940,66942,0,2,3
19097,2,2,66942,66942,66944,0,2,0
19098,4,1,66946,66946,66947,0,1,2
19099,4,2,66950,66950,66952,0,2,3
19100,1,1,66951,66952,66953,1,2,0
19101,1,1,66952,66953,66954,1,2,0
19102,2,1,66954,66954,66955,0,1,0
19103,6,3,66960,66960,66963,0,3,5
19104,3,3,66963,66963,66966,0,3,0
19105,1,2,66964,66966,66968,2,4,0
19106,5,3,66969,66969,66972,0,3,1
19107,5,1,66974,66974,66975,0,1,2
19108,4,2,66978,66978,66980,0,2,3
19109,4,3,66982,66982,66985,0,3,2
19110,2,3,66984,66985,66988,1,4,0
19111,2,3,66986,66988,66991,2,5,0
19112,5,1,66991,66991,66992,0,1,0
19113,2,3,66993,66993,66996,0,3,1
19114,2,1,66995,66996,66997,1,2,0
19115,4,2,66999,66999,67001,0,2,2
19116,5,1,67004,67004,67005,0,1,3
19117,3,2,67007,67007,67009,0,2,2
19118,6,2,67013,67013,67015,0,2,4
19119,1,3,67014,67015,67018,1,4,0
19120,2,1,67016,67018,67019,2,3,0
19121,5,2,67021,67021,67023,0,2,2
19122,5,3,67026,67026,67029,0,3,3
19123,1,1,67027,67029,67030,2,3,0
19124,5,1,67032,67032,67033,0,1,2
19125,3,2,67035,67035,67037,0,2,2
19126,5,1,67040,67040,67041,0,1,3
19127,1,3,67041,67041,67044,0,3,0
19128,4,2,67045,67045,67047,0,2,1
19129,4,2,67049,67049,67051,0,2,2
19130,3,1,67052,67052,67053,0,1,1
19131,1,2,67053,67053,67055,0,2,0
19132,1,2,67054,67055,67057,1,3,0
19133,3,2,67057,67057,67059,0,2,0
19134,3,2,67060,67060,67062,0,2,1
19135,3,2,67063,67063,67065,0,2,1
19136,4,2,67067,67067,67069,0,2,2
19137,1,1,67068,67069,67070,1,2,0
19138,2,2,67070,67070,67072,0,2,0
19139,6,1,67076,67076,67077,0,1,4
19140,4,1,67080,67080,67081,0,1,3
19141,6,3,67086,67086,67089,0,3,5
19142,5,3,67091,67091,67094,0,3,2
19143,6,1,67097,67097,67098,0,1,3
19144,3,1,67100,67100,67101,0,1,2
19145,5,1,67105,67105,67106,0,1,4
19146,3,3,67108,67108,67111,0,3,2
19147,2,3,67110,67111,67114,1,4,0
19148,2,1,67112,67114,67115,2,3,0
19149,1,1,67113,67115,67116,2,3,0
19150,4,2,67117,67117,67119,0,2,1
19151,3,2,67120,67120,67122,0,2,1
19152,3,3,67123,67123,67126,0,3,1
19153,6,3,67129,67129,67132,0,3,3
19154,4,1,67133,67133,67134,0,1,1
19155,6,3,67139,67139,67142,0,3,5
19156,1,3,67140,67142,67145,2,5,0
19157,1,3,67141,67145,67148,4,7,0
19158,2,2,67143,67148,67150,5,7,0
19159,1,2,67144,67150,67152,6,8,0
19160,3,1,67147,67152,67153,5,6,0
19161,1,3,67148,67153,67156,5,8,0
19162,5,2,67153,67156,67158,3,5,0
19163,4,3,67157,67158,67161,1,4,0
19164,5,1,67162,67162,67163,0,1,1
19165,2,3,67164,67164,67167,0,3,1
19166,1,2,67165,67167,67169,2,4,0
19167,1,3,67166,67169,67172,3,6,0
19168,1,1,67167,67172,67173,5,6,0
19169,4,3,67171,67173,67176,2,5,0
19170,5,2,67176,67176,67178,0,2,0
19171,1,1,67177,67178,67179,1,2,0
19172,5,1,67182,67182,67183,0,1,3
19173,3,1,67185,67185,67186,0,1,2
19174,1,3,67186,67186,67189,0,3,0
19175,6,1,67192,67192,67193,0,1,3
19176,6,2,67198,67198,67200,0,2,5
19177,5,2,67203,67203,67205,0,2,3
19178,2,1,67205,67205,67206,0,1,0
19179,6,2,67211,67211,67213,0,2,5
19180,6,1,67217,67217,67218,0,1,4
19181,2,2,67219,67219,67221,0,2,1
19182,4,2,67223,67223,67225,0,2,2
19183,4,2,67227,67227,67229,0,2,2
19184,2,2,67229,67229,67231,0,2,0
19185,3,2,67232,67232,67234,0,2,1
19186,1,1,67233,67234,67235,1,2,0
19187,6,3,67239,67239,67242,0,3,4
19188,4,1,67243,67243,67244,0,1,1
19189,3,3,67246,67246,67249,0,3,2
19190,3,3,67249,67249,67252,0,3,0
19191,1,2,67250,67252,67254,2,4,0
19192,6,3,67256,67256,67259,0,3,2
19193,1,1,67257,67259,67260,2,3,0
19194,2,3,67259,67260,67263,1,4,0
19195,2,3,67261,67263,67266,2,5,0
19196,4,2,67265,67266,67268,1,3,0
19197,2,2,67267,67268,67270,1,3,0
19198,4,1,67271,67271,67272,0,1,1
19199,5,2,67276,67276,67278,0,2,4
19200,3,2,67279,67279,67281,0,2,1
19201,5,2,67284,67284,67286,0,2,3
19202,5,3,67289,67289,67292,0,3,3
19203,2,2,67291,67292,67294,1,3,0
19204,6,3,67297,67297,67300,0,3,3
19205,2,1,67299,67300,67301,1,2,0
19206,2,2,67301,67301,67303,0,2,0
19207,4,2,67305,67305,67307,0,2,2
19208,2,2,67307,67307,67309,0,2,0
19209,5,2,67312,67312,67314,0,2,3
19210,4,2,67316,67316,67318,0,2,2
19211,1,3,67317,67318,67321,1,4,0
19212,4,2,67321,67321,67323,0,2,0
19213,5,2,67326,67326,67328,0,2,3
19214,3,2,67329,67329,67331,0,2,1
19215,3,2,67332,67332,67334,0,2,1
19216,3,1,67335,67335,67336,0,1,1
19217,5,1,67340,67340,67341,0,1,4
19218,5,3,67345,67345,67348,0,3,4
19219,5,3,67350,67350,67353,0,3,2
19220,3,1,67353,67353,67354,0,1,0
19221,6,1,67359,67359,67360,0,1,5
19222,4,2,67363,67363,67365,0,2,3
19223,5,3,67368,67368,67371,0,3,3
19224,6,2,67374,67374,67376,0,2,3
19225,2,3,67376,67376,67379,0,3,0
19226,3,3,67379,67379,67382,0,3,0
19227,2,2,67381,67382,67384,1,3,0
19228,4,3,67385,67385,67388,0,3,1
19229,6,1,67391,67391,67392,0,1,3
19230,6,2,67397,67397,67399,0,2,5
19231,1,1,67398,67399,67400,1,2,0
19232,5,2,67403,67403,67405,0,2,3
19233,2,1,67405,67405,67406,0,1,0
19234,3,1,67408,67408,67409,0,1,2
19235,4,2,67412,67412,67414,0,2,3
19236,1,2,67413,67414,67416,1,3,0
19237,2,2,67415,67416,67418,1,3,0
19238,4,1,67419,67419,67420,0,1,1
19239,6,2,67425,67425,67427,0,2,5
19240,5,2,67430,67430,67432,0,2,3
19241,1,3,67431,67432,67435,1,4,0
19242,1,3,67432,67435,67438,3,6,0
19243,6,3,67438,67438,67441,0,3,0
19244,3,3,67441,67441,67444,0,3,0
19245,6,2,67447,67447,67449,0,2,3
19246,5,1,67452,67452,67453,0,1,3
19247,4,2,67456,67456,67458,0,2,3
19248,2,1,67458,67458,67459,0,1,0
19249,1,2,67459,67459,67461,0,2,0
19250,1,2,67460,67461,67463,1,3,0
19251,5,3,67465,67465,67468,0,3,2
19252,4,2,67469,67469,67471,0,2,1
19253,1,3,67470,67471,67474,1,4,0
19254,6,3,67476,67476,67479,0,3,2
19255,4,3,67480,67480,67483,0,3,1
19256,5,3,67485,67485,67488,0,3,2
19257,4,2,67489,67489,67491,0,2,1
19258,2,1,67491,67491,67492,0,1,0
19259,6,3,67497,67497,67500,0,3,5
19260,4,1,67501,67501,67502,0,1,1
19261,6,2,67507,67507,67509,0,2,5
19262,6,1,67513,67513,67514,0,1,4
19263,1,1,67514,67514,67515,0,1,0
19264,6,2,67520,67520,67522,0,2,5
19265,3,3,67523,67523,67526,0,3,1
19266,3,1,67526,67526,67527,0,1,0
19267,4,1,67530,67530,67531,0,1,3
19268,6,2,67536,67536,67538,0,2,5
19269,6,2,67542,67542,67544,0,2,4
19270,2,1,67544,67544,67545,0,1,0
19271,5,1,67549,67549,67550,0,1,4
19272,6,3,67555,67555,67558,0,3,5
19273,3,1,67558,67558,67559,0,1,0
19274,3,3,67561,67561,67564,0,3,2
19275,5,1,67566,67566,67567,0,1,2
19276,5,1,67571,67571,67572,0,1,4
19277,6,2,67577,67577,67579,0,2,5
19278,4,1,67581,67581,67582,0,1,2
19279,4,2,67585,67585,67587,0,2,3
19280,3,1,67588,67588,67589,0,1,1
19281,3,3,67591,67591,67594,0,3,2
19282,6,3,67597,67597,67600,0,3,3
19283,2,2,67599,67600,67602,1,3,0
19284,6,2,67605,67605,67607,0,2,3
19285,4,2,67609,67609,67611,0,2,2
19286,2,1,67611,67611,67612,0,1,0
19287,3,3,67614,67614,67617,0,3,2
19288,2,3,67616,67617,67620,1,4,0
19289,1,3,67617,67620,67623,3,6,0
19290,3,1,67620,67623,67624,3,4,0
19291,6,2,67626,67626,67628,0,2,2
19292,6,2,67632,67632,67634,0,2,4
19293,2,3,67634,67634,67637,0,3,0
19294,5,2,67639,67639,67641,0,2,2
19295,5,3,67644,67644,67647,0,3,3
19296,5,2,67649,67649,67651,0,2,2
19297,3,3,67652,67652,67655,0,3,1
19298,4,2,67656,67656,67658,0,2,1
19299,2,3,67658,67658,67661,0,3,0
19300,2,3,67660,67661,67664,1,4,0
19301,1,2,67661,67664,67666,3,5,0
19302,2,2,67663,67666,67668,3,5,0
19303,4,2,67667,67668,67670,1,3,0
19304,4,3,67671,67671,67674,0,3,1
19305,5,2,67676,67676,67678,0,2,2
19306,6,1,67682,67682,67683,0,1,4
19307,5,2,67687,67687,67689,0,2,4
19308,4,2,67691,67691,67693,0,2,2
19309,1,3,67692,67693,67696,1,4,0
19310,2,2,67694,67696,67698,2,4,0
19311,6,2,67700,67700,67702,0,2,2
19312,6,2,67706,67706,67708,0,2,4
19313,4,3,67710,67710,67713,0,3,2
19314,6,2,67716,67716,67718,0,2,3
19315,6,3,67722,67722,67725,0,3,4
19316,4,2,67726,67726,67728,0,2,1
19317,1,3,67727,67728,67731,1,4,0
19318,1,3,67728,67731,67734,3,6,0
19319,2,1,67730,67734,67735,4,5,0
19320,4,2,67734,67735,67737,1,3,0
19321,4,2,67738,67738,67740,0,2,1
19322,2,3,67740,67740,67743,0,3,0
19323,3,3,67743,67743,67746,0,3,0
19324,4,2,67747,67747,67749,0,2,1
19325,5,1,67752,67752,67753,0,1,3
19326,6,3,67758,67758,67761,0,3,5
19327,4,2,67762,67762,67764,0,2,1
19328,5,2,67767,67767,67769,0,2,3
19329,5,1,67772,67772,67773,0,1,3
19330,5,1,67777,67777,67778,0,1,4
19331,3,1,67780,67780,67781,0,1,2
19332,5,3,67785,67785,67788,0,3,4
19333,1,3,67786,67788,67791,2,5,0
19334,3,1,67789,67791,67792,2,3,0
19335,4,1,67793,67793,67794,0,1,1
19336,5,1,67798,67798,67799,0,1,4
19337,5,3,67803,67803,67806,0,3,4
19338,4,1,67807,67807,67808,0,1,1
19339,6,2,67813,67813,67815,0,2,5
19340,6,3,67819,67819,67822,0,3,4
19341,1,3,67820,67822,67825,2,5,0
19342,2,3,67822,67825,67828,3,6,0
19343,4,2,67826,67828,67830,2,4,0
19344,2,1,67828,67830,67831,2,3,0
19345,2,2,67830,67831,67833,1,3,0
19346,3,2,67833,67833,67835,0,2,0
19347,4,3,67837,67837,67840,0,3,2
19348,4,3,67841,67841,67844,0,3,1
19349,2,1,67843,67844,67845,1,2,0
19350,4,3,67847,67847,67850,0,3,2
19351,4,3,67851,67851,67854,0,3,1
19352,5,3,67856,67856,67859,0,3,2
19353,2,2,67858,67859,67861,1,3,0
19354,2,2,67860,67861,67863,1,3,0
19355,1,3,67861,67863,67866,2,5,0
19356,3,3,67864,67866,67869,2,5,0
19357,5,2,67869,67869,67871,0,2,0
19358,5,2,67874,67874,67876,0,2,3
19359,1,1,67875,67876,67877,1,2,0
19360,5,3,67880,67880,67883,0,3,3
19361,6,1,67886,67886,67887,0,1,3
19362,6,1,67892,67892,67893,0,1,5
19363,3,3,67895,67895,67898,0,3,2
19364,5,2,67900,67900,67902,0,2,2
19365,4,3,67904,67904,67907,0,3,2
19366,6,3,67910,67910,67913,0,3,3
19367,3,3,67913,67913,67916,0,3,0
19368,3,2,67916,67916,67918,0,2,0
19369,2,2,67918,67918,67920,0,2,0
19370,2,2,67920,67920,67922,0,2,0
19371,2,3,67922,67922,67925,0,3,0
19372,4,3,67926,67926,67929,0,3,1
19373,3,1,67929,67929,67930,0,1,0
19374,2,1,67931,67931,67932,0,1,1
19375,6,1,67937,67937,67938,0,1,5
19376,1,1,67938,67938,67939,0,1,0
19377,6,3,67944,67944,67947,0,3,5
19378,1,1,67945,67947,67948,2,3,0
19379,2,1,67947,67948,67949,1,2,0
19380,4,2,67951,67951,67953,0,2,2
19381,4,2,67955,67955,67957,0,2,2
19382,3,3,67958,67958,67961,0,3,1
19383,4,3,67962,67962,67965,0,3,1
19384,2,2,67964,67965,67967,1,3,0
19385,6,1,67970,67970,67971,0,1,3
19386,4,1,67974,67974,67975,0,1,3
19387,2,1,67976,67976,67977,0,1,1
19388,3,1,67979,67979,67980,0,1,2
19389,1,2,67980,67980,67982,0,2,0
19390,2,1,67982,67982,67983,0,1,0
19391,4,3,67986,67986,67989,0,3,3
19392,2,3,67988,67989,67992,1,4,0
19393,2,3,67990,67992,67995,2,5,0
19394,3,3,67993,67995,67998,2,5,0
19395,2,1,67995,67998,67999,3,4,0
19396,3,1,67998,67999,68000,1,2,0
19397,2,3,68000,68000,68003,0,3,0
19398,1,2,68001,68003,68005,2,4,0
19399,3,2,68004,68005,68007,1,3,0
19400,5,2,68009,68009,68011,0,2,2
19401,6,1,68015,68015,68016,0,1,4
19402,4,2,68019,68019,68021,0,2,3
19403,6,3,68025,68025,68028,0,3,4
19404,2,2,68027,68028,68030,1,3,0
19405,5,1,68032,68032,68033,0,1,2
19406,2,1,68034,68034,68035,0,1,1
19407,1,3,68035,68035,68038,0,3,0
19408,4,3,68039,68039,68042,0,3,1
19409,3,1,68042,68042,68043,0,1,0
19410,4,1,68046,68046,68047,0,1,3
19411,6,2,68052,68052,68054,0,2,5
19412,5,1,68057,68057,68058,0,1,3
19413,1,2,68058,68058,68060,0,2,0
19414,5,2,68063,68063,68065,0,2,3
19415,5,1,68068,68068,68069,0,1,3
19416,1,3,68069,68069,68072,0,3,0
19417,6,2,68075,68075,68077,0,2,3
19418,2,3,68077,68077,68080,0,3,0
19419,6,1,68083,68083,68084,0,1,3
19420,6,2,68089,68089,68091,0,2,5
19421,5,1,68094,68094,68095,0,1,3
19422,2,3,68096,68096,68099,0,3,1
19423,2,2,68098,68099,68101,1,3,0
19424,2,1,68100,68101,68102,1,2,0
19425,6,1,68106,68106,68107,0,1,4
19426,5,1,68111,68111,68112,0,1,4
19427,6,1,68117,68117,68118,0,1,5
19428,2,2,68119,68119,68121,0,2,1
19429,2,3,68121,68121,68124,0,3,0
19430,1,3,68122,68124,68127,2,5,0
19431,3,1,68125,68127,68128,2,3,0
19432,6,3,68131,68131,68134,0,3,3
19433,5,2,68136,68136,68138,0,2,2
19434,6,3,68142,68142,68145,0,3,4
19435,1,3,68143,68145,68148,2,5,0
19436,2,3,68145,68148,68151,3,6,0
19437,1,2,68146,68151,68153,5,7,0
19438,1,2,68147,68153,68155,6,8,0
19439,5,2,68152,68155,68157,3,5,0
19440,2,2,68154,68157,68159,3,5,0
19441,1,3,68155,68159,68162,4,7,0
19442,6,1,68161,68162,68163,1,2,0
19443,5,2,68166,68166,68168,0,2,3
19444,3,2,68169,68169,68171,0,2,1
19445,6,2,68175,68175,68177,0,2,4
19446,3,2,68178,68178,68180,0,2,1
19447,4,3,68182,68182,68185,0,3,2
19448,6,2,68188,68188,68190,0,2,3
19449,2,1,68190,68190,68191,0,1,0
19450,4,1,68194,68194,68195,0,1,3
19451,1,1,68195,68195,68196,0,1,0
19452,5,3,68200,68200,68203,0,3,4
19453,1,1,68201,68203,68204,2,3,0
19454,2,3,68203,68204,68207,1,4,0
19455,3,1,68206,68207,68208,1,2,0
19456,1,3,68207,68208,68211,1,4,0
19457,5,2,68212,68212,68214,0,2,1
19458,4,3,68216,68216,68219,0,3,2
19459,4,2,68220,68220,68222,0,2,1
19460,1,3,68221,68222,68225,1,4,0
19461,4,3,68225,68225,68228,0,3,0
19462,5,2,68230,68230,68232,0,2,2
19463,5,3,68235,68235,68238,0,3,3
19464,3,2,68238,68238,68240,0,2,0
19465,1,1,68239,68240,68241,1,2,0
19466,4,1,68243,68243,68244,0,1,2
19467,6,3,68249,68249,68252,0,3,5
19468,1,3,68250,68252,68255,2,5,0
19469,6,2,68256,68256,68258,0,2,1
19470,2,1,68258,68258,68259,0,1,0
19471,4,2,68262,68262,68264,0,2,3
19472,6,3,68268,68268,68271,0,3,4
19473,1,3,68269,68271,68274,2,5,0
19474,3,2,68272,68274,68276,2,4,0
19475,6,2,68278,68278,68280,0,2,2
19476,5,2,68283,68283,68285,0,2,3
19477,4,1,68287,68287,68288,0,1,2
19478,5,1,68292,68292,68293,0,1,4
19479,3,2,68295,68295,68297,0,2,2
19480,6,1,68301,68301,68302,0,1,4
19481,3,1,68304,68304,68305,0,1,2
19482,1,1,68305,68305,68306,0,1,0
19483,4,1,68309,68309,68310,0,1,3
19484,2,1,68311,68311,68312,0,1,1
19485,3,1,68314,68314,68315,0,1,2
19486,2,1,68316,68316,68317,0,1,1
19487,3,3,68319,68319,68322,0,3,2
19488,2,2,68321,68322,68324,1,3,0
19489,1,1,68322,68324,68325,2,3,0
19490,2,1,68324,68325,68326,1,2,0
19491,2,1,68326,68326,68327,0,1,0
19492,6,3,68332,68332,68335,0,3,5
19493,5,2,68337,68337,68339,0,2,2
19494,5,2,68342,68342,68344,0,2,3
19495,3,1,68345,68345,68346,0,1,1
19496,2,3,68347,68347,68350,0,3,1
19497,5,3,68352,68352,68355,0,3,2
19498,5,2,68357,68357,68359,0,2,2
19499,1,3,68358,68359,68362,1,4,0
19500,5,2,68363,68363,68365,0,2,1
19501,1,1,68364,68365,68366,1,2,0
19502,3,2,68367,68367,68369,0,2,1
19503,5,3,68372,68372,68375,0,3,3
19504,4,1,68376,68376,68377,0,1,1
19505,2,3,68378,68378,68381,0,3,1
19506,2,1,68380,68381,68382,1,2,0
19507,6,1,68386,68386,68387,0,1,4
19508,6,1,68392,68392,68393,0,1,5
19509,2,2,68394,68394,68396,0,2,1
19510,6,1,68400,68400,68401,0,1,4
19511,6,2,68406,68406,68408,0,2,5
19512,2,3,68408,68408,68411,0,3,0
19513,2,2,68410,68411,68413,1,3,0
19514,5,3,68415,68415,68418,0,3,2
19515,5,1,68420,68420,68421,0,1,2
19516,5,3,68425,68425,68428,0,3,4
19517,5,1,68430,68430,68431,0,1,2
19518,4,1,68434,68434,68435,0,1,3
19519,1,3,68435,68435,68438,0,3,0
19520,1,3,68436,68438,68441,2,5,0
19521,1,1,68437,68441,68442,4,5,0
19522,2,1,68439,68442,68443,3,4,0
19523,6,2,68445,68445,68447,0,2,2
19524,5,2,68450,68450,68452,0,2,3
19525,5,2,68455,68455,68457,0,2,3
19526,2,3,68457,68457,68460,0,3,0
19527,4,3,68461,68461,68464,0,3,1
19528,6,2,68467,68467,68469,0,2,3
19529,5,2,68472,68472,68474,0,2,3
19530,4,2,68476,68476,68478,0,2,2
19531,5,2,68481,68481,68483,0,2,3
19532,3,2,68484,68484,68486,0,2,1
19533,5,3,68489,68489,68492,0,3,3
19534,2,1,68491,68492,68493,1,2,0
19535,2,2,68493,68493,68495,0,2,0
19536,2,2,68495,68495,68497,0,2,0
19537,6,2,68501,68501,68503,0,2,4
19538,1,3,68502,68503,68506,1,4,0
19539,2,3,68504,68506,68509,2,5,0
19540,1,3,68505,68509,68512,4,7,0
19541,3,3,68508,68512,68515,4,7,0
19542,3,1,68511,68515,68516,4,5,0
19543,1,1,68512,68516,68517,4,5,0
19544,5,3,68517,68517,68520,0,3,0
19545,4,1,68521,68521,68522,0,1,1
19546,1,3,68522,68522,68525,0,3,0
19547,1,3,68523,68525,68528,2,5,0
19548,6,2,68529,68529,68531,0,2,1
19549,3,2,68532,68532,68534,0,2,1
19550,4,1,68536,68536,68537,0,1,2
19551,2,3,68538,68538,68541,0,3,1
19552,2,2,68540,68541,68543,1,3,0
19553,2,3,68542,68543,68546,1,4,0
19554,5,1,68547,68547,68548,0,1,1
19555,2,1,68549,68549,68550,0,1,1
19556,3,1,68552,68552,68553,0,1,2
19557,6,2,68558,68558,68560,0,2,5
19558,6,1,68564,68564,68565,0,1,4
19559,6,2,68570,68570,68572,0,2,5
19560,3,1,68573,68573,68574,0,1,1
19561,6,1,68579,68579,68580,0,1,5
19562,6,2,68585,68585,68587,0,2,5
19563,5,3,68590,68590,68593,0,3,3
19564,1,3,68591,68593,68596,2,5,0
19565,2,1,68593,68596,68597,3,4,0
19566,6,3,68599,68599,68602,0,3,2
19567,6,2,68605,68605,68607,0,2,3
19568,5,1,68610,68610,68611,0,1,3
19569,3,3,68613,68613,68616,0,3,2
19570,3,1,68616,68616,68617,0,1,0
19571,5,2,68621,68621,68623,0,2,4
19572,5,3,68626,68626,68629,0,3,3
19573,5,3,68631,68631,68634,0,3,2
19574,5,1,68636,68636,68637,0,1,2
19575,6,3,68642,68642,68645,0,3,5
19576,6,2,68648,68648,68650,0,2,3
19577,6,1,68654,68654,68655,0,1,4
19578,1,1,68655,68655,68656,0,1,0
19579,4,2,68659,68659,68661,0,2,3
19580,3,3,68662,68662,68665,0,3,1
19581,6,3,68668,68668,68671,0,3,3
19582,1,3,68669,68671,68674,2,5,0
19583,6,3,68675,68675,68678,0,3,1
19584,1,2,68676,68678,68680,2,4,0
19585,3,1,68679,68680,68681,1,2,0
19586,1,3,68680,68681,68684,1,4,0
19587,3,3,68683,68684,68687,1,4,0
19588,3,3,68686,68687,68690,1,4,0
19589,1,3,68687,68690,68693,3,6,0
19590,5,2,68692,68693,68695,1,3,0
19591,6,2,68698,68698,68700,0,2,3
19592,2,3,68700,68700,68703,0,3,0
19593,4,1,68704,68704,68705,0,1,1
19594,2,2,68706,68706,68708,0,2,1
19595,4,3,68710,68710,68713,0,3,2
19596,3,1,68713,68713,68714,0,1,0
19597,5,1,68718,68718,68719,0,1,4
19598,4,2,68722,68722,68724,0,2,3
19599,1,2,68723,68724,68726,1,3,0
19600,2,3,68725,68726,68729,1,4,0
19601,2,3,68727,68729,68732,2,5,0
19602,2,1,68729,68732,68733,3,4,0
19603,1,1,68730,68733,68734,3,4,0
19604,2,1,68732,68734,68735,2,3,0
19605,6,3,68738,68738,68741,0,3,3
19606,3,1,68741,68741,68742,0,1,0
19607,6,3,68747,68747,68750,0,3,5
19608,6,3,68753,68753,68756,0,3,3
19609,6,1,68759,68759,68760,0,1,3
19610,4,2,68763,68763,68765,0,2,3
19611,3,3,68766,68766,68769,0,3,1
19612,4,2,68770,68770,68772,0,2,1
19613,1,3,68771,68772,68775,1,4,0
19614,2,3,68773,68775,68778,2,5,0
19615,4,3,68777,68778,68781,1,4,0
19616,3,3,68780,68781,68784,1,4,0
19617,6,1,68786,68786,68787,0,1,2
19618,5,1,68791,68791,68792,0,1,4
19619,2,2,68793,68793,68795,0,2,1
19620,6,2,68799,68799,68801,0,2,4
19621,6,3,68805,68805,68808,0,3,4
19622,4,3,68809,68809,68812,0,3,1
19623,4,2,68813,68813,68815,0,2,1
19624,1,2,68814,68815,68817,1,3,0
19625,4,1,68818,68818,68819,0,1,1
19626,5,2,68823,68823,68825,0,2,4
19627,4,3,68827,68827,68830,0,3,2
19628,5,3,68832,68832,68835,0,3,2
19629,3,1,68835,68835,68836,0,1,0
19630,6,2,68841,68841,68843,0,2,5
19631,6,1,68847,68847,68848,0,1,4
19632,5,1,68852,68852,68853,0,1,4
19633,2,1,68854,68854,68855,0,1,1
19634,1,2,68855,68855,68857,0,2,0
19635,6,1,68861,68861,68862,0,1,4
19636,3,1,68864,68864,68865,0,1,2
19637,1,3,68865,68865,68868,0,3,0
19638,2,1,68867,68868,68869,1,2,0
19639,5,3,68872,68872,68875,0,3,3
19640,2,3,68874,68875,68878,1,4,0
19641,3,1,68877,68878,68879,1,2,0
19642,1,2,68878,68879,68881,1,3,0
19643,2,1,68880,68881,68882,1,2,0
19644,6,1,68886,68886,68887,0,1,4
19645,5,2,68891,68891,68893,0,2,4
19646,3,3,68894,68894,68897,0,3,1
19647,5,3,68899,68899,68902,0,3,2
19648,6,3,68905,68905,68908,0,3,3
19649,4,2,68909,68909,68911,0,2,1
19650,4,2,68913,68913,68915,0,2,2
19651,6,3,68919,68919,68922,0,3,4
19652,6,1,68925,68925,68926,0,1,3
19653,6,2,68931,68931,68933,0,2,5
19654,5,2,68936,68936,68938,0,2,3
19655,1,2,68937,68938,68940,1,3,0
19656,2,1,68939,68940,68941,1,2,0
19657,6,3,68945,68945,68948,0,3,4
19658,5,2,68950,68950,68952,0,2,2
19659,1,1,68951,68952,68953,1,2,0
19660,4,3,68955,68955,68958,0,3,2
19661,3,2,68958,68958,68960,0,2,0
19662,3,2,68961,68961,68963,0,2,1
19663,6,3,68967,68967,68970,0,3,4
19664,3,1,68970,68970,68971,0,1,0
19665,4,2,68974,68974,68976,0,2,3
19666,6,2,68980,68980,68982,0,2,4
19667,1,3,68981,68982,68985,1,4,0
19668,4,1,68985,68985,68986,0,1,0
19669,5,3,68990,68990,68993,0,3,4
19670,6,3,68996,68996,68999,0,3,3
19671,2,2,68998,68999,69001,1,3,0
19672,6,3,69004,69004,69007,0,3,3
19673,3,1,69007,69007,69008,0,1,0
19674,1,2,69008,69008,69010,0,2,0
19675,1,2,69009,69010,69012,1,3,0
19676,2,3,69011,69012,69015,1,4,0
19677,3,2,69014,69015,69017,1,3,0
19678,5,3,69019,69019,69022,0,3,2
19679,4,2,69023,69023,69025,0,2,1
19680,3,1,69026,69026,69027,0,1,1
19681,4,2,69030,69030,69032,0,2,3
19682,2,1,69032,69032,69033,0,1,0
19683,4,1,69036,69036,69037,0,1,3
19684,5,3,69041,69041,69044,0,3,4
19685,6,3,69047,69047,69050,0,3,3
19686,2,1,69049,69050,69051,1,2,0
19687,4,3,69053,69053,69056,0,3,2
19688,5,2,69058,69058,69060,0,2,2
19689,2,1,69060,69060,69061,0,1,0
19690,4,3,69064,69064,69067,0,3,3
19691,2,2,69066,69067,69069,1,3,0
19692,6,2,69072,69072,69074,0,2,3
19693,2,1,69074,69074,69075,0,1,0
19694,4,3,69078,69078,69081,0,3,3
19695,6,2,69084,69084,69086,0,2,3
19696,5,3,69089,69089,69092,0,3,3
19697,2,3,69091,69092,69095,1,4,0
19698,6,3,69097,69097,69100,0,3,2
19699,3,3,69100,69100,69103,0,3,0
19700,3,2,69103,69103,69105,0,2,0
19701,2,3,69105,69105,69108,0,3,0
19702,4,3,69109,69109,69112,0,3,1
19703,6,1,69115,69115,69116,0,1,3
19704,6,2,69121,69121,69123,0,2,5
19705,4,3,69125,69125,69128,0,3,2
19706,4,2,69129,69129,69131,0,2,1
19707,6,1,69135,69135,69136,0,1,4
19708,1,1,69136,69136,69137,0,1,0
19709,4,2,69140,69140,69142,0,2,3
19710,4,1,69144,69144,69145,0,1,2
19711,6,1,69150,69150,69151,0,1,5
19712,5,1,69155,69155,69156,0,1,4
19713,5,3,69160,69160,69163,0,3,4
19714,3,1,69163,69163,69164,0,1,0
19715,5,3,69168,69168,69171,0,3,4
19716,3,2,69171,69171,69173,0,2,0
19717,2,1,69173,69173,69174,0,1,0
19718,6,1,69179,69179,69180,0,1,5
19719,1,1,69180,69180,69181,0,1,0
19720,5,2,69185,69185,69187,0,2,4
19721,4,1,69189,69189,69190,0,1,2
19722,1,1,69190,69190,69191,0,1,0
19723,1,3,69191,69191,69194,0,3,0
19724,6,2,69197,69197,69199,0,2,3
19725,6,3,69203,69203,69206,0,3,4
19726,6,3,69209,69209,69212,0,3,3
19727,3,3,69212,69212,69215,0,3,0
19728,2,1,69214,69215,69216,1,2,0
19729,3,2,69217,69217,69219,0,2,1
19730,6,1,69223,69223,69224,0,1,4
19731,3,1,69226,69226,69227,0,1,2
19732,1,1,69227,69227,69228,0,1,0
19733,6,3,69233,69233,69236,0,3,5
19734,4,3,69237,69237,69240,0,3,1
19735,5,2,69242,69242,69244,0,2,2
19736,5,2,69247,69247,69249,0,2,3
19737,6,1,69253,69253,69254,0,1,4
19738,3,2,69256,69256,69258,0,2,2
19739,3,3,69259,69259,69262,0,3,1
19740,3,2,69262,69262,69264,0,2,0
19741,1,3,69263,69264,69267,1,4,0
19742,5,3,69268,69268,69271,0,3,1
19743,1,2,69269,69271,69273,2,4,0
19744,3,2,69272,69273,69275,1,3,0
19745,1,2,69273,69275,69277,2,4,0
19746,1,2,69274,69277,69279,3,5,0
19747,6,2,69280,69280,69282,0,2,1
19748,5,1,69285,69285,69286,0,1,3
19749,2,3,69287,69287,69290,0,3,1
19750,2,3,69289,69290,69293,1,4,0
19751,6,2,69295,69295,69297,0,2,2
19752,1,3,69296,69297,69300,1,4,0
19753,4,3,69300,69300,69303,0,3,0
19754,5,1,69305,69305,69306,0,1,2
19755,1,1,69306,69306,69307,0,1,0
19756,2,1,69308,69308,69309,0,1,1
19757,6,2,69314,69314,69316,0,2,5
19758,4,1,69318,69318,69319,0,1,2
19759,4,3,69322,69322,69325,0,3,3
19760,1,2,69323,69325,69327,2,4,0
19761,5,1,69328,69328,69329,0,1,1
19762,5,3,69333,69333,69336,0,3,4
19763,2,2,69335,69336,69338,1,3,0
19764,4,2,69339,69339,69341,0,2,1
19765,3,1,69342,69342,69343,0,1,1
19766,2,2,69344,69344,69346,0,2,1
19767,1,3,69345,69346,69349,1,4,0
19768,6,2,69351,69351,69353,0,2,2
19769,6,1,69357,69357,69358,0,1,4
19770,6,2,69363,69363,69365,0,2,5
19771,6,2,69369,69369,69371,0,2,4
19772,6,2,69375,69375,69377,0,2,4
19773,2,2,69377,69377,69379,0,2,0
19774,2,3,69379,69379,69382,0,3,0
19775,1,1,69380,69382,69383,2,3,0
19776,6,1,69386,69386,69387,0,1,3
19777,4,1,69390,69390,69391,0,1,3
19778,6,3,69396,69396,69399,0,3,5
19779,2,1,69398,69399,69400,1,2,0
19780,6,1,69404,69404,69405,0,1,4
19781,6,3,69410,69410,69413,0,3,5
19782,6,1,69416,69416,69417,0,1,3
19783,1,1,69417,69417,69418,0,1,0
19784,2,2,69419,69419,69421,0,2,1
19785,2,3,69421,69421,69424,0,3,0
19786,5,3,69426,69426,69429,0,3,2
19787,1,3,69427,69429,69432,2,5,0
19788,4,1,69431,69432,69433,1,2,0
19789,3,3,69434,69434,69437,0,3,1
19790,5,1,69439,69439,69440,0,1,2
19791,2,2,69441,69441,69443,0,2,1
19792,5,2,69446,69446,69448,0,2,3
19793,6,1,69452,69452,69453,0,1,4
19794,6,1,69458,69458,69459,0,1,5
19795,4,3,69462,69462,69465,0,3,3
19796,5,2,69467,69467,69469,0,2,2
19797,5,1,69472,69472,69473,0,1,3
19798,2,1,69474,69474,69475,0,1,1
19799,1,1,69475,69475,69476,0,1,0
19800,3,3,69478,69478,69481,0,3,2
19801,4,3,69482,69482,69485,0,3,1
19802,4,3,69486,69486,69489,0,3,1
19803,1,3,69487,69489,69492,2,5,0
19804,3,1,69490,69492,69493,2,3,0
19805,2,3,69492,69493,69496,1,4,0
19806,4,2,69496,69496,69498,0,2,0
19807,5,3,69501,69501,69504,0,3,3
19808,2,3,69503,69504,69507,1,4,0
19809,2,3,69505,69507,69510,2,5,0
19810,5,2,69510,69510,69512,0,2,0
19811,5,1,69515,69515,69516,0,1,3
19812,3,3,69518,69518,69521,0,3,2
19813,6,3,69524,69524,69527,0,3,3
19814,3,2,69527,69527,69529,0,2,0
19815,6,2,69533,69533,69535,0,2,4
19816,3,2,69536,69536,69538,0,2,1
19817,4,2,69540,69540,69542,0,2,2
19818,3,2,69543,69543,69545,0,2,1
19819,6,1,69549,69549,69550,0,1,4
19820,2,2,69551,69551,69553,0,2,1
19821,6,3,69557,69557,69560,0,3,4
19822,6,2,69563,69563,69565,0,2,3
19823,1,2,69564,69565,69567,1,3,0
19824,3,3,69567,69567,69570,0,3,0
19825,2,1,69569,69570,69571,1,2,0
19826,3,1,69572,69572,69573,0,1,1
19827,2,2,69574,69574,69576,0,2,1
19828,6,3,69580,69580,69583,0,3,4
19829,5,3,69585,69585,69588,0,3,2
19830,4,3,69589,69589,69592,0,3,1
19831,1,1,69590,69592,69593,2,3,0
19832,3,3,69593,69593,69596,0,3,0
19833,5,3,69598,69598,69601,0,3,2
19834,4,1,69602,69602,69603,0,1,1
19835,1,1,69603,69603,69604,0,1,0
19836,4,2,69607,69607,69609,0,2,3
19837,2,1,69609,69609,69610,0,1,0
19838,5,1,69614,69614,69615,0,1,4
19839,4,2,69618,69618,69620,0,2,3
19840,5,2,69623,69623,69625,0,2,3
19841,2,1,69625,69625,69626,0,1,0
19842,6,1,69631,69631,69632,0,1,5
19843,1,3,69632,69632,69635,0,3,0
19844,1,1,69633,69635,69636,2,3,0
19845,2,2,69635,69636,69638,1,3,0
19846,1,1,69636,69638,69639,2,3,0
19847,3,3,69639,69639,69642,0,3,0
19848,2,1,69641,69642,69643,1,2,0
19849,3,2,69644,69644,69646,0,2,1
19850,1,3,69645,69646,69649,1,4,0
19851,2,2,69647,69649,69651,2,4,0
19852,4,1,69651,69651,69652,0,1,0
19853,4,1,69655,69655,69656,0,1,3
19854,6,3,69661,69661,69664,0,3,5
19855,1,1,69662,69664,69665,2,3,0
19856,4,2,69666,69666,69668,0,2,1
19857,3,2,69669,69669,69671,0,2,1
19858,6,3,69675,69675,69678,0,3,4
19859,5,3,69680,69680,69683,0,3,2
19860,4,3,69684,69684,69687,0,3,1
19861,1,1,69685,69687,69688,2,3,0
19862,6,1,69691,69691,69692,0,1,3
19863,1,2,69692,69692,69694,0,2,0
19864,3,3,69695,69695,69698,0,3,1
19865,2,2,69697,69698,69700,1,3,0
19866,2,2,69699,69700,69702,1,3,0
19867,4,2,69703,69703,69705,0,2,1
19868,1,3,69704,69705,69708,1,4,0
19869,4,1,69708,69708,69709,0,1,0
19870,1,3,69709,69709,69712,0,3,0
19871,3,2,69712,69712,69714,0,2,0
19872,4,2,69716,69716,69718,0,2,2
19873,4,3,69720,69720,69723,0,3,2
19874,2,3,69722,69723,69726,1,4,0
19875,4,1,69726,69726,69727,0,1,0
19876,2,3,69728,69728,69731,0,3,1
19877,3,2,69731,69731,69733,0,2,0
19878,3,1,69734,69734,69735,0,1,1
19879,4,3,69738,69738,69741,0,3,3
19880,4,1,69742,69742,69743,0,1,1
19881,3,1,69745,69745,69746,0,1,2
19882,4,3,69749,69749,69752,0,3,3
19883,2,3,69751,69752,69755,1,4,0
19884,1,2,69752,69755,69757,3,5,0
19885,1,3,69753,69757,69760,4,7,0
19886,3,2,69756,69760,69762,4,6,0
19887,2,2,69758,69762,69764,4,6,0
19888,1,3,69759,69764,69767,5,8,0
19889,5,1,69764,69767,69768,3,4,0
19890,3,1,69767,69768,69769,1,2,0
19891,4,2,69771,69771,69773,0,2,2
19892,6,3,69777,69777,69780,0,3,4
19893,6,1,69783,69783,69784,0,1,3
19894,4,1,69787,69787,69788,0,1,3
19895,6,1,69793,69793,69794,0,1,5
19896,4,3,69797,69797,69800,0,3,3
19897,4,2,69801,69801,69803,0,2,1
19898,6,2,69807,69807,69809,0,2,4
19899,3,1,69810,69810,69811,0,1,1
19900,5,2,69815,69815,69817,0,2,4
19901,3,3,69818,69818,69821,0,3,1
19902,5,2,69823,69823,69825,0,2,2
19903,4,1,69827,69827,69828,0,1,2
19904,1,2,69828,69828,69830,0,2,0
19905,4,1,69832,69832,69833,0,1,2
19906,6,2,69838,69838,69840,0,2,5
19907,6,2,69844,69844,69846,0,2,4
19908,6,3,69850,69850,69853,0,3,4
19909,2,3,69852,69853,69856,1,4,0
19910,5,3,69857,69857,69860,0,3,1
19911,1,2,69858,69860,69862,2,4,0
19912,4,1,69862,69862,69863,0,1,0
19913,1,1,69863,69863,69864,0,1,0
19914,3,1,69866,69866,69867,0,1,2
19915,3,2,69869,69869,69871,0,2,2
19916,3,1,69872,69872,69873,0,1,1
19917,5,3,69877,69877,69880,0,3,4
19918,4,2,69881,69881,69883,0,2,1
19919,5,1,69886,69886,69887,0,1,3
19920,5,1,69891,69891,69892,0,1,4
19921,5,1,69896,69896,69897,0,1,4
19922,6,1,69902,69902,69903,0,1,5
19923,5,1,69907,69907,69908,0,1,4
19924,6,2,69913,69913,69915,0,2,5
19925,4,2,69917,69917,69919,0,2,2
19926,3,2,69920,69920,69922,0,2,1
19927,6,3,69926,69926,69929,0,3,4
19928,4,3,69930,69930,69933,0,3,1
19929,1,2,69931,69933,69935,2,4,0
19930,3,3,69934,69935,69938,1,4,0
19931,1,1,69935,69938,69939,3,4,0
19932,5,3,69940,69940,69943,0,3,1
19933,1,1,69941,69943,69944,2,3,0
19934,2,3,69943,69944,69947,1,4,0
19935,3,2,69946,69947,69949,1,3,0
19936,4,1,69950,69950,69951,0,1,1
19937,6,1,69956,69956,69957,0,1,5
19938,5,1,69961,69961,69962,0,1,4
19939,1,2,69962,69962,69964,0,2,0
19940,1,1,69963,69964,69965,1,2,0
19941,1,2,69964,69965,69967,1,3,0
19942,6,3,69970,69970,69973,0,3,3
19943,4,2,69974,69974,69976,0,2,1
19944,2,3,69976,69976,69979,0,3,0
19945,3,2,69979,69979,69981,0,2,0
19946,2,1,69981,69981,69982,0,1,0
19947,3,1,69984,69984,69985,0,1,2
19948,1,1,69985,69985,69986,0,1,0
19949,2,3,69987,69987,69990,0,3,1
19950,3,2,69990,69990,69992,0,2,0
19951,3,1,69993,69993,69994,0,1,1
19952,5,1,69998,69998,69999,0,1,4
19953,3,1,70001,70001,70002,0,1,2
19954,5,2,70006,70006,70008,0,2,4
19955,1,3,70007,70008,70011,1,4,0
19956,1,1,70008,70011,70012,3,4,0
19957,1,2,70009,70012,70014,3,5,0
19958,1,3,70010,70014,70017,4,7,0
19959,4,1,70014,70017,70018,3,4,0
19960,4,1,70018,70018,70019,0,1,0
19961,1,3,70019,70019,70022,0,3,0
19962,2,3,70021,70022,70025,1,4,0
19963,5,1,70026,70026,70027,0,1,1
19964,3,2,70029,70029,70031,0,2,2
19965,3,2,70032,70032,70034,0,2,1
19966,2,1,70034,70034,70035,0,1,0
19967,2,2,70036,70036,70038,0,2,1
19968,5,3,70041,70041,70044,0,3,3
19969,6,1,70047,70047,70048,0,1,3
19970,3,3,70050,70050,70053,0,3,2
19971,1,2,70051,70053,70055,2,4,0
19972,3,3,70054,70055,70058,1,4,0
19973,3,2,70057,70058,70060,1,3,0
19974,6,2,70063,70063,70065,0,2,3
19975,5,3,70068,70068,70071,0,3,3
19976,6,1,70074,70074,70075,0,1,3
19977,5,2,70079,70079,70081,0,2,4
19978,6,1,70085,70085,70086,0,1,4
19979,3,3,70088,70088,70091,0,3,2
19980,4,3,70092,70092,70095,0,3,1
19981,3,2,70095,70095,70097,0,2,0
19982,6,1,70101,70101,70102,0,1,4
19983,1,1,70102,70102,70103,0,1,0
19984,1,2,70103,70103,70105,0,2,0
19985,2,2,70105,70105,70107,0,2,0
19986,5,3,70110,70110,70113,0,3,3
19987,1,2,70111,70113,70115,2,4,0
19988,2,3,70113,70115,70118,2,5,0
19989,3,2,70116,70118,70120,2,4,0
19990,3,2,70119,70120,70122,1,3,0
19991,4,2,70123,70123,70125,0,2,1
19992,2,3,70125,70125,70128,0,3,0
19993,6,1,70131,70131,70132,0,1,3
19994,6,2,70137,70137,70139,0,2,5
19995,2,1,70139,70139,70140,0,1,0
19996,5,3,70144,70144,70147,0,3,4
19997,3,1,70147,70147,70148,0,1,0
19998,3,2,70150,70150,70152,0,2,2
19999,5,2,70155,70155,70157,0,2,3
20000,4,2,70159,70159,70161,0,2,2
20001,4,2,70163,70163,70165,0,2,2
20002,6,3,70169,70169,70172,0,3,4
20003,6,3,70175,70175,70178,0,3,3
20004,4,1,70179,70179,70180,0,1,1
20005,5,3,70184,70184,70187,0,3,4
20006,3,1,70187,70187,70188,0,1,0
20007,5,1,70192,70192,70193,0,1,4
20008,4,3,70196,70196,70199,0,3,3
20009,4,1,70200,70200,70201,0,1,1
20010,4,1,70204,70204,70205,0,1,3
20011,1,1,70205,70205,70206,0,1,0
20012,6,3,70211,70211,70214,0,3,5
20013,6,1,70217,70217,70218,0,1,3
20014,3,1,70220,70220,70221,0,1,2
20015,3,1,70223,70223,70224,0,1,2
20016,3,1,70226,70226,70227,0,1,2
20017,2,2,70228,70228,70230,0,2,1
20018,3,3,70231,70231,70234,0,3,1
20019,4,3,70235,70235,70238,0,3,1
20020,5,1,70240,70240,70241,0,1,2
20021,4,1,70244,70244,70245,0,1,3
20022,3,2,70247,70247,70249,0,2,2
20023,6,1,70253,70253,70254,0,1,4
20024,3,1,70256,70256,70257,0,1,2
20025,3,3,70259,70259,70262,0,3,2
20026,5,1,70264,70264,70265,0,1,2
20027,6,1,70270,70270,70271,0,1,5
20028,3,2,70273,70273,70275,0,2,2
20029,1,1,70274,70275,70276,1,2,0
20030,5,2,70279,70279,70281,0,2,3
20031,2,3,70281,70281,70284,0,3,0
20032,5,1,70286,70286,70287,0,1,2
20033,6,2,70292,70292,70294,0,2,5
20034,6,3,70298,70298,70301,0,3,4
20035,1,2,70299,70301,70303,2,4,0
20036,1,3,70300,70303,70306,3,6,0
20037,2,1,70302,70306,70307,4,5,0
20038,5,3,70307,70307,70310,0,3,0
20039,2,2,70309,70310,70312,1,3,0
20040,4,1,70313,70313,70314,0,1,1
20041,2,2,70315,70315,70317,0,2,1
20042,1,3,70316,70317,70320,1,4,0
20043,3,3,70319,70320,70323,1,4,0
20044,5,1,70324,70324,70325,0,1,1
20045,6,2,70330,70330,70332,0,2,5
20046,2,1,70332,70332,70333,0,1,0
20047,6,2,70338,70338,70340,0,2,5
20048,3,3,70341,70341,70344,0,3,1
20049,4,2,70345,70345,70347,0,2,1
20050,5,2,70350,70350,70352,0,2,3
20051,2,1,70352,70352,70353,0,1,0
20052,3,1,70355,70355,70356,0,1,2
20053,5,3,70360,70360,70363,0,3,4
20054,4,1,70364,70364,70365,0,1,1
20055,1,2,70365,70365,70367,0,2,0
20056,5,3,70370,70370,70373,0,3,3
20057,3,3,70373,70373,70376,0,3,0
20058,2,2,70375,70376,70378,1,3,0
20059,3,1,70378,70378,70379,0,1,0
20060,3,2,70381,70381,70383,0,2,2
20061,6,1,70387,70387,70388,0,1,4
20062,4,3,70391,70391,70394,0,3,3
20063,3,2,70394,70394,70396,0,2,0
20064,1,1,70395,70396,70397,1,2,0
20065,6,3,70401,70401,70404,0,3,4
20066,1,1,70402,70404,70405,2,3,0
20067,3,2,70405,70405,70407,0,2,0
20068,4,2,70409,70409,70411,0,2,2
20069,4,3,70413,70413,70416,0,3,2
20070,2,3,70415,70416,70419,1,4,0
20071,3,3,70418,70419,70422,1,4,0
20072,3,1,70421,70422,70423,1,2,0
20073,5,2,70426,70426,70428,0,2,3
20074,2,1,70428,70428,70429,0,1,0
20075,4,1,70432,70432,70433,0,1,3
20076,5,1,70437,70437,70438,0,1,4
20077,1,3,70438,70438,70441,0,3,0
20078,5,2,70443,70443,70445,0,2,2
20079,4,2,70447,70447,70449,0,2,2
20080,4,1,70451,70451,70452,0,1,2
20081,4,1,70455,70455,70456,0,1,3
20082,2,2,70457,70457,70459,0,2,1
20083,1,3,70458,70459,70462,1,4,0
20084,4,3,70462,70462,70465,0,3,0
20085,4,3,70466,70466,70469,0,3,1
20086,3,2,70469,70469,70471,0,2,0
20087,4,3,70473,70473,70476,0,3,2
20088,6,3,70479,70479,70482,0,3,3
20089,2,1,70481,70482,70483,1,2,0
20090,2,3,70483,70483,70486,0,3,0
20091,6,1,70489,70489,70490,0,1,3
20092,3,2,70492,70492,70494,0,2,2
20093,4,2,70496,70496,70498,0,2,2
20094,5,3,70501,70501,70504,0,3,3
20095,1,2,70502,70504,70506,2,4,0
20096,4,3,70506,70506,70509,0,3,0
20097,1,1,70507,70509,70510,2,3,0
20098,3,3,70510,70510,70513,0,3,0
20099,3,2,70513,70513,70515,0,2,0
20100,3,2,70516,70516,70518,0,2,1
20101,6,3,70522,70522,70525,0,3,4
20102,6,1,70528,70528,70529,0,1,3
20103,6,2,70534,70534,70536,0,2,5
20104,6,3,70540,70540,70543,0,3,4
20105,5,2,70545,70545,70547,0,2,2
20106,3,3,70548,70548,70551,0,3,1
20107,4,1,70552,70552,70553,0,1,1
20108,4,3,70556,70556,70559,0,3,3
20109,1,3,70557,70559,70562,2,5,0
20110,3,3,70560,70562,70565,2,5,0
20111,3,1,70563,70565,70566,2,3,0
20112,3,1,70566,70566,70567,0,1,0
20113,2,3,70568,70568,70571,0,3,1
20114,2,3,70570,70571,70574,1,4,0
20115,2,1,70572,70574,70575,2,3,0
20116,4,2,70576,70576,70578,0,2,1
20117,6,1,70582,70582,70583,0,1,4
20118,4,3,70586,70586,70589,0,3,3
20119,3,3,70589,70589,70592,0,3,0
20120,3,3,70592,70592,70595,0,3,0
20121,4,1,70596,70596,70597,0,1,1
20122,6,2,70602,70602,70604,0,2,5
20123,3,2,70605,70605,70607,0,2,1
20124,4,3,70609,70609,70612,0,3,2
20125,1,2,70610,70612,70614,2,4,0
20126,1,2,70611,70614,70616,3,5,0
20127,2,1,70613,70616,70617,3,4,0
20128,4,3,70617,70617,70620,0,3,0
20129,6,2,70623,70623,70625,0,2,3
20130,2,1,70625,70625,70626,0,1,0
20131,1,1,70626,70626,70627,0,1,0
20132,4,2,70630,70630,70632,0,2,3
20133,4,3,70634,70634,70637,0,3,2
20134,2,2,70636,70637,70639,1,3,0
20135,3,3,70639,70639,70642,0,3,0
20136,1,2,70640,70642,70644,2,4,0
20137,5,3,70645,70645,70648,0,3,1
20138,2,1,70647,70648,70649,1,2,0
20139,1,1,70648,70649,70650,1,2,0
20140,4,1,70652,70652,70653,0,1,2
20141,3,1,70655,70655,70656,0,1,2
20142,5,3,70660,70660,70663,0,3,4
20143,4,2,70664,70664,70666,0,2,1
20144,4,1,70668,70668,70669,0,1,2
20145,4,3,70672,70672,70675,0,3,3
20146,5,1,70677,70677,70678,0,1,2
20147,5,3,70682,70682,70685,0,3,4
20148,4,3,70686,70686,70689,0,3,1
20149,6,2,70692,70692,70694,0,2,3
20150,6,1,70698,70698,70699,0,1,4
20151,4,1,70702,70702,70703,0,1,3
20152,5,3,70707,70707,70710,0,3,4
20153,1,3,70708,70710,70713,2,5,0
20154,6,2,70714,70714,70716,0,2,1
20155,4,2,70718,70718,70720,0,2,2
20156,4,2,70722,70722,70724,0,2,2
20157,1,3,70723,70724,70727,1,4,0
20158,1,2,70724,70727,70729,3,5,0
20159,6,3,70730,70730,70733,0,3,1
20160,6,1,70736,70736,70737,0,1,3
20161,2,1,70738,70738,70739,0,1,1
20162,2,2,70740,70740,70742,0,2,1
20163,5,3,70745,70745,70748,0,3,3
20164,6,1,70751,70751,70752,0,1,3
20165,3,1,70754,70754,70755,0,1,2
20166,1,3,70755,70755,70758,0,3,0
20167,3,1,70758,70758,70759,0,1,0
20168,4,2,70762,70762,70764,0,2,3
20169,5,3,70767,70767,70770,0,3,3
20170,3,1,70770,70770,70771,0,1,0
20171,5,3,70775,70775,70778,0,3,4
20172,3,3,70778,70778,70781,0,3,0
20173,4,2,70782,70782,70784,0,2,1
20174,3,2,70785,70785,70787,0,2,1
20175,4,3,70789,70789,70792,0,3,2
20176,3,2,70792,70792,70794,0,2,0
20177,1,1,70793,70794,70795,1,2,0
20178,3,2,70796,70796,70798,0,2,1
20179,2,1,70798,70798,70799,0,1,0
20180,1,1,70799,70799,70800,0,1,0
20181,1,3,70800,70800,70803,0,3,0
20182,2,3,70802,70803,70806,1,4,0
20183,1,1,70803,70806,70807,3,4,0
20184,6,1,70809,70809,70810,0,1,2
20185,6,3,70815,70815,70818,0,3,5
20186,6,2,70821,70821,70823,0,2,3
20187,3,1,70824,70824,70825,0,1,1
20188,1,2,70825,70825,70827,0,2,0
20189,4,3,70829,70829,70832,0,3,2
20190,4,3,70833,70833,70836,0,3,1
20191,5,2,70838,70838,70840,0,2,2
20192,6,2,70844,70844,70846,0,2,4
20193,4,2,70848,70848,70850,0,2,2
20194,3,1,70851,70851,70852,0,1,1
20195,6,3,70857,70857,70860,0,3,5
20196,6,2,70863,70863,70865,0,2,3
20197,2,2,70865,70865,70867,0,2,0
20198,6,1,70871,70871,70872,0,1,4
20199,5,2,70876,70876,70878,0,2,4
20200,2,1,70878,70878,70879,0,1,0
20201,3,3,70881,70881,70884,0,3,2
20202,6,2,70887,70887,70889,0,2,3
20203,1,3,70888,70889,70892,1,4,0
20204,6,2,70894,70894,70896,0,2,2
20205,2,3,70896,70896,70899,0,3,0
20206,3,2,70899,70899,70901,0,2,0
20207,1,3,70900,70901,70904,1,4,0
20208,3,1,70903,70904,70905,1,2,0
20209,5,1,70908,70908,70909,0,1,3
20210,2,1,70910,70910,70911,0,1,1
20211,3,1,70913,70913,70914,0,1,2
20212,2,3,70915,70915,70918,0,3,1
20213,1,1,70916,70918,70919,2,3,0
20214,1,1,70917,70919,70920,2,3,0
20215,4,2,70921,70921,70923,0,2,1
20216,5,2,70926,70926,70928,0,2,3
20217,1,3,70927,70928,70931,1,4,0
20218,6,3,70933,70933,70936,0,3,2
20219,4,2,70937,70937,70939,0,2,1
20220,3,3,70940,70940,70943,0,3,1
20221,6,3,70946,70946,70949,0,3,3
20222,6,2,70952,70952,70954,0,2,3
20223,3,2,70955,70955,70957,0,2,1
20224,3,2,70958,70958,70960,0,2,1
20225,3,3,70961,70961,70964,0,3,1
20226,1,1,70962,70964,70965,2,3,0
20227,4,1,70966,70966,70967,0,1,1
20228,5,3,70971,70971,70974,0,3,4
20229,3,2,70974,70974,70976,0,2,0
20230,5,1,70979,70979,70980,0,1,3
20231,6,3,70985,70985,70988,0,3,5
20232,6,3,70991,70991,70994,0,3,3
20233,5,1,70996,70996,70997,0,1,2
20234,4,3,71000,71000,71003,0,3,3
20235,2,1,71002,71003,71004,1,2,0
20236,6,2,71008,71008,71010,0,2,4
20237,6,3,71014,71014,71017,0,3,4
20238,2,1,71016,71017,71018,1,2,0
20239,2,2,71018,71018,71020,0,2,0
20240,6,2,71024,71024,71026,0,2,4
20241,5,3,71029,71029,71032,0,3,3
20242,5,3,71034,71034,71037,0,3,2
20243,2,3,71036,71037,71040,1,4,0
20244,3,3,71039,71040,71043,1,4,0
20245,6,2,71045,71045,71047,0,2,2
20246,4,2,71049,71049,71051,0,2,2
20247,6,1,71055,71055,71056,0,1,4
20248,6,3,71061,71061,71064,0,3,5
20249,6,2,71067,71067,71069,0,2,3
20250,3,1,71070,71070,71071,0,1,1
20251,5,3,71075,71075,71078,0,3,4
20252,4,2,71079,71079,71081,0,2,1
20253,1,1,71080,71081,71082,1,2,0
20254,3,1,71083,71083,71084,0,1,1
20255,6,3,71089,71089,71092,0,3,5
20256,6,3,71095,71095,71098,0,3,3
20257,6,1,71101,71101,71102,0,1,3
20258,5,3,71106,71106,71109,0,3,4
20259,6,1,71112,71112,71113,0,1,3
20260,5,1,71117,71117,71118,0,1,4
20261,1,3,71118,71118,71121,0,3,0
20262,6,2,71124,71124,71126,0,2,3
20263,6,2,71130,71130,71132,0,2,4
20264,2,2,71132,71132,71134,0,2,0
20265,1,3,71133,71134,71137,1,4,0
20266,2,2,71135,71137,71139,2,4,0
20267,4,1,71139,71139,71140,0,1,0
20268,4,1,71143,71143,71144,0,1,3
20269,5,3,71148,71148,71151,0,3,4
20270,2,3,71150,71151,71154,1,4,0
20271,2,2,71152,71154,71156,2,4,0
20272,3,3,71155,71156,71159,1,4,0
20273,1,2,71156,71159,71161,3,5,0
20274,6,1,71162,71162,71163,0,1,1
20275,1,2,71163,71163,71165,0,2,0
20276,4,3,71167,71167,71170,0,3,2
20277,5,2,71172,71172,71174,0,2,2
20278,6,3,71178,71178,71181,0,3,4
20279,5,1,71183,71183,71184,0,1,2
20280,2,3,71185,71185,71188,0,3,1
20281,5,1,71190,71190,71191,0,1,2
20282,2,1,71192,71192,71193,0,1,1
20283,3,2,71195,71195,71197,0,2,2
20284,6,1,71201,71201,71202,0,1,4
20285,1,3,71202,71202,71205,0,3,0
20286,6,1,71208,71208,71209,0,1,3
20287,6,1,71214,71214,71215,0,1,5
20288,4,3,71218,71218,71221,0,3,3
20289,5,3,71223,71223,71226,0,3,2
20290,4,2,71227,71227,71229,0,2,1
20291,5,1,71232,71232,71233,0,1,3
20292,3,2,71235,71235,71237,0,2,2
20293,5,1,71240,71240,71241,0,1,3
20294,3,1,71243,71243,71244,0,1,2
20295,5,2,71248,71248,71250,0,2,4
20296,2,2,71250,71250,71252,0,2,0
20297,5,2,71255,71255,71257,0,2,3
20298,6,1,71261,71261,71262,0,1,4
20299,5,2,71266,71266,71268,0,2,4
20300,4,1,71270,71270,71271,0,1,2
20301,2,3,71272,71272,71275,0,3,1
20302,2,1,71274,71275,71276,1,2,0
20303,1,1,71275,71276,71277,1,2,0
20304,5,1,71280,71280,71281,0,1,3
20305,3,2,71283,71283,71285,0,2,2
20306,6,3,71289,71289,71292,0,3,4
20307,5,2,71294,71294,71296,0,2,2
20308,3,3,71297,71297,71300,0,3,1
20309,2,1,71299,71300,71301,1,2,0
20310,4,2,71303,71303,71305,0,2,2
20311,2,1,71305,71305,71306,0,1,0
20312,2,1,71307,71307,71308,0,1,1
20313,4,2,71311,71311,71313,0,2,3
20314,1,1,71312,71313,71314,1,2,0
20315,1,1,71313,71314,71315,1,2,0
20316,3,2,71316,71316,71318,0,2,1
20317,1,1,71317,71318,71319,1,2,0
20318,3,3,71320,71320,71323,0,3,1
20319,5,3,71325,71325,71328,0,3,2
20320,1,3,71326,71328,71331,2,5,0
20321,3,1,71329,71331,71332,2,3,0
20322,1,2,71330,71332,71334,2,4,0
20323,4,3,71334,71334,71337,0,3,0
20324,6,3,71340,71340,71343,0,3,3
20325,1,3,71341,71343,71346,2,5,0
20326,6,2,71347,71347,71349,0,2,1
20327,3,2,71350,71350,71352,0,2,1
20328,6,1,71356,71356,71357,0,1,4
20329,2,1,71358,71358,71359,0,1,1
20330,1,1,71359,71359,71360,0,1,0
20331,3,2,71362,71362,71364,0,2,2
20332,1,2,71363,71364,71366,1,3,0
20333,5,3,71368,71368,71371,0,3,2
20334,6,3,71374,71374,71377,0,3,3
20335,4,1,71378,71378,71379,0,1,1
20336,3,2,71381,71381,71383,0,2,2
20337,2,3,71383,71383,71386,0,3,0
20338,2,1,71385,71386,71387,1,2,0
20339,1,2,71386,71387,71389,1,3,0
20340,2,2,71388,71389,71391,1,3,0
20341,3,1,71391,71391,71392,0,1,0
20342,6,3,71397,71397,71400,0,3,5
20343,6,2,71403,71403,71405,0,2,3
20344,2,3,71405,71405,71408,0,3,0
20345,5,1,71410,71410,71411,0,1,2
20346,5,2,71415,71415,71417,0,2,4
20347,5,3,71420,71420,71423,0,3,3
20348,4,2,71424,71424,71426,0,2,1
20349,5,1,71429,71429,71430,0,1,3
20350,6,3,71435,71435,71438,0,3,5
20351,3,2,71438,71438,71440,0,2,0
20352,4,2,71442,71442,71444,0,2,2
20353,5,1,71447,71447,71448,0,1,3
20354,5,1,71452,71452,71453,0,1,4
20355,3,3,71455,71455,71458,0,3,2
20356,3,3,71458,71458,71461,0,3,0
20357,3,1,71461,71461,71462,0,1,0
20358,3,3,71464,71464,71467,0,3,2
20359,2,1,71466,71467,71468,1,2,0
20360,6,2,71472,71472,71474,0,2,4
20361,4,3,71476,71476,71479,0,3,2
20362,4,2,71480,71480,71482,0,2,1
20363,1,1,71481,71482,71483,1,2,0
20364,2,3,71483,71483,71486,0,3,0
20365,1,1,71484,71486,71487,2,3,0
20366,5,1,71489,71489,71490,0,1,2
20367,6,2,71495,71495,71497,0,2,5
20368,6,2,71501,71501,71503,0,2,4
20369,4,1,71505,71505,71506,0,1,2
20370,6,3,71511,71511,71514,0,3,5
20371,6,1,71517,71517,71518,0,1,3
20372,3,3,71520,71520,71523,0,3,2
20373,4,3,71524,71524,71527,0,3,1
20374,1,1,71525,71527,71528,2,3,0
20375,5,1,71530,71530,71531,0,1,2
20376,1,3,71531,71531,71534,0,3,0
20377,5,1,71536,71536,71537,0,1,2
20378,3,3,71539,71539,71542,0,3,2
20379,5,1,71544,71544,71545,0,1,2
20380,1,2,71545,71545,71547,0,2,0
20381,4,1,71549,71549,71550,0,1,2
20382,4,1,71553,71553,71554,0,1,3
20383,5,2,71558,71558,71560,0,2,4
20384,3,3,71561,71561,71564,0,3,1
20385,2,1,71563,71564,71565,1,2,0
20386,6,3,71569,71569,71572,0,3,4
20387,6,2,71575,71575,71577,0,2,3
20388,6,2,71581,71581,71583,0,2,4
20389,4,1,71585,71585,71586,0,1,2
20390,1,3,71586,71586,71589,0,3,0
20391,3,3,71589,71589,71592,0,3,0
20392,5,2,71594,71594,71596,0,2,2
20393,5,1,71599,71599,71600,0,1,3
20394,6,1,71605,71605,71606,0,1,5
20395,6,2,71611,71611,71613,0,2,5
20396,1,1,71612,71613,71614,1,2,0
20397,2,1,71614,71614,71615,0,1,0
20398,2,2,71616,71616,71618,0,2,1
20399,5,2,71621,71621,71623,0,2,3
20400,4,1,71625,71625,71626,0,1,2
20401,1,2,71626,71626,71628,0,2,0
20402,1,1,71627,71628,71629,1,2,0
20403,2,1,71629,71629,71630,0,1,0
20404,6,2,71635,71635,71637,0,2,5
20405,5,1,71640,71640,71641,0,1,3
20406,4,2,71644,71644,71646,0,2,3
20407,4,3,71648,71648,71651,0,3,2
20408,4,3,71652,71652,71655,0,3,1
20409,6,2,71658,71658,71660,0,2,3
20410,2,1,71660,71660,71661,0,1,0
20411,1,2,71661,71661,71663,0,2,0
20412,3,2,71664,71664,71666,0,2,1
20413,2,2,71666,71666,71668,0,2,0
20414,2,2,71668,71668,71670,0,2,0
20415,5,1,71673,71673,71674,0,1,3
20416,3,2,71676,71676,71678,0,2,2
20417,6,3,71682,71682,71685,0,3,4
20418,4,2,71686,71686,71688,0,2,1
20419,5,2,71691,71691,71693,0,2,3
20420,1,2,71692,71693,71695,1,3,0
20421,4,1,71696,71696,71697,0,1,1
20422,1,3,71697,71697,71700,0,3,0
20423,6,1,71703,71703,71704,0,1,3
20424,1,2,71704,71704,71706,0,2,0
20425,4,2,71708,71708,71710,0,2,2
20426,6,1,71714,71714,71715,0,1,4
20427,1,3,71715,71715,71718,0,3,0
20428,1,2,71716,71718,71720,2,4,0
20429,2,1,71718,71720,71721,2,3,0
20430,2,3,71720,71721,71724,1,4,0
20431,4,3,71724,71724,71727,0,3,0
20432,2,3,71726,71727,71730,1,4,0
20433,4,1,71730,71730,71731,0,1,0
20434,3,2,71733,71733,71735,0,2,2
20435,5,3,71738,71738,71741,0,3,3
20436,2,1,71740,71741,71742,1,2,0
20437,1,1,71741,71742,71743,1,2,0
20438,3,1,71744,71744,71745,0,1,1
20439,2,2,71746,71746,71748,0,2,1
20440,3,3,71749,71749,71752,0,3,1
20441,3,3,71752,71752,71755,0,3,0
20442,6,1,71758,71758,71759,0,1,3
20443,6,3,71764,71764,71767,0,3,5
20444,5,1,71769,71769,71770,0,1,2
20445,3,2,71772,71772,71774,0,2,2
20446,3,1,71775,71775,71776,0,1,1
20447,4,1,71779,71779,71780,0,1,3
20448,4,2,71783,71783,71785,0,2,3
20449,5,2,71788,71788,71790,0,2,3
20450,4,3,71792,71792,71795,0,3,2
20451,4,2,71796,71796,71798,0,2,1
20452,1,3,71797,71798,71801,1,4,0
20453,1,3,71798,71801,71804,3,6,0
20454,4,1,71802,71804,71805,2,3,0
20455,5,3,71807,71807,71810,0,3,2
20456,5,2,71812,71812,71814,0,2,2
20457,4,1,71816,71816,71817,0,1,2
20458,1,1,71817,71817,71818,0,1,0
20459,2,3,71819,71819,71822,0,3,1
20460,5,2,71824,71824,71826,0,2,2
20461,2,2,71826,71826,71828,0,2,0
20462,3,1,71829,71829,71830,0,1,1
20463,4,1,71833,71833,71834,0,1,3
20464,1,2,71834,71834,71836,0,2,0
20465,6,3,71840,71840,71843,0,3,4
20466,6,1,71846,71846,71847,0,1,3
20467,2,3,71848,71848,71851,0,3,1
20468,2,3,71850,71851,71854,1,4,0
20469,1,1,71851,71854,71855,3,4,0
20470,6,2,71857,71857,71859,0,2,2
20471,4,3,71861,71861,71864,0,3,2
20472,3,2,71864,71864,71866,0,2,0
20473,2,2,71866,71866,71868,0,2,0
20474,3,1,71869,71869,71870,0,1,1
20475,5,2,71874,71874,71876,0,2,4
20476,4,2,71878,71878,71880,0,2,2
20477,3,2,71881,71881,71883,0,2,1
20478,1,3,71882,71883,71886,1,4,0
20479,2,2,71884,71886,71888,2,4,0
20480,4,2,71888,71888,71890,0,2,0
20481,1,1,71889,71890,71891,1,2,0
20482,3,1,71892,71892,71893,0,1,1
20483,1,1,71893,71893,71894,0,1,0
20484,2,3,71895,71895,71898,0,3,1
20485,3,1,71898,71898,71899,0,1,0
20486,5,3,71903,71903,71906,0,3,4
20487,6,2,71909,71909,71911,0,2,3
20488,1,2,71910,71911,71913,1,3,0
20489,6,1,71916,71916,71917,0,1,3
20490,5,2,71921,71921,71923,0,2,4
20491,1,1,71922,71923,71924,1,2,0
20492,6,1,71928,71928,71929,0,1,4
20493,4,3,71932,71932,71935,0,3,3
20494,6,3,71938,71938,71941,0,3,3
20495,5,1,71943,71943,71944,0,1,2
20496,2,2,71945,71945,71947,0,2,1
20497,4,3,71949,71949,71952,0,3,2
20498,6,3,71955,71955,71958,0,3,3
20499,3,1,71958,71958,71959,0,1,0
20500,5,1,71963,71963,71964,0,1,4
20501,1,3,71964,71964,71967,0,3,0
20502,4,3,71968,71968,71971,0,3,1
20503,5,1,71973,71973,71974,0,1,2
20504,6,1,71979,71979,71980,0,1,5
20505,4,3,71983,71983,71986,0,3,3
20506,4,3,71987,71987,71990,0,3,1
20507,2,2,71989,71990,71992,1,3,0
20508,3,2,71992,71992,71994,0,2,0
20509,6,2,71998,71998,72000,0,2,4
20510,4,3,72002,72002,72005,0,3,2
20511,6,1,72008,72008,72009,0,1,3
20512,6,2,72014,72014,72016,0,2,5
20513,3,1,72017,72017,72018,0,1,1
20514,2,2,72019,72019,72021,0,2,1
20515,3,1,72022,72022,72023,0,1,1
20516,6,2,72028,72028,72030,0,2,5
20517,5,2,72033,72033,72035,0,2,3
20518,5,1,72038,72038,72039,0,1,3
20519,2,1,72040,72040,72041,0,1,1
20520,4,1,72044,72044,72045,0,1,3
20521,6,1,72050,72050,72051,0,1,5
20522,2,1,72052,72052,72053,0,1,1
20523,3,1,72055,72055,72056,0,1,2
20524,6,3,72061,72061,72064,0,3,5
20525,3,3,72064,72064,72067,0,3,0
20526,1,2,72065,72067,72069,2,4,0
20527,1,3,72066,72069,72072,3,6,0
20528,3,3,72069,72072,72075,3,6,0
20529,2,2,72071,72075,72077,4,6,0
20530,5,3,72076,72077,72080,1,4,0
20531,1,2,72077,72080,72082,3,5,0
20532,1,1,72078,72082,72083,4,5,0
20533,2,2,72080,72083,72085,3,5,0
20534,2,1,72082,72085,72086,3,4,0
20535,6,2,72088,72088,72090,0,2,2
20536,2,3,72090,72090,72093,0,3,0
20537,6,1,72096,72096,72097,0,1,3
20538,5,1,72101,72101,72102,0,1,4
20539,6,2,72107,72107,72109,0,2,5
20540,4,1,72111,72111,72112,0,1,2
20541,6,2,72117,72117,72119,0,2,5
20542,1,3,72118,72119,72122,1,4,0
20543,2,2,72120,72122,72124,2,4,0
20544,5,3,72125,72125,72128,0,3,1
20545,3,3,72128,72128,72131,0,3,0
20546,2,2,72130,72131,72133,1,3,0
20547,1,1,72131,72133,72134,2,3,0
20548,4,3,72135,72135,72138,0,3,1
20549,3,1,72138,72138,72139,0,1,0
20550,6,2,72144,72144,72146,0,2,5
20551,3,2,72147,72147,72149,0,2,1
20552,6,1,72153,72153,72154,0,1,4
20553,3,1,72156,72156,72157,0,1,2
20554,1,2,72157,72157,72159,0,2,0
20555,3,2,72160,72160,72162,0,2,1
20556,1,3,72161,72162,72165,1,4,0
20557,6,3,72167,72167,72170,0,3,2
20558,6,2,72173,72173,72175,0,2,3
20559,6,3,72179,72179,72182,0,3,4
20560,1,1,72180,72182,72183,2,3,0
20561,2,1,72182,72183,72184,1,2,0
20562,5,3,72187,72187,72190,0,3,3
20563,2,2,72189,72190,72192,1,3,0
20564,5,2,72194,72194,72196,0,2,2
20565,4,2,72198,72198,72200,0,2,2
20566,1,2,72199,72200,72202,1,3,0
20567,4,3,72203,72203,72206,0,3,1
20568,5,3,72208,72208,72211,0,3,2
20569,4,3,72212,72212,72215,0,3,1
20570,5,1,72217,72217,72218,0,1,2
20571,2,2,72219,72219,72221,0,2,1
20572,5,1,72224,72224,72225,0,1,3
20573,4,1,72228,72228,72229,0,1,3
20574,3,1,72231,72231,72232,0,1,2
20575,1,1,72232,72232,72233,0,1,0
20576,3,2,72235,72235,72237,0,2,2
20577,5,1,72240,72240,72241,0,1,3
20578,3,2,72243,72243,72245,0,2,2
20579,5,2,72248,72248,72250,0,2,3
20580,6,2,72254,72254,72256,0,2,4
20581,5,1,72259,72259,72260,0,1,3
20582,4,2,72263,72263,72265,0,2,3
20583,3,3,72266,72266,72269,0,3,1
20584,6,1,72272,72272,72273,0,1,3
20585,2,3,72274,72274,72277,0,3,1
20586,6,3,72280,72280,72283,0,3,3
20587,5,3,72285,72285,72288,0,3,2
20588,3,1,72288,72288,72289,0,1,0
20589,3,3,72291,72291,72294,0,3,2
20590,1,3,72292,72294,72297,2,5,0
20591,5,2,72297,72297,72299,0,2,0
20592,4,3,72301,72301,72304,0,3,2
20593,2,2,72303,72304,72306,1,3,0
20594,2,3,72305,72306,72309,1,4,0
20595,1,2,72306,72309,72311,3,5,0
20596,4,2,72310,72311,72313,1,3,0
20597,4,3,72314,72314,72317,0,3,1
20598,5,2,72319,72319,72321,0,2,2
20599,5,2,72324,72324,72326,0,2,3
20600,1,2,72325,72326,72328,1,3,0
20601,1,2,72326,72328,72330,2,4,0
20602,5,3,72331,72331,72334,0,3,1
20603,3,1,72334,72334,72335,0,1,0
20604,6,2,72340,72340,72342,0,2,5
20605,4,1,72344,72344,72345,0,1,2
20606,6,1,72350,72350,72351,0,1,5
20607,2,3,72352,72352,72355,0,3,1
20608,3,3,72355,72355,72358,0,3,0
20609,3,1,72358,72358,72359,0,1,0
20610,4,3,72362,72362,72365,0,3,3
20611,5,3,72367,72367,72370,0,3,2
20612,1,2,72368,72370,72372,2,4,0
20613,2,2,72370,72372,72374,2,4,0
20614,5,1,72375,72375,72376,0,1,1
20615,5,2,72380,72380,72382,0,2,4
20616,1,3,72381,72382,72385,1,4,0
20617,1,3,72382,72385,72388,3,6,0
20618,4,2,72386,72388,72390,2,4,0
20619,2,1,72388,72390,72391,2,3,0
20620,2,2,72390,72391,72393,1,3,0
20621,1,1,72391,72393,72394,2,3,0
20622,3,3,72394,72394,72397,0,3,0
20623,5,3,72399,72399,72402,0,3,2
20624,4,2,72403,72403,72405,0,2,1
20625,6,2,72409,72409,72411,0,2,4
20626,1,1,72410,72411,72412,1,2,0
20627,1,3,72411,72412,72415,1,4,0
20628,5,3,72416,72416,72419,0,3,1
20629,3,3,72419,72419,72422,0,3,0
20630,3,2,72422,72422,72424,0,2,0
20631,6,2,72428,72428,72430,0,2,4
20632,3,2,72431,72431,72433,0,2,1
20633,2,1,72433,72433,72434,0,1,0
20634,4,1,72437,72437,72438,0,1,3
20635,5,2,72442,72442,72444,0,2,4
20636,3,3,72445,72445,72448,0,3,1
20637,4,1,72449,72449,72450,0,1,1
20638,5,1,72454,72454,72455,0,1,4
20639,5,3,72459,72459,72462,0,3,4
20640,2,3,72461,72462,72465,1,4,0
20641,5,2,72466,72466,72468,0,2,1
20642,3,1,72469,72469,72470,0,1,1
20643,2,2,72471,72471,72473,0,2,1
20644,5,2,72476,72476,72478,0,2,3
20645,5,2,72481,72481,72483,0,2,3
20646,3,1,72484,72484,72485,0,1,1
20647,4,2,72488,72488,72490,0,2,3
20648,4,3,72492,72492,72495,0,3,2
20649,1,2,72493,72495,72497,2,4,0
20650,4,2,72497,72497,72499,0,2,0
20651,5,3,72502,72502,72505,0,3,3
20652,2,3,72504,72505,72508,1,4,0
20653,2,3,72506,72508,72511,2,5,0
20654,5,1,72511,72511,72512,0,1,0
20655,1,1,72512,72512,72513,0,1,0
20656,6,1,72518,72518,72519,0,1,5
20657,6,3,72524,72524,72527,0,3,5
20658,5,1,72529,72529,72530,0,1,2
20659,6,3,72535,72535,72538,0,3,5
20660,5,2,72540,72540,72542,0,2,2
20661,1,2,72541,72542,72544,1,3,0
20662,6,3,72547,72547,72550,0,3,3
20663,4,2,72551,72551,72553,0,2,1
20664,3,1,72554,72554,72555,0,1,1
20665,1,2,72555,72555,72557,0,2,0
20666,6,3,72561,72561,72564,0,3,4
20667,6,2,72567,72567,72569,0,2,3
20668,5,2,72572,72572,72574,0,2,3
20669,6,1,72578,72578,72579,0,1,4
20670,5,1,72583,72583,72584,0,1,4
20671,6,3,72589,72589,72592,0,3,5
20672,2,1,72591,72592,72593,1,2,0
20673,6,2,72597,72597,72599,0,2,4
20674,4,3,72601,72601,72604,0,3,2
20675,2,1,72603,72604,72605,1,2,0
20676,1,3,72604,72605,72608,1,4,0
20677,5,3,72609,72609,72612,0,3,1
20678,3,1,72612,72612,72613,0,1,0
20679,4,2,72616,72616,72618,0,2,3
20680,6,3,72622,72622,72625,0,3,4
20681,2,1,72624,72625,72626,1,2,0
20682,2,3,72626,72626,72629,0,3,0
20683,2,2,72628,72629,72631,1,3,0
20684,4,1,72632,72632,72633,0,1,1
20685,5,2,72637,72637,72639,0,2,4
20686,1,2,72638,72639,72641,1,3,0
20687,2,1,72640,72641,72642,1,2,0
20688,3,1,72643,72643,72644,0,1,1
20689,2,2,72645,72645,72647,0,2,1
20690,3,3,72648,72648,72651,0,3,1
20691,3,3,72651,72651,72654,0,3,0
20692,1,2,72652,72654,72656,2,4,0
20693,2,1,72654,72656,72657,2,3,0
20694,1,2,72655,72657,72659,2,4,0
20695,5,1,72660,72660,72661,0,1,1
20696,6,1,72666,72666,72667,0,1,5
20697,3,1,72669,72669,72670,0,1,2
20698,6,1,72675,72675,72676,0,1,5
20699,4,2,72679,72679,72681,0,2,3
20700,1,2,72680,72681,72683,1,3,0
20701,3,1,72683,72683,72684,0,1,0
20702,2,1,72685,72685,72686,0,1,1
20703,5,3,72690,72690,72693,0,3,4
20704,2,3,72692,72693,72696,1,4,0
20705,5,3,72697,72697,72700,0,3,1
20706,3,3,72700,72700,72703,0,3,0
20707,5,2,72705,72705,72707,0,2,2
20708,4,2,72709,72709,72711,0,2,2
20709,1,2,72710,72711,72713,1,3,0
20710,5,3,72715,72715,72718,0,3,2
20711,4,3,72719,72719,72722,0,3,1
20712,2,1,72721,72722,72723,1,2,0
20713,3,1,72724,72724,72725,0,1,1
20714,3,3,72727,72727,72730,0,3,2
20715,4,1,72731,72731,72732,0,1,1
20716,1,3,72732,72732,72735,0,3,0
20717,5,3,72737,72737,72740,0,3,2
20718,6,2,72743,72743,72745,0,2,3
20719,4,2,72747,72747,72749,0,2,2
20720,5,3,72752,72752,72755,0,3,3
20721,1,1,72753,72755,72756,2,3,0
20722,6,1,72759,72759,72760,0,1,3
20723,4,3,72763,72763,72766,0,3,3
20724,3,2,72766,72766,72768,0,2,0
20725,3,1,72769,72769,72770,0,1,1
20726,6,1,72775,72775,72776,0,1,5
20727,3,2,72778,72778,72780,0,2,2
20728,2,2,72780,72780,72782,0,2,0
20729,6,1,72786,72786,72787,0,1,4
20730,1,2,72787,72787,72789,0,2,0
20731,5,1,72792,72792,72793,0,1,3
20732,3,3,72795,72795,72798,0,3,2
20733,6,2,72801,72801,72803,0,2,3
20734,5,3,72806,72806,72809,0,3,3
20735,4,1,72810,72810,72811,0,1,1
20736,3,1,72813,72813,72814,0,1,2
20737,6,2,72819,72819,72821,0,2,5
20738,3,3,72822,72822,72825,0,3,1
20739,3,1,72825,72825,72826,0,1,0
20740,5,2,72830,72830,72832,0,2,4
20741,3,1,72833,72833,72834,0,1,1
20742,3,3,72836,72836,72839,0,3,2
20743,1,1,72837,72839,72840,2,3,0
20744,1,1,72838,72840,72841,2,3,0
20745,2,3,72840,72841,72844,1,4,0
20746,1,2,72841,72844,72846,3,5,0
20747,2,3,72843,72846,72849,3,6,0
20748,3,3,72846,72849,72852,3,6,0
20749,3,1,72849,72852,72853,3,4,0
20750,6,3,72855,72855,72858,0,3,2
20751,3,1,72858,72858,72859,0,1,0
20752,6,1,72864,72864,72865,0,1,5
20753,1,2,72865,72865,72867,0,2,0
20754,4,1,72869,72869,72870,0,1,2
20755,6,2,72875,72875,72877,0,2,5
20756,3,2,72878,72878,72880,0,2,1
20757,2,1,72880,72880,72881,0,1,0
20758,5,1,72885,72885,72886,0,1,4
20759,5,1,72890,72890,72891,0,1,4
20760,4,3,72894,72894,72897,0,3,3
20761,1,3,72895,72897,72900,2,5,0
20762,4,3,72899,72900,72903,1,4,0
20763,3,3,72902,72903,72906,1,4,0
20764,5,1,72907,72907,72908,0,1,1
20765,3,2,72910,72910,72912,0,2,2
20766,1,3,72911,72912,72915,1,4,0
20767,5,1,72916,72916,72917,0,1,1
20768,3,2,72919,72919,72921,0,2,2
20769,1,3,72920,72921,72924,1,4,0
20770,5,2,72925,72925,72927,0,2,1
20771,3,1,72928,72928,72929,0,1,1
20772,3,3,72931,72931,72934,0,3,2
20773,4,1,72935,72935,72936,0,1,1
20774,4,1,72939,72939,72940,0,1,3
20775,1,1,72940,72940,72941,0,1,0
20776,5,3,72945,72945,72948,0,3,4
20777,5,2,72950,72950,72952,0,2,2
20778,5,1,72955,72955,72956,0,1,3
20779,5,3,72960,72960,72963,0,3,4
20780,4,2,72964,72964,72966,0,2,1
20781,4,2,72968,72968,72970,0,2,2
20782,3,1,72971,72971,72972,0,1,1
20783,5,2,72976,72976,72978,0,2,4
20784,3,1,72979,72979,72980,0,1,1
20785,1,3,72980,72980,72983,0,3,0
20786,5,2,72985,72985,72987,0,2,2
20787,1,3,72986,72987,72990,1,4,0
20788,4,1,72990,72990,72991,0,1,0
20789,1,3,72991,72991,72994,0,3,0
20790,1,1,72992,72994,72995,2,3,0
20791,1,2,72993,72995,72997,2,4,0
20792,4,2,72997,72997,72999,0,2,0
20793,2,2,72999,72999,73001,0,2,0
20794,4,2,73003,73003,73005,0,2,2
20795,3,2,73006,73006,73008,0,2,1
20796,3,1,73009,73009,73010,0,1,1
20797,4,3,73013,73013,73016,0,3,3
20798,3,3,73016,73016,73019,0,3,0
20799,4,1,73020,73020,73021,0,1,1
20800,5,3,73025,73025,73028,0,3,4
20801,5,3,73030,73030,73033,0,3,2
20802,4,1,73034,73034,73035,0,1,1
20803,5,2,73039,73039,73041,0,2,4
20804,4,1,73043,73043,73044,0,1,2
20805,3,2,73046,73046,73048,0,2,2
20806,2,2,73048,73048,73050,0,2,0
20807,5,1,73053,73053,73054,0,1,3
20808,3,1,73056,73056,73057,0,1,2
20809,1,2,73057,73057,73059,0,2,0
20810,5,3,73062,73062,73065,0,3,3
20811,1,1,73063,73065,73066,2,3,0
20812,6,1,73069,73069,73070,0,1,3
20813,1,3,73070,73070,73073,0,3,0
20814,2,2,73072,73073,73075,1,3,0
20815,2,1,73074,73075,73076,1,2,0
20816,4,2,73078,73078,73080,0,2,2
20817,3,1,73081,73081,73082,0,1,1
20818,1,3,73082,73082,73085,0,3,0
20819,6,2,73088,73088,73090,0,2,3
20820,1,3,73089,73090,73093,1,4,0
20821,4,2,73093,73093,73095,0,2,0
20822,4,1,73097,73097,73098,0,1,2
20823,4,3,73101,73101,73104,0,3,3
20824,6,2,73107,73107,73109,0,2,3
20825,6,1,73113,73113,73114,0,1,4
20826,3,3,73116,73116,73119,0,3,2
20827,3,3,73119,73119,73122,0,3,0
20828,6,2,73125,73125,73127,0,2,3
20829,2,2,73127,73127,73129,0,2,0
20830,6,1,73133,73133,73134,0,1,4
20831,4,1,73137,73137,73138,0,1,3
20832,4,2,73141,73141,73143,0,2,3
20833,5,3,73146,73146,73149,0,3,3
20834,1,2,73147,73149,73151,2,4,0
20835,1,2,73148,73151,73153,3,5,0
20836,6,3,73154,73154,73157,0,3,1
20837,5,2,73159,73159,73161,0,2,2
20838,5,1,73164,73164,73165,0,1,3
20839,6,1,73170,73170,73171,0,1,5
20840,6,3,73176,73176,73179,0,3,5
20841,2,3,73178,73179,73182,1,4,0
20842,2,2,73180,73182,73184,2,4,0
20843,6,2,73186,73186,73188,0,2,2
20844,5,1,73191,73191,73192,0,1,3
20845,6,3,73197,73197,73200,0,3,5
20846,3,3,73200,73200,73203,0,3,0
20847,4,1,73204,73204,73205,0,1,1
20848,6,2,73210,73210,73212,0,2,5
20849,4,2,73214,73214,73216,0,2,2
20850,1,3,73215,73216,73219,1,4,0
20851,6,1,73221,73221,73222,0,1,2
20852,6,2,73227,73227,73229,0,2,5
20853,2,3,73229,73229,73232,0,3,0
20854,3,3,73232,73232,73235,0,3,0
20855,4,3,73236,73236,73239,0,3,1
20856,1,3,73237,73239,73242,2,5,0
20857,4,2,73241,73242,73244,1,3,0
20858,6,3,73247,73247,73250,0,3,3
20859,1,1,73248,73250,73251,2,3,0
20860,5,1,73253,73253,73254,0,1,2
20861,3,1,73256,73256,73257,0,1,2
20862,4,1,73260,73260,73261,0,1,3
20863,2,2,73262,73262,73264,0,2,1
20864,6,3,73268,73268,73271,0,3,4
20865,4,1,73272,73272,73273,0,1,1
20866,4,1,73276,73276,73277,0,1,3
20867,4,1,73280,73280,73281,0,1,3
20868,1,3,73281,73281,73284,0,3,0
20869,1,2,73282,73284,73286,2,4,0
20870,6,2,73288,73288,73290,0,2,2
20871,6,1,73294,73294,73295,0,1,4
20872,2,1,73296,73296,73297,0,1,1
20873,2,1,73298,73298,73299,0,1,1
20874,3,1,73301,73301,73302,0,1,2
20875,6,1,73307,73307,73308,0,1,5
20876,6,1,73313,73313,73314,0,1,5
20877,2,3,73315,73315,73318,0,3,1
20878,5,3,73320,73320,73323,0,3,2
20879,4,3,73324,73324,73327,0,3,1
20880,6,1,73330,73330,73331,0,1,3
20881,1,1,73331,73331,73332,0,1,0
20882,5,3,73336,73336,73339,0,3,4
20883,4,3,73340,73340,73343,0,3,1
20884,6,3,73346,73346,73349,0,3,3
20885,6,3,73352,73352,73355,0,3,3
20886,4,1,73356,73356,73357,0,1,1
20887,5,1,73361,73361,73362,0,1,4
20888,3,1,73364,73364,73365,0,1,2
20889,1,1,73365,73365,73366,0,1,0
20890,3,3,73368,73368,73371,0,3,2
20891,2,1,73370,73371,73372,1,2,0
20892,3,1,73373,73373,73374,0,1,1
20893,2,2,73375,73375,73377,0,2,1
20894,6,3,73381,73381,73384,0,3,4
20895,6,3,73387,73387,73390,0,3,3
20896,6,3,73393,73393,73396,0,3,3
20897,1,2,73394,73396,73398,2,4,0
20898,4,2,73398,73398,73400,0,2,0
20899,5,3,73403,73403,73406,0,3,3
20900,1,2,73404,73406,73408,2,4,0
20901,5,3,73409,73409,73412,0,3,1
20902,4,3,73413,73413,73416,0,3,1
20903,3,3,73416,73416,73419,0,3,0
20904,6,3,73422,73422,73425,0,3,3
20905,2,1,73424,73425,73426,1,2,0
20906,6,3,73430,73430,73433,0,3,4
20907,3,1,73433,73433,73434,0,1,0
20908,4,3,73437,73437,73440,0,3,3
20909,1,1,73438,73440,73441,2,3,0
20910,3,1,73441,73441,73442,0,1,0
20911,3,3,73444,73444,73447,0,3,2
20912,4,2,73448,73448,73450,0,2,1
20913,1,3,73449,73450,73453,1,4,0
20914,1,1,73450,73453,73454,3,4,0
20915,6,2,73456,73456,73458,0,2,2
20916,1,1,73457,73458,73459,1,2,0
20917,1,2,73458,73459,73461,1,3,0
20918,2,3,73460,73461,73464,1,4,0
20919,4,3,73464,73464,73467,0,3,0
20920,4,1,73468,73468,73469,0,1,1
20921,5,2,73473,73473,73475,0,2,4
20922,2,1,73475,73475,73476,0,1,0
20923,1,1,73476,73476,73477,0,1,0
20924,5,2,73481,73481,73483,0,2,4
20925,3,2,73484,73484,73486,0,2,1
20926,4,1,73488,73488,73489,0,1,2
20927,3,2,73491,73491,73493,0,2,2
20928,6,2,73497,73497,73499,0,2,4
20929,6,3,73503,73503,73506,0,3,4
20930,2,1,73505,73506,73507,1,2,0
20931,3,2,73508,73508,73510,0,2,1
20932,4,2,73512,73512,73514,0,2,2
20933,3,2,73515,73515,73517,0,2,1
20934,6,1,73521,73521,73522,0,1,4
20935,1,1,73522,73522,73523,0,1,0
20936,5,2,73527,73527,73529,0,2,4
20937,1,3,73528,73529,73532,1,4,0
20938,1,1,73529,73532,73533,3,4,0
20939,6,3,73535,73535,73538,0,3,2
20940,6,1,73541,73541,73542,0,1,3
20941,6,1,73547,73547,73548,0,1,5
20942,2,1,73549,73549,73550,0,1,1
20943,6,1,73555,73555,73556,0,1,5
20944,2,3,73557,73557,73560,0,3,1
20945,1,3,73558,73560,73563,2,5,0
20946,5,1,73563,73563,73564,0,1,0
20947,5,3,73568,73568,73571,0,3,4
20948,6,2,73574,73574,73576,0,2,3
20949,5,1,73579,73579,73580,0,1,3
20950,4,3,73583,73583,73586,0,3,3
20951,3,1,73586,73586,73587,0,1,0
20952,6,1,73592,73592,73593,0,1,5
20953,6,2,73598,73598,73600,0,2,5
20954,2,1,73600,73600,73601,0,1,0
20955,3,1,73603,73603,73604,0,1,2
20956,3,3,73606,73606,73609,0,3,2
20957,4,2,73610,73610,73612,0,2,1
20958,4,2,73614,73614,73616,0,2,2
20959,5,3,73619,73619,73622,0,3,3
20960,5,3,73624,73624,73627,0,3,2
20961,1,3,73625,73627,73630,2,5,0
20962,4,3,73629,73630,73633,1,4,0
20963,6,1,73635,73635,73636,0,1,2
20964,2,3,73637,73637,73640,0,3,1
20965,3,3,73640,73640,73643,0,3,0
20966,6,1,73646,73646,73647,0,1,3
20967,3,1,73649,73649,73650,0,1,2
20968,3,3,73652,73652,73655,0,3,2
20969,3,2,73655,73655,73657,0,2,0
20970,2,1,73657,73657,73658,0,1,0
20971,6,3,73663,73663,73666,0,3,5
20972,4,2,73667,73667,73669,0,2,1
20973,5,3,73672,73672,73675,0,3,3
20974,5,1,73677,73677,73678,0,1,2
20975,5,2,73682,73682,73684,0,2,4
20976,2,1,73684,73684,73685,0,1,0
20977,3,2,73687,73687,73689,0,2,2
20978,2,2,73689,73689,73691,0,2,0
20979,2,2,73691,73691,73693,0,2,0
20980,4,1,73695,73695,73696,0,1,2
20981,3,1,73698,73698,73699,0,1,2
20982,1,3,73699,73699,73702,0,3,0
20983,5,2,73704,73704,73706,0,2,2
20984,4,1,73708,73708,73709,0,1,2
20985,5,1,73713,73713,73714,0,1,4
20986,1,1,73714,73714,73715,0,1,0
20987,4,3,73718,73718,73721,0,3,3
20988,3,1,73721,73721,73722,0,1,0
20989,3,3,73724,73724,73727,0,3,2
20990,3,3,73727,73727,73730,0,3,0
20991,4,2,73731,73731,73733,0,2,1
20992,2,3,73733,73733,73736,0,3,0
20993,1,1,73734,73736,73737,2,3,0
20994,6,2,73740,73740,73742,0,2,3
20995,5,3,73745,73745,73748,0,3,3
20996,3,3,73748,73748,73751,0,3,0
20997,5,3,73753,73753,73756,0,3,2
20998,2,1,73755,73756,73757,1,2,0
20999,1,1,73756,73757,73758,1,2,0
21000,1,3,73757,73758,73761,1,4,0
21001,1,1,73758,73761,73762,3,4,0
21002,2,3,73760,73762,73765,2,5,0
21003,1,1,73761,73765,73766,4,5,0
21004,4,3,73765,73766,73769,1,4,0
21005,3,1,73768,73769,73770,1,2,0
21006,5,2,73773,73773,73775,0,2,3
21007,4,3,73777,73777,73780,0,3,2
21008,3,1,73780,73780,73781,0,1,0
21009,1,3,73781,73781,73784,0,3,0
21010,1,1,73782,73784,73785,2,3,0
21011,5,2,73787,73787,73789,0,2,2
21012,6,1,73793,73793,73794,0,1,4
21013,3,3,73796,73796,73799,0,3,2
21014,1,1,73797,73799,73800,2,3,0
21015,4,1,73801,73801,73802,0,1,1
21016,5,1,73806,73806,73807,0,1,4
21017,3,3,73809,73809,73812,0,3,2
21018,1,1,73810,73812,73813,2,3,0
21019,1,1,73811,73813,73814,2,3,0
21020,6,3,73817,73817,73820,0,3,3
21021,5,1,73822,73822,73823,0,1,2
21022,1,1,73823,73823,73824,0,1,0
21023,4,3,73827,73827,73830,0,3,3
21024,5,2,73832,73832,73834,0,2,2
21025,5,2,73837,73837,73839,0,2,3
21026,4,1,73841,73841,73842,0,1,2
21027,1,3,73842,73842,73845,0,3,0
21028,6,1,73848,73848,73849,0,1,3
21029,1,1,73849,73849,73850,0,1,0
21030,1,3,73850,73850,73853,0,3,0
21031,1,2,73851,73853,73855,2,4,0
21032,6,2,73857,73857,73859,0,2,2
21033,3,3,73860,73860,73863,0,3,1
21034,2,1,73862,73863,73864,1,2,0
21035,4,2,73866,73866,73868,0,2,2
21036,2,3,73868,73868,73871,0,3,0
21037,4,3,73872,73872,73875,0,3,1
21038,4,1,73876,73876,73877,0,1,1
21039,1,2,73877,73877,73879,0,2,0
21040,1,2,73878,73879,73881,1,3,0
21041,5,1,73883,73883,73884,0,1,2
21042,5,1,73888,73888,73889,0,1,4
21043,1,3,73889,73889,73892,0,3,0
21044,6,2,73895,73895,73897,0,2,3
21045,2,3,73897,73897,73900,0,3,0
21046,6,1,73903,73903,73904,0,1,3
21047,5,1,73908,73908,73909,0,1,4
21048,2,1,73910,73910,73911,0,1,1
21049,5,3,73915,73915,73918,0,3,4
21050,2,3,73917,73918,73921,1,4,0
21051,2,3,73919,73921,73924,2,5,0
21052,1,1,73920,73924,73925,4,5,0
21053,3,3,73923,73925,73928,2,5,0
21054,1,1,73924,73928,73929,4,5,0
21055,5,2,73929,73929,73931,0,2,0
21056,1,1,73930,73931,73932,1,2,0
21057,5,3,73935,73935,73938,0,3,3
21058,2,2,73937,73938,73940,1,3,0
21059,3,2,73940,73940,73942,0,2,0
21060,1,1,73941,73942,73943,1,2,0
21061,3,3,73944,73944,73947,0,3,1
21062,5,1,73949,73949,73950,0,1,2
21063,4,1,73953,73953,73954,0,1,3
21064,6,3,73959,73959,73962,0,3,5
21065,3,2,73962,73962,73964,0,2,0
21066,5,2,73967,73967,73969,0,2,3
21067,4,1,73971,73971,73972,0,1,2
21068,3,2,73974,73974,73976,0,2,2
21069,5,1,73979,73979,73980,0,1,3
21070,6,1,73985,73985,73986,0,1,5
21071,5,3,73990,73990,73993,0,3,4
21072,6,3,73996,73996,73999,0,3,3
21073,4,1,74000,74000,74001,0,1,1
21074,3,2,74003,74003,74005,0,2,2
21075,3,1,74006,74006,74007,0,1,1
21076,6,1,74012,74012,74013,0,1,5
21077,5,3,74017,74017,74020,0,3,4
21078,1,2,74018,74020,74022,2,4,0
21079,4,2,74022,74022,74024,0,2,0
21080,5,1,74027,74027,74028,0,1,3
21081,3,3,74030,74030,74033,0,3,2
21082,1,3,74031,74033,74036,2,5,0
21083,5,1,74036,74036,74037,0,1,0
21084,5,2,74041,74041,74043,0,2,4
21085,5,2,74046,74046,74048,0,2,3
21086,2,1,74048,74048,74049,0,1,0
21087,6,2,74054,74054,74056,0,2,5
21088,5,1,74059,74059,74060,0,1,3
21089,1,2,74060,74060,74062,0,2,0
21090,4,2,74064,74064,74066,0,2,2
21091,6,1,74070,74070,74071,0,1,4
21092,6,3,74076,74076,74079,0,3,5
21093,4,1,74080,74080,74081,0,1,1
21094,2,3,74082,74082,74085,0,3,1
21095,4,2,74086,74086,74088,0,2,1
21096,2,1,74088,74088,74089,0,1,0
21097,4,3,74092,74092,74095,0,3,3
21098,1,2,74093,74095,74097,2,4,0
21099,3,1,74096,74097,74098,1,2,0
21100,3,1,74099,74099,74100,0,1,1
21101,1,2,74100,74100,74102,0,2,0
21102,1,2,74101,74102,74104,1,3,0
21103,3,2,74104,74104,74106,0,2,0
21104,4,2,74108,74108,74110,0,2,2
21105,4,2,74112,74112,74114,0,2,2
21106,6,2,74118,74118,74120,0,2,4
21107,3,1,74121,74121,74122,0,1,1
21108,6,1,74127,74127,74128,0,1,5
21109,1,3,74128,74128,74131,0,3,0
21110,5,2,74133,74133,74135,0,2,2
21111,2,2,74135,74135,74137,0,2,0
21112,5,1,74140,74140,74141,0,1,3
21113,4,1,74144,74144,74145,0,1,3
21114,4,2,74148,74148,74150,0,2,3
21115,6,3,74154,74154,74157,0,3,4
21116,1,3,74155,74157,74160,2,5,0
21117,3,3,74158,74160,74163,2,5,0
21118,2,2,74160,74163,74165,3,5,0
21119,6,1,74166,74166,74167,0,1,1
21120,4,3,74170,74170,74173,0,3,3
21121,2,2,74172,74173,74175,1,3,0
21122,1,2,74173,74175,74177,2,4,0
21123,3,2,74176,74177,74179,1,3,0
21124,2,1,74178,74179,74180,1,2,0
21125,2,1,74180,74180,74181,0,1,0
21126,5,1,74185,74185,74186,0,1,4
21127,3,2,74188,74188,74190,0,2,2
21128,3,2,74191,74191,74193,0,2,1
21129,2,1,74193,74193,74194,0,1,0
21130,3,1,74196,74196,74197,0,1,2
21131,2,2,74198,74198,74200,0,2,1
21132,1,3,74199,74200,74203,1,4,0
21133,6,2,74205,74205,74207,0,2,2
21134,1,2,74206,74207,74209,1,3,0
21135,4,2,74210,74210,74212,0,2,1
21136,3,2,74213,74213,74215,0,2,1
21137,1,3,74214,74215,74218,1,4,0
21138,1,1,74215,74218,74219,3,4,0
21139,3,2,74218,74219,74221,1,3,0
21140,6,3,74224,74224,74227,0,3,3
21141,4,3,74228,74228,74231,0,3,1
21142,3,3,74231,74231,74234,0,3,0
21143,2,3,74233,74234,74237,1,4,0
21144,3,1,74236,74237,74238,1,2,0
21145,1,1,74237,74238,74239,1,2,0
21146,4,2,74241,74241,74243,0,2,2
21147,5,3,74246,74246,74249,0,3,3
21148,6,3,74252,74252,74255,0,3,3
21149,3,1,74255,74255,74256,0,1,0
21150,6,3,74261,74261,74264,0,3,5
21151,2,2,74263,74264,74266,1,3,0
21152,3,2,74266,74266,74268,0,2,0
21153,4,3,74270,74270,74273,0,3,2
21154,2,2,74272,74273,74275,1,3,0
21155,2,1,74274,74275,74276,1,2,0
21156,5,1,74279,74279,74280,0,1,3
21157,3,1,74282,74282,74283,0,1,2
21158,5,2,74287,74287,74289,0,2,4
21159,3,1,74290,74290,74291,0,1,1
21160,2,1,74292,74292,74293,0,1,1
21161,4,3,74296,74296,74299,0,3,3
21162,6,1,74302,74302,74303,0,1,3
21163,4,3,74306,74306,74309,0,3,3
21164,1,2,74307,74309,74311,2,4,0
21165,5,1,74312,74312,74313,0,1,1
21166,6,2,74318,74318,74320,0,2,5
21167,2,1,74320,74320,74321,0,1,0
21168,4,2,74324,74324,74326,0,2,3
21169,2,1,74326,74326,74327,0,1,0
21170,5,2,74331,74331,74333,0,2,4
21171,4,1,74335,74335,74336,0,1,2
21172,2,3,74337,74337,74340,0,3,1
21173,3,1,74340,74340,74341,0,1,0
21174,3,1,74343,74343,74344,0,1,2
21175,2,1,74345,74345,74346,0,1,1
21176,4,3,74349,74349,74352,0,3,3
21177,1,1,74350,74352,74353,2,3,0
21178,5,1,74355,74355,74356,0,1,2
21179,2,2,74357,74357,74359,0,2,1
21180,3,3,74360,74360,74363,0,3,1
21181,5,2,74365,74365,74367,0,2,2
21182,4,3,74369,74369,74372,0,3,2
21183,5,2,74374,74374,74376,0,2,2
21184,3,2,74377,74377,74379,0,2,1
21185,5,2,74382,74382,74384,0,2,3
21186,1,3,74383,74384,74387,1,4,0
21187,6,1,74389,74389,74390,0,1,2
21188,6,3,74395,74395,74398,0,3,5
21189,2,2,74397,74398,74400,1,3,0
21190,3,3,74400,74400,74403,0,3,0
21191,2,3,74402,74403,74406,1,4,0
21192,5,1,74407,74407,74408,0,1,1
21193,1,2,74408,74408,74410,0,2,0
21194,1,3,74409,74410,74413,1,4,0
21195,1,2,74410,74413,74415,3,5,0
21196,6,2,74416,74416,74418,0,2,1
21197,1,2,74417,74418,74420,1,3,0
21198,2,1,74419,74420,74421,1,2,0
21199,6,2,74425,74425,74427,0,2,4
21200,4,2,74429,74429,74431,0,2,2
21201,6,1,74435,74435,74436,0,1,4
21202,1,1,74436,74436,74437,0,1,0
21203,2,1,74438,74438,74439,0,1,1
21204,2,3,74440,74440,74443,0,3,1
21205,3,2,74443,74443,74445,0,2,0
21206,5,1,74448,74448,74449,0,1,3
21207,1,1,74449,74449,74450,0,1,0
21208,1,2,74450,74450,74452,0,2,0
21209,1,1,74451,74452,74453,1,2,0
21210,5,3,74456,74456,74459,0,3,3
21211,3,3,74459,74459,74462,0,3,0
21212,4,2,74463,74463,74465,0,2,1
21213,2,3,74465,74465,74468,0,3,0
21214,6,3,74471,74471,74474,0,3,3
21215,3,1,74474,74474,74475,0,1,0
21216,3,1,74477,74477,74478,0,1,2
21217,1,3,74478,74478,74481,0,3,0
21218,2,3,74480,74481,74484,1,4,0
21219,3,3,74483,74484,74487,1,4,0
21220,5,2,74488,74488,74490,0,2,1
21221,2,1,74490,74490,74491,0,1,0
21222,3,1,74493,74493,74494,0,1,2
21223,6,1,74499,74499,74500,0,1,5
21224,5,3,74504,74504,74507,0,3,4
21225,5,1,74509,74509,74510,0,1,2
21226,5,1,74514,74514,74515,0,1,4
21227,5,3,74519,74519,74522,0,3,4
21228,6,1,74525,74525,74526,0,1,3
21229,3,1,74528,74528,74529,0,1,2
21230,1,1,74529,74529,74530,0,1,0
21231,3,3,74532,74532,74535,0,3,2
21232,3,1,74535,74535,74536,0,1,0
21233,3,1,74538,74538,74539,0,1,2
21234,2,1,74540,74540,74541,0,1,1
21235,6,3,74546,74546,74549,0,3,5
21236,1,2,74547,74549,74551,2,4,0
21237,6,1,74553,74553,74554,0,1,2
21238,4,3,74557,74557,74560,0,3,3
21239,4,3,74561,74561,74564,0,3,1
21240,2,2,74563,74564,74566,1,3,0
21241,5,1,74568,74568,74569,0,1,2
21242,2,3,74570,74570,74573,0,3,1
21243,4,2,74574,74574,74576,0,2,1
21244,5,1,74579,74579,74580,0,1,3
21245,4,1,74583,74583,74584,0,1,3
21246,1,1,74584,74584,74585,0,1,0
21247,4,1,74588,74588,74589,0,1,3
21248,4,2,74592,74592,74594,0,2,3
21249,6,1,74598,74598,74599,0,1,4
21250,6,1,74604,74604,74605,0,1,5
21251,4,1,74608,74608,74609,0,1,3
21252,2,3,74610,74610,74613,0,3,1
21253,2,1,74612,74613,74614,1,2,0
21254,3,3,74615,74615,74618,0,3,1
21255,1,3,74616,74618,74621,2,5,0
21256,5,3,74621,74621,74624,0,3,0
21257,3,1,74624,74624,74625,0,1,0
21258,6,2,74630,74630,74632,0,2,5
21259,1,1,74631,74632,74633,1,2,0
21260,3,2,74634,74634,74636,0,2,1
21261,1,1,74635,74636,74637,1,2,0
21262,5,3,74640,74640,74643,0,3,3
21263,2,3,74642,74643,74646,1,4,0
21264,4,3,74646,74646,74649,0,3,0
21265,2,3,74648,74649,74652,1,4,0
21266,5,2,74653,74653,74655,0,2,1
21267,1,3,74654,74655,74658,1,4,0
21268,1,3,74655,74658,74661,3,6,0
21269,6,1,74661,74661,74662,0,1,0
21270,5,2,74666,74666,74668,0,2,4
21271,1,3,74667,74668,74671,1,4,0
21272,3,2,74670,74671,74673,1,3,0
21273,1,1,74671,74673,74674,2,3,0
21274,1,2,74672,74674,74676,2,4,0
21275,3,2,74675,74676,74678,1,3,0
21276,1,3,74676,74678,74681,2,5,0
21277,5,1,74681,74681,74682,0,1,0
21278,2,3,74683,74683,74686,0,3,1
21279,4,1,74687,74687,74688,0,1,1
21280,6,1,74693,74693,74694,0,1,5
21281,6,1,74699,74699,74700,0,1,5
21282,2,1,74701,74701,74702,0,1,1
21283,6,2,74707,74707,74709,0,2,5
21284,2,3,74709,74709,74712,0,3,0
21285,4,2,74713,74713,74715,0,2,1
21286,4,3,74717,74717,74720,0,3,2
21287,6,2,74723,74723,74725,0,2,3
21288,1,3,74724,74725,74728,1,4,0
21289,3,1,74727,74728,74729,1,2,0
21290,4,2,74731,74731,74733,0,2,2
21291,2,3,74733,74733,74736,0,3,0
21292,1,1,74734,74736,74737,2,3,0
21293,4,2,74738,74738,74740,0,2,1
21294,3,1,74741,74741,74742,0,1,1
21295,4,3,74745,74745,74748,0,3,3
21296,4,3,74749,74749,74752,0,3,1
21297,5,3,74754,74754,74757,0,3,2
21298,2,3,74756,74757,74760,1,4,0
21299,6,1,74762,74762,74763,0,1,2
21300,4,1,74766,74766,74767,0,1,3
21301,6,3,74772,74772,74775,0,3,5
21302,5,1,74777,74777,74778,0,1,2
21303,4,1,74781,74781,74782,0,1,3
21304,6,2,74787,74787,74789,0,2,5
21305,1,1,74788,74789,74790,1,2,0
21306,3,1,74791,74791,74792,0,1,1
21307,4,1,74795,74795,74796,0,1,3
21308,3,3,74798,74798,74801,0,3,2
21309,2,1,74800,74801,74802,1,2,0
21310,2,1,74802,74802,74803,0,1,0
21311,4,3,74806,74806,74809,0,3,3
21312,3,3,74809,74809,74812,0,3,0
21313,6,1,74815,74815,74816,0,1,3
21314,2,3,74817,74817,74820,0,3,1
21315,2,1,74819,74820,74821,1,2,0
21316,5,1,74824,74824,74825,0,1,3
21317,4,2,74828,74828,74830,0,2,3
21318,5,2,74833,74833,74835,0,2,3
21319,2,1,74835,74835,74836,0,1,0
21320,4,3,74839,74839,74842,0,3,3
21321,2,3,74841,74842,74845,1,4,0
21322,4,1,74845,74845,74846,0,1,0
21323,1,2,74846,74846,74848,0,2,0
21324,2,1,74848,74848,74849,0,1,0
21325,4,3,74852,74852,74855,0,3,3
21326,5,2,74857,74857,74859,0,2,2
21327,5,1,74862,74862,74863,0,1,3
21328,5,2,74867,74867,74869,0,2,4
21329,6,2,74873,74873,74875,0,2,4
21330,5,2,74878,74878,74880,0,2,3
21331,6,3,74884,74884,74887,0,3,4
21332,2,3,74886,74887,74890,1,4,0
21333,4,1,74890,74890,74891,0,1,0
21334,1,2,74891,74891,74893,0,2,0
21335,2,1,74893,74893,74894,0,1,0
21336,1,1,74894,74894,74895,0,1,0
21337,5,2,74899,74899,74901,0,2,4
21338,4,2,74903,74903,74905,0,2,2
21339,2,2,74905,74905,74907,0,2,0
21340,1,1,74906,74907,74908,1,2,0
21341,3,2,74909,74909,74911,0,2,1
21342,6,2,74915,74915,74917,0,2,4
21343,2,3,74917,74917,74920,0,3,0
21344,5,3,74922,74922,74925,0,3,2
21345,5,1,74927,74927,74928,0,1,2
21346,4,3,74931,74931,74934,0,3,3
21347,6,2,74937,74937,74939,0,2,3
21348,3,2,74940,74940,74942,0,2,1
21349,6,1,74946,74946,74947,0,1,4
21350,6,1,74952,74952,74953,0,1,5
21351,5,1,74957,74957,74958,0,1,4
21352,2,3,74959,74959,74962,0,3,1
21353,1,1,74960,74962,74963,2,3,0
21354,1,2,74961,74963,74965,2,4,0
21355,1,3,74962,74965,74968,3,6,0
21356,2,2,74964,74968,74970,4,6,0
21357,6,1,74970,74970,74971,0,1,0
21358,1,1,74971,74971,74972,0,1,0
21359,6,3,74977,74977,74980,0,3,5
21360,2,3,74979,74980,74983,1,4,0
21361,4,1,74983,74983,74984,0,1,0
21362,2,3,74985,74985,74988,0,3,1
21363,1,1,74986,74988,74989,2,3,0
21364,1,1,74987,74989,74990,2,3,0
21365,3,3,74990,74990,74993,0,3,0
21366,5,2,74995,74995,74997,0,2,2
21367,6,3,75001,75001,75004,0,3,4
21368,5,1,75006,75006,75007,0,1,2
21369,5,3,75011,75011,75014,0,3,4
21370,4,2,75015,75015,75017,0,2,1
21371,4,3,75019,75019,75022,0,3,2
21372,3,2,75022,75022,75024,0,2,0
21373,2,1,75024,75024,75025,0,1,0
21374,5,3,75029,75029,75032,0,3,4
21375,2,1,75031,75032,75033,1,2,0
21376,5,3,75036,75036,75039,0,3,3
21377,5,1,75041,75041,75042,0,1,2
21378,1,1,75042,75042,75043,0,1,0
21379,6,3,75048,75048,75051,0,3,5
21380,1,2,75049,75051,75053,2,4,0
21381,1,2,75050,75053,75055,3,5,0
21382,5,2,75055,75055,75057,0,2,0
21383,3,3,75058,75058,75061,0,3,1
21384,3,2,75061,75061,75063,0,2,0
21385,6,3,75067,75067,75070,0,3,4
21386,4,2,75071,75071,75073,0,2,1
21387,1,2,75072,75073,75075,1,3,0
21388,5,1,75077,75077,75078,0,1,2
21389,1,1,75078,75078,75079,0,1,0
21390,2,2,75080,75080,75082,0,2,1
21391,4,3,75084,75084,75087,0,3,2
21392,2,3,75086,75087,75090,1,4,0
21393,3,1,75089,75090,75091,1,2,0
21394,4,3,75093,75093,75096,0,3,2
21395,1,2,75094,75096,75098,2,4,0
21396,5,3,75099,75099,75102,0,3,1
21397,4,3,75103,75103,75106,0,3,1
21398,1,2,75104,75106,75108,2,4,0
21399,1,2,75105,75108,75110,3,5,0
21400,1,1,75106,75110,75111,4,5,0
21401,2,2,75108,75111,75113,3,5,0
21402,6,1,75114,75114,75115,0,1,1
21403,2,3,75116,75116,75119,0,3,1
21404,3,2,75119,75119,75121,0,2,0
21405,6,3,75125,75125,75128,0,3,4
21406,2,1,75127,75128,75129,1,2,0
21407,5,1,75132,75132,75133,0,1,3
21408,2,2,75134,75134,75136,0,2,1
21409,6,2,75140,75140,75142,0,2,4
21410,4,3,75144,75144,75147,0,3,2
21411,1,1,75145,75147,75148,2,3,0
21412,2,3,75147,75148,75151,1,4,0
21413,2,2,75149,75151,75153,2,4,0
21414,4,2,75153,75153,75155,0,2,0
21415,6,1,75159,75159,75160,0,1,4
21416,2,2,75161,75161,75163,0,2,1
21417,1,1,75162,75163,75164,1,2,0
21418,4,1,75166,75166,75167,0,1,2
21419,3,3,75169,75169,75172,0,3,2
21420,1,1,75170,75172,75173,2,3,0
21421,6,1,75176,75176,75177,0,1,3
21422,2,2,75178,75178,75180,0,2,1
21423,4,3,75182,75182,75185,0,3,2
21424,2,3,75184,75185,75188,1,4,0
21425,2,1,75186,75188,75189,2,3,0
21426,2,1,75188,75189,75190,1,2,0
21427,1,2,75189,75190,75192,1,3,0
21428,1,3,75190,75192,75195,2,5,0
21429,4,2,75194,75195,75197,1,3,0
21430,2,3,75196,75197,75200,1,4,0
21431,4,1,75200,75200,75201,0,1,0
21432,2,2,75202,75202,75204,0,2,1
21433,3,2,75205,75205,75207,0,2,1
21434,3,2,75208,75208,75210,0,2,1
21435,2,1,75210,75210,75211,0,1,0
21436,5,3,75215,75215,75218,0,3,4
21437,5,2,75220,75220,75222,0,2,2
21438,6,1,75226,75226,75227,0,1,4
21439,6,3,75232,75232,75235,0,3,5
21440,5,3,75237,75237,75240,0,3,2
21441,4,3,75241,75241,75244,0,3,1
21442,5,3,75246,75246,75249,0,3,2
21443,2,2,75248,75249,75251,1,3,0
21444,5,1,75253,75253,75254,0,1,2
21445,4,2,75257,75257,75259,0,2,3
21446,5,3,75262,75262,75265,0,3,3
21447,2,3,75264,75265,75268,1,4,0
21448,6,3,75270,75270,75273,0,3,2
21449,4,1,75274,75274,75275,0,1,1
21450,2,3,75276,75276,75279,0,3,1
21451,6,1,75282,75282,75283,0,1,3
21452,2,3,75284,75284,75287,0,3,1
21453,4,3,75288,75288,75291,0,3,1
21454,3,1,75291,75291,75292,0,1,0
21455,4,3,75295,75295,75298,0,3,3
21456,3,1,75298,75298,75299,0,1,0
21457,2,1,75300,75300,75301,0,1,1
21458,6,1,75306,75306,75307,0,1,5
21459,1,3,75307,75307,75310,0,3,0
21460,4,2,75311,75311,75313,0,2,1
21461,3,2,75314,75314,75316,0,2,1
21462,6,1,75320,75320,75321,0,1,4
21463,4,2,75324,75324,75326,0,2,3
21464,2,3,75326,75326,75329,0,3,0
21465,1,3,75327,75329,75332,2,5,0
21466,3,2,75330,75332,75334,2,4,0
21467,1,2,75331,75334,75336,3,5,0
21468,4,2,75335,75336,75338,1,3,0
21469,6,3,75341,75341,75344,0,3,3
21470,1,3,75342,75344,75347,2,5,0
21471,2,3,75344,75347,75350,3,6,0
21472,6,1,75350,75350,75351,0,1,0
21473,6,3,75356,75356,75359,0,3,5
21474,5,3,75361,75361,75364,0,3,2
21475,6,1,75367,75367,75368,0,1,3
21476,3,3,75370,75370,75373,0,3,2
21477,2,3,75372,75373,75376,1,4,0
21478,3,1,75375,75376,75377,1,2,0
21479,3,3,75378,75378,75381,0,3,1
21480,4,2,75382,75382,75384,0,2,1
21481,4,2,75386,75386,75388,0,2,2
21482,2,3,75388,75388,75391,0,3,0
21483,2,1,75390,75391,75392,1,2,0
21484,1,1,75391,75392,75393,1,2,0
21485,6,2,75397,75397,75399,0,2,4
21486,1,3,75398,75399,75402,1,4,0
21487,1,2,75399,75402,75404,3,5,0
21488,6,1,75405,75405,75406,0,1,1
21489,1,3,75406,75406,75409,0,3,0
21490,5,2,75411,75411,75413,0,2,2
21491,3,3,75414,75414,75417,0,3,1
21492,3,3,75417,75417,75420,0,3,0
21493,2,1,75419,75420,75421,1,2,0
21494,3,3,75422,75422,75425,0,3,1
21495,2,1,75424,75425,75426,1,2,0
21496,6,1,75430,75430,75431,0,1,4
21497,2,2,75432,75432,75434,0,2,1
21498,5,1,75437,75437,75438,0,1,3
21499,2,3,75439,75439,75442,0,3,1
21500,5,1,75444,75444,75445,0,1,2
21501,6,1,75450,75450,75451,0,1,5
21502,1,1,75451,75451,75452,0,1,0
21503,3,3,75454,75454,75457,0,3,2
21504,1,3,75455,75457,75460,2,5,0
21505,1,2,75456,75460,75462,4,6,0
21506,2,2,75458,75462,75464,4,6,0
21507,1,1,75459,75464,75465,5,6,0
21508,5,3,75464,75465,75468,1,4,0
21509,6,3,75470,75470,75473,0,3,2
21510,4,3,75474,75474,75477,0,3,1
21511,3,1,75477,75477,75478,0,1,0
21512,1,1,75478,75478,75479,0,1,0
21513,3,3,75481,75481,75484,0,3,2
21514,1,3,75482,75484,75487,2,5,0
21515,3,3,75485,75487,75490,2,5,0
21516,6,2,75491,75491,75493,0,2,1
21517,3,3,75494,75494,75497,0,3,1
21518,4,1,75498,75498,75499,0,1,1
21519,1,1,75499,75499,75500,0,1,0
21520,6,1,75505,75505,75506,0,1,5
21521,4,3,75509,75509,75512,0,3,3
21522,2,3,75511,75512,75515,1,4,0
21523,5,2,75516,75516,75518,0,2,1
21524,4,2,75520,75520,75522,0,2,2
21525,6,2,75526,75526,75528,0,2,4
21526,5,1,75531,75531,75532,0,1,3
21527,1,2,75532,75532,75534,0,2,0
21528,1,3,75533,75534,75537,1,4,0
21529,5,3,75538,75538,75541,0,3,1
21530,4,3,75542,75542,75545,0,3,1
21531,6,2,75548,75548,75550,0,2,3
21532,1,1,75549,75550,75551,1,2,0
21533,2,1,75551,75551,75552,0,1,0
21534,2,3,75553,75553,75556,0,3,1
21535,3,3,75556,75556,75559,0,3,0
21536,1,1,75557,75559,75560,2,3,0
21537,2,2,75559,75560,75562,1,3,0
21538,3,2,75562,75562,75564,0,2,0
21539,3,3,75565,75565,75568,0,3,1
21540,6,2,75571,75571,75573,0,2,3
21541,4,1,75575,75575,75576,0,1,2
21542,1,1,75576,75576,75577,0,1,0
21543,2,3,75578,75578,75581,0,3,1
21544,2,3,75580,75581,75584,1,4,0
21545,4,1,75584,75584,75585,0,1,0
21546,4,1,75588,75588,75589,0,1,3
21547,5,3,75593,75593,75596,0,3,4
21548,4,1,75597,75597,75598,0,1,1
21549,5,3,75602,75602,75605,0,3,4
21550,4,2,75606,75606,75608,0,2,1
21551,6,1,75612,75612,75613,0,1,4
21552,5,3,75617,75617,75620,0,3,4
21553,2,2,75619,75620,75622,1,3,0
21554,3,1,75622,75622,75623,0,1,0
21555,2,3,75624,75624,75627,0,3,1
21556,5,2,75629,75629,75631,0,2,2
21557,5,1,75634,75634,75635,0,1,3
21558,3,2,75637,75637,75639,0,2,2
21559,4,1,75641,75641,75642,0,1,2
21560,6,2,75647,75647,75649,0,2,5
21561,6,1,75653,75653,75654,0,1,4
21562,2,3,75655,75655,75658,0,3,1
21563,3,2,75658,75658,75660,0,2,0
21564,1,2,75659,75660,75662,1,3,0
21565,5,2,75664,75664,75666,0,2,2
21566,5,2,75669,75669,75671,0,2,3
21567,1,3,75670,75671,75674,1,4,0
21568,6,2,75676,75676,75678,0,2,2
21569,2,1,75678,75678,75679,0,1,0
21570,2,2,75680,75680,75682,0,2,1
21571,3,1,75683,75683,75684,0,1,1
21572,4,3,75687,75687,75690,0,3,3
21573,6,3,75693,75693,75696,0,3,3
21574,3,3,75696,75696,75699,0,3,0
21575,1,1,75697,75699,75700,2,3,0
21576,1,2,75698,75700,75702,2,4,0
21577,4,2,75702,75702,75704,0,2,0
21578,6,1,75708,75708,75709,0,1,4
21579,5,3,75713,75713,75716,0,3,4
21580,6,3,75719,75719,75722,0,3,3
21581,2,3,75721,75722,75725,1,4,0
21582,3,1,75724,75725,75726,1,2,0
21583,1,1,75725,75726,75727,1,2,0
21584,6,2,75731,75731,75733,0,2,4
21585,2,2,75733,75733,75735,0,2,0
21586,6,1,75739,75739,75740,0,1,4
21587,6,3,75745,75745,75748,0,3,5
21588,6,3,75751,75751,75754,0,3,3
21589,5,1,75756,75756,75757,0,1,2
21590,5,2,75761,75761,75763,0,2,4
21591,3,2,75764,75764,75766,0,2,1
21592,4,1,75768,75768,75769,0,1,2
21593,4,1,75772,75772,75773,0,1,3
21594,4,2,75776,75776,75778,0,2,3
21595,2,1,75778,75778,75779,0,1,0
21596,1,1,75779,75779,75780,0,1,0
21597,1,3,75780,75780,75783,0,3,0
21598,2,3,75782,75783,75786,1,4,0
21599,6,3,75788,75788,75791,0,3,2
21600,5,2,75793,75793,75795,0,2,2
21601,2,1,75795,75795,75796,0,1,0
21602,3,1,75798,75798,75799,0,1,2
21603,1,3,75799,75799,75802,0,3,0
21604,3,2,75802,75802,75804,0,2,0
21605,3,2,75805,75805,75807,0,2,1
21606,3,2,75808,75808,75810,0,2,1
21607,6,1,75814,75814,75815,0,1,4
21608,6,2,75820,75820,75822,0,2,5
21609,5,2,75825,75825,75827,0,2,3
21610,3,2,75828,75828,75830,0,2,1
21611,5,1,75833,75833,75834,0,1,3
21612,5,3,75838,75838,75841,0,3,4
21613,2,1,75840,75841,75842,1,2,0
21614,1,1,75841,75842,75843,1,2,0
21615,2,1,75843,75843,75844,0,1,0
21616,3,2,75846,75846,75848,0,2,2
21617,1,2,75847,75848,75850,1,3,0
21618,1,1,75848,75850,75851,2,3,0
21619,2,2,75850,75851,75853,1,3,0
21620,5,1,75855,75855,75856,0,1,2
21621,4,2,75859,75859,75861,0,2,3
21622,4,3,75863,75863,75866,0,3,2
21623,1,2,75864,75866,75868,2,4,0
21624,6,1,75870,75870,75871,0,1,2
21625,2,3,75872,75872,75875,0,3,1
21626,6,3,75878,75878,75881,0,3,3
21627,5,3,75883,75883,75886,0,3,2
21628,5,2,75888,75888,75890,0,2,2
21629,6,2,75894,75894,75896,0,2,4
21630,2,3,75896,75896,75899,0,3,0
21631,4,1,75900,75900,75901,0,1,1
21632,2,2,75902,75902,75904,0,2,1
21633,4,3,75906,75906,75909,0,3,2
21634,1,3,75907,75909,75912,2,5,0
21635,5,1,75912,75912,75913,0,1,0
21636,5,2,75917,75917,75919,0,2,4
21637,5,3,75922,75922,75925,0,3,3
21638,4,3,75926,75926,75929,0,3,1
21639,6,2,75932,75932,75934,0,2,3
21640,3,1,75935,75935,75936,0,1,1
21641,1,3,75936,75936,75939,0,3,0
21642,5,3,75941,75941,75944,0,3,2
21643,1,2,75942,75944,75946,2,4,0
21644,2,2,75944,75946,75948,2,4,0
21645,4,3,75948,75948,75951,0,3,0
21646,6,2,75954,75954,75956,0,2,3
21647,2,3,75956,75956,75959,0,3,0
21648,3,1,75959,75959,75960,0,1,0
21649,6,3,75965,75965,75968,0,3,5
21650,4,2,75969,75969,75971,0,2,1
21651,1,1,75970,75971,75972,1,2,0
21652,3,2,75973,75973,75975,0,2,1
21653,6,3,75979,75979,75982,0,3,4
21654,6,3,75985,75985,75988,0,3,3
21655,1,2,75986,75988,75990,2,4,0
21656,1,1,75987,75990,75991,3,4,0
21657,3,2,75990,75991,75993,1,3,0
21658,4,1,75994,75994,75995,0,1,1
21659,5,3,75999,75999,76002,0,3,4
21660,6,2,76005,76005,76007,0,2,3
21661,6,3,76011,76011,76014,0,3,4
21662,4,3,76015,76015,76018,0,3,1
21663,3,3,76018,76018,76021,0,3,0
21664,3,1,76021,76021,76022,0,1,0
21665,2,3,76023,76023,76026,0,3,1
21666,6,2,76029,76029,76031,0,2,3
21667,5,3,76034,76034,76037,0,3,3
21668,1,1,76035,76037,76038,2,3,0
21669,5,1,76040,76040,76041,0,1,2
21670,6,2,76046,76046,76048,0,2,5
21671,2,2,76048,76048,76050,0,2,0
21672,2,1,76050,76050,76051,0,1,0
21673,6,3,76056,76056,76059,0,3,5
21674,3,2,76059,76059,76061,0,2,0
21675,3,3,76062,76062,76065,0,3,1
21676,6,1,76068,76068,76069,0,1,3
21677,1,3,76069,76069,76072,0,3,0
21678,1,2,76070,76072,76074,2,4,0
21679,2,3,76072,76074,76077,2,5,0
21680,3,2,76075,76077,76079,2,4,0
21681,2,1,76077,76079,76080,2,3,0
21682,3,1,76080,76080,76081,0,1,0
21683,6,1,76086,76086,76087,0,1,5
21684,1,2,76087,76087,76089,0,2,0
21685,2,1,76089,76089,76090,0,1,0
21686,6,1,76095,76095,76096,0,1,5
21687,5,1,76100,76100,76101,0,1,4
21688,1,3,76101,76101,76104,0,3,0
21689,5,3,76106,76106,76109,0,3,2
21690,6,3,76112,76112,76115,0,3,3
21691,6,3,76118,76118,76121,0,3,3
21692,2,3,76120,76121,76124,1,4,0
21693,4,3,76124,76124,76127,0,3,0
21694,2,1,76126,76127,76128,1,2,0
21695,3,2,76129,76129,76131,0,2,1
21696,4,3,76133,76133,76136,0,3,2
21697,6,3,76139,76139,76142,0,3,3
21698,3,1,76142,76142,76143,0,1,0
21699,6,3,76148,76148,76151,0,3,5
21700,3,3,76151,76151,76154,0,3,0
21701,2,1,76153,76154,76155,1,2,0
21702,6,1,76159,76159,76160,0,1,4
21703,6,3,76165,76165,76168,0,3,5
21704,5,1,76170,76170,76171,0,1,2
21705,2,3,76172,76172,76175,0,3,1
21706,6,2,76178,76178,76180,0,2,3
21707,2,2,76180,76180,76182,0,2,0
21708,2,1,76182,76182,76183,0,1,0
21709,3,3,76185,76185,76188,0,3,2
21710,5,1,76190,76190,76191,0,1,2
21711,4,1,76194,76194,76195,0,1,3
21712,3,3,76197,76197,76200,0,3,2
21713,5,2,76202,76202,76204,0,2,2
21714,6,1,76208,76208,76209,0,1,4
21715,3,2,76211,76211,76213,0,2,2
21716,4,1,76215,76215,76216,0,1,2
21717,6,2,76221,76221,76223,0,2,5
21718,3,1,76224,76224,76225,0,1,1
21719,1,1,76225,76225,76226,0,1,0
21720,4,2,76229,76229,76231,0,2,3
21721,2,3,76231,76231,76234,0,3,0
21722,6,3,76237,76237,76240,0,3,3
21723,5,1,76242,76242,76243,0,1,2
21724,1,2,76243,76243,76245,0,2,0
21725,1,1,76244,76245,76246,1,2,0
21726,3,2,76247,76247,76249,0,2,1
21727,4,3,76251,76251,76254,0,3,2
21728,3,2,76254,76254,76256,0,2,0
21729,4,3,76258,76258,76261,0,3,2
21730,5,3,76263,76263,76266,0,3,2
21731,5,3,76268,76268,76271,0,3,2
21732,2,1,76270,76271,76272,1,2,0
21733,3,1,76273,76273,76274,0,1,1
21734,1,3,76274,76274,76277,0,3,0
21735,2,2,76276,76277,76279,1,3,0
21736,1,1,76277,76279,76280,2,3,0
21737,1,3,76278,76280,76283,2,5,0
21738,5,2,76283,76283,76285,0,2,0
21739,1,1,76284,76285,76286,1,2,0
21740,5,1,76289,76289,76290,0,1,3
21741,1,1,76290,76290,76291,0,1,0
21742,5,2,76295,76295,76297,0,2,4
21743,3,3,76298,76298,76301,0,3,1
21744,4,1,76302,76302,76303,0,1,1
21745,4,3,76306,76306,76309,0,3,3
21746,3,3,76309,76309,76312,0,3,0
21747,5,2,76314,76314,76316,0,2,2
21748,2,3,76316,76316,76319,0,3,0
21749,2,2,76318,76319,76321,1,3,0
21750,1,3,76319,76321,76324,2,5,0
21751,3,1,76322,76324,76325,2,3,0
21752,1,3,76323,76325,76328,2,5,0
21753,3,2,76326,76328,76330,2,4,0
21754,6,2,76332,76332,76334,0,2,2
21755,2,1,76334,76334,76335,0,1,0
21756,3,2,76337,76337,76339,0,2,2
21757,4,3,76341,76341,76344,0,3,2
21758,4,1,76345,76345,76346,0,1,1
21759,6,1,76351,76351,76352,0,1,5
21760,5,2,76356,76356,76358,0,2,4
21761,2,1,76358,76358,76359,0,1,0
21762,3,1,76361,76361,76362,0,1,2
21763,4,3,76365,76365,76368,0,3,3
21764,4,1,76369,76369,76370,0,1,1
21765,2,1,76371,76371,76372,0,1,1
21766,1,3,76372,76372,76375,0,3,0
21767,3,2,76375,76375,76377,0,2,0
21768,5,1,76380,76380,76381,0,1,3
21769,6,3,76386,76386,76389,0,3,5
21770,6,1,76392,76392,76393,0,1,3
21771,6,1,76398,76398,76399,0,1,5
21772,6,2,76404,76404,76406,0,2,5
21773,5,1,76409,76409,76410,0,1,3
21774,2,1,76411,76411,76412,0,1,1
21775,6,3,76417,76417,76420,0,3,5
21776,1,2,76418,76420,76422,2,4,0
21777,6,2,76424,76424,76426,0,2,2
21778,5,1,76429,76429,76430,0,1,3
21779,6,3,76435,76435,76438,0,3,5
21780,1,1,76436,76438,76439,2,3,0
21781,6,2,76442,76442,76444,0,2,3
21782,1,1,76443,76444,76445,1,2,0
21783,5,2,76448,76448,76450,0,2,3
21784,3,1,76451,76451,76452,0,1,1
21785,5,3,76456,76456,76459,0,3,4
21786,5,2,76461,76461,76463,0,2,2
21787,1,2,76462,76463,76465,1,3,0
21788,5,3,76467,76467,76470,0,3,2
21789,1,1,76468,76470,76471,2,3,0
21790,4,1,76472,76472,76473,0,1,1
21791,4,3,76476,76476,76479,0,3,3
21792,5,3,76481,76481,76484,0,3,2
21793,2,1,76483,76484,76485,1,2,0
21794,3,1,76486,76486,76487,0,1,1
21795,5,3,76491,76491,76494,0,3,4
21796,5,1,76496,76496,76497,0,1,2
21797,6,2,76502,76502,76504,0,2,5
21798,6,1,76508,76508,76509,0,1,4
21799,4,3,76512,76512,76515,0,3,3
21800,2,3,76514,76515,76518,1,4,0
21801,1,1,76515,76518,76519,3,4,0
21802,1,1,76516,76519,76520,3,4,0
21803,5,1,76521,76521,76522,0,1,1
21804,1,1,76522,76522,76523,0,1,0
21805,3,2,76525,76525,76527,0,2,2
21806,6,1,76531,76531,76532,0,1,4
21807,3,1,76534,76534,76535,0,1,2
21808,4,2,76538,76538,76540,0,2,3
21809,1,1,76539,76540,76541,1,2,0
21810,4,3,76543,76543,76546,0,3,2
21811,2,2,76545,76546,76548,1,3,0
21812,6,3,76551,76551,76554,0,3,3
21813,5,3,76556,76556,76559,0,3,2
21814,1,2,76557,76559,76561,2,4,0
21815,6,1,76563,76563,76564,0,1,2
21816,3,3,76566,76566,76569,0,3,2
21817,3,2,76569,76569,76571,0,2,0
21818,4,2,76573,76573,76575,0,2,2
21819,2,3,76575,76575,76578,0,3,0
21820,5,3,76580,76580,76583,0,3,2
21821,5,2,76585,76585,76587,0,2,2
21822,1,3,76586,76587,76590,1,4,0
21823,2,1,76588,76590,76591,2,3,0
21824,5,3,76593,76593,76596,0,3,2
21825,3,3,76596,76596,76599,0,3,0
21826,1,1,76597,76599,76600,2,3,0
21827,5,3,76602,76602,76605,0,3,2
21828,5,1,76607,76607,76608,0,1,2
21829,3,3,76610,76610,76613,0,3,2
21830,5,3,76615,76615,76618,0,3,2
21831,6,1,76621,76621,76622,0,1,3
21832,1,1,76622,76622,76623,0,1,0
21833,4,1,76626,76626,76627,0,1,3
21834,1,1,76627,76627,76628,0,1,0
21835,1,1,76628,76628,76629,0,1,0
21836,6,1,76634,76634,76635,0,1,5
21837,3,2,76637,76637,76639,0,2,2
21838,3,3,76640,76640,76643,0,3,1
21839,6,3,76646,76646,76649,0,3,3
21840,4,1,76650,76650,76651,0,1,1
21841,6,1,76656,76656,76657,0,1,5
21842,3,2,76659,76659,76661,0,2,2
21843,2,2,76661,76661,76663,0,2,0
21844,3,2,76664,76664,76666,0,2,1
21845,1,2,76665,76666,76668,1,3,0
21846,6,1,76671,76671,76672,0,1,3
21847,2,3,76673,76673,76676,0,3,1
21848,4,2,76677,76677,76679,0,2,1
21849,4,2,76681,76681,76683,0,2,2
21850,1,3,76682,76683,76686,1,4,0
21851,1,3,76683,76686,76689,3,6,0
21852,1,1,76684,76689,76690,5,6,0
21853,2,3,76686,76690,76693,4,7,0
21854,2,1,76688,76693,76694,5,6,0
21855,3,1,76691,76694,76695,3,4,0
21856,1,3,76692,76695,76698,3,6,0
21857,4,1,76696,76698,76699,2,3,0
21858,1,3,76697,76699,76702,2,5,0
21859,5,3,76702,76702,76705,0,3,0
21860,1,1,76703,76705,76706,2,3,0
21861,5,3,76708,76708,76711,0,3,2
21862,4,1,76712,76712,76713,0,1,1
21863,2,2,76714,76714,76716,0,2,1
21864,5,3,76719,76719,76722,0,3,3
21865,2,2,76721,76722,76724,1,3,0
21866,2,1,76723,76724,76725,1,2,0
21867,3,3,76726,76726,76729,0,3,1
21868,3,1,76729,76729,76730,0,1,0
21869,6,3,76735,76735,76738,0,3,5
21870,5,1,76740,76740,76741,0,1,2
21871,3,1,76743,76743,76744,0,1,2
21872,1,3,76744,76744,76747,0,3,0
21873,1,1,76745,76747,76748,2,3,0
21874,6,2,76751,76751,76753,0,2,3
21875,2,2,76753,76753,76755,0,2,0
21876,1,1,76754,76755,76756,1,2,0
21877,6,2,76760,76760,76762,0,2,4
21878,4,2,76764,76764,76766,0,2,2
21879,5,2,76769,76769,76771,0,2,3
21880,1,2,76770,76771,76773,1,3,0
21881,6,3,76776,76776,76779,0,3,3
21882,4,1,76780,76780,76781,0,1,1
21883,3,3,76783,76783,76786,0,3,2
21884,1,3,76784,76786,76789,2,5,0
21885,2,1,76786,76789,76790,3,4,0
21886,1,3,76787,76790,76793,3,6,0
21887,1,3,76788,76793,76796,5,8,0
21888,4,1,76792,76796,76797,4,5,0
21889,6,3,76798,76798,76801,0,3,1
21890,5,2,76803,76803,76805,0,2,2
21891,3,2,76806,76806,76808,0,2,1
21892,3,2,76809,76809,76811,0,2,1
21893,5,2,76814,76814,76816,0,2,3
21894,6,3,76820,76820,76823,0,3,4
21895,4,1,76824,76824,76825,0,1,1
21896,5,1,76829,76829,76830,0,1,4
21897,6,3,76835,76835,76838,0,3,5
21898,1,3,76836,76838,76841,2,5,0
21899,1,1,76837,76841,76842,4,5,0
21900,4,3,76841,76842,76845,1,4,0
21901,5,3,76846,76846,76849,0,3,1
21902,1,1,76847,76849,76850,2,3,0
21903,2,2,76849,76850,76852,1,3,0
21904,5,1,76854,76854,76855,0,1,2
21905,2,1,76856,76856,76857,0,1,1
21906,4,2,76860,76860,76862,0,2,3
21907,4,1,76864,76864,76865,0,1,2
21908,1,1,76865,76865,76866,0,1,0
21909,4,1,76869,76869,76870,0,1,3
21910,1,1,76870,76870,76871,0,1,0
21911,3,3,76873,76873,76876,0,3,2
21912,6,2,76879,76879,76881,0,2,3
21913,2,1,76881,76881,76882,0,1,0
21914,3,3,76884,76884,76887,0,3,2
21915,3,3,76887,76887,76890,0,3,0
21916,5,2,76892,76892,76894,0,2,2
21917,3,2,76895,76895,76897,0,2,1
21918,5,1,76900,76900,76901,0,1,3
21919,3,3,76903,76903,76906,0,3,2
21920,5,1,76908,76908,76909,0,1,2
21921,5,1,76913,76913,76914,0,1,4
21922,1,2,76914,76914,76916,0,2,0
21923,5,2,76919,76919,76921,0,2,3
21924,2,2,76921,76921,76923,0,2,0
21925,4,1,76925,76925,76926,0,1,2
21926,5,1,76930,76930,76931,0,1,4
21927,5,2,76935,76935,76937,0,2,4
21928,4,3,76939,76939,76942,0,3,2
21929,4,1,76943,76943,76944,0,1,1
21930,4,1,76947,76947,76948,0,1,3
21931,6,3,76953,76953,76956,0,3,5
21932,3,1,76956,76956,76957,0,1,0
21933,5,1,76961,76961,76962,0,1,4
21934,1,2,76962,76962,76964,0,2,0
21935,6,1,76968,76968,76969,0,1,4
21936,4,1,76972,76972,76973,0,1,3
21937,2,3,76974,76974,76977,0,3,1
21938,2,1,76976,76977,76978,1,2,0
21939,5,1,76981,76981,76982,0,1,3
21940,1,1,76982,76982,76983,0,1,0
21941,4,1,76986,76986,76987,0,1,3
21942,2,1,76988,76988,76989,0,1,1
21943,1,3,76989,76989,76992,0,3,0
21944,1,2,76990,76992,76994,2,4,0
21945,4,2,76994,76994,76996,0,2,0
21946,6,2,77000,77000,77002,0,2,4
21947,4,3,77004,77004,77007,0,3,2
21948,3,3,77007,77007,77010,0,3,0
21949,1,1,77008,77010,77011,2,3,0
21950,1,2,77009,77011,77013,2,4,0
21951,2,2,77011,77013,77015,2,4,0
21952,4,1,77015,77015,77016,0,1,0
21953,5,3,77020,77020,77023,0,3,4
21954,2,3,77022,77023,77026,1,4,0
21955,6,1,77028,77028,77029,0,1,2
21956,1,2,77029,77029,77031,0,2,0
21957,6,1,77035,77035,77036,0,1,4
21958,3,3,77038,77038,77041,0,3,2
21959,1,1,77039,77041,77042,2,3,0
21960,4,3,77043,77043,77046,0,3,1
21961,4,1,77047,77047,77048,0,1,1
21962,5,2,77052,77052,77054,0,2,4
21963,6,2,77058,77058,77060,0,2,4
21964,6,3,77064,77064,77067,0,3,4
21965,2,1,77066,77067,77068,1,2,0
21966,1,2,77067,77068,77070,1,3,0
21967,1,1,77068,77070,77071,2,3,0
21968,1,3,77069,77071,77074,2,5,0
21969,6,1,77075,77075,77076,0,1,1
21970,5,2,77080,77080,77082,0,2,4
21971,4,3,77084,77084,77087,0,3,2
21972,3,3,77087,77087,77090,0,3,0
21973,2,1,77089,77090,77091,1,2,0
21974,4,2,77093,77093,77095,0,2,2
21975,2,1,77095,77095,77096,0,1,0
21976,2,3,77097,77097,77100,0,3,1
21977,5,2,77102,77102,77104,0,2,2
21978,4,3,77106,77106,77109,0,3,2
21979,5,3,77111,77111,77114,0,3,2
21980,4,1,77115,77115,77116,0,1,1
21981,5,3,77120,77120,77123,0,3,4
21982,2,3,77122,77123,77126,1,4,0
21983,3,3,77125,77126,77129,1,4,0
21984,5,1,77130,77130,77131,0,1,1
21985,3,2,77133,77133,77135,0,2,2
21986,5,1,77138,77138,77139,0,1,3
21987,6,1,77144,77144,77145,0,1,5
21988,5,3,77149,77149,77152,0,3,4
21989,3,2,77152,77152,77154,0,2,0
21990,4,1,77156,77156,77157,0,1,2
21991,1,3,77157,77157,77160,0,3,0
21992,1,3,77158,77160,77163,2,5,0
21993,4,3,77162,77163,77166,1,4,0
21994,2,1,77164,77166,77167,2,3,0
21995,5,1,77169,77169,77170,0,1,2
21996,6,1,77175,77175,77176,0,1,5
21997,1,3,77176,77176,77179,0,3,0
21998,2,3,77178,77179,77182,1,4,0
21999,3,2,77181,77182,77184,1,3,0
22000,4,2,77185,77185,77187,0,2,1
22001,2,2,77187,77187,77189,0,2,0
22002,6,1,77193,77193,77194,0,1,4
22003,3,1,77196,77196,77197,0,1,2
22004,5,3,77201,77201,77204,0,3,4
22005,6,1,77207,77207,77208,0,1,3
22006,1,2,77208,77208,77210,0,2,0
22007,2,1,77210,77210,77211,0,1,0
22008,1,2,77211,77211,77213,0,2,0
22009,1,3,77212,77213,77216,1,4,0
22010,3,1,77215,77216,77217,1,2,0
22011,1,3,77216,77217,77220,1,4,0
22012,6,1,77222,77222,77223,0,1,2
22013,4,3,77226,77226,77229,0,3,3
22014,2,1,77228,77229,77230,1,2,0
22015,2,2,77230,77230,77232,0,2,0
22016,2,1,77232,77232,77233,0,1,0
22017,4,1,77236,77236,77237,0,1,3
22018,6,1,77242,77242,77243,0,1,5
22019,5,3,77247,77247,77250,0,3,4
22020,1,2,77248,77250,77252,2,4,0
22021,1,3,77249,77252,77255,3,6,0
22022,1,1,77250,77255,77256,5,6,0
22023,5,1,77255,77256,77257,1,2,0
22024,2,2,77257,77257,77259,0,2,0
22025,6,3,77263,77263,77266,0,3,4
22026,3,3,77266,77266,77269,0,3,0
22027,4,3,77270,77270,77273,0,3,1
22028,1,2,77271,77273,77275,2,4,0
22029,4,2,77275,77275,77277,0,2,0
22030,3,1,77278,77278,77279,0,1,1
22031,4,3,77282,77282,77285,0,3,3
22032,1,1,77283,77285,77286,2,3,0
22033,3,2,77286,77286,77288,0,2,0
22034,6,2,77292,77292,77294,0,2,4
22035,3,1,77295,77295,77296,0,1,1
22036,3,1,77298,77298,77299,0,1,2
22037,1,1,77299,77299,77300,0,1,0
22038,2,2,77301,77301,77303,0,2,1
22039,2,3,77303,77303,77306,0,3,0
22040,6,2,77309,77309,77311,0,2,3
22041,1,2,77310,77311,77313,1,3,0
22042,3,2,77313,77313,77315,0,2,0
22043,5,1,77318,77318,77319,0,1,3
22044,1,1,77319,77319,77320,0,1,0
22045,3,2,77322,77322,77324,0,2,2
22046,2,3,77324,77324,77327,0,3,0
22047,2,2,77326,77327,77329,1,3,0
22048,6,2,77332,77332,77334,0,2,3
22049,3,3,77335,77335,77338,0,3,1
22050,3,3,77338,77338,77341,0,3,0
22051,2,3,77340,77341,77344,1,4,0
22052,4,2,77344,77344,77346,0,2,0
22053,3,3,77347,77347,77350,0,3,1
22054,6,1,77353,77353,77354,0,1,3
22055,1,3,77354,77354,77357,0,3,0
22056,1,2,77355,77357,77359,2,4,0
22057,5,2,77360,77360,77362,0,2,1
22058,1,3,77361,77362,77365,1,4,0
22059,5,2,77366,77366,77368,0,2,1
22060,6,1,77372,77372,77373,0,1,4
22061,2,3,77374,77374,77377,0,3,1
22062,4,2,77378,77378,77380,0,2,1
22063,2,1,77380,77380,77381,0,1,0
22064,3,1,77383,77383,77384,0,1,2
22065,6,2,77389,77389,77391,0,2,5
22066,5,1,77394,77394,77395,0,1,3
22067,6,3,77400,77400,77403,0,3,5
22068,2,3,77402,77403,77406,1,4,0
22069,4,2,77406,77406,77408,0,2,0
22070,2,1,77408,77408,77409,0,1,0
22071,3,1,77411,77411,77412,0,1,2
22072,6,1,77417,77417,77418,0,1,5
22073,3,1,77420,77420,77421,0,1,2
22074,5,3,77425,77425,77428,0,3,4
22075,3,2,77428,77428,77430,0,2,0
22076,6,1,77434,77434,77435,0,1,4
22077,2,1,77436,77436,77437,0,1,1
22078,6,3,77442,77442,77445,0,3,5
22079,3,1,77445,77445,77446,0,1,0
22080,5,1,77450,77450,77451,0,1,4
22081,3,2,77453,77453,77455,0,2,2
22082,5,3,77458,77458,77461,0,3,3
22083,4,2,77462,77462,77464,0,2,1
22084,5,3,77467,77467,77470,0,3,3
22085,4,3,77471,77471,77474,0,3,1
22086,3,1,77474,77474,77475,0,1,0
22087,2,2,77476,77476,77478,0,2,1
22088,5,3,77481,77481,77484,0,3,3
22089,3,3,77484,77484,77487,0,3,0
22090,2,3,77486,77487,77490,1,4,0
22091,5,1,77491,77491,77492,0,1,1
22092,1,3,77492,77492,77495,0,3,0
22093,5,1,77497,77497,77498,0,1,2
22094,6,3,77503,77503,77506,0,3,5
22095,2,1,77505,77506,77507,1,2,0
22096,3,1,77508,77508,77509,0,1,1
22097,3,1,77511,77511,77512,0,1,2
22098,5,3,77516,77516,77519,0,3,4
22099,5,2,77521,77521,77523,0,2,2
22100,1,1,77522,77523,77524,1,2,0
22101,5,2,77527,77527,77529,0,2,3
22102,2,2,77529,77529,77531,0,2,0
22103,3,3,77532,77532,77535,0,3,1
22104,5,3,77537,77537,77540,0,3,2
22105,3,3,77540,77540,77543,0,3,0
22106,3,1,77543,77543,77544,0,1,0
22107,1,3,77544,77544,77547,0,3,0
22108,1,2,77545,77547,77549,2,4,0
22109,4,1,77549,77549,77550,0,1,0
22110,4,1,77553,77553,77554,0,1,3
22111,3,2,77556,77556,77558,0,2,2
22112,6,1,77562,77562,77563,0,1,4
22113,3,3,77565,77565,77568,0,3,2
22114,6,3,77571,77571,77574,0,3,3
22115,2,1,77573,77574,77575,1,2,0
22116,1,2,77574,77575,77577,1,3,0
22117,1,3,77575,77577,77580,2,5,0
22118,2,1,77577,77580,77581,3,4,0
22119,1,2,77578,77581,77583,3,5,0
22120,5,3,77583,77583,77586,0,3,0
22121,4,2,77587,77587,77589,0,2,1
22122,2,3,77589,77589,77592,0,3,0
22123,2,3,77591,77592,77595,1,4,0
22124,2,2,77593,77595,77597,2,4,0
22125,5,3,77598,77598,77601,0,3,1
22126,3,1,77601,77601,77602,0,1,0
22127,4,1,77605,77605,77606,0,1,3
22128,2,2,77607,77607,77609,0,2,1
22129,2,3,77609,77609,77612,0,3,0
22130,4,1,77613,77613,77614,0,1,1
22131,4,1,77617,77617,77618,0,1,3
22132,6,2,77623,77623,77625,0,2,5
22133,5,1,77628,77628,77629,0,1,3
22134,3,1,77631,77631,77632,0,1,2
22135,3,1,77634,77634,77635,0,1,2
22136,4,2,77638,77638,77640,0,2,3
22137,3,1,77641,77641,77642,0,1,1
22138,4,3,77645,77645,77648,0,3,3
22139,3,1,77648,77648,77649,0,1,0
22140,6,2,77654,77654,77656,0,2,5
22141,3,2,77657,77657,77659,0,2,1
22142,2,1,77659,77659,77660,0,1,0
22143,5,3,77664,77664,77667,0,3,4
22144,5,2,77669,77669,77671,0,2,2
22145,5,1,77674,77674,77675,0,1,3
22146,6,2,77680,77680,77682,0,2,5
22147,1,2,77681,77682,77684,1,3,0
22148,6,2,77687,77687,77689,0,2,3
22149,1,3,77688,77689,77692,1,4,0
22150,2,2,77690,77692,77694,2,4,0
22151,5,3,77695,77695,77698,0,3,1
22152,1,3,77696,77698,77701,2,5,0
22153,5,2,77701,77701,77703,0,2,0
22154,1,3,77702,77703,77706,1,4,0
22155,4,1,77706,77706,77707,0,1,0
22156,5,1,77711,77711,77712,0,1,4
22157,1,2,77712,77712,77714,0,2,0
22158,6,3,77718,77718,77721,0,3,4
22159,6,1,77724,77724,77725,0,1,3
22160,5,3,77729,77729,77732,0,3,4
22161,3,1,77732,77732,77733,0,1,0
22162,3,3,77735,77735,77738,0,3,2
22163,4,2,77739,77739,77741,0,2,1
22164,4,3,77743,77743,77746,0,3,2
22165,4,1,77747,77747,77748,0,1,1
22166,1,2,77748,77748,77750,0,2,0
22167,4,1,77752,77752,77753,0,1,2
22168,5,1,77757,77757,77758,0,1,4
22169,3,2,77760,77760,77762,0,2,2
22170,5,3,77765,77765,77768,0,3,3
22171,3,1,77768,77768,77769,0,1,0
22172,3,1,77771,77771,77772,0,1,2
22173,3,2,77774,77774,77776,0,2,2
22174,2,3,77776,77776,77779,0,3,0
22175,6,2,77782,77782,77784,0,2,3
22176,4,1,77786,77786,77787,0,1,2
22177,4,3,77790,77790,77793,0,3,3
22178,5,2,77795,77795,77797,0,2,2
22179,4,3,77799,77799,77802,0,3,2
22180,6,2,77805,77805,77807,0,2,3
22181,2,1,77807,77807,77808,0,1,0
22182,1,1,77808,77808,77809,0,1,0
22183,4,1,77812,77812,77813,0,1,3
22184,6,3,77818,77818,77821,0,3,5
22185,1,2,77819,77821,77823,2,4,0
22186,3,3,77822,77823,77826,1,4,0
22187,6,2,77828,77828,77830,0,2,2
22188,2,2,77830,77830,77832,0,2,0
22189,4,1,77834,77834,77835,0,1,2
22190,1,2,77835,77835,77837,0,2,0
22191,4,1,77839,77839,77840,0,1,2
22192,5,3,77844,77844,77847,0,3,4
22193,2,1,77846,77847,77848,1,2,0
22194,3,1,77849,77849,77850,0,1,1
22195,1,3,77850,77850,77853,0,3,0
22196,5,1,77855,77855,77856,0,1,2
22197,4,2,77859,77859,77861,0,2,3
22198,3,1,77862,77862,77863,0,1,1
22199,2,3,77864,77864,77867,0,3,1
22200,5,3,77869,77869,77872,0,3,2
22201,2,1,77871,77872,77873,1,2,0
22202,6,1,77877,77877,77878,0,1,4
22203,3,2,77880,77880,77882,0,2,2
22204,3,2,77883,77883,77885,0,2,1
22205,6,2,77889,77889,77891,0,2,4
22206,5,2,77894,77894,77896,0,2,3
22207,3,1,77897,77897,77898,0,1,1
22208,6,2,77903,77903,77905,0,2,5
22209,2,3,77905,77905,77908,0,3,0
22210,6,2,77911,77911,77913,0,2,3
22211,2,3,77913,77913,77916,0,3,0
22212,4,2,77917,77917,77919,0,2,1
22213,1,1,77918,77919,77920,1,2,0
22214,5,1,77923,77923,77924,0,1,3
22215,5,2,77928,77928,77930,0,2,4
22216,5,1,77933,77933,77934,0,1,3
22217,1,3,77934,77934,77937,0,3,0
22218,2,3,77936,77937,77940,1,4,0
22219,2,1,77938,77940,77941,2,3,0
22220,4,1,77942,77942,77943,0,1,1
22221,4,1,77946,77946,77947,0,1,3
22222,6,3,77952,77952,77955,0,3,5
22223,4,2,77956,77956,77958,0,2,1
22224,6,1,77962,77962,77963,0,1,4
22225,4,2,77966,77966,77968,0,2,3
22226,4,2,77970,77970,77972,0,2,2
22227,3,1,77973,77973,77974,0,1,1
22228,2,3,77975,77975,77978,0,3,1
22229,6,3,77981,77981,77984,0,3,3
22230,2,3,77983,77984,77987,1,4,0
22231,6,2,77989,77989,77991,0,2,2
22232,3,1,77992,77992,77993,0,1,1
22233,2,2,77994,77994,77996,0,2,1
22234,2,2,77996,77996,77998,0,2,0
22235,2,3,77998,77998,78001,0,3,0
22236,6,3,78004,78004,78007,0,3,3
22237,6,2,78010,78010,78012,0,2,3
22238,1,1,78011,78012,78013,1,2,0
22239,4,2,78015,78015,78017,0,2,2
22240,3,1,78018,78018,78019,0,1,1
22241,5,1,78023,78023,78024,0,1,4
22242,2,1,78025,78025,78026,0,1,1
22243,3,3,78028,78028,78031,0,3,2
22244,3,1,78031,78031,78032,0,1,0
22245,5,2,78036,78036,78038,0,2,4
22246,4,1,78040,78040,78041,0,1,2
22247,4,2,78044,78044,78046,0,2,3
22248,2,2,78046,78046,78048,0,2,0
22249,5,3,78051,78051,78054,0,3,3
22250,3,3,78054,78054,78057,0,3,0
22251,3,1,78057,78057,78058,0,1,0
22252,5,3,78062,78062,78065,0,3,4
22253,3,1,78065,78065,78066,0,1,0
22254,4,1,78069,78069,78070,0,1,3
22255,3,1,78072,78072,78073,0,1,2
22256,6,1,78078,78078,78079,0,1,5
22257,6,3,78084,78084,78087,0,3,5
22258,2,2,78086,78087,78089,1,3,0
22259,5,2,78091,78091,78093,0,2,2
22260,5,2,78096,78096,78098,0,2,3
22261,5,1,78101,78101,78102,0,1,3
22262,3,3,78104,78104,78107,0,3,2
22263,3,1,78107,78107,78108,0,1,0
22264,6,1,78113,78113,78114,0,1,5
22265,2,3,78115,78115,78118,0,3,1
22266,3,1,78118,78118,78119,0,1,0
22267,4,1,78122,78122,78123,0,1,3
22268,5,3,78127,78127,78130,0,3,4
22269,1,3,78128,78130,78133,2,5,0
22270,2,2,78130,78133,78135,3,5,0
22271,1,3,78131,78135,78138,4,7,0
22272,1,2,78132,78138,78140,6,8,0
22273,4,2,78136,78140,78142,4,6,0
22274,3,3,78139,78142,78145,3,6,0
22275,5,1,78144,78145,78146,1,2,0
22276,4,2,78148,78148,78150,0,2,2
22277,3,2,78151,78151,78153,0,2,1
22278,3,3,78154,78154,78157,0,3,1
22279,5,1,78159,78159,78160,0,1,2
22280,6,3,78165,78165,78168,0,3,5
22281,6,1,78171,78171,78172,0,1,3
22282,4,2,78175,78175,78177,0,2,3
22283,4,1,78179,78179,78180,0,1,2
22284,6,3,78185,78185,78188,0,3,5
22285,5,2,78190,78190,78192,0,2,2
22286,1,1,78191,78192,78193,1,2,0
22287,3,2,78194,78194,78196,0,2,1
22288,4,2,78198,78198,78200,0,2,2
22289,2,3,78200,78200,78203,0,3,0
22290,5,3,78205,78205,78208,0,3,2
22291,1,3,78206,78208,78211,2,5,0
22292,6,2,78212,78212,78214,0,2,1
22293,4,1,78216,78216,78217,0,1,2
22294,4,1,78220,78220,78221,0,1,3
22295,4,2,78224,78224,78226,0,2,3
22296,2,3,78226,78226,78229,0,3,0
22297,1,3,78227,78229,78232,2,5,0
22298,2,2,78229,78232,78234,3,5,0
22299,4,3,78233,78234,78237,1,4,0
22300,4,3,78237,78237,78240,0,3,0
22301,1,2,78238,78240,78242,2,4,0
22302,1,1,78239,78242,78243,3,4,0
22303,6,2,78245,78245,78247,0,2,2
22304,5,2,78250,78250,78252,0,2,3
22305,1,1,78251,78252,78253,1,2,0
22306,6,1,78257,78257,78258,0,1,4
22307,4,1,78261,78261,78262,0,1,3
22308,5,3,78266,78266,78269,0,3,4
22309,6,1,78272,78272,78273,0,1,3
22310,1,2,78273,78273,78275,0,2,0
22311,1,1,78274,78275,78276,1,2,0
22312,1,2,78275,78276,78278,1,3,0
22313,5,3,78280,78280,78283,0,3,2
22314,2,3,78282,78283,78286,1,4,0
22315,2,3,78284,78286,78289,2,5,0
22316,4,1,78288,78289,78290,1,2,0
22317,1,2,78289,78290,78292,1,3,0
22318,1,3,78290,78292,78295,2,5,0
22319,2,2,78292,78295,78297,3,5,0
22320,1,2,78293,78297,78299,4,6,0
22321,2,3,78295,78299,78302,4,7,0
22322,4,3,78299,78302,78305,3,6,0
22323,4,2,78303,78305,78307,2,4,0
22324,3,1,78306,78307,78308,1,2,0
22325,3,1,78309,78309,78310,0,1,1
22326,6,2,78315,78315,78317,0,2,5
22327,6,3,78321,78321,78324,0,3,4
22328,5,2,78326,78326,78328,0,2,2
22329,5,1,78331,78331,78332,0,1,3
22330,3,1,78334,78334,78335,0,1,2
22331,4,1,78338,78338,78339,0,1,3
22332,5,2,78343,78343,78345,0,2,4
22333,4,3,78347,78347,78350,0,3,2
22334,1,3,78348,78350,78353,2,5,0
22335,4,2,78352,78353,78355,1,3,0
22336,5,1,78357,78357,78358,0,1,2
22337,4,3,78361,78361,78364,0,3,3
22338,4,3,78365,78365,78368,0,3,1
22339,1,2,78366,78368,78370,2,4,0
22340,1,2,78367,78370,78372,3,5,0
22341,4,2,78371,78372,78374,1,3,0
22342,6,1,78377,78377,78378,0,1,3
22343,6,1,78383,78383,78384,0,1,5
22344,3,2,78386,78386,78388,0,2,2
22345,1,2,78387,78388,78390,1,3,0
22346,4,2,78391,78391,78393,0,2,1
22347,1,2,78392,78393,78395,1,3,0
22348,5,1,78397,78397,78398,0,1,2
22349,6,2,78403,78403,78405,0,2,5
22350,3,3,78406,78406,78409,0,3,1
22351,4,1,78410,78410,78411,0,1,1
22352,2,3,78412,78412,78415,0,3,1
22353,4,2,78416,78416,78418,0,2,1
22354,3,3,78419,78419,78422,0,3,1
22355,2,2,78421,78422,78424,1,3,0
22356,5,2,78426,78426,78428,0,2,2
22357,1,2,78427,78428,78430,1,3,0
22358,4,3,78431,78431,78434,0,3,1
22359,2,1,78433,78434,78435,1,2,0
22360,1,1,78434,78435,78436,1,2,0
22361,2,1,78436,78436,78437,0,1,0
22362,4,1,78440,78440,78441,0,1,3
22363,4,1,78444,78444,78445,0,1,3
22364,2,3,78446,78446,78449,0,3,1
22365,4,1,78450,78450,78451,0,1,1
22366,4,2,78454,78454,78456,0,2,3
22367,6,1,78460,78460,78461,0,1,4
22368,3,2,78463,78463,78465,0,2,2
22369,2,2,78465,78465,78467,0,2,0
22370,3,3,78468,78468,78471,0,3,1
22371,2,3,78470,78471,78474,1,4,0
22372,6,3,78476,78476,78479,0,3,2
22373,6,1,78482,78482,78483,0,1,3
22374,5,3,78487,78487,78490,0,3,4
22375,6,1,78493,78493,78494,0,1,3
22376,4,2,78497,78497,78499,0,2,3
22377,5,1,78502,78502,78503,0,1,3
22378,1,1,78503,78503,78504,0,1,0
22379,2,1,78505,78505,78506,0,1,1
22380,5,3,78510,78510,78513,0,3,4
22381,2,3,78512,78513,78516,1,4,0
22382,3,2,78515,78516,78518,1,3,0
22383,4,1,78519,78519,78520,0,1,1
22384,6,3,78525,78525,78528,0,3,5
22385,4,1,78529,78529,78530,0,1,1
22386,6,1,78535,78535,78536,0,1,5
22387,6,3,78541,78541,78544,0,3,5
22388,2,1,78543,78544,78545,1,2,0
22389,1,3,78544,78545,78548,1,4,0
22390,3,3,78547,78548,78551,1,4,0
22391,5,2,78552,78552,78554,0,2,1
22392,2,3,78554,78554,78557,0,3,0
22393,4,1,78558,78558,78559,0,1,1
22394,2,2,78560,78560,78562,0,2,1
22395,5,2,78565,78565,78567,0,2,3
22396,6,3,78571,78571,78574,0,3,4
22397,3,1,78574,78574,78575,0,1,0
22398,5,3,78579,78579,78582,0,3,4
22399,1,3,78580,78582,78585,2,5,0
22400,6,1,78586,78586,78587,0,1,1
22401,4,3,78590,78590,78593,0,3,3
22402,6,3,78596,78596,78599,0,3,3
22403,2,2,78598,78599,78601,1,3,0
22404,1,1,78599,78601,78602,2,3,0
22405,3,1,78602,78602,78603,0,1,0
22406,4,1,78606,78606,78607,0,1,3
22407,5,2,78611,78611,78613,0,2,4
22408,1,2,78612,78613,78615,1,3,0
22409,1,2,78613,78615,78617,2,4,0
22410,5,2,78618,78618,78620,0,2,1
22411,1,3,78619,78620,78623,1,4,0
22412,5,2,78624,78624,78626,0,2,1
22413,5,2,78629,78629,78631,0,2,3
22414,5,3,78634,78634,78637,0,3,3
22415,1,2,78635,78637,78639,2,4,0
22416,5,2,78640,78640,78642,0,2,1
22417,2,3,78642,78642,78645,0,3,0
22418,5,1,78647,78647,78648,0,1,2
22419,6,1,78653,78653,78654,0,1,5
22420,3,3,78656,78656,78659,0,3,2
22421,6,3,78662,78662,78665,0,3,3
22422,5,3,78667,78667,78670,0,3,2
22423,6,1,78673,78673,78674,0,1,3
22424,1,1,78674,78674,78675,0,1,0
22425,6,3,78680,78680,78683,0,3,5
22426,1,3,78681,78683,78686,2,5,0
22427,1,2,78682,78686,78688,4,6,0
22428,6,2,78688,78688,78690,0,2,0
22429,2,3,78690,78690,78693,0,3,0
22430,4,2,78694,78694,78696,0,2,1
22431,5,3,78699,78699,78702,0,3,3
22432,6,1,78705,78705,78706,0,1,3
22433,4,3,78709,78709,78712,0,3,3
22434,3,3,78712,78712,78715,0,3,0
22435,1,3,78713,78715,78718,2,5,0
22436,2,3,78715,78718,78721,3,6,0
22437,2,2,78717,78721,78723,4,6,0
22438,6,2,78723,78723,78725,0,2,0
22439,2,3,78725,78725,78728,0,3,0
22440,5,1,78730,78730,78731,0,1,2
22441,4,3,78734,78734,78737,0,3,3
22442,4,1,78738,78738,78739,0,1,1
22443,5,3,78743,78743,78746,0,3,4
22444,6,1,78749,78749,78750,0,1,3
22445,5,2,78754,78754,78756,0,2,4
22446,5,3,78759,78759,78762,0,3,3
22447,5,1,78764,78764,78765,0,1,2
22448,1,1,78765,78765,78766,0,1,0
22449,5,2,78770,78770,78772,0,2,4
22450,4,2,78774,78774,78776,0,2,2
22451,4,3,78778,78778,78781,0,3,2
22452,5,2,78783,78783,78785,0,2,2
22453,5,2,78788,78788,78790,0,2,3
22454,3,1,78791,78791,78792,0,1,1
22455,4,3,78795,78795,78798,0,3,3
22456,1,3,78796,78798,78801,2,5,0
22457,3,2,78799,78801,78803,2,4,0
22458,2,1,78801,78803,78804,2,3,0
22459,5,1,78806,78806,78807,0,1,2
22460,3,1,78809,78809,78810,0,1,2
22461,6,2,78815,78815,78817,0,2,5
22462,4,1,78819,78819,78820,0,1,2
22463,6,2,78825,78825,78827,0,2,5
22464,5,2,78830,78830,78832,0,2,3
22465,3,1,78833,78833,78834,0,1,1
22466,1,2,78834,78834,78836,0,2,0
22467,4,2,78838,78838,78840,0,2,2
22468,3,2,78841,78841,78843,0,2,1
22469,5,3,78846,78846,78849,0,3,3
22470,2,1,78848,78849,78850,1,2,0
22471,5,2,78853,78853,78855,0,2,3
22472,1,2,78854,78855,78857,1,3,0
22473,2,2,78856,78857,78859,1,3,0
22474,6,1,78862,78862,78863,0,1,3
22475,4,1,78866,78866,78867,0,1,3
22476,2,3,78868,78868,78871,0,3,1
22477,5,3,78873,78873,78876,0,3,2
22478,4,2,78877,78877,78879,0,2,1
22479,6,3,78883,78883,78886,0,3,4
22480,2,2,78885,78886,78888,1,3,0
22481,2,3,78887,78888,78891,1,4,0
22482,3,1,78890,78891,78892,1,2,0
22483,3,3,78893,78893,78896,0,3,1
22484,3,3,78896,78896,78899,0,3,0
22485,4,1,78900,78900,78901,0,1,1
22486,3,3,78903,78903,78906,0,3,2
22487,4,1,78907,78907,78908,0,1,1
22488,4,2,78911,78911,78913,0,2,3
22489,2,3,78913,78913,78916,0,3,0
22490,4,1,78917,78917,78918,0,1,1
22491,1,3,78918,78918,78921,0,3,0
22492,6,3,78924,78924,78927,0,3,3
22493,3,3,78927,78927,78930,0,3,0
22494,3,1,78930,78930,78931,0,1,0
22495,3,1,78933,78933,78934,0,1,2
22496,6,2,78939,78939,78941,0,2,5
22497,6,2,78945,78945,78947,0,2,4
22498,5,3,78950,78950,78953,0,3,3
22499,1,1,78951,78953,78954,2,3,0
22500,6,3,78957,78957,78960,0,3,3
22501,4,2,78961,78961,78963,0,2,1
22502,2,1,78963,78963,78964,0,1,0
22503,6,1,78969,78969,78970,0,1,5
22504,1,3,78970,78970,78973,0,3,0
22505,4,3,78974,78974,78977,0,3,1
22506,3,2,78977,78977,78979,0,2,0
22507,2,3,78979,78979,78982,0,3,0
22508,6,2,78985,78985,78987,0,2,3
22509,4,2,78989,78989,78991,0,2,2
22510,4,2,78993,78993,78995,0,2,2
22511,2,1,78995,78995,78996,0,1,0
22512,2,2,78997,78997,78999,0,2,1
22513,1,3,78998,78999,79002,1,4,0
22514,5,3,79003,79003,79006,0,3,1
22515,2,2,79005,79006,79008,1,3,0
22516,2,3,79007,79008,79011,1,4,0
22517,2,2,79009,79011,79013,2,4,0
22518,1,2,79010,79013,79015,3,5,0
22519,5,2,79015,79015,79017,0,2,0
22520,1,2,79016,79017,79019,1,3,0
22521,2,3,79018,79019,79022,1,4,0
22522,6,1,79024,79024,79025,0,1,2
22523,1,2,79025,79025,79027,0,2,0
22524,5,3,79030,79030,79033,0,3,3
22525,3,2,79033,79033,79035,0,2,0
22526,4,2,79037,79037,79039,0,2,2
22527,4,2,79041,79041,79043,0,2,2
22528,5,1,79046,79046,79047,0,1,3
22529,1,3,79047,79047,79050,0,3,0
22530,3,3,79050,79050,79053,0,3,0
22531,4,3,79054,79054,79057,0,3,1
22532,1,3,79055,79057,79060,2,5,0
22533,4,3,79059,79060,79063,1,4,0
22534,2,1,79061,79063,79064,2,3,0
22535,3,1,79064,79064,79065,0,1,0
22536,1,2,79065,79065,79067,0,2,0
22537,5,2,79070,79070,79072,0,2,3
22538,1,1,79071,79072,79073,1,2,0
22539,4,2,79075,79075,79077,0,2,2
22540,6,2,79081,79081,79083,0,2,4
22541,3,2,79084,79084,79086,0,2,1
22542,5,3,79089,79089,79092,0,3,3
22543,6,3,79095,79095,79098,0,3,3
22544,2,1,79097,79098,79099,1,2,0
22545,6,1,79103,79103,79104,0,1,4
22546,1,1,79104,79104,79105,0,1,0
22547,5,1,79109,79109,79110,0,1,4
22548,6,3,79115,79115,79118,0,3,5
22549,4,2,79119,79119,79121,0,2,1
22550,4,1,79123,79123,79124,0,1,2
22551,1,2,79124,79124,79126,0,2,0
22552,6,2,79130,79130,79132,0,2,4
22553,5,3,79135,79135,79138,0,3,3
22554,1,1,79136,79138,79139,2,3,0
22555,3,3,79139,79139,79142,0,3,0
22556,5,2,79144,79144,79146,0,2,2
22557,4,1,79148,79148,79149,0,1,2
22558,6,2,79154,79154,79156,0,2,5
22559,4,3,79158,79158,79161,0,3,2
22560,6,3,79164,79164,79167,0,3,3
22561,2,3,79166,79167,79170,1,4,0
22562,1,2,79167,79170,79172,3,5,0
22563,2,1,79169,79172,79173,3,4,0
22564,6,1,79175,79175,79176,0,1,2
22565,2,3,79177,79177,79180,0,3,1
22566,5,1,79182,79182,79183,0,1,2
22567,5,2,79187,79187,79189,0,2,4
22568,5,2,79192,79192,79194,0,2,3
22569,5,3,79197,79197,79200,0,3,3
22570,1,1,79198,79200,79201,2,3,0
22571,6,2,79204,79204,79206,0,2,3
22572,6,2,79210,79210,79212,0,2,4
22573,6,1,79216,79216,79217,0,1,4
22574,5,2,79221,79221,79223,0,2,4
22575,6,1,79227,79227,79228,0,1,4
22576,2,3,79229,79229,79232,0,3,1
22577,1,1,79230,79232,79233,2,3,0
22578,5,3,79235,79235,79238,0,3,2
22579,1,2,79236,79238,79240,2,4,0
22580,3,2,79239,79240,79242,1,3,0
22581,6,2,79245,79245,79247,0,2,3
22582,1,1,79246,79247,79248,1,2,0
22583,5,2,79251,79251,79253,0,2,3
22584,5,3,79256,79256,79259,0,3,3
22585,3,3,79259,79259,79262,0,3,0
22586,3,3,79262,79262,79265,0,3,0
22587,1,1,79263,79265,79266,2,3,0
22588,4,2,79267,79267,79269,0,2,1
22589,6,2,79273,79273,79275,0,2,4
22590,3,1,79276,79276,79277,0,1,1
22591,1,2,79277,79277,79279,0,2,0
22592,3,3,79280,79280,79283,0,3,1
22593,5,2,79285,79285,79287,0,2,2
22594,2,2,79287,79287,79289,0,2,0
22595,5,3,79292,79292,79295,0,3,3
22596,6,1,79298,79298,79299,0,1,3
22597,4,3,79302,79302,79305,0,3,3
22598,3,2,79305,79305,79307,0,2,0
22599,2,2,79307,79307,79309,0,2,0
22600,4,1,79311,79311,79312,0,1,2
22601,1,1,79312,79312,79313,0,1,0
22602,5,1,79317,79317,79318,0,1,4
22603,5,3,79322,79322,79325,0,3,4
22604,6,1,79328,79328,79329,0,1,3
22605,5,3,79333,79333,79336,0,3,4
22606,6,2,79339,79339,79341,0,2,3
22607,2,2,79341,79341,79343,0,2,0
22608,6,1,79347,79347,79348,0,1,4
22609,1,2,79348,79348,79350,0,2,0
22610,2,2,79350,79350,79352,0,2,0
22611,3,2,79353,79353,79355,0,2,1
22612,3,1,79356,79356,79357,0,1,1
22613,2,3,79358,79358,79361,0,3,1
22614,4,3,79362,79362,79365,0,3,1
22615,2,2,79364,79365,79367,1,3,0
22616,3,1,79367,79367,79368,0,1,0
22617,4,1,79371,79371,79372,0,1,3
22618,6,3,79377,79377,79380,0,3,5
22619,2,3,79379,79380,79383,1,4,0
22620,5,3,79384,79384,79387,0,3,1
22621,3,3,79387,79387,79390,0,3,0
22622,4,3,79391,79391,79394,0,3,1
22623,5,3,79396,79396,79399,0,3,2
22624,4,3,79400,79400,79403,0,3,1
22625,6,1,79406,79406,79407,0,1,3
22626,3,1,79409,79409,79410,0,1,2
22627,5,2,79414,79414,79416,0,2,4
22628,3,2,79417,79417,79419,0,2,1
22629,2,1,79419,79419,79420,0,1,0
22630,4,2,79423,79423,79425,0,2,3
22631,1,1,79424,79425,79426,1,2,0
22632,2,2,79426,79426,79428,0,2,0
22633,3,3,79429,79429,79432,0,3,1
22634,4,1,79433,79433,79434,0,1,1
22635,1,1,79434,79434,79435,0,1,0
22636,4,2,79438,79438,79440,0,2,3
22637,3,1,79441,79441,79442,0,1,1
22638,2,3,79443,79443,79446,0,3,1
22639,4,1,79447,79447,79448,0,1,1
22640,2,2,79449,79449,79451,0,2,1
22641,1,1,79450,79451,79452,1,2,0
22642,2,1,79452,79452,79453,0,1,0
22643,6,1,79458,79458,79459,0,1,5
22644,4,1,79462,79462,79463,0,1,3
22645,3,2,79465,79465,79467,0,2,2
22646,5,3,79470,79470,79473,0,3,3
22647,5,2,79475,79475,79477,0,2,2
22648,6,3,79481,79481,79484,0,3,4
22649,4,1,79485,79485,79486,0,1,1
22650,5,1,79490,79490,79491,0,1,4
22651,6,3,79496,79496,79499,0,3,5
22652,1,3,79497,79499,79502,2,5,0
22653,5,1,79502,79502,79503,0,1,0
22654,1,1,79503,79503,79504,0,1,0
22655,2,3,79505,79505,79508,0,3,1
22656,3,1,79508,79508,79509,0,1,0
22657,3,1,79511,79511,79512,0,1,2
22658,3,2,79514,79514,79516,0,2,2
22659,4,1,79518,79518,79519,0,1,2
22660,3,1,79521,79521,79522,0,1,2
22661,2,2,79523,79523,79525,0,2,1
22662,6,3,79529,79529,79532,0,3,4
22663,5,2,79534,79534,79536,0,2,2
22664,5,3,79539,79539,79542,0,3,3
22665,2,1,79541,79542,79543,1,2,0
22666,2,1,79543,79543,79544,0,1,0
22667,1,2,79544,79544,79546,0,2,0
22668,6,1,79550,79550,79551,0,1,4
22669,3,1,79553,79553,79554,0,1,2
22670,4,3,79557,79557,79560,0,3,3
22671,5,3,79562,79562,79565,0,3,2
22672,6,2,79568,79568,79570,0,2,3
22673,1,2,79569,79570,79572,1,3,0
22674,4,3,79573,79573,79576,0,3,1
22675,4,2,79577,79577,79579,0,2,1
22676,4,1,79581,79581,79582,0,1,2
22677,3,1,79584,79584,79585,0,1,2
22678,6,3,79590,79590,79593,0,3,5
22679,2,1,79592,79593,79594,1,2,0
22680,5,2,79597,79597,79599,0,2,3
22681,2,3,79599,79599,79602,0,3,0
22682,5,1,79604,79604,79605,0,1,2
22683,5,2,79609,79609,79611,0,2,4
22684,2,3,79611,79611,79614,0,3,0
22685,4,1,79615,79615,79616,0,1,1
22686,2,2,79617,79617,79619,0,2,1
22687,1,1,79618,79619,79620,1,2,0
22688,6,1,79624,79624,79625,0,1,4
22689,6,1,79630,79630,79631,0,1,5
22690,4,2,79634,79634,79636,0,2,3
22691,4,3,79638,79638,79641,0,3,2
22692,2,2,79640,79641,79643,1,3,0
22693,2,3,79642,79643,79646,1,4,0
22694,3,1,79645,79646,79647,1,2,0
22695,2,3,79647,79647,79650,0,3,0
22696,4,3,79651,79651,79654,0,3,1
22697,6,3,79657,79657,79660,0,3,3
22698,1,1,79658,79660,79661,2,3,0
22699,4,3,79662,79662,79665,0,3,1
22700,5,3,79667,79667,79670,0,3,2
22701,3,1,79670,79670,79671,0,1,0
22702,5,1,79675,79675,79676,0,1,4
22703,3,3,79678,79678,79681,0,3,2
22704,3,1,79681,79681,79682,0,1,0
22705,1,3,79682,79682,79685,0,3,0
22706,2,2,79684,79685,79687,1,3,0
22707,3,3,79687,79687,79690,0,3,0
22708,4,2,79691,79691,79693,0,2,1
22709,1,3,79692,79693,79696,1,4,0
22710,5,3,79697,79697,79700,0,3,1
22711,5,3,79702,79702,79705,0,3,2
22712,2,1,79704,79705,79706,1,2,0
22713,3,2,79707,79707,79709,0,2,1
22714,5,3,79712,79712,79715,0,3,3
22715,4,1,79716,79716,79717,0,1,1
22716,1,3,79717,79717,79720,0,3,0
22717,3,1,79720,79720,79721,0,1,0
22718,5,3,79725,79725,79728,0,3,4
22719,5,3,79730,79730,79733,0,3,2
22720,4,3,79734,79734,79737,0,3,1
22721,1,1,79735,79737,79738,2,3,0
22722,1,3,79736,79738,79741,2,5,0
22723,4,1,79740,79741,79742,1,2,0
22724,6,2,79746,79746,79748,0,2,4
22725,4,3,79750,79750,79753,0,3,2
22726,1,2,79751,79753,79755,2,4,0
22727,1,2,79752,79755,79757,3,5,0
22728,4,3,79756,79757,79760,1,4,0
22729,4,2,79760,79760,79762,0,2,0
22730,2,3,79762,79762,79765,0,3,0
22731,4,1,79766,79766,79767,0,1,1
22732,5,1,79771,79771,79772,0,1,4
22733,6,2,79777,79777,79779,0,2,5
22734,6,2,79783,79783,79785,0,2,4
22735,1,3,79784,79785,79788,1,4,0
22736,3,3,79787,79788,79791,1,4,0
22737,2,2,79789,79791,79793,2,4,0
22738,5,2,79794,79794,79796,0,2,1
22739,2,2,79796,79796,79798,0,2,0
22740,1,1,79797,79798,79799,1,2,0
22741,5,2,79802,79802,79804,0,2,3
22742,4,2,79806,79806,79808,0,2,2
22743,5,1,79811,79811,79812,0,1,3
22744,3,2,79814,79814,79816,0,2,2
22745,4,3,79818,79818,79821,0,3,2
22746,2,1,79820,79821,79822,1,2,0
22747,4,1,79824,79824,79825,0,1,2
22748,1,3,79825,79825,79828,0,3,0
22749,1,1,79826,79828,79829,2,3,0
22750,4,1,79830,79830,79831,0,1,1
22751,5,1,79835,79835,79836,0,1,4
22752,3,2,79838,79838,79840,0,2,2
22753,3,2,79841,79841,79843,0,2,1
22754,5,1,79846,79846,79847,0,1,3
22755,4,2,79850,79850,79852,0,2,3
22756,2,3,79852,79852,79855,0,3,0
22757,2,3,79854,79855,79858,1,4,0
22758,3,1,79857,79858,79859,1,2,0
22759,4,3,79861,79861,79864,0,3,2
22760,1,3,79862,79864,79867,2,5,0
22761,1,3,79863,79867,79870,4,7,0
22762,5,1,79868,79870,79871,2,3,0
22763,3,2,79871,79871,79873,0,2,0
22764,4,3,79875,79875,79878,0,3,2
22765,2,3,79877,79878,79881,1,4,0
22766,4,3,79881,79881,79884,0,3,0
22767,6,1,79887,79887,79888,0,1,3
22768,4,1,79891,79891,79892,0,1,3
22769,5,2,79896,79896,79898,0,2,4
22770,3,2,79899,79899,79901,0,2,1
22771,6,3,79905,79905,79908,0,3,4
22772,3,2,79908,79908,79910,0,2,0
22773,1,2,79909,79910,79912,1,3,0
22774,2,3,79911,79912,79915,1,4,0
22775,5,3,79916,79916,79919,0,3,1
22776,2,3,79918,79919,79922,1,4,0
22777,6,1,79924,79924,79925,0,1,2
22778,6,3,79930,79930,79933,0,3,5
22779,5,2,79935,79935,79937,0,2,2
22780,5,2,79940,79940,79942,0,2,3
22781,6,1,79946,79946,79947,0,1,4
22782,5,3,79951,79951,79954,0,3,4
22783,2,3,79953,79954,79957,1,4,0
22784,1,1,79954,79957,79958,3,4,0
22785,6,2,79960,79960,79962,0,2,2
22786,1,3,79961,79962,79965,1,4,0
22787,5,3,79966,79966,79969,0,3,1
22788,4,3,79970,79970,79973,0,3,1
22789,6,2,79976,79976,79978,0,2,3
22790,5,3,79981,79981,79984,0,3,3
22791,5,1,79986,79986,79987,0,1,2
22792,2,3,79988,79988,79991,0,3,1
22793,6,2,79994,79994,79996,0,2,3
22794,2,3,79996,79996,79999,0,3,0
22795,3,2,79999,79999,80001,0,2,0
22796,2,2,80001,80001,80003,0,2,0
22797,4,1,80005,80005,80006,0,1,2
22798,6,1,80011,80011,80012,0,1,5
22799,4,1,80015,80015,80016,0,1,3
22800,5,1,80020,80020,80021,0,1,4
22801,1,3,80021,80021,80024,0,3,0
22802,4,1,80025,80025,80026,0,1,1
22803,3,2,80028,80028,80030,0,2,2
22804,2,3,80030,80030,80033,0,3,0
22805,5,3,80035,80035,80038,0,3,2
22806,4,2,80039,80039,80041,0,2,1
22807,5,2,80044,80044,80046,0,2,3
22808,6,1,80050,80050,80051,0,1,4
22809,2,3,80052,80052,80055,0,3,1
22810,3,1,80055,80055,80056,0,1,0
22811,1,1,80056,80056,80057,0,1,0
22812,5,2,80061,80061,80063,0,2,4
22813,2,2,80063,80063,80065,0,2,0
22814,4,3,80067,80067,80070,0,3,2
22815,4,2,80071,80071,80073,0,2,1
22816,6,2,80077,80077,80079,0,2,4
22817,2,2,80079,80079,80081,0,2,0
22818,6,3,80085,80085,80088,0,3,4
22819,6,1,80091,80091,80092,0,1,3
22820,6,3,80097,80097,80100,0,3,5
22821,2,3,80099,80100,80103,1,4,0
22822,4,3,80103,80103,80106,0,3,0
22823,2,2,80105,80106,80108,1,3,0
22824,1,1,80106,80108,80109,2,3,0
22825,5,1,80111,80111,80112,0,1,2
22826,4,2,80115,80115,80117,0,2,3
22827,5,3,80120,80120,80123,0,3,3
22828,4,1,80124,80124,80125,0,1,1
22829,1,2,80125,80125,80127,0,2,0
22830,6,2,80131,80131,80133,0,2,4
22831,4,2,80135,80135,80137,0,2,2
22832,3,2,80138,80138,80140,0,2,1
22833,2,2,80140,80140,80142,0,2,0
22834,1,1,80141,80142,80143,1,2,0
22835,1,3,80142,80143,80146,1,4,0
22836,6,1,80148,80148,80149,0,1,2
22837,6,3,80154,80154,80157,0,3,5
22838,1,2,80155,80157,80159,2,4,0
22839,6,1,80161,80161,80162,0,1,2
22840,6,2,80167,80167,80169,0,2,5
22841,3,1,80170,80170,80171,0,1,1
22842,1,1,80171,80171,80172,0,1,0
22843,6,2,80177,80177,80179,0,2,5
22844,1,2,80178,80179,80181,1,3,0
22845,4,1,80182,80182,80183,0,1,1
22846,5,1,80187,80187,80188,0,1,4
22847,6,1,80193,80193,80194,0,1,5
22848,1,1,80194,80194,80195,0,1,0
22849,5,1,80199,80199,80200,0,1,4
22850,3,3,80202,80202,80205,0,3,2
22851,2,3,80204,80205,80208,1,4,0
22852,5,2,80209,80209,80211,0,2,1
22853,4,1,80213,80213,80214,0,1,2
22854,2,1,80215,80215,80216,0,1,1
22855,3,2,80218,80218,80220,0,2,2
22856,1,1,80219,80220,80221,1,2,0
22857,6,3,80225,80225,80228,0,3,4
22858,1,2,80226,80228,80230,2,4,0
22859,6,3,80232,80232,80235,0,3,2
22860,1,1,80233,80235,80236,2,3,0
22861,1,3,80234,80236,80239,2,5,0
22862,2,3,80236,80239,80242,3,6,0
22863,3,3,80239,80242,80245,3,6,0
22864,4,2,80243,80245,80247,2,4,0
22865,6,2,80249,80249,80251,0,2,2
22866,5,1,80254,80254,80255,0,1,3
22867,1,3,80255,80255,80258,0,3,0
22868,3,1,80258,80258,80259,0,1,0
22869,3,1,80261,80261,80262,0,1,2
22870,6,3,80267,80267,80270,0,3,5
22871,3,2,80270,80270,80272,0,2,0
22872,4,1,80274,80274,80275,0,1,2
22873,6,2,80280,80280,80282,0,2,5
22874,4,2,80284,80284,80286,0,2,2
22875,6,2,80290,80290,80292,0,2,4
22876,6,3,80296,80296,80299,0,3,4
22877,6,3,80302,80302,80305,0,3,3
22878,1,3,80303,80305,80308,2,5,0
22879,3,1,80306,80308,80309,2,3,0
22880,6,3,80312,80312,80315,0,3,3
22881,5,3,80317,80317,80320,0,3,2
22882,4,1,80321,80321,80322,0,1,1
22883,1,2,80322,80322,80324,0,2,0
22884,6,2,80328,80328,80330,0,2,4
22885,5,3,80333,80333,80336,0,3,3
22886,5,3,80338,80338,80341,0,3,2
22887,2,2,80340,80341,80343,1,3,0
22888,2,1,80342,80343,80344,1,2,0
22889,5,1,80347,80347,80348,0,1,3
22890,3,2,80350,80350,80352,0,2,2
22891,5,3,80355,80355,80358,0,3,3
22892,1,2,80356,80358,80360,2,4,0
22893,3,3,80359,80360,80363,1,4,0
22894,5,2,80364,80364,80366,0,2,1
22895,3,2,80367,80367,80369,0,2,1
22896,1,1,80368,80369,80370,1,2,0
22897,6,3,80374,80374,80377,0,3,4
22898,4,3,80378,80378,80381,0,3,1
22899,1,1,80379,80381,80382,2,3,0
22900,5,3,80384,80384,80387,0,3,2
22901,3,2,80387,80387,80389,0,2,0
22902,5,1,80392,80392,80393,0,1,3
22903,1,2,80393,80393,80395,0,2,0
22904,5,2,80398,80398,80400,0,2,3
22905,5,2,80403,80403,80405,0,2,3
22906,1,2,80404,80405,80407,1,3,0
22907,4,3,80408,80408,80411,0,3,1
22908,5,1,80413,80413,80414,0,1,2
22909,5,3,80418,80418,80421,0,3,4
22910,2,3,80420,80421,80424,1,4,0
22911,3,3,80423,80424,80427,1,4,0
22912,2,1,80425,80427,80428,2,3,0
22913,3,1,80428,80428,80429,0,1,0
22914,5,1,80433,80433,80434,0,1,4
22915,1,2,80434,80434,80436,0,2,0
22916,3,2,80437,80437,80439,0,2,1
22917,3,2,80440,80440,80442,0,2,1
22918,6,2,80446,80446,80448,0,2,4
22919,3,2,80449,80449,80451,0,2,1
22920,1,1,80450,80451,80452,1,2,0
22921,3,1,80453,80453,80454,0,1,1
22922,3,2,80456,80456,80458,0,2,2
22923,1,1,80457,80458,80459,1,2,0
22924,3,1,80460,80460,80461,0,1,1
22925,5,3,80465,80465,80468,0,3,4
22926,4,1,80469,80469,80470,0,1,1
22927,2,1,80471,80471,80472,0,1,1
22928,4,2,80475,80475,80477,0,2,3
22929,3,2,80478,80478,80480,0,2,1
22930,2,3,80480,80480,80483,0,3,0
22931,6,2,80486,80486,80488,0,2,3
22932,6,3,80492,80492,80495,0,3,4
22933,1,2,80493,80495,80497,2,4,0
22934,2,2,80495,80497,80499,2,4,0
22935,1,1,80496,80499,80500,3,4,0
22936,1,1,80497,80500,80501,3,4,0
22937,3,2,80500,80501,80503,1,3,0
22938,5,1,80505,80505,80506,0,1,2
22939,2,2,80507,80507,80509,0,2,1
22940,3,2,80510,80510,80512,0,2,1
22941,6,1,80516,80516,80517,0,1,4
22942,4,3,80520,80520,80523,0,3,3
22943,6,2,80526,80526,80528,0,2,3
22944,2,2,80528,80528,80530,0,2,0
22945,4,1,80532,80532,80533,0,1,2
22946,6,3,80538,80538,80541,0,3,5
22947,3,3,80541,80541,80544,0,3,0
22948,6,3,80547,80547,80550,0,3,3
22949,2,2,80549,80550,80552,1,3,0
22950,2,1,80551,80552,80553,1,2,0
22951,4,2,80555,80555,80557,0,2,2
22952,6,3,80561,80561,80564,0,3,4
22953,2,2,80563,80564,80566,1,3,0
22954,4,1,80567,80567,80568,0,1,1
22955,1,3,80568,80568,80571,0,3,0
22956,1,3,80569,80571,80574,2,5,0
22957,6,1,80575,80575,80576,0,1,1
22958,5,1,80580,80580,80581,0,1,4
22959,2,3,80582,80582,80585,0,3,1
22960,6,1,80588,80588,80589,0,1,3
22961,1,3,80589,80589,80592,0,3,0
22962,6,1,80595,80595,80596,0,1,3
22963,6,1,80601,80601,80602,0,1,5
22964,3,3,80604,80604,80607,0,3,2
22965,5,2,80609,80609,80611,0,2,2
22966,4,1,80613,80613,80614,0,1,2
22967,5,3,80618,80618,80621,0,3,4
22968,3,2,80621,80621,80623,0,2,0
22969,3,1,80624,80624,80625,0,1,1
22970,5,1,80629,80629,80630,0,1,4
22971,4,3,80633,80633,80636,0,3,3
22972,2,3,80635,80636,80639,1,4,0
22973,2,1,80637,80639,80640,2,3,0
22974,2,1,80639,80640,80641,1,2,0
22975,6,2,80645,80645,80647,0,2,4
22976,1,2,80646,80647,80649,1,3,0
22977,2,3,80648,80649,80652,1,4,0
22978,5,1,80653,80653,80654,0,1,1
22979,5,3,80658,80658,80661,0,3,4
22980,1,1,80659,80661,80662,2,3,0
22981,3,2,80662,80662,80664,0,2,0
22982,3,1,80665,80665,80666,0,1,1
22983,1,1,80666,80666,80667,0,1,0
22984,2,1,80668,80668,80669,0,1,1
22985,3,1,80671,80671,80672,0,1,2
22986,3,3,80674,80674,80677,0,3,2
22987,4,3,80678,80678,80681,0,3,1
22988,5,3,80683,80683,80686,0,3,2
22989,5,2,80688,80688,80690,0,2,2
22990,4,2,80692,80692,80694,0,2,2
22991,1,2,80693,80694,80696,1,3,0
22992,1,1,80694,80696,80697,2,3,0
22993,6,3,80700,80700,80703,0,3,3
22994,2,1,80702,80703,80704,1,2,0
22995,5,3,80707,80707,80710,0,3,3
22996,4,1,80711,80711,80712,0,1,1
22997,5,3,80716,80716,80719,0,3,4
22998,5,2,80721,80721,80723,0,2,2
22999,2,1,80723,80723,80724,0,1,0
23000,4,1,80727,80727,80728,0,1,3
23001,5,3,80732,80732,80735,0,3,4
23002,6,2,80738,80738,80740,0,2,3
23003,2,2,80740,80740,80742,0,2,0
23004,1,1,80741,80742,80743,1,2,0
23005,3,1,80744,80744,80745,0,1,1
23006,3,1,80747,80747,80748,0,1,2
23007,1,3,80748,80748,80751,0,3,0
23008,2,3,80750,80751,80754,1,4,0
23009,2,2,80752,80754,80756,2,4,0
23010,6,2,80758,80758,80760,0,2,2
23011,3,3,80761,80761,80764,0,3,1
23012,6,2,80767,80767,80769,0,2,3
23013,3,1,80770,80770,80771,0,1,1
23014,4,3,80774,80774,80777,0,3,3
23015,4,1,80778,80778,80779,0,1,1
23016,2,2,80780,80780,80782,0,2,1
23017,5,2,80785,80785,80787,0,2,3
23018,1,2,80786,80787,80789,1,3,0
23019,3,1,80789,80789,80790,0,1,0
23020,4,2,80793,80793,80795,0,2,3
23021,6,3,80799,80799,80802,0,3,4
23022,6,3,80805,80805,80808,0,3,3
23023,1,1,80806,80808,80809,2,3,0
23024,1,1,80807,80809,80810,2,3,0
23025,3,1,80810,80810,80811,0,1,0
23026,3,2,80813,80813,80815,0,2,2
23027,4,1,80817,80817,80818,0,1,2
23028,2,3,80819,80819,80822,0,3,1
23029,4,2,80823,80823,80825,0,2,1
23030,6,3,80829,80829,80832,0,3,4
23031,2,1,80831,80832,80833,1,2,0
23032,1,3,80832,80833,80836,1,4,0
23033,2,2,80834,80836,80838,2,4,0
23034,4,3,80838,80838,80841,0,3,0
23035,1,3,80839,80841,80844,2,5,0
23036,4,3,80843,80844,80847,1,4,0
23037,5,1,80848,80848,80849,0,1,1
23038,6,1,80854,80854,80855,0,1,5
23039,4,2,80858,80858,80860,0,2,3
23040,5,3,80863,80863,80866,0,3,3
23041,1,3,80864,80866,80869,2,5,0
23042,4,2,80868,80869,80871,1,3,0
23043,1,2,80869,80871,80873,2,4,0
23044,5,1,80874,80874,80875,0,1,1
23045,5,1,80879,80879,80880,0,1,4
23046,2,2,80881,80881,80883,0,2,1
23047,6,1,80887,80887,80888,0,1,4
23048,5,1,80892,80892,80893,0,1,4
23049,1,2,80893,80893,80895,0,2,0
23050,4,3,80897,80897,80900,0,3,2
23051,5,2,80902,80902,80904,0,2,2
23052,5,2,80907,80907,80909,0,2,3
23053,2,3,80909,80909,80912,0,3,0
23054,2,1,80911,80912,80913,1,2,0
23055,1,1,80912,80913,80914,1,2,0
23056,2,3,80914,80914,80917,0,3,0
23057,4,1,80918,80918,80919,0,1,1
23058,6,2,80924,80924,80926,0,2,5
23059,5,3,80929,80929,80932,0,3,3
23060,6,1,80935,80935,80936,0,1,3
23061,6,1,80941,80941,80942,0,1,5
23062,2,2,80943,80943,80945,0,2,1
23063,3,1,80946,80946,80947,0,1,1
23064,6,1,80952,80952,80953,0,1,5
23065,6,1,80958,80958,80959,0,1,5
23066,6,1,80964,80964,80965,0,1,5
23067,4,3,80968,80968,80971,0,3,3
23068,3,2,80971,80971,80973,0,2,0
23069,6,2,80977,80977,80979,0,2,4
23070,1,3,80978,80979,80982,1,4,0
23071,6,3,80984,80984,80987,0,3,2
23072,4,2,80988,80988,80990,0,2,1
23073,2,2,80990,80990,80992,0,2,0
23074,4,1,80994,80994,80995,0,1,2
23075,6,1,81000,81000,81001,0,1,5
23076,4,3,81004,81004,81007,0,3,3
23077,6,1,81010,81010,81011,0,1,3
23078,4,1,81014,81014,81015,0,1,3
23079,1,1,81015,81015,81016,0,1,0
23080,3,1,81018,81018,81019,0,1,2
23081,1,1,81019,81019,81020,0,1,0
23082,4,2,81023,81023,81025,0,2,3
23083,5,2,81028,81028,81030,0,2,3
23084,5,3,81033,81033,81036,0,3,3
23085,2,2,81035,81036,81038,1,3,0
23086,4,3,81039,81039,81042,0,3,1
23087,2,1,81041,81042,81043,1,2,0
23088,5,3,81046,81046,81049,0,3,3
23089,1,2,81047,81049,81051,2,4,0
23090,3,1,81050,81051,81052,1,2,0
23091,3,3,81053,81053,81056,0,3,1
23092,3,3,81056,81056,81059,0,3,0
23093,4,1,81060,81060,81061,0,1,1
23094,6,2,81066,81066,81068,0,2,5
23095,5,1,81071,81071,81072,0,1,3
23096,6,1,81077,81077,81078,0,1,5
23097,5,3,81082,81082,81085,0,3,4
23098,4,3,81086,81086,81089,0,3,1
23099,4,1,81090,81090,81091,0,1,1
23100,2,1,81092,81092,81093,0,1,1
23101,3,1,81095,81095,81096,0,1,2
23102,6,2,81101,81101,81103,0,2,5
23103,1,2,81102,81103,81105,1,3,0
23104,5,2,81107,81107,81109,0,2,2
23105,1,2,81108,81109,81111,1,3,0
23106,3,3,81111,81111,81114,0,3,0
23107,5,1,81116,81116,81117,0,1,2
23108,3,1,81119,81119,81120,0,1,2
23109,3,2,81122,81122,81124,0,2,2
23110,3,3,81125,81125,81128,0,3,1
23111,5,1,81130,81130,81131,0,1,2
23112,4,1,81134,81134,81135,0,1,3
23113,6,3,81140,81140,81143,0,3,5
23114,6,2,81146,81146,81148,0,2,3
23115,2,3,81148,81148,81151,0,3,0
23116,5,2,81153,81153,81155,0,2,2
23117,2,2,81155,81155,81157,0,2,0
23118,6,1,81161,81161,81162,0,1,4
23119,1,1,81162,81162,81163,0,1,0
23120,4,1,81166,81166,81167,0,1,3
23121,3,3,81169,81169,81172,0,3,2
23122,5,1,81174,81174,81175,0,1,2
23123,2,1,81176,81176,81177,0,1,1
23124,5,3,81181,81181,81184,0,3,4
23125,4,3,81185,81185,81188,0,3,1
23126,5,1,81190,81190,81191,0,1,2
23127,5,2,81195,81195,81197,0,2,4
23128,3,2,81198,81198,81200,0,2,1
23129,5,3,81203,81203,81206,0,3,3
23130,6,1,81209,81209,81210,0,1,3
23131,2,1,81211,81211,81212,0,1,1
23132,5,1,81216,81216,81217,0,1,4
23133,6,3,81222,81222,81225,0,3,5
23134,3,1,81225,81225,81226,0,1,0
23135,4,3,81229,81229,81232,0,3,3
23136,3,3,81232,81232,81235,0,3,0
23137,4,3,81236,81236,81239,0,3,1
23138,1,1,81237,81239,81240,2,3,0
23139,4,3,81241,81241,81244,0,3,1
23140,3,2,81244,81244,81246,0,2,0
23141,4,2,81248,81248,81250,0,2,2
23142,6,2,81254,81254,81256,0,2,4
23143,6,1,81260,81260,81261,0,1,4
23144,3,3,81263,81263,81266,0,3,2
23145,1,1,81264,81266,81267,2,3,0
23146,2,2,81266,81267,81269,1,3,0
23147,2,3,81268,81269,81272,1,4,0
23148,5,2,81273,81273,81275,0,2,1
23149,4,3,81277,81277,81280,0,3,2
23150,3,1,81280,81280,81281,0,1,0
23151,3,2,81283,81283,81285,0,2,2
23152,6,3,81289,81289,81292,0,3,4
23153,5,2,81294,81294,81296,0,2,2
23154,1,1,81295,81296,81297,1,2,0
23155,1,1,81296,81297,81298,1,2,0
23156,4,2,81300,81300,81302,0,2,2
23157,2,1,81302,81302,81303,0,1,0
23158,6,1,81308,81308,81309,0,1,5
23159,6,1,81314,81314,81315,0,1,5
23160,3,1,81317,81317,81318,0,1,2
23161,2,2,81319,81319,81321,0,2,1
23162,4,2,81323,81323,81325,0,2,2
23163,1,1,81324,81325,81326,1,2,0
23164,5,1,81329,81329,81330,0,1,3
23165,2,3,81331,81331,81334,0,3,1
23166,1,1,81332,81334,81335,2,3,0
23167,3,1,81335,81335,81336,0,1,0
23168,1,2,81336,81336,81338,0,2,0
23169,2,3,81338,81338,81341,0,3,0
23170,4,1,81342,81342,81343,0,1,1
23171,2,2,81344,81344,81346,0,2,1
23172,1,1,81345,81346,81347,1,2,0
23173,3,3,81348,81348,81351,0,3,1
23174,3,1,81351,81351,81352,0,1,0
23175,6,3,81357,81357,81360,0,3,5
23176,5,2,81362,81362,81364,0,2,2
23177,3,2,81365,81365,81367,0,2,1
23178,2,1,81367,81367,81368,0,1,0
23179,2,2,81369,81369,81371,0,2,1
23180,6,1,81375,81375,81376,0,1,4
23181,4,2,81379,81379,81381,0,2,3
23182,4,1,81383,81383,81384,0,1,2
23183,1,1,81384,81384,81385,0,1,0
23184,6,3,81390,81390,81393,0,3,5
23185,2,1,81392,81393,81394,1,2,0
23186,3,2,81395,81395,81397,0,2,1
23187,4,2,81399,81399,81401,0,2,2
23188,1,2,81400,81401,81403,1,3,0
23189,5,2,81405,81405,81407,0,2,2
23190,1,1,81406,81407,81408,1,2,0
23191,1,3,81407,81408,81411,1,4,0
23192,3,1,81410,81411,81412,1,2,0
23193,1,3,81411,81412,81415,1,4,0
23194,5,2,81416,81416,81418,0,2,1
23195,3,3,81419,81419,81422,0,3,1
23196,1,1,81420,81422,81423,2,3,0
23197,2,1,81422,81423,81424,1,2,0
23198,4,3,81426,81426,81429,0,3,2
23199,6,1,81432,81432,81433,0,1,3
23200,5,1,81437,81437,81438,0,1,4
23201,5,2,81442,81442,81444,0,2,4
23202,2,2,81444,81444,81446,0,2,0
23203,6,3,81450,81450,81453,0,3,4
23204,2,3,81452,81453,81456,1,4,0
23205,2,1,81454,81456,81457,2,3,0
23206,5,1,81459,81459,81460,0,1,2
23207,1,1,81460,81460,81461,0,1,0
23208,5,3,81465,81465,81468,0,3,4
23209,5,2,81470,81470,81472,0,2,2
23210,4,1,81474,81474,81475,0,1,2
23211,1,2,81475,81475,81477,0,2,0
23212,6,3,81481,81481,81484,0,3,4
23213,3,1,81484,81484,81485,0,1,0
23214,6,3,81490,81490,81493,0,3,5
23215,5,1,81495,81495,81496,0,1,2
23216,2,3,81497,81497,81500,0,3,1
23217,5,3,81502,81502,81505,0,3,2
23218,6,2,81508,81508,81510,0,2,3
23219,4,3,81512,81512,81515,0,3,2
23220,4,2,81516,81516,81518,0,2,1
23221,3,2,81519,81519,81521,0,2,1
23222,2,2,81521,81521,81523,0,2,0
23223,5,3,81526,81526,81529,0,3,3
23224,3,1,81529,81529,81530,0,1,0
23225,4,2,81533,81533,81535,0,2,3
23226,5,1,81538,81538,81539,0,1,3
23227,5,1,81543,81543,81544,0,1,4
23228,6,1,81549,81549,81550,0,1,5
23229,6,1,81555,81555,81556,0,1,5
23230,3,2,81558,81558,81560,0,2,2
23231,2,1,81560,81560,81561,0,1,0
23232,5,2,81565,81565,81567,0,2,4
23233,3,2,81568,81568,81570,0,2,1
23234,3,2,81571,81571,81573,0,2,1
23235,4,1,81575,81575,81576,0,1,2
23236,2,1,81577,81577,81578,0,1,1
23237,2,2,81579,81579,81581,0,2,1
23238,6,1,81585,81585,81586,0,1,4
23239,5,1,81590,81590,81591,0,1,4
23240,1,1,81591,81591,81592,0,1,0
23241,5,2,81596,81596,81598,0,2,4
23242,4,2,81600,81600,81602,0,2,2
23243,4,1,81604,81604,81605,0,1,2
23244,4,2,81608,81608,81610,0,2,3
23245,2,2,81610,81610,81612,0,2,0
23246,2,1,81612,81612,81613,0,1,0
23247,2,3,81614,81614,81617,0,3,1
23248,3,1,81617,81617,81618,0,1,0
23249,3,3,81620,81620,81623,0,3,2
23250,5,1,81625,81625,81626,0,1,2
23251,1,3,81626,81626,81629,0,3,0
23252,1,1,81627,81629,81630,2,3,0
23253,1,1,81628,81630,81631,2,3,0
23254,3,3,81631,81631,81634,0,3,0
23255,1,1,81632,81634,81635,2,3,0
23256,4,1,81636,81636,81637,0,1,1
23257,2,3,81638,81638,81641,0,3,1
23258,1,1,81639,81641,81642,2,3,0
23259,5,1,81644,81644,81645,0,1,2
23260,3,2,81647,81647,81649,0,2,2
23261,5,1,81652,81652,81653,0,1,3
23262,5,1,81657,81657,81658,0,1,4
23263,5,1,81662,81662,81663,0,1,4
23264,5,3,81667,81667,81670,0,3,4
23265,1,3,81668,81670,81673,2,5,0
23266,4,2,81672,81673,81675,1,3,0
23267,2,3,81674,81675,81678,1,4,0
23268,6,2,81680,81680,81682,0,2,2
23269,6,3,81686,81686,81689,0,3,4
23270,1,2,81687,81689,81691,2,4,0
23271,4,1,81691,81691,81692,0,1,0
23272,1,2,81692,81692,81694,0,2,0
23273,2,2,81694,81694,81696,0,2,0
23274,5,2,81699,81699,81701,0,2,3
23275,2,2,81701,81701,81703,0,2,0
23276,2,2,81703,81703,81705,0,2,0
23277,3,2,81706,81706,81708,0,2,1
23278,4,3,81710,81710,81713,0,3,2
23279,3,3,81713,81713,81716,0,3,0
23280,6,2,81719,81719,81721,0,2,3
23281,5,3,81724,81724,81727,0,3,3
23282,5,2,81729,81729,81731,0,2,2
23283,2,3,81731,81731,81734,0,3,0
23284,1,1,81732,81734,81735,2,3,0
23285,5,2,81737,81737,81739,0,2,2
23286,1,2,81738,81739,81741,1,3,0
23287,1,3,81739,81741,81744,2,5,0
23288,1,1,81740,81744,81745,4,5,0
23289,4,1,81744,81745,81746,1,2,0
23290,2,3,81746,81746,81749,0,3,0
23291,1,3,81747,81749,81752,2,5,0
23292,4,2,81751,81752,81754,1,3,0
23293,6,2,81757,81757,81759,0,2,3
23294,1,1,81758,81759,81760,1,2,0
23295,6,2,81764,81764,81766,0,2,4
23296,6,3,81770,81770,81773,0,3,4
23297,3,1,81773,81773,81774,0,1,0
23298,2,2,81775,81775,81777,0,2,1
23299,1,3,81776,81777,81780,1,4,0
23300,5,3,81781,81781,81784,0,3,1
23301,5,1,81786,81786,81787,0,1,2
23302,6,1,81792,81792,81793,0,1,5
23303,2,1,81794,81794,81795,0,1,1
23304,2,3,81796,81796,81799,0,3,1
23305,6,2,81802,81802,81804,0,2,3
23306,3,3,81805,81805,81808,0,3,1
23307,4,1,81809,81809,81810,0,1,1
23308,3,2,81812,81812,81814,0,2,2
23309,2,2,81814,81814,81816,0,2,0
23310,5,2,81819,81819,81821,0,2,3
23311,6,2,81825,81825,81827,0,2,4
23312,5,1,81830,81830,81831,0,1,3
23313,2,1,81832,81832,81833,0,1,1
23314,4,3,81836,81836,81839,0,3,3
23315,3,1,81839,81839,81840,0,1,0
23316,6,1,81845,81845,81846,0,1,5
23317,6,1,81851,81851,81852,0,1,5
23318,6,2,81857,81857,81859,0,2,5
23319,1,2,81858,81859,81861,1,3,0
23320,5,3,81863,81863,81866,0,3,2
23321,5,3,81868,81868,81871,0,3,2
23322,4,1,81872,81872,81873,0,1,1
23323,1,2,81873,81873,81875,0,2,0
23324,3,3,81876,81876,81879,0,3,1
23325,4,2,81880,81880,81882,0,2,1
23326,6,3,81886,81886,81889,0,3,4
23327,2,2,81888,81889,81891,1,3,0
23328,5,3,81893,81893,81896,0,3,2
23329,3,2,81896,81896,81898,0,2,0
23330,1,3,81897,81898,81901,1,4,0
23331,4,2,81901,81901,81903,0,2,0
23332,1,1,81902,81903,81904,1,2,0
23333,1,3,81903,81904,81907,1,4,0
23334,4,1,81907,81907,81908,0,1,0
23335,4,2,81911,81911,81913,0,2,3
23336,1,3,81912,81913,81916,1,4,0
23337,1,1,81913,81916,81917,3,4,0
23338,5,3,81918,81918,81921,0,3,1
23339,4,1,81922,81922,81923,0,1,1
23340,5,3,81927,81927,81930,0,3,4
23341,6,2,81933,81933,81935,0,2,3
23342,2,2,81935,81935,81937,0,2,0
23343,6,1,81941,81941,81942,0,1,4
23344,6,2,81947,81947,81949,0,2,5
23345,6,2,81953,81953,81955,0,2,4
23346,5,2,81958,81958,81960,0,2,3
23347,6,2,81964,81964,81966,0,2,4
23348,2,3,81966,81966,81969,0,3,0
23349,5,2,81971,81971,81973,0,2,2
23350,2,2,81973,81973,81975,0,2,0
23351,5,3,81978,81978,81981,0,3,3
23352,5,3,81983,81983,81986,0,3,2
23353,5,1,81988,81988,81989,0,1,2
23354,4,2,81992,81992,81994,0,2,3
23355,6,1,81998,81998,81999,0,1,4
23356,2,2,82000,82000,82002,0,2,1
23357,3,3,82003,82003,82006,0,3,1
23358,3,1,82006,82006,82007,0,1,0
23359,1,1,82007,82007,82008,0,1,0
23360,2,2,82009,82009,82011,0,2,1
23361,2,2,82011,82011,82013,0,2,0
23362,5,1,82016,82016,82017,0,1,3
23363,1,3,82017,82017,82020,0,3,0
23364,1,2,82018,82020,82022,2,4,0
23365,5,2,82023,82023,82025,0,2,1
23366,2,2,82025,82025,82027,0,2,0
23367,2,1,82027,82027,82028,0,1,0
23368,1,2,82028,82028,82030,0,2,0
23369,1,3,82029,82030,82033,1,4,0
23370,5,1,82034,82034,82035,0,1,1
23371,5,2,82039,82039,82041,0,2,4
23372,1,2,82040,82041,82043,1,3,0
23373,5,3,82045,82045,82048,0,3,2
23374,1,3,82046,82048,82051,2,5,0
23375,4,3,82050,82051,82054,1,4,0
23376,2,3,82052,82054,82057,2,5,0
23377,1,1,82053,82057,82058,4,5,0
23378,1,2,82054,82058,82060,4,6,0
23379,4,2,82058,82060,82062,2,4,0
23380,4,2,82062,82062,82064,0,2,0
23381,5,3,82067,82067,82070,0,3,3
23382,5,1,82072,82072,82073,0,1,2
23383,5,3,82077,82077,82080,0,3,4
23384,1,3,82078,82080,82083,2,5,0
23385,2,3,82080,82083,82086,3,6,0
23386,3,3,82083,82086,82089,3,6,0
23387,6,3,82089,82089,82092,0,3,0
23388,4,2,82093,82093,82095,0,2,1
23389,1,2,82094,82095,82097,1,3,0
23390,3,1,82097,82097,82098,0,1,0
23391,5,2,82102,82102,82104,0,2,4
23392,5,1,82107,82107,82108,0,1,3
23393,2,2,82109,82109,82111,0,2,1
23394,3,1,82112,82112,82113,0,1,1
23395,4,1,82116,82116,82117,0,1,3
23396,5,2,82121,82121,82123,0,2,4
23397,5,1,82126,82126,82127,0,1,3
23398,6,2,82132,82132,82134,0,2,5
23399,1,2,82133,82134,82136,1,3,0
23400,6,2,82139,82139,82141,0,2,3
23401,6,3,82145,82145,82148,0,3,4
23402,4,2,82149,82149,82151,0,2,1
23403,3,1,82152,82152,82153,0,1,1
23404,2,3,82154,82154,82157,0,3,1
23405,6,2,82160,82160,82162,0,2,3
23406,6,1,82166,82166,82167,0,1,4
23407,2,1,82168,82168,82169,0,1,1
23408,6,2,82174,82174,82176,0,2,5
23409,6,2,82180,82180,82182,0,2,4
23410,6,2,82186,82186,82188,0,2,4
23411,6,2,82192,82192,82194,0,2,4
23412,4,2,82196,82196,82198,0,2,2
23413,1,2,82197,82198,82200,1,3,0
23414,3,3,82200,82200,82203,0,3,0
23415,4,2,82204,82204,82206,0,2,1
23416,1,2,82205,82206,82208,1,3,0
23417,6,1,82211,82211,82212,0,1,3
23418,1,3,82212,82212,82215,0,3,0
23419,4,2,82216,82216,82218,0,2,1
23420,4,1,82220,82220,82221,0,1,2
23421,5,1,82225,82225,82226,0,1,4
23422,2,2,82227,82227,82229,0,2,1
23423,5,2,82232,82232,82234,0,2,3
23424,4,2,82236,82236,82238,0,2,2
23425,2,1,82238,82238,82239,0,1,0
23426,4,3,82242,82242,82245,0,3,3
23427,3,2,82245,82245,82247,0,2,0
23428,4,3,82249,82249,82252,0,3,2
23429,5,2,82254,82254,82256,0,2,2
23430,1,2,82255,82256,82258,1,3,0
23431,3,1,82258,82258,82259,0,1,0
23432,1,1,82259,82259,82260,0,1,0
23433,6,1,82265,82265,82266,0,1,5
23434,3,2,82268,82268,82270,0,2,2
23435,1,3,82269,82270,82273,1,4,0
23436,1,1,82270,82273,82274,3,4,0
23437,2,2,82272,82274,82276,2,4,0
23438,4,2,82276,82276,82278,0,2,0
23439,6,2,82282,82282,82284,0,2,4
23440,1,2,82283,82284,82286,1,3,0
23441,2,2,82285,82286,82288,1,3,0
23442,5,1,82290,82290,82291,0,1,2
23443,5,3,82295,82295,82298,0,3,4
23444,1,3,82296,82298,82301,2,5,0
23445,4,3,82300,82301,82304,1,4,0
23446,2,2,82302,82304,82306,2,4,0
23447,4,1,82306,82306,82307,0,1,0
23448,5,2,82311,82311,82313,0,2,4
23449,5,3,82316,82316,82319,0,3,3
23450,2,2,82318,82319,82321,1,3,0
23451,4,2,82322,82322,82324,0,2,1
23452,3,2,82325,82325,82327,0,2,1
23453,5,2,82330,82330,82332,0,2,3
23454,1,1,82331,82332,82333,1,2,0
23455,4,1,82335,82335,82336,0,1,2
23456,4,1,82339,82339,82340,0,1,3
23457,3,2,82342,82342,82344,0,2,2
23458,2,1,82344,82344,82345,0,1,0
23459,3,2,82347,82347,82349,0,2,2
23460,5,3,82352,82352,82355,0,3,3
23461,2,2,82354,82355,82357,1,3,0
23462,5,3,82359,82359,82362,0,3,2
23463,5,2,82364,82364,82366,0,2,2
23464,6,3,82370,82370,82373,0,3,4
23465,4,1,82374,82374,82375,0,1,1
23466,6,2,82380,82380,82382,0,2,5
23467,6,2,82386,82386,82388,0,2,4
23468,4,2,82390,82390,82392,0,2,2
23469,6,2,82396,82396,82398,0,2,4
23470,6,3,82402,82402,82405,0,3,4
23471,2,2,82404,82405,82407,1,3,0
23472,6,2,82410,82410,82412,0,2,3
23473,2,3,82412,82412,82415,0,3,0
23474,4,2,82416,82416,82418,0,2,1
23475,2,2,82418,82418,82420,0,2,0
23476,2,2,82420,82420,82422,0,2,0
23477,2,1,82422,82422,82423,0,1,0
23478,1,2,82423,82423,82425,0,2,0
23479,2,3,82425,82425,82428,0,3,0
23480,4,3,82429,82429,82432,0,3,1
23481,5,1,82434,82434,82435,0,1,2
23482,4,3,82438,82438,82441,0,3,3
23483,2,3,82440,82441,82444,1,4,0
23484,6,1,82446,82446,82447,0,1,2
23485,2,2,82448,82448,82450,0,2,1
23486,4,2,82452,82452,82454,0,2,2
23487,5,1,82457,82457,82458,0,1,3
23488,5,2,82462,82462,82464,0,2,4
23489,3,2,82465,82465,82467,0,2,1
23490,6,2,82471,82471,82473,0,2,4
23491,1,1,82472,82473,82474,1,2,0
23492,4,3,82476,82476,82479,0,3,2
23493,4,2,82480,82480,82482,0,2,1
23494,6,3,82486,82486,82489,0,3,4
23495,6,3,82492,82492,82495,0,3,3
23496,5,2,82497,82497,82499,0,2,2
23497,4,1,82501,82501,82502,0,1,2
23498,6,3,82507,82507,82510,0,3,5
23499,6,3,82513,82513,82516,0,3,3
23500,3,2,82516,82516,82518,0,2,0
23501,5,1,82521,82521,82522,0,1,3
23502,1,3,82522,82522,82525,0,3,0
23503,3,1,82525,82525,82526,0,1,0
23504,3,3,82528,82528,82531,0,3,2
23505,6,2,82534,82534,82536,0,2,3
23506,4,3,82538,82538,82541,0,3,2
23507,1,3,82539,82541,82544,2,5,0
23508,5,3,82544,82544,82547,0,3,0
23509,2,2,82546,82547,82549,1,3,0
23510,1,3,82547,82549,82552,2,5,0
23511,4,3,82551,82552,82555,1,4,0
23512,6,2,82557,82557,82559,0,2,2
23513,2,1,82559,82559,82560,0,1,0
23514,6,1,82565,82565,82566,0,1,5
23515,5,2,82570,82570,82572,0,2,4
23516,5,1,82575,82575,82576,0,1,3
23517,1,2,82576,82576,82578,0,2,0
23518,6,3,82582,82582,82585,0,3,4
23519,1,2,82583,82585,82587,2,4,0
23520,5,2,82588,82588,82590,0,2,1
23521,4,1,82592,82592,82593,0,1,2
23522,5,2,82597,82597,82599,0,2,4
23523,6,1,82603,82603,82604,0,1,4
23524,3,3,82606,82606,82609,0,3,2
23525,1,3,82607,82609,82612,2,5,0
23526,1,2,82608,82612,82614,4,6,0
23527,2,1,82610,82614,82615,4,5,0
23528,2,3,82612,82615,82618,3,6,0
23529,1,3,82613,82618,82621,5,8,0
23530,5,1,82618,82621,82622,3,4,0
23531,4,3,82622,82622,82625,0,3,0
23532,2,1,82624,82625,82626,1,2,0
23533,5,1,82629,82629,82630,0,1,3
23534,4,3,82633,82633,82636,0,3,3
23535,4,3,82637,82637,82640,0,3,1
23536,1,3,82638,82640,82643,2,5,0
23537,6,3,82644,82644,82647,0,3,1
23538,5,2,82649,82649,82651,0,2,2
23539,4,3,82653,82653,82656,0,3,2
23540,3,1,82656,82656,82657,0,1,0
23541,4,3,82660,82660,82663,0,3,3
23542,2,2,82662,82663,82665,1,3,0
23543,1,1,82663,82665,82666,2,3,0
23544,2,1,82665,82666,82667,1,2,0
23545,5,3,82670,82670,82673,0,3,3
23546,1,1,82671,82673,82674,2,3,0
23547,5,2,82676,82676,82678,0,2,2
23548,6,1,82682,82682,82683,0,1,4
23549,1,1,82683,82683,82684,0,1,0
23550,1,3,82684,82684,82687,0,3,0
23551,1,1,82685,82687,82688,2,3,0
23552,4,3,82689,82689,82692,0,3,1
23553,2,1,82691,82692,82693,1,2,0
23554,4,1,82695,82695,82696,0,1,2
23555,5,2,82700,82700,82702,0,2,4
23556,6,1,82706,82706,82707,0,1,4
23557,3,1,82709,82709,82710,0,1,2
23558,5,3,82714,82714,82717,0,3,4
23559,4,3,82718,82718,82721,0,3,1
23560,4,3,82722,82722,82725,0,3,1
23561,1,1,82723,82725,82726,2,3,0
23562,1,3,82724,82726,82729,2,5,0
23563,2,1,82726,82729,82730,3,4,0
23564,3,2,82729,82730,82732,1,3,0
23565,2,2,82731,82732,82734,1,3,0
23566,4,3,82735,82735,82738,0,3,1
23567,2,3,82737,82738,82741,1,4,0
23568,6,3,82743,82743,82746,0,3,2
23569,2,1,82745,82746,82747,1,2,0
23570,5,3,82750,82750,82753,0,3,3
23571,1,1,82751,82753,82754,2,3,0
23572,1,1,82752,82754,82755,2,3,0
23573,5,3,82757,82757,82760,0,3,2
23574,4,1,82761,82761,82762,0,1,1
23575,3,3,82764,82764,82767,0,3,2
23576,2,2,82766,82767,82769,1,3,0
23577,3,3,82769,82769,82772,0,3,0
23578,2,3,82771,82772,82775,1,4,0
23579,6,1,82777,82777,82778,0,1,2
23580,2,2,82779,82779,82781,0,2,1
23581,1,1,82780,82781,82782,1,2,0
23582,6,3,82786,82786,82789,0,3,4
23583,4,1,82790,82790,82791,0,1,1
23584,3,1,82793,82793,82794,0,1,2
23585,5,1,82798,82798,82799,0,1,4
23586,2,1,82800,82800,82801,0,1,1
23587,1,1,82801,82801,82802,0,1,0
23588,1,2,82802,82802,82804,0,2,0
23589,1,3,82803,82804,82807,1,4,0
23590,1,1,82804,82807,82808,3,4,0
23591,1,3,82805,82808,82811,3,6,0
23592,4,2,82809,82811,82813,2,4,0
23593,6,1,82815,82815,82816,0,1,2
23594,6,2,82821,82821,82823,0,2,5
23595,6,3,82827,82827,82830,0,3,4
23596,6,1,82833,82833,82834,0,1,3
23597,4,2,82837,82837,82839,0,2,3
23598,2,2,82839,82839,82841,0,2,0
23599,6,2,82845,82845,82847,0,2,4
23600,1,2,82846,82847,82849,1,3,0
23601,6,3,82852,82852,82855,0,3,3
23602,3,1,82855,82855,82856,0,1,0
23603,2,2,82857,82857,82859,0,2,1
23604,3,3,82860,82860,82863,0,3,1
23605,6,2,82866,82866,82868,0,2,3
23606,4,2,82870,82870,82872,0,2,2
23607,3,2,82873,82873,82875,0,2,1
23608,3,3,82876,82876,82879,0,3,1
23609,2,1,82878,82879,82880,1,2,0
23610,1,2,82879,82880,82882,1,3,0
23611,3,3,82882,82882,82885,0,3,0
23612,1,2,82883,82885,82887,2,4,0
23613,1,3,82884,82887,82890,3,6,0
23614,3,1,82887,82890,82891,3,4,0
23615,1,1,82888,82891,82892,3,4,0
23616,5,1,82893,82893,82894,0,1,1
23617,4,1,82897,82897,82898,0,1,3
23618,5,2,82902,82902,82904,0,2,4
23619,5,2,82907,82907,82909,0,2,3
23620,2,2,82909,82909,82911,0,2,0
23621,3,2,82912,82912,82914,0,2,1
23622,4,3,82916,82916,82919,0,3,2
23623,1,3,82917,82919,82922,2,5,0
23624,3,1,82920,82922,82923,2,3,0
23625,5,3,82925,82925,82928,0,3,2
23626,2,2,82927,82928,82930,1,3,0
23627,5,3,82932,82932,82935,0,3,2
23628,4,2,82936,82936,82938,0,2,1
23629,3,2,82939,82939,82941,0,2,1
23630,5,3,82944,82944,82947,0,3,3
23631,3,1,82947,82947,82948,0,1,0
23632,5,3,82952,82952,82955,0,3,4
23633,6,3,82958,82958,82961,0,3,3
23634,2,1,82960,82961,82962,1,2,0
23635,2,2,82962,82962,82964,0,2,0
23636,4,3,82966,82966,82969,0,3,2
23637,6,1,82972,82972,82973,0,1,3
23638,2,1,82974,82974,82975,0,1,1
23639,4,3,82978,82978,82981,0,3,3
23640,5,1,82983,82983,82984,0,1,2
23641,4,3,82987,82987,82990,0,3,3
23642,6,3,82993,82993,82996,0,3,3
23643,2,3,82995,82996,82999,1,4,0
23644,2,2,82997,82999,83001,2,4,0
23645,1,3,82998,83001,83004,3,6,0
23646,4,1,83002,83004,83005,2,3,0
23647,5,2,83007,83007,83009,0,2,2
23648,1,2,83008,83009,83011,1,3,0
23649,6,1,83014,83014,83015,0,1,3
23650,4,1,83018,83018,83019,0,1,3
23651,6,2,83024,83024,83026,0,2,5
23652,2,3,83026,83026,83029,0,3,0
23653,6,2,83032,83032,83034,0,2,3
23654,5,3,83037,83037,83040,0,3,3
23655,4,1,83041,83041,83042,0,1,1
23656,5,3,83046,83046,83049,0,3,4
23657,5,2,83051,83051,83053,0,2,2
23658,5,3,83056,83056,83059,0,3,3
23659,1,2,83057,83059,83061,2,4,0
23660,6,2,83063,83063,83065,0,2,2
23661,2,1,83065,83065,83066,0,1,0
23662,5,3,83070,83070,83073,0,3,4
23663,6,1,83076,83076,83077,0,1,3
23664,6,1,83082,83082,83083,0,1,5
23665,1,2,83083,83083,83085,0,2,0
23666,6,1,83089,83089,83090,0,1,4
23667,2,2,83091,83091,83093,0,2,1
23668,4,1,83095,83095,83096,0,1,2
23669,1,1,83096,83096,83097,0,1,0
23670,3,1,83099,83099,83100,0,1,2
23671,5,3,83104,83104,83107,0,3,4
23672,1,3,83105,83107,83110,2,5,0
23673,5,3,83110,83110,83113,0,3,0
23674,2,2,83112,83113,83115,1,3,0
23675,2,2,83114,83115,83117,1,3,0
23676,3,3,83117,83117,83120,0,3,0
23677,5,3,83122,83122,83125,0,3,2
23678,3,1,83125,83125,83126,0,1,0
23679,3,1,83128,83128,83129,0,1,2
23680,3,3,83131,83131,83134,0,3,2
23681,6,3,83137,83137,83140,0,3,3
23682,3,1,83140,83140,83141,0,1,0
23683,5,3,83145,83145,83148,0,3,4
23684,6,2,83151,83151,83153,0,2,3
23685,4,3,83155,83155,83158,0,3,2
23686,3,3,83158,83158,83161,0,3,0
23687,5,3,83163,83163,83166,0,3,2
23688,4,1,83167,83167,83168,0,1,1
23689,2,3,83169,83169,83172,0,3,1
23690,3,1,83172,83172,83173,0,1,0
23691,3,1,83175,83175,83176,0,1,2
23692,4,2,83179,83179,83181,0,2,3
23693,6,2,83185,83185,83187,0,2,4
23694,2,3,83187,83187,83190,0,3,0
23695,3,3,83190,83190,83193,0,3,0
23696,6,3,83196,83196,83199,0,3,3
23697,4,3,83200,83200,83203,0,3,1
23698,4,1,83204,83204,83205,0,1,1
23699,2,1,83206,83206,83207,0,1,1
23700,3,2,83209,83209,83211,0,2,2
23701,6,2,83215,83215,83217,0,2,4
23702,3,1,83218,83218,83219,0,1,1
23703,4,2,83222,83222,83224,0,2,3
23704,2,1,83224,83224,83225,0,1,0
23705,6,2,83230,83230,83232,0,2,5
23706,5,3,83235,83235,83238,0,3,3
23707,6,3,83241,83241,83244,0,3,3
23708,6,2,83247,83247,83249,0,2,3
23709,3,3,83250,83250,83253,0,3,1
23710,1,1,83251,83253,83254,2,3,0
23711,6,3,83257,83257,83260,0,3,3
23712,1,2,83258,83260,83262,2,4,0
23713,2,2,83260,83262,83264,2,4,0
23714,4,2,83264,83264,83266,0,2,0
23715,4,3,83268,83268,83271,0,3,2
23716,1,1,83269,83271,83272,2,3,0
23717,2,2,83271,83272,83274,1,3,0
23718,1,2,83272,83274,83276,2,4,0
23719,4,1,83276,83276,83277,0,1,0
23720,5,2,83281,83281,83283,0,2,4
23721,3,2,83284,83284,83286,0,2,1
23722,2,1,83286,83286,83287,0,1,0
23723,5,3,83291,83291,83294,0,3,4
23724,1,1,83292,83294,83295,2,3,0
23725,1,2,83293,83295,83297,2,4,0
23726,2,1,83295,83297,83298,2,3,0
23727,3,3,83298,83298,83301,0,3,0
23728,2,1,83300,83301,83302,1,2,0
23729,2,2,83302,83302,83304,0,2,0
23730,4,2,83306,83306,83308,0,2,2
23731,6,1,83312,83312,83313,0,1,4
23732,1,1,83313,83313,83314,0,1,0
23733,1,1,83314,83314,83315,0,1,0
23734,1,2,83315,83315,83317,0,2,0
23735,4,3,83319,83319,83322,0,3,2
23736,3,3,83322,83322,83325,0,3,0
23737,4,1,83326,83326,83327,0,1,1
23738,6,3,83332,83332,83335,0,3,5
23739,2,3,83334,83335,83338,1,4,0
23740,5,1,83339,83339,83340,0,1,1
23741,1,1,83340,83340,83341,0,1,0
23742,4,1,83344,83344,83345,0,1,3
23743,1,2,83345,83345,83347,0,2,0
23744,2,2,83347,83347,83349,0,2,0
23745,4,3,83351,83351,83354,0,3,2
23746,4,3,83355,83355,83358,0,3,1
23747,4,3,83359,83359,83362,0,3,1
23748,3,1,83362,83362,83363,0,1,0
23749,1,3,83363,83363,83366,0,3,0
23750,6,2,83369,83369,83371,0,2,3
23751,2,2,83371,83371,83373,0,2,0
23752,1,2,83372,83373,83375,1,3,0
23753,5,1,83377,83377,83378,0,1,2
23754,5,1,83382,83382,83383,0,1,4
23755,3,3,83385,83385,83388,0,3,2
23756,3,2,83388,83388,83390,0,2,0
23757,5,2,83393,83393,83395,0,2,3
23758,4,3,83397,83397,83400,0,3,2
23759,5,2,83402,83402,83404,0,2,2
23760,2,2,83404,83404,83406,0,2,0
23761,2,3,83406,83406,83409,0,3,0
23762,3,3,83409,83409,83412,0,3,0
23763,4,3,83413,83413,83416,0,3,1
23764,6,3,83419,83419,83422,0,3,3
23765,2,3,83421,83422,83425,1,4,0
23766,6,1,83427,83427,83428,0,1,2
23767,2,1,83429,83429,83430,0,1,1
23768,4,3,83433,83433,83436,0,3,3
23769,3,2,83436,83436,83438,0,2,0
23770,2,3,83438,83438,83441,0,3,0
23771,6,1,83444,83444,83445,0,1,3
23772,4,3,83448,83448,83451,0,3,3
23773,4,3,83452,83452,83455,0,3,1
23774,1,1,83453,83455,83456,2,3,0
23775,4,1,83457,83457,83458,0,1,1
23776,6,1,83463,83463,83464,0,1,5
23777,5,3,83468,83468,83471,0,3,4
23778,1,2,83469,83471,83473,2,4,0
23779,1,2,83470,83473,83475,3,5,0
23780,3,1,83473,83475,83476,2,3,0
23781,4,3,83477,83477,83480,0,3,1
23782,3,2,83480,83480,83482,0,2,0
23783,4,1,83484,83484,83485,0,1,2
23784,2,3,83486,83486,83489,0,3,1
23785,2,2,83488,83489,83491,1,3,0
23786,3,3,83491,83491,83494,0,3,0
23787,3,3,83494,83494,83497,0,3,0
23788,4,2,83498,83498,83500,0,2,1
23789,5,1,83503,83503,83504,0,1,3
23790,1,3,83504,83504,83507,0,3,0
23791,5,1,83509,83509,83510,0,1,2
23792,3,2,83512,83512,83514,0,2,2
23793,4,1,83516,83516,83517,0,1,2
23794,1,3,83517,83517,83520,0,3,0
23795,2,2,83519,83520,83522,1,3,0
23796,6,2,83525,83525,83527,0,2,3
23797,2,1,83527,83527,83528,0,1,0
23798,2,1,83529,83529,83530,0,1,1
23799,4,2,83533,83533,83535,0,2,3
23800,5,1,83538,83538,83539,0,1,3
23801,1,3,83539,83539,83542,0,3,0
23802,3,1,83542,83542,83543,0,1,0
23803,6,2,83548,83548,83550,0,2,5
23804,6,3,83554,83554,83557,0,3,4
23805,4,1,83558,83558,83559,0,1,1
23806,4,3,83562,83562,83565,0,3,3
23807,3,3,83565,83565,83568,0,3,0
23808,4,1,83569,83569,83570,0,1,1
23809,4,1,83573,83573,83574,0,1,3
23810,5,1,83578,83578,83579,0,1,4
23811,3,1,83581,83581,83582,0,1,2
23812,6,3,83587,83587,83590,0,3,5
23813,3,2,83590,83590,83592,0,2,0
23814,3,2,83593,83593,83595,0,2,1
23815,3,3,83596,83596,83599,0,3,1
23816,3,3,83599,83599,83602,0,3,0
23817,4,1,83603,83603,83604,0,1,1
23818,3,3,83606,83606,83609,0,3,2
23819,3,1,83609,83609,83610,0,1,0
23820,1,1,83610,83610,83611,0,1,0
23821,6,2,83616,83616,83618,0,2,5
23822,2,3,83618,83618,83621,0,3,0
23823,6,2,83624,83624,83626,0,2,3
23824,5,1,83629,83629,83630,0,1,3
23825,2,2,83631,83631,83633,0,2,1
23826,4,3,83635,83635,83638,0,3,2
23827,2,2,83637,83638,83640,1,3,0
23828,3,1,83640,83640,83641,0,1,0
23829,2,3,83642,83642,83645,0,3,1
23830,5,3,83647,83647,83650,0,3,2
23831,4,3,83651,83651,83654,0,3,1
23832,4,3,83655,83655,83658,0,3,1
23833,1,3,83656,83658,83661,2,5,0
23834,5,2,83661,83661,83663,0,2,0
23835,3,3,83664,83664,83667,0,3,1
23836,1,3,83665,83667,83670,2,5,0
23837,6,2,83671,83671,83673,0,2,1
23838,4,2,83675,83675,83677,0,2,2
23839,4,3,83679,83679,83682,0,3,2
23840,6,3,83685,83685,83688,0,3,3
23841,3,1,83688,83688,83689,0,1,0
23842,4,2,83692,83692,83694,0,2,3
23843,1,2,83693,83694,83696,1,3,0
23844,1,2,83694,83696,83698,2,4,0
23845,4,2,83698,83698,83700,0,2,0
23846,1,2,83699,83700,83702,1,3,0
23847,2,3,83701,83702,83705,1,4,0
23848,2,1,83703,83705,83706,2,3,0
23849,3,2,83706,83706,83708,0,2,0
23850,1,1,83707,83708,83709,1,2,0
23851,1,2,83708,83709,83711,1,3,0
23852,3,2,83711,83711,83713,0,2,0
23853,4,2,83715,83715,83717,0,2,2
23854,1,1,83716,83717,83718,1,2,0
23855,6,1,83722,83722,83723,0,1,4
23856,3,2,83725,83725,83727,0,2,2
23857,2,3,83727,83727,83730,0,3,0
23858,5,3,83732,83732,83735,0,3,2
23859,3,3,83735,83735,83738,0,3,0
23860,3,2,83738,83738,83740,0,2,0
23861,4,3,83742,83742,83745,0,3,2
23862,1,2,83743,83745,83747,2,4,0
23863,4,2,83747,83747,83749,0,2,0
23864,2,3,83749,83749,83752,0,3,0
23865,5,3,83754,83754,83757,0,3,2
23866,1,2,83755,83757,83759,2,4,0
23867,6,1,83761,83761,83762,0,1,2
23868,2,1,83763,83763,83764,0,1,1
23869,2,1,83765,83765,83766,0,1,1
23870,6,1,83771,83771,83772,0,1,5
23871,6,3,83777,83777,83780,0,3,5
23872,3,2,83780,83780,83782,0,2,0
23873,6,1,83786,83786,83787,0,1,4
23874,3,3,83789,83789,83792,0,3,2
23875,2,1,83791,83792,83793,1,2,0
23876,2,1,83793,83793,83794,0,1,0
23877,3,2,83796,83796,83798,0,2,2
23878,6,3,83802,83802,83805,0,3,4
23879,4,1,83806,83806,83807,0,1,1
23880,5,2,83811,83811,83813,0,2,4
23881,5,3,83816,83816,83819,0,3,3
23882,6,1,83822,83822,83823,0,1,3
23883,6,1,83828,83828,83829,0,1,5
23884,3,2,83831,83831,83833,0,2,2
23885,5,1,83836,83836,83837,0,1,3
23886,2,1,83838,83838,83839,0,1,1
23887,6,3,83844,83844,83847,0,3,5
23888,1,2,83845,83847,83849,2,4,0
23889,4,1,83849,83849,83850,0,1,0
23890,4,3,83853,83853,83856,0,3,3
23891,4,3,83857,83857,83860,0,3,1
23892,5,3,83862,83862,83865,0,3,2
23893,3,2,83865,83865,83867,0,2,0
23894,5,2,83870,83870,83872,0,2,3
23895,2,2,83872,83872,83874,0,2,0
23896,3,1,83875,83875,83876,0,1,1
23897,4,1,83879,83879,83880,0,1,3
23898,1,3,83880,83880,83883,0,3,0
23899,3,3,83883,83883,83886,0,3,0
23900,1,2,83884,83886,83888,2,4,0
23901,3,1,83887,83888,83889,1,2,0
23902,5,1,83892,83892,83893,0,1,3
23903,2,1,83894,83894,83895,0,1,1
23904,2,2,83896,83896,83898,0,2,1
23905,3,1,83899,83899,83900,0,1,1
23906,6,3,83905,83905,83908,0,3,5
23907,6,1,83911,83911,83912,0,1,3
23908,4,2,83915,83915,83917,0,2,3
23909,2,1,83917,83917,83918,0,1,0
23910,6,2,83923,83923,83925,0,2,5
23911,5,2,83928,83928,83930,0,2,3
23912,6,3,83934,83934,83937,0,3,4
23913,4,1,83938,83938,83939,0,1,1
23914,6,1,83944,83944,83945,0,1,5
23915,6,1,83950,83950,83951,0,1,5
23916,6,3,83956,83956,83959,0,3,5
23917,5,2,83961,83961,83963,0,2,2
23918,2,2,83963,83963,83965,0,2,0
23919,1,3,83964,83965,83968,1,4,0
23920,2,2,83966,83968,83970,2,4,0
23921,1,1,83967,83970,83971,3,4,0
23922,2,3,83969,83971,83974,2,5,0
23923,4,1,83973,83974,83975,1,2,0
23924,3,2,83976,83976,83978,0,2,1
23925,3,2,83979,83979,83981,0,2,1
23926,4,1,83983,83983,83984,0,1,2
23927,1,2,83984,83984,83986,0,2,0
23928,5,3,83989,83989,83992,0,3,3
23929,6,2,83995,83995,83997,0,2,3
23930,5,1,84000,84000,84001,0,1,3
23931,3,3,84003,84003,84006,0,3,2
23932,1,2,84004,84006,84008,2,4,0
23933,1,2,84005,84008,84010,3,5,0
23934,5,2,84010,84010,84012,0,2,0
23935,3,3,84013,84013,84016,0,3,1
23936,2,3,84015,84016,84019,1,4,0
23937,6,3,84021,84021,84024,0,3,2
23938,4,1,84025,84025,84026,0,1,1
23939,2,1,84027,84027,84028,0,1,1
23940,6,1,84033,84033,84034,0,1,5
23941,3,3,84036,84036,84039,0,3,2
23942,5,2,84041,84041,84043,0,2,2
23943,6,2,84047,84047,84049,0,2,4
23944,4,3,84051,84051,84054,0,3,2
23945,2,3,84053,84054,84057,1,4,0
23946,1,3,84054,84057,84060,3,6,0
23947,4,1,84058,84060,84061,2,3,0
23948,2,2,84060,84061,84063,1,3,0
23949,4,1,84064,84064,84065,0,1,1
23950,1,1,84065,84065,84066,0,1,0
23951,1,1,84066,84066,84067,0,1,0
23952,4,3,84070,84070,84073,0,3,3
23953,1,2,84071,84073,84075,2,4,0
23954,2,1,84073,84075,84076,2,3,0
23955,5,2,84078,84078,84080,0,2,2
23956,3,3,84081,84081,84084,0,3,1
23957,4,1,84085,84085,84086,0,1,1
23958,5,2,84090,84090,84092,0,2,4
23959,6,2,84096,84096,84098,0,2,4
23960,4,2,84100,84100,84102,0,2,2
23961,3,1,84103,84103,84104,0,1,1
23962,3,2,84106,84106,84108,0,2,2
23963,3,1,84109,84109,84110,0,1,1
23964,5,1,84114,84114,84115,0,1,4
23965,1,3,84115,84115,84118,0,3,0
23966,3,1,84118,84118,84119,0,1,0
23967,2,3,84120,84120,84123,0,3,1
23968,6,2,84126,84126,84128,0,2,3
23969,2,3,84128,84128,84131,0,3,0
23970,1,2,84129,84131,84133,2,4,0
23971,6,3,84135,84135,84138,0,3,2
23972,3,2,84138,84138,84140,0,2,0
23973,5,2,84143,84143,84145,0,2,3
23974,2,3,84145,84145,84148,0,3,0
23975,4,2,84149,84149,84151,0,2,1
23976,6,3,84155,84155,84158,0,3,4
23977,2,1,84157,84158,84159,1,2,0
23978,2,3,84159,84159,84162,0,3,0
23979,2,2,84161,84162,84164,1,3,0
23980,4,1,84165,84165,84166,0,1,1
23981,4,1,84169,84169,84170,0,1,3
23982,6,3,84175,84175,84178,0,3,5
23983,3,2,84178,84178,84180,0,2,0
23984,3,3,84181,84181,84184,0,3,1
23985,1,2,84182,84184,84186,2,4,0
23986,1,1,84183,84186,84187,3,4,0
23987,4,3,84187,84187,84190,0,3,0
23988,2,1,84189,84190,84191,1,2,0
23989,4,1,84193,84193,84194,0,1,2
23990,4,1,84197,84197,84198,0,1,3
23991,6,1,84203,84203,84204,0,1,5
23992,4,3,84207,84207,84210,0,3,3
23993,1,3,84208,84210,84213,2,5,0
23994,4,2,84212,84213,84215,1,3,0
23995,5,3,84217,84217,84220,0,3,2
23996,6,1,84223,84223,84224,0,1,3
23997,3,1,84226,84226,84227,0,1,2
23998,1,1,84227,84227,84228,0,1,0
23999,5,2,84232,84232,84234,0,2,4
24000,6,2,84238,84238,84240,0,2,4
24001,2,1,84240,84240,84241,0,1,0
24002,1,1,84241,84241,84242,0,1,0
24003,3,2,84244,84244,84246,0,2,2
24004,4,1,84248,84248,84249,0,1,2
24005,6,1,84254,84254,84255,0,1,5
24006,4,1,84258,84258,84259,0,1,3
24007,1,1,84259,84259,84260,0,1,0
24008,1,1,84260,84260,84261,0,1,0
24009,1,2,84261,84261,84263,0,2,0
24010,3,3,84264,84264,84267,0,3,1
24011,1,3,84265,84267,84270,2,5,0
24012,1,2,84266,84270,84272,4,6,0
24013,5,2,84271,84272,84274,1,3,0
24014,4,3,84275,84275,84278,0,3,1
24015,5,2,84280,84280,84282,0,2,2
24016,4,2,84284,84284,84286,0,2,2
24017,4,2,84288,84288,84290,0,2,2
24018,6,1,84294,84294,84295,0,1,4
24019,4,3,84298,84298,84301,0,3,3
24020,6,3,84304,84304,84307,0,3,3
24021,2,1,84306,84307,84308,1,2,0
24022,1,3,84307,84308,84311,1,4,0
24023,2,1,84309,84311,84312,2,3,0
24024,1,1,84310,84312,84313,2,3,0
24025,1,1,84311,84313,84314,2,3,0
24026,5,1,84316,84316,84317,0,1,2
24027,2,2,84318,84318,84320,0,2,1
24028,1,1,84319,84320,84321,1,2,0
24029,3,2,84322,84322,84324,0,2,1
24030,5,1,84327,84327,84328,0,1,3
24031,3,2,84330,84330,84332,0,2,2
24032,6,3,84336,84336,84339,0,3,4
24033,5,2,84341,84341,84343,0,2,2
24034,2,2,84343,84343,84345,0,2,0
24035,2,1,84345,84345,84346,0,1,0
24036,1,3,84346,84346,84349,0,3,0
24037,6,3,84352,84352,84355,0,3,3
24038,5,2,84357,84357,84359,0,2,2
24039,1,3,84358,84359,84362,1,4,0
24040,2,2,84360,84362,84364,2,4,0
24041,3,1,84363,84364,84365,1,2,0
24042,3,2,84366,84366,84368,0,2,1
24043,1,2,84367,84368,84370,1,3,0
24044,2,2,84369,84370,84372,1,3,0
24045,2,3,84371,84372,84375,1,4,0
24046,3,3,84374,84375,84378,1,4,0
24047,2,1,84376,84378,84379,2,3,0
24048,1,2,84377,84379,84381,2,4,0
24049,1,2,84378,84381,84383,3,5,0
24050,6,1,84384,84384,84385,0,1,1
24051,2,3,84386,84386,84389,0,3,1
24052,6,3,84392,84392,84395,0,3,3
24053,5,1,84397,84397,84398,0,1,2
24054,4,1,84401,84401,84402,0,1,3
24055,5,2,84406,84406,84408,0,2,4
24056,1,3,84407,84408,84411,1,4,0
24057,5,2,84412,84412,84414,0,2,1
24058,1,1,84413,84414,84415,1,2,0
24059,6,3,84419,84419,84422,0,3,4
24060,5,2,84424,84424,84426,0,2,2
24061,5,1,84429,84429,84430,0,1,3
24062,2,1,84431,84431,84432,0,1,1
24063,4,3,84435,84435,84438,0,3,3
24064,2,1,84437,84438,84439,1,2,0
24065,3,3,84440,84440,84443,0,3,1
24066,1,1,84441,84443,84444,2,3,0
24067,5,2,84446,84446,84448,0,2,2
24068,3,2,84449,84449,84451,0,2,1
24069,4,3,84453,84453,84456,0,3,2
24070,6,1,84459,84459,84460,0,1,3
24071,4,2,84463,84463,84465,0,2,3
24072,5,2,84468,84468,84470,0,2,3
24073,4,2,84472,84472,84474,0,2,2
24074,5,3,84477,84477,84480,0,3,3
24075,5,2,84482,84482,84484,0,2,2
24076,5,2,84487,84487,84489,0,2,3
24077,3,2,84490,84490,84492,0,2,1
24078,6,1,84496,84496,84497,0,1,4
24079,3,2,84499,84499,84501,0,2,2
24080,2,3,84501,84501,84504,0,3,0
24081,6,3,84507,84507,84510,0,3,3
24082,4,1,84511,84511,84512,0,1,1
24083,5,3,84516,84516,84519,0,3,4
24084,6,2,84522,84522,84524,0,2,3
24085,1,3,84523,84524,84527,1,4,0
24086,5,3,84528,84528,84531,0,3,1
24087,1,2,84529,84531,84533,2,4,0
24088,1,1,84530,84533,84534,3,4,0
24089,5,1,84535,84535,84536,0,1,1
24090,3,3,84538,84538,84541,0,3,2
24091,6,1,84544,84544,84545,0,1,3
24092,6,1,84550,84550,84551,0,1,5
24093,6,2,84556,84556,84558,0,2,5
24094,6,3,84562,84562,84565,0,3,4
24095,5,2,84567,84567,84569,0,2,2
24096,3,2,84570,84570,84572,0,2,1
24097,2,2,84572,84572,84574,0,2,0
24098,1,1,84573,84574,84575,1,2,0
24099,3,1,84576,84576,84577,0,1,1
24100,2,3,84578,84578,84581,0,3,1
24101,6,1,84584,84584,84585,0,1,3
24102,4,3,84588,84588,84591,0,3,3
24103,2,2,84590,84591,84593,1,3,0
24104,5,1,84595,84595,84596,0,1,2
24105,5,3,84600,84600,84603,0,3,4
24106,5,1,84605,84605,84606,0,1,2
24107,5,1,84610,84610,84611,0,1,4
24108,4,3,84614,84614,84617,0,3,3
24109,3,2,84617,84617,84619,0,2,0
24110,5,1,84622,84622,84623,0,1,3
24111,1,1,84623,84623,84624,0,1,0
24112,5,3,84628,84628,84631,0,3,4
24113,5,1,84633,84633,84634,0,1,2
24114,4,1,84637,84637,84638,0,1,3
24115,4,3,84641,84641,84644,0,3,3
24116,5,2,84646,84646,84648,0,2,2
24117,6,2,84652,84652,84654,0,2,4
24118,2,3,84654,84654,84657,0,3,0
24119,3,3,84657,84657,84660,0,3,0
24120,1,2,84658,84660,84662,2,4,0
24121,2,1,84660,84662,84663,2,3,0
24122,1,2,84661,84663,84665,2,4,0
24123,5,2,84666,84666,84668,0,2,1
24124,3,2,84669,84669,84671,0,2,1
24125,3,3,84672,84672,84675,0,3,1
24126,4,3,84676,84676,84679,0,3,1
24127,3,1,84679,84679,84680,0,1,0
24128,5,1,84684,84684,84685,0,1,4
24129,2,1,84686,84686,84687,0,1,1
24130,2,1,84688,84688,84689,0,1,1
24131,4,1,84692,84692,84693,0,1,3
24132,2,2,84694,84694,84696,0,2,1
24133,1,3,84695,84696,84699,1,4,0
24134,1,1,84696,84699,84700,3,4,0
24135,5,3,84701,84701,84704,0,3,1
24136,6,1,84707,84707,84708,0,1,3
24137,5,3,84712,84712,84715,0,3,4
24138,1,2,84713,84715,84717,2,4,0
24139,1,1,84714,84717,84718,3,4,0
24140,6,3,84720,84720,84723,0,3,2
24141,6,3,84726,84726,84729,0,3,3
24142,4,1,84730,84730,84731,0,1,1
24143,5,3,84735,84735,84738,0,3,4
24144,3,3,84738,84738,84741,0,3,0
24145,6,3,84744,84744,84747,0,3,3
24146,5,3,84749,84749,84752,0,3,2
24147,4,1,84753,84753,84754,0,1,1
24148,4,2,84757,84757,84759,0,2,3
24149,6,1,84763,84763,84764,0,1,4
24150,5,3,84768,84768,84771,0,3,4
24151,6,1,84774,84774,84775,0,1,3
24152,4,3,84778,84778,84781,0,3,3
24153,1,1,84779,84781,84782,2,3,0
24154,3,2,84782,84782,84784,0,2,0
24155,3,2,84785,84785,84787,0,2,1
24156,1,3,84786,84787,84790,1,4,0
24157,3,3,84789,84790,84793,1,4,0
24158,6,1,84795,84795,84796,0,1,2
24159,3,2,84798,84798,84800,0,2,2
24160,1,2,84799,84800,84802,1,3,0
24161,5,1,84804,84804,84805,0,1,2
24162,3,2,84807,84807,84809,0,2,2
24163,6,3,84813,84813,84816,0,3,4
24164,1,3,84814,84816,84819,2,5,0
24165,4,2,84818,84819,84821,1,3,0
24166,6,1,84824,84824,84825,0,1,3
24167,4,1,84828,84828,84829,0,1,3
24168,3,2,84831,84831,84833,0,2,2
24169,5,3,84836,84836,84839,0,3,3
24170,6,3,84842,84842,84845,0,3,3
24171,1,2,84843,84845,84847,2,4,0
24172,4,1,84847,84847,84848,0,1,0
24173,1,1,84848,84848,84849,0,1,0
24174,4,2,84852,84852,84854,0,2,3
24175,1,3,84853,84854,84857,1,4,0
24176,1,1,84854,84857,84858,3,4,0
24177,4,1,84858,84858,84859,0,1,0
24178,2,1,84860,84860,84861,0,1,1
24179,3,3,84863,84863,84866,0,3,2
24180,5,2,84868,84868,84870,0,2,2
24181,2,1,84870,84870,84871,0,1,0
24182,1,1,84871,84871,84872,0,1,0
24183,6,2,84877,84877,84879,0,2,5
24184,1,3,84878,84879,84882,1,4,0
24185,4,3,84882,84882,84885,0,3,0
24186,3,2,84885,84885,84887,0,2,0
24187,2,2,84887,84887,84889,0,2,0
24188,5,2,84892,84892,84894,0,2,3
24189,6,2,84898,84898,84900,0,2,4
24190,5,2,84903,84903,84905,0,2,3
24191,4,1,84907,84907,84908,0,1,2
24192,6,2,84913,84913,84915,0,2,5
24193,3,2,84916,84916,84918,0,2,1
24194,1,3,84917,84918,84921,1,4,0
24195,6,1,84923,84923,84924,0,1,2
24196,1,2,84924,84924,84926,0,2,0
24197,5,1,84929,84929,84930,0,1,3
24198,2,2,84931,84931,84933,0,2,1
24199,4,3,84935,84935,84938,0,3,2
24200,5,2,84940,84940,84942,0,2,2
24201,4,1,84944,84944,84945,0,1,2
24202,5,1,84949,84949,84950,0,1,4
24203,6,3,84955,84955,84958,0,3,5
24204,6,1,84961,84961,84962,0,1,3
24205,3,1,84964,84964,84965,0,1,2
24206,3,2,84967,84967,84969,0,2,2
24207,5,1,84972,84972,84973,0,1,3
24208,3,2,84975,84975,84977,0,2,2
24209,5,1,84980,84980,84981,0,1,3
24210,5,1,84985,84985,84986,0,1,4
24211,2,1,84987,84987,84988,0,1,1
24212,3,1,84990,84990,84991,0,1,2
24213,3,3,84993,84993,84996,0,3,2
24214,1,3,84994,84996,84999,2,5,0
24215,5,1,84999,84999,85000,0,1,0
24216,5,3,85004,85004,85007,0,3,4
24217,1,3,85005,85007,85010,2,5,0
24218,4,3,85009,85010,85013,1,4,0
24219,4,2,85013,85013,85015,0,2,0
24220,5,1,85018,85018,85019,0,1,3
24221,4,1,85022,85022,85023,0,1,3
24222,3,3,85025,85025,85028,0,3,2
24223,4,3,85029,85029,85032,0,3,1
24224,5,2,85034,85034,85036,0,2,2
24225,1,3,85035,85036,85039,1,4,0
24226,2,1,85037,85039,85040,2,3,0
24227,4,2,85041,85041,85043,0,2,1
24228,3,3,85044,85044,85047,0,3,1
24229,3,3,85047,85047,85050,0,3,0
24230,4,2,85051,85051,85053,0,2,1
24231,2,2,85053,85053,85055,0,2,0
24232,3,1,85056,85056,85057,0,1,1
24233,2,1,85058,85058,85059,0,1,1
24234,6,3,85064,85064,85067,0,3,5
24235,2,1,85066,85067,85068,1,2,0
24236,6,1,85072,85072,85073,0,1,4
24237,4,2,85076,85076,85078,0,2,3
24238,3,2,85079,85079,85081,0,2,1
24239,4,3,85083,85083,85086,0,3,2
24240,1,1,85084,85086,85087,2,3,0
24241,1,1,85085,85087,85088,2,3,0
24242,1,3,85086,85088,85091,2,5,0
24243,1,2,85087,85091,85093,4,6,0
24244,5,1,85092,85093,85094,1,2,0
24245,6,3,85098,85098,85101,0,3,4
24246,1,1,85099,85101,85102,2,3,0
24247,2,1,85101,85102,85103,1,2,0
24248,6,1,85107,85107,85108,0,1,4
24249,2,3,85109,85109,85112,0,3,1
24250,6,3,85115,85115,85118,0,3,3
24251,3,3,85118,85118,85121,0,3,0
24252,1,2,85119,85121,85123,2,4,0
24253,6,2,85125,85125,85127,0,2,2
24254,5,3,85130,85130,85133,0,3,3
24255,5,3,85135,85135,85138,0,3,2
24256,1,3,85136,85138,85141,2,5,0
24257,2,1,85138,85141,85142,3,4,0
24258,1,3,85139,85142,85145,3,6,0
24259,2,1,85141,85145,85146,4,5,0
24260,5,3,85146,85146,85149,0,3,0
24261,1,1,85147,85149,85150,2,3,0
24262,5,3,85152,85152,85155,0,3,2
24263,3,3,85155,85155,85158,0,3,0
24264,4,2,85159,85159,85161,0,2,1
24265,3,2,85162,85162,85164,0,2,1
24266,5,2,85167,85167,85169,0,2,3
24267,5,1,85172,85172,85173,0,1,3
24268,4,1,85176,85176,85177,0,1,3
24269,3,3,85179,85179,85182,0,3,2
24270,2,2,85181,85182,85184,1,3,0
24271,6,2,85187,85187,85189,0,2,3
24272,5,2,85192,85192,85194,0,2,3
24273,5,2,85197,85197,85199,0,2,3
24274,5,1,85202,85202,85203,0,1,3
24275,1,1,85203,85203,85204,0,1,0
24276,5,1,85208,85208,85209,0,1,4
24277,5,2,85213,85213,85215,0,2,4
24278,1,3,85214,85215,85218,1,4,0
24279,4,1,85218,85218,85219,0,1,0
24280,5,3,85223,85223,85226,0,3,4
24281,6,3,85229,85229,85232,0,3,3
24282,6,2,85235,85235,85237,0,2,3
24283,4,1,85239,85239,85240,0,1,2
24284,5,2,85244,85244,85246,0,2,4
24285,1,1,85245,85246,85247,1,2,0
24286,3,2,85248,85248,85250,0,2,1
24287,3,3,85251,85251,85254,0,3,1
24288,5,3,85256,85256,85259,0,3,2
24289,5,3,85261,85261,85264,0,3,2
24290,1,3,85262,85264,85267,2,5,0
24291,6,1,85268,85268,85269,0,1,1
24292,5,1,85273,85273,85274,0,1,4
24293,6,1,85279,85279,85280,0,1,5
24294,6,2,85285,85285,85287,0,2,5
24295,6,2,85291,85291,85293,0,2,4
24296,1,3,85292,85293,85296,1,4,0
24297,1,1,85293,85296,85297,3,4,0
24298,3,2,85296,85297,85299,1,3,0
24299,1,2,85297,85299,85301,2,4,0
24300,6,2,85303,85303,85305,0,2,2
24301,4,3,85307,85307,85310,0,3,2
24302,4,3,85311,85311,85314,0,3,1
24303,2,1,85313,85314,85315,1,2,0
24304,4,2,85317,85317,85319,0,2,2
24305,3,3,85320,85320,85323,0,3,1
24306,4,3,85324,85324,85327,0,3,1
24307,6,1,85330,85330,85331,0,1,3
24308,5,3,85335,85335,85338,0,3,4
24309,5,2,85340,85340,85342,0,2,2
24310,5,3,85345,85345,85348,0,3,3
24311,1,1,85346,85348,85349,2,3,0
24312,3,2,85349,85349,85351,0,2,0
24313,2,3,85351,85351,85354,0,3,0
24314,3,3,85354,85354,85357,0,3,0
24315,2,2,85356,85357,85359,1,3,0
24316,4,2,85360,85360,85362,0,2,1
24317,2,1,85362,85362,85363,0,1,0
24318,1,2,85363,85363,85365,0,2,0
24319,6,2,85369,85369,85371,0,2,4
24320,3,1,85372,85372,85373,0,1,1
24321,3,3,85375,85375,85378,0,3,2
24322,2,2,85377,85378,85380,1,3,0
24323,1,1,85378,85380,85381,2,3,0
24324,1,3,85379,85381,85384,2,5,0
24325,6,1,85385,85385,85386,0,1,1
24326,3,1,85388,85388,85389,0,1,2
24327,5,1,85393,85393,85394,0,1,4
24328,6,1,85399,85399,85400,0,1,5
24329,6,3,85405,85405,85408,0,3,5
24330,2,2,85407,85408,85410,1,3,0
24331,6,3,85413,85413,85416,0,3,3
24332,5,2,85418,85418,85420,0,2,2
24333,2,3,85420,85420,85423,0,3,0
24334,1,3,85421,85423,85426,2,5,0
24335,2,3,85423,85426,85429,3,6,0
24336,3,2,85426,85429,85431,3,5,0
24337,4,3,85430,85431,85434,1,4,0
24338,4,1,85434,85434,85435,0,1,0
24339,2,2,85436,85436,85438,0,2,1
24340,5,2,85441,85441,85443,0,2,3
24341,6,1,85447,85447,85448,0,1,4
24342,2,2,85449,85449,85451,0,2,1
24343,5,1,85454,85454,85455,0,1,3
24344,5,3,85459,85459,85462,0,3,4
24345,2,1,85461,85462,85463,1,2,0
24346,6,1,85467,85467,85468,0,1,4
24347,6,2,85473,85473,85475,0,2,5
24348,3,2,85476,85476,85478,0,2,1
24349,4,1,85480,85480,85481,0,1,2
24350,4,3,85484,85484,85487,0,3,3
24351,1,1,85485,85487,85488,2,3,0
24352,5,1,85490,85490,85491,0,1,2
24353,4,2,85494,85494,85496,0,2,3
24354,6,3,85500,85500,85503,0,3,4
24355,6,2,85506,85506,85508,0,2,3
24356,4,3,85510,85510,85513,0,3,2
24357,3,1,85513,85513,85514,0,1,0
24358,6,1,85519,85519,85520,0,1,5
24359,6,2,85525,85525,85527,0,2,5
24360,1,1,85526,85527,85528,1,2,0
24361,2,2,85528,85528,85530,0,2,0
24362,2,1,85530,85530,85531,0,1,0
24363,3,1,85533,85533,85534,0,1,2
24364,1,2,85534,85534,85536,0,2,0
24365,6,3,85540,85540,85543,0,3,4
24366,1,2,85541,85543,85545,2,4,0
24367,5,1,85546,85546,85547,0,1,1
24368,2,1,85548,85548,85549,0,1,1
24369,4,3,85552,85552,85555,0,3,3
24370,6,1,85558,85558,85559,0,1,3
24371,5,2,85563,85563,85565,0,2,4
24372,1,3,85564,85565,85568,1,4,0
24373,2,3,85566,85568,85571,2,5,0
24374,3,2,85569,85571,85573,2,4,0
24375,2,3,85571,85573,85576,2,5,0
24376,4,2,85575,85576,85578,1,3,0
24377,3,2,85578,85578,85580,0,2,0
24378,1,2,85579,85580,85582,1,3,0
24379,4,1,85583,85583,85584,0,1,1
24380,6,3,85589,85589,85592,0,3,5
24381,6,2,85595,85595,85597,0,2,3
24382,4,3,85599,85599,85602,0,3,2
24383,4,2,85603,85603,85605,0,2,1
24384,4,1,85607,85607,85608,0,1,2
24385,3,1,85610,85610,85611,0,1,2
24386,5,3,85615,85615,85618,0,3,4
24387,1,2,85616,85618,85620,2,4,0
24388,4,3,85620,85620,85623,0,3,0
24389,6,3,85626,85626,85629,0,3,3
24390,3,1,85629,85629,85630,0,1,0
24391,5,1,85634,85634,85635,0,1,4
24392,5,3,85639,85639,85642,0,3,4
24393,2,3,85641,85642,85645,1,4,0
24394,4,3,85645,85645,85648,0,3,0
24395,4,3,85649,85649,85652,0,3,1
24396,3,2,85652,85652,85654,0,2,0
24397,3,2,85655,85655,85657,0,2,1
24398,5,2,85660,85660,85662,0,2,3
24399,6,1,85666,85666,85667,0,1,4
24400,2,1,85668,85668,85669,0,1,1
24401,1,3,85669,85669,85672,0,3,0
24402,2,3,85671,85672,85675,1,4,0
24403,2,1,85673,85675,85676,2,3,0
24404,5,3,85678,85678,85681,0,3,2
24405,3,2,85681,85681,85683,0,2,0
24406,3,1,85684,85684,85685,0,1,1
24407,2,3,85686,85686,85689,0,3,1
24408,3,3,85689,85689,85692,0,3,0
24409,3,2,85692,85692,85694,0,2,0
24410,6,2,85698,85698,85700,0,2,4
24411,1,3,85699,85700,85703,1,4,0
24412,1,3,85700,85703,85706,3,6,0
24413,6,1,85706,85706,85707,0,1,0
24414,3,3,85709,85709,85712,0,3,2
24415,1,1,85710,85712,85713,2,3,0
24416,6,1,85716,85716,85717,0,1,3
24417,3,3,85719,85719,85722,0,3,2
24418,3,1,85722,85722,85723,0,1,0
24419,5,3,85727,85727,85730,0,3,4
24420,3,1,85730,85730,85731,0,1,0
24421,5,3,85735,85735,85738,0,3,4
24422,6,1,85741,85741,85742,0,1,3
24423,6,3,85747,85747,85750,0,3,5
24424,1,2,85748,85750,85752,2,4,0
24425,1,3,85749,85752,85755,3,6,0
24426,4,3,85753,85755,85758,2,5,0
24427,4,2,85757,85758,85760,1,3,0
24428,6,3,85763,85763,85766,0,3,3
24429,3,3,85766,85766,85769,0,3,0
24430,3,3,85769,85769,85772,0,3,0
24431,6,1,85775,85775,85776,0,1,3
24432,3,1,85778,85778,85779,0,1,2
24433,1,1,85779,85779,85780,0,1,0
24434,2,2,85781,85781,85783,0,2,1
24435,3,3,85784,85784,85787,0,3,1
24436,1,2,85785,85787,85789,2,4,0
24437,2,1,85787,85789,85790,2,3,0
24438,1,1,85788,85790,85791,2,3,0
24439,5,3,85793,85793,85796,0,3,2
24440,3,2,85796,85796,85798,0,2,0
24441,3,1,85799,85799,85800,0,1,1
24442,5,2,85804,85804,85806,0,2,4
24443,5,1,85809,85809,85810,0,1,3
24444,5,3,85814,85814,85817,0,3,4
24445,6,2,85820,85820,85822,0,2,3
24446,6,1,85826,85826,85827,0,1,4
24447,4,3,85830,85830,85833,0,3,3
24448,6,1,85836,85836,85837,0,1,3
24449,6,3,85842,85842,85845,0,3,5
24450,3,2,85845,85845,85847,0,2,0
24451,1,3,85846,85847,85850,1,4,0
24452,4,2,85850,85850,85852,0,2,0
24453,5,3,85855,85855,85858,0,3,3
24454,3,3,85858,85858,85861,0,3,0
24455,1,3,85859,85861,85864,2,5,0
24456,4,1,85863,85864,85865,1,2,0
24457,1,3,85864,85865,85868,1,4,0
24458,1,1,85865,85868,85869,3,4,0
24459,1,3,85866,85869,85872,3,6,0
24460,3,3,85869,85872,85875,3,6,0
24461,1,3,85870,85875,85878,5,8,0
24462,2,3,85872,85878,85881,6,9,0
24463,3,2,85875,85881,85883,6,8,0
24464,2,2,85877,85883,85885,6,8,0
24465,4,1,85881,85885,85886,4,5,0
24466,2,3,85883,85886,85889,3,6,0
24467,2,2,85885,85889,85891,4,6,0
24468,5,1,85890,85891,85892,1,2,0
24469,5,1,85895,85895,85896,0,1,3
24470,1,3,85896,85896,85899,0,3,0
24471,4,1,85900,85900,85901,0,1,1
24472,2,2,85902,85902,85904,0,2,1
24473,6,2,85908,85908,85910,0,2,4
24474,5,2,85913,85913,85915,0,2,3
24475,5,2,85918,85918,85920,0,2,3
24476,3,2,85921,85921,85923,0,2,1
24477,3,3,85924,85924,85927,0,3,1
24478,6,3,85930,85930,85933,0,3,3
24479,2,3,85932,85933,85936,1,4,0
24480,3,1,85935,85936,85937,1,2,0
24481,2,3,85937,85937,85940,0,3,0
24482,4,2,85941,85941,85943,0,2,1
24483,5,1,85946,85946,85947,0,1,3
24484,2,2,85948,85948,85950,0,2,1
24485,4,3,85952,85952,85955,0,3,2
24486,1,3,85953,85955,85958,2,5,0
24487,2,1,85955,85958,85959,3,4,0
24488,2,1,85957,85959,85960,2,3,0
24489,6,1,85963,85963,85964,0,1,3
24490,5,3,85968,85968,85971,0,3,4
24491,2,2,85970,85971,85973,1,3,0
24492,6,1,85976,85976,85977,0,1,3
24493,1,3,85977,85977,85980,0,3,0
24494,2,2,85979,85980,85982,1,3,0
24495,2,1,85981,85982,85983,1,2,0
24496,5,1,85986,85986,85987,0,1,3
24497,5,1,85991,85991,85992,0,1,4
24498,5,2,85996,85996,85998,0,2,4
24499,5,2,86001,86001,86003,0,2,3
24500,1,3,86002,86003,86006,1,4,0
24501,3,2,86005,86006,86008,1,3,0
24502,5,2,86010,86010,86012,0,2,2
24503,3,3,86013,86013,86016,0,3,1
24504,5,3,86018,86018,86021,0,3,2
24505,5,3,86023,86023,86026,0,3,2
24506,6,1,86029,86029,86030,0,1,3
24507,1,2,86030,86030,86032,0,2,0
24508,1,1,86031,86032,86033,1,2,0
24509,2,3,86033,86033,86036,0,3,0
24510,3,1,86036,86036,86037,0,1,0
24511,2,2,86038,86038,86040,0,2,1
24512,5,3,86043,86043,86046,0,3,3
24513,1,2,86044,86046,86048,2,4,0
24514,2,2,86046,86048,86050,2,4,0
24515,2,2,86048,86050,86052,2,4,0
24516,6,2,86054,86054,86056,0,2,2
24517,4,2,86058,86058,86060,0,2,2
24518,2,1,86060,86060,86061,0,1,0
24519,2,2,86062,86062,86064,0,2,1
24520,3,2,86065,86065,86067,0,2,1
24521,3,3,86068,86068,86071,0,3,1
24522,4,1,86072,86072,86073,0,1,1
24523,6,3,86078,86078,86081,0,3,5
24524,6,2,86084,86084,86086,0,2,3
24525,3,1,86087,86087,86088,0,1,1
24526,3,3,86090,86090,86093,0,3,2
24527,6,3,86096,86096,86099,0,3,3
24528,1,3,86097,86099,86102,2,5,0
24529,5,2,86102,86102,86104,0,2,0
24530,4,1,86106,86106,86107,0,1,2
24531,5,3,86111,86111,86114,0,3,4
24532,6,1,86117,86117,86118,0,1,3
24533,1,3,86118,86118,86121,0,3,0
24534,1,1,86119,86121,86122,2,3,0
24535,6,2,86125,86125,86127,0,2,3
24536,3,2,86128,86128,86130,0,2,1
24537,5,3,86133,86133,86136,0,3,3
24538,4,1,86137,86137,86138,0,1,1
24539,2,1,86139,86139,86140,0,1,1
24540,6,3,86145,86145,86148,0,3,5
24541,1,3,86146,86148,86151,2,5,0
24542,3,1,86149,86151,86152,2,3,0
24543,3,1,86152,86152,86153,0,1,0
24544,1,2,86153,86153,86155,0,2,0
24545,1,1,86154,86155,86156,1,2,0
24546,3,3,86157,86157,86160,0,3,1
24547,2,3,86159,86160,86163,1,4,0
24548,1,3,86160,86163,86166,3,6,0
24549,6,2,86166,86166,86168,0,2,0
24550,4,2,86170,86170,86172,0,2,2
24551,3,1,86173,86173,86174,0,1,1
24552,4,3,86177,86177,86180,0,3,3
24553,2,1,86179,86180,86181,1,2,0
24554,2,1,86181,86181,86182,0,1,0
24555,1,3,86182,86182,86185,0,3,0
24556,2,2,86184,86185,86187,1,3,0
24557,5,3,86189,86189,86192,0,3,2
24558,5,1,86194,86194,86195,0,1,2
24559,5,1,86199,86199,86200,0,1,4
24560,4,3,86203,86203,86206,0,3,3
24561,5,3,86208,86208,86211,0,3,2
24562,3,1,86211,86211,86212,0,1,0
24563,1,1,86212,86212,86213,0,1,0
24564,2,1,86214,86214,86215,0,1,1
24565,2,1,86216,86216,86217,0,1,1
24566,2,3,86218,86218,86221,0,3,1
24567,6,2,86224,86224,86226,0,2,3
24568,1,3,86225,86226,86229,1,4,0
24569,5,2,86230,86230,86232,0,2,1
24570,5,2,86235,86235,86237,0,2,3
24571,1,1,86236,86237,86238,1,2,0
24572,3,1,86239,86239,86240,0,1,1
24573,2,3,86241,86241,86244,0,3,1
24574,2,2,86243,86244,86246,1,3,0
24575,2,1,86245,86246,86247,1,2,0
24576,5,2,86250,86250,86252,0,2,3
24577,1,3,86251,86252,86255,1,4,0
24578,6,1,86257,86257,86258,0,1,2
24579,5,1,86262,86262,86263,0,1,4
24580,1,1,86263,86263,86264,0,1,0
24581,3,1,86266,86266,86267,0,1,2
24582,1,2,86267,86267,86269,0,2,0
24583,3,2,86270,86270,86272,0,2,1
24584,1,2,86271,86272,86274,1,3,0
24585,6,2,86277,86277,86279,0,2,3
24586,6,1,86283,86283,86284,0,1,4
24587,6,3,86289,86289,86292,0,3,5
24588,4,2,86293,86293,86295,0,2,1
24589,5,2,86298,86298,86300,0,2,3
24590,2,1,86300,86300,86301,0,1,0
24591,3,2,86303,86303,86305,0,2,2
24592,1,1,86304,86305,86306,1,2,0
24593,6,2,86310,86310,86312,0,2,4
24594,4,1,86314,86314,86315,0,1,2
24595,3,1,86317,86317,86318,0,1,2
24596,4,1,86321,86321,86322,0,1,3
24597,2,1,86323,86323,86324,0,1,1
24598,5,1,86328,86328,86329,0,1,4
24599,2,2,86330,86330,86332,0,2,1
24600,6,1,86336,86336,86337,0,1,4
24601,6,2,86342,86342,86344,0,2,5
24602,3,2,86345,86345,86347,0,2,1
24603,5,1,86350,86350,86351,0,1,3
24604,2,1,86352,86352,86353,0,1,1
24605,4,1,86356,86356,86357,0,1,3
24606,4,3,86360,86360,86363,0,3,3
24607,6,3,86366,86366,86369,0,3,3
24608,1,3,86367,86369,86372,2,5,0
24609,6,1,86373,86373,86374,0,1,1
24610,6,2,86379,86379,86381,0,2,5
24611,6,2,86385,86385,86387,0,2,4
24612,3,3,86388,86388,86391,0,3,1
24613,2,3,86390,86391,86394,1,4,0
24614,3,1,86393,86394,86395,1,2,0
24615,2,3,86395,86395,86398,0,3,0
24616,4,2,86399,86399,86401,0,2,1
24617,6,2,86405,86405,86407,0,2,4
24618,4,1,86409,86409,86410,0,1,2
24619,6,1,86415,86415,86416,0,1,5
24620,2,3,86417,86417,86420,0,3,1
24621,5,2,86422,86422,86424,0,2,2
24622,6,3,86428,86428,86431,0,3,4
24623,6,3,86434,86434,86437,0,3,3
24624,3,3,86437,86437,86440,0,3,0
24625,4,1,86441,86441,86442,0,1,1
24626,4,3,86445,86445,86448,0,3,3
24627,2,2,86447,86448,86450,1,3,0
24628,6,2,86453,86453,86455,0,2,3
24629,6,2,86459,86459,86461,0,2,4
24630,1,3,86460,86461,86464,1,4,0
24631,2,2,86462,86464,86466,2,4,0
24632,4,3,86466,86466,86469,0,3,0
24633,4,2,86470,86470,86472,0,2,1
24634,1,1,86471,86472,86473,1,2,0
24635,4,3,86475,86475,86478,0,3,2
24636,2,1,86477,86478,86479,1,2,0
24637,5,3,86482,86482,86485,0,3,3
24638,2,2,86484,86485,86487,1,3,0
24639,6,2,86490,86490,86492,0,2,3
24640,5,3,86495,86495,86498,0,3,3
24641,2,3,86497,86498,86501,1,4,0
24642,1,1,86498,86501,86502,3,4,0
24643,5,2,86503,86503,86505,0,2,1
24644,1,1,86504,86505,86506,1,2,0
24645,1,1,86505,86506,86507,1,2,0
24646,3,3,86508,86508,86511,0,3,1
24647,1,1,86509,86511,86512,2,3,0
24648,5,3,86514,86514,86517,0,3,2
24649,3,3,86517,86517,86520,0,3,0
24650,5,2,86522,86522,86524,0,2,2
24651,2,3,86524,86524,86527,0,3,0
24652,6,2,86530,86530,86532,0,2,3
24653,4,2,86534,86534,86536,0,2,2
24654,5,1,86539,86539,86540,0,1,3
24655,6,2,86545,86545,86547,0,2,5
24656,5,1,86550,86550,86551,0,1,3
24657,4,2,86554,86554,86556,0,2,3
24658,4,2,86558,86558,86560,0,2,2
24659,3,2,86561,86561,86563,0,2,1
24660,5,1,86566,86566,86567,0,1,3
24661,5,2,86571,86571,86573,0,2,4
24662,1,1,86572,86573,86574,1,2,0
24663,4,1,86576,86576,86577,0,1,2
24664,4,3,86580,86580,86583,0,3,3
24665,6,2,86586,86586,86588,0,2,3
24666,3,2,86589,86589,86591,0,2,1
24667,6,3,86595,86595,86598,0,3,4
24668,2,1,86597,86598,86599,1,2,0
24669,5,2,86602,86602,86604,0,2,3
24670,3,3,86605,86605,86608,0,3,1
24671,4,2,86609,86609,86611,0,2,1
24672,6,3,86615,86615,86618,0,3,4
24673,1,3,86616,86618,86621,2,5,0
24674,2,2,86618,86621,86623,3,5,0
24675,1,2,86619,86623,86625,4,6,0
24676,1,3,86620,86625,86628,5,8,0
24677,5,3,86625,86628,86631,3,6,0
24678,2,1,86627,86631,86632,4,5,0
24679,3,2,86630,86632,86634,2,4,0
24680,2,2,86632,86634,86636,2,4,0
24681,1,3,86633,86636,86639,3,6,0
24682,2,2,86635,86639,86641,4,6,0
24683,1,1,86636,86641,86642,5,6,0
24684,2,1,86638,86642,86643,4,5,0
24685,5,1,86643,86643,86644,0,1,0
24686,4,3,86647,86647,86650,0,3,3
24687,2,1,86649,86650,86651,1,2,0
24688,3,3,86652,86652,86655,0,3,1
24689,3,3,86655,86655,86658,0,3,0
24690,4,1,86659,86659,86660,0,1,1
24691,5,2,86664,86664,86666,0,2,4
24692,5,1,86669,86669,86670,0,1,3
24693,2,1,86671,86671,86672,0,1,1
24694,5,2,86676,86676,86678,0,2,4
24695,6,2,86682,86682,86684,0,2,4
24696,5,1,86687,86687,86688,0,1,3
24697,1,1,86688,86688,86689,0,1,0
24698,4,2,86692,86692,86694,0,2,3
24699,6,2,86698,86698,86700,0,2,4
24700,3,2,86701,86701,86703,0,2,1
24701,4,2,86705,86705,86707,0,2,2
24702,4,1,86709,86709,86710,0,1,2
24703,4,1,86713,86713,86714,0,1,3
24704,6,3,86719,86719,86722,0,3,5
24705,4,3,86723,86723,86726,0,3,1
24706,5,1,86728,86728,86729,0,1,2
24707,1,1,86729,86729,86730,0,1,0
24708,3,3,86732,86732,86735,0,3,2
24709,1,3,86733,86735,86738,2,5,0
24710,6,1,86739,86739,86740,0,1,1
24711,3,1,86742,86742,86743,0,1,2
24712,3,2,86745,86745,86747,0,2,2
24713,4,1,86749,86749,86750,0,1,2
24714,6,1,86755,86755,86756,0,1,5
24715,1,1,86756,86756,86757,0,1,0
24716,2,3,86758,86758,86761,0,3,1
24717,1,2,86759,86761,86763,2,4,0
24718,2,3,86761,86763,86766,2,5,0
24719,1,1,86762,86766,86767,4,5,0
24720,3,2,86765,86767,86769,2,4,0
24721,4,1,86769,86769,86770,0,1,0
24722,5,3,86774,86774,86777,0,3,4
24723,5,2,86779,86779,86781,0,2,2
24724,1,2,86780,86781,86783,1,3,0
24725,4,3,86784,86784,86787,0,3,1
24726,6,2,86790,86790,86792,0,2,3
24727,6,1,86796,86796,86797,0,1,4
24728,6,1,86802,86802,86803,0,1,5
24729,5,1,86807,86807,86808,0,1,4
24730,3,1,86810,86810,86811,0,1,2
24731,4,2,86814,86814,86816,0,2,3
24732,1,3,86815,86816,86819,1,4,0
24733,6,3,86821,86821,86824,0,3,2
24734,4,2,86825,86825,86827,0,2,1
24735,6,3,86831,86831,86834,0,3,4
24736,5,2,86836,86836,86838,0,2,2
24737,2,1,86838,86838,86839,0,1,0
24738,4,2,86842,86842,86844,0,2,3
24739,6,1,86848,86848,86849,0,1,4
24740,4,3,86852,86852,86855,0,3,3
24741,3,1,86855,86855,86856,0,1,0
24742,5,1,86860,86860,86861,0,1,4
24743,6,2,86866,86866,86868,0,2,5
24744,6,1,86872,86872,86873,0,1,4
24745,5,3,86877,86877,86880,0,3,4
24746,6,1,86883,86883,86884,0,1,3
24747,4,2,86887,86887,86889,0,2,3
24748,3,3,86890,86890,86893,0,3,1
24749,1,2,86891,86893,86895,2,4,0
24750,4,2,86895,86895,86897,0,2,0
24751,6,1,86901,86901,86902,0,1,4
24752,2,1,86903,86903,86904,0,1,1
24753,2,3,86905,86905,86908,0,3,1
24754,1,1,86906,86908,86909,2,3,0
24755,4,1,86910,86910,86911,0,1,1
24756,4,1,86914,86914,86915,0,1,3
24757,2,2,86916,86916,86918,0,2,1
24758,2,1,86918,86918,86919,0,1,0
24759,6,1,86924,86924,86925,0,1,5
24760,1,3,86925,86925,86928,0,3,0
24761,4,3,86929,86929,86932,0,3,1
24762,1,3,86930,86932,86935,2,5,0
24763,1,3,86931,86935,86938,4,7,0
24764,1,1,86932,86938,86939,6,7,0
24765,2,3,86934,86939,86942,5,8,0
24766,5,2,86939,86942,86944,3,5,0
24767,1,2,86940,86944,86946,4,6,0
24768,2,1,86942,86946,86947,4,5,0
24769,6,1,86948,86948,86949,0,1,1
24770,4,3,86952,86952,86955,0,3,3
24771,5,3,86957,86957,86960,0,3,2
24772,3,2,86960,86960,86962,0,2,0
24773,3,3,86963,86963,86966,0,3,1
24774,4,2,86967,86967,86969,0,2,1
24775,5,1,86972,86972,86973,0,1,3
24776,4,3,86976,86976,86979,0,3,3
24777,3,2,86979,86979,86981,0,2,0
24778,1,3,86980,86981,86984,1,4,0
24779,6,3,86986,86986,86989,0,3,2
24780,6,3,86992,86992,86995,0,3,3
24781,3,1,86995,86995,86996,0,1,0
24782,5,2,87000,87000,87002,0,2,4
24783,4,2,87004,87004,87006,0,2,2
24784,6,1,87010,87010,87011,0,1,4
24785,2,3,87012,87012,87015,0,3,1
24786,6,1,87018,87018,87019,0,1,3
24787,2,3,87020,87020,87023,0,3,1
24788,5,3,87025,87025,87028,0,3,2
24789,4,3,87029,87029,87032,0,3,1
24790,5,3,87034,87034,87037,0,3,2
24791,4,3,87038,87038,87041,0,3,1
24792,5,3,87043,87043,87046,0,3,2
24793,2,2,87045,87046,87048,1,3,0
24794,4,1,87049,87049,87050,0,1,1
24795,2,1,87051,87051,87052,0,1,1
24796,5,1,87056,87056,87057,0,1,4
24797,2,3,87058,87058,87061,0,3,1
24798,6,3,87064,87064,87067,0,3,3
24799,5,2,87069,87069,87071,0,2,2
24800,1,2,87070,87071,87073,1,3,0
24801,5,3,87075,87075,87078,0,3,2
24802,5,1,87080,87080,87081,0,1,2
24803,3,3,87083,87083,87086,0,3,2
24804,4,2,87087,87087,87089,0,2,1
24805,5,3,87092,87092,87095,0,3,3
24806,3,2,87095,87095,87097,0,2,0
24807,5,2,87100,87100,87102,0,2,3
24808,1,2,87101,87102,87104,1,3,0
24809,3,2,87104,87104,87106,0,2,0
24810,4,3,87108,87108,87111,0,3,2
24811,2,2,87110,87111,87113,1,3,0
24812,4,3,87114,87114,87117,0,3,1
24813,6,1,87120,87120,87121,0,1,3
24814,3,3,87123,87123,87126,0,3,2
24815,1,2,87124,87126,87128,2,4,0
24816,5,1,87129,87129,87130,0,1,1
24817,3,2,87132,87132,87134,0,2,2
24818,6,2,87138,87138,87140,0,2,4
24819,5,1,87143,87143,87144,0,1,3
24820,3,2,87146,87146,87148,0,2,2
24821,2,1,87148,87148,87149,0,1,0
24822,2,1,87150,87150,87151,0,1,1
24823,2,1,87152,87152,87153,0,1,1
24824,5,1,87157,87157,87158,0,1,4
24825,2,1,87159,87159,87160,0,1,1
24826,5,2,87164,87164,87166,0,2,4
24827,6,1,87170,87170,87171,0,1,4
24828,5,1,87175,87175,87176,0,1,4
24829,4,3,87179,87179,87182,0,3,3
24830,5,1,87184,87184,87185,0,1,2
24831,6,2,87190,87190,87192,0,2,5
24832,1,1,87191,87192,87193,1,2,0
24833,3,1,87194,87194,87195,0,1,1
24834,1,3,87195,87195,87198,0,3,0
24835,5,3,87200,87200,87203,0,3,2
24836,2,1,87202,87203,87204,1,2,0
24837,6,1,87208,87208,87209,0,1,4
24838,6,1,87214,87214,87215,0,1,5
24839,4,2,87218,87218,87220,0,2,3
24840,6,2,87224,87224,87226,0,2,4
24841,3,1,87227,87227,87228,0,1,1
24842,2,3,87229,87229,87232,0,3,1
24843,3,2,87232,87232,87234,0,2,0
24844,6,1,87238,87238,87239,0,1,4
24845,5,1,87243,87243,87244,0,1,4
24846,1,1,87244,87244,87245,0,1,0
24847,2,2,87246,87246,87248,0,2,1
24848,2,2,87248,87248,87250,0,2,0
24849,4,3,87252,87252,87255,0,3,2
24850,3,3,87255,87255,87258,0,3,0
24851,3,2,87258,87258,87260,0,2,0
24852,5,1,87263,87263,87264,0,1,3
24853,1,2,87264,87264,87266,0,2,0
24854,4,2,87268,87268,87270,0,2,2
24855,1,1,87269,87270,87271,1,2,0
24856,1,1,87270,87271,87272,1,2,0
24857,5,3,87275,87275,87278,0,3,3
24858,3,1,87278,87278,87279,0,1,0
24859,3,2,87281,87281,87283,0,2,2
24860,2,2,87283,87283,87285,0,2,0
24861,6,2,87289,87289,87291,0,2,4
24862,1,1,87290,87291,87292,1,2,0
24863,3,3,87293,87293,87296,0,3,1
24864,4,2,87297,87297,87299,0,2,1
24865,5,1,87302,87302,87303,0,1,3
24866,1,3,87303,87303,87306,0,3,0
24867,1,2,87304,87306,87308,2,4,0
24868,2,1,87306,87308,87309,2,3,0
24869,6,1,87312,87312,87313,0,1,3
24870,6,1,87318,87318,87319,0,1,5
24871,1,3,87319,87319,87322,0,3,0
24872,2,1,87321,87322,87323,1,2,0
24873,4,2,87325,87325,87327,0,2,2
24874,1,3,87326,87327,87330,1,4,0
24875,6,3,87332,87332,87335,0,3,2
24876,3,2,87335,87335,87337,0,2,0
24877,2,2,87337,87337,87339,0,2,0
24878,3,2,87340,87340,87342,0,2,1
24879,3,3,87343,87343,87346,0,3,1
24880,2,3,87345,87346,87349,1,4,0
24881,1,3,87346,87349,87352,3,6,0
24882,1,3,87347,87352,87355,5,8,0
24883,2,2,87349,87355,87357,6,8,0
24884,4,2,87353,87357,87359,4,6,0
24885,4,3,87357,87359,87362,2,5,0
24886,5,1,87362,87362,87363,0,1,0
24887,5,3,87367,87367,87370,0,3,4
24888,3,3,87370,87370,87373,0,3,0
24889,2,3,87372,87373,87376,1,4,0
24890,2,3,87374,87376,87379,2,5,0
24891,1,1,87375,87379,87380,4,5,0
24892,4,2,87379,87380,87382,1,3,0
24893,6,2,87385,87385,87387,0,2,3
24894,4,1,87389,87389,87390,0,1,2
24895,2,2,87391,87391,87393,0,2,1
24896,6,1,87397,87397,87398,0,1,4
24897,2,2,87399,87399,87401,0,2,1
24898,6,1,87405,87405,87406,0,1,4
24899,1,1,87406,87406,87407,0,1,0
24900,1,2,87407,87407,87409,0,2,0
24901,2,1,87409,87409,87410,0,1,0
24902,1,1,87410,87410,87411,0,1,0
24903,6,1,87416,87416,87417,0,1,5
24904,5,3,87421,87421,87424,0,3,4
24905,3,1,87424,87424,87425,0,1,0
24906,2,2,87426,87426,87428,0,2,1
24907,4,3,87430,87430,87433,0,3,2
24908,2,2,87432,87433,87435,1,3,0
24909,6,1,87438,87438,87439,0,1,3
24910,6,3,87444,87444,87447,0,3,5
24911,2,3,87446,87447,87450,1,4,0
24912,3,2,87449,87450,87452,1,3,0
24913,1,2,87450,87452,87454,2,4,0
24914,4,2,87454,87454,87456,0,2,0
24915,5,1,87459,87459,87460,0,1,3
24916,1,3,87460,87460,87463,0,3,0
24917,6,2,87466,87466,87468,0,2,3
24918,5,1,87471,87471,87472,0,1,3
24919,2,2,87473,87473,87475,0,2,1
24920,4,1,87477,87477,87478,0,1,2
24921,5,2,87482,87482,87484,0,2,4
24922,1,2,87483,87484,87486,1,3,0
24923,2,1,87485,87486,87487,1,2,0
24924,1,2,87486,87487,87489,1,3,0
24925,1,1,87487,87489,87490,2,3,0
24926,2,2,87489,87490,87492,1,3,0
24927,6,1,87495,87495,87496,0,1,3
24928,3,2,87498,87498,87500,0,2,2
24929,3,2,87501,87501,87503,0,2,1
24930,1,1,87502,87503,87504,1,2,0
24931,5,1,87507,87507,87508,0,1,3
24932,4,2,87511,87511,87513,0,2,3
24933,6,3,87517,87517,87520,0,3,4
24934,2,1,87519,87520,87521,1,2,0
24935,4,2,87523,87523,87525,0,2,2
24936,3,2,87526,87526,87528,0,2,1
24937,4,2,87530,87530,87532,0,2,2
24938,6,1,87536,87536,87537,0,1,4
24939,4,1,87540,87540,87541,0,1,3
24940,1,2,87541,87541,87543,0,2,0
24941,6,1,87547,87547,87548,0,1,4
24942,5,2,87552,87552,87554,0,2,4
24943,4,2,87556,87556,87558,0,2,2
24944,2,2,87558,87558,87560,0,2,0
24945,1,3,87559,87560,87563,1,4,0
24946,5,3,87564,87564,87567,0,3,1
24947,2,2,87566,87567,87569,1,3,0
24948,6,1,87572,87572,87573,0,1,3
24949,5,2,87577,87577,87579,0,2,4
24950,1,2,87578,87579,87581,1,3,0
24951,3,2,87581,87581,87583,0,2,0
24952,6,3,87587,87587,87590,0,3,4
24953,6,3,87593,87593,87596,0,3,3
24954,2,2,87595,87596,87598,1,3,0
24955,5,3,87600,87600,87603,0,3,2
24956,4,1,87604,87604,87605,0,1,1
24957,4,3,87608,87608,87611,0,3,3
24958,5,1,87613,87613,87614,0,1,2
24959,3,3,87616,87616,87619,0,3,2
24960,3,2,87619,87619,87621,0,2,0
24961,3,2,87622,87622,87624,0,2,1
24962,4,2,87626,87626,87628,0,2,2
24963,6,1,87632,87632,87633,0,1,4
24964,3,2,87635,87635,87637,0,2,2
24965,6,2,87641,87641,87643,0,2,4
24966,3,1,87644,87644,87645,0,1,1
24967,3,3,87647,87647,87650,0,3,2
24968,5,1,87652,87652,87653,0,1,2
24969,2,2,87654,87654,87656,0,2,1
24970,5,3,87659,87659,87662,0,3,3
24971,5,2,87664,87664,87666,0,2,2
24972,2,1,87666,87666,87667,0,1,0
24973,3,1,87669,87669,87670,0,1,2
24974,5,2,87674,87674,87676,0,2,4
24975,2,1,87676,87676,87677,0,1,0
24976,2,3,87678,87678,87681,0,3,1
24977,6,1,87684,87684,87685,0,1,3
24978,4,1,87688,87688,87689,0,1,3
24979,6,2,87694,87694,87696,0,2,5
24980,1,3,87695,87696,87699,1,4,0
24981,5,3,87700,87700,87703,0,3,1
24982,3,3,87703,87703,87706,0,3,0
24983,5,1,87708,87708,87709,0,1,2
24984,5,2,87713,87713,87715,0,2,4
24985,6,1,87719,87719,87720,0,1,4
24986,2,3,87721,87721,87724,0,3,1
24987,2,2,87723,87724,87726,1,3,0
24988,5,2,87728,87728,87730,0,2,2
24989,1,3,87729,87730,87733,1,4,0
24990,6,3,87735,87735,87738,0,3,2
24991,3,1,87738,87738,87739,0,1,0
24992,6,3,87744,87744,87747,0,3,5
24993,1,1,87745,87747,87748,2,3,0
24994,3,1,87748,87748,87749,0,1,0
24995,6,1,87754,87754,87755,0,1,5
24996,6,1,87760,87760,87761,0,1,5
24997,3,1,87763,87763,87764,0,1,2
24998,1,2,87764,87764,87766,0,2,0
24999,2,2,87766,87766,87768,0,2,0
25000,6,1,87772,87772,87773,0,1,4
25001,6,1,87778,87778,87779,0,1,5
25002,1,1,87779,87779,87780,0,1,0
25003,2,1,87781,87781,87782,0,1,1
25004,1,1,87782,87782,87783,0,1,0
25005,4,3,87786,87786,87789,0,3,3
25006,2,2,87788,87789,87791,1,3,0
25007,5,3,87793,87793,87796,0,3,2
25008,4,3,87797,87797,87800,0,3,1
25009,5,1,87802,87802,87803,0,1,2
25010,1,1,87803,87803,87804,0,1,0
25011,3,1,87806,87806,87807,0,1,2
25012,6,2,87812,87812,87814,0,2,5
25013,4,3,87816,87816,87819,0,3,2
25014,3,2,87819,87819,87821,0,2,0
25015,4,1,87823,87823,87824,0,1,2
25016,1,1,87824,87824,87825,0,1,0
25017,6,2,87830,87830,87832,0,2,5
25018,4,3,87834,87834,87837,0,3,2
25019,4,3,87838,87838,87841,0,3,1
25020,6,2,87844,87844,87846,0,2,3
25021,6,2,87850,87850,87852,0,2,4
25022,5,3,87855,87855,87858,0,3,3
25023,5,2,87860,87860,87862,0,2,2
25024,1,3,87861,87862,87865,1,4,0
25025,4,3,87865,87865,87868,0,3,0
25026,2,1,87867,87868,87869,1,2,0
25027,4,3,87871,87871,87874,0,3,2
25028,3,2,87874,87874,87876,0,2,0
25029,4,3,87878,87878,87881,0,3,2
25030,1,2,87879,87881,87883,2,4,0
25031,3,1,87882,87883,87884,1,2,0
25032,1,3,87883,87884,87887,1,4,0
25033,2,2,87885,87887,87889,2,4,0
25034,2,2,87887,87889,87891,2,4,0
25035,1,3,87888,87891,87894,3,6,0
25036,2,3,87890,87894,87897,4,7,0
25037,6,1,87896,87897,87898,1,2,0
25038,5,3,87901,87901,87904,0,3,3
25039,5,3,87906,87906,87909,0,3,2
25040,5,2,87911,87911,87913,0,2,2
25041,6,1,87917,87917,87918,0,1,4
25042,3,1,87920,87920,87921,0,1,2
25043,4,1,87924,87924,87925,0,1,3
25044,4,3,87928,87928,87931,0,3,3
25045,6,3,87934,87934,87937,0,3,3
25046,3,2,87937,87937,87939,0,2,0
25047,5,1,87942,87942,87943,0,1,3
25048,6,2,87948,87948,87950,0,2,5
25049,6,3,87954,87954,87957,0,3,4
25050,3,1,87957,87957,87958,0,1,0
25051,6,1,87963,87963,87964,0,1,5
25052,1,3,87964,87964,87967,0,3,0
25053,1,2,87965,87967,87969,2,4,0
25054,3,2,87968,87969,87971,1,3,0
25055,1,1,87969,87971,87972,2,3,0
25056,5,3,87974,87974,87977,0,3,2
25057,6,3,87980,87980,87983,0,3,3
25058,1,2,87981,87983,87985,2,4,0
25059,3,1,87984,87985,87986,1,2,0
25060,1,2,87985,87986,87988,1,3,0
25061,2,2,87987,87988,87990,1,3,0
25062,5,2,87992,87992,87994,0,2,2
25063,4,1,87996,87996,87997,0,1,2
25064,1,2,87997,87997,87999,0,2,0
25065,3,3,88000,88000,88003,0,3,1
25066,4,1,88004,88004,88005,0,1,1
25067,2,3,88006,88006,88009,0,3,1
25068,2,1,88008,88009,88010,1,2,0
25069,3,3,88011,88011,88014,0,3,1
25070,6,3,88017,88017,88020,0,3,3
25071,6,3,88023,88023,88026,0,3,3
25072,3,2,88026,88026,88028,0,2,0
25073,5,3,88031,88031,88034,0,3,3
25074,4,2,88035,88035,88037,0,2,1
25075,4,3,88039,88039,88042,0,3,2
25076,5,2,88044,88044,88046,0,2,2
25077,2,3,88046,88046,88049,0,3,0
25078,2,1,88048,88049,88050,1,2,0
25079,1,1,88049,88050,88051,1,2,0
25080,3,1,88052,88052,88053,0,1,1
25081,2,2,88054,88054,88056,0,2,1
25082,5,3,88059,88059,88062,0,3,3
25083,1,1,88060,88062,88063,2,3,0
25084,6,3,88066,88066,88069,0,3,3
25085,1,2,88067,88069,88071,2,4,0
25086,4,2,88071,88071,88073,0,2,0
25087,6,3,88077,88077,88080,0,3,4
25088,4,1,88081,88081,88082,0,1,1
25089,2,1,88083,88083,88084,0,1,1
25090,5,3,88088,88088,88091,0,3,4
25091,5,2,88093,88093,88095,0,2,2
25092,1,2,88094,88095,88097,1,3,0
25093,3,3,88097,88097,88100,0,3,0
25094,5,2,88102,88102,88104,0,2,2
25095,5,3,88107,88107,88110,0,3,3
25096,2,3,88109,88110,88113,1,4,0
25097,4,3,88113,88113,88116,0,3,0
25098,6,3,88119,88119,88122,0,3,3
25099,5,2,88124,88124,88126,0,2,2
25100,3,3,88127,88127,88130,0,3,1
25101,6,2,88133,88133,88135,0,2,3
25102,2,3,88135,88135,88138,0,3,0
25103,2,3,88137,88138,88141,1,4,0
25104,2,2,88139,88141,88143,2,4,0
25105,3,2,88142,88143,88145,1,3,0
25106,3,2,88145,88145,88147,0,2,0
25107,2,3,88147,88147,88150,0,3,0
25108,5,2,88152,88152,88154,0,2,2
25109,3,2,88155,88155,88157,0,2,1
25110,4,2,88159,88159,88161,0,2,2
25111,4,2,88163,88163,88165,0,2,2
25112,1,2,88164,88165,88167,1,3,0
25113,4,3,88168,88168,88171,0,3,1
25114,2,1,88170,88171,88172,1,2,0
25115,3,2,88173,88173,88175,0,2,1
25116,4,1,88177,88177,88178,0,1,2
25117,1,1,88178,88178,88179,0,1,0
25118,5,2,88183,88183,88185,0,2,4
25119,3,1,88186,88186,88187,0,1,1
25120,5,3,88191,88191,88194,0,3,4
25121,4,3,88195,88195,88198,0,3,1
25122,6,2,88201,88201,88203,0,2,3
25123,4,2,88205,88205,88207,0,2,2
25124,4,3,88209,88209,88212,0,3,2
25125,5,2,88214,88214,88216,0,2,2
25126,2,3,88216,88216,88219,0,3,0
25127,6,2,88222,88222,88224,0,2,3
25128,2,1,88224,88224,88225,0,1,0
25129,5,1,88229,88229,88230,0,1,4
25130,6,2,88235,88235,88237,0,2,5
25131,4,3,88239,88239,88242,0,3,2
25132,3,2,88242,88242,88244,0,2,0
25133,2,1,88244,88244,88245,0,1,0
25134,2,3,88246,88246,88249,0,3,1
25135,5,2,88251,88251,88253,0,2,2
25136,3,2,88254,88254,88256,0,2,1
25137,3,3,88257,88257,88260,0,3,1
25138,1,3,88258,88260,88263,2,5,0
25139,1,2,88259,88263,88265,4,6,0
25140,3,2,88262,88265,88267,3,5,0
25141,6,3,88268,88268,88271,0,3,1
25142,5,1,88273,88273,88274,0,1,2
25143,5,1,88278,88278,88279,0,1,4
25144,4,2,88282,88282,88284,0,2,3
25145,1,1,88283,88284,88285,1,2,0
25146,2,3,88285,88285,88288,0,3,0
25147,5,1,88290,88290,88291,0,1,2
25148,4,1,88294,88294,88295,0,1,3
25149,5,1,88299,88299,88300,0,1,4
25150,3,1,88302,88302,88303,0,1,2
25151,1,2,88303,88303,88305,0,2,0
25152,4,3,88307,88307,88310,0,3,2
25153,1,3,88308,88310,88313,2,5,0
25154,4,3,88312,88313,88316,1,4,0
25155,3,2,88315,88316,88318,1,3,0
25156,1,2,88316,88318,88320,2,4,0
25157,3,3,88319,88320,88323,1,4,0
25158,3,2,88322,88323,88325,1,3,0
25159,3,1,88325,88325,88326,0,1,0
25160,3,2,88328,88328,88330,0,2,2
25161,4,3,88332,88332,88335,0,3,2
25162,1,1,88333,88335,88336,2,3,0
25163,2,2,88335,88336,88338,1,3,0
25164,4,1,88339,88339,88340,0,1,1
25165,3,3,88342,88342,88345,0,3,2
25166,3,2,88345,88345,88347,0,2,0
25167,3,1,88348,88348,88349,0,1,1
25168,3,3,88351,88351,88354,0,3,2
25169,3,2,88354,88354,88356,0,2,0
25170,4,2,88358,88358,88360,0,2,2
25171,1,1,88359,88360,88361,1,2,0
25172,5,2,88364,88364,88366,0,2,3
25173,3,2,88367,88367,88369,0,2,1
25174,6,2,88373,88373,88375,0,2,4
25175,5,2,88378,88378,88380,0,2,3
25176,1,1,88379,88380,88381,1,2,0
25177,2,2,88381,88381,88383,0,2,0
25178,5,2,88386,88386,88388,0,2,3
25179,2,1,88388,88388,88389,0,1,0
25180,4,1,88392,88392,88393,0,1,3
25181,6,2,88398,88398,88400,0,2,5
25182,3,3,88401,88401,88404,0,3,1
25183,4,1,88405,88405,88406,0,1,1
25184,1,3,88406,88406,88409,0,3,0
25185,6,2,88412,88412,88414,0,2,3
25186,1,2,88413,88414,88416,1,3,0
25187,4,3,88417,88417,88420,0,3,1
25188,4,1,88421,88421,88422,0,1,1
25189,2,3,88423,88423,88426,0,3,1
25190,4,2,88427,88427,88429,0,2,1
25191,3,2,88430,88430,88432,0,2,1
25192,2,2,88432,88432,88434,0,2,0
25193,1,2,88433,88434,88436,1,3,0
25194,2,2,88435,88436,88438,1,3,0
25195,1,2,88436,88438,88440,2,4,0
25196,6,1,88442,88442,88443,0,1,2
25197,4,1,88446,88446,88447,0,1,3
25198,3,3,88449,88449,88452,0,3,2
25199,4,3,88453,88453,88456,0,3,1
25200,3,3,88456,88456,88459,0,3,0
25201,2,3,88458,88459,88462,1,4,0
25202,2,3,88460,88462,88465,2,5,0
25203,2,2,88462,88465,88467,3,5,0
25204,6,3,88468,88468,88471,0,3,1
25205,6,2,88474,88474,88476,0,2,3
25206,5,1,88479,88479,88480,0,1,3
25207,5,3,88484,88484,88487,0,3,4
25208,6,3,88490,88490,88493,0,3,3
25209,4,3,88494,88494,88497,0,3,1
25210,5,2,88499,88499,88501,0,2,2
25211,1,2,88500,88501,88503,1,3,0
25212,4,2,88504,88504,88506,0,2,1
25213,4,2,88508,88508,88510,0,2,2
25214,2,1,88510,88510,88511,0,1,0
25215,1,2,88511,88511,88513,0,2,0
25216,1,3,88512,88513,88516,1,4,0
25217,5,1,88517,88517,88518,0,1,1
25218,2,1,88519,88519,88520,0,1,1
25219,2,3,88521,88521,88524,0,3,1
25220,2,1,88523,88524,88525,1,2,0
25221,6,1,88529,88529,88530,0,1,4
25222,4,2,88533,88533,88535,0,2,3
25223,1,2,88534,88535,88537,1,3,0
25224,4,1,88538,88538,88539,0,1,1
25225,3,1,88541,88541,88542,0,1,2
25226,4,2,88545,88545,88547,0,2,3
25227,6,2,88551,88551,88553,0,2,4
25228,3,2,88554,88554,88556,0,2,1
25229,6,3,88560,88560,88563,0,3,4
25230,2,1,88562,88563,88564,1,2,0
25231,2,1,88564,88564,88565,0,1,0
25232,2,1,88566,88566,88567,0,1,1
25233,1,1,88567,88567,88568,0,1,0
25234,2,3,88569,88569,88572,0,3,1
25235,3,1,88572,88572,88573,0,1,0
25236,1,1,88573,88573,88574,0,1,0
25237,5,2,88578,88578,88580,0,2,4
25238,4,2,88582,88582,88584,0,2,2
25239,2,2,88584,88584,88586,0,2,0
25240,3,2,88587,88587,88589,0,2,1
25241,2,2,88589,88589,88591,0,2,0
25242,3,3,88592,88592,88595,0,3,1
25243,1,1,88593,88595,88596,2,3,0
25244,1,3,88594,88596,88599,2,5,0
25245,2,3,88596,88599,88602,3,6,0
25246,2,3,88598,88602,88605,4,7,0
25247,1,2,88599,88605,88607,6,8,0
25248,6,3,88605,88607,88610,2,5,0
25249,2,3,88607,88610,88613,3,6,0
25250,5,3,88612,88613,88616,1,4,0
25251,5,1,88617,88617,88618,0,1,1
25252,5,2,88622,88622,88624,0,2,4
25253,2,1,88624,88624,88625,0,1,0
25254,3,3,88627,88627,88630,0,3,2
25255,4,3,88631,88631,88634,0,3,1
25256,1,1,88632,88634,88635,2,3,0
25257,6,2,88638,88638,88640,0,2,3
25258,5,1,88643,88643,88644,0,1,3
25259,5,3,88648,88648,88651,0,3,4
25260,3,3,88651,88651,88654,0,3,0
25261,1,2,88652,88654,88656,2,4,0
25262,6,2,88658,88658,88660,0,2,2
25263,1,2,88659,88660,88662,1,3,0
25264,5,2,88664,88664,88666,0,2,2
25265,6,1,88670,88670,88671,0,1,4
25266,3,3,88673,88673,88676,0,3,2
25267,2,2,88675,88676,88678,1,3,0
25268,3,3,88678,88678,88681,0,3,0
25269,3,1,88681,88681,88682,0,1,0
25270,6,1,88687,88687,88688,0,1,5
25271,4,1,88691,88691,88692,0,1,3
25272,2,2,88693,88693,88695,0,2,1
25273,2,3,88695,88695,88698,0,3,0
25274,4,2,88699,88699,88701,0,2,1
25275,2,1,88701,88701,88702,0,1,0
25276,2,1,88703,88703,88704,0,1,1
25277,6,2,88709,88709,88711,0,2,5
25278,4,3,88713,88713,88716,0,3,2
25279,1,3,88714,88716,88719,2,5,0
25280,4,2,88718,88719,88721,1,3,0
25281,4,3,88722,88722,88725,0,3,1
25282,1,3,88723,88725,88728,2,5,0
25283,3,1,88726,88728,88729,2,3,0
25284,1,3,88727,88729,88732,2,5,0
25285,3,3,88730,88732,88735,2,5,0
25286,5,3,88735,88735,88738,0,3,0
25287,1,3,88736,88738,88741,2,5,0
25288,5,2,88741,88741,88743,0,2,0
25289,1,1,88742,88743,88744,1,2,0
25290,1,2,88743,88744,88746,1,3,0
25291,1,1,88744,88746,88747,2,3,0
25292,4,2,88748,88748,88750,0,2,1
25293,3,2,88751,88751,88753,0,2,1
25294,6,2,88757,88757,88759,0,2,4
25295,6,1,88763,88763,88764,0,1,4
25296,3,3,88766,88766,88769,0,3,2
25297,5,2,88771,88771,88773,0,2,2
25298,3,1,88774,88774,88775,0,1,1
25299,4,3,88778,88778,88781,0,3,3
25300,6,2,88784,88784,88786,0,2,3
25301,2,3,88786,88786,88789,0,3,0
25302,4,2,88790,88790,88792,0,2,1
25303,1,1,88791,88792,88793,1,2,0
25304,2,2,88793,88793,88795,0,2,0
25305,2,3,88795,88795,88798,0,3,0
25306,6,2,88801,88801,88803,0,2,3
25307,2,1,88803,88803,88804,0,1,0
25308,5,1,88808,88808,88809,0,1,4
25309,1,3,88809,88809,88812,0,3,0
25310,1,2,88810,88812,88814,2,4,0
25311,5,1,88815,88815,88816,0,1,1
25312,4,2,88819,88819,88821,0,2,3
25313,4,3,88823,88823,88826,0,3,2
25314,5,2,88828,88828,88830,0,2,2
25315,3,1,88831,88831,88832,0,1,1
25316,3,3,88834,88834,88837,0,3,2
25317,2,1,88836,88837,88838,1,2,0
25318,5,1,88841,88841,88842,0,1,3
25319,3,3,88844,88844,88847,0,3,2
25320,6,1,88850,88850,88851,0,1,3
25321,6,2,88856,88856,88858,0,2,5
25322,1,1,88857,88858,88859,1,2,0
25323,5,2,88862,88862,88864,0,2,3
25324,5,2,88867,88867,88869,0,2,3
25325,2,1,88869,88869,88870,0,1,0
25326,3,2,88872,88872,88874,0,2,2
25327,5,1,88877,88877,88878,0,1,3
25328,3,1,88880,88880,88881,0,1,2
25329,1,2,88881,88881,88883,0,2,0
25330,3,1,88884,88884,88885,0,1,1
25331,1,3,88885,88885,88888,0,3,0
25332,2,2,88887,88888,88890,1,3,0
25333,5,1,88892,88892,88893,0,1,2
25334,6,1,88898,88898,88899,0,1,5
25335,4,3,88902,88902,88905,0,3,3
25336,5,3,88907,88907,88910,0,3,2
25337,1,3,88908,88910,88913,2,5,0
25338,2,3,88910,88913,88916,3,6,0
25339,4,2,88914,88916,88918,2,4,0
25340,2,3,88916,88918,88921,2,5,0
25341,5,2,88921,88921,88923,0,2,0
25342,6,2,88927,88927,88929,0,2,4
25343,5,2,88932,88932,88934,0,2,3
25344,5,1,88937,88937,88938,0,1,3
25345,3,3,88940,88940,88943,0,3,2
25346,1,2,88941,88943,88945,2,4,0
25347,3,1,88944,88945,88946,1,2,0
25348,2,2,88946,88946,88948,0,2,0
25349,3,2,88949,88949,88951,0,2,1
25350,2,2,88951,88951,88953,0,2,0
25351,6,3,88957,88957,88960,0,3,4
25352,3,2,88960,88960,88962,0,2,0
25353,2,1,88962,88962,88963,0,1,0
25354,5,2,88967,88967,88969,0,2,4
25355,2,3,88969,88969,88972,0,3,0
25356,2,1,88971,88972,88973,1,2,0
25357,3,1,88974,88974,88975,0,1,1
25358,3,2,88977,88977,88979,0,2,2
25359,2,2,88979,88979,88981,0,2,0
25360,3,1,88982,88982,88983,0,1,1
25361,1,3,88983,88983,88986,0,3,0
25362,2,1,88985,88986,88987,1,2,0
25363,5,1,88990,88990,88991,0,1,3
25364,1,3,88991,88991,88994,0,3,0
25365,5,3,88996,88996,88999,0,3,2
25366,6,1,89002,89002,89003,0,1,3
25367,3,3,89005,89005,89008,0,3,2
25368,3,3,89008,89008,89011,0,3,0
25369,2,3,89010,89011,89014,1,4,0
25370,1,2,89011,89014,89016,3,5,0
25371,4,3,89015,89016,89019,1,4,0
25372,3,1,89018,89019,89020,1,2,0
25373,1,1,89019,89020,89021,1,2,0
25374,6,3,89025,89025,89028,0,3,4
25375,6,2,89031,89031,89033,0,2,3
25376,3,1,89034,89034,89035,0,1,1
25377,1,1,89035,89035,89036,0,1,0
25378,3,2,89038,89038,89040,0,2,2
25379,4,1,89042,89042,89043,0,1,2
25380,4,1,89046,89046,89047,0,1,3
25381,6,1,89052,89052,89053,0,1,5
25382,1,1,89053,89053,89054,0,1,0
25383,5,3,89058,89058,89061,0,3,4
25384,2,3,89060,89061,89064,1,4,0
25385,6,2,89066,89066,89068,0,2,2
25386,2,1,89068,89068,89069,0,1,0
25387,2,3,89070,89070,89073,0,3,1
25388,6,3,89076,89076,89079,0,3,3
25389,1,1,89077,89079,89080,2,3,0
25390,1,2,89078,89080,89082,2,4,0
25391,1,2,89079,89082,89084,3,5,0
25392,6,3,89085,89085,89088,0,3,1
25393,5,3,89090,89090,89093,0,3,2
25394,4,3,89094,89094,89097,0,3,1
25395,2,2,89096,89097,89099,1,3,0
25396,2,2,89098,89099,89101,1,3,0
25397,1,3,89099,89101,89104,2,5,0
25398,4,2,89103,89104,89106,1,3,0
25399,6,3,89109,89109,89112,0,3,3
25400,6,1,89115,89115,89116,0,1,3
25401,4,3,89119,89119,89122,0,3,3
25402,4,2,89123,89123,89125,0,2,1
25403,3,3,89126,89126,89129,0,3,1
25404,1,3,89127,89129,89132,2,5,0
25405,5,2,89132,89132,89134,0,2,0
25406,4,3,89136,89136,89139,0,3,2
25407,3,2,89139,89139,89141,0,2,0
25408,4,1,89143,89143,89144,0,1,2
25409,3,2,89146,89146,89148,0,2,2
25410,6,3,89152,89152,89155,0,3,4
25411,4,2,89156,89156,89158,0,2,1
25412,2,1,89158,89158,89159,0,1,0
25413,5,1,89163,89163,89164,0,1,4
25414,1,1,89164,89164,89165,0,1,0
25415,6,2,89170,89170,89172,0,2,5
25416,5,3,89175,89175,89178,0,3,3
25417,2,1,89177,89178,89179,1,2,0
25418,1,3,89178,89179,89182,1,4,0
25419,4,2,89182,89182,89184,0,2,0
25420,3,1,89185,89185,89186,0,1,1
25421,5,3,89190,89190,89193,0,3,4
25422,6,2,89196,89196,89198,0,2,3
25423,4,2,89200,89200,89202,0,2,2
25424,3,1,89203,89203,89204,0,1,1
25425,3,1,89206,89206,89207,0,1,2
25426,6,1,89212,89212,89213,0,1,5
25427,6,2,89218,89218,89220,0,2,5
25428,3,2,89221,89221,89223,0,2,1
25429,5,1,89226,89226,89227,0,1,3
25430,3,3,89229,89229,89232,0,3,2
25431,1,3,89230,89232,89235,2,5,0
25432,4,3,89234,89235,89238,1,4,0
25433,5,2,89239,89239,89241,0,2,1
25434,6,2,89245,89245,89247,0,2,4
25435,5,2,89250,89250,89252,0,2,3
25436,3,2,89253,89253,89255,0,2,1
25437,1,3,89254,89255,89258,1,4,0
25438,4,1,89258,89258,89259,0,1,0
25439,3,1,89261,89261,89262,0,1,2
25440,6,3,89267,89267,89270,0,3,5
25441,4,1,89271,89271,89272,0,1,1
25442,2,2,89273,89273,89275,0,2,1
25443,5,1,89278,89278,89279,0,1,3
25444,5,2,89283,89283,89285,0,2,4
25445,2,1,89285,89285,89286,0,1,0
25446,2,1,89287,89287,89288,0,1,1
25447,2,3,89289,89289,89292,0,3,1
25448,5,3,89294,89294,89297,0,3,2
25449,6,1,89300,89300,89301,0,1,3
25450,4,3,89304,89304,89307,0,3,3
25451,1,1,89305,89307,89308,2,3,0
25452,2,3,89307,89308,89311,1,4,0
25453,2,1,89309,89311,89312,2,3,0
25454,5,2,89314,89314,89316,0,2,2
25455,5,1,89319,89319,89320,0,1,3
25456,1,2,89320,89320,89322,0,2,0
25457,4,1,89324,89324,89325,0,1,2
25458,6,3,89330,89330,89333,0,3,5
25459,1,3,89331,89333,89336,2,5,0
25460,6,3,89337,89337,89340,0,3,1
25461,1,2,89338,89340,89342,2,4,0
25462,6,2,89344,89344,89346,0,2,2
25463,3,3,89347,89347,89350,0,3,1
25464,4,1,89351,89351,89352,0,1,1
25465,4,3,89355,89355,89358,0,3,3
25466,2,1,89357,89358,89359,1,2,0
25467,3,1,89360,89360,89361,0,1,1
25468,6,2,89366,89366,89368,0,2,5
25469,6,2,89372,89372,89374,0,2,4
25470,4,1,89376,89376,89377,0,1,2
25471,4,3,89380,89380,89383,0,3,3
25472,1,3,89381,89383,89386,2,5,0
25473,2,1,89383,89386,89387,3,4,0
25474,5,2,89388,89388,89390,0,2,1
25475,4,3,89392,89392,89395,0,3,2
25476,2,1,89394,89395,89396,1,2,0
25477,5,1,89399,89399,89400,0,1,3
25478,5,1,89404,89404,89405,0,1,4
25479,4,2,89408,89408,89410,0,2,3
25480,6,3,89414,89414,89417,0,3,4
25481,1,2,89415,89417,89419,2,4,0
25482,5,2,89420,89420,89422,0,2,1
25483,6,1,89426,89426,89427,0,1,4
25484,2,2,89428,89428,89430,0,2,1
25485,5,3,89433,89433,89436,0,3,3
25486,6,3,89439,89439,89442,0,3,3
25487,4,1,89443,89443,89444,0,1,1
25488,4,1,89447,89447,89448,0,1,3
25489,5,3,89452,89452,89455,0,3,4
25490,3,3,89455,89455,89458,0,3,0
25491,3,2,89458,89458,89460,0,2,0
25492,6,1,89464,89464,89465,0,1,4
25493,5,1,89469,89469,89470,0,1,4
25494,1,3,89470,89470,89473,0,3,0
25495,4,3,89474,89474,89477,0,3,1
25496,3,3,89477,89477,89480,0,3,0
25497,2,3,89479,89480,89483,1,4,0
25498,2,3,89481,89483,89486,2,5,0
25499,2,2,89483,89486,89488,3,5,0
25500,5,1,89488,89488,89489,0,1,0
25501,1,2,89489,89489,89491,0,2,0
25502,6,1,89495,89495,89496,0,1,4
25503,4,3,89499,89499,89502,0,3,3
25504,5,3,89504,89504,89507,0,3,2
25505,1,1,89505,89507,89508,2,3,0
25506,4,3,89509,89509,89512,0,3,1
25507,5,2,89514,89514,89516,0,2,2
25508,5,2,89519,89519,89521,0,2,3
25509,4,3,89523,89523,89526,0,3,2
25510,5,3,89528,89528,89531,0,3,2
25511,5,2,89533,89533,89535,0,2,2
25512,2,2,89535,89535,89537,0,2,0
25513,4,1,89539,89539,89540,0,1,2
25514,3,2,89542,89542,89544,0,2,2
25515,5,3,89547,89547,89550,0,3,3
25516,6,1,89553,89553,89554,0,1,3
25517,2,2,89555,89555,89557,0,2,1
25518,5,1,89560,89560,89561,0,1,3
25519,6,2,89566,89566,89568,0,2,5
25520,3,1,89569,89569,89570,0,1,1
25521,3,2,89572,89572,89574,0,2,2
25522,3,1,89575,89575,89576,0,1,1
25523,6,1,89581,89581,89582,0,1,5
25524,6,1,89587,89587,89588,0,1,5
25525,2,1,89589,89589,89590,0,1,1
25526,2,2,89591,89591,89593,0,2,1
25527,2,3,89593,89593,89596,0,3,0
25528,4,3,89597,89597,89600,0,3,1
25529,6,2,89603,89603,89605,0,2,3
25530,6,3,89609,89609,89612,0,3,4
25531,4,1,89613,89613,89614,0,1,1
25532,4,2,89617,89617,89619,0,2,3
25533,5,2,89622,89622,89624,0,2,3
25534,1,2,89623,89624,89626,1,3,0
25535,1,3,89624,89626,89629,2,5,0
25536,4,2,89628,89629,89631,1,3,0
25537,6,3,89634,89634,89637,0,3,3
25538,2,1,89636,89637,89638,1,2,0
25539,6,1,89642,89642,89643,0,1,4
25540,2,1,89644,89644,89645,0,1,1
25541,4,3,89648,89648,89651,0,3,3
25542,2,1,89650,89651,89652,1,2,0
25543,4,1,89654,89654,89655,0,1,2
25544,6,2,89660,89660,89662,0,2,5
25545,5,2,89665,89665,89667,0,2,3
25546,5,1,89670,89670,89671,0,1,3
25547,3,1,89673,89673,89674,0,1,2
25548,1,1,89674,89674,89675,0,1,0
25549,2,3,89676,89676,89679,0,3,1
25550,1,2,89677,89679,89681,2,4,0
25551,3,1,89680,89681,89682,1,2,0
25552,5,3,89685,89685,89688,0,3,3
25553,5,2,89690,89690,89692,0,2,2
25554,3,3,89693,89693,89696,0,3,1
25555,4,2,89697,89697,89699,0,2,1
25556,4,3,89701,89701,89704,0,3,2
25557,5,1,89706,89706,89707,0,1,2
25558,1,1,89707,89707,89708,0,1,0
25559,6,3,89713,89713,89716,0,3,5
25560,1,3,89714,89716,89719,2,5,0
25561,6,1,89720,89720,89721,0,1,1
25562,5,3,89725,89725,89728,0,3,4
25563,5,1,89730,89730,89731,0,1,2
25564,5,3,89735,89735,89738,0,3,4
25565,6,3,89741,89741,89744,0,3,3
25566,2,1,89743,89744,89745,1,2,0
25567,2,1,89745,89745,89746,0,1,0
25568,5,1,89750,89750,89751,0,1,4
25569,1,2,89751,89751,89753,0,2,0
25570,4,2,89755,89755,89757,0,2,2
25571,5,2,89760,89760,89762,0,2,3
25572,4,2,89764,89764,89766,0,2,2
25573,5,1,89769,89769,89770,0,1,3
25574,6,1,89775,89775,89776,0,1,5
25575,6,1,89781,89781,89782,0,1,5
25576,6,2,89787,89787,89789,0,2,5
25577,2,2,89789,89789,89791,0,2,0
25578,2,1,89791,89791,89792,0,1,0
25579,4,2,89795,89795,89797,0,2,3
25580,1,2,89796,89797,89799,1,3,0
25581,3,3,89799,89799,89802,0,3,0
25582,6,1,89805,89805,89806,0,1,3
25583,3,2,89808,89808,89810,0,2,2
25584,4,2,89812,89812,89814,0,2,2
25585,2,1,89814,89814,89815,0,1,0
25586,6,3,89820,89820,89823,0,3,5
25587,4,3,89824,89824,89827,0,3,1
25588,6,3,89830,89830,89833,0,3,3
25589,3,3,89833,89833,89836,0,3,0
25590,3,3,89836,89836,89839,0,3,0
25591,3,2,89839,89839,89841,0,2,0
25592,1,3,89840,89841,89844,1,4,0
25593,2,2,89842,89844,89846,2,4,0
25594,3,3,89845,89846,89849,1,4,0
25595,3,2,89848,89849,89851,1,3,0
25596,1,2,89849,89851,89853,2,4,0
25597,6,2,89855,89855,89857,0,2,2
25598,5,3,89860,89860,89863,0,3,3
25599,6,3,89866,89866,89869,0,3,3
25600,6,2,89872,89872,89874,0,2,3
25601,2,1,89874,89874,89875,0,1,0
25602,4,3,89878,89878,89881,0,3,3
25603,6,2,89884,89884,89886,0,2,3
25604,4,3,89888,89888,89891,0,3,2
25605,4,3,89892,89892,89895,0,3,1
25606,2,1,89894,89895,89896,1,2,0
25607,6,1,89900,89900,89901,0,1,4
25608,5,1,89905,89905,89906,0,1,4
25609,3,3,89908,89908,89911,0,3,2
25610,1,3,89909,89911,89914,2,5,0
25611,2,3,89911,89914,89917,3,6,0
25612,6,1,89917,89917,89918,0,1,0
25613,2,3,89919,89919,89922,0,3,1
25614,1,1,89920,89922,89923,2,3,0
25615,5,2,89925,89925,89927,0,2,2
25616,1,3,89926,89927,89930,1,4,0
25617,5,3,89931,89931,89934,0,3,1
25618,5,1,89936,89936,89937,0,1,2
25619,3,1,89939,89939,89940,0,1,2
25620,2,2,89941,89941,89943,0,2,1
25621,6,1,89947,89947,89948,0,1,4
25622,5,2,89952,89952,89954,0,2,4
25623,5,3,89957,89957,89960,0,3,3
25624,1,2,89958,89960,89962,2,4,0
25625,3,2,89961,89962,89964,1,3,0
25626,5,2,89966,89966,89968,0,2,2
25627,5,3,89971,89971,89974,0,3,3
25628,6,1,89977,89977,89978,0,1,3
25629,1,2,89978,89978,89980,0,2,0
25630,6,3,89984,89984,89987,0,3,4
25631,3,1,89987,89987,89988,0,1,0
25632,2,1,89989,89989,89990,0,1,1
25633,2,2,89991,89991,89993,0,2,1
25634,5,3,89996,89996,89999,0,3,3
25635,6,2,90002,90002,90004,0,2,3
25636,1,2,90003,90004,90006,1,3,0
25637,2,1,90005,90006,90007,1,2,0
25638,5,2,90010,90010,90012,0,2,3
25639,2,3,90012,90012,90015,0,3,0
25640,6,3,90018,90018,90021,0,3,3
25641,5,3,90023,90023,90026,0,3,2
25642,1,3,90024,90026,90029,2,5,0
25643,2,2,90026,90029,90031,3,5,0
25644,2,1,90028,90031,90032,3,4,0
25645,4,1,90032,90032,90033,0,1,0
25646,6,3,90038,90038,90041,0,3,5
25647,5,2,90043,90043,90045,0,2,2
25648,1,3,90044,90045,90048,1,4,0
25649,4,2,90048,90048,90050,0,2,0
25650,6,3,90054,90054,90057,0,3,4
25651,4,1,90058,90058,90059,0,1,1
25652,2,1,90060,90060,90061,0,1,1
25653,3,2,90063,90063,90065,0,2,2
25654,4,1,90067,90067,90068,0,1,2
25655,6,2,90073,90073,90075,0,2,5
25656,1,1,90074,90075,90076,1,2,0
25657,6,2,90080,90080,90082,0,2,4
25658,2,3,90082,90082,90085,0,3,0
25659,5,2,90087,90087,90089,0,2,2
25660,1,1,90088,90089,90090,1,2,0
25661,2,3,90090,90090,90093,0,3,0
25662,5,3,90095,90095,90098,0,3,2
25663,6,2,90101,90101,90103,0,2,3
25664,4,3,90105,90105,90108,0,3,2
25665,3,2,90108,90108,90110,0,2,0
25666,2,3,90110,90110,90113,0,3,0
25667,3,1,90113,90113,90114,0,1,0
25668,1,1,90114,90114,90115,0,1,0
25669,5,2,90119,90119,90121,0,2,4
25670,3,2,90122,90122,90124,0,2,1
25671,2,2,90124,90124,90126,0,2,0
25672,4,1,90128,90128,90129,0,1,2
25673,2,2,90130,90130,90132,0,2,1
25674,6,1,90136,90136,90137,0,1,4
25675,1,1,90137,90137,90138,0,1,0
25676,4,2,90141,90141,90143,0,2,3
25677,6,1,90147,90147,90148,0,1,4
25678,5,1,90152,90152,90153,0,1,4
25679,6,2,90158,90158,90160,0,2,5
25680,2,2,90160,90160,90162,0,2,0
25681,2,1,90162,90162,90163,0,1,0
25682,1,1,90163,90163,90164,0,1,0
25683,1,3,90164,90164,90167,0,3,0
25684,2,3,90166,90167,90170,1,4,0
25685,3,1,90169,90170,90171,1,2,0
25686,2,3,90171,90171,90174,0,3,0
25687,4,3,90175,90175,90178,0,3,1
25688,2,3,90177,90178,90181,1,4,0
25689,1,2,90178,90181,90183,3,5,0
25690,6,3,90184,90184,90187,0,3,1
25691,3,3,90187,90187,90190,0,3,0
25692,4,3,90191,90191,90194,0,3,1
25693,4,2,90195,90195,90197,0,2,1
25694,2,2,90197,90197,90199,0,2,0
25695,6,2,90203,90203,90205,0,2,4
25696,6,1,90209,90209,90210,0,1,4
25697,4,3,90213,90213,90216,0,3,3
25698,3,3,90216,90216,90219,0,3,0
25699,3,1,90219,90219,90220,0,1,0
25700,2,1,90221,90221,90222,0,1,1
25701,1,2,90222,90222,90224,0,2,0
25702,3,3,90225,90225,90228,0,3,1
25703,5,3,90230,90230,90233,0,3,2
25704,1,2,90231,90233,90235,2,4,0
25705,3,2,90234,90235,90237,1,3,0
25706,4,3,90238,90238,90241,0,3,1
25707,1,1,90239,90241,90242,2,3,0
25708,4,3,90243,90243,90246,0,3,1
25709,4,2,90247,90247,90249,0,2,1
25710,2,1,90249,90249,90250,0,1,0
25711,2,1,90251,90251,90252,0,1,1
25712,2,3,90253,90253,90256,0,3,1
25713,5,1,90258,90258,90259,0,1,2
25714,1,2,90259,90259,90261,0,2,0
25715,5,2,90264,90264,90266,0,2,3
25716,4,1,90268,90268,90269,0,1,2
25717,6,2,90274,90274,90276,0,2,5
25718,6,1,90280,90280,90281,0,1,4
25719,2,2,90282,90282,90284,0,2,1
25720,6,3,90288,90288,90291,0,3,4
25721,2,3,90290,90291,90294,1,4,0
25722,6,1,90296,90296,90297,0,1,2
25723,1,2,90297,90297,90299,0,2,0
25724,3,3,90300,90300,90303,0,3,1
25725,2,1,90302,90303,90304,1,2,0
25726,4,1,90306,90306,90307,0,1,2
25727,1,3,90307,90307,90310,0,3,0
25728,5,1,90312,90312,90313,0,1,2
25729,3,3,90315,90315,90318,0,3,2
25730,3,3,90318,90318,90321,0,3,0
25731,5,1,90323,90323,90324,0,1,2
25732,1,3,90324,90324,90327,0,3,0
25733,2,1,90326,90327,90328,1,2,0
25734,1,3,90327,90328,90331,1,4,0
25735,3,1,90330,90331,90332,1,2,0
25736,6,1,90336,90336,90337,0,1,4
25737,6,3,90342,90342,90345,0,3,5
25738,4,1,90346,90346,90347,0,1,1
25739,1,1,90347,90347,90348,0,1,0
25740,4,1,90351,90351,90352,0,1,3
25741,4,3,90355,90355,90358,0,3,3
25742,4,3,90359,90359,90362,0,3,1
25743,3,1,90362,90362,90363,0,1,0
25744,5,3,90367,90367,90370,0,3,4
25745,5,3,90372,90372,90375,0,3,2
25746,1,3,90373,90375,90378,2,5,0
25747,1,2,90374,90378,90380,4,6,0
25748,4,3,90378,90380,90383,2,5,0
25749,6,2,90384,90384,90386,0,2,1
25750,6,2,90390,90390,90392,0,2,4
25751,3,3,90393,90393,90396,0,3,1
25752,6,3,90399,90399,90402,0,3,3
25753,4,3,90403,90403,90406,0,3,1
25754,2,1,90405,90406,90407,1,2,0
25755,4,3,90409,90409,90412,0,3,2
25756,2,1,90411,90412,90413,1,2,0
25757,4,1,90415,90415,90416,0,1,2
25758,6,3,90421,90421,90424,0,3,5
25759,2,3,90423,90424,90427,1,4,0
25760,1,1,90424,90427,90428,3,4,0
25761,5,2,90429,90429,90431,0,2,1
25762,5,3,90434,90434,90437,0,3,3
25763,3,2,90437,90437,90439,0,2,0
25764,6,2,90443,90443,90445,0,2,4
25765,4,2,90447,90447,90449,0,2,2
25766,6,1,90453,90453,90454,0,1,4
25767,3,2,90456,90456,90458,0,2,2
25768,3,1,90459,90459,90460,0,1,1
25769,3,2,90462,90462,90464,0,2,2
25770,2,2,90464,90464,90466,0,2,0
25771,5,1,90469,90469,90470,0,1,3
25772,6,1,90475,90475,90476,0,1,5
25773,3,2,90478,90478,90480,0,2,2
25774,2,3,90480,90480,90483,0,3,0
25775,6,3,90486,90486,90489,0,3,3
25776,5,3,90491,90491,90494,0,3,2
25777,5,3,90496,90496,90499,0,3,2
25778,5,3,90501,90501,90504,0,3,2
25779,5,1,90506,90506,90507,0,1,2
25780,5,2,90511,90511,90513,0,2,4
25781,3,1,90514,90514,90515,0,1,1
25782,6,2,90520,90520,90522,0,2,5
25783,5,2,90525,90525,90527,0,2,3
25784,6,3,90531,90531,90534,0,3,4
25785,2,3,90533,90534,90537,1,4,0
25786,6,2,90539,90539,90541,0,2,2
25787,1,3,90540,90541,90544,1,4,0
25788,6,2,90546,90546,90548,0,2,2
25789,6,3,90552,90552,90555,0,3,4
25790,6,3,90558,90558,90561,0,3,3
25791,5,1,90563,90563,90564,0,1,2
25792,4,3,90567,90567,90570,0,3,3
25793,6,1,90573,90573,90574,0,1,3
25794,4,2,90577,90577,90579,0,2,3
25795,2,1,90579,90579,90580,0,1,0
25796,3,1,90582,90582,90583,0,1,2
25797,3,3,90585,90585,90588,0,3,2
25798,2,3,90587,90588,90591,1,4,0
25799,5,2,90592,90592,90594,0,2,1
25800,6,1,90598,90598,90599,0,1,4
25801,4,3,90602,90602,90605,0,3,3
25802,1,2,90603,90605,90607,2,4,0
25803,6,2,90609,90609,90611,0,2,2
25804,2,2,90611,90611,90613,0,2,0
25805,2,2,90613,90613,90615,0,2,0
25806,2,3,90615,90615,90618,0,3,0
25807,1,1,90616,90618,90619,2,3,0
25808,1,2,90617,90619,90621,2,4,0
25809,3,2,90620,90621,90623,1,3,0
25810,4,1,90624,90624,90625,0,1,1
25811,6,2,90630,90630,90632,0,2,5
25812,1,3,90631,90632,90635,1,4,0
25813,4,2,90635,90635,90637,0,2,0
25814,6,1,90641,90641,90642,0,1,4
25815,2,2,90643,90643,90645,0,2,1
25816,3,2,90646,90646,90648,0,2,1
25817,1,1,90647,90648,90649,1,2,0
25818,1,1,90648,90649,90650,1,2,0
25819,3,2,90651,90651,90653,0,2,1
25820,1,1,90652,90653,90654,1,2,0
25821,6,2,90658,90658,90660,0,2,4
25822,1,1,90659,90660,90661,1,2,0
25823,2,2,90661,90661,90663,0,2,0
25824,5,1,90666,90666,90667,0,1,3
25825,6,2,90672,90672,90674,0,2,5
25826,1,2,90673,90674,90676,1,3,0
25827,1,2,90674,90676,90678,2,4,0
25828,4,3,90678,90678,90681,0,3,0
25829,2,3,90680,90681,90684,1,4,0
25830,4,2,90684,90684,90686,0,2,0
25831,5,3,90689,90689,90692,0,3,3
25832,5,1,90694,90694,90695,0,1,2
25833,3,2,90697,90697,90699,0,2,2
25834,4,1,90701,90701,90702,0,1,2
25835,2,2,90703,90703,90705,0,2,1
25836,6,3,90709,90709,90712,0,3,4
25837,2,1,90711,90712,90713,1,2,0
25838,1,2,90712,90713,90715,1,3,0
25839,3,3,90715,90715,90718,0,3,0
25840,1,2,90716,90718,90720,2,4,0
25841,4,2,90720,90720,90722,0,2,0
25842,5,1,90725,90725,90726,0,1,3
25843,3,2,90728,90728,90730,0,2,2
25844,5,2,90733,90733,90735,0,2,3
25845,6,2,90739,90739,90741,0,2,4
25846,2,1,90741,90741,90742,0,1,0
25847,4,3,90745,90745,90748,0,3,3
25848,1,1,90746,90748,90749,2,3,0
25849,4,1,90750,90750,90751,0,1,1
25850,2,1,90752,90752,90753,0,1,1
25851,4,3,90756,90756,90759,0,3,3
25852,5,3,90761,90761,90764,0,3,2
25853,5,2,90766,90766,90768,0,2,2
25854,6,3,90772,90772,90775,0,3,4
25855,4,1,90776,90776,90777,0,1,1
25856,2,2,90778,90778,90780,0,2,1
25857,6,3,90784,90784,90787,0,3,4
25858,6,2,90790,90790,90792,0,2,3
25859,3,1,90793,90793,90794,0,1,1
25860,6,3,90799,90799,90802,0,3,5
25861,6,2,90805,90805,90807,0,2,3
25862,6,3,90811,90811,90814,0,3,4
25863,3,3,90814,90814,90817,0,3,0
25864,6,2,90820,90820,90822,0,2,3
25865,5,2,90825,90825,90827,0,2,3
25866,6,1,90831,90831,90832,0,1,4
25867,3,1,90834,90834,90835,0,1,2
25868,1,3,90835,90835,90838,0,3,0
25869,6,2,90841,90841,90843,0,2,3
25870,4,2,90845,90845,90847,0,2,2
25871,2,2,90847,90847,90849,0,2,0
25872,2,3,90849,90849,90852,0,3,0
25873,5,3,90854,90854,90857,0,3,2
25874,1,3,90855,90857,90860,2,5,0
25875,6,3,90861,90861,90864,0,3,1
25876,2,1,90863,90864,90865,1,2,0
25877,4,2,90867,90867,90869,0,2,2
25878,1,1,90868,90869,90870,1,2,0
25879,5,3,90873,90873,90876,0,3,3
25880,6,1,90879,90879,90880,0,1,3
25881,6,2,90885,90885,90887,0,2,5
25882,1,2,90886,90887,90889,1,3,0
25883,4,2,90890,90890,90892,0,2,1
25884,6,1,90896,90896,90897,0,1,4
25885,2,3,90898,90898,90901,0,3,1
25886,5,3,90903,90903,90906,0,3,2
25887,2,2,90905,90906,90908,1,3,0
25888,3,1,90908,90908,90909,0,1,0
25889,3,3,90911,90911,90914,0,3,2
25890,6,3,90917,90917,90920,0,3,3
25891,6,1,90923,90923,90924,0,1,3
25892,5,1,90928,90928,90929,0,1,4
25893,1,2,90929,90929,90931,0,2,0
25894,1,2,90930,90931,90933,1,3,0
25895,2,2,90932,90933,90935,1,3,0
25896,4,1,90936,90936,90937,0,1,1
25897,3,1,90939,90939,90940,0,1,2
25898,5,3,90944,90944,90947,0,3,4
25899,4,2,90948,90948,90950,0,2,1
25900,4,2,90952,90952,90954,0,2,2
25901,5,1,90957,90957,90958,0,1,3
25902,5,1,90962,90962,90963,0,1,4
25903,5,2,90967,90967,90969,0,2,4
25904,1,2,90968,90969,90971,1,3,0
25905,6,1,90974,90974,90975,0,1,3
25906,2,2,90976,90976,90978,0,2,1
25907,6,3,90982,90982,90985,0,3,4
25908,2,2,90984,90985,90987,1,3,0
25909,5,3,90989,90989,90992,0,3,2
25910,6,1,90995,90995,90996,0,1,3
25911,4,2,90999,90999,91001,0,2,3
25912,5,3,91004,91004,91007,0,3,3
25913,3,3,91007,91007,91010,0,3,0
25914,6,3,91013,91013,91016,0,3,3
25915,4,3,91017,91017,91020,0,3,1
25916,3,2,91020,91020,91022,0,2,0
25917,3,3,91023,91023,91026,0,3,1
25918,4,1,91027,91027,91028,0,1,1
25919,6,3,91033,91033,91036,0,3,5
25920,4,3,91037,91037,91040,0,3,1
25921,1,3,91038,91040,91043,2,5,0
25922,1,3,91039,91043,91046,4,7,0
25923,3,3,91042,91046,91049,4,7,0
25924,5,3,91047,91049,91052,2,5,0
25925,1,1,91048,91052,91053,4,5,0
25926,6,2,91054,91054,91056,0,2,1
25927,6,3,91060,91060,91063,0,3,4
25928,1,3,91061,91063,91066,2,5,0
25929,3,1,91064,91066,91067,2,3,0
25930,3,2,91067,91067,91069,0,2,0
25931,5,3,91072,91072,91075,0,3,3
25932,5,3,91077,91077,91080,0,3,2
25933,2,2,91079,91080,91082,1,3,0
25934,4,3,91083,91083,91086,0,3,1
25935,5,3,91088,91088,91091,0,3,2
25936,1,2,91089,91091,91093,2,4,0
25937,2,2,91091,91093,91095,2,4,0
25938,2,2,91093,91095,91097,2,4,0
25939,2,2,91095,91097,91099,2,4,0
25940,4,1,91099,91099,91100,0,1,0
25941,6,2,91105,91105,91107,0,2,5
25942,5,2,91110,91110,91112,0,2,3
25943,2,1,91112,91112,91113,0,1,0
25944,3,2,91115,91115,91117,0,2,2
25945,3,3,91118,91118,91121,0,3,1
25946,4,1,91122,91122,91123,0,1,1
25947,6,3,91128,91128,91131,0,3,5
25948,1,1,91129,91131,91132,2,3,0
25949,4,1,91133,91133,91134,0,1,1
25950,6,1,91139,91139,91140,0,1,5
25951,3,3,91142,91142,91145,0,3,2
25952,4,1,91146,91146,91147,0,1,1
25953,1,1,91147,91147,91148,0,1,0
25954,5,3,91152,91152,91155,0,3,4
25955,3,1,91155,91155,91156,0,1,0
25956,5,1,91160,91160,91161,0,1,4
25957,2,2,91162,91162,91164,0,2,1
25958,2,2,91164,91164,91166,0,2,0
25959,4,3,91168,91168,91171,0,3,2
25960,4,3,91172,91172,91175,0,3,1
25961,2,2,91174,91175,91177,1,3,0
25962,2,3,91176,91177,91180,1,4,0
25963,4,1,91180,91180,91181,0,1,0
25964,1,2,91181,91181,91183,0,2,0
25965,1,2,91182,91183,91185,1,3,0
25966,2,1,91184,91185,91186,1,2,0
25967,1,1,91185,91186,91187,1,2,0
25968,4,1,91189,91189,91190,0,1,2
25969,4,1,91193,91193,91194,0,1,3
25970,2,1,91195,91195,91196,0,1,1
25971,2,1,91197,91197,91198,0,1,1
25972,3,2,91200,91200,91202,0,2,2
25973,1,1,91201,91202,91203,1,2,0
25974,2,1,91203,91203,91204,0,1,0
25975,1,1,91204,91204,91205,0,1,0
25976,5,1,91209,91209,91210,0,1,4
25977,5,1,91214,91214,91215,0,1,4
25978,3,3,91217,91217,91220,0,3,2
25979,3,3,91220,91220,91223,0,3,0
25980,4,3,91224,91224,91227,0,3,1
25981,4,2,91228,91228,91230,0,2,1
25982,2,1,91230,91230,91231,0,1,0
25983,3,2,91233,91233,91235,0,2,2
25984,5,1,91238,91238,91239,0,1,3
25985,2,3,91240,91240,91243,0,3,1
25986,2,2,91242,91243,91245,1,3,0
25987,1,2,91243,91245,91247,2,4,0
25988,4,2,91247,91247,91249,0,2,0
25989,4,3,91251,91251,91254,0,3,2
25990,5,1,91256,91256,91257,0,1,2
25991,5,2,91261,91261,91263,0,2,4
25992,6,3,91267,91267,91270,0,3,4
25993,3,3,91270,91270,91273,0,3,0
25994,1,1,91271,91273,91274,2,3,0
25995,5,3,91276,91276,91279,0,3,2
25996,3,2,91279,91279,91281,0,2,0
25997,6,2,91285,91285,91287,0,2,4
25998,4,2,91289,91289,91291,0,2,2
25999,6,3,91295,91295,91298,0,3,4
26000,3,3,91298,91298,91301,0,3,0
26001,6,2,91304,91304,91306,0,2,3
26002,3,3,91307,91307,91310,0,3,1
26003,5,2,91312,91312,91314,0,2,2
26004,5,1,91317,91317,91318,0,1,3
26005,1,1,91318,91318,91319,0,1,0
26006,2,2,91320,91320,91322,0,2,1
26007,1,1,91321,91322,91323,1,2,0
26008,5,1,91326,91326,91327,0,1,3
26009,3,3,91329,91329,91332,0,3,2
26010,1,2,91330,91332,91334,2,4,0
26011,1,3,91331,91334,91337,3,6,0
26012,4,1,91335,91337,91338,2,3,0
26013,3,3,91338,91338,91341,0,3,0
26014,6,1,91344,91344,91345,0,1,3
26015,2,2,91346,91346,91348,0,2,1
26016,5,2,91351,91351,91353,0,2,3
26017,2,2,91353,91353,91355,0,2,0
26018,1,1,91354,91355,91356,1,2,0
26019,1,2,91355,91356,91358,1,3,0
26020,3,1,91358,91358,91359,0,1,0
26021,1,3,91359,91359,91362,0,3,0
26022,1,2,91360,91362,91364,2,4,0
26023,1,3,91361,91364,91367,3,6,0
26024,2,3,91363,91367,91370,4,7,0
26025,6,1,91369,91370,91371,1,2,0
26026,4,1,91373,91373,91374,0,1,2
26027,1,2,91374,91374,91376,0,2,0
26028,5,3,91379,91379,91382,0,3,3
26029,2,3,91381,91382,91385,1,4,0
26030,1,2,91382,91385,91387,3,5,0
26031,6,2,91388,91388,91390,0,2,1
26032,4,2,91392,91392,91394,0,2,2
26033,6,2,91398,91398,91400,0,2,4
26034,4,3,91402,91402,91405,0,3,2
26035,2,1,91404,91405,91406,1,2,0
26036,4,3,91408,91408,91411,0,3,2
26037,4,3,91412,91412,91415,0,3,1
26038,5,1,91417,91417,91418,0,1,2
26039,3,3,91420,91420,91423,0,3,2
26040,1,1,91421,91423,91424,2,3,0
26041,6,3,91427,91427,91430,0,3,3
26042,2,1,91429,91430,91431,1,2,0
26043,1,3,91430,91431,91434,1,4,0
26044,1,1,91431,91434,91435,3,4,0
26045,6,2,91437,91437,91439,0,2,2
26046,1,1,91438,91439,91440,1,2,0
26047,4,2,91442,91442,91444,0,2,2
26048,1,3,91443,91444,91447,1,4,0
26049,6,3,91449,91449,91452,0,3,2
26050,3,2,91452,91452,91454,0,2,0
26051,2,2,91454,91454,91456,0,2,0
26052,1,3,91455,91456,91459,1,4,0
26053,5,2,91460,91460,91462,0,2,1
26054,4,3,91464,91464,91467,0,3,2
26055,5,3,91469,91469,91472,0,3,2
26056,5,2,91474,91474,91476,0,2,2
26057,2,1,91476,91476,91477,0,1,0
26058,2,1,91478,91478,91479,0,1,1
26059,2,2,91480,91480,91482,0,2,1
26060,2,2,91482,91482,91484,0,2,0
26061,6,1,91488,91488,91489,0,1,4
26062,3,2,91491,91491,91493,0,2,2
26063,5,2,91496,91496,91498,0,2,3
26064,6,3,91502,91502,91505,0,3,4
26065,3,3,91505,91505,91508,0,3,0
26066,6,1,91511,91511,91512,0,1,3
26067,3,1,91514,91514,91515,0,1,2
26068,2,1,91516,91516,91517,0,1,1
26069,6,2,91522,91522,91524,0,2,5
26070,4,3,91526,91526,91529,0,3,2
26071,6,1,91532,91532,91533,0,1,3
26072,6,3,91538,91538,91541,0,3,5
26073,3,1,91541,91541,91542,0,1,0
26074,6,2,91547,91547,91549,0,2,5
26075,4,3,91551,91551,91554,0,3,2
26076,1,1,91552,91554,91555,2,3,0
26077,3,2,91555,91555,91557,0,2,0
26078,2,2,91557,91557,91559,0,2,0
26079,6,3,91563,91563,91566,0,3,4
26080,6,2,91569,91569,91571,0,2,3
26081,1,3,91570,91571,91574,1,4,0
26082,4,1,91574,91574,91575,0,1,0
26083,5,1,91579,91579,91580,0,1,4
26084,6,1,91585,91585,91586,0,1,5
26085,2,2,91587,91587,91589,0,2,1
26086,4,3,91591,91591,91594,0,3,2
26087,3,2,91594,91594,91596,0,2,0
26088,1,3,91595,91596,91599,1,4,0
26089,4,2,91599,91599,91601,0,2,0
26090,3,3,91602,91602,91605,0,3,1
26091,4,3,91606,91606,91609,0,3,1
26092,1,3,91607,91609,91612,2,5,0
26093,1,1,91608,91612,91613,4,5,0
26094,2,1,91610,91613,91614,3,4,0
26095,6,2,91616,91616,91618,0,2,2
26096,4,2,91620,91620,91622,0,2,2
26097,1,3,91621,91622,91625,1,4,0
26098,1,1,91622,91625,91626,3,4,0
26099,3,1,91625,91626,91627,1,2,0
26100,6,3,91631,91631,91634,0,3,4
26101,5,3,91636,91636,91639,0,3,2
26102,5,3,91641,91641,91644,0,3,2
26103,1,2,91642,91644,91646,2,4,0
26104,5,3,91647,91647,91650,0,3,1
26105,3,3,91650,91650,91653,0,3,0
26106,6,2,91656,91656,91658,0,2,3
26107,3,2,91659,91659,91661,0,2,1
26108,5,1,91664,91664,91665,0,1,3
26109,3,2,91667,91667,91669,0,2,2
26110,5,1,91672,91672,91673,0,1,3
26111,6,1,91678,91678,91679,0,1,5
26112,5,3,91683,91683,91686,0,3,4
26113,6,2,91689,91689,91691,0,2,3
26114,6,2,91695,91695,91697,0,2,4
26115,6,3,91701,91701,91704,0,3,4
26116,4,3,91705,91705,91708,0,3,1
26117,3,2,91708,91708,91710,0,2,0
26118,1,2,91709,91710,91712,1,3,0
26119,1,2,91710,91712,91714,2,4,0
26120,5,1,91715,91715,91716,0,1,1
26121,1,3,91716,91716,91719,0,3,0
26122,3,3,91719,91719,91722,0,3,0
26123,2,3,91721,91722,91725,1,4,0
26124,3,1,91724,91725,91726,1,2,0
26125,2,3,91726,91726,91729,0,3,0
26126,5,1,91731,91731,91732,0,1,2
26127,3,3,91734,91734,91737,0,3,2
26128,5,1,91739,91739,91740,0,1,2
26129,4,1,91743,91743,91744,0,1,3
26130,1,2,91744,91744,91746,0,2,0
26131,5,2,91749,91749,91751,0,2,3
26132,5,2,91754,91754,91756,0,2,3
26133,6,3,91760,91760,91763,0,3,4
26134,2,3,91762,91763,91766,1,4,0
26135,6,2,91768,91768,91770,0,2,2
26136,6,1,91774,91774,91775,0,1,4
26137,2,3,91776,91776,91779,0,3,1
26138,4,1,91780,91780,91781,0,1,1
26139,4,1,91784,91784,91785,0,1,3
26140,6,3,91790,91790,91793,0,3,5
26141,5,2,91795,91795,91797,0,2,2
26142,3,2,91798,91798,91800,0,2,1
26143,2,1,91800,91800,91801,0,1,0
26144,1,1,91801,91801,91802,0,1,0
26145,5,3,91806,91806,91809,0,3,4
26146,5,3,91811,91811,91814,0,3,2
26147,6,2,91817,91817,91819,0,2,3
26148,6,3,91823,91823,91826,0,3,4
26149,3,3,91826,91826,91829,0,3,0
26150,1,2,91827,91829,91831,2,4,0
26151,1,3,91828,91831,91834,3,6,0
26152,6,3,91834,91834,91837,0,3,0
26153,2,1,91836,91837,91838,1,2,0
26154,6,3,91842,91842,91845,0,3,4
26155,1,2,91843,91845,91847,2,4,0
26156,5,1,91848,91848,91849,0,1,1
26157,5,1,91853,91853,91854,0,1,4
26158,2,1,91855,91855,91856,0,1,1
26159,2,3,91857,91857,91860,0,3,1
26160,5,2,91862,91862,91864,0,2,2
26161,2,2,91864,91864,91866,0,2,0
26162,4,3,91868,91868,91871,0,3,2
26163,3,3,91871,91871,91874,0,3,0
26164,2,3,91873,91874,91877,1,4,0
26165,5,2,91878,91878,91880,0,2,1
26166,2,3,91880,91880,91883,0,3,0
26167,2,3,91882,91883,91886,1,4,0
26168,6,3,91888,91888,91891,0,3,2
26169,2,3,91890,91891,91894,1,4,0
26170,1,1,91891,91894,91895,3,4,0
26171,4,3,91895,91895,91898,0,3,0
26172,4,1,91899,91899,91900,0,1,1
26173,6,3,91905,91905,91908,0,3,5
26174,4,3,91909,91909,91912,0,3,1
26175,4,1,91913,91913,91914,0,1,1
26176,4,1,91917,91917,91918,0,1,3
26177,3,2,91920,91920,91922,0,2,2
26178,2,2,91922,91922,91924,0,2,0
26179,5,3,91927,91927,91930,0,3,3
26180,4,3,91931,91931,91934,0,3,1
26181,3,3,91934,91934,91937,0,3,0
26182,5,1,91939,91939,91940,0,1,2
26183,4,1,91943,91943,91944,0,1,3
26184,1,1,91944,91944,91945,0,1,0
26185,3,2,91947,91947,91949,0,2,2
26186,1,2,91948,91949,91951,1,3,0
26187,4,2,91952,91952,91954,0,2,1
26188,6,1,91958,91958,91959,0,1,4
26189,1,2,91959,91959,91961,0,2,0
26190,3,1,91962,91962,91963,0,1,1
26191,1,1,91963,91963,91964,0,1,0
26192,2,1,91965,91965,91966,0,1,1
26193,6,3,91971,91971,91974,0,3,5
26194,2,2,91973,91974,91976,1,3,0
26195,3,1,91976,91976,91977,0,1,0
26196,2,2,91978,91978,91980,0,2,1
26197,3,2,91981,91981,91983,0,2,1
26198,5,1,91986,91986,91987,0,1,3
26199,6,3,91992,91992,91995,0,3,5
26200,3,1,91995,91995,91996,0,1,0
26201,6,1,92001,92001,92002,0,1,5
26202,4,2,92005,92005,92007,0,2,3
26203,1,1,92006,92007,92008,1,2,0
26204,2,2,92008,92008,92010,0,2,0
26205,1,1,92009,92010,92011,1,2,0
26206,3,3,92012,92012,92015,0,3,1
26207,5,2,92017,92017,92019,0,2,2
26208,6,3,92023,92023,92026,0,3,4
26209,6,1,92029,92029,92030,0,1,3
26210,6,2,92035,92035,92037,0,2,5
26211,4,2,92039,92039,92041,0,2,2
26212,4,2,92043,92043,92045,0,2,2
26213,4,2,92047,92047,92049,0,2,2
26214,1,3,92048,92049,92052,1,4,0
26215,4,1,92052,92052,92053,0,1,0
26216,1,1,92053,92053,92054,0,1,0
26217,3,3,92056,92056,92059,0,3,2
26218,1,3,92057,92059,92062,2,5,0
26219,2,1,92059,92062,92063,3,4,0
26220,4,3,92063,92063,92066,0,3,0
26221,4,1,92067,92067,92068,0,1,1
26222,2,2,92069,92069,92071,0,2,1
26223,3,1,92072,92072,92073,0,1,1
26224,5,3,92077,92077,92080,0,3,4
26225,5,2,92082,92082,92084,0,2,2
26226,3,3,92085,92085,92088,0,3,1
26227,5,2,92090,92090,92092,0,2,2
26228,4,2,92094,92094,92096,0,2,2
26229,1,3,92095,92096,92099,1,4,0
26230,3,2,92098,92099,92101,1,3,0
26231,1,2,92099,92101,92103,2,4,0
26232,3,1,92102,92103,92104,1,2,0
26233,4,2,92106,92106,92108,0,2,2
26234,2,2,92108,92108,92110,0,2,0
26235,1,3,92109,92110,92113,1,4,0
26236,2,2,92111,92113,92115,2,4,0
26237,5,1,92116,92116,92117,0,1,1
26238,3,3,92119,92119,92122,0,3,2
26239,2,1,92121,92122,92123,1,2,0
26240,4,1,92125,92125,92126,0,1,2
26241,6,1,92131,92131,92132,0,1,5
26242,6,2,92137,92137,92139,0,2,5
26243,4,2,92141,92141,92143,0,2,2
26244,2,3,92143,92143,92146,0,3,0
26245,5,3,92148,92148,92151,0,3,2
26246,1,3,92149,92151,92154,2,5,0
26247,1,3,92150,92154,92157,4,7,0
26248,6,2,92156,92157,92159,1,3,0
26249,6,1,92162,92162,92163,0,1,3
26250,3,1,92165,92165,92166,0,1,2
26251,3,2,92168,92168,92170,0,2,2
26252,6,2,92174,92174,92176,0,2,4
26253,2,1,92176,92176,92177,0,1,0
26254,6,1,92182,92182,92183,0,1,5
26255,5,2,92187,92187,92189,0,2,4
26256,4,3,92191,92191,92194,0,3,2
26257,3,3,92194,92194,92197,0,3,0
26258,2,2,92196,92197,92199,1,3,0
26259,4,3,92200,92200,92203,0,3,1
26260,3,3,92203,92203,92206,0,3,0
26261,6,1,92209,92209,92210,0,1,3
26262,4,2,92213,92213,92215,0,2,3
26263,5,1,92218,92218,92219,0,1,3
26264,4,3,92222,92222,92225,0,3,3
26265,4,1,92226,92226,92227,0,1,1
26266,5,1,92231,92231,92232,0,1,4
26267,3,1,92234,92234,92235,0,1,2
26268,3,3,92237,92237,92240,0,3,2
26269,3,2,92240,92240,92242,0,2,0
26270,4,1,92244,92244,92245,0,1,2
26271,6,2,92250,92250,92252,0,2,5
26272,5,2,92255,92255,92257,0,2,3
26273,5,2,92260,92260,92262,0,2,3
26274,6,2,92266,92266,92268,0,2,4
26275,3,3,92269,92269,92272,0,3,1
26276,4,2,92273,92273,92275,0,2,1
26277,2,2,92275,92275,92277,0,2,0
26278,6,1,92281,92281,92282,0,1,4
26279,2,3,92283,92283,92286,0,3,1
26280,1,1,92284,92286,92287,2,3,0
26281,6,2,92290,92290,92292,0,2,3
26282,4,1,92294,92294,92295,0,1,2
26283,3,3,92297,92297,92300,0,3,2
26284,2,1,92299,92300,92301,1,2,0
26285,6,2,92305,92305,92307,0,2,4
26286,3,3,92308,92308,92311,0,3,1
26287,2,1,92310,92311,92312,1,2,0
26288,1,2,92311,92312,92314,1,3,0
26289,1,2,92312,92314,92316,2,4,0
26290,3,2,92315,92316,92318,1,3,0
26291,3,2,92318,92318,92320,0,2,0
26292,3,2,92321,92321,92323,0,2,1
26293,6,1,92327,92327,92328,0,1,4
26294,4,3,92331,92331,92334,0,3,3
26295,4,2,92335,92335,92337,0,2,1
26296,2,3,92337,92337,92340,0,3,0
26297,3,2,92340,92340,92342,0,2,0
26298,5,1,92345,92345,92346,0,1,3
26299,4,2,92349,92349,92351,0,2,3
26300,5,3,92354,92354,92357,0,3,3
26301,2,1,92356,92357,92358,1,2,0
26302,4,2,92360,92360,92362,0,2,2
26303,4,3,92364,92364,92367,0,3,2
26304,5,1,92369,92369,92370,0,1,2
26305,3,2,92372,92372,92374,0,2,2
26306,2,3,92374,92374,92377,0,3,0
26307,2,2,92376,92377,92379,1,3,0
26308,5,3,92381,92381,92384,0,3,2
26309,5,1,92386,92386,92387,0,1,2
26310,3,1,92389,92389,92390,0,1,2
26311,6,1,92395,92395,92396,0,1,5
26312,4,2,92399,92399,92401,0,2,3
26313,2,1,92401,92401,92402,0,1,0
26314,4,2,92405,92405,92407,0,2,3
26315,4,1,92409,92409,92410,0,1,2
26316,6,2,92415,92415,92417,0,2,5
26317,5,2,92420,92420,92422,0,2,3
26318,2,3,92422,92422,92425,0,3,0
26319,4,3,92426,92426,92429,0,3,1
26320,6,1,92432,92432,92433,0,1,3
26321,4,3,92436,92436,92439,0,3,3
26322,3,2,92439,92439,92441,0,2,0
26323,5,1,92444,92444,92445,0,1,3
26324,3,2,92447,92447,92449,0,2,2
26325,2,1,92449,92449,92450,0,1,0
26326,5,1,92454,92454,92455,0,1,4
26327,2,2,92456,92456,92458,0,2,1
26328,3,2,92459,92459,92461,0,2,1
26329,4,3,92463,92463,92466,0,3,2
26330,4,3,92467,92467,92470,0,3,1
26331,1,2,92468,92470,92472,2,4,0
26332,1,2,92469,92472,92474,3,5,0
26333,6,3,92475,92475,92478,0,3,1
26334,5,2,92480,92480,92482,0,2,2
26335,3,2,92483,92483,92485,0,2,1
26336,5,2,92488,92488,92490,0,2,3
26337,3,2,92491,92491,92493,0,2,1
26338,5,2,92496,92496,92498,0,2,3
26339,3,1,92499,92499,92500,0,1,1
26340,2,1,92501,92501,92502,0,1,1
26341,5,3,92506,92506,92509,0,3,4
26342,3,2,92509,92509,92511,0,2,0
26343,6,2,92515,92515,92517,0,2,4
26344,6,2,92521,92521,92523,0,2,4
26345,6,3,92527,92527,92530,0,3,4
26346,4,1,92531,92531,92532,0,1,1
26347,3,3,92534,92534,92537,0,3,2
26348,2,3,92536,92537,92540,1,4,0
26349,6,1,92542,92542,92543,0,1,2
26350,2,2,92544,92544,92546,0,2,1
26351,3,2,92547,92547,92549,0,2,1
26352,5,3,92552,92552,92555,0,3,3
26353,1,3,92553,92555,92558,2,5,0
26354,2,3,92555,92558,92561,3,6,0
26355,5,1,92560,92561,92562,1,2,0
26356,2,1,92562,92562,92563,0,1,0
26357,2,2,92564,92564,92566,0,2,1
26358,1,1,92565,92566,92567,1,2,0
26359,3,2,92568,92568,92570,0,2,1
26360,6,2,92574,92574,92576,0,2,4
26361,5,3,92579,92579,92582,0,3,3
26362,5,1,92584,92584,92585,0,1,2
26363,5,3,92589,92589,92592,0,3,4
26364,1,2,92590,92592,92594,2,4,0
26365,5,1,92595,92595,92596,0,1,1
26366,1,3,92596,92596,92599,0,3,0
26367,6,2,92602,92602,92604,0,2,3
26368,3,2,92605,92605,92607,0,2,1
26369,3,3,92608,92608,92611,0,3,1
26370,6,3,92614,92614,92617,0,3,3
26371,1,2,92615,92617,92619,2,4,0
26372,6,3,92621,92621,92624,0,3,2
26373,4,3,92625,92625,92628,0,3,1
26374,6,3,92631,92631,92634,0,3,3
26375,2,1,92633,92634,92635,1,2,0
26376,5,1,92638,92638,92639,0,1,3
26377,6,1,92644,92644,92645,0,1,5
26378,2,1,92646,92646,92647,0,1,1
26379,4,1,92650,92650,92651,0,1,3
26380,5,1,92655,92655,92656,0,1,4
26381,6,1,92661,92661,92662,0,1,5
26382,1,2,92662,92662,92664,0,2,0
26383,4,3,92666,92666,92669,0,3,2
26384,3,2,92669,92669,92671,0,2,0
26385,1,3,92670,92671,92674,1,4,0
26386,2,3,92672,92674,92677,2,5,0
26387,3,1,92675,92677,92678,2,3,0
26388,6,2,92681,92681,92683,0,2,3
26389,1,2,92682,92683,92685,1,3,0
26390,4,1,92686,92686,92687,0,1,1
26391,6,3,92692,92692,92695,0,3,5
26392,5,1,92697,92697,92698,0,1,2
26393,1,2,92698,92698,92700,0,2,0
26394,2,3,92700,92700,92703,0,3,0
26395,2,1,92702,92703,92704,1,2,0
26396,3,2,92705,92705,92707,0,2,1
26397,1,1,92706,92707,92708,1,2,0
26398,3,2,92709,92709,92711,0,2,1
26399,6,3,92715,92715,92718,0,3,4
26400,6,2,92721,92721,92723,0,2,3
26401,5,1,92726,92726,92727,0,1,3
26402,4,1,92730,92730,92731,0,1,3
26403,6,1,92736,92736,92737,0,1,5
26404,4,3,92740,92740,92743,0,3,3
26405,3,1,92743,92743,92744,0,1,0
26406,2,2,92745,92745,92747,0,2,1
26407,6,1,92751,92751,92752,0,1,4
26408,3,1,92754,92754,92755,0,1,2
26409,1,2,92755,92755,92757,0,2,0
26410,3,2,92758,92758,92760,0,2,1
26411,4,3,92762,92762,92765,0,3,2
26412,2,2,92764,92765,92767,1,3,0
26413,5,1,92769,92769,92770,0,1,2
26414,5,2,92774,92774,92776,0,2,4
26415,6,1,92780,92780,92781,0,1,4
26416,4,1,92784,92784,92785,0,1,3
26417,3,3,92787,92787,92790,0,3,2
26418,5,3,92792,92792,92795,0,3,2
26419,1,3,92793,92795,92798,2,5,0
26420,5,2,92798,92798,92800,0,2,0
26421,6,1,92804,92804,92805,0,1,4
26422,5,1,92809,92809,92810,0,1,4
26423,1,1,92810,92810,92811,0,1,0
26424,1,2,92811,92811,92813,0,2,0
26425,4,2,92815,92815,92817,0,2,2
26426,1,2,92816,92817,92819,1,3,0
26427,5,1,92821,92821,92822,0,1,2
26428,4,1,92825,92825,92826,0,1,3
26429,6,2,92831,92831,92833,0,2,5
26430,1,1,92832,92833,92834,1,2,0
26431,6,3,92838,92838,92841,0,3,4
26432,2,2,92840,92841,92843,1,3,0
26433,5,2,92845,92845,92847,0,2,2
26434,2,2,92847,92847,92849,0,2,0
26435,3,2,92850,92850,92852,0,2,1
26436,2,3,92852,92852,92855,0,3,0
26437,4,2,92856,92856,92858,0,2,1
26438,1,3,92857,92858,92861,1,4,0
26439,2,2,92859,92861,92863,2,4,0
26440,5,1,92864,92864,92865,0,1,1
26441,4,3,92868,92868,92871,0,3,3
26442,3,2,92871,92871,92873,0,2,0
26443,6,1,92877,92877,92878,0,1,4
26444,4,3,92881,92881,92884,0,3,3
26445,2,2,92883,92884,92886,1,3,0
26446,3,1,92886,92886,92887,0,1,0
26447,2,1,92888,92888,92889,0,1,1
26448,6,3,92894,92894,92897,0,3,5
26449,1,3,92895,92897,92900,2,5,0
26450,6,2,92901,92901,92903,0,2,1
26451,4,2,92905,92905,92907,0,2,2
26452,1,1,92906,92907,92908,1,2,0
26453,2,1,92908,92908,92909,0,1,0
26454,3,3,92911,92911,92914,0,3,2
26455,5,1,92916,92916,92917,0,1,2
26456,1,1,92917,92917,92918,0,1,0
26457,5,3,92922,92922,92925,0,3,4
26458,6,2,92928,92928,92930,0,2,3
26459,6,3,92934,92934,92937,0,3,4
26460,4,2,92938,92938,92940,0,2,1
26461,6,2,92944,92944,92946,0,2,4
26462,2,2,92946,92946,92948,0,2,0
26463,1,3,92947,92948,92951,1,4,0
26464,2,1,92949,92951,92952,2,3,0
26465,6,1,92955,92955,92956,0,1,3
26466,2,3,92957,92957,92960,0,3,1
26467,4,1,92961,92961,92962,0,1,1
26468,3,2,92964,92964,92966,0,2,2
26469,4,1,92968,92968,92969,0,1,2
26470,2,2,92970,92970,92972,0,2,1
26471,5,3,92975,92975,92978,0,3,3
26472,1,1,92976,92978,92979,2,3,0
26473,1,1,92977,92979,92980,2,3,0
26474,3,3,92980,92980,92983,0,3,0
26475,3,1,92983,92983,92984,0,1,0
26476,1,2,92984,92984,92986,0,2,0
26477,5,1,92989,92989,92990,0,1,3
26478,5,2,92994,92994,92996,0,2,4
26479,1,2,92995,92996,92998,1,3,0
26480,3,1,92998,92998,92999,0,1,0
26481,4,3,93002,93002,93005,0,3,3
26482,2,1,93004,93005,93006,1,2,0
26483,3,2,93007,93007,93009,0,2,1
26484,1,3,93008,93009,93012,1,4,0
26485,6,2,93014,93014,93016,0,2,2
26486,4,3,93018,93018,93021,0,3,2
26487,5,3,93023,93023,93026,0,3,2
26488,4,3,93027,93027,93030,0,3,1
26489,4,3,93031,93031,93034,0,3,1
26490,3,2,93034,93034,93036,0,2,0
26491,5,3,93039,93039,93042,0,3,3
26492,3,2,93042,93042,93044,0,2,0
26493,2,3,93044,93044,93047,0,3,0
26494,3,3,93047,93047,93050,0,3,0
26495,2,3,93049,93050,93053,1,4,0
26496,4,2,93053,93053,93055,0,2,0
26497,6,3,93059,93059,93062,0,3,4
26498,2,1,93061,93062,93063,1,2,0
26499,6,3,93067,93067,93070,0,3,4
26500,4,3,93071,93071,93074,0,3,1
26501,2,2,93073,93074,93076,1,3,0
26502,6,1,93079,93079,93080,0,1,3
26503,5,3,93084,93084,93087,0,3,4
26504,5,1,93089,93089,93090,0,1,2
26505,5,1,93094,93094,93095,0,1,4
26506,2,1,93096,93096,93097,0,1,1
26507,6,2,93102,93102,93104,0,2,5
26508,1,2,93103,93104,93106,1,3,0
26509,1,1,93104,93106,93107,2,3,0
26510,1,1,93105,93107,93108,2,3,0
26511,6,3,93111,93111,93114,0,3,3
26512,2,2,93113,93114,93116,1,3,0
26513,2,3,93115,93116,93119,1,4,0
26514,5,3,93120,93120,93123,0,3,1
26515,6,1,93126,93126,93127,0,1,3
26516,3,1,93129,93129,93130,0,1,2
26517,6,1,93135,93135,93136,0,1,5
26518,3,2,93138,93138,93140,0,2,2
26519,6,1,93144,93144,93145,0,1,4
26520,2,3,93146,93146,93149,0,3,1
26521,6,1,93152,93152,93153,0,1,3
26522,4,1,93156,93156,93157,0,1,3
26523,4,1,93160,93160,93161,0,1,3
26524,2,1,93162,93162,93163,0,1,1
26525,6,2,93168,93168,93170,0,2,5
26526,5,3,93173,93173,93176,0,3,3
26527,1,3,93174,93176,93179,2,5,0
26528,2,1,93176,93179,93180,3,4,0
26529,5,3,93181,93181,93184,0,3,1
26530,3,1,93184,93184,93185,0,1,0
26531,4,2,93188,93188,93190,0,2,3
26532,6,3,93194,93194,93197,0,3,4
26533,6,1,93200,93200,93201,0,1,3
26534,6,2,93206,93206,93208,0,2,5
26535,4,1,93210,93210,93211,0,1,2
26536,6,1,93216,93216,93217,0,1,5
26537,1,3,93217,93217,93220,0,3,0
26538,4,3,93221,93221,93224,0,3,1
26539,4,1,93225,93225,93226,0,1,1
26540,6,3,93231,93231,93234,0,3,5
26541,5,1,93236,93236,93237,0,1,2
26542,2,2,93238,93238,93240,0,2,1
26543,5,3,93243,93243,93246,0,3,3
26544,5,1,93248,93248,93249,0,1,2
26545,5,1,93253,93253,93254,0,1,4
26546,6,3,93259,93259,93262,0,3,5
26547,2,2,93261,93262,93264,1,3,0
26548,2,3,93263,93264,93267,1,4,0
26549,5,3,93268,93268,93271,0,3,1
26550,1,2,93269,93271,93273,2,4,0
26551,5,3,93274,93274,93277,0,3,1
26552,3,1,93277,93277,93278,0,1,0
26553,3,2,93280,93280,93282,0,2,2
26554,3,2,93283,93283,93285,0,2,1
26555,2,3,93285,93285,93288,0,3,0
26556,2,2,93287,93288,93290,1,3,0
26557,1,1,93288,93290,93291,2,3,0
26558,5,1,93293,93293,93294,0,1,2
26559,5,1,93298,93298,93299,0,1,4
26560,3,2,93301,93301,93303,0,2,2
26561,4,2,93305,93305,93307,0,2,2
26562,1,1,93306,93307,93308,1,2,0
26563,2,1,93308,93308,93309,0,1,0
26564,3,2,93311,93311,93313,0,2,2
26565,1,2,93312,93313,93315,1,3,0
26566,4,3,93316,93316,93319,0,3,1
26567,4,3,93320,93320,93323,0,3,1
26568,5,1,93325,93325,93326,0,1,2
26569,2,1,93327,93327,93328,0,1,1
26570,1,3,93328,93328,93331,0,3,0
26571,5,3,93333,93333,93336,0,3,2
26572,3,1,93336,93336,93337,0,1,0
26573,6,1,93342,93342,93343,0,1,5
26574,2,1,93344,93344,93345,0,1,1
26575,3,3,93347,93347,93350,0,3,2
26576,6,2,93353,93353,93355,0,2,3
26577,4,3,93357,93357,93360,0,3,2
26578,2,3,93359,93360,93363,1,4,0
26579,2,2,93361,93363,93365,2,4,0
26580,2,2,93363,93365,93367,2,4,0
26581,1,2,93364,93367,93369,3,5,0
26582,6,3,93370,93370,93373,0,3,1
26583,5,1,93375,93375,93376,0,1,2
26584,5,2,93380,93380,93382,0,2,4
26585,6,2,93386,93386,93388,0,2,4
26586,5,3,93391,93391,93394,0,3,3
26587,5,1,93396,93396,93397,0,1,2
26588,3,1,93399,93399,93400,0,1,2
26589,3,3,93402,93402,93405,0,3,2
26590,4,3,93406,93406,93409,0,3,1
26591,1,1,93407,93409,93410,2,3,0
26592,6,3,93413,93413,93416,0,3,3
26593,3,3,93416,93416,93419,0,3,0
26594,2,2,93418,93419,93421,1,3,0
26595,4,2,93422,93422,93424,0,2,1
26596,5,3,93427,93427,93430,0,3,3
26597,6,2,93433,93433,93435,0,2,3
26598,4,1,93437,93437,93438,0,1,2
26599,3,1,93440,93440,93441,0,1,2
26600,3,3,93443,93443,93446,0,3,2
26601,4,3,93447,93447,93450,0,3,1
26602,3,2,93450,93450,93452,0,2,0
26603,2,2,93452,93452,93454,0,2,0
26604,5,3,93457,93457,93460,0,3,3
26605,3,1,93460,93460,93461,0,1,0
26606,4,2,93464,93464,93466,0,2,3
26607,1,3,93465,93466,93469,1,4,0
26608,6,3,93471,93471,93474,0,3,2
26609,1,1,93472,93474,93475,2,3,0
26610,3,1,93475,93475,93476,0,1,0
26611,2,3,93477,93477,93480,0,3,1
26612,3,3,93480,93480,93483,0,3,0
26613,2,2,93482,93483,93485,1,3,0
26614,3,2,93485,93485,93487,0,2,0
26615,4,3,93489,93489,93492,0,3,2
26616,1,1,93490,93492,93493,2,3,0
26617,6,2,93496,93496,93498,0,2,3
26618,5,3,93501,93501,93504,0,3,3
26619,1,3,93502,93504,93507,2,5,0
26620,3,2,93505,93507,93509,2,4,0
26621,5,2,93510,93510,93512,0,2,1
26622,4,1,93514,93514,93515,0,1,2
26623,5,1,93519,93519,93520,0,1,4
26624,4,2,93523,93523,93525,0,2,3
26625,5,2,93528,93528,93530,0,2,3
26626,5,2,93533,93533,93535,0,2,3
26627,2,2,93535,93535,93537,0,2,0
26628,5,1,93540,93540,93541,0,1,3
26629,3,2,93543,93543,93545,0,2,2
26630,2,2,93545,93545,93547,0,2,0
26631,2,3,93547,93547,93550,0,3,0
26632,1,2,93548,93550,93552,2,4,0
26633,4,2,93552,93552,93554,0,2,0
26634,4,1,93556,93556,93557,0,1,2
26635,1,3,93557,93557,93560,0,3,0
26636,4,2,93561,93561,93563,0,2,1
26637,4,2,93565,93565,93567,0,2,2
26638,6,1,93571,93571,93572,0,1,4
26639,4,2,93575,93575,93577,0,2,3
26640,4,1,93579,93579,93580,0,1,2
26641,5,2,93584,93584,93586,0,2,4
26642,1,3,93585,93586,93589,1,4,0
26643,2,1,93587,93589,93590,2,3,0
26644,4,1,93591,93591,93592,0,1,1
26645,3,3,93594,93594,93597,0,3,2
26646,3,3,93597,93597,93600,0,3,0
26647,5,3,93602,93602,93605,0,3,2
26648,1,1,93603,93605,93606,2,3,0
26649,2,1,93605,93606,93607,1,2,0
26650,4,1,93609,93609,93610,0,1,2
26651,1,1,93610,93610,93611,0,1,0
26652,4,1,93614,93614,93615,0,1,3
26653,4,2,93618,93618,93620,0,2,3
26654,1,1,93619,93620,93621,1,2,0
26655,4,2,93623,93623,93625,0,2,2
26656,4,2,93627,93627,93629,0,2,2
26657,5,2,93632,93632,93634,0,2,3
26658,5,3,93637,93637,93640,0,3,3
26659,6,1,93643,93643,93644,0,1,3
26660,6,1,93649,93649,93650,0,1,5
26661,3,3,93652,93652,93655,0,3,2
26662,5,1,93657,93657,93658,0,1,2
26663,4,2,93661,93661,93663,0,2,3
26664,3,2,93664,93664,93666,0,2,1
26665,4,1,93668,93668,93669,0,1,2
26666,5,2,93673,93673,93675,0,2,4
26667,1,2,93674,93675,93677,1,3,0
26668,3,2,93677,93677,93679,0,2,0
26669,3,2,93680,93680,93682,0,2,1
26670,2,1,93682,93682,93683,0,1,0
26671,1,2,93683,93683,93685,0,2,0
26672,6,2,93689,93689,93691,0,2,4
26673,2,3,93691,93691,93694,0,3,0
26674,2,3,93693,93694,93697,1,4,0
26675,2,2,93695,93697,93699,2,4,0
26676,3,1,93698,93699,93700,1,2,0
26677,6,2,93704,93704,93706,0,2,4
26678,2,3,93706,93706,93709,0,3,0
26679,4,3,93710,93710,93713,0,3,1
26680,4,2,93714,93714,93716,0,2,1
26681,1,3,93715,93716,93719,1,4,0
26682,4,2,93719,93719,93721,0,2,0
26683,1,3,93720,93721,93724,1,4,0
26684,3,3,93723,93724,93727,1,4,0
26685,2,2,93725,93727,93729,2,4,0
26686,3,1,93728,93729,93730,1,2,0
26687,6,1,93734,93734,93735,0,1,4
26688,6,2,93740,93740,93742,0,2,5
26689,6,3,93746,93746,93749,0,3,4
26690,4,1,93750,93750,93751,0,1,1
26691,1,1,93751,93751,93752,0,1,0
26692,2,1,93753,93753,93754,0,1,1
26693,2,1,93755,93755,93756,0,1,1
26694,6,1,93761,93761,93762,0,1,5
26695,3,3,93764,93764,93767,0,3,2
26696,1,1,93765,93767,93768,2,3,0
26697,5,3,93770,93770,93773,0,3,2
26698,6,1,93776,93776,93777,0,1,3
26699,5,3,93781,93781,93784,0,3,4
26700,3,1,93784,93784,93785,0,1,0
26701,6,2,93790,93790,93792,0,2,5
26702,6,2,93796,93796,93798,0,2,4
26703,3,3,93799,93799,93802,0,3,1
26704,2,3,93801,93802,93805,1,4,0
26705,4,3,93805,93805,93808,0,3,0
26706,5,2,93810,93810,93812,0,2,2
26707,2,1,93812,93812,93813,0,1,0
26708,4,2,93816,93816,93818,0,2,3
26709,5,2,93821,93821,93823,0,2,3
26710,4,3,93825,93825,93828,0,3,2
26711,1,3,93826,93828,93831,2,5,0
26712,5,1,93831,93831,93832,0,1,0
26713,2,3,93833,93833,93836,0,3,1
26714,5,3,93838,93838,93841,0,3,2
26715,3,2,93841,93841,93843,0,2,0
26716,3,1,93844,93844,93845,0,1,1
26717,2,1,93846,93846,93847,0,1,1
26718,3,2,93849,93849,93851,0,2,2
26719,1,1,93850,93851,93852,1,2,0
26720,6,1,93856,93856,93857,0,1,4
26721,5,2,93861,93861,93863,0,2,4
26722,6,2,93867,93867,93869,0,2,4
26723,1,3,93868,93869,93872,1,4,0
26724,1,1,93869,93872,93873,3,4,0
26725,2,1,93871,93873,93874,2,3,0
26726,2,2,93873,93874,93876,1,3,0
26727,5,2,93878,93878,93880,0,2,2
26728,6,2,93884,93884,93886,0,2,4
26729,5,3,93889,93889,93892,0,3,3
26730,1,3,93890,93892,93895,2,5,0
26731,5,3,93895,93895,93898,0,3,0
26732,3,2,93898,93898,93900,0,2,0
26733,2,2,93900,93900,93902,0,2,0
26734,1,2,93901,93902,93904,1,3,0
26735,6,1,93907,93907,93908,0,1,3
26736,6,3,93913,93913,93916,0,3,5
26737,2,3,93915,93916,93919,1,4,0
26738,4,1,93919,93919,93920,0,1,0
26739,1,2,93920,93920,93922,0,2,0
26740,6,3,93926,93926,93929,0,3,4
26741,4,3,93930,93930,93933,0,3,1
26742,5,1,93935,93935,93936,0,1,2
26743,2,2,93937,93937,93939,0,2,1
26744,1,1,93938,93939,93940,1,2,0
26745,4,3,93942,93942,93945,0,3,2
26746,1,3,93943,93945,93948,2,5,0
26747,3,3,93946,93948,93951,2,5,0
26748,1,2,93947,93951,93953,4,6,0
26749,1,2,93948,93953,93955,5,7,0
26750,2,2,93950,93955,93957,5,7,0
26751,3,3,93953,93957,93960,4,7,0
26752,1,1,93954,93960,93961,6,7,0
26753,2,2,93956,93961,93963,5,7,0
26754,6,1,93962,93963,93964,1,2,0
26755,6,3,93968,93968,93971,0,3,4
26756,4,2,93972,93972,93974,0,2,1
26757,5,2,93977,93977,93979,0,2,3
26758,2,1,93979,93979,93980,0,1,0
26759,5,1,93984,93984,93985,0,1,4
26760,5,2,93989,93989,93991,0,2,4
26761,3,3,93992,93992,93995,0,3,1
26762,2,1,93994,93995,93996,1,2,0
26763,6,3,94000,94000,94003,0,3,4
26764,3,2,94003,94003,94005,0,2,0
26765,6,3,94009,94009,94012,0,3,4
26766,1,1,94010,94012,94013,2,3,0
26767,5,3,94015,94015,94018,0,3,2
26768,2,2,94017,94018,94020,1,3,0
26769,3,1,94020,94020,94021,0,1,0
26770,4,3,94024,94024,94027,0,3,3
26771,1,3,94025,94027,94030,2,5,0
26772,6,1,94031,94031,94032,0,1,1
26773,1,1,94032,94032,94033,0,1,0
26774,4,2,94036,94036,94038,0,2,3
26775,2,3,94038,94038,94041,0,3,0
26776,6,1,94044,94044,94045,0,1,3
26777,6,2,94050,94050,94052,0,2,5
26778,6,3,94056,94056,94059,0,3,4
26779,2,1,94058,94059,94060,1,2,0
26780,6,3,94064,94064,94067,0,3,4
26781,3,2,94067,94067,94069,0,2,0
26782,3,1,94070,94070,94071,0,1,1
26783,5,3,94075,94075,94078,0,3,4
26784,3,3,94078,94078,94081,0,3,0
26785,1,2,94079,94081,94083,2,4,0
26786,3,1,94082,94083,94084,1,2,0
26787,2,3,94084,94084,94087,0,3,0
26788,6,1,94090,94090,94091,0,1,3
26789,6,2,94096,94096,94098,0,2,5
26790,3,1,94099,94099,94100,0,1,1
26791,6,2,94105,94105,94107,0,2,5
26792,4,2,94109,94109,94111,0,2,2
26793,4,2,94113,94113,94115,0,2,2
26794,6,3,94119,94119,94122,0,3,4
26795,5,2,94124,94124,94126,0,2,2
26796,2,2,94126,94126,94128,0,2,0
26797,4,1,94130,94130,94131,0,1,2
26798,3,2,94133,94133,94135,0,2,2
26799,6,3,94139,94139,94142,0,3,4
26800,3,3,94142,94142,94145,0,3,0
26801,6,2,94148,94148,94150,0,2,3
26802,5,3,94153,94153,94156,0,3,3
26803,4,1,94157,94157,94158,0,1,1
26804,4,3,94161,94161,94164,0,3,3
26805,1,2,94162,94164,94166,2,4,0
26806,3,2,94165,94166,94168,1,3,0
26807,5,1,94170,94170,94171,0,1,2
26808,4,3,94174,94174,94177,0,3,3
26809,2,2,94176,94177,94179,1,3,0
26810,3,3,94179,94179,94182,0,3,0
26811,1,1,94180,94182,94183,2,3,0
26812,1,1,94181,94183,94184,2,3,0
26813,1,1,94182,94184,94185,2,3,0
26814,4,1,94186,94186,94187,0,1,1
26815,1,3,94187,94187,94190,0,3,0
26816,6,1,94193,94193,94194,0,1,3
26817,1,3,94194,94194,94197,0,3,0
26818,5,1,94199,94199,94200,0,1,2
26819,6,1,94205,94205,94206,0,1,5
26820,2,1,94207,94207,94208,0,1,1
26821,2,1,94209,94209,94210,0,1,1
26822,5,2,94214,94214,94216,0,2,4
26823,4,1,94218,94218,94219,0,1,2
26824,3,3,94221,94221,94224,0,3,2
26825,6,2,94227,94227,94229,0,2,3
26826,2,3,94229,94229,94232,0,3,0
26827,6,2,94235,94235,94237,0,2,3
26828,4,3,94239,94239,94242,0,3,2
26829,2,2,94241,94242,94244,1,3,0
26830,1,3,94242,94244,94247,2,5,0
26831,2,3,94244,94247,94250,3,6,0
26832,4,2,94248,94250,94252,2,4,0
26833,3,2,94251,94252,94254,1,3,0
26834,1,3,94252,94254,94257,2,5,0
26835,6,3,94258,94258,94261,0,3,1
26836,2,2,94260,94261,94263,1,3,0
26837,6,3,94266,94266,94269,0,3,3
26838,6,2,94272,94272,94274,0,2,3
26839,5,1,94277,94277,94278,0,1,3
26840,3,1,94280,94280,94281,0,1,2
26841,4,2,94284,94284,94286,0,2,3
26842,4,1,94288,94288,94289,0,1,2
26843,1,1,94289,94289,94290,0,1,0
26844,5,3,94294,94294,94297,0,3,4
26845,2,1,94296,94297,94298,1,2,0
26846,6,1,94302,94302,94303,0,1,4
26847,3,2,94305,94305,94307,0,2,2
26848,6,2,94311,94311,94313,0,2,4
26849,4,3,94315,94315,94318,0,3,2
26850,3,2,94318,94318,94320,0,2,0
26851,3,2,94321,94321,94323,0,2,1
26852,6,2,94327,94327,94329,0,2,4
26853,2,2,94329,94329,94331,0,2,0
26854,6,1,94335,94335,94336,0,1,4
26855,6,2,94341,94341,94343,0,2,5
26856,4,1,94345,94345,94346,0,1,2
26857,3,1,94348,94348,94349,0,1,2
26858,3,2,94351,94351,94353,0,2,2
26859,4,2,94355,94355,94357,0,2,2
26860,5,1,94360,94360,94361,0,1,3
26861,5,2,94365,94365,94367,0,2,4
26862,5,1,94370,94370,94371,0,1,3
26863,1,3,94371,94371,94374,0,3,0
26864,3,1,94374,94374,94375,0,1,0
26865,6,3,94380,94380,94383,0,3,5
26866,2,2,94382,94383,94385,1,3,0
26867,4,1,94386,94386,94387,0,1,1
26868,5,2,94391,94391,94393,0,2,4
26869,2,2,94393,94393,94395,0,2,0
26870,4,1,94397,94397,94398,0,1,2
26871,1,2,94398,94398,94400,0,2,0
26872,4,1,94402,94402,94403,0,1,2
26873,6,1,94408,94408,94409,0,1,5
26874,6,1,94414,94414,94415,0,1,5
26875,6,2,94420,94420,94422,0,2,5
26876,4,1,94424,94424,94425,0,1,2
26877,1,1,94425,94425,94426,0,1,0
26878,2,3,94427,94427,94430,0,3,1
26879,1,1,94428,94430,94431,2,3,0
26880,3,2,94431,94431,94433,0,2,0
26881,2,2,94433,94433,94435,0,2,0
26882,5,3,94438,94438,94441,0,3,3
26883,5,1,94443,94443,94444,0,1,2
26884,5,2,94448,94448,94450,0,2,4
26885,1,2,94449,94450,94452,1,3,0
26886,2,1,94451,94452,94453,1,2,0
26887,1,3,94452,94453,94456,1,4,0
26888,4,2,94456,94456,94458,0,2,0
26889,5,3,94461,94461,94464,0,3,3
26890,5,3,94466,94466,94469,0,3,2
26891,5,2,94471,94471,94473,0,2,2
26892,2,2,94473,94473,94475,0,2,0
26893,3,3,94476,94476,94479,0,3,1
26894,4,3,94480,94480,94483,0,3,1
26895,5,3,94485,94485,94488,0,3,2
26896,1,3,94486,94488,94491,2,5,0
26897,1,3,94487,94491,94494,4,7,0
26898,4,2,94491,94494,94496,3,5,0
26899,1,2,94492,94496,94498,4,6,0
26900,3,2,94495,94498,94500,3,5,0
26901,5,3,94500,94500,94503,0,3,0
26902,5,3,94505,94505,94508,0,3,2
26903,4,3,94509,94509,94512,0,3,1
26904,6,1,94515,94515,94516,0,1,3
26905,4,3,94519,94519,94522,0,3,3
26906,5,2,94524,94524,94526,0,2,2
26907,3,1,94527,94527,94528,0,1,1
26908,2,1,94529,94529,94530,0,1,1
26909,1,3,94530,94530,94533,0,3,0
26910,2,3,94532,94533,94536,1,4,0
26911,1,1,94533,94536,94537,3,4,0
26912,2,1,94535,94537,94538,2,3,0
26913,2,1,94537,94538,94539,1,2,0
26914,3,2,94540,94540,94542,0,2,1
26915,4,1,94544,94544,94545,0,1,2
26916,5,2,94549,94549,94551,0,2,4
26917,5,1,94554,94554,94555,0,1,3
26918,4,3,94558,94558,94561,0,3,3
26919,1,2,94559,94561,94563,2,4,0
26920,3,2,94562,94563,94565,1,3,0
26921,6,2,94568,94568,94570,0,2,3
26922,6,3,94574,94574,94577,0,3,4
26923,3,3,94577,94577,94580,0,3,0
26924,4,1,94581,94581,94582,0,1,1
26925,2,1,94583,94583,94584,0,1,1
26926,3,2,94586,94586,94588,0,2,2
26927,4,1,94590,94590,94591,0,1,2
26928,1,1,94591,94591,94592,0,1,0
26929,5,3,94596,94596,94599,0,3,4
26930,4,1,94600,94600,94601,0,1,1
26931,2,2,94602,94602,94604,0,2,1
26932,3,1,94605,94605,94606,0,1,1
26933,3,1,94608,94608,94609,0,1,2
26934,3,2,94611,94611,94613,0,2,2
26935,4,2,94615,94615,94617,0,2,2
26936,5,2,94620,94620,94622,0,2,3
26937,6,2,94626,94626,94628,0,2,4
26938,3,1,94629,94629,94630,0,1,1
26939,6,2,94635,94635,94637,0,2,5
26940,1,1,94636,94637,94638,1,2,0
26941,1,3,94637,94638,94641,1,4,0
26942,4,1,94641,94641,94642,0,1,0
26943,6,1,94647,94647,94648,0,1,5
26944,6,1,94653,94653,94654,0,1,5
26945,6,1,94659,94659,94660,0,1,5
26946,4,1,94663,94663,94664,0,1,3
26947,4,3,94667,94667,94670,0,3,3
26948,5,3,94672,94672,94675,0,3,2
26949,3,2,94675,94675,94677,0,2,0
26950,3,1,94678,94678,94679,0,1,1
26951,3,3,94681,94681,94684,0,3,2
26952,4,2,94685,94685,94687,0,2,1
26953,5,2,94690,94690,94692,0,2,3
26954,2,2,94692,94692,94694,0,2,0
26955,6,2,94698,94698,94700,0,2,4
26956,6,1,94704,94704,94705,0,1,4
26957,1,3,94705,94705,94708,0,3,0
26958,2,3,94707,94708,94711,1,4,0
26959,4,3,94711,94711,94714,0,3,0
26960,4,3,94715,94715,94718,0,3,1
26961,5,2,94720,94720,94722,0,2,2
26962,2,2,94722,94722,94724,0,2,0
26963,1,2,94723,94724,94726,1,3,0
26964,3,1,94726,94726,94727,0,1,0
26965,1,2,94727,94727,94729,0,2,0
26966,3,3,94730,94730,94733,0,3,1
26967,3,2,94733,94733,94735,0,2,0
26968,4,1,94737,94737,94738,0,1,2
26969,4,2,94741,94741,94743,0,2,3
26970,1,1,94742,94743,94744,1,2,0
26971,4,1,94746,94746,94747,0,1,2
26972,4,3,94750,94750,94753,0,3,3
26973,2,1,94752,94753,94754,1,2,0
26974,4,1,94756,94756,94757,0,1,2
26975,6,1,94762,94762,94763,0,1,5
26976,1,1,94763,94763,94764,0,1,0
26977,2,2,94765,94765,94767,0,2,1
26978,4,2,94769,94769,94771,0,2,2
26979,6,1,94775,94775,94776,0,1,4
26980,5,2,94780,94780,94782,0,2,4
26981,2,3,94782,94782,94785,0,3,0
26982,4,3,94786,94786,94789,0,3,1
26983,3,1,94789,94789,94790,0,1,0
26984,4,2,94793,94793,94795,0,2,3
26985,2,1,94795,94795,94796,0,1,0
26986,1,1,94796,94796,94797,0,1,0
26987,3,3,94799,94799,94802,0,3,2
26988,2,2,94801,94802,94804,1,3,0
26989,6,1,94807,94807,94808,0,1,3
26990,5,2,94812,94812,94814,0,2,4
26991,4,3,94816,94816,94819,0,3,2
26992,6,3,94822,94822,94825,0,3,3
26993,4,2,94826,94826,94828,0,2,1
26994,6,1,94832,94832,94833,0,1,4
26995,6,2,94838,94838,94840,0,2,5
26996,4,3,94842,94842,94845,0,3,2
26997,4,2,94846,94846,94848,0,2,1
26998,3,3,94849,94849,94852,0,3,1
26999,2,1,94851,94852,94853,1,2,0
27000,6,1,94857,94857,94858,0,1,4
27001,1,2,94858,94858,94860,0,2,0
27002,2,2,94860,94860,94862,0,2,0
27003,4,2,94864,94864,94866,0,2,2
27004,3,1,94867,94867,94868,0,1,1
27005,2,2,94869,94869,94871,0,2,1
27006,2,3,94871,94871,94874,0,3,0
27007,1,1,94872,94874,94875,2,3,0
27008,6,2,94878,94878,94880,0,2,3
27009,3,3,94881,94881,94884,0,3,1
27010,5,3,94886,94886,94889,0,3,2
27011,6,3,94892,94892,94895,0,3,3
27012,6,3,94898,94898,94901,0,3,3
27013,1,1,94899,94901,94902,2,3,0
27014,6,3,94905,94905,94908,0,3,3
27015,1,3,94906,94908,94911,2,5,0
27016,6,1,94912,94912,94913,0,1,1
27017,3,2,94915,94915,94917,0,2,2
27018,1,1,94916,94917,94918,1,2,0
27019,2,2,94918,94918,94920,0,2,0
27020,2,1,94920,94920,94921,0,1,0
27021,4,3,94924,94924,94927,0,3,3
27022,2,1,94926,94927,94928,1,2,0
27023,1,3,94927,94928,94931,1,4,0
27024,5,3,94932,94932,94935,0,3,1
27025,2,1,94934,94935,94936,1,2,0
27026,2,2,94936,94936,94938,0,2,0
27027,2,2,94938,94938,94940,0,2,0
27028,4,2,94942,94942,94944,0,2,2
27029,5,3,94947,94947,94950,0,3,3
27030,4,3,94951,94951,94954,0,3,1
27031,3,1,94954,94954,94955,0,1,0
27032,4,1,94958,94958,94959,0,1,3
27033,5,3,94963,94963,94966,0,3,4
27034,4,2,94967,94967,94969,0,2,1
27035,1,3,94968,94969,94972,1,4,0
27036,3,1,94971,94972,94973,1,2,0
27037,3,2,94974,94974,94976,0,2,1
27038,1,2,94975,94976,94978,1,3,0
27039,4,2,94979,94979,94981,0,2,1
27040,5,3,94984,94984,94987,0,3,3
27041,1,2,94985,94987,94989,2,4,0
27042,6,1,94991,94991,94992,0,1,2
27043,1,2,94992,94992,94994,0,2,0
27044,2,2,94994,94994,94996,0,2,0
27045,1,3,94995,94996,94999,1,4,0
27046,4,2,94999,94999,95001,0,2,0
27047,2,2,95001,95001,95003,0,2,0
27048,5,3,95006,95006,95009,0,3,3
27049,2,1,95008,95009,95010,1,2,0
27050,2,1,95010,95010,95011,0,1,0
27051,3,1,95013,95013,95014,0,1,2
27052,2,2,95015,95015,95017,0,2,1
27053,5,2,95020,95020,95022,0,2,3
27054,4,1,95024,95024,95025,0,1,2
27055,3,2,95027,95027,95029,0,2,2
27056,3,2,95030,95030,95032,0,2,1
27057,3,1,95033,95033,95034,0,1,1
27058,1,1,95034,95034,95035,0,1,0
27059,4,3,95038,95038,95041,0,3,3
27060,3,2,95041,95041,95043,0,2,0
27061,2,3,95043,95043,95046,0,3,0
27062,3,3,95046,95046,95049,0,3,0
27063,1,2,95047,95049,95051,2,4,0
27064,2,3,95049,95051,95054,2,5,0
27065,1,3,95050,95054,95057,4,7,0
27066,2,3,95052,95057,95060,5,8,0
27067,2,1,95054,95060,95061,6,7,0
27068,1,1,95055,95061,95062,6,7,0
27069,6,1,95061,95062,95063,1,2,0
27070,1,3,95062,95063,95066,1,4,0
27071,5,2,95067,95067,95069,0,2,1
27072,1,1,95068,95069,95070,1,2,0
27073,3,3,95071,95071,95074,0,3,1
27074,5,3,95076,95076,95079,0,3,2
27075,6,2,95082,95082,95084,0,2,3
27076,6,1,95088,95088,95089,0,1,4
27077,1,2,95089,95089,95091,0,2,0
27078,6,2,95095,95095,95097,0,2,4
27079,4,3,95099,95099,95102,0,3,2
27080,4,1,95103,95103,95104,0,1,1
27081,3,1,95106,95106,95107,0,1,2
27082,3,1,95109,95109,95110,0,1,2
27083,2,3,95111,95111,95114,0,3,1
27084,5,2,95116,95116,95118,0,2,2
27085,4,1,95120,95120,95121,0,1,2
27086,1,2,95121,95121,95123,0,2,0
27087,2,2,95123,95123,95125,0,2,0
27088,4,1,95127,95127,95128,0,1,2
27089,3,2,95130,95130,95132,0,2,2
27090,6,3,95136,95136,95139,0,3,4
27091,6,1,95142,95142,95143,0,1,3
27092,2,3,95144,95144,95147,0,3,1
27093,1,2,95145,95147,95149,2,4,0
27094,4,3,95149,95149,95152,0,3,0
27095,5,2,95154,95154,95156,0,2,2
27096,1,1,95155,95156,95157,1,2,0
27097,5,1,95160,95160,95161,0,1,3
27098,5,1,95165,95165,95166,0,1,4
27099,5,3,95170,95170,95173,0,3,4
27100,3,3,95173,95173,95176,0,3,0
27101,5,1,95178,95178,95179,0,1,2
27102,5,2,95183,95183,95185,0,2,4
27103,3,2,95186,95186,95188,0,2,1
27104,5,1,95191,95191,95192,0,1,3
27105,3,1,95194,95194,95195,0,1,2
27106,1,2,95195,95195,95197,0,2,0
27107,3,2,95198,95198,95200,0,2,1
27108,3,2,95201,95201,95203,0,2,1
27109,5,3,95206,95206,95209,0,3,3
27110,5,2,95211,95211,95213,0,2,2
27111,1,3,95212,95213,95216,1,4,0
27112,6,3,95218,95218,95221,0,3,2
27113,2,3,95220,95221,95224,1,4,0
27114,3,3,95223,95224,95227,1,4,0
27115,3,1,95226,95227,95228,1,2,0
27116,1,2,95227,95228,95230,1,3,0
27117,1,3,95228,95230,95233,2,5,0
27118,1,3,95229,95233,95236,4,7,0
27119,1,3,95230,95236,95239,6,9,0
27120,6,3,95236,95239,95242,3,6,0
27121,2,3,95238,95242,95245,4,7,0
27122,1,3,95239,95245,95248,6,9,0
27123,3,3,95242,95248,95251,6,9,0
27124,4,1,95246,95251,95252,5,6,0
27125,3,1,95249,95252,95253,3,4,0
27126,4,3,95253,95253,95256,0,3,0
27127,5,1,95258,95258,95259,0,1,2
27128,1,3,95259,95259,95262,0,3,0
27129,3,1,95262,95262,95263,0,1,0
27130,3,2,95265,95265,95267,0,2,2
27131,4,1,95269,95269,95270,0,1,2
27132,6,3,95275,95275,95278,0,3,5
27133,6,1,95281,95281,95282,0,1,3
27134,3,1,95284,95284,95285,0,1,2
27135,3,1,95287,95287,95288,0,1,2
27136,4,2,95291,95291,95293,0,2,3
27137,3,2,95294,95294,95296,0,2,1
27138,2,1,95296,95296,95297,0,1,0
27139,6,3,95302,95302,95305,0,3,5
27140,1,1,95303,95305,95306,2,3,0
27141,2,2,95305,95306,95308,1,3,0
27142,5,3,95310,95310,95313,0,3,2
27143,6,1,95316,95316,95317,0,1,3
27144,4,1,95320,95320,95321,0,1,3
27145,4,3,95324,95324,95327,0,3,3
27146,4,2,95328,95328,95330,0,2,1
27147,5,3,95333,95333,95336,0,3,3
27148,5,3,95338,95338,95341,0,3,2
27149,3,2,95341,95341,95343,0,2,0
27150,6,2,95347,95347,95349,0,2,4
27151,5,2,95352,95352,95354,0,2,3
27152,2,2,95354,95354,95356,0,2,0
27153,4,1,95358,95358,95359,0,1,2
27154,5,1,95363,95363,95364,0,1,4
27155,3,2,95366,95366,95368,0,2,2
27156,6,1,95372,95372,95373,0,1,4
27157,3,2,95375,95375,95377,0,2,2
27158,4,1,95379,95379,95380,0,1,2
27159,6,2,95385,95385,95387,0,2,5
27160,5,3,95390,95390,95393,0,3,3
27161,4,1,95394,95394,95395,0,1,1
27162,4,1,95398,95398,95399,0,1,3
27163,1,1,95399,95399,95400,0,1,0
27164,2,1,95401,95401,95402,0,1,1
27165,4,3,95405,95405,95408,0,3,3
27166,2,3,95407,95408,95411,1,4,0
27167,2,2,95409,95411,95413,2,4,0
27168,2,3,95411,95413,95416,2,5,0
27169,6,1,95417,95417,95418,0,1,1
27170,1,3,95418,95418,95421,0,3,0
27171,4,3,95422,95422,95425,0,3,1
27172,2,3,95424,95425,95428,1,4,0
27173,4,3,95428,95428,95431,0,3,0
27174,5,2,95433,95433,95435,0,2,2
27175,3,2,95436,95436,95438,0,2,1
27176,2,1,95438,95438,95439,0,1,0
27177,6,1,95444,95444,95445,0,1,5
27178,4,1,95448,95448,95449,0,1,3
27179,6,3,95454,95454,95457,0,3,5
27180,2,2,95456,95457,95459,1,3,0
27181,3,2,95459,95459,95461,0,2,0
27182,4,2,95463,95463,95465,0,2,2
27183,5,3,95468,95468,95471,0,3,3
27184,5,1,95473,95473,95474,0,1,2
27185,6,2,95479,95479,95481,0,2,5
27186,5,1,95484,95484,95485,0,1,3
27187,2,1,95486,95486,95487,0,1,1
27188,1,3,95487,95487,95490,0,3,0
27189,2,3,95489,95490,95493,1,4,0
27190,5,3,95494,95494,95497,0,3,1
27191,2,1,95496,95497,95498,1,2,0
27192,4,1,95500,95500,95501,0,1,2
27193,3,2,95503,95503,95505,0,2,2
27194,4,2,95507,95507,95509,0,2,2
27195,6,2,95513,95513,95515,0,2,4
27196,4,1,95517,95517,95518,0,1,2
27197,5,3,95522,95522,95525,0,3,4
27198,4,3,95526,95526,95529,0,3,1
27199,2,1,95528,95529,95530,1,2,0
27200,4,1,95532,95532,95533,0,1,2
27201,6,3,95538,95538,95541,0,3,5
27202,6,1,95544,95544,95545,0,1,3
27203,2,3,95546,95546,95549,0,3,1
27204,1,1,95547,95549,95550,2,3,0
27205,2,2,95549,95550,95552,1,3,0
27206,2,3,95551,95552,95555,1,4,0
27207,4,3,95555,95555,95558,0,3,0
27208,6,1,95561,95561,95562,0,1,3
27209,5,1,95566,95566,95567,0,1,4
27210,4,1,95570,95570,95571,0,1,3
27211,4,2,95574,95574,95576,0,2,3
27212,6,3,95580,95580,95583,0,3,4
27213,4,1,95584,95584,95585,0,1,1
27214,6,1,95590,95590,95591,0,1,5
27215,1,3,95591,95591,95594,0,3,0
27216,1,1,95592,95594,95595,2,3,0
27217,5,3,95597,95597,95600,0,3,2
27218,5,3,95602,95602,95605,0,3,2
27219,1,3,95603,95605,95608,2,5,0
27220,5,1,95608,95608,95609,0,1,0
27221,4,3,95612,95612,95615,0,3,3
27222,4,2,95616,95616,95618,0,2,1
27223,1,2,95617,95618,95620,1,3,0
27224,1,3,95618,95620,95623,2,5,0
27225,5,1,95623,95623,95624,0,1,0
27226,1,3,95624,95624,95627,0,3,0
27227,2,2,95626,95627,95629,1,3,0
27228,5,3,95631,95631,95634,0,3,2
27229,4,1,95635,95635,95636,0,1,1
27230,5,1,95640,95640,95641,0,1,4
27231,6,2,95646,95646,95648,0,2,5
27232,5,2,95651,95651,95653,0,2,3
27233,2,3,95653,95653,95656,0,3,0
27234,6,2,95659,95659,95661,0,2,3
27235,1,1,95660,95661,95662,1,2,0
27236,1,1,95661,95662,95663,1,2,0
27237,6,3,95667,95667,95670,0,3,4
27238,6,3,95673,95673,95676,0,3,3
27239,5,3,95678,95678,95681,0,3,2
27240,3,3,95681,95681,95684,0,3,0
27241,5,3,95686,95686,95689,0,3,2
27242,1,2,95687,95689,95691,2,4,0
27243,3,1,95690,95691,95692,1,2,0
27244,2,3,95692,95692,95695,0,3,0
27245,3,1,95695,95695,95696,0,1,0
27246,4,3,95699,95699,95702,0,3,3
27247,5,1,95704,95704,95705,0,1,2
27248,3,1,95707,95707,95708,0,1,2
27249,4,3,95711,95711,95714,0,3,3
27250,4,2,95715,95715,95717,0,2,1
27251,2,1,95717,95717,95718,0,1,0
27252,4,3,95721,95721,95724,0,3,3
27253,1,3,95722,95724,95727,2,5,0
27254,1,1,95723,95727,95728,4,5,0
27255,3,3,95726,95728,95731,2,5,0
27256,3,2,95729,95731,95733,2,4,0
27257,4,1,95733,95733,95734,0,1,0
27258,4,3,95737,95737,95740,0,3,3
27259,3,2,95740,95740,95742,0,2,0
27260,6,2,95746,95746,95748,0,2,4
27261,2,3,95748,95748,95751,0,3,0
27262,2,2,95750,95751,95753,1,3,0
27263,4,2,95754,95754,95756,0,2,1
27264,2,3,95756,95756,95759,0,3,0
27265,4,1,95760,95760,95761,0,1,1
27266,6,2,95766,95766,95768,0,2,5
27267,5,3,95771,95771,95774,0,3,3
27268,3,3,95774,95774,95777,0,3,0
27269,1,3,95775,95777,95780,2,5,0
27270,1,1,95776,95780,95781,4,5,0
27271,2,1,95778,95781,95782,3,4,0
27272,5,3,95783,95783,95786,0,3,1
27273,6,3,95789,95789,95792,0,3,3
27274,3,1,95792,95792,95793,0,1,0
27275,5,2,95797,95797,95799,0,2,4
27276,2,3,95799,95799,95802,0,3,0
27277,4,3,95803,95803,95806,0,3,1
27278,6,3,95809,95809,95812,0,3,3
27279,5,1,95814,95814,95815,0,1,2
27280,6,1,95820,95820,95821,0,1,5
27281,2,1,95822,95822,95823,0,1,1
27282,2,2,95824,95824,95826,0,2,1
27283,4,2,95828,95828,95830,0,2,2
27284,2,3,95830,95830,95833,0,3,0
27285,6,3,95836,95836,95839,0,3,3
27286,4,3,95840,95840,95843,0,3,1
27287,4,3,95844,95844,95847,0,3,1
27288,3,3,95847,95847,95850,0,3,0
27289,2,3,95849,95850,95853,1,4,0
27290,3,2,95852,95853,95855,1,3,0
27291,1,1,95853,95855,95856,2,3,0
27292,3,1,95856,95856,95857,0,1,0
27293,5,3,95861,95861,95864,0,3,4
27294,6,2,95867,95867,95869,0,2,3
27295,2,2,95869,95869,95871,0,2,0
27296,6,3,95875,95875,95878,0,3,4
27297,5,1,95880,95880,95881,0,1,2
27298,4,2,95884,95884,95886,0,2,3
27299,1,2,95885,95886,95888,1,3,0
27300,6,1,95891,95891,95892,0,1,3
27301,2,1,95893,95893,95894,0,1,1
27302,1,3,95894,95894,95897,0,3,0
27303,6,1,95900,95900,95901,0,1,3
27304,1,2,95901,95901,95903,0,2,0
27305,4,1,95905,95905,95906,0,1,2
27306,5,2,95910,95910,95912,0,2,4
27307,3,2,95913,95913,95915,0,2,1
27308,4,1,95917,95917,95918,0,1,2
27309,4,1,95921,95921,95922,0,1,3
27310,1,2,95922,95922,95924,0,2,0
27311,5,2,95927,95927,95929,0,2,3
27312,2,3,95929,95929,95932,0,3,0
27313,4,3,95933,95933,95936,0,3,1
27314,6,1,95939,95939,95940,0,1,3
27315,6,3,95945,95945,95948,0,3,5
27316,4,1,95949,95949,95950,0,1,1
27317,4,2,95953,95953,95955,0,2,3
27318,3,2,95956,95956,95958,0,2,1
27319,1,2,95957,95958,95960,1,3,0
27320,6,1,95963,95963,95964,0,1,3
27321,6,2,95969,95969,95971,0,2,5
27322,6,3,95975,95975,95978,0,3,4
27323,6,1,95981,95981,95982,0,1,3
27324,6,3,95987,95987,95990,0,3,5
27325,4,1,95991,95991,95992,0,1,1
27326,3,3,95994,95994,95997,0,3,2
27327,2,3,95996,95997,96000,1,4,0
27328,1,2,95997,96000,96002,3,5,0
27329,1,2,95998,96002,96004,4,6,0
27330,6,3,96004,96004,96007,0,3,0
27331,6,3,96010,96010,96013,0,3,3
27332,3,3,96013,96013,96016,0,3,0
27333,6,2,96019,96019,96021,0,2,3
27334,4,2,96023,96023,96025,0,2,2
27335,6,3,96029,96029,96032,0,3,4
27336,2,1,96031,96032,96033,1,2,0
27337,6,2,96037,96037,96039,0,2,4
27338,3,3,96040,96040,96043,0,3,1
27339,6,3,96046,96046,96049,0,3,3
27340,5,1,96051,96051,96052,0,1,2
27341,3,2,96054,96054,96056,0,2,2
27342,5,2,96059,96059,96061,0,2,3
27343,4,2,96063,96063,96065,0,2,2
27344,4,3,96067,96067,96070,0,3,2
27345,3,3,96070,96070,96073,0,3,0
27346,2,3,96072,96073,96076,1,4,0
27347,3,3,96075,96076,96079,1,4,0
27348,6,3,96081,96081,96084,0,3,2
27349,4,3,96085,96085,96088,0,3,1
27350,6,3,96091,96091,96094,0,3,3
27351,6,2,96097,96097,96099,0,2,3
27352,4,1,96101,96101,96102,0,1,2
27353,6,3,96107,96107,96110,0,3,5
27354,4,1,96111,96111,96112,0,1,1
27355,6,3,96117,96117,96120,0,3,5
27356,4,2,96121,96121,96123,0,2,1
27357,2,2,96123,96123,96125,0,2,0
27358,6,2,96129,96129,96131,0,2,4
27359,1,2,96130,96131,96133,1,3,0
27360,6,3,96136,96136,96139,0,3,3
27361,3,2,96139,96139,96141,0,2,0
27362,6,2,96145,96145,96147,0,2,4
27363,5,2,96150,96150,96152,0,2,3
27364,5,2,96155,96155,96157,0,2,3
27365,3,1,96158,96158,96159,0,1,1
27366,5,2,96163,96163,96165,0,2,4
27367,5,2,96168,96168,96170,0,2,3
27368,6,2,96174,96174,96176,0,2,4
27369,3,3,96177,96177,96180,0,3,1
27370,2,3,96179,96180,96183,1,4,0
27371,3,3,96182,96183,96186,1,4,0
27372,2,1,96184,96186,96187,2,3,0
27373,2,1,96186,96187,96188,1,2,0
27374,4,1,96190,96190,96191,0,1,2
27375,3,1,96193,96193,96194,0,1,2
27376,2,3,96195,96195,96198,0,3,1
27377,3,2,96198,96198,96200,0,2,0
27378,2,3,96200,96200,96203,0,3,0
27379,1,3,96201,96203,96206,2,5,0
27380,2,2,96203,96206,96208,3,5,0
27381,1,2,96204,96208,96210,4,6,0
27382,4,3,96208,96210,96213,2,5,0
27383,5,3,96213,96213,96216,0,3,0
27384,1,3,96214,96216,96219,2,5,0
27385,3,1,96217,96219,96220,2,3,0
27386,6,3,96223,96223,96226,0,3,3
27387,6,2,96229,96229,96231,0,2,3
27388,4,2,96233,96233,96235,0,2,2
27389,4,3,96237,96237,96240,0,3,2
27390,3,2,96240,96240,96242,0,2,0
27391,3,2,96243,96243,96245,0,2,1
27392,6,2,96249,96249,96251,0,2,4
27393,1,1,96250,96251,96252,1,2,0
27394,2,1,96252,96252,96253,0,1,0
27395,4,2,96256,96256,96258,0,2,3
27396,4,3,96260,96260,96263,0,3,2
27397,2,2,96262,96263,96265,1,3,0
27398,4,3,96266,96266,96269,0,3,1
27399,4,3,96270,96270,96273,0,3,1
27400,2,1,96272,96273,96274,1,2,0
27401,2,1,96274,96274,96275,0,1,0
27402,6,1,96280,96280,96281,0,1,5
27403,5,1,96285,96285,96286,0,1,4
27404,4,1,96289,96289,96290,0,1,3
27405,5,3,96294,96294,96297,0,3,4
27406,4,1,96298,96298,96299,0,1,1
27407,4,3,96302,96302,96305,0,3,3
27408,6,3,96308,96308,96311,0,3,3
27409,4,2,96312,96312,96314,0,2,1
27410,3,3,96315,96315,96318,0,3,1
27411,2,2,96317,96318,96320,1,3,0
27412,3,3,96320,96320,96323,0,3,0
27413,4,1,96324,96324,96325,0,1,1
27414,5,3,96329,96329,96332,0,3,4
27415,2,1,96331,96332,96333,1,2,0
27416,2,3,96333,96333,96336,0,3,0
27417,4,2,96337,96337,96339,0,2,1
27418,1,3,96338,96339,96342,1,4,0
27419,5,1,96343,96343,96344,0,1,1
27420,1,3,96344,96344,96347,0,3,0
27421,3,3,96347,96347,96350,0,3,0
27422,2,1,96349,96350,96351,1,2,0
27423,5,2,96354,96354,96356,0,2,3
27424,1,1,96355,96356,96357,1,2,0
27425,5,1,96360,96360,96361,0,1,3
27426,3,2,96363,96363,96365,0,2,2
27427,1,3,96364,96365,96368,1,4,0
27428,1,2,96365,96368,96370,3,5,0
27429,3,1,96368,96370,96371,2,3,0
27430,4,1,96372,96372,96373,0,1,1
27431,2,3,96374,96374,96377,0,3,1
27432,5,2,96379,96379,96381,0,2,2
27433,4,2,96383,96383,96385,0,2,2
27434,6,2,96389,96389,96391,0,2,4
27435,4,3,96393,96393,96396,0,3,2
27436,6,2,96399,96399,96401,0,2,3
27437,2,3,96401,96401,96404,0,3,0
27438,1,1,96402,96404,96405,2,3,0
27439,2,2,96404,96405,96407,1,3,0
27440,6,1,96410,96410,96411,0,1,3
27441,6,3,96416,96416,96419,0,3,5
27442,5,3,96421,96421,96424,0,3,2
27443,6,3,96427,96427,96430,0,3,3
27444,1,2,96428,96430,96432,2,4,0
27445,5,1,96433,96433,96434,0,1,1
27446,4,1,96437,96437,96438,0,1,3
27447,4,1,96441,96441,96442,0,1,3
27448,6,2,96447,96447,96449,0,2,5
27449,6,1,96453,96453,96454,0,1,4
27450,6,3,96459,96459,96462,0,3,5
27451,3,1,96462,96462,96463,0,1,0
27452,4,2,96466,96466,96468,0,2,3
27453,1,3,96467,96468,96471,1,4,0
27454,6,3,96473,96473,96476,0,3,2
27455,1,1,96474,96476,96477,2,3,0
27456,2,2,96476,96477,96479,1,3,0
27457,3,2,96479,96479,96481,0,2,0
27458,6,2,96485,96485,96487,0,2,4
27459,4,2,96489,96489,96491,0,2,2
27460,5,3,96494,96494,96497,0,3,3
27461,5,2,96499,96499,96501,0,2,2
27462,2,1,96501,96501,96502,0,1,0
27463,3,3,96504,96504,96507,0,3,2
27464,4,3,96508,96508,96511,0,3,1
27465,6,3,96514,96514,96517,0,3,3
27466,1,3,96515,96517,96520,2,5,0
27467,3,1,96518,96520,96521,2,3,0
27468,5,3,96523,96523,96526,0,3,2
27469,5,3,96528,96528,96531,0,3,2
27470,2,1,96530,96531,96532,1,2,0
27471,3,2,96533,96533,96535,0,2,1
27472,5,2,96538,96538,96540,0,2,3
27473,4,3,96542,96542,96545,0,3,2
27474,4,1,96546,96546,96547,0,1,1
27475,3,3,96549,96549,96552,0,3,2
27476,1,2,96550,96552,96554,2,4,0
27477,4,3,96554,96554,96557,0,3,0
27478,1,1,96555,96557,96558,2,3,0
27479,2,1,96557,96558,96559,1,2,0
27480,6,2,96563,96563,96565,0,2,4
27481,6,2,96569,96569,96571,0,2,4
27482,2,1,96571,96571,96572,0,1,0
27483,2,1,96573,96573,96574,0,1,1
27484,1,2,96574,96574,96576,0,2,0
27485,2,1,96576,96576,96577,0,1,0
27486,1,1,96577,96577,96578,0,1,0
27487,4,3,96581,96581,96584,0,3,3
27488,3,3,96584,96584,96587,0,3,0
27489,4,2,96588,96588,96590,0,2,1
27490,6,1,96594,96594,96595,0,1,4
27491,3,3,96597,96597,96600,0,3,2
27492,6,3,96603,96603,96606,0,3,3
27493,1,1,96604,96606,96607,2,3,0
27494,1,3,96605,96607,96610,2,5,0
27495,1,3,96606,96610,96613,4,7,0
27496,1,3,96607,96613,96616,6,9,0
27497,2,2,96609,96616,96618,7,9,0
27498,1,1,96610,96618,96619,8,9,0
27499,6,1,96616,96619,96620,3,4,0
27500,5,2,96621,96621,96623,0,2,1
27501,6,1,96627,96627,96628,0,1,4
27502,6,3,96633,96633,96636,0,3,5
27503,4,2,96637,96637,96639,0,2,1
27504,6,2,96643,96643,96645,0,2,4
27505,4,1,96647,96647,96648,0,1,2
27506,4,1,96651,96651,96652,0,1,3
27507,1,3,96652,96652,96655,0,3,0
27508,3,1,96655,96655,96656,0,1,0
27509,4,1,96659,96659,96660,0,1,3
27510,2,1,96661,96661,96662,0,1,1
27511,6,1,96667,96667,96668,0,1,5
27512,2,1,96669,96669,96670,0,1,1
27513,3,1,96672,96672,96673,0,1,2
27514,2,3,96674,96674,96677,0,3,1
27515,5,2,96679,96679,96681,0,2,2
27516,1,2,96680,96681,96683,1,3,0
27517,1,2,96681,96683,96685,2,4,0
27518,6,1,96687,96687,96688,0,1,2
27519,3,1,96690,96690,96691,0,1,2
27520,2,3,96692,96692,96695,0,3,1
27521,3,1,96695,96695,96696,0,1,0
27522,6,2,96701,96701,96703,0,2,5
27523,2,1,96703,96703,96704,0,1,0
27524,5,1,96708,96708,96709,0,1,4
27525,1,2,96709,96709,96711,0,2,0
27526,3,3,96712,96712,96715,0,3,1
27527,2,1,96714,96715,96716,1,2,0
27528,6,2,96720,96720,96722,0,2,4
27529,1,3,96721,96722,96725,1,4,0
27530,6,2,96727,96727,96729,0,2,2
27531,4,1,96731,96731,96732,0,1,2
27532,6,3,96737,96737,96740,0,3,5
27533,1,1,96738,96740,96741,2,3,0
27534,5,2,96743,96743,96745,0,2,2
27535,5,3,96748,96748,96751,0,3,3
27536,6,3,96754,96754,96757,0,3,3
27537,6,1,96760,96760,96761,0,1,3
27538,5,1,96765,96765,96766,0,1,4
27539,2,2,96767,96767,96769,0,2,1
27540,5,2,96772,96772,96774,0,2,3
27541,4,1,96776,96776,96777,0,1,2
27542,2,2,96778,96778,96780,0,2,1
27543,3,1,96781,96781,96782,0,1,1
27544,1,1,96782,96782,96783,0,1,0
27545,4,2,96786,96786,96788,0,2,3
27546,4,2,96790,96790,96792,0,2,2
27547,5,1,96795,96795,96796,0,1,3
27548,4,1,96799,96799,96800,0,1,3
27549,6,1,96805,96805,96806,0,1,5
27550,1,3,96806,96806,96809,0,3,0
27551,5,3,96811,96811,96814,0,3,2
27552,4,1,96815,96815,96816,0,1,1
27553,4,3,96819,96819,96822,0,3,3
27554,1,2,96820,96822,96824,2,4,0
27555,2,2,96822,96824,96826,2,4,0
27556,2,2,96824,96826,96828,2,4,0
27557,5,2,96829,96829,96831,0,2,1
27558,1,3,96830,96831,96834,1,4,0
27559,3,3,96833,96834,96837,1,4,0
27560,5,1,96838,96838,96839,0,1,1
27561,1,2,96839,96839,96841,0,2,0
27562,2,3,96841,96841,96844,0,3,0
27563,4,2,96845,96845,96847,0,2,1
27564,5,1,96850,96850,96851,0,1,3
27565,4,2,96854,96854,96856,0,2,3
27566,4,3,96858,96858,96861,0,3,2
27567,1,2,96859,96861,96863,2,4,0
27568,1,1,96860,96863,96864,3,4,0
27569,3,2,96863,96864,96866,1,3,0
27570,1,2,96864,96866,96868,2,4,0
27571,1,3,96865,96868,96871,3,6,0
27572,1,2,96866,96871,96873,5,7,0
27573,6,2,96872,96873,96875,1,3,0
27574,4,1,96876,96876,96877,0,1,1
27575,1,3,96877,96877,96880,0,3,0
27576,5,3,96882,96882,96885,0,3,2
27577,6,2,96888,96888,96890,0,2,3
27578,5,1,96893,96893,96894,0,1,3
27579,1,2,96894,96894,96896,0,2,0
27580,3,3,96897,96897,96900,0,3,1
27581,1,1,96898,96900,96901,2,3,0
27582,5,2,96903,96903,96905,0,2,2
27583,3,2,96906,96906,96908,0,2,1
27584,2,2,96908,96908,96910,0,2,0
27585,6,2,96914,96914,96916,0,2,4
27586,2,2,96916,96916,96918,0,2,0
27587,3,3,96919,96919,96922,0,3,1
27588,1,2,96920,96922,96924,2,4,0
27589,5,3,96925,96925,96928,0,3,1
27590,4,3,96929,96929,96932,0,3,1
27591,5,2,96934,96934,96936,0,2,2
27592,6,1,96940,96940,96941,0,1,4
27593,1,2,96941,96941,96943,0,2,0
27594,5,1,96946,96946,96947,0,1,3
27595,3,1,96949,96949,96950,0,1,2
27596,4,1,96953,96953,96954,0,1,3
27597,2,1,96955,96955,96956,0,1,1
27598,3,2,96958,96958,96960,0,2,2
27599,6,3,96964,96964,96967,0,3,4
27600,2,1,96966,96967,96968,1,2,0
27601,3,3,96969,96969,96972,0,3,1
27602,4,3,96973,96973,96976,0,3,1
27603,3,1,96976,96976,96977,0,1,0
27604,4,3,96980,96980,96983,0,3,3
27605,1,3,96981,96983,96986,2,5,0
27606,6,1,96987,96987,96988,0,1,1
27607,3,2,96990,96990,96992,0,2,2
27608,1,2,96991,96992,96994,1,3,0
27609,3,1,96994,96994,96995,0,1,0
27610,6,2,97000,97000,97002,0,2,5
27611,6,2,97006,97006,97008,0,2,4
27612,3,1,97009,97009,97010,0,1,1
27613,3,3,97012,97012,97015,0,3,2
27614,3,2,97015,97015,97017,0,2,0
27615,5,1,97020,97020,97021,0,1,3
27616,3,1,97023,97023,97024,0,1,2
27617,6,3,97029,97029,97032,0,3,5
27618,5,3,97034,97034,97037,0,3,2
27619,3,2,97037,97037,97039,0,2,0
27620,3,1,97040,97040,97041,0,1,1
27621,1,2,97041,97041,97043,0,2,0
27622,4,3,97045,97045,97048,0,3,2
27623,3,3,97048,97048,97051,0,3,0
27624,6,1,97054,97054,97055,0,1,3
27625,1,2,97055,97055,97057,0,2,0
27626,1,1,97056,97057,97058,1,2,0
27627,5,2,97061,97061,97063,0,2,3
27628,5,1,97066,97066,97067,0,1,3
27629,1,1,97067,97067,97068,0,1,0
27630,6,3,97073,97073,97076,0,3,5
27631,2,1,97075,97076,97077,1,2,0
27632,3,2,97078,97078,97080,0,2,1
27633,3,1,97081,97081,97082,0,1,1
27634,4,2,97085,97085,97087,0,2,3
27635,2,2,97087,97087,97089,0,2,0
27636,4,2,97091,97091,97093,0,2,2
27637,4,2,97095,97095,97097,0,2,2
27638,3,1,97098,97098,97099,0,1,1
27639,1,1,97099,97099,97100,0,1,0
27640,4,2,97103,97103,97105,0,2,3
27641,3,1,97106,97106,97107,0,1,1
27642,4,3,97110,97110,97113,0,3,3
27643,4,2,97114,97114,97116,0,2,1
27644,4,1,97118,97118,97119,0,1,2
27645,1,3,97119,97119,97122,0,3,0
27646,6,3,97125,97125,97128,0,3,3
27647,6,3,97131,97131,97134,0,3,3
27648,6,1,97137,97137,97138,0,1,3
27649,2,2,97139,97139,97141,0,2,1
27650,2,1,97141,97141,97142,0,1,0
27651,2,1,97143,97143,97144,0,1,1
27652,6,2,97149,97149,97151,0,2,5
27653,1,2,97150,97151,97153,1,3,0
27654,3,3,97153,97153,97156,0,3,0
27655,1,1,97154,97156,97157,2,3,0
27656,3,2,97157,97157,97159,0,2,0
27657,1,1,97158,97159,97160,1,2,0
27658,4,1,97162,97162,97163,0,1,2
27659,6,1,97168,97168,97169,0,1,5
27660,3,3,97171,97171,97174,0,3,2
27661,6,3,97177,97177,97180,0,3,3
27662,5,1,97182,97182,97183,0,1,2
27663,4,3,97186,97186,97189,0,3,3
27664,2,2,97188,97189,97191,1,3,0
27665,4,3,97192,97192,97195,0,3,1
27666,6,1,97198,97198,97199,0,1,3
27667,3,2,97201,97201,97203,0,2,2
27668,1,2,97202,97203,97205,1,3,0
27669,4,3,97206,97206,97209,0,3,1
27670,4,1,97210,97210,97211,0,1,1
27671,4,2,97214,97214,97216,0,2,3
27672,5,2,97219,97219,97221,0,2,3
27673,5,2,97224,97224,97226,0,2,3
27674,3,3,97227,97227,97230,0,3,1
27675,3,1,97230,97230,97231,0,1,0
27676,3,1,97233,97233,97234,0,1,2
27677,5,3,97238,97238,97241,0,3,4
27678,2,2,97240,97241,97243,1,3,0
27679,2,3,97242,97243,97246,1,4,0
27680,3,1,97245,97246,97247,1,2,0
27681,2,3,97247,97247,97250,0,3,0
27682,3,3,97250,97250,97253,0,3,0
27683,2,2,97252,97253,97255,1,3,0
27684,2,1,97254,97255,97256,1,2,0
27685,2,1,97256,97256,97257,0,1,0
27686,1,1,97257,97257,97258,0,1,0
27687,2,1,97259,97259,97260,0,1,1
27688,1,1,97260,97260,97261,0,1,0
27689,1,3,97261,97261,97264,0,3,0
27690,5,1,97266,97266,97267,0,1,2
27691,3,1,97269,97269,97270,0,1,2
27692,3,3,97272,97272,97275,0,3,2
27693,5,1,97277,97277,97278,0,1,2
27694,6,2,97283,97283,97285,0,2,5
27695,6,1,97289,97289,97290,0,1,4
27696,2,1,97291,97291,97292,0,1,1
27697,4,3,97295,97295,97298,0,3,3
27698,5,2,97300,97300,97302,0,2,2
27699,3,3,97303,97303,97306,0,3,1
27700,6,1,97309,97309,97310,0,1,3
27701,5,2,97314,97314,97316,0,2,4
27702,6,1,97320,97320,97321,0,1,4
27703,3,2,97323,97323,97325,0,2,2
27704,1,3,97324,97325,97328,1,4,0
27705,6,3,97330,97330,97333,0,3,2
27706,4,1,97334,97334,97335,0,1,1
27707,2,3,97336,97336,97339,0,3,1
27708,6,1,97342,97342,97343,0,1,3
27709,1,2,97343,97343,97345,0,2,0
27710,3,2,97346,97346,97348,0,2,1
27711,3,2,97349,97349,97351,0,2,1
27712,6,1,97355,97355,97356,0,1,4
27713,4,3,97359,97359,97362,0,3,3
27714,6,3,97365,97365,97368,0,3,3
27715,2,1,97367,97368,97369,1,2,0
27716,2,1,97369,97369,97370,0,1,0
27717,3,1,97372,97372,97373,0,1,2
27718,1,3,97373,97373,97376,0,3,0
27719,5,1,97378,97378,97379,0,1,2
27720,1,2,97379,97379,97381,0,2,0
27721,2,2,97381,97381,97383,0,2,0
27722,1,2,97382,97383,97385,1,3,0
27723,4,1,97386,97386,97387,0,1,1
27724,1,2,97387,97387,97389,0,2,0
27725,5,3,97392,97392,97395,0,3,3
27726,1,1,97393,97395,97396,2,3,0
27727,3,1,97396,97396,97397,0,1,0
27728,2,2,97398,97398,97400,0,2,1
27729,4,1,97402,97402,97403,0,1,2
27730,2,1,97404,97404,97405,0,1,1
27731,5,1,97409,97409,97410,0,1,4
27732,6,2,97415,97415,97417,0,2,5
27733,4,2,97419,97419,97421,0,2,2
27734,3,1,97422,97422,97423,0,1,1
27735,3,2,97425,97425,97427,0,2,2
27736,6,1,97431,97431,97432,0,1,4
27737,6,3,97437,97437,97440,0,3,5
27738,1,3,97438,97440,97443,2,5,0
27739,5,2,97443,97443,97445,0,2,0
27740,2,3,97445,97445,97448,0,3,0
27741,2,2,97447,97448,97450,1,3,0
27742,2,2,97449,97450,97452,1,3,0
27743,2,1,97451,97452,97453,1,2,0
27744,5,2,97456,97456,97458,0,2,3
27745,3,2,97459,97459,97461,0,2,1
27746,1,3,97460,97461,97464,1,4,0
27747,2,3,97462,97464,97467,2,5,0
27748,4,2,97466,97467,97469,1,3,0
27749,3,2,97469,97469,97471,0,2,0
27750,5,2,97474,97474,97476,0,2,3
27751,3,3,97477,97477,97480,0,3,1
27752,2,2,97479,97480,97482,1,3,0
27753,5,1,97484,97484,97485,0,1,2
27754,2,2,97486,97486,97488,0,2,1
27755,2,3,97488,97488,97491,0,3,0
27756,2,1,97490,97491,97492,1,2,0
27757,3,2,97493,97493,97495,0,2,1
27758,2,2,97495,97495,97497,0,2,0
27759,1,3,97496,97497,97500,1,4,0
27760,1,3,97497,97500,97503,3,6,0
27761,3,2,97500,97503,97505,3,5,0
27762,2,1,97502,97505,97506,3,4,0
27763,1,1,97503,97506,97507,3,4,0
27764,6,1,97509,97509,97510,0,1,2
27765,6,1,97515,97515,97516,0,1,5
27766,1,3,97516,97516,97519,0,3,0
27767,3,1,97519,97519,97520,0,1,0
27768,6,2,97525,97525,97527,0,2,5
27769,3,3,97528,97528,97531,0,3,1
27770,2,1,97530,97531,97532,1,2,0
27771,6,1,97536,97536,97537,0,1,4
27772,5,1,97541,97541,97542,0,1,4
27773,1,2,97542,97542,97544,0,2,0
27774,3,3,97545,97545,97548,0,3,1
27775,4,3,97549,97549,97552,0,3,1
27776,2,2,97551,97552,97554,1,3,0
27777,2,3,97553,97554,97557,1,4,0
27778,4,2,97557,97557,97559,0,2,0
27779,2,1,97559,97559,97560,0,1,0
27780,5,1,97564,97564,97565,0,1,4
27781,1,1,97565,97565,97566,0,1,0
27782,5,3,97570,97570,97573,0,3,4
27783,5,1,97575,97575,97576,0,1,2
27784,1,3,97576,97576,97579,0,3,0
27785,4,1,97580,97580,97581,0,1,1
27786,5,2,97585,97585,97587,0,2,4
27787,1,2,97586,97587,97589,1,3,0
27788,3,2,97589,97589,97591,0,2,0
27789,1,3,97590,97591,97594,1,4,0
27790,6,3,97596,97596,97599,0,3,2
27791,1,3,97597,97599,97602,2,5,0
27792,2,3,97599,97602,97605,3,6,0
27793,3,3,97602,97605,97608,3,6,0
27794,5,1,97607,97608,97609,1,2,0
27795,5,1,97612,97612,97613,0,1,3
27796,6,1,97618,97618,97619,0,1,5
27797,2,3,97620,97620,97623,0,3,1
27798,3,1,97623,97623,97624,0,1,0
27799,6,1,97629,97629,97630,0,1,5
27800,2,1,97631,97631,97632,0,1,1
27801,5,1,97636,97636,97637,0,1,4
27802,4,3,97640,97640,97643,0,3,3
27803,5,2,97645,97645,97647,0,2,2
27804,2,3,97647,97647,97650,0,3,0
27805,4,3,97651,97651,97654,0,3,1
27806,4,2,97655,97655,97657,0,2,1
27807,3,3,97658,97658,97661,0,3,1
27808,5,2,97663,97663,97665,0,2,2
27809,1,1,97664,97665,97666,1,2,0
27810,3,1,97667,97667,97668,0,1,1
27811,1,2,97668,97668,97670,0,2,0
27812,4,2,97672,97672,97674,0,2,2
27813,4,3,97676,97676,97679,0,3,2
27814,1,2,97677,97679,97681,2,4,0
27815,1,3,97678,97681,97684,3,6,0
27816,1,3,97679,97684,97687,5,8,0
27817,2,2,97681,97687,97689,6,8,0
27818,4,3,97685,97689,97692,4,7,0
27819,2,3,97687,97692,97695,5,8,0
27820,6,2,97693,97695,97697,2,4,0
27821,5,1,97698,97698,97699,0,1,1
27822,6,3,97704,97704,97707,0,3,5
27823,1,2,97705,97707,97709,2,4,0
27824,1,2,97706,97709,97711,3,5,0
27825,1,2,97707,97711,97713,4,6,0
27826,5,3,97712,97713,97716,1,4,0
27827,2,1,97714,97716,97717,2,3,0
27828,2,2,97716,97717,97719,1,3,0
27829,3,3,97719,97719,97722,0,3,0
27830,1,1,97720,97722,97723,2,3,0
27831,4,1,97724,97724,97725,0,1,1
27832,5,1,97729,97729,97730,0,1,4
27833,5,2,97734,97734,97736,0,2,4
27834,3,2,97737,97737,97739,0,2,1
27835,6,3,97743,97743,97746,0,3,4
27836,5,1,97748,97748,97749,0,1,2
27837,3,1,97751,97751,97752,0,1,2
27838,5,2,97756,97756,97758,0,2,4
27839,1,1,97757,97758,97759,1,2,0
27840,3,3,97760,97760,97763,0,3,1
27841,2,1,97762,97763,97764,1,2,0
27842,6,1,97768,97768,97769,0,1,4
27843,3,3,97771,97771,97774,0,3,2
27844,5,3,97776,97776,97779,0,3,2
27845,3,2,97779,97779,97781,0,2,0
27846,2,1,97781,97781,97782,0,1,0
27847,4,2,97785,97785,97787,0,2,3
27848,3,1,97788,97788,97789,0,1,1
27849,5,1,97793,97793,97794,0,1,4
27850,2,3,97795,97795,97798,0,3,1
27851,3,2,97798,97798,97800,0,2,0
27852,4,3,97802,97802,97805,0,3,2
27853,3,2,97805,97805,97807,0,2,0
27854,3,1,97808,97808,97809,0,1,1
27855,5,3,97813,97813,97816,0,3,4
27856,1,2,97814,97816,97818,2,4,0
27857,4,2,97818,97818,97820,0,2,0
27858,6,3,97824,97824,97827,0,3,4
27859,4,1,97828,97828,97829,0,1,1
27860,5,3,97833,97833,97836,0,3,4
27861,6,1,97839,97839,97840,0,1,3
27862,1,2,97840,97840,97842,0,2,0
27863,3,2,97843,97843,97845,0,2,1
27864,2,1,97845,97845,97846,0,1,0
27865,3,3,97848,97848,97851,0,3,2
27866,1,3,97849,97851,97854,2,5,0
27867,3,1,97852,97854,97855,2,3,0
27868,3,2,97855,97855,97857,0,2,0
27869,1,3,97856,97857,97860,1,4,0
27870,1,3,97857,97860,97863,3,6,0
27871,5,1,97862,97863,97864,1,2,0
27872,1,3,97863,97864,97867,1,4,0
27873,4,1,97867,97867,97868,0,1,0
27874,4,3,97871,97871,97874,0,3,3
27875,1,1,97872,97874,97875,2,3,0
27876,3,1,97875,97875,97876,0,1,0
27877,5,2,97880,97880,97882,0,2,4
27878,4,2,97884,97884,97886,0,2,2
27879,3,3,97887,97887,97890,0,3,1
27880,4,1,97891,97891,97892,0,1,1
27881,5,3,97896,97896,97899,0,3,4
27882,4,2,97900,97900,97902,0,2,1
27883,4,3,97904,97904,97907,0,3,2
27884,2,2,97906,97907,97909,1,3,0
27885,2,3,97908,97909,97912,1,4,0
27886,4,3,97912,97912,97915,0,3,0
27887,4,1,97916,97916,97917,0,1,1
27888,4,2,97920,97920,97922,0,2,3
27889,4,3,97924,97924,97927,0,3,2
27890,5,2,97929,97929,97931,0,2,2
27891,4,2,97933,97933,97935,0,2,2
27892,6,1,97939,97939,97940,0,1,4
27893,1,2,97940,97940,97942,0,2,0
27894,3,1,97943,97943,97944,0,1,1
27895,6,3,97949,97949,97952,0,3,5
27896,1,1,97950,97952,97953,2,3,0
27897,1,1,97951,97953,97954,2,3,0
27898,4,1,97955,97955,97956,0,1,1
27899,2,1,97957,97957,97958,0,1,1
27900,5,3,97962,97962,97965,0,3,4
27901,3,1,97965,97965,97966,0,1,0
27902,6,2,97971,97971,97973,0,2,5
27903,6,1,97977,97977,97978,0,1,4
27904,5,2,97982,97982,97984,0,2,4
27905,5,1,97987,97987,97988,0,1,3
27906,3,1,97990,97990,97991,0,1,2
27907,2,2,97992,97992,97994,0,2,1
27908,1,1,97993,97994,97995,1,2,0
27909,5,2,97998,97998,98000,0,2,3
27910,5,1,98003,98003,98004,0,1,3
27911,1,1,98004,98004,98005,0,1,0
27912,3,2,98007,98007,98009,0,2,2
27913,1,3,98008,98009,98012,1,4,0
27914,2,1,98010,98012,98013,2,3,0
27915,2,3,98012,98013,98016,1,4,0
27916,1,3,98013,98016,98019,3,6,0
27917,3,1,98016,98019,98020,3,4,0
27918,1,3,98017,98020,98023,3,6,0
27919,5,2,98022,98023,98025,1,3,0
27920,1,1,98023,98025,98026,2,3,0
27921,2,1,98025,98026,98027,1,2,0
27922,4,3,98029,98029,98032,0,3,2
27923,5,1,98034,98034,98035,0,1,2
27924,6,1,98040,98040,98041,0,1,5
27925,5,1,98045,98045,98046,0,1,4
27926,2,2,98047,98047,98049,0,2,1
27927,6,2,98053,98053,98055,0,2,4
27928,6,3,98059,98059,98062,0,3,4
27929,1,2,98060,98062,98064,2,4,0
27930,6,1,98066,98066,98067,0,1,2
27931,3,2,98069,98069,98071,0,2,2
27932,2,3,98071,98071,98074,0,3,0
27933,2,1,98073,98074,98075,1,2,0
27934,5,1,98078,98078,98079,0,1,3
27935,5,2,98083,98083,98085,0,2,4
27936,3,3,98086,98086,98089,0,3,1
27937,3,3,98089,98089,98092,0,3,0
27938,5,2,98094,98094,98096,0,2,2
27939,1,3,98095,98096,98099,1,4,0
27940,1,1,98096,98099,98100,3,4,0
27941,1,1,98097,98100,98101,3,4,0
27942,4,3,98101,98101,98104,0,3,0
27943,6,3,98107,98107,98110,0,3,3
27944,3,2,98110,98110,98112,0,2,0
27945,2,1,98112,98112,98113,0,1,0
27946,1,1,98113,98113,98114,0,1,0
27947,1,1,98114,98114,98115,0,1,0
27948,2,1,98116,98116,98117,0,1,1
27949,6,3,98122,98122,98125,0,3,5
27950,6,1,98128,98128,98129,0,1,3
27951,4,3,98132,98132,98135,0,3,3
27952,2,1,98134,98135,98136,1,2,0
27953,6,3,98140,98140,98143,0,3,4
27954,2,1,98142,98143,98144,1,2,0
27955,2,3,98144,98144,98147,0,3,0
27956,1,1,98145,98147,98148,2,3,0
27957,1,3,98146,98148,98151,2,5,0
27958,1,1,98147,98151,98152,4,5,0
27959,4,3,98151,98152,98155,1,4,0
27960,2,2,98153,98155,98157,2,4,0
27961,1,3,98154,98157,98160,3,6,0
27962,2,3,98156,98160,98163,4,7,0
27963,5,2,98161,98163,98165,2,4,0
27964,1,2,98162,98165,98167,3,5,0
27965,4,3,98166,98167,98170,1,4,0
27966,1,3,98167,98170,98173,3,6,0
27967,5,2,98172,98173,98175,1,3,0
27968,3,1,98175,98175,98176,0,1,0
27969,6,2,98181,98181,98183,0,2,5
27970,4,3,98185,98185,98188,0,3,2
27971,5,1,98190,98190,98191,0,1,2
27972,2,3,98192,98192,98195,0,3,1
27973,5,3,98197,98197,98200,0,3,2
27974,5,3,98202,98202,98205,0,3,2
27975,1,2,98203,98205,98207,2,4,0
27976,6,1,98209,98209,98210,0,1,2
27977,2,2,98211,98211,98213,0,2,1
27978,3,3,98214,98214,98217,0,3,1
27979,1,2,98215,98217,98219,2,4,0
27980,5,1,98220,98220,98221,0,1,1
27981,2,1,98222,98222,98223,0,1,1
27982,1,2,98223,98223,98225,0,2,0
27983,4,3,98227,98227,98230,0,3,2
27984,5,3,98232,98232,98235,0,3,2
27985,6,3,98238,98238,98241,0,3,3
27986,2,3,98240,98241,98244,1,4,0
27987,3,3,98243,98244,98247,1,4,0
27988,1,2,98244,98247,98249,3,5,0
27989,3,3,98247,98249,98252,2,5,0
27990,5,3,98252,98252,98255,0,3,0
27991,5,1,98257,98257,98258,0,1,2
27992,1,1,98258,98258,98259,0,1,0
27993,4,3,98262,98262,98265,0,3,3
27994,1,3,98263,98265,98268,2,5,0
27995,2,3,98265,98268,98271,3,6,0
27996,2,2,98267,98271,98273,4,6,0
27997,3,3,98270,98273,98276,3,6,0
27998,2,2,98272,98276,98278,4,6,0
27999,5,1,98277,98278,98279,1,2,0
28000,1,2,98278,98279,98281,1,3,0
28001,6,2,98284,98284,98286,0,2,3
28002,4,1,98288,98288,98289,0,1,2
28003,5,3,98293,98293,98296,0,3,4
28004,5,3,98298,98298,98301,0,3,2
28005,6,2,98304,98304,98306,0,2,3
28006,5,3,98309,98309,98312,0,3,3
28007,1,2,98310,98312,98314,2,4,0
28008,3,1,98313,98314,98315,1,2,0
28009,2,2,98315,98315,98317,0,2,0
28010,3,2,98318,98318,98320,0,2,1
28011,3,3,98321,98321,98324,0,3,1
28012,4,1,98325,98325,98326,0,1,1
28013,3,3,98328,98328,98331,0,3,2
28014,1,1,98329,98331,98332,2,3,0
28015,3,1,98332,98332,98333,0,1,0
28016,2,1,98334,98334,98335,0,1,1
28017,4,2,98338,98338,98340,0,2,3
28018,5,3,98343,98343,98346,0,3,3
28019,3,1,98346,98346,98347,0,1,0
28020,1,1,98347,98347,98348,0,1,0
28021,4,2,98351,98351,98353,0,2,3
28022,3,1,98354,98354,98355,0,1,1
28023,6,2,98360,98360,98362,0,2,5
28024,2,3,98362,98362,98365,0,3,0
28025,2,3,98364,98365,98368,1,4,0
28026,2,2,98366,98368,98370,2,4,0
28027,1,3,98367,98370,98373,3,6,0
28028,4,2,98371,98373,98375,2,4,0
28029,6,3,98377,98377,98380,0,3,2
28030,2,3,98379,98380,98383,1,4,0
28031,5,2,98384,98384,98386,0,2,1
28032,4,2,98388,98388,98390,0,2,2
28033,5,2,98393,98393,98395,0,2,3
28034,1,2,98394,98395,98397,1,3,0
28035,5,3,98399,98399,98402,0,3,2
28036,3,1,98402,98402,98403,0,1,0
28037,6,2,98408,98408,98410,0,2,5
28038,5,1,98413,98413,98414,0,1,3
28039,1,2,98414,98414,98416,0,2,0
28040,6,2,98420,98420,98422,0,2,4
28041,6,2,98426,98426,98428,0,2,4
28042,2,1,98428,98428,98429,0,1,0
28043,5,3,98433,98433,98436,0,3,4
28044,3,3,98436,98436,98439,0,3,0
28045,2,2,98438,98439,98441,1,3,0
28046,3,1,98441,98441,98442,0,1,0
28047,2,2,98443,98443,98445,0,2,1
28048,6,3,98449,98449,98452,0,3,4
28049,5,3,98454,98454,98457,0,3,2
28050,2,2,98456,98457,98459,1,3,0
28051,5,1,98461,98461,98462,0,1,2
28052,2,2,98463,98463,98465,0,2,1
28053,1,1,98464,98465,98466,1,2,0
28054,1,1,98465,98466,98467,1,2,0
28055,6,1,98471,98471,98472,0,1,4
28056,2,2,98473,98473,98475,0,2,1
28057,2,2,98475,98475,98477,0,2,0
28058,3,1,98478,98478,98479,0,1,1
28059,4,1,98482,98482,98483,0,1,3
28060,3,2,98485,98485,98487,0,2,2
28061,5,3,98490,98490,98493,0,3,3
28062,4,1,98494,98494,98495,0,1,1
28063,1,3,98495,98495,98498,0,3,0
28064,4,1,98499,98499,98500,0,1,1
28065,4,3,98503,98503,98506,0,3,3
28066,4,3,98507,98507,98510,0,3,1
28067,5,1,98512,98512,98513,0,1,2
28068,4,3,98516,98516,98519,0,3,3
28069,5,2,98521,98521,98523,0,2,2
28070,1,1,98522,98523,98524,1,2,0
28071,2,3,98524,98524,98527,0,3,0
28072,4,1,98528,98528,98529,0,1,1
28073,4,3,98532,98532,98535,0,3,3
28074,4,2,98536,98536,98538,0,2,1
28075,2,3,98538,98538,98541,0,3,0
28076,6,2,98544,98544,98546,0,2,3
28077,1,2,98545,98546,98548,1,3,0
28078,1,3,98546,98548,98551,2,5,0
28079,2,2,98548,98551,98553,3,5,0
28080,1,1,98549,98553,98554,4,5,0
28081,4,1,98553,98554,98555,1,2,0
28082,6,1,98559,98559,98560,0,1,4
28083,6,3,98565,98565,98568,0,3,5
28084,5,3,98570,98570,98573,0,3,2
28085,3,1,98573,98573,98574,0,1,0
28086,3,3,98576,98576,98579,0,3,2
28087,5,1,98581,98581,98582,0,1,2
28088,1,1,98582,98582,98583,0,1,0
28089,6,3,98588,98588,98591,0,3,5
28090,2,3,98590,98591,98594,1,4,0
28091,5,1,98595,98595,98596,0,1,1
28092,4,1,98599,98599,98600,0,1,3
28093,4,1,98603,98603,98604,0,1,3
28094,1,2,98604,98604,98606,0,2,0
28095,5,1,98609,98609,98610,0,1,3
28096,1,2,98610,98610,98612,0,2,0
28097,6,1,98616,98616,98617,0,1,4
28098,3,3,98619,98619,98622,0,3,2
28099,2,3,98621,98622,98625,1,4,0
28100,4,3,98625,98625,98628,0,3,0
28101,5,1,98630,98630,98631,0,1,2
28102,3,1,98633,98633,98634,0,1,2
28103,1,2,98634,98634,98636,0,2,0
28104,6,2,98640,98640,98642,0,2,4
28105,6,3,98646,98646,98649,0,3,4
28106,5,3,98651,98651,98654,0,3,2
28107,2,2,98653,98654,98656,1,3,0
28108,2,1,98655,98656,98657,1,2,0
28109,4,2,98659,98659,98661,0,2,2
28110,2,2,98661,98661,98663,0,2,0
28111,6,1,98667,98667,98668,0,1,4
28112,6,3,98673,98673,98676,0,3,5
28113,3,2,98676,98676,98678,0,2,0
28114,4,1,98680,98680,98681,0,1,2
28115,1,2,98681,98681,98683,0,2,0
28116,4,2,98685,98685,98687,0,2,2
28117,6,2,98691,98691,98693,0,2,4
28118,5,1,98696,98696,98697,0,1,3
28119,2,3,98698,98698,98701,0,3,1
28120,3,2,98701,98701,98703,0,2,0
28121,1,2,98702,98703,98705,1,3,0
28122,6,3,98708,98708,98711,0,3,3
28123,5,2,98713,98713,98715,0,2,2
28124,4,2,98717,98717,98719,0,2,2
28125,3,1,98720,98720,98721,0,1,1
28126,1,3,98721,98721,98724,0,3,0
28127,1,1,98722,98724,98725,2,3,0
28128,6,2,98728,98728,98730,0,2,3
28129,3,3,98731,98731,98734,0,3,1
28130,4,2,98735,98735,98737,0,2,1
28131,2,1,98737,98737,98738,0,1,0
28132,3,2,98740,98740,98742,0,2,2
28133,3,1,98743,98743,98744,0,1,1
28134,4,1,98747,98747,98748,0,1,3
28135,6,1,98753,98753,98754,0,1,5
28136,1,2,98754,98754,98756,0,2,0
28137,3,2,98757,98757,98759,0,2,1
28138,4,1,98761,98761,98762,0,1,2
28139,4,2,98765,98765,98767,0,2,3
28140,2,3,98767,98767,98770,0,3,0
28141,4,2,98771,98771,98773,0,2,1
28142,5,3,98776,98776,98779,0,3,3
28143,6,3,98782,98782,98785,0,3,3
28144,2,3,98784,98785,98788,1,4,0
28145,3,1,98787,98788,98789,1,2,0
28146,1,2,98788,98789,98791,1,3,0
28147,5,2,98793,98793,98795,0,2,2
28148,3,1,98796,98796,98797,0,1,1
28149,3,3,98799,98799,98802,0,3,2
28150,5,3,98804,98804,98807,0,3,2
28151,6,3,98810,98810,98813,0,3,3
28152,4,2,98814,98814,98816,0,2,1
28153,5,3,98819,98819,98822,0,3,3
28154,5,2,98824,98824,98826,0,2,2
28155,5,2,98829,98829,98831,0,2,3
28156,1,2,98830,98831,98833,1,3,0
28157,1,2,98831,98833,98835,2,4,0
28158,3,3,98834,98835,98838,1,4,0
28159,3,2,98837,98838,98840,1,3,0
28160,2,1,98839,98840,98841,1,2,0
28161,5,1,98844,98844,98845,0,1,3
28162,4,1,98848,98848,98849,0,1,3
28163,4,1,98852,98852,98853,0,1,3
28164,3,3,98855,98855,98858,0,3,2
28165,6,2,98861,98861,98863,0,2,3
28166,2,1,98863,98863,98864,0,1,0
28167,3,1,98866,98866,98867,0,1,2
28168,2,3,98868,98868,98871,0,3,1
28169,5,1,98873,98873,98874,0,1,2
28170,4,1,98877,98877,98878,0,1,3
28171,1,2,98878,98878,98880,0,2,0
28172,5,1,98883,98883,98884,0,1,3
28173,1,1,98884,98884,98885,0,1,0
28174,3,3,98887,98887,98890,0,3,2
28175,6,2,98893,98893,98895,0,2,3
28176,3,2,98896,98896,98898,0,2,1
28177,6,3,98902,98902,98905,0,3,4
28178,6,2,98908,98908,98910,0,2,3
28179,1,2,98909,98910,98912,1,3,0
28180,3,2,98912,98912,98914,0,2,0
28181,3,3,98915,98915,98918,0,3,1
28182,4,2,98919,98919,98921,0,2,1
28183,1,3,98920,98921,98924,1,4,0
28184,2,3,98922,98924,98927,2,5,0
28185,4,2,98926,98927,98929,1,3,0
28186,3,1,98929,98929,98930,0,1,0
28187,2,3,98931,98931,98934,0,3,1
28188,3,3,98934,98934,98937,0,3,0
28189,6,3,98940,98940,98943,0,3,3
28190,6,1,98946,98946,98947,0,1,3
28191,3,3,98949,98949,98952,0,3,2
28192,5,2,98954,98954,98956,0,2,2
28193,2,3,98956,98956,98959,0,3,0
28194,1,1,98957,98959,98960,2,3,0
28195,1,1,98958,98960,98961,2,3,0
28196,4,1,98962,98962,98963,0,1,1
28197,4,1,98966,98966,98967,0,1,3
28198,5,3,98971,98971,98974,0,3,4
28199,2,2,98973,98974,98976,1,3,0
28200,1,2,98974,98976,98978,2,4,0
28201,2,3,98976,98978,98981,2,5,0
28202,2,3,98978,98981,98984,3,6,0
28203,4,3,98982,98984,98987,2,5,0
28204,6,1,98988,98988,98989,0,1,1
28205,2,3,98990,98990,98993,0,3,1
28206,5,2,98995,98995,98997,0,2,2
28207,5,1,99000,99000,99001,0,1,3
28208,5,1,99005,99005,99006,0,1,4
28209,6,3,99011,99011,99014,0,3,5
28210,4,1,99015,99015,99016,0,1,1
28211,3,3,99018,99018,99021,0,3,2
28212,2,2,99020,99021,99023,1,3,0
28213,2,3,99022,99023,99026,1,4,0
28214,6,3,99028,99028,99031,0,3,2
28215,5,1,99033,99033,99034,0,1,2
28216,5,2,99038,99038,99040,0,2,4
28217,2,2,99040,99040,99042,0,2,0
28218,1,3,99041,99042,99045,1,4,0
28219,6,2,99047,99047,99049,0,2,2
28220,4,3,99051,99051,99054,0,3,2
28221,3,3,99054,99054,99057,0,3,0
28222,4,3,99058,99058,99061,0,3,1
28223,6,3,99064,99064,99067,0,3,3
28224,5,3,99069,99069,99072,0,3,2
28225,4,1,99073,99073,99074,0,1,1
28226,6,1,99079,99079,99080,0,1,5
28227,4,3,99083,99083,99086,0,3,3
28228,6,1,99089,99089,99090,0,1,3
28229,5,2,99094,99094,99096,0,2,4
28230,6,2,99100,99100,99102,0,2,4
28231,5,3,99105,99105,99108,0,3,3
28232,5,2,99110,99110,99112,0,2,2
28233,1,2,99111,99112,99114,1,3,0
28234,4,2,99115,99115,99117,0,2,1
28235,4,2,99119,99119,99121,0,2,2
28236,5,3,99124,99124,99127,0,3,3
28237,6,3,99130,99130,99133,0,3,3
28238,6,3,99136,99136,99139,0,3,3
28239,4,1,99140,99140,99141,0,1,1
28240,6,1,99146,99146,99147,0,1,5
28241,3,1,99149,99149,99150,0,1,2
28242,1,2,99150,99150,99152,0,2,0
28243,3,2,99153,99153,99155,0,2,1
28244,6,1,99159,99159,99160,0,1,4
28245,3,3,99162,99162,99165,0,3,2
28246,1,3,99163,99165,99168,2,5,0
28247,5,1,99168,99168,99169,0,1,0
28248,5,1,99173,99173,99174,0,1,4
28249,2,2,99175,99175,99177,0,2,1
28250,6,3,99181,99181,99184,0,3,4
28251,3,2,99184,99184,99186,0,2,0
28252,5,2,99189,99189,99191,0,2,3
28253,6,2,99195,99195,99197,0,2,4
28254,1,3,99196,99197,99200,1,4,0
28255,1,1,99197,99200,99201,3,4,0
28256,4,1,99201,99201,99202,0,1,0
28257,2,2,99203,99203,99205,0,2,1
28258,2,1,99205,99205,99206,0,1,0
28259,6,3,99211,99211,99214,0,3,5
28260,4,3,99215,99215,99218,0,3,1
28261,4,3,99219,99219,99222,0,3,1
28262,5,2,99224,99224,99226,0,2,2
28263,3,1,99227,99227,99228,0,1,1
28264,5,2,99232,99232,99234,0,2,4
28265,5,1,99237,99237,99238,0,1,3
28266,2,1,99239,99239,99240,0,1,1
28267,2,2,99241,99241,99243,0,2,1
28268,5,3,99246,99246,99249,0,3,3
28269,3,1,99249,99249,99250,0,1,0
28270,2,2,99251,99251,99253,0,2,1
28271,6,2,99257,99257,99259,0,2,4
28272,2,3,99259,99259,99262,0,3,0
28273,2,3,99261,99262,99265,1,4,0
28274,1,1,99262,99265,99266,3,4,0
28275,2,1,99264,99266,99267,2,3,0
28276,1,3,99265,99267,99270,2,5,0
28277,4,2,99269,99270,99272,1,3,0
28278,4,2,99273,99273,99275,0,2,1
28279,3,1,99276,99276,99277,0,1,1
28280,3,2,99279,99279,99281,0,2,2
28281,5,2,99284,99284,99286,0,2,3
28282,6,3,99290,99290,99293,0,3,4
28283,5,1,99295,99295,99296,0,1,2
28284,2,2,99297,99297,99299,0,2,1
28285,2,3,99299,99299,99302,0,3,0
28286,3,1,99302,99302,99303,0,1,0
28287,3,3,99305,99305,99308,0,3,2
28288,5,1,99310,99310,99311,0,1,2
28289,3,2,99313,99313,99315,0,2,2
28290,3,1,99316,99316,99317,0,1,1
28291,1,2,99317,99317,99319,0,2,0
28292,5,3,99322,99322,99325,0,3,3
28293,1,1,99323,99325,99326,2,3,0
28294,3,2,99326,99326,99328,0,2,0
28295,2,3,99328,99328,99331,0,3,0
28296,6,2,99334,99334,99336,0,2,3
28297,2,2,99336,99336,99338,0,2,0
28298,2,1,99338,99338,99339,0,1,0
28299,6,3,99344,99344,99347,0,3,5
28300,2,2,99346,99347,99349,1,3,0
28301,4,1,99350,99350,99351,0,1,1
28302,4,1,99354,99354,99355,0,1,3
28303,1,1,99355,99355,99356,0,1,0
28304,4,1,99359,99359,99360,0,1,3
28305,5,1,99364,99364,99365,0,1,4
28306,6,1,99370,99370,99371,0,1,5
28307,5,2,99375,99375,99377,0,2,4
28308,5,2,99380,99380,99382,0,2,3
28309,6,1,99386,99386,99387,0,1,4
28310,1,2,99387,99387,99389,0,2,0
28311,2,2,99389,99389,99391,0,2,0
28312,1,1,99390,99391,99392,1,2,0
28313,2,1,99392,99392,99393,0,1,0
28314,4,3,99396,99396,99399,0,3,3
28315,5,3,99401,99401,99404,0,3,2
28316,3,1,99404,99404,99405,0,1,0
28317,2,3,99406,99406,99409,0,3,1
28318,5,3,99411,99411,99414,0,3,2
28319,5,3,99416,99416,99419,0,3,2
28320,1,3,99417,99419,99422,2,5,0
28321,2,1,99419,99422,99423,3,4,0
28322,3,1,99422,99423,99424,1,2,0
28323,3,1,99425,99425,99426,0,1,1
28324,5,1,99430,99430,99431,0,1,4
28325,5,2,99435,99435,99437,0,2,4
28326,1,3,99436,99437,99440,1,4,0
28327,3,1,99439,99440,99441,1,2,0
28328,1,1,99440,99441,99442,1,2,0
28329,5,3,99445,99445,99448,0,3,3
28330,4,1,99449,99449,99450,0,1,1
28331,4,2,99453,99453,99455,0,2,3
28332,3,3,99456,99456,99459,0,3,1
28333,5,2,99461,99461,99463,0,2,2
28334,4,1,99465,99465,99466,0,1,2
28335,3,1,99468,99468,99469,0,1,2
28336,4,2,99472,99472,99474,0,2,3
28337,3,1,99475,99475,99476,0,1,1
28338,5,1,99480,99480,99481,0,1,4
28339,3,3,99483,99483,99486,0,3,2
28340,6,2,99489,99489,99491,0,2,3
28341,3,1,99492,99492,99493,0,1,1
28342,4,2,99496,99496,99498,0,2,3
28343,1,2,99497,99498,99500,1,3,0
28344,1,1,99498,99500,99501,2,3,0
28345,5,3,99503,99503,99506,0,3,2
28346,3,2,99506,99506,99508,0,2,0
28347,1,3,99507,99508,99511,1,4,0
28348,4,2,99511,99511,99513,0,2,0
28349,5,3,99516,99516,99519,0,3,3
28350,1,2,99517,99519,99521,2,4,0
28351,4,3,99521,99521,99524,0,3,0
28352,1,3,99522,99524,99527,2,5,0
28353,3,2,99525,99527,99529,2,4,0
28354,1,2,99526,99529,99531,3,5,0
28355,3,3,99529,99531,99534,2,5,0
28356,5,2,99534,99534,99536,0,2,0
28357,2,3,99536,99536,99539,0,3,0
28358,6,1,99542,99542,99543,0,1,3
28359,2,1,99544,99544,99545,0,1,1
28360,5,1,99549,99549,99550,0,1,4
28361,1,3,99550,99550,99553,0,3,0
28362,1,3,99551,99553,99556,2,5,0
28363,6,2,99557,99557,99559,0,2,1
28364,5,3,99562,99562,99565,0,3,3
28365,2,2,99564,99565,99567,1,3,0
28366,5,3,99569,99569,99572,0,3,2
28367,3,3,99572,99572,99575,0,3,0
28368,6,3,99578,99578,99581,0,3,3
28369,2,2,99580,99581,99583,1,3,0
28370,4,2,99584,99584,99586,0,2,1
28371,4,3,99588,99588,99591,0,3,2
28372,6,3,99594,99594,99597,0,3,3
28373,1,2,99595,99597,99599,2,4,0
28374,6,3,99601,99601,99604,0,3,2
28375,1,2,99602,99604,99606,2,4,0
28376,3,3,99605,99606,99609,1,4,0
28377,1,2,99606,99609,99611,3,5,0
28378,3,1,99609,99611,99612,2,3,0
28379,3,3,99612,99612,99615,0,3,0
28380,1,1,99613,99615,99616,2,3,0
28381,5,1,99618,99618,99619,0,1,2
28382,4,3,99622,99622,99625,0,3,3
28383,3,3,99625,99625,99628,0,3,0
28384,2,1,99627,99628,99629,1,2,0
28385,3,1,99630,99630,99631,0,1,1
28386,6,2,99636,99636,99638,0,2,5
28387,2,1,99638,99638,99639,0,1,0
28388,2,3,99640,99640,99643,0,3,1
28389,2,2,99642,99643,99645,1,3,0
28390,5,1,99647,99647,99648,0,1,2
28391,3,3,99650,99650,99653,0,3,2
28392,5,3,99655,99655,99658,0,3,2
28393,4,2,99659,99659,99661,0,2,1
28394,2,3,99661,99661,99664,0,3,0
28395,5,2,99666,99666,99668,0,2,2
28396,5,1,99671,99671,99672,0,1,3
28397,4,3,99675,99675,99678,0,3,3
28398,3,3,99678,99678,99681,0,3,0
28399,1,2,99679,99681,99683,2,4,0
28400,6,3,99685,99685,99688,0,3,2
28401,4,1,99689,99689,99690,0,1,1
28402,6,3,99695,99695,99698,0,3,5
28403,2,1,99697,99698,99699,1,2,0
28404,6,2,99703,99703,99705,0,2,4
28405,2,2,99705,99705,99707,0,2,0
28406,5,2,99710,99710,99712,0,2,3
28407,1,2,99711,99712,99714,1,3,0
28408,3,2,99714,99714,99716,0,2,0
28409,1,2,99715,99716,99718,1,3,0
28410,2,3,99717,99718,99721,1,4,0
28411,3,1,99720,99721,99722,1,2,0
28412,4,3,99724,99724,99727,0,3,2
28413,6,2,99730,99730,99732,0,2,3
28414,1,3,99731,99732,99735,1,4,0
28415,1,2,99732,99735,99737,3,5,0
28416,3,3,99735,99737,99740,2,5,0
28417,5,2,99740,99740,99742,0,2,0
28418,5,2,99745,99745,99747,0,2,3
28419,3,1,99748,99748,99749,0,1,1
28420,5,1,99753,99753,99754,0,1,4
28421,2,2,99755,99755,99757,0,2,1
28422,6,2,99761,99761,99763,0,2,4
28423,6,2,99767,99767,99769,0,2,4
28424,5,1,99772,99772,99773,0,1,3
28425,4,1,99776,99776,99777,0,1,3
28426,1,2,99777,99777,99779,0,2,0
28427,2,1,99779,99779,99780,0,1,0
28428,1,1,99780,99780,99781,0,1,0
28429,5,3,99785,99785,99788,0,3,4
28430,1,1,99786,99788,99789,2,3,0
28431,1,1,99787,99789,99790,2,3,0
28432,4,3,99791,99791,99794,0,3,1
28433,1,1,99792,99794,99795,2,3,0
28434,5,1,99797,99797,99798,0,1,2
28435,4,3,99801,99801,99804,0,3,3
28436,2,2,99803,99804,99806,1,3,0
28437,1,1,99804,99806,99807,2,3,0
28438,6,1,99810,99810,99811,0,1,3
28439,1,2,99811,99811,99813,0,2,0
28440,1,3,99812,99813,99816,1,4,0
28441,4,1,99816,99816,99817,0,1,0
28442,2,2,99818,99818,99820,0,2,1
28443,1,2,99819,99820,99822,1,3,0
28444,4,2,99823,99823,99825,0,2,1
28445,3,1,99826,99826,99827,0,1,1
28446,3,3,99829,99829,99832,0,3,2
28447,1,3,99830,99832,99835,2,5,0
28448,4,1,99834,99835,99836,1,2,0
28449,1,3,99835,99836,99839,1,4,0
28450,3,1,99838,99839,99840,1,2,0
28451,4,3,99842,99842,99845,0,3,2
28452,4,3,99846,99846,99849,0,3,1
28453,4,2,99850,99850,99852,0,2,1
28454,5,2,99855,99855,99857,0,2,3
28455,1,2,99856,99857,99859,1,3,0
28456,6,1,99862,99862,99863,0,1,3
28457,4,3,99866,99866,99869,0,3,3
28458,5,2,99871,99871,99873,0,2,2
28459,3,3,99874,99874,99877,0,3,1
28460,6,3,99880,99880,99883,0,3,3
28461,3,3,99883,99883,99886,0,3,0
28462,6,2,99889,99889,99891,0,2,3
28463,3,3,99892,99892,99895,0,3,1
28464,6,1,99898,99898,99899,0,1,3
28465,5,1,99903,99903,99904,0,1,4
28466,5,3,99908,99908,99911,0,3,4
28467,6,3,99914,99914,99917,0,3,3
28468,2,1,99916,99917,99918,1,2,0
28469,1,3,99917,99918,99921,1,4,0
28470,4,2,99921,99921,99923,0,2,0
28471,1,3,99922,99923,99926,1,4,0
28472,6,3,99928,99928,99931,0,3,2
28473,2,2,99930,99931,99933,1,3,0
28474,5,3,99935,99935,99938,0,3,2
28475,4,3,99939,99939,99942,0,3,1
28476,6,3,99945,99945,99948,0,3,3
28477,2,1,99947,99948,99949,1,2,0
28478,4,2,99951,99951,99953,0,2,2
28479,2,1,99953,99953,99954,0,1,0
28480,1,1,99954,99954,99955,0,1,0
28481,4,2,99958,99958,99960,0,2,3
28482,1,3,99959,99960,99963,1,4,0
28483,3,1,99962,99963,99964,1,2,0
28484,3,2,99965,99965,99967,0,2,1
28485,6,1,99971,99971,99972,0,1,4
28486,6,1,99977,99977,99978,0,1,5
28487,6,1,99983,99983,99984,0,1,5
28488,2,1,99985,99985,99986,0,1,1
28489,5,2,99990,99990,99992,0,2,4
28490,2,2,99992,99992,99994,0,2,0
28491,4,3,99996,99996,99999,0,3,2
28492,5,3,100001,100001,100004,0,3,2
28493,3,3,100004,100004,100007,0,3,0
28494,1,3,100005,100007,100010,2,5,0
28495,3,2,100008,100010,100012,2,4,0
28496,1,1,100009,100012,100013,3,4,0
28497,1,1,100010,100013,100014,3,4,0
28498,6,1,100016,100016,100017,0,1,2
28499,4,3,100020,100020,100023,0,3,3
28500,5,2,100025,100025,100027,0,2,2
28501,3,1,100028,100028,100029,0,1,1
28502,4,3,100032,100032,100035,0,3,3
28503,1,1,100033,100035,100036,2,3,0
28504,3,3,100036,100036,100039,0,3,0
28505,6,3,100042,100042,100045,0,3,3
28506,2,3,100044,100045,100048,1,4,0
28507,1,2,100045,100048,100050,3,5,0
28508,6,2,100051,100051,100053,0,2,1
28509,5,3,100056,100056,100059,0,3,3
28510,2,1,100058,100059,100060,1,2,0
28511,3,3,100061,100061,100064,0,3,1
28512,4,2,100065,100065,100067,0,2,1
28513,3,1,100068,100068,100069,0,1,1
28514,6,2,100074,100074,100076,0,2,5
28515,3,1,100077,100077,100078,0,1,1
28516,2,1,100079,100079,100080,0,1,1
28517,2,2,100081,100081,100083,0,2,1
28518,3,1,100084,100084,100085,0,1,1
28519,5,2,100089,100089,100091,0,2,4
28520,3,2,100092,100092,100094,0,2,1
28521,4,1,100096,100096,100097,0,1,2
28522,6,3,100102,100102,100105,0,3,5
28523,3,2,100105,100105,100107,0,2,0
28524,2,3,100107,100107,100110,0,3,0
28525,1,1,100108,100110,100111,2,3,0
28526,3,1,100111,100111,100112,0,1,0
28527,5,1,100116,100116,100117,0,1,4
28528,1,2,100117,100117,100119,0,2,0
28529,1,3,100118,100119,100122,1,4,0
28530,5,2,100123,100123,100125,0,2,1
28531,6,3,100129,100129,100132,0,3,4
28532,1,1,100130,100132,100133,2,3,0
28533,4,1,100134,100134,100135,0,1,1
28534,6,1,100140,100140,100141,0,1,5
28535,1,2,100141,100141,100143,0,2,0
28536,3,1,100144,100144,100145,0,1,1
28537,2,3,100146,100146,100149,0,3,1
28538,6,1,100152,100152,100153,0,1,3
28539,3,3,100155,100155,100158,0,3,2
28540,6,1,100161,100161,100162,0,1,3
28541,3,2,100164,100164,100166,0,2,2
28542,6,1,100170,100170,100171,0,1,4
28543,4,3,100174,100174,100177,0,3,3
28544,4,2,100178,100178,100180,0,2,1
28545,3,2,100181,100181,100183,0,2,1
28546,5,2,100186,100186,100188,0,2,3
28547,4,3,100190,100190,100193,0,3,2
28548,5,1,100195,100195,100196,0,1,2
28549,4,1,100199,100199,100200,0,1,3
28550,2,1,100201,100201,100202,0,1,1
28551,4,1,100205,100205,100206,0,1,3
28552,3,2,100208,100208,100210,0,2,2
28553,3,3,100211,100211,100214,0,3,1
28554,2,1,100213,100214,100215,1,2,0
28555,1,1,100214,100215,100216,1,2,0
28556,2,1,100216,100216,100217,0,1,0
28557,6,3,100222,100222,100225,0,3,5
28558,5,2,100227,100227,100229,0,2,2
28559,5,3,100232,100232,100235,0,3,3
28560,5,3,100237,100237,100240,0,3,2
28561,1,1,100238,100240,100241,2,3,0
28562,5,2,100243,100243,100245,0,2,2
28563,5,3,100248,100248,100251,0,3,3
28564,1,2,100249,100251,100253,2,4,0
28565,4,2,100253,100253,100255,0,2,0
28566,4,2,100257,100257,100259,0,2,2
28567,6,1,100263,100263,100264,0,1,4
28568,4,3,100267,100267,100270,0,3,3
28569,5,3,100272,100272,100275,0,3,2
28570,2,2,100274,100275,100277,1,3,0
28571,1,1,100275,100277,100278,2,3,0
28572,3,2,100278,100278,100280,0,2,0
28573,2,2,100280,100280,100282,0,2,0
28574,4,3,100284,100284,100287,0,3,2
28575,6,2,100290,100290,100292,0,2,3
28576,3,2,100293,100293,100295,0,2,1
28577,6,2,100299,100299,100301,0,2,4
28578,4,1,100303,100303,100304,0,1,2
28579,5,3,100308,100308,100311,0,3,4
28580,5,2,100313,100313,100315,0,2,2
28581,3,2,100316,100316,100318,0,2,1
28582,6,1,100322,100322,100323,0,1,4
28583,3,3,100325,100325,100328,0,3,2
28584,5,1,100330,100330,100331,0,1,2
28585,5,1,100335,100335,100336,0,1,4
28586,5,2,100340,100340,100342,0,2,4
28587,1,2,100341,100342,100344,1,3,0
28588,1,2,100342,100344,100346,2,4,0
28589,1,2,100343,100346,100348,3,5,0
28590,2,2,100345,100348,100350,3,5,0
28591,2,2,100347,100350,100352,3,5,0
28592,3,3,100350,100352,100355,2,5,0
28593,1,1,100351,100355,100356,4,5,0
28594,2,3,100353,100356,100359,3,6,0
28595,6,3,100359,100359,100362,0,3,0
28596,4,1,100363,100363,100364,0,1,1
28597,2,2,100365,100365,100367,0,2,1
28598,2,2,100367,100367,100369,0,2,0
28599,1,2,100368,100369,100371,1,3,0
28600,6,2,100374,100374,100376,0,2,3
28601,6,1,100380,100380,100381,0,1,4
28602,6,1,100386,100386,100387,0,1,5
28603,6,2,100392,100392,100394,0,2,5
28604,5,2,100397,100397,100399,0,2,3
28605,3,2,100400,100400,100402,0,2,1
28606,6,1,100406,100406,100407,0,1,4
28607,3,3,100409,100409,100412,0,3,2
28608,4,1,100413,100413,100414,0,1,1
28609,3,3,100416,100416,100419,0,3,2
28610,2,2,100418,100419,100421,1,3,0
28611,4,1,100422,100422,100423,0,1,1
28612,5,1,100427,100427,100428,0,1,4
28613,1,2,100428,100428,100430,0,2,0
28614,6,3,100434,100434,100437,0,3,4
28615,2,1,100436,100437,100438,1,2,0
28616,3,2,100439,100439,100441,0,2,1
28617,4,3,100443,100443,100446,0,3,2
28618,2,2,100445,100446,100448,1,3,0
28619,1,1,100446,100448,100449,2,3,0
28620,6,3,100452,100452,100455,0,3,3
28621,5,1,100457,100457,100458,0,1,2
28622,5,2,100462,100462,100464,0,2,4
28623,1,3,100463,100464,100467,1,4,0
28624,2,1,100465,100467,100468,2,3,0
28625,1,2,100466,100468,100470,2,4,0
28626,3,1,100469,100470,100471,1,2,0
28627,4,3,100473,100473,100476,0,3,2
28628,3,2,100476,100476,100478,0,2,0
28629,2,3,100478,100478,100481,0,3,0
28630,6,3,100484,100484,100487,0,3,3
28631,1,1,100485,100487,100488,2,3,0
28632,2,1,100487,100488,100489,1,2,0
28633,5,3,100492,100492,100495,0,3,3
28634,5,1,100497,100497,100498,0,1,2
28635,2,1,100499,100499,100500,0,1,1
28636,2,3,100501,100501,100504,0,3,1
28637,2,2,100503,100504,100506,1,3,0
28638,2,2,100505,100506,100508,1,3,0
28639,1,1,100506,100508,100509,2,3,0
28640,2,1,100508,100509,100510,1,2,0
28641,1,3,100509,100510,100513,1,4,0
28642,3,2,100512,100513,100515,1,3,0
28643,4,3,100516,100516,100519,0,3,1
28644,3,2,100519,100519,100521,0,2,0
28645,3,3,100522,100522,100525,0,3,1
28646,3,2,100525,100525,100527,0,2,0
28647,4,2,100529,100529,100531,0,2,2
28648,4,1,100533,100533,100534,0,1,2
28649,2,2,100535,100535,100537,0,2,1
28650,3,2,100538,100538,100540,0,2,1
28651,6,2,100544,100544,100546,0,2,4
28652,3,2,100547,100547,100549,0,2,1
28653,6,2,100553,100553,100555,0,2,4
28654,1,1,100554,100555,100556,1,2,0
28655,3,1,100557,100557,100558,0,1,1
28656,6,2,100563,100563,100565,0,2,5
28657,3,1,100566,100566,100567,0,1,1
28658,4,2,100570,100570,100572,0,2,3
28659,3,3,100573,100573,100576,0,3,1
28660,4,3,100577,100577,100580,0,3,1
28661,1,3,100578,100580,100583,2,5,0
28662,2,2,100580,100583,100585,3,5,0
28663,3,2,100583,100585,100587,2,4,0
28664,4,1,100587,100587,100588,0,1,0
28665,6,2,100593,100593,100595,0,2,5
28666,1,3,100594,100595,100598,1,4,0
28667,1,1,100595,100598,100599,3,4,0
28668,2,1,100597,100599,100600,2,3,0
28669,2,1,100599,100600,100601,1,2,0
28670,4,3,100603,100603,100606,0,3,2
28671,4,2,100607,100607,100609,0,2,1
28672,6,1,100613,100613,100614,0,1,4
28673,5,3,100618,100618,100621,0,3,4
28674,4,1,100622,100622,100623,0,1,1
28675,4,2,100626,100626,100628,0,2,3
28676,4,1,100630,100630,100631,0,1,2
28677,1,3,100631,100631,100634,0,3,0
28678,5,1,100636,100636,100637,0,1,2
28679,6,2,100642,100642,100644,0,2,5
28680,3,1,100645,100645,100646,0,1,1
28681,6,2,100651,100651,100653,0,2,5
28682,4,2,100655,100655,100657,0,2,2
28683,2,3,100657,100657,100660,0,3,0
28684,1,3,100658,100660,100663,2,5,0
28685,4,1,100662,100663,100664,1,2,0
28686,2,1,100664,100664,100665,0,1,0
28687,3,2,100667,100667,100669,0,2,2
28688,2,2,100669,100669,100671,0,2,0
28689,3,3,100672,100672,100675,0,3,1
28690,5,3,100677,100677,100680,0,3,2
28691,3,3,100680,100680,100683,0,3,0
28692,2,1,100682,100683,100684,1,2,0
28693,6,1,100688,100688,100689,0,1,4
28694,4,3,100692,100692,100695,0,3,3
28695,2,2,100694,100695,100697,1,3,0
28696,4,2,100698,100698,100700,0,2,1
28697,5,1,100703,100703,100704,0,1,3
28698,6,2,100709,100709,100711,0,2,5
28699,1,3,100710,100711,100714,1,4,0
28700,6,1,100716,100716,100717,0,1,2
28701,6,3,100722,100722,100725,0,3,5
28702,2,3,100724,100725,100728,1,4,0
28703,1,3,100725,100728,100731,3,6,0
28704,2,2,100727,100731,100733,4,6,0
28705,3,2,100730,100733,100735,3,5,0
28706,4,1,100734,100735,100736,1,2,0
28707,2,2,100736,100736,100738,0,2,0
28708,6,3,100742,100742,100745,0,3,4
28709,5,1,100747,100747,100748,0,1,2
28710,4,2,100751,100751,100753,0,2,3
28711,5,1,100756,100756,100757,0,1,3
28712,1,1,100757,100757,100758,0,1,0
28713,2,3,100759,100759,100762,0,3,1
28714,1,2,100760,100762,100764,2,4,0
28715,5,1,100765,100765,100766,0,1,1
28716,1,1,100766,100766,100767,0,1,0
28717,3,1,100769,100769,100770,0,1,2
28718,6,3,100775,100775,100778,0,3,5
28719,5,1,100780,100780,100781,0,1,2
28720,1,3,100781,100781,100784,0,3,0
28721,4,1,100785,100785,100786,0,1,1
28722,1,2,100786,100786,100788,0,2,0
28723,4,1,100790,100790,100791,0,1,2
28724,5,3,100795,100795,100798,0,3,4
28725,1,2,100796,100798,100800,2,4,0
28726,4,2,100800,100800,100802,0,2,0
28727,1,3,100801,100802,100805,1,4,0
28728,6,3,100807,100807,100810,0,3,2
28729,1,1,100808,100810,100811,2,3,0
28730,3,2,100811,100811,100813,0,2,0
28731,3,2,100814,100814,100816,0,2,1
28732,5,2,100819,100819,100821,0,2,3
28733,5,2,100824,100824,100826,0,2,3
28734,1,3,100825,100826,100829,1,4,0
28735,6,2,100831,100831,100833,0,2,2
28736,1,3,100832,100833,100836,1,4,0
28737,1,3,100833,100836,100839,3,6,0
28738,4,1,100837,100839,100840,2,3,0
28739,1,3,100838,100840,100843,2,5,0
28740,3,1,100841,100843,100844,2,3,0
28741,2,2,100843,100844,100846,1,3,0
28742,2,2,100845,100846,100848,1,3,0
28743,1,2,100846,100848,100850,2,4,0
28744,1,3,100847,100850,100853,3,6,0
28745,3,3,100850,100853,100856,3,6,0
28746,6,2,100856,100856,100858,0,2,0
28747,5,1,100861,100861,100862,0,1,3
28748,3,2,100864,100864,100866,0,2,2
28749,2,2,100866,100866,100868,0,2,0
28750,4,1,100870,100870,100871,0,1,2
28751,5,2,100875,100875,100877,0,2,4
28752,4,3,100879,100879,100882,0,3,2
28753,6,2,100885,100885,100887,0,2,3
28754,3,3,100888,100888,100891,0,3,1
28755,2,3,100890,100891,100894,1,4,0
28756,6,1,100896,100896,100897,0,1,2
28757,1,2,100897,100897,100899,0,2,0
28758,1,3,100898,100899,100902,1,4,0
28759,5,2,100903,100903,100905,0,2,1
28760,6,1,100909,100909,100910,0,1,4
28761,6,2,100915,100915,100917,0,2,5
28762,6,2,100921,100921,100923,0,2,4
28763,3,2,100924,100924,100926,0,2,1
28764,5,2,100929,100929,100931,0,2,3
28765,3,2,100932,100932,100934,0,2,1
28766,2,3,100934,100934,100937,0,3,0
28767,3,3,100937,100937,100940,0,3,0
28768,2,2,100939,100940,100942,1,3,0
28769,3,2,100942,100942,100944,0,2,0
28770,4,1,100946,100946,100947,0,1,2
28771,2,1,100948,100948,100949,0,1,1
28772,5,2,100953,100953,100955,0,2,4
28773,6,2,100959,100959,100961,0,2,4
28774,1,3,100960,100961,100964,1,4,0
28775,6,2,100966,100966,100968,0,2,2
28776,4,2,100970,100970,100972,0,2,2
28777,1,3,100971,100972,100975,1,4,0
28778,6,3,100977,100977,100980,0,3,2
28779,4,3,100981,100981,100984,0,3,1
28780,3,1,100984,100984,100985,0,1,0
28781,6,1,100990,100990,100991,0,1,5
28782,1,3,100991,100991,100994,0,3,0
28783,4,1,100995,100995,100996,0,1,1
28784,4,2,100999,100999,101001,0,2,3
28785,6,1,101005,101005,101006,0,1,4
28786,1,2,101006,101006,101008,0,2,0
28787,2,1,101008,101008,101009,0,1,0
28788,3,2,101011,101011,101013,0,2,2
28789,5,1,101016,101016,101017,0,1,3
28790,3,1,101019,101019,101020,0,1,2
28791,2,2,101021,101021,101023,0,2,1
28792,5,2,101026,101026,101028,0,2,3
28793,3,2,101029,101029,101031,0,2,1
28794,1,1,101030,101031,101032,1,2,0
28795,2,1,101032,101032,101033,0,1,0
28796,1,3,101033,101033,101036,0,3,0
28797,1,2,101034,101036,101038,2,4,0
28798,3,2,101037,101038,101040,1,3,0
28799,5,3,101042,101042,101045,0,3,2
28800,4,3,101046,101046,101049,0,3,1
28801,4,2,101050,101050,101052,0,2,1
28802,5,2,101055,101055,101057,0,2,3
28803,5,2,101060,101060,101062,0,2,3
28804,1,3,101061,101062,101065,1,4,0
28805,3,2,101064,101065,101067,1,3,0
28806,2,2,101066,101067,101069,1,3,0
28807,1,2,101067,101069,101071,2,4,0
28808,6,2,101073,101073,101075,0,2,2
28809,2,2,101075,101075,101077,0,2,0
28810,3,3,101078,101078,101081,0,3,1
28811,3,1,101081,101081,101082,0,1,0
28812,2,3,101083,101083,101086,0,3,1
28813,3,3,101086,101086,101089,0,3,0
28814,1,1,101087,101089,101090,2,3,0
28815,5,2,101092,101092,101094,0,2,2
28816,2,1,101094,101094,101095,0,1,0
28817,6,2,101100,101100,101102,0,2,5
28818,2,3,101102,101102,101105,0,3,0
28819,3,2,101105,101105,101107,0,2,0
28820,1,1,101106,101107,101108,1,2,0
28821,6,1,101112,101112,101113,0,1,4
28822,2,1,101114,101114,101115,0,1,1
28823,4,2,101118,101118,101120,0,2,3
28824,5,2,101123,101123,101125,0,2,3
28825,5,3,101128,101128,101131,0,3,3
28826,5,2,101133,101133,101135,0,2,2
28827,5,3,101138,101138,101141,0,3,3
28828,5,2,101143,101143,101145,0,2,2
28829,5,2,101148,101148,101150,0,2,3
28830,1,2,101149,101150,101152,1,3,0
28831,1,1,101150,101152,101153,2,3,0
28832,6,1,101156,101156,101157,0,1,3
28833,4,1,101160,101160,101161,0,1,3
28834,5,3,101165,101165,101168,0,3,4
28835,1,1,101166,101168,101169,2,3,0
28836,3,1,101169,101169,101170,0,1,0
28837,5,1,101174,101174,101175,0,1,4
28838,2,3,101176,101176,101179,0,3,1
28839,3,3,101179,101179,101182,0,3,0
28840,4,3,101183,101183,101186,0,3,1
28841,2,3,101185,101186,101189,1,4,0
28842,3,2,101188,101189,101191,1,3,0
28843,5,1,101193,101193,101194,0,1,2
28844,5,3,101198,101198,101201,0,3,4
28845,3,2,101201,101201,101203,0,2,0
28846,1,2,101202,101203,101205,1,3,0
28847,3,3,101205,101205,101208,0,3,0
28848,4,1,101209,101209,101210,0,1,1
28849,1,3,101210,101210,101213,0,3,0
28850,5,3,101215,101215,101218,0,3,2
28851,6,2,101221,101221,101223,0,2,3
28852,4,1,101225,101225,101226,0,1,2
28853,6,2,101231,101231,101233,0,2,5
28854,5,2,101236,101236,101238,0,2,3
28855,1,3,101237,101238,101241,1,4,0
28856,4,2,101241,101241,101243,0,2,0
28857,5,2,101246,101246,101248,0,2,3
28858,1,2,101247,101248,101250,1,3,0
28859,5,1,101252,101252,101253,0,1,2
28860,1,2,101253,101253,101255,0,2,0
28861,2,2,101255,101255,101257,0,2,0
28862,6,1,101261,101261,101262,0,1,4
28863,6,2,101267,101267,101269,0,2,5
28864,4,1,101271,101271,101272,0,1,2
28865,5,3,101276,101276,101279,0,3,4
28866,4,3,101280,101280,101283,0,3,1
28867,3,3,101283,101283,101286,0,3,0
28868,1,1,101284,101286,101287,2,3,0
28869,6,2,101290,101290,101292,0,2,3
28870,5,3,101295,101295,101298,0,3,3
28871,6,2,101301,101301,101303,0,2,3
28872,1,2,101302,101303,101305,1,3,0
28873,4,3,101306,101306,101309,0,3,1
28874,3,1,101309,101309,101310,0,1,0
28875,2,2,101311,101311,101313,0,2,1
28876,1,2,101312,101313,101315,1,3,0
28877,4,3,101316,101316,101319,0,3,1
28878,3,1,101319,101319,101320,0,1,0
28879,2,3,101321,101321,101324,0,3,1
28880,3,2,101324,101324,101326,0,2,0
28881,2,3,101326,101326,101329,0,3,0
28882,6,2,101332,101332,101334,0,2,3
28883,1,2,101333,101334,101336,1,3,0
28884,4,3,101337,101337,101340,0,3,1
28885,5,1,101342,101342,101343,0,1,2
28886,1,3,101343,101343,101346,0,3,0
28887,6,3,101349,101349,101352,0,3,3
28888,4,2,101353,101353,101355,0,2,1
28889,2,1,101355,101355,101356,0,1,0
28890,2,1,101357,101357,101358,0,1,1
28891,3,3,101360,101360,101363,0,3,2
28892,3,3,101363,101363,101366,0,3,0
28893,4,2,101367,101367,101369,0,2,1
28894,6,3,101373,101373,101376,0,3,4
28895,6,2,101379,101379,101381,0,2,3
28896,3,3,101382,101382,101385,0,3,1
28897,2,2,101384,101385,101387,1,3,0
28898,6,3,101390,101390,101393,0,3,3
28899,1,3,101391,101393,101396,2,5,0
28900,3,1,101394,101396,101397,2,3,0
28901,4,3,101398,101398,101401,0,3,1
28902,2,2,101400,101401,101403,1,3,0
28903,6,1,101406,101406,101407,0,1,3
28904,4,1,101410,101410,101411,0,1,3
28905,3,1,101413,101413,101414,0,1,2
28906,3,1,101416,101416,101417,0,1,2
28907,6,2,101422,101422,101424,0,2,5
28908,3,2,101425,101425,101427,0,2,1
28909,4,1,101429,101429,101430,0,1,2
28910,1,3,101430,101430,101433,0,3,0
28911,2,1,101432,101433,101434,1,2,0
28912,5,1,101437,101437,101438,0,1,3
28913,2,3,101439,101439,101442,0,3,1
28914,2,2,101441,101442,101444,1,3,0
28915,6,1,101447,101447,101448,0,1,3
28916,5,3,101452,101452,101455,0,3,4
28917,2,3,101454,101455,101458,1,4,0
28918,4,2,101458,101458,101460,0,2,0
28919,4,1,101462,101462,101463,0,1,2
28920,5,3,101467,101467,101470,0,3,4
28921,5,3,101472,101472,101475,0,3,2
28922,2,2,101474,101475,101477,1,3,0
28923,4,2,101478,101478,101480,0,2,1
28924,1,2,101479,101480,101482,1,3,0
28925,3,2,101482,101482,101484,0,2,0
28926,6,3,101488,101488,101491,0,3,4
28927,6,1,101494,101494,101495,0,1,3
28928,3,1,101497,101497,101498,0,1,2
28929,2,1,101499,101499,101500,0,1,1
28930,4,1,101503,101503,101504,0,1,3
28931,6,2,101509,101509,101511,0,2,5
28932,3,2,101512,101512,101514,0,2,1
28933,2,2,101514,101514,101516,0,2,0
28934,2,1,101516,101516,101517,0,1,0
28935,4,2,101520,101520,101522,0,2,3
28936,1,2,101521,101522,101524,1,3,0
28937,6,3,101527,101527,101530,0,3,3
28938,5,1,101532,101532,101533,0,1,2
28939,2,2,101534,101534,101536,0,2,1
28940,1,3,101535,101536,101539,1,4,0
28941,1,2,101536,101539,101541,3,5,0
28942,2,3,101538,101541,101544,3,6,0
28943,1,1,101539,101544,101545,5,6,0
28944,1,2,101540,101545,101547,5,7,0
28945,3,3,101543,101547,101550,4,7,0
28946,1,1,101544,101550,101551,6,7,0
28947,5,1,101549,101551,101552,2,3,0
28948,5,1,101554,101554,101555,0,1,2
28949,2,3,101556,101556,101559,0,3,1
28950,6,1,101562,101562,101563,0,1,3
28951,3,3,101565,101565,101568,0,3,2
28952,3,3,101568,101568,101571,0,3,0
28953,2,2,101570,101571,101573,1,3,0
28954,5,2,101575,101575,101577,0,2,2
28955,3,2,101578,101578,101580,0,2,1
28956,6,3,101584,101584,101587,0,3,4
28957,3,3,101587,101587,101590,0,3,0
28958,3,1,101590,101590,101591,0,1,0
28959,2,3,101592,101592,101595,0,3,1
28960,1,2,101593,101595,101597,2,4,0
28961,4,3,101597,101597,101600,0,3,0
28962,3,1,101600,101600,101601,0,1,0
28963,2,3,101602,101602,101605,0,3,1
28964,6,3,101608,101608,101611,0,3,3
28965,2,1,101610,101611,101612,1,2,0
28966,1,3,101611,101612,101615,1,4,0
28967,4,2,101615,101615,101617,0,2,0
28968,4,1,101619,101619,101620,0,1,2
28969,6,3,101625,101625,101628,0,3,5
28970,5,3,101630,101630,101633,0,3,2
28971,6,2,101636,101636,101638,0,2,3
28972,3,2,101639,101639,101641,0,2,1
28973,4,2,101643,101643,101645,0,2,2
28974,4,1,101647,101647,101648,0,1,2
28975,2,3,101649,101649,101652,0,3,1
28976,2,3,101651,101652,101655,1,4,0
28977,5,1,101656,101656,101657,0,1,1
28978,3,1,101659,101659,101660,0,1,2
28979,5,3,101664,101664,101667,0,3,4
28980,1,3,101665,101667,101670,2,5,0
28981,1,2,101666,101670,101672,4,6,0
28982,5,2,101671,101672,101674,1,3,0
28983,6,1,101677,101677,101678,0,1,3
28984,2,3,101679,101679,101682,0,3,1
28985,5,3,101684,101684,101687,0,3,2
28986,4,3,101688,101688,101691,0,3,1
28987,4,2,101692,101692,101694,0,2,1
28988,1,3,101693,101694,101697,1,4,0
28989,4,1,101697,101697,101698,0,1,0
28990,6,3,101703,101703,101706,0,3,5
28991,2,3,101705,101706,101709,1,4,0
28992,2,1,101707,101709,101710,2,3,0
28993,6,2,101713,101713,101715,0,2,3
28994,4,3,101717,101717,101720,0,3,2
28995,4,1,101721,101721,101722,0,1,1
28996,5,2,101726,101726,101728,0,2,4
28997,2,3,101728,101728,101731,0,3,0
28998,3,1,101731,101731,101732,0,1,0
28999,4,2,101735,101735,101737,0,2,3
29000,5,3,101740,101740,101743,0,3,3
29001,3,3,101743,101743,101746,0,3,0
29002,2,2,101745,101746,101748,1,3,0
29003,2,3,101747,101748,101751,1,4,0
29004,4,3,101751,101751,101754,0,3,0
29005,2,1,101753,101754,101755,1,2,0
29006,2,1,101755,101755,101756,0,1,0
29007,3,1,101758,101758,101759,0,1,2
29008,4,1,101762,101762,101763,0,1,3
29009,1,2,101763,101763,101765,0,2,0
29010,5,1,101768,101768,101769,0,1,3
29011,5,1,101773,101773,101774,0,1,4
29012,3,3,101776,101776,101779,0,3,2
29013,3,1,101779,101779,101780,0,1,0
29014,1,2,101780,101780,101782,0,2,0
29015,5,3,101785,101785,101788,0,3,3
29016,1,2,101786,101788,101790,2,4,0
29017,6,2,101792,101792,101794,0,2,2
29018,6,3,101798,101798,101801,0,3,4
29019,5,3,101803,101803,101806,0,3,2
29020,3,2,101806,101806,101808,0,2,0
29021,4,2,101810,101810,101812,0,2,2
29022,5,3,101815,101815,101818,0,3,3
29023,2,3,101817,101818,101821,1,4,0
29024,1,3,101818,101821,101824,3,6,0
29025,5,2,101823,101824,101826,1,3,0
29026,3,2,101826,101826,101828,0,2,0
29027,5,3,101831,101831,101834,0,3,3
29028,4,2,101835,101835,101837,0,2,1
29029,5,1,101840,101840,101841,0,1,3
29030,6,2,101846,101846,101848,0,2,5
29031,1,1,101847,101848,101849,1,2,0
29032,4,1,101851,101851,101852,0,1,2
29033,2,1,101853,101853,101854,0,1,1
29034,1,1,101854,101854,101855,0,1,0
29035,3,3,101857,101857,101860,0,3,2
29036,3,3,101860,101860,101863,0,3,0
29037,4,1,101864,101864,101865,0,1,1
29038,6,1,101870,101870,101871,0,1,5
29039,5,3,101875,101875,101878,0,3,4
29040,2,1,101877,101878,101879,1,2,0
29041,6,1,101883,101883,101884,0,1,4
29042,6,1,101889,101889,101890,0,1,5
29043,3,3,101892,101892,101895,0,3,2
29044,4,2,101896,101896,101898,0,2,1
29045,4,2,101900,101900,101902,0,2,2
29046,3,2,101903,101903,101905,0,2,1
29047,2,1,101905,101905,101906,0,1,0
29048,5,1,101910,101910,101911,0,1,4
29049,5,1,101915,101915,101916,0,1,4
29050,2,3,101917,101917,101920,0,3,1
29051,4,1,101921,101921,101922,0,1,1
29052,6,1,101927,101927,101928,0,1,5
29053,4,3,101931,101931,101934,0,3,3
29054,6,1,101937,101937,101938,0,1,3
29055,6,2,101943,101943,101945,0,2,5
29056,2,1,101945,101945,101946,0,1,0
29057,1,3,101946,101946,101949,0,3,0
29058,4,2,101950,101950,101952,0,2,1
29059,3,1,101953,101953,101954,0,1,1
29060,6,3,101959,101959,101962,0,3,5
29061,1,1,101960,101962,101963,2,3,0
29062,6,1,101966,101966,101967,0,1,3
29063,5,1,101971,101971,101972,0,1,4
29064,4,3,101975,101975,101978,0,3,3
29065,5,2,101980,101980,101982,0,2,2
29066,4,1,101984,101984,101985,0,1,2
29067,1,2,101985,101985,101987,0,2,0
29068,4,1,101989,101989,101990,0,1,2
29069,2,3,101991,101991,101994,0,3,1
29070,1,2,101992,101994,101996,2,4,0
29071,5,1,101997,101997,101998,0,1,1
29072,4,3,102001,102001,102004,0,3,3
29073,5,1,102006,102006,102007,0,1,2
29074,4,1,102010,102010,102011,0,1,3
29075,1,2,102011,102011,102013,0,2,0
29076,2,3,102013,102013,102016,0,3,0
29077,4,3,102017,102017,102020,0,3,1
29078,4,1,102021,102021,102022,0,1,1
29079,1,3,102022,102022,102025,0,3,0
29080,6,1,102028,102028,102029,0,1,3
29081,3,2,102031,102031,102033,0,2,2
29082,6,2,102037,102037,102039,0,2,4
29083,2,2,102039,102039,102041,0,2,0
29084,6,3,102045,102045,102048,0,3,4
29085,5,1,102050,102050,102051,0,1,2
29086,5,1,102055,102055,102056,0,1,4
29087,1,1,102056,102056,102057,0,1,0
29088,1,2,102057,102057,102059,0,2,0
29089,2,3,102059,102059,102062,0,3,0
29090,4,3,102063,102063,102066,0,3,1
29091,2,2,102065,102066,102068,1,3,0
29092,6,3,102071,102071,102074,0,3,3
29093,2,2,102073,102074,102076,1,3,0
29094,1,1,102074,102076,102077,2,3,0
29095,1,3,102075,102077,102080,2,5,0
29096,1,3,102076,102080,102083,4,7,0
29097,3,2,102079,102083,102085,4,6,0
29098,1,1,102080,102085,102086,5,6,0
29099,4,1,102084,102086,102087,2,3,0
29100,1,3,102085,102087,102090,2,5,0
29101,4,3,102089,102090,102093,1,4,0
29102,6,1,102095,102095,102096,0,1,2
29103,1,2,102096,102096,102098,0,2,0
29104,6,2,102102,102102,102104,0,2,4
29105,6,1,102108,102108,102109,0,1,4
29106,2,2,102110,102110,102112,0,2,1
29107,2,2,102112,102112,102114,0,2,0
29108,4,2,102116,102116,102118,0,2,2
29109,2,1,102118,102118,102119,0,1,0
29110,4,2,102122,102122,102124,0,2,3
29111,1,3,102123,102124,102127,1,4,0
29112,2,1,102125,102127,102128,2,3,0
29113,4,2,102129,102129,102131,0,2,1
29114,2,1,102131,102131,102132,0,1,0
29115,5,1,102136,102136,102137,0,1,4
29116,3,2,102139,102139,102141,0,2,2
29117,2,3,102141,102141,102144,0,3,0
29118,4,3,102145,102145,102148,0,3,1
29119,3,1,102148,102148,102149,0,1,0
29120,6,2,102154,102154,102156,0,2,5
29121,4,3,102158,102158,102161,0,3,2
29122,3,2,102161,102161,102163,0,2,0
29123,4,1,102165,102165,102166,0,1,2
29124,6,2,102171,102171,102173,0,2,5
29125,6,2,102177,102177,102179,0,2,4
29126,6,1,102183,102183,102184,0,1,4
29127,4,1,102187,102187,102188,0,1,3
29128,1,1,102188,102188,102189,0,1,0
29129,1,1,102189,102189,102190,0,1,0
29130,3,3,102192,102192,102195,0,3,2
29131,3,3,102195,102195,102198,0,3,0
29132,2,1,102197,102198,102199,1,2,0
29133,3,3,102200,102200,102203,0,3,1
29134,4,2,102204,102204,102206,0,2,1
29135,5,1,102209,102209,102210,0,1,3
29136,6,1,102215,102215,102216,0,1,5
29137,1,3,102216,102216,102219,0,3,0
29138,4,3,102220,102220,102223,0,3,1
29139,5,3,102225,102225,102228,0,3,2
29140,2,1,102227,102228,102229,1,2,0
29141,3,1,102230,102230,102231,0,1,1
29142,2,2,102232,102232,102234,0,2,1
29143,6,2,102238,102238,102240,0,2,4
29144,2,3,102240,102240,102243,0,3,0
29145,6,2,102246,102246,102248,0,2,3
29146,3,3,102249,102249,102252,0,3,1
29147,1,3,102250,102252,102255,2,5,0
29148,6,3,102256,102256,102259,0,3,1
29149,4,1,102260,102260,102261,0,1,1
29150,2,1,102262,102262,102263,0,1,1
29151,4,1,102266,102266,102267,0,1,3
29152,4,2,102270,102270,102272,0,2,3
29153,4,1,102274,102274,102275,0,1,2
29154,4,2,102278,102278,102280,0,2,3
29155,3,2,102281,102281,102283,0,2,1
29156,3,1,102284,102284,102285,0,1,1
29157,5,3,102289,102289,102292,0,3,4
29158,3,3,102292,102292,102295,0,3,0
29159,2,3,102294,102295,102298,1,4,0
29160,1,1,102295,102298,102299,3,4,0
29161,5,2,102300,102300,102302,0,2,1
29162,4,1,102304,102304,102305,0,1,2
29163,2,3,102306,102306,102309,0,3,1
29164,4,2,102310,102310,102312,0,2,1
29165,5,1,102315,102315,102316,0,1,3
29166,6,1,102321,102321,102322,0,1,5
29167,2,1,102323,102323,102324,0,1,1
29168,4,2,102327,102327,102329,0,2,3
29169,2,1,102329,102329,102330,0,1,0
29170,1,3,102330,102330,102333,0,3,0
29171,1,2,102331,102333,102335,2,4,0
29172,6,1,102337,102337,102338,0,1,2
29173,2,3,102339,102339,102342,0,3,1
29174,2,2,102341,102342,102344,1,3,0
29175,6,3,102347,102347,102350,0,3,3
29176,3,2,102350,102350,102352,0,2,0
29177,4,1,102354,102354,102355,0,1,2
29178,2,3,102356,102356,102359,0,3,1
29179,4,1,102360,102360,102361,0,1,1
29180,2,1,102362,102362,102363,0,1,1
29181,1,2,102363,102363,102365,0,2,0
29182,4,2,102367,102367,102369,0,2,2
29183,1,2,102368,102369,102371,1,3,0
29184,2,3,102370,102371,102374,1,4,0
29185,2,3,102372,102374,102377,2,5,0
29186,3,2,102375,102377,102379,2,4,0
29187,5,3,102380,102380,102383,0,3,1
29188,2,3,102382,102383,102386,1,4,0
29189,1,2,102383,102386,102388,3,5,0
29190,4,1,102387,102388,102389,1,2,0
29191,5,3,102392,102392,102395,0,3,3
29192,3,1,102395,102395,102396,0,1,0
29193,4,3,102399,102399,102402,0,3,3
29194,4,1,102403,102403,102404,0,1,1
29195,3,3,102406,102406,102409,0,3,2
29196,1,2,102407,102409,102411,2,4,0
29197,1,3,102408,102411,102414,3,6,0
29198,4,1,102412,102414,102415,2,3,0
29199,3,1,102415,102415,102416,0,1,0
29200,2,3,102417,102417,102420,0,3,1
29201,4,1,102421,102421,102422,0,1,1
29202,3,2,102424,102424,102426,0,2,2
29203,3,2,102427,102427,102429,0,2,1
29204,6,1,102433,102433,102434,0,1,4
29205,2,2,102435,102435,102437,0,2,1
29206,2,1,102437,102437,102438,0,1,0
29207,3,1,102440,102440,102441,0,1,2
29208,2,3,102442,102442,102445,0,3,1
29209,6,1,102448,102448,102449,0,1,3
29210,4,1,102452,102452,102453,0,1,3
29211,3,2,102455,102455,102457,0,2,2
29212,4,1,102459,102459,102460,0,1,2
29213,2,3,102461,102461,102464,0,3,1
29214,3,3,102464,102464,102467,0,3,0
29215,4,1,102468,102468,102469,0,1,1
29216,4,2,102472,102472,102474,0,2,3
29217,3,3,102475,102475,102478,0,3,1
29218,4,1,102479,102479,102480,0,1,1
29219,4,2,102483,102483,102485,0,2,3
29220,1,1,102484,102485,102486,1,2,0
29221,5,1,102489,102489,102490,0,1,3
29222,1,2,102490,102490,102492,0,2,0
29223,2,3,102492,102492,102495,0,3,0
29224,3,2,102495,102495,102497,0,2,0
29225,4,1,102499,102499,102500,0,1,2
29226,4,3,102503,102503,102506,0,3,3
29227,3,1,102506,102506,102507,0,1,0
29228,1,3,102507,102507,102510,0,3,0
29229,4,3,102511,102511,102514,0,3,1
29230,6,3,102517,102517,102520,0,3,3
29231,5,3,102522,102522,102525,0,3,2
29232,5,1,102527,102527,102528,0,1,2
29233,5,3,102532,102532,102535,0,3,4
29234,4,3,102536,102536,102539,0,3,1
29235,2,3,102538,102539,102542,1,4,0
29236,5,3,102543,102543,102546,0,3,1
29237,1,3,102544,102546,102549,2,5,0
29238,3,1,102547,102549,102550,2,3,0
29239,1,3,102548,102550,102553,2,5,0
29240,2,2,102550,102553,102555,3,5,0
29241,2,2,102552,102555,102557,3,5,0
29242,3,2,102555,102557,102559,2,4,0
29243,5,2,102560,102560,102562,0,2,1
29244,6,2,102566,102566,102568,0,2,4
29245,5,1,102571,102571,102572,0,1,3
29246,3,1,102574,102574,102575,0,1,2
29247,6,2,102580,102580,102582,0,2,5
29248,2,2,102582,102582,102584,0,2,0
29249,3,3,102585,102585,102588,0,3,1
29250,3,2,102588,102588,102590,0,2,0
29251,4,1,102592,102592,102593,0,1,2
29252,6,2,102598,102598,102600,0,2,5
29253,6,3,102604,102604,102607,0,3,4
29254,4,1,102608,102608,102609,0,1,1
29255,6,3,102614,102614,102617,0,3,5
29256,5,2,102619,102619,102621,0,2,2
29257,6,1,102625,102625,102626,0,1,4
29258,6,1,102631,102631,102632,0,1,5
29259,2,3,102633,102633,102636,0,3,1
29260,5,2,102638,102638,102640,0,2,2
29261,2,3,102640,102640,102643,0,3,0
29262,6,3,102646,102646,102649,0,3,3
29263,1,1,102647,102649,102650,2,3,0
29264,6,2,102653,102653,102655,0,2,3
29265,2,1,102655,102655,102656,0,1,0
29266,6,2,102661,102661,102663,0,2,5
29267,1,3,102662,102663,102666,1,4,0
29268,2,1,102664,102666,102667,2,3,0
29269,4,1,102668,102668,102669,0,1,1
29270,6,3,102674,102674,102677,0,3,5
29271,5,1,102679,102679,102680,0,1,2
29272,4,2,102683,102683,102685,0,2,3
29273,1,2,102684,102685,102687,1,3,0
29274,2,3,102686,102687,102690,1,4,0
29275,2,3,102688,102690,102693,2,5,0
29276,3,2,102691,102693,102695,2,4,0
29277,1,2,102692,102695,102697,3,5,0
29278,4,1,102696,102697,102698,1,2,0
29279,5,2,102701,102701,102703,0,2,3
29280,3,2,102704,102704,102706,0,2,1
29281,5,2,102709,102709,102711,0,2,3
29282,3,2,102712,102712,102714,0,2,1
29283,5,1,102717,102717,102718,0,1,3
29284,1,3,102718,102718,102721,0,3,0
29285,6,2,102724,102724,102726,0,2,3
29286,4,1,102728,102728,102729,0,1,2
29287,5,2,102733,102733,102735,0,2,4
29288,5,1,102738,102738,102739,0,1,3
29289,5,2,102743,102743,102745,0,2,4
29290,2,3,102745,102745,102748,0,3,0
29291,5,1,102750,102750,102751,0,1,2
29292,3,2,102753,102753,102755,0,2,2
29293,6,1,102759,102759,102760,0,1,4
29294,1,3,102760,102760,102763,0,3,0
29295,4,2,102764,102764,102766,0,2,1
29296,2,1,102766,102766,102767,0,1,0
29297,5,1,102771,102771,102772,0,1,4
29298,4,3,102775,102775,102778,0,3,3
29299,3,3,102778,102778,102781,0,3,0
29300,4,1,102782,102782,102783,0,1,1
29301,6,3,102788,102788,102791,0,3,5
29302,3,3,102791,102791,102794,0,3,0
29303,4,3,102795,102795,102798,0,3,1
29304,3,2,102798,102798,102800,0,2,0
29305,6,3,102804,102804,102807,0,3,4
29306,4,2,102808,102808,102810,0,2,1
29307,5,1,102813,102813,102814,0,1,3
29308,4,3,102817,102817,102820,0,3,3
29309,5,1,102822,102822,102823,0,1,2
29310,3,2,102825,102825,102827,0,2,2
29311,2,3,102827,102827,102830,0,3,0
29312,6,1,102833,102833,102834,0,1,3
29313,3,2,102836,102836,102838,0,2,2
29314,4,1,102840,102840,102841,0,1,2
29315,5,1,102845,102845,102846,0,1,4
29316,1,3,102846,102846,102849,0,3,0
29317,5,1,102851,102851,102852,0,1,2
29318,4,3,102855,102855,102858,0,3,3
29319,1,2,102856,102858,102860,2,4,0
29320,2,2,102858,102860,102862,2,4,0
29321,1,2,102859,102862,102864,3,5,0
29322,4,1,102863,102864,102865,1,2,0
29323,4,2,102867,102867,102869,0,2,2
29324,6,3,102873,102873,102876,0,3,4
29325,1,2,102874,102876,102878,2,4,0
29326,6,1,102880,102880,102881,0,1,2
29327,5,2,102885,102885,102887,0,2,4
29328,5,2,102890,102890,102892,0,2,3
29329,3,3,102893,102893,102896,0,3,1
29330,6,1,102899,102899,102900,0,1,3
29331,5,3,102904,102904,102907,0,3,4
29332,4,1,102908,102908,102909,0,1,1
29333,2,3,102910,102910,102913,0,3,1
29334,6,3,102916,102916,102919,0,3,3
29335,2,1,102918,102919,102920,1,2,0
29336,5,3,102923,102923,102926,0,3,3
29337,2,1,102925,102926,102927,1,2,0
29338,2,2,102927,102927,102929,0,2,0
29339,6,2,102933,102933,102935,0,2,4
29340,2,1,102935,102935,102936,0,1,0
29341,6,2,102941,102941,102943,0,2,5
29342,2,1,102943,102943,102944,0,1,0
29343,2,2,102945,102945,102947,0,2,1
29344,2,1,102947,102947,102948,0,1,0
29345,3,3,102950,102950,102953,0,3,2
29346,4,3,102954,102954,102957,0,3,1
29347,3,2,102957,102957,102959,0,2,0
29348,6,2,102963,102963,102965,0,2,4
29349,1,2,102964,102965,102967,1,3,0
29350,4,3,102968,102968,102971,0,3,1
29351,6,1,102974,102974,102975,0,1,3
29352,1,2,102975,102975,102977,0,2,0
29353,6,1,102981,102981,102982,0,1,4
29354,4,1,102985,102985,102986,0,1,3
29355,1,1,102986,102986,102987,0,1,0
29356,1,2,102987,102987,102989,0,2,0
29357,1,2,102988,102989,102991,1,3,0
29358,2,1,102990,102991,102992,1,2,0
29359,5,1,102995,102995,102996,0,1,3
29360,6,3,103001,103001,103004,0,3,5
29361,2,3,103003,103004,103007,1,4,0
29362,5,3,103008,103008,103011,0,3,1
29363,3,1,103011,103011,103012,0,1,0
29364,3,3,103014,103014,103017,0,3,2
29365,3,3,103017,103017,103020,0,3,0
29366,6,2,103023,103023,103025,0,2,3
29367,5,3,103028,103028,103031,0,3,3
29368,1,3,103029,103031,103034,2,5,0
29369,2,1,103031,103034,103035,3,4,0
29370,4,3,103035,103035,103038,0,3,0
29371,4,1,103039,103039,103040,0,1,1
29372,3,2,103042,103042,103044,0,2,2
29373,2,3,103044,103044,103047,0,3,0
29374,3,3,103047,103047,103050,0,3,0
29375,3,1,103050,103050,103051,0,1,0
29376,3,3,103053,103053,103056,0,3,2
29377,2,3,103055,103056,103059,1,4,0
29378,6,1,103061,103061,103062,0,1,2
29379,6,1,103067,103067,103068,0,1,5
29380,1,1,103068,103068,103069,0,1,0
29381,5,1,103073,103073,103074,0,1,4
29382,6,3,103079,103079,103082,0,3,5
29383,1,1,103080,103082,103083,2,3,0
29384,2,2,103082,103083,103085,1,3,0
29385,1,1,103083,103085,103086,2,3,0
29386,3,2,103086,103086,103088,0,2,0
29387,3,3,103089,103089,103092,0,3,1
29388,2,3,103091,103092,103095,1,4,0
29389,3,3,103094,103095,103098,1,4,0
29390,4,1,103098,103098,103099,0,1,0
29391,2,3,103100,103100,103103,0,3,1
29392,4,1,103104,103104,103105,0,1,1
29393,4,2,103108,103108,103110,0,2,3
29394,3,2,103111,103111,103113,0,2,1
29395,4,1,103115,103115,103116,0,1,2
29396,3,3,103118,103118,103121,0,3,2
29397,2,2,103120,103121,103123,1,3,0
29398,6,1,103126,103126,103127,0,1,3
29399,1,3,103127,103127,103130,0,3,0
29400,1,1,103128,103130,103131,2,3,0
29401,3,3,103131,103131,103134,0,3,0
29402,2,3,103133,103134,103137,1,4,0
29403,3,2,103136,103137,103139,1,3,0
29404,3,3,103139,103139,103142,0,3,0
29405,6,3,103145,103145,103148,0,3,3
29406,6,2,103151,103151,103153,0,2,3
29407,1,3,103152,103153,103156,1,4,0
29408,3,2,103155,103156,103158,1,3,0
29409,3,3,103158,103158,103161,0,3,0
29410,5,3,103163,103163,103166,0,3,2
29411,6,3,103169,103169,103172,0,3,3
29412,3,2,103172,103172,103174,0,2,0
29413,5,1,103177,103177,103178,0,1,3
29414,2,2,103179,103179,103181,0,2,1
29415,4,3,103183,103183,103186,0,3,2
29416,2,2,103185,103186,103188,1,3,0
29417,3,3,103188,103188,103191,0,3,0
29418,4,2,103192,103192,103194,0,2,1
29419,5,2,103197,103197,103199,0,2,3
29420,3,3,103200,103200,103203,0,3,1
29421,4,2,103204,103204,103206,0,2,1
29422,2,2,103206,103206,103208,0,2,0
29423,2,2,103208,103208,103210,0,2,0
29424,5,2,103213,103213,103215,0,2,3
29425,4,1,103217,103217,103218,0,1,2
29426,5,1,103222,103222,103223,0,1,4
29427,2,1,103224,103224,103225,0,1,1
29428,2,2,103226,103226,103228,0,2,1
29429,5,1,103231,103231,103232,0,1,3
29430,1,2,103232,103232,103234,0,2,0
29431,3,3,103235,103235,103238,0,3,1
29432,3,2,103238,103238,103240,0,2,0
29433,3,3,103241,103241,103244,0,3,1
29434,2,1,103243,103244,103245,1,2,0
29435,3,3,103246,103246,103249,0,3,1
29436,6,1,103252,103252,103253,0,1,3
29437,4,3,103256,103256,103259,0,3,3
29438,1,2,103257,103259,103261,2,4,0
29439,4,2,103261,103261,103263,0,2,0
29440,5,2,103266,103266,103268,0,2,3
29441,2,1,103268,103268,103269,0,1,0
29442,4,2,103272,103272,103274,0,2,3
29443,1,3,103273,103274,103277,1,4,0
29444,5,3,103278,103278,103281,0,3,1
29445,4,3,103282,103282,103285,0,3,1
29446,6,2,103288,103288,103290,0,2,3
29447,1,2,103289,103290,103292,1,3,0
29448,3,2,103292,103292,103294,0,2,0
29449,4,2,103296,103296,103298,0,2,2
29450,1,2,103297,103298,103300,1,3,0
29451,5,2,103302,103302,103304,0,2,2
29452,4,1,103306,103306,103307,0,1,2
29453,4,2,103310,103310,103312,0,2,3
29454,5,1,103315,103315,103316,0,1,3
29455,6,1,103321,103321,103322,0,1,5
29456,4,2,103325,103325,103327,0,2,3
29457,2,3,103327,103327,103330,0,3,0
29458,5,1,103332,103332,103333,0,1,2
29459,3,2,103335,103335,103337,0,2,2
29460,2,3,103337,103337,103340,0,3,0
29461,2,1,103339,103340,103341,1,2,0
29462,3,2,103342,103342,103344,0,2,1
29463,3,1,103345,103345,103346,0,1,1
29464,2,1,103347,103347,103348,0,1,1
29465,1,1,103348,103348,103349,0,1,0
29466,2,1,103350,103350,103351,0,1,1
29467,4,1,103354,103354,103355,0,1,3
29468,5,1,103359,103359,103360,0,1,4
29469,2,3,103361,103361,103364,0,3,1
29470,2,3,103363,103364,103367,1,4,0
29471,1,1,103364,103367,103368,3,4,0
29472,4,3,103368,103368,103371,0,3,0
29473,6,1,103374,103374,103375,0,1,3
29474,1,1,103375,103375,103376,0,1,0
29475,1,1,103376,103376,103377,0,1,0
29476,5,1,103381,103381,103382,0,1,4
29477,2,3,103383,103383,103386,0,3,1
29478,2,3,103385,103386,103389,1,4,0
29479,1,3,103386,103389,103392,3,6,0
29480,4,2,103390,103392,103394,2,4,0
29481,1,2,103391,103394,103396,3,5,0
29482,1,1,103392,103396,103397,4,5,0
29483,5,2,103397,103397,103399,0,2,0
29484,1,2,103398,103399,103401,1,3,0
29485,2,1,103400,103401,103402,1,2,0
29486,5,3,103405,103405,103408,0,3,3
29487,4,3,103409,103409,103412,0,3,1
29488,2,3,103411,103412,103415,1,4,0
29489,5,1,103416,103416,103417,0,1,1
29490,4,1,103420,103420,103421,0,1,3
29491,6,2,103426,103426,103428,0,2,5
29492,2,1,103428,103428,103429,0,1,0
29493,3,2,103431,103431,103433,0,2,2
29494,5,3,103436,103436,103439,0,3,3
29495,3,3,103439,103439,103442,0,3,0
29496,2,2,103441,103442,103444,1,3,0
29497,2,1,103443,103444,103445,1,2,0
29498,6,3,103449,103449,103452,0,3,4
29499,2,3,103451,103452,103455,1,4,0
29500,2,1,103453,103455,103456,2,3,0
29501,2,2,103455,103456,103458,1,3,0
29502,2,2,103457,103458,103460,1,3,0
29503,3,2,103460,103460,103462,0,2,0
29504,3,1,103463,103463,103464,0,1,1
29505,5,2,103468,103468,103470,0,2,4
29506,3,3,103471,103471,103474,0,3,1
29507,6,3,103477,103477,103480,0,3,3
29508,3,3,103480,103480,103483,0,3,0
29509,6,2,103486,103486,103488,0,2,3
29510,5,2,103491,103491,103493,0,2,3
29511,4,2,103495,103495,103497,0,2,2
29512,5,1,103500,103500,103501,0,1,3
29513,2,3,103502,103502,103505,0,3,1
29514,6,1,103508,103508,103509,0,1,3
29515,1,3,103509,103509,103512,0,3,0
29516,1,1,103510,103512,103513,2,3,0
29517,5,2,103515,103515,103517,0,2,2
29518,4,2,103519,103519,103521,0,2,2
29519,5,3,103524,103524,103527,0,3,3
29520,1,1,103525,103527,103528,2,3,0
29521,6,2,103531,103531,103533,0,2,3
29522,3,3,103534,103534,103537,0,3,1
29523,3,3,103537,103537,103540,0,3,0
29524,4,3,103541,103541,103544,0,3,1
29525,5,2,103546,103546,103548,0,2,2
29526,1,3,103547,103548,103551,1,4,0
29527,4,3,103551,103551,103554,0,3,0
29528,6,2,103557,103557,103559,0,2,3
29529,2,3,103559,103559,103562,0,3,0
29530,3,3,103562,103562,103565,0,3,0
29531,2,1,103564,103565,103566,1,2,0
29532,2,1,103566,103566,103567,0,1,0
29533,4,3,103570,103570,103573,0,3,3
29534,1,1,103571,103573,103574,2,3,0
29535,3,2,103574,103574,103576,0,2,0
29536,5,3,103579,103579,103582,0,3,3
29537,4,1,103583,103583,103584,0,1,1
29538,3,1,103586,103586,103587,0,1,2
29539,4,3,103590,103590,103593,0,3,3
29540,5,3,103595,103595,103598,0,3,2
29541,3,1,103598,103598,103599,0,1,0
29542,5,1,103603,103603,103604,0,1,4
29543,2,1,103605,103605,103606,0,1,1
29544,3,2,103608,103608,103610,0,2,2
29545,5,3,103613,103613,103616,0,3,3
29546,5,2,103618,103618,103620,0,2,2
29547,1,2,103619,103620,103622,1,3,0
29548,4,3,103623,103623,103626,0,3,1
29549,4,1,103627,103627,103628,0,1,1
29550,6,2,103633,103633,103635,0,2,5
29551,5,3,103638,103638,103641,0,3,3
29552,5,3,103643,103643,103646,0,3,2
29553,5,3,103648,103648,103651,0,3,2
29554,5,1,103653,103653,103654,0,1,2
29555,4,2,103657,103657,103659,0,2,3
29556,3,2,103660,103660,103662,0,2,1
29557,4,2,103664,103664,103666,0,2,2
29558,5,1,103669,103669,103670,0,1,3
29559,5,2,103674,103674,103676,0,2,4
29560,5,3,103679,103679,103682,0,3,3
29561,6,1,103685,103685,103686,0,1,3
29562,5,3,103690,103690,103693,0,3,4
29563,2,1,103692,103693,103694,1,2,0
29564,3,2,103695,103695,103697,0,2,1
29565,4,2,103699,103699,103701,0,2,2
29566,2,2,103701,103701,103703,0,2,0
29567,1,1,103702,103703,103704,1,2,0
29568,3,3,103705,103705,103708,0,3,1
29569,6,2,103711,103711,103713,0,2,3
29570,1,3,103712,103713,103716,1,4,0
29571,5,1,103717,103717,103718,0,1,1
29572,1,2,103718,103718,103720,0,2,0
29573,6,1,103724,103724,103725,0,1,4
29574,6,2,103730,103730,103732,0,2,5
29575,3,3,103733,103733,103736,0,3,1
29576,4,3,103737,103737,103740,0,3,1
29577,1,3,103738,103740,103743,2,5,0
29578,5,1,103743,103743,103744,0,1,0
29579,3,3,103746,103746,103749,0,3,2
29580,6,2,103752,103752,103754,0,2,3
29581,4,1,103756,103756,103757,0,1,2
29582,6,2,103762,103762,103764,0,2,5
29583,2,1,103764,103764,103765,0,1,0
29584,2,3,103766,103766,103769,0,3,1
29585,5,1,103771,103771,103772,0,1,2
29586,3,2,103774,103774,103776,0,2,2
29587,2,3,103776,103776,103779,0,3,0
29588,1,1,103777,103779,103780,2,3,0
29589,4,1,103781,103781,103782,0,1,1
29590,4,1,103785,103785,103786,0,1,3
29591,6,2,103791,103791,103793,0,2,5
29592,6,2,103797,103797,103799,0,2,4
29593,3,1,103800,103800,103801,0,1,1
29594,2,3,103802,103802,103805,0,3,1
29595,2,3,103804,103805,103808,1,4,0
29596,3,3,103807,103808,103811,1,4,0
29597,6,3,103813,103813,103816,0,3,2
29598,4,1,103817,103817,103818,0,1,1
29599,6,1,103823,103823,103824,0,1,5
29600,3,2,103826,103826,103828,0,2,2
29601,6,2,103832,103832,103834,0,2,4
29602,4,1,103836,103836,103837,0,1,2
29603,2,2,103838,103838,103840,0,2,1
29604,2,1,103840,103840,103841,0,1,0
29605,1,2,103841,103841,103843,0,2,0
29606,1,1,103842,103843,103844,1,2,0
29607,3,3,103845,103845,103848,0,3,1
29608,6,3,103851,103851,103854,0,3,3
29609,6,2,103857,103857,103859,0,2,3
29610,2,1,103859,103859,103860,0,1,0
29611,1,1,103860,103860,103861,0,1,0
29612,5,1,103865,103865,103866,0,1,4
29613,4,2,103869,103869,103871,0,2,3
29614,6,1,103875,103875,103876,0,1,4
29615,4,2,103879,103879,103881,0,2,3
29616,5,3,103884,103884,103887,0,3,3
29617,4,1,103888,103888,103889,0,1,1
29618,1,1,103889,103889,103890,0,1,0
29619,5,1,103894,103894,103895,0,1,4
29620,3,1,103897,103897,103898,0,1,2
29621,6,3,103903,103903,103906,0,3,5
29622,2,3,103905,103906,103909,1,4,0
29623,3,2,103908,103909,103911,1,3,0
29624,2,2,103910,103911,103913,1,3,0
29625,2,1,103912,103913,103914,1,2,0
29626,3,2,103915,103915,103917,0,2,1
29627,6,1,103921,103921,103922,0,1,4
29628,6,3,103927,103927,103930,0,3,5
29629,6,1,103933,103933,103934,0,1,3
29630,3,3,103936,103936,103939,0,3,2
29631,3,1,103939,103939,103940,0,1,0
29632,2,3,103941,103941,103944,0,3,1
29633,4,2,103945,103945,103947,0,2,1
29634,2,1,103947,103947,103948,0,1,0
29635,1,1,103948,103948,103949,0,1,0
29636,3,3,103951,103951,103954,0,3,2
29637,2,1,103953,103954,103955,1,2,0
29638,1,1,103954,103955,103956,1,2,0
29639,5,2,103959,103959,103961,0,2,3
29640,5,2,103964,103964,103966,0,2,3
29641,5,2,103969,103969,103971,0,2,3
29642,6,1,103975,103975,103976,0,1,4
29643,1,2,103976,103976,103978,0,2,0
29644,5,3,103981,103981,103984,0,3,3
29645,6,3,103987,103987,103990,0,3,3
29646,6,3,103993,103993,103996,0,3,3
29647,3,1,103996,103996,103997,0,1,0
29648,5,3,104001,104001,104004,0,3,4
29649,6,3,104007,104007,104010,0,3,3
29650,3,1,104010,104010,104011,0,1,0
29651,6,1,104016,104016,104017,0,1,5
29652,2,3,104018,104018,104021,0,3,1
29653,6,1,104024,104024,104025,0,1,3
29654,4,1,104028,104028,104029,0,1,3
29655,3,2,104031,104031,104033,0,2,2
29656,3,2,104034,104034,104036,0,2,1
29657,2,3,104036,104036,104039,0,3,0
29658,4,2,104040,104040,104042,0,2,1
29659,3,1,104043,104043,104044,0,1,1
29660,2,3,104045,104045,104048,0,3,1
29661,1,1,104046,104048,104049,2,3,0
29662,1,1,104047,104049,104050,2,3,0
29663,6,3,104053,104053,104056,0,3,3
29664,4,1,104057,104057,104058,0,1,1
29665,4,3,104061,104061,104064,0,3,3
29666,2,3,104063,104064,104067,1,4,0
29667,1,3,104064,104067,104070,3,6,0
29668,6,2,104070,104070,104072,0,2,0
29669,6,2,104076,104076,104078,0,2,4
29670,3,3,104079,104079,104082,0,3,1
29671,4,3,104083,104083,104086,0,3,1
29672,2,2,104085,104086,104088,1,3,0
29673,2,3,104087,104088,104091,1,4,0
29674,1,2,104088,104091,104093,3,5,0
29675,5,1,104093,104093,104094,0,1,0
29676,6,3,104099,104099,104102,0,3,5
29677,5,1,104104,104104,104105,0,1,2
29678,2,1,104106,104106,104107,0,1,1
29679,2,3,104108,104108,104111,0,3,1
29680,4,2,104112,104112,104114,0,2,1
29681,4,2,104116,104116,104118,0,2,2
29682,1,1,104117,104118,104119,1,2,0
29683,3,1,104120,104120,104121,0,1,1
29684,2,2,104122,104122,104124,0,2,1
29685,4,1,104126,104126,104127,0,1,2
29686,3,2,104129,104129,104131,0,2,2
29687,2,3,104131,104131,104134,0,3,0
29688,1,3,104132,104134,104137,2,5,0
29689,6,2,104138,104138,104140,0,2,1
29690,2,1,104140,104140,104141,0,1,0
29691,5,2,104145,104145,104147,0,2,4
29692,5,3,104150,104150,104153,0,3,3
29693,4,3,104154,104154,104157,0,3,1
29694,3,1,104157,104157,104158,0,1,0
29695,1,1,104158,104158,104159,0,1,0
29696,6,2,104164,104164,104166,0,2,5
29697,6,2,104170,104170,104172,0,2,4
29698,2,1,104172,104172,104173,0,1,0
29699,5,1,104177,104177,104178,0,1,4
29700,5,2,104182,104182,104184,0,2,4
29701,3,2,104185,104185,104187,0,2,1
29702,6,3,104191,104191,104194,0,3,4
29703,3,3,104194,104194,104197,0,3,0
29704,2,3,104196,104197,104200,1,4,0
29705,5,1,104201,104201,104202,0,1,1
29706,3,2,104204,104204,104206,0,2,2
29707,1,3,104205,104206,104209,1,4,0
29708,1,2,104206,104209,104211,3,5,0
29709,5,3,104211,104211,104214,0,3,0
29710,4,2,104215,104215,104217,0,2,1
29711,6,1,104221,104221,104222,0,1,4
29712,1,2,104222,104222,104224,0,2,0
29713,4,1,104226,104226,104227,0,1,2
29714,4,2,104230,104230,104232,0,2,3
29715,2,3,104232,104232,104235,0,3,0
29716,3,1,104235,104235,104236,0,1,0
29717,2,3,104237,104237,104240,0,3,1
29718,6,2,104243,104243,104245,0,2,3
29719,6,3,104249,104249,104252,0,3,4
29720,3,3,104252,104252,104255,0,3,0
29721,1,3,104253,104255,104258,2,5,0
29722,1,2,104254,104258,104260,4,6,0
29723,6,2,104260,104260,104262,0,2,0
29724,4,1,104264,104264,104265,0,1,2
29725,2,1,104266,104266,104267,0,1,1
29726,3,2,104269,104269,104271,0,2,2
29727,4,1,104273,104273,104274,0,1,2
29728,1,3,104274,104274,104277,0,3,0
29729,6,1,104280,104280,104281,0,1,3
29730,1,3,104281,104281,104284,0,3,0
29731,1,3,104282,104284,104287,2,5,0
29732,2,2,104284,104287,104289,3,5,0
29733,6,3,104290,104290,104293,0,3,1
29734,1,1,104291,104293,104294,2,3,0
29735,4,1,104295,104295,104296,0,1,1
29736,5,1,104300,104300,104301,0,1,4
29737,6,2,104306,104306,104308,0,2,5
29738,1,3,104307,104308,104311,1,4,0
29739,3,2,104310,104311,104313,1,3,0
29740,3,1,104313,104313,104314,0,1,0
29741,6,1,104319,104319,104320,0,1,5
29742,1,1,104320,104320,104321,0,1,0
29743,4,3,104324,104324,104327,0,3,3
29744,6,1,104330,104330,104331,0,1,3
29745,2,1,104332,104332,104333,0,1,1
29746,3,3,104335,104335,104338,0,3,2
29747,1,2,104336,104338,104340,2,4,0
29748,6,2,104342,104342,104344,0,2,2
29749,4,2,104346,104346,104348,0,2,2
29750,3,1,104349,104349,104350,0,1,1
29751,4,1,104353,104353,104354,0,1,3
29752,5,3,104358,104358,104361,0,3,4
29753,2,1,104360,104361,104362,1,2,0
29754,4,3,104364,104364,104367,0,3,2
29755,5,3,104369,104369,104372,0,3,2
29756,3,1,104372,104372,104373,0,1,0
29757,5,3,104377,104377,104380,0,3,4
29758,4,2,104381,104381,104383,0,2,1
29759,2,3,104383,104383,104386,0,3,0
29760,4,1,104387,104387,104388,0,1,1
29761,5,2,104392,104392,104394,0,2,4
29762,2,3,104394,104394,104397,0,3,0
29763,4,2,104398,104398,104400,0,2,1
29764,6,3,104404,104404,104407,0,3,4
29765,4,3,104408,104408,104411,0,3,1
29766,6,1,104414,104414,104415,0,1,3
29767,6,1,104420,104420,104421,0,1,5
29768,4,2,104424,104424,104426,0,2,3
29769,2,1,104426,104426,104427,0,1,0
29770,4,1,104430,104430,104431,0,1,3
29771,4,1,104434,104434,104435,0,1,3
29772,2,2,104436,104436,104438,0,2,1
29773,6,3,104442,104442,104445,0,3,4
29774,6,1,104448,104448,104449,0,1,3
29775,2,1,104450,104450,104451,0,1,1
29776,4,2,104454,104454,104456,0,2,3
29777,6,1,104460,104460,104461,0,1,4
29778,4,1,104464,104464,104465,0,1,3
29779,1,1,104465,104465,104466,0,1,0
29780,3,1,104468,104468,104469,0,1,2
29781,4,2,104472,104472,104474,0,2,3
29782,2,3,104474,104474,104477,0,3,0
29783,2,2,104476,104477,104479,1,3,0
29784,4,1,104480,104480,104481,0,1,1
29785,6,3,104486,104486,104489,0,3,5
29786,3,2,104489,104489,104491,0,2,0
29787,3,1,104492,104492,104493,0,1,1
29788,5,3,104497,104497,104500,0,3,4
29789,4,3,104501,104501,104504,0,3,1
29790,5,1,104506,104506,104507,0,1,2
29791,4,2,104510,104510,104512,0,2,3
29792,5,2,104515,104515,104517,0,2,3
29793,5,3,104520,104520,104523,0,3,3
29794,1,1,104521,104523,104524,2,3,0
29795,5,2,104526,104526,104528,0,2,2
29796,5,1,104531,104531,104532,0,1,3
29797,4,1,104535,104535,104536,0,1,3
29798,1,1,104536,104536,104537,0,1,0
29799,1,2,104537,104537,104539,0,2,0
29800,6,2,104543,104543,104545,0,2,4
29801,3,2,104546,104546,104548,0,2,1
29802,2,2,104548,104548,104550,0,2,0
29803,5,3,104553,104553,104556,0,3,3
29804,3,2,104556,104556,104558,0,2,0
29805,2,2,104558,104558,104560,0,2,0
29806,3,3,104561,104561,104564,0,3,1
29807,5,2,104566,104566,104568,0,2,2
29808,1,2,104567,104568,104570,1,3,0
29809,6,3,104573,104573,104576,0,3,3
29810,2,2,104575,104576,104578,1,3,0
29811,6,1,104581,104581,104582,0,1,3
29812,6,3,104587,104587,104590,0,3,5
29813,4,2,104591,104591,104593,0,2,1
29814,2,1,104593,104593,104594,0,1,0
29815,3,2,104596,104596,104598,0,2,2
29816,6,3,104602,104602,104605,0,3,4
29817,1,2,104603,104605,104607,2,4,0
29818,2,3,104605,104607,104610,2,5,0
29819,1,3,104606,104610,104613,4,7,0
29820,3,1,104609,104613,104614,4,5,0
29821,5,3,104614,104614,104617,0,3,0
29822,3,2,104617,104617,104619,0,2,0
29823,2,3,104619,104619,104622,0,3,0
29824,1,3,104620,104622,104625,2,5,0
29825,3,3,104623,104625,104628,2,5,0
29826,2,3,104625,104628,104631,3,6,0
29827,6,3,104631,104631,104634,0,3,0
29828,4,3,104635,104635,104638,0,3,1
29829,1,2,104636,104638,104640,2,4,0
29830,1,1,104637,104640,104641,3,4,0
29831,6,3,104643,104643,104646,0,3,2
29832,6,2,104649,104649,104651,0,2,3
29833,5,1,104654,104654,104655,0,1,3
29834,6,3,104660,104660,104663,0,3,5
29835,5,1,104665,104665,104666,0,1,2
29836,3,2,104668,104668,104670,0,2,2
29837,1,1,104669,104670,104671,1,2,0
29838,5,3,104674,104674,104677,0,3,3
29839,2,2,104676,104677,104679,1,3,0
29840,1,3,104677,104679,104682,2,5,0
29841,5,2,104682,104682,104684,0,2,0
29842,3,2,104685,104685,104687,0,2,1
29843,2,2,104687,104687,104689,0,2,0
29844,6,1,104693,104693,104694,0,1,4
29845,5,1,104698,104698,104699,0,1,4
29846,2,2,104700,104700,104702,0,2,1
29847,1,3,104701,104702,104705,1,4,0
29848,1,2,104702,104705,104707,3,5,0
29849,2,3,104704,104707,104710,3,6,0
29850,3,3,104707,104710,104713,3,6,0
29851,1,2,104708,104713,104715,5,7,0
29852,2,2,104710,104715,104717,5,7,0
29853,2,1,104712,104717,104718,5,6,0
29854,5,1,104717,104718,104719,1,2,0
29855,2,1,104719,104719,104720,0,1,0
29856,3,1,104722,104722,104723,0,1,2
29857,4,2,104726,104726,104728,0,2,3
29858,1,3,104727,104728,104731,1,4,0
29859,2,1,104729,104731,104732,2,3,0
29860,4,3,104733,104733,104736,0,3,1
29861,1,1,104734,104736,104737,2,3,0
29862,4,1,104738,104738,104739,0,1,1
29863,6,2,104744,104744,104746,0,2,5
29864,5,2,104749,104749,104751,0,2,3
29865,2,3,104751,104751,104754,0,3,0
29866,2,1,104753,104754,104755,1,2,0
29867,3,3,104756,104756,104759,0,3,1
29868,3,1,104759,104759,104760,0,1,0
29869,3,2,104762,104762,104764,0,2,2
29870,4,1,104766,104766,104767,0,1,2
29871,2,1,104768,104768,104769,0,1,1
29872,4,3,104772,104772,104775,0,3,3
29873,4,1,104776,104776,104777,0,1,1
29874,2,2,104778,104778,104780,0,2,1
29875,3,1,104781,104781,104782,0,1,1
29876,3,1,104784,104784,104785,0,1,2
29877,6,2,104790,104790,104792,0,2,5
29878,5,3,104795,104795,104798,0,3,3
29879,1,2,104796,104798,104800,2,4,0
29880,3,3,104799,104800,104803,1,4,0
29881,5,1,104804,104804,104805,0,1,1
29882,5,3,104809,104809,104812,0,3,4
29883,4,3,104813,104813,104816,0,3,1
29884,1,1,104814,104816,104817,2,3,0
29885,1,1,104815,104817,104818,2,3,0
29886,3,2,104818,104818,104820,0,2,0
29887,5,2,104823,104823,104825,0,2,3
29888,6,3,104829,104829,104832,0,3,4
29889,2,1,104831,104832,104833,1,2,0
29890,3,3,104834,104834,104837,0,3,1
29891,5,1,104839,104839,104840,0,1,2
29892,5,3,104844,104844,104847,0,3,4
29893,1,3,104845,104847,104850,2,5,0
29894,6,1,104851,104851,104852,0,1,1
29895,6,2,104857,104857,104859,0,2,5
29896,6,1,104863,104863,104864,0,1,4
29897,5,2,104868,104868,104870,0,2,4
29898,1,3,104869,104870,104873,1,4,0
29899,2,3,104871,104873,104876,2,5,0
29900,4,2,104875,104876,104878,1,3,0
29901,3,2,104878,104878,104880,0,2,0
29902,2,1,104880,104880,104881,0,1,0
29903,6,3,104886,104886,104889,0,3,5
29904,2,2,104888,104889,104891,1,3,0
29905,4,1,104892,104892,104893,0,1,1
29906,4,3,104896,104896,104899,0,3,3
29907,2,2,104898,104899,104901,1,3,0
29908,4,1,104902,104902,104903,0,1,1
29909,1,1,104903,104903,104904,0,1,0
29910,5,1,104908,104908,104909,0,1,4
29911,3,2,104911,104911,104913,0,2,2
29912,2,1,104913,104913,104914,0,1,0
29913,5,1,104918,104918,104919,0,1,4
29914,2,1,104920,104920,104921,0,1,1
29915,6,1,104926,104926,104927,0,1,5
29916,3,1,104929,104929,104930,0,1,2
29917,5,3,104934,104934,104937,0,3,4
29918,1,1,104935,104937,104938,2,3,0
29919,3,1,104938,104938,104939,0,1,0
29920,1,2,104939,104939,104941,0,2,0
29921,2,3,104941,104941,104944,0,3,0
29922,3,2,104944,104944,104946,0,2,0
29923,2,3,104946,104946,104949,0,3,0
29924,2,1,104948,104949,104950,1,2,0
29925,3,3,104951,104951,104954,0,3,1
29926,4,1,104955,104955,104956,0,1,1
29927,6,3,104961,104961,104964,0,3,5
29928,2,1,104963,104964,104965,1,2,0
29929,1,3,104964,104965,104968,1,4,0
29930,4,3,104968,104968,104971,0,3,0
29931,2,3,104970,104971,104974,1,4,0
29932,1,1,104971,104974,104975,3,4,0
29933,1,2,104972,104975,104977,3,5,0
29934,3,1,104975,104977,104978,2,3,0
29935,5,1,104980,104980,104981,0,1,2
29936,2,3,104982,104982,104985,0,3,1
29937,4,3,104986,104986,104989,0,3,1
29938,4,3,104990,104990,104993,0,3,1
29939,3,2,104993,104993,104995,0,2,0
29940,6,3,104999,104999,105002,0,3,4
29941,1,3,105000,105002,105005,2,5,0
29942,5,3,105005,105005,105008,0,3,0
29943,2,2,105007,105008,105010,1,3,0
29944,1,3,105008,105010,105013,2,5,0
29945,2,1,105010,105013,105014,3,4,0
29946,5,2,105015,105015,105017,0,2,1
29947,2,1,105017,105017,105018,0,1,0
29948,5,1,105022,105022,105023,0,1,4
29949,5,1,105027,105027,105028,0,1,4
29950,4,2,105031,105031,105033,0,2,3
29951,3,1,105034,105034,105035,0,1,1
29952,5,2,105039,105039,105041,0,2,4
29953,4,2,105043,105043,105045,0,2,2
29954,2,3,105045,105045,105048,0,3,0
29955,3,1,105048,105048,105049,0,1,0
29956,3,3,105051,105051,105054,0,3,2
29957,2,2,105053,105054,105056,1,3,0
29958,1,3,105054,105056,105059,2,5,0
29959,3,2,105057,105059,105061,2,4,0
29960,2,2,105059,105061,105063,2,4,0
29961,4,1,105063,105063,105064,0,1,0
29962,1,3,105064,105064,105067,0,3,0
29963,3,3,105067,105067,105070,0,3,0
29964,2,3,105069,105070,105073,1,4,0
29965,1,2,105070,105073,105075,3,5,0
29966,6,3,105076,105076,105079,0,3,1
29967,6,1,105082,105082,105083,0,1,3
29968,5,1,105087,105087,105088,0,1,4
29969,3,1,105090,105090,105091,0,1,2
29970,6,2,105096,105096,105098,0,2,5
29971,1,3,105097,105098,105101,1,4,0
29972,5,1,105102,105102,105103,0,1,1
29973,5,1,105107,105107,105108,0,1,4
29974,2,1,105109,105109,105110,0,1,1
29975,5,2,105114,105114,105116,0,2,4
29976,4,2,105118,105118,105120,0,2,2
29977,5,1,105123,105123,105124,0,1,3
29978,4,2,105127,105127,105129,0,2,3
29979,3,1,105130,105130,105131,0,1,1
29980,2,2,105132,105132,105134,0,2,1
29981,4,1,105136,105136,105137,0,1,2
29982,2,1,105138,105138,105139,0,1,1
29983,6,1,105144,105144,105145,0,1,5
29984,6,2,105150,105150,105152,0,2,5
29985,4,3,105154,105154,105157,0,3,2
29986,4,1,105158,105158,105159,0,1,1
29987,5,3,105163,105163,105166,0,3,4
29988,4,3,105167,105167,105170,0,3,1
29989,2,1,105169,105170,105171,1,2,0
29990,2,2,105171,105171,105173,0,2,0
29991,2,3,105173,105173,105176,0,3,0
29992,1,2,105174,105176,105178,2,4,0
29993,4,1,105178,105178,105179,0,1,0
29994,6,2,105184,105184,105186,0,2,5
29995,5,2,105189,105189,105191,0,2,3
29996,3,1,105192,105192,105193,0,1,1
29997,4,1,105196,105196,105197,0,1,3
29998,6,2,105202,105202,105204,0,2,5
29999,1,3,105203,105204,105207,1,4,0
30000,3,2,105206,105207,105209,1,3,0
30001,2,2,105208,105209,105211,1,3,0
30002,6,2,105214,105214,105216,0,2,3
30003,5,3,105219,105219,105222,0,3,3
30004,6,1,105225,105225,105226,0,1,3
30005,5,2,105230,105230,105232,0,2,4
30006,2,3,105232,105232,105235,0,3,0
30007,1,2,105233,105235,105237,2,4,0
30008,6,1,105239,105239,105240,0,1,2
30009,3,1,105242,105242,105243,0,1,2
30010,3,3,105245,105245,105248,0,3,2
30011,5,3,105250,105250,105253,0,3,2
30012,4,3,105254,105254,105257,0,3,1
30013,6,2,105260,105260,105262,0,2,3
30014,4,1,105264,105264,105265,0,1,2
30015,6,1,105270,105270,105271,0,1,5
30016,5,2,105275,105275,105277,0,2,4
30017,6,2,105281,105281,105283,0,2,4
30018,5,1,105286,105286,105287,0,1,3
30019,6,2,105292,105292,105294,0,2,5
30020,3,3,105295,105295,105298,0,3,1
30021,5,1,105300,105300,105301,0,1,2
30022,3,1,105303,105303,105304,0,1,2
30023,5,2,105308,105308,105310,0,2,4
30024,6,3,105314,105314,105317,0,3,4
30025,6,3,105320,105320,105323,0,3,3
30026,3,2,105323,105323,105325,0,2,0
30027,4,3,105327,105327,105330,0,3,2
30028,6,3,105333,105333,105336,0,3,3
30029,1,3,105334,105336,105339,2,5,0
30030,5,1,105339,105339,105340,0,1,0
30031,5,3,105344,105344,105347,0,3,4
30032,3,3,105347,105347,105350,0,3,0
30033,2,1,105349,105350,105351,1,2,0
30034,5,3,105354,105354,105357,0,3,3
30035,1,3,105355,105357,105360,2,5,0
30036,3,2,105358,105360,105362,2,4,0
30037,3,1,105361,105362,105363,1,2,0
30038,2,1,105363,105363,105364,0,1,0
30039,6,1,105369,105369,105370,0,1,5
30040,1,1,105370,105370,105371,0,1,0
30041,3,1,105373,105373,105374,0,1,2
30042,5,3,105378,105378,105381,0,3,4
30043,6,3,105384,105384,105387,0,3,3
30044,3,3,105387,105387,105390,0,3,0
30045,4,2,105391,105391,105393,0,2,1
30046,3,1,105394,105394,105395,0,1,1
30047,4,1,105398,105398,105399,0,1,3
30048,1,1,105399,105399,105400,0,1,0
30049,1,1,105400,105400,105401,0,1,0
30050,4,2,105404,105404,105406,0,2,3
30051,4,1,105408,105408,105409,0,1,2
30052,5,1,105413,105413,105414,0,1,4
30053,2,3,105415,105415,105418,0,3,1
30054,6,3,105421,105421,105424,0,3,3
30055,3,1,105424,105424,105425,0,1,0
30056,1,1,105425,105425,105426,0,1,0
30057,3,3,105428,105428,105431,0,3,2
30058,1,2,105429,105431,105433,2,4,0
30059,3,1,105432,105433,105434,1,2,0
30060,2,1,105434,105434,105435,0,1,0
30061,5,2,105439,105439,105441,0,2,4
30062,5,3,105444,105444,105447,0,3,3
30063,1,3,105445,105447,105450,2,5,0
30064,5,3,105450,105450,105453,0,3,0
30065,6,3,105456,105456,105459,0,3,3
30066,4,2,105460,105460,105462,0,2,1
30067,3,3,105463,105463,105466,0,3,1
30068,5,2,105468,105468,105470,0,2,2
30069,3,3,105471,105471,105474,0,3,1
30070,2,2,105473,105474,105476,1,3,0
30071,2,1,105475,105476,105477,1,2,0
30072,6,3,105481,105481,105484,0,3,4
30073,5,2,105486,105486,105488,0,2,2
30074,1,1,105487,105488,105489,1,2,0
30075,5,1,105492,105492,105493,0,1,3
30076,2,1,105494,105494,105495,0,1,1
30077,4,2,105498,105498,105500,0,2,3
30078,3,1,105501,105501,105502,0,1,1
30079,2,1,105503,105503,105504,0,1,1
30080,6,2,105509,105509,105511,0,2,5
30081,1,3,105510,105511,105514,1,4,0
30082,6,3,105516,105516,105519,0,3,2
30083,1,1,105517,105519,105520,2,3,0
30084,1,3,105518,105520,105523,2,5,0
30085,3,2,105521,105523,105525,2,4,0
30086,3,1,105524,105525,105526,1,2,0
30087,5,2,105529,105529,105531,0,2,3
30088,4,1,105533,105533,105534,0,1,2
30089,6,2,105539,105539,105541,0,2,5
30090,6,2,105545,105545,105547,0,2,4
30091,3,2,105548,105548,105550,0,2,1
30092,2,2,105550,105550,105552,0,2,0
30093,3,2,105553,105553,105555,0,2,1
30094,2,2,105555,105555,105557,0,2,0
30095,2,1,105557,105557,105558,0,1,0
30096,6,3,105563,105563,105566,0,3,5
30097,2,2,105565,105566,105568,1,3,0
30098,4,1,105569,105569,105570,0,1,1
30099,1,3,105570,105570,105573,0,3,0
30100,2,1,105572,105573,105574,1,2,0
30101,4,3,105576,105576,105579,0,3,2
30102,4,2,105580,105580,105582,0,2,1
30103,5,1,105585,105585,105586,0,1,3
30104,3,3,105588,105588,105591,0,3,2
30105,4,3,105592,105592,105595,0,3,1
30106,2,3,105594,105595,105598,1,4,0
30107,2,1,105596,105598,105599,2,3,0
30108,5,3,105601,105601,105604,0,3,2
30109,3,2,105604,105604,105606,0,2,0
30110,1,2,105605,105606,105608,1,3,0
30111,2,3,105607,105608,105611,1,4,0
30112,3,2,105610,105611,105613,1,3,0
30113,5,1,105615,105615,105616,0,1,2
30114,4,3,105619,105619,105622,0,3,3
30115,6,3,105625,105625,105628,0,3,3
30116,4,3,105629,105629,105632,0,3,1
30117,2,2,105631,105632,105634,1,3,0
30118,3,3,105634,105634,105637,0,3,0
30119,6,1,105640,105640,105641,0,1,3
30120,6,2,105646,105646,105648,0,2,5
30121,3,3,105649,105649,105652,0,3,1
30122,4,2,105653,105653,105655,0,2,1
30123,4,3,105657,105657,105660,0,3,2
30124,3,1,105660,105660,105661,0,1,0
30125,5,1,105665,105665,105666,0,1,4
30126,5,3,105670,105670,105673,0,3,4
30127,4,3,105674,105674,105677,0,3,1
30128,1,3,105675,105677,105680,2,5,0
30129,1,1,105676,105680,105681,4,5,0
30130,4,1,105680,105681,105682,1,2,0
30131,1,3,105681,105682,105685,1,4,0
30132,1,1,105682,105685,105686,3,4,0
30133,4,2,105686,105686,105688,0,2,0
30134,4,1,105690,105690,105691,0,1,2
30135,3,2,105693,105693,105695,0,2,2
30136,3,1,105696,105696,105697,0,1,1
30137,1,1,105697,105697,105698,0,1,0
30138,2,2,105699,105699,105701,0,2,1
30139,6,1,105705,105705,105706,0,1,4
30140,2,1,105707,105707,105708,0,1,1
30141,1,3,105708,105708,105711,0,3,0
30142,3,2,105711,105711,105713,0,2,0
30143,2,2,105713,105713,105715,0,2,0
30144,6,1,105719,105719,105720,0,1,4
30145,3,2,105722,105722,105724,0,2,2
30146,2,1,105724,105724,105725,0,1,0
30147,1,1,105725,105725,105726,0,1,0
30148,1,3,105726,105726,105729,0,3,0
30149,5,1,105731,105731,105732,0,1,2
30150,2,2,105733,105733,105735,0,2,1
30151,6,2,105739,105739,105741,0,2,4
30152,4,3,105743,105743,105746,0,3,2
30153,4,1,105747,105747,105748,0,1,1
30154,3,2,105750,105750,105752,0,2,2
30155,5,2,105755,105755,105757,0,2,3
30156,3,3,105758,105758,105761,0,3,1
30157,1,1,105759,105761,105762,2,3,0
30158,5,3,105764,105764,105767,0,3,2
30159,2,3,105766,105767,105770,1,4,0
30160,1,2,105767,105770,105772,3,5,0
30161,3,3,105770,105772,105775,2,5,0
30162,3,1,105773,105775,105776,2,3,0
30163,2,3,105775,105776,105779,1,4,0
30164,6,2,105781,105781,105783,0,2,2
30165,6,2,105787,105787,105789,0,2,4
30166,2,2,105789,105789,105791,0,2,0
30167,1,3,105790,105791,105794,1,4,0
30168,5,2,105795,105795,105797,0,2,1
30169,6,3,105801,105801,105804,0,3,4
30170,5,1,105806,105806,105807,0,1,2
30171,3,3,105809,105809,105812,0,3,2
30172,2,1,105811,105812,105813,1,2,0
30173,1,1,105812,105813,105814,1,2,0
30174,2,1,105814,105814,105815,0,1,0
30175,4,1,105818,105818,105819,0,1,3
30176,6,1,105824,105824,105825,0,1,5
30177,1,3,105825,105825,105828,0,3,0
30178,5,3,105830,105830,105833,0,3,2
30179,4,1,105834,105834,105835,0,1,1
30180,4,3,105838,105838,105841,0,3,3
30181,6,1,105844,105844,105845,0,1,3
30182,6,3,105850,105850,105853,0,3,5
30183,4,3,105854,105854,105857,0,3,1
30184,5,2,105859,105859,105861,0,2,2
30185,1,1,105860,105861,105862,1,2,0
30186,2,3,105862,105862,105865,0,3,0
30187,5,3,105867,105867,105870,0,3,2
30188,6,2,105873,105873,105875,0,2,3
30189,6,1,105879,105879,105880,0,1,4
30190,3,3,105882,105882,105885,0,3,2
30191,1,3,105883,105885,105888,2,5,0
30192,5,2,105888,105888,105890,0,2,0
30193,5,2,105893,105893,105895,0,2,3
30194,5,2,105898,105898,105900,0,2,3
30195,3,3,105901,105901,105904,0,3,1
30196,3,1,105904,105904,105905,0,1,0
30197,6,2,105910,105910,105912,0,2,5
30198,3,2,105913,105913,105915,0,2,1
30199,1,3,105914,105915,105918,1,4,0
30200,6,2,105920,105920,105922,0,2,2
30201,3,3,105923,105923,105926,0,3,1
30202,2,1,105925,105926,105927,1,2,0
30203,6,2,105931,105931,105933,0,2,4
30204,2,3,105933,105933,105936,0,3,0
30205,1,3,105934,105936,105939,2,5,0
30206,4,3,105938,105939,105942,1,4,0
30207,2,1,105940,105942,105943,2,3,0
30208,6,2,105946,105946,105948,0,2,3
30209,6,1,105952,105952,105953,0,1,4
30210,1,1,105953,105953,105954,0,1,0
30211,3,2,105956,105956,105958,0,2,2
30212,5,1,105961,105961,105962,0,1,3
30213,5,3,105966,105966,105969,0,3,4
30214,4,1,105970,105970,105971,0,1,1
30215,2,2,105972,105972,105974,0,2,1
30216,5,3,105977,105977,105980,0,3,3
30217,1,3,105978,105980,105983,2,5,0
30218,5,1,105983,105983,105984,0,1,0
30219,4,3,105987,105987,105990,0,3,3
30220,5,1,105992,105992,105993,0,1,2
30221,2,3,105994,105994,105997,0,3,1
30222,2,1,105996,105997,105998,1,2,0
30223,3,1,105999,105999,106000,0,1,1
30224,3,1,106002,106002,106003,0,1,2
30225,2,3,106004,106004,106007,0,3,1
30226,6,2,106010,106010,106012,0,2,3
30227,3,1,106013,106013,106014,0,1,1
30228,6,3,106019,106019,106022,0,3,5
30229,5,2,106024,106024,106026,0,2,2
30230,4,1,106028,106028,106029,0,1,2
30231,6,2,106034,106034,106036,0,2,5
30232,3,1,106037,106037,106038,0,1,1
30233,1,1,106038,106038,106039,0,1,0
30234,2,3,106040,106040,106043,0,3,1
30235,5,2,106045,106045,106047,0,2,2
30236,4,3,106049,106049,106052,0,3,2
30237,2,2,106051,106052,106054,1,3,0
30238,5,1,106056,106056,106057,0,1,2
30239,4,3,106060,106060,106063,0,3,3
30240,4,3,106064,106064,106067,0,3,1
30241,6,2,106070,106070,106072,0,2,3
30242,6,2,106076,106076,106078,0,2,4
30243,5,3,106081,106081,106084,0,3,3
30244,3,1,106084,106084,106085,0,1,0
30245,5,1,106089,106089,106090,0,1,4
30246,5,1,106094,106094,106095,0,1,4
30247,6,2,106100,106100,106102,0,2,5
30248,2,2,106102,106102,106104,0,2,0
30249,5,3,106107,106107,106110,0,3,3
30250,4,3,106111,106111,106114,0,3,1
30251,4,3,106115,106115,106118,0,3,1
30252,3,1,106118,106118,106119,0,1,0
30253,3,1,106121,106121,106122,0,1,2
30254,2,2,106123,106123,106125,0,2,1
30255,3,3,106126,106126,106129,0,3,1
30256,4,1,106130,106130,106131,0,1,1
30257,4,1,106134,106134,106135,0,1,3
30258,4,2,106138,106138,106140,0,2,3
30259,5,2,106143,106143,106145,0,2,3
30260,1,2,106144,106145,106147,1,3,0
30261,1,2,106145,106147,106149,2,4,0
30262,5,3,106150,106150,106153,0,3,1
30263,2,3,106152,106153,106156,1,4,0
30264,4,2,106156,106156,106158,0,2,0
30265,3,3,106159,106159,106162,0,3,1
30266,1,1,106160,106162,106163,2,3,0
30267,6,1,106166,106166,106167,0,1,3
30268,4,3,106170,106170,106173,0,3,3
30269,5,2,106175,106175,106177,0,2,2
30270,5,3,106180,106180,106183,0,3,3
30271,6,3,106186,106186,106189,0,3,3
30272,4,3,106190,106190,106193,0,3,1
30273,4,2,106194,106194,106196,0,2,1
30274,2,1,106196,106196,106197,0,1,0
30275,6,1,106202,106202,106203,0,1,5
30276,4,2,106206,106206,106208,0,2,3
30277,1,1,106207,106208,106209,1,2,0
30278,1,1,106208,106209,106210,1,2,0
30279,2,2,106210,106210,106212,0,2,0
30280,5,3,106215,106215,106218,0,3,3
30281,4,1,106219,106219,106220,0,1,1
30282,4,2,106223,106223,106225,0,2,3
30283,1,2,106224,106225,106227,1,3,0
30284,4,2,106228,106228,106230,0,2,1
30285,3,1,106231,106231,106232,0,1,1
30286,3,1,106234,106234,106235,0,1,2
30287,2,3,106236,106236,106239,0,3,1
30288,4,3,106240,106240,106243,0,3,1
30289,3,1,106243,106243,106244,0,1,0
30290,5,1,106248,106248,106249,0,1,4
30291,3,2,106251,106251,106253,0,2,2
30292,4,3,106255,106255,106258,0,3,2
30293,4,1,106259,106259,106260,0,1,1
30294,6,1,106265,106265,106266,0,1,5
30295,1,1,106266,106266,106267,0,1,0
30296,3,1,106269,106269,106270,0,1,2
30297,6,2,106275,106275,106277,0,2,5
30298,2,2,106277,106277,106279,0,2,0
30299,5,2,106282,106282,106284,0,2,3
30300,1,3,106283,106284,106287,1,4,0
30301,2,1,106285,106287,106288,2,3,0
30302,1,3,106286,106288,106291,2,5,0
30303,1,3,106287,106291,106294,4,7,0
30304,2,3,106289,106294,106297,5,8,0
30305,4,2,106293,106297,106299,4,6,0
30306,2,3,106295,106299,106302,4,7,0
30307,3,1,106298,106302,106303,4,5,0
30308,1,3,106299,106303,106306,4,7,0
30309,3,2,106302,106306,106308,4,6,0
30310,5,2,106307,106308,106310,1,3,0
30311,1,1,106308,106310,106311,2,3,0
30312,3,2,106311,106311,106313,0,2,0
30313,3,1,106314,106314,106315,0,1,1
30314,4,3,106318,106318,106321,0,3,3
30315,2,2,106320,106321,106323,1,3,0
30316,5,3,106325,106325,106328,0,3,2
30317,5,1,106330,106330,106331,0,1,2
30318,4,1,106334,106334,106335,0,1,3
30319,2,2,106336,106336,106338,0,2,1
30320,4,3,106340,106340,106343,0,3,2
30321,5,1,106345,106345,106346,0,1,2
30322,5,3,106350,106350,106353,0,3,4
30323,5,2,106355,106355,106357,0,2,2
30324,6,2,106361,106361,106363,0,2,4
30325,5,2,106366,106366,106368,0,2,3
30326,4,3,106370,106370,106373,0,3,2
30327,2,2,106372,106373,106375,1,3,0
30328,5,1,106377,106377,106378,0,1,2
30329,4,3,106381,106381,106384,0,3,3
30330,4,2,106385,106385,106387,0,2,1
30331,3,1,106388,106388,106389,0,1,1
30332,6,1,106394,106394,106395,0,1,5
30333,5,1,106399,106399,106400,0,1,4
30334,1,1,106400,106400,106401,0,1,0
30335,6,2,106406,106406,106408,0,2,5
30336,2,2,106408,106408,106410,0,2,0
30337,6,2,106414,106414,106416,0,2,4
30338,3,3,106417,106417,106420,0,3,1
30339,4,2,106421,106421,106423,0,2,1
30340,5,1,106426,106426,106427,0,1,3
30341,5,1,106431,106431,106432,0,1,4
30342,4,1,106435,106435,106436,0,1,3
30343,6,2,106441,106441,106443,0,2,5
30344,1,1,106442,106443,106444,1,2,0
30345,3,1,106445,106445,106446,0,1,1
30346,6,3,106451,106451,106454,0,3,5
30347,4,2,106455,106455,106457,0,2,1
30348,1,1,106456,106457,106458,1,2,0
30349,2,1,106458,106458,106459,0,1,0
30350,4,2,106462,106462,106464,0,2,3
30351,6,3,106468,106468,106471,0,3,4
30352,6,1,106474,106474,106475,0,1,3
30353,3,3,106477,106477,106480,0,3,2
30354,3,1,106480,106480,106481,0,1,0
30355,5,1,106485,106485,106486,0,1,4
30356,4,2,106489,106489,106491,0,2,3
30357,4,2,106493,106493,106495,0,2,2
30358,3,1,106496,106496,106497,0,1,1
30359,4,2,106500,106500,106502,0,2,3
30360,1,2,106501,106502,106504,1,3,0
30361,1,3,106502,106504,106507,2,5,0
30362,2,3,106504,106507,106510,3,6,0
30363,1,2,106505,106510,106512,5,7,0
30364,3,3,106508,106512,106515,4,7,0
30365,2,1,106510,106515,106516,5,6,0
30366,6,3,106516,106516,106519,0,3,0
30367,3,1,106519,106519,106520,0,1,0
30368,1,2,106520,106520,106522,0,2,0
30369,6,1,106526,106526,106527,0,1,4
30370,1,3,106527,106527,106530,0,3,0
30371,1,3,106528,106530,106533,2,5,0
30372,5,2,106533,106533,106535,0,2,0
30373,4,3,106537,106537,106540,0,3,2
30374,3,3,106540,106540,106543,0,3,0
30375,5,1,106545,106545,106546,0,1,2
30376,4,1,106549,106549,106550,0,1,3
30377,2,1,106551,106551,106552,0,1,1
30378,5,1,106556,106556,106557,0,1,4
30379,1,1,106557,106557,106558,0,1,0
30380,1,2,106558,106558,106560,0,2,0
30381,4,3,106562,106562,106565,0,3,2
30382,2,3,106564,106565,106568,1,4,0
30383,2,3,106566,106568,106571,2,5,0
30384,3,3,106569,106571,106574,2,5,0
30385,1,3,106570,106574,106577,4,7,0
30386,5,3,106575,106577,106580,2,5,0
30387,4,3,106579,106580,106583,1,4,0
30388,1,3,106580,106583,106586,3,6,0
30389,4,2,106584,106586,106588,2,4,0
30390,6,2,106590,106590,106592,0,2,2
30391,5,2,106595,106595,106597,0,2,3
30392,6,3,106601,106601,106604,0,3,4
30393,3,1,106604,106604,106605,0,1,0
30394,2,2,106606,106606,106608,0,2,1
30395,3,3,106609,106609,106612,0,3,1
30396,3,1,106612,106612,106613,0,1,0
30397,3,2,106615,106615,106617,0,2,2
30398,1,2,106616,106617,106619,1,3,0
30399,5,2,106621,106621,106623,0,2,2
30400,6,3,106627,106627,106630,0,3,4
30401,6,2,106633,106633,106635,0,2,3
30402,5,2,106638,106638,106640,0,2,3
30403,6,2,106644,106644,106646,0,2,4
30404,6,1,106650,106650,106651,0,1,4
30405,5,3,106655,106655,106658,0,3,4
30406,4,1,106659,106659,106660,0,1,1
30407,2,2,106661,106661,106663,0,2,1
30408,5,3,106666,106666,106669,0,3,3
30409,4,1,106670,106670,106671,0,1,1
30410,3,1,106673,106673,106674,0,1,2
30411,4,3,106677,106677,106680,0,3,3
30412,3,3,106680,106680,106683,0,3,0
30413,2,3,106682,106683,106686,1,4,0
30414,2,3,106684,106686,106689,2,5,0
30415,3,2,106687,106689,106691,2,4,0
30416,5,2,106692,106692,106694,0,2,1
30417,5,2,106697,106697,106699,0,2,3
30418,3,3,106700,106700,106703,0,3,1
30419,2,3,106702,106703,106706,1,4,0
30420,5,2,106707,106707,106709,0,2,1
30421,2,3,106709,106709,106712,0,3,0
30422,1,2,106710,106712,106714,2,4,0
30423,6,2,106716,106716,106718,0,2,2
30424,2,3,106718,106718,106721,0,3,0
30425,5,2,106723,106723,106725,0,2,2
30426,1,1,106724,106725,106726,1,2,0
30427,4,2,106728,106728,106730,0,2,2
30428,3,3,106731,106731,106734,0,3,1
30429,5,3,106736,106736,106739,0,3,2
30430,2,2,106738,106739,106741,1,3,0
30431,1,3,106739,106741,106744,2,5,0
30432,1,2,106740,106744,106746,4,6,0
30433,2,1,106742,106746,106747,4,5,0
30434,5,3,106747,106747,106750,0,3,0
30435,5,1,106752,106752,106753,0,1,2
30436,5,3,106757,106757,106760,0,3,4
30437,3,3,106760,106760,106763,0,3,0
30438,1,3,106761,106763,106766,2,5,0
30439,3,1,106764,106766,106767,2,3,0
30440,3,2,106767,106767,106769,0,2,0
30441,5,1,106772,106772,106773,0,1,3
30442,6,1,106778,106778,106779,0,1,5
30443,5,3,106783,106783,106786,0,3,4
30444,4,1,106787,106787,106788,0,1,1
30445,1,3,106788,106788,106791,0,3,0
30446,5,3,106793,106793,106796,0,3,2
30447,5,3,106798,106798,106801,0,3,2
30448,3,1,106801,106801,106802,0,1,0
30449,2,3,106803,106803,106806,0,3,1
30450,1,3,106804,106806,106809,2,5,0
30451,6,1,106810,106810,106811,0,1,1
30452,5,2,106815,106815,106817,0,2,4
30453,4,1,106819,106819,106820,0,1,2
30454,3,3,106822,106822,106825,0,3,2
30455,5,1,106827,106827,106828,0,1,2
30456,4,3,106831,106831,106834,0,3,3
30457,5,1,106836,106836,106837,0,1,2
30458,1,2,106837,106837,106839,0,2,0
30459,2,2,106839,106839,106841,0,2,0
30460,6,3,106845,106845,106848,0,3,4
30461,5,2,106850,106850,106852,0,2,2
30462,5,2,106855,106855,106857,0,2,3
30463,5,3,106860,106860,106863,0,3,3
30464,4,2,106864,106864,106866,0,2,1
30465,6,2,106870,106870,106872,0,2,4
30466,4,3,106874,106874,106877,0,3,2
30467,6,1,106880,106880,106881,0,1,3
30468,5,3,106885,106885,106888,0,3,4
30469,2,2,106887,106888,106890,1,3,0
30470,2,1,106889,106890,106891,1,2,0
30471,5,2,106894,106894,106896,0,2,3
30472,4,1,106898,106898,106899,0,1,2
30473,4,2,106902,106902,106904,0,2,3
30474,2,2,106904,106904,106906,0,2,0
30475,2,1,106906,106906,106907,0,1,0
30476,5,3,106911,106911,106914,0,3,4
30477,1,1,106912,106914,106915,2,3,0
30478,6,1,106918,106918,106919,0,1,3
30479,2,2,106920,106920,106922,0,2,1
30480,1,3,106921,106922,106925,1,4,0
30481,6,1,106927,106927,106928,0,1,2
30482,5,2,106932,106932,106934,0,2,4
30483,4,3,106936,106936,106939,0,3,2
30484,6,1,106942,106942,106943,0,1,3
30485,4,3,106946,106946,106949,0,3,3
30486,4,1,106950,106950,106951,0,1,1
30487,5,3,106955,106955,106958,0,3,4
30488,6,1,106961,106961,106962,0,1,3
30489,5,1,106966,106966,106967,0,1,4
30490,1,1,106967,106967,106968,0,1,0
30491,1,1,106968,106968,106969,0,1,0
30492,1,3,106969,106969,106972,0,3,0
30493,6,1,106975,106975,106976,0,1,3
30494,6,1,106981,106981,106982,0,1,5
30495,3,3,106984,106984,106987,0,3,2
30496,2,2,106986,106987,106989,1,3,0
30497,1,1,106987,106989,106990,2,3,0
30498,5,2,106992,106992,106994,0,2,2
30499,2,1,106994,106994,106995,0,1,0
30500,5,1,106999,106999,107000,0,1,4
30501,2,1,107001,107001,107002,0,1,1
30502,6,2,107007,107007,107009,0,2,5
30503,3,3,107010,107010,107013,0,3,1
30504,1,1,107011,107013,107014,2,3,0
30505,2,2,107013,107014,107016,1,3,0
30506,2,1,107015,107016,107017,1,2,0
30507,5,2,107020,107020,107022,0,2,3
30508,2,3,107022,107022,107025,0,3,0
30509,3,3,107025,107025,107028,0,3,0
30510,1,2,107026,107028,107030,2,4,0
30511,2,2,107028,107030,107032,2,4,0
30512,4,2,107032,107032,107034,0,2,0
30513,1,2,107033,107034,107036,1,3,0
30514,1,2,107034,107036,107038,2,4,0
30515,3,3,107037,107038,107041,1,4,0
30516,3,1,107040,107041,107042,1,2,0
30517,6,2,107046,107046,107048,0,2,4
30518,2,1,107048,107048,107049,0,1,0
30519,4,2,107052,107052,107054,0,2,3
30520,3,1,107055,107055,107056,0,1,1
30521,6,1,107061,107061,107062,0,1,5
30522,2,1,107063,107063,107064,0,1,1
30523,5,1,107068,107068,107069,0,1,4
30524,1,3,107069,107069,107072,0,3,0
30525,5,1,107074,107074,107075,0,1,2
30526,6,2,107080,107080,107082,0,2,5
30527,3,2,107083,107083,107085,0,2,1
30528,4,2,107087,107087,107089,0,2,2
30529,3,3,107090,107090,107093,0,3,1
30530,2,1,107092,107093,107094,1,2,0
30531,5,2,107097,107097,107099,0,2,3
30532,4,2,107101,107101,107103,0,2,2
30533,2,1,107103,107103,107104,0,1,0
30534,1,3,107104,107104,107107,0,3,0
30535,4,1,107108,107108,107109,0,1,1
30536,1,3,107109,107109,107112,0,3,0
30537,4,2,107113,107113,107115,0,2,1
30538,4,2,107117,107117,107119,0,2,2
30539,4,2,107121,107121,107123,0,2,2
30540,2,3,107123,107123,107126,0,3,0
30541,3,2,107126,107126,107128,0,2,0
30542,2,3,107128,107128,107131,0,3,0
30543,3,3,107131,107131,107134,0,3,0
30544,4,1,107135,107135,107136,0,1,1
30545,2,2,107137,107137,107139,0,2,1
30546,4,3,107141,107141,107144,0,3,2
30547,4,3,107145,107145,107148,0,3,1
30548,5,2,107150,107150,107152,0,2,2
30549,5,3,107155,107155,107158,0,3,3
30550,2,3,107157,107158,107161,1,4,0
30551,6,2,107163,107163,107165,0,2,2
30552,2,3,107165,107165,107168,0,3,0
30553,5,1,107170,107170,107171,0,1,2
30554,1,1,107171,107171,107172,0,1,0
30555,2,2,107173,107173,107175,0,2,1
30556,6,2,107179,107179,107181,0,2,4
30557,2,1,107181,107181,107182,0,1,0
30558,4,3,107185,107185,107188,0,3,3
30559,6,2,107191,107191,107193,0,2,3
30560,2,1,107193,107193,107194,0,1,0
30561,4,1,107197,107197,107198,0,1,3
30562,4,1,107201,107201,107202,0,1,3
30563,1,3,107202,107202,107205,0,3,0
30564,5,3,107207,107207,107210,0,3,2
30565,2,2,107209,107210,107212,1,3,0
30566,4,1,107213,107213,107214,0,1,1
30567,3,3,107216,107216,107219,0,3,2
30568,5,1,107221,107221,107222,0,1,2
30569,4,3,107225,107225,107228,0,3,3
30570,2,3,107227,107228,107231,1,4,0
30571,6,1,107233,107233,107234,0,1,2
30572,2,3,107235,107235,107238,0,3,1
30573,4,1,107239,107239,107240,0,1,1
30574,1,2,107240,107240,107242,0,2,0
30575,6,1,107246,107246,107247,0,1,4
30576,2,1,107248,107248,107249,0,1,1
30577,2,1,107250,107250,107251,0,1,1
30578,2,2,107252,107252,107254,0,2,1
30579,2,2,107254,107254,107256,0,2,0
30580,3,1,107257,107257,107258,0,1,1
30581,2,2,107259,107259,107261,0,2,1
30582,2,3,107261,107261,107264,0,3,0
30583,4,2,107265,107265,107267,0,2,1
30584,6,2,107271,107271,107273,0,2,4
30585,1,2,107272,107273,107275,1,3,0
30586,3,1,107275,107275,107276,0,1,0
30587,4,2,107279,107279,107281,0,2,3
30588,3,2,107282,107282,107284,0,2,1
30589,5,3,107287,107287,107290,0,3,3
30590,3,3,107290,107290,107293,0,3,0
30591,3,3,107293,107293,107296,0,3,0
30592,4,3,107297,107297,107300,0,3,1
30593,6,2,107303,107303,107305,0,2,3
30594,2,3,107305,107305,107308,0,3,0
30595,6,1,107311,107311,107312,0,1,3
30596,4,2,107315,107315,107317,0,2,3
30597,5,1,107320,107320,107321,0,1,3
30598,4,3,107324,107324,107327,0,3,3
30599,3,3,107327,107327,107330,0,3,0
30600,2,2,107329,107330,107332,1,3,0
30601,4,1,107333,107333,107334,0,1,1
30602,2,3,107335,107335,107338,0,3,1
30603,6,3,107341,107341,107344,0,3,3
30604,1,2,107342,107344,107346,2,4,0
30605,3,3,107345,107346,107349,1,4,0
30606,2,3,107347,107349,107352,2,5,0
30607,3,3,107350,107352,107355,2,5,0
30608,3,3,107353,107355,107358,2,5,0
30609,4,3,107357,107358,107361,1,4,0
30610,4,3,107361,107361,107364,0,3,0
30611,1,3,107362,107364,107367,2,5,0
30612,3,2,107365,107367,107369,2,4,0
30613,5,1,107370,107370,107371,0,1,1
30614,5,2,107375,107375,107377,0,2,4
30615,1,3,107376,107377,107380,1,4,0
30616,5,2,107381,107381,107383,0,2,1
30617,2,3,107383,107383,107386,0,3,0
30618,4,3,107387,107387,107390,0,3,1
30619,3,2,107390,107390,107392,0,2,0
30620,6,1,107396,107396,107397,0,1,4
30621,2,3,107398,107398,107401,0,3,1
30622,5,2,107403,107403,107405,0,2,2
30623,5,3,107408,107408,107411,0,3,3
30624,6,3,107414,107414,107417,0,3,3
30625,2,1,107416,107417,107418,1,2,0
30626,4,1,107420,107420,107421,0,1,2
30627,6,2,107426,107426,107428,0,2,5
30628,6,1,107432,107432,107433,0,1,4
30629,6,1,107438,107438,107439,0,1,5
30630,1,3,107439,107439,107442,0,3,0
30631,3,2,107442,107442,107444,0,2,0
30632,6,1,107448,107448,107449,0,1,4
30633,4,2,107452,107452,107454,0,2,3
30634,6,2,107458,107458,107460,0,2,4
30635,2,3,107460,107460,107463,0,3,0
30636,2,1,107462,107463,107464,1,2,0
30637,2,3,107464,107464,107467,0,3,0
30638,1,3,107465,107467,107470,2,5,0
30639,6,2,107471,107471,107473,0,2,1
30640,5,3,107476,107476,107479,0,3,3
30641,4,3,107480,107480,107483,0,3,1
30642,2,3,107482,107483,107486,1,4,0
30643,1,2,107483,107486,107488,3,5,0
30644,2,2,107485,107488,107490,3,5,0
30645,5,2,107490,107490,107492,0,2,0
30646,2,1,107492,107492,107493,0,1,0
30647,4,1,107496,107496,107497,0,1,3
30648,4,2,107500,107500,107502,0,2,3
30649,6,3,107506,107506,107509,0,3,4
30650,5,2,107511,107511,107513,0,2,2
30651,3,1,107514,107514,107515,0,1,1
30652,1,3,107515,107515,107518,0,3,0
30653,4,3,107519,107519,107522,0,3,1
30654,5,1,107524,107524,107525,0,1,2
30655,1,2,107525,107525,107527,0,2,0
30656,6,3,107531,107531,107534,0,3,4
30657,1,3,107532,107534,107537,2,5,0
30658,5,1,107537,107537,107538,0,1,0
30659,6,1,107543,107543,107544,0,1,5
30660,2,2,107545,107545,107547,0,2,1
30661,6,1,107551,107551,107552,0,1,4
30662,3,1,107554,107554,107555,0,1,2
30663,3,2,107557,107557,107559,0,2,2
30664,4,3,107561,107561,107564,0,3,2
30665,2,3,107563,107564,107567,1,4,0
30666,2,1,107565,107567,107568,2,3,0
30667,1,2,107566,107568,107570,2,4,0
30668,4,2,107570,107570,107572,0,2,0
30669,1,3,107571,107572,107575,1,4,0
30670,6,2,107577,107577,107579,0,2,2
30671,3,3,107580,107580,107583,0,3,1
30672,4,2,107584,107584,107586,0,2,1
30673,5,3,107589,107589,107592,0,3,3
30674,2,2,107591,107592,107594,1,3,0
30675,1,1,107592,107594,107595,2,3,0
30676,2,1,107594,107595,107596,1,2,0
30677,6,1,107600,107600,107601,0,1,4
30678,3,2,107603,107603,107605,0,2,2
30679,4,1,107607,107607,107608,0,1,2
30680,6,1,107613,107613,107614,0,1,5
30681,4,1,107617,107617,107618,0,1,3
30682,2,3,107619,107619,107622,0,3,1
30683,2,2,107621,107622,107624,1,3,0
30684,2,1,107623,107624,107625,1,2,0
30685,4,3,107627,107627,107630,0,3,2
30686,6,1,107633,107633,107634,0,1,3
30687,2,3,107635,107635,107638,0,3,1
30688,6,3,107641,107641,107644,0,3,3
30689,4,3,107645,107645,107648,0,3,1
30690,5,1,107650,107650,107651,0,1,2
30691,6,3,107656,107656,107659,0,3,5
30692,4,3,107660,107660,107663,0,3,1
30693,2,2,107662,107663,107665,1,3,0
30694,1,3,107663,107665,107668,2,5,0
30695,3,2,107666,107668,107670,2,4,0
30696,2,1,107668,107670,107671,2,3,0
30697,3,2,107671,107671,107673,0,2,0
30698,4,3,107675,107675,107678,0,3,2
30699,4,2,107679,107679,107681,0,2,1
30700,5,1,107684,107684,107685,0,1,3
30701,4,2,107688,107688,107690,0,2,3
30702,5,2,107693,107693,107695,0,2,3
30703,6,1,107699,107699,107700,0,1,4
30704,1,2,107700,107700,107702,0,2,0
30705,2,3,107702,107702,107705,0,3,0
30706,1,1,107703,107705,107706,2,3,0
30707,3,2,107706,107706,107708,0,2,0
30708,6,1,107712,107712,107713,0,1,4
30709,4,1,107716,107716,107717,0,1,3
30710,1,2,107717,107717,107719,0,2,0
30711,1,1,107718,107719,107720,1,2,0
30712,5,2,107723,107723,107725,0,2,3
30713,1,2,107724,107725,107727,1,3,0
30714,3,1,107727,107727,107728,0,1,0
30715,6,3,107733,107733,107736,0,3,5
30716,6,1,107739,107739,107740,0,1,3
30717,2,1,107741,107741,107742,0,1,1
30718,5,1,107746,107746,107747,0,1,4
30719,2,1,107748,107748,107749,0,1,1
30720,6,3,107754,107754,107757,0,3,5
30721,3,1,107757,107757,107758,0,1,0
30722,3,2,107760,107760,107762,0,2,2
30723,3,1,107763,107763,107764,0,1,1
30724,6,1,107769,107769,107770,0,1,5
30725,5,2,107774,107774,107776,0,2,4
30726,1,2,107775,107776,107778,1,3,0
30727,3,1,107778,107778,107779,0,1,0
30728,4,2,107782,107782,107784,0,2,3
30729,4,3,107786,107786,107789,0,3,2
30730,3,1,107789,107789,107790,0,1,0
30731,3,3,107792,107792,107795,0,3,2
30732,6,1,107798,107798,107799,0,1,3
30733,2,1,107800,107800,107801,0,1,1
30734,5,3,107805,107805,107808,0,3,4
30735,6,2,107811,107811,107813,0,2,3
30736,4,3,107815,107815,107818,0,3,2
30737,4,3,107819,107819,107822,0,3,1
30738,2,1,107821,107822,107823,1,2,0
30739,6,1,107827,107827,107828,0,1,4
30740,6,1,107833,107833,107834,0,1,5
30741,5,2,107838,107838,107840,0,2,4
30742,3,3,107841,107841,107844,0,3,1
30743,3,3,107844,107844,107847,0,3,0
30744,4,3,107848,107848,107851,0,3,1
30745,2,1,107850,107851,107852,1,2,0
30746,4,1,107854,107854,107855,0,1,2
30747,5,2,107859,107859,107861,0,2,4
30748,1,3,107860,107861,107864,1,4,0
30749,6,3,107866,107866,107869,0,3,2
30750,4,3,107870,107870,107873,0,3,1
30751,2,1,107872,107873,107874,1,2,0
30752,3,2,107875,107875,107877,0,2,1
30753,2,1,107877,107877,107878,0,1,0
30754,1,1,107878,107878,107879,0,1,0
30755,1,3,107879,107879,107882,0,3,0
30756,4,1,107883,107883,107884,0,1,1
30757,1,2,107884,107884,107886,0,2,0
30758,3,3,107887,107887,107890,0,3,1
30759,2,3,107889,107890,107893,1,4,0
30760,1,3,107890,107893,107896,3,6,0
30761,3,1,107893,107896,107897,3,4,0
30762,2,3,107895,107897,107900,2,5,0
30763,2,2,107897,107900,107902,3,5,0
30764,6,1,107903,107903,107904,0,1,1
30765,1,2,107904,107904,107906,0,2,0
30766,1,3,107905,107906,107909,1,4,0
30767,6,3,107911,107911,107914,0,3,2
30768,5,2,107916,107916,107918,0,2,2
30769,4,2,107920,107920,107922,0,2,2
30770,1,1,107921,107922,107923,1,2,0
30771,1,3,107922,107923,107926,1,4,0
30772,1,2,107923,107926,107928,3,5,0
30773,5,2,107928,107928,107930,0,2,0
30774,1,2,107929,107930,107932,1,3,0
30775,1,2,107930,107932,107934,2,4,0
30776,5,2,107935,107935,107937,0,2,1
30777,1,1,107936,107937,107938,1,2,0
30778,5,2,107941,107941,107943,0,2,3
30779,6,1,107947,107947,107948,0,1,4
30780,1,3,107948,107948,107951,0,3,0
30781,4,3,107952,107952,107955,0,3,1
30782,2,1,107954,107955,107956,1,2,0
30783,2,2,107956,107956,107958,0,2,0
30784,4,2,107960,107960,107962,0,2,2
30785,4,3,107964,107964,107967,0,3,2
30786,6,1,107970,107970,107971,0,1,3
30787,5,2,107975,107975,107977,0,2,4
30788,4,2,107979,107979,107981,0,2,2
30789,4,2,107983,107983,107985,0,2,2
30790,2,1,107985,107985,107986,0,1,0
30791,3,1,107988,107988,107989,0,1,2
30792,6,3,107994,107994,107997,0,3,5
30793,2,1,107996,107997,107998,1,2,0
30794,4,1,108000,108000,108001,0,1,2
30795,1,3,108001,108001,108004,0,3,0
30796,1,1,108002,108004,108005,2,3,0
30797,1,1,108003,108005,108006,2,3,0
30798,5,2,108008,108008,108010,0,2,2
30799,3,1,108011,108011,108012,0,1,1
30800,5,3,108016,108016,108019,0,3,4
30801,4,3,108020,108020,108023,0,3,1
30802,4,3,108024,108024,108027,0,3,1
30803,1,1,108025,108027,108028,2,3,0
30804,5,2,108030,108030,108032,0,2,2
30805,1,2,108031,108032,108034,1,3,0
30806,4,3,108035,108035,108038,0,3,1
30807,4,1,108039,108039,108040,0,1,1
30808,3,3,108042,108042,108045,0,3,2
30809,4,2,108046,108046,108048,0,2,1
30810,6,3,108052,108052,108055,0,3,4
30811,1,2,108053,108055,108057,2,4,0
30812,6,1,108059,108059,108060,0,1,2
30813,5,1,108064,108064,108065,0,1,4
30814,3,2,108067,108067,108069,0,2,2
30815,5,3,108072,108072,108075,0,3,3
30816,2,1,108074,108075,108076,1,2,0
30817,1,1,108075,108076,108077,1,2,0
30818,2,1,108077,108077,108078,0,1,0
30819,1,2,108078,108078,108080,0,2,0
30820,5,3,108083,108083,108086,0,3,3
30821,4,2,108087,108087,108089,0,2,1
30822,2,3,108089,108089,108092,0,3,0
30823,5,2,108094,108094,108096,0,2,2
30824,1,1,108095,108096,108097,1,2,0
30825,1,3,108096,108097,108100,1,4,0
30826,6,2,108102,108102,108104,0,2,2
30827,5,2,108107,108107,108109,0,2,3
30828,3,2,108110,108110,108112,0,2,1
30829,6,1,108116,108116,108117,0,1,4
30830,4,1,108120,108120,108121,0,1,3
30831,6,3,108126,108126,108129,0,3,5
30832,1,1,108127,108129,108130,2,3,0
30833,6,3,108133,108133,108136,0,3,3
30834,5,2,108138,108138,108140,0,2,2
30835,4,1,108142,108142,108143,0,1,2
30836,4,1,108146,108146,108147,0,1,3
30837,6,3,108152,108152,108155,0,3,5
30838,2,1,108154,108155,108156,1,2,0
30839,5,1,108159,108159,108160,0,1,3
30840,3,1,108162,108162,108163,0,1,2
30841,6,2,108168,108168,108170,0,2,5
30842,3,2,108171,108171,108173,0,2,1
30843,1,2,108172,108173,108175,1,3,0
30844,2,3,108174,108175,108178,1,4,0
30845,6,1,108180,108180,108181,0,1,2
30846,1,3,108181,108181,108184,0,3,0
30847,2,2,108183,108184,108186,1,3,0
30848,3,3,108186,108186,108189,0,3,0
30849,1,2,108187,108189,108191,2,4,0
30850,6,1,108193,108193,108194,0,1,2
30851,3,2,108196,108196,108198,0,2,2
30852,6,2,108202,108202,108204,0,2,4
30853,4,2,108206,108206,108208,0,2,2
30854,2,1,108208,108208,108209,0,1,0
30855,2,3,108210,108210,108213,0,3,1
30856,6,1,108216,108216,108217,0,1,3
30857,6,2,108222,108222,108224,0,2,5
30858,3,3,108225,108225,108228,0,3,1
30859,5,3,108230,108230,108233,0,3,2
30860,5,3,108235,108235,108238,0,3,2
30861,6,3,108241,108241,108244,0,3,3
30862,2,2,108243,108244,108246,1,3,0
30863,2,1,108245,108246,108247,1,2,0
30864,5,1,108250,108250,108251,0,1,3
30865,4,1,108254,108254,108255,0,1,3
30866,1,2,108255,108255,108257,0,2,0
30867,6,2,108261,108261,108263,0,2,4
30868,5,3,108266,108266,108269,0,3,3
30869,1,3,108267,108269,108272,2,5,0
30870,2,1,108269,108272,108273,3,4,0
30871,2,2,108271,108273,108275,2,4,0
30872,5,3,108276,108276,108279,0,3,1
30873,4,3,108280,108280,108283,0,3,1
30874,4,2,108284,108284,108286,0,2,1
30875,2,2,108286,108286,108288,0,2,0
30876,3,1,108289,108289,108290,0,1,1
30877,5,3,108294,108294,108297,0,3,4
30878,4,3,108298,108298,108301,0,3,1
30879,1,1,108299,108301,108302,2,3,0
30880,6,2,108305,108305,108307,0,2,3
30881,6,2,108311,108311,108313,0,2,4
30882,3,2,108314,108314,108316,0,2,1
30883,3,1,108317,108317,108318,0,1,1
30884,1,1,108318,108318,108319,0,1,0
30885,1,3,108319,108319,108322,0,3,0
30886,1,1,108320,108322,108323,2,3,0
30887,6,2,108326,108326,108328,0,2,3
30888,6,3,108332,108332,108335,0,3,4
30889,6,3,108338,108338,108341,0,3,3
30890,6,3,108344,108344,108347,0,3,3
30891,6,3,108350,108350,108353,0,3,3
30892,6,2,108356,108356,108358,0,2,3
30893,6,2,108362,108362,108364,0,2,4
30894,6,2,108368,108368,108370,0,2,4
30895,2,3,108370,108370,108373,0,3,0
30896,2,1,108372,108373,108374,1,2,0
30897,1,1,108373,108374,108375,1,2,0
30898,4,2,108377,108377,108379,0,2,2
30899,2,2,108379,108379,108381,0,2,0
30900,5,1,108384,108384,108385,0,1,3
30901,5,2,108389,108389,108391,0,2,4
30902,2,2,108391,108391,108393,0,2,0
30903,6,3,108397,108397,108400,0,3,4
30904,3,2,108400,108400,108402,0,2,0
30905,4,1,108404,108404,108405,0,1,2
30906,3,1,108407,108407,108408,0,1,2
30907,6,2,108413,108413,108415,0,2,5
30908,5,2,108418,108418,108420,0,2,3
30909,5,2,108423,108423,108425,0,2,3
30910,2,1,108425,108425,108426,0,1,0
30911,6,1,108431,108431,108432,0,1,5
30912,3,3,108434,108434,108437,0,3,2
30913,1,1,108435,108437,108438,2,3,0
30914,2,2,108437,108438,108440,1,3,0
30915,1,2,108438,108440,108442,2,4,0
30916,1,2,108439,108442,108444,3,5,0
30917,4,2,108443,108444,108446,1,3,0
30918,1,1,108444,108446,108447,2,3,0
30919,4,1,108448,108448,108449,0,1,1
30920,1,1,108449,108449,108450,0,1,0
30921,2,3,108451,108451,108454,0,3,1
30922,6,3,108457,108457,108460,0,3,3
30923,2,3,108459,108460,108463,1,4,0
30924,1,3,108460,108463,108466,3,6,0
30925,3,1,108463,108466,108467,3,4,0
30926,5,1,108468,108468,108469,0,1,1
30927,5,2,108473,108473,108475,0,2,4
30928,6,1,108479,108479,108480,0,1,4
30929,5,3,108484,108484,108487,0,3,4
30930,5,3,108489,108489,108492,0,3,2
30931,4,1,108493,108493,108494,0,1,1
30932,6,2,108499,108499,108501,0,2,5
30933,1,1,108500,108501,108502,1,2,0
30934,4,3,108504,108504,108507,0,3,2
30935,3,1,108507,108507,108508,0,1,0
30936,3,1,108510,108510,108511,0,1,2
30937,4,1,108514,108514,108515,0,1,3
30938,2,2,108516,108516,108518,0,2,1
30939,5,3,108521,108521,108524,0,3,3
30940,6,3,108527,108527,108530,0,3,3
30941,6,1,108533,108533,108534,0,1,3
30942,5,1,108538,108538,108539,0,1,4
30943,4,3,108542,108542,108545,0,3,3
30944,6,3,108548,108548,108551,0,3,3
30945,4,2,108552,108552,108554,0,2,1
30946,2,1,108554,108554,108555,0,1,0
30947,1,1,108555,108555,108556,0,1,0
30948,4,3,108559,108559,108562,0,3,3
30949,3,3,108562,108562,108565,0,3,0
30950,5,1,108567,108567,108568,0,1,2
30951,6,3,108573,108573,108576,0,3,5
30952,2,3,108575,108576,108579,1,4,0
30953,3,2,108578,108579,108581,1,3,0
30954,6,2,108584,108584,108586,0,2,3
30955,2,2,108586,108586,108588,0,2,0
30956,3,3,108589,108589,108592,0,3,1
30957,4,2,108593,108593,108595,0,2,1
30958,1,1,108594,108595,108596,1,2,0
30959,6,3,108600,108600,108603,0,3,4
30960,3,1,108603,108603,108604,0,1,0
30961,3,1,108606,108606,108607,0,1,2
30962,3,2,108609,108609,108611,0,2,2
30963,1,3,108610,108611,108614,1,4,0
30964,3,3,108613,108614,108617,1,4,0
30965,1,2,108614,108617,108619,3,5,0
30966,2,3,108616,108619,108622,3,6,0
30967,4,1,108620,108622,108623,2,3,0
30968,1,3,108621,108623,108626,2,5,0
30969,3,3,108624,108626,108629,2,5,0
30970,3,1,108627,108629,108630,2,3,0
30971,6,2,108633,108633,108635,0,2,3
30972,2,1,108635,108635,108636,0,1,0
30973,1,2,108636,108636,108638,0,2,0
30974,3,3,108639,108639,108642,0,3,1
30975,2,1,108641,108642,108643,1,2,0
30976,5,3,108646,108646,108649,0,3,3
30977,5,2,108651,108651,108653,0,2,2
30978,1,1,108652,108653,108654,1,2,0
30979,2,3,108654,108654,108657,0,3,0
30980,4,2,108658,108658,108660,0,2,1
30981,6,2,108664,108664,108666,0,2,4
30982,4,1,108668,108668,108669,0,1,2
30983,2,1,108670,108670,108671,0,1,1
30984,4,3,108674,108674,108677,0,3,3
30985,5,3,108679,108679,108682,0,3,2
30986,1,3,108680,108682,108685,2,5,0
30987,5,3,108685,108685,108688,0,3,0
30988,3,2,108688,108688,108690,0,2,0
30989,4,2,108692,108692,108694,0,2,2
30990,4,3,108696,108696,108699,0,3,2
30991,5,2,108701,108701,108703,0,2,2
30992,3,3,108704,108704,108707,0,3,1
30993,1,3,108705,108707,108710,2,5,0
30994,5,2,108710,108710,108712,0,2,0
30995,5,1,108715,108715,108716,0,1,3
30996,2,3,108717,108717,108720,0,3,1
30997,3,1,108720,108720,108721,0,1,0
30998,5,1,108725,108725,108726,0,1,4
30999,6,2,108731,108731,108733,0,2,5
31000,2,2,108733,108733,108735,0,2,0
31001,1,1,108734,108735,108736,1,2,0
31002,2,2,108736,108736,108738,0,2,0
31003,6,2,108742,108742,108744,0,2,4
31004,4,3,108746,108746,108749,0,3,2
31005,3,3,108749,108749,108752,0,3,0
31006,5,3,108754,108754,108757,0,3,2
31007,6,3,108760,108760,108763,0,3,3
31008,1,2,108761,108763,108765,2,4,0
31009,3,2,108764,108765,108767,1,3,0
31010,4,3,108768,108768,108771,0,3,1
31011,1,1,108769,108771,108772,2,3,0
31012,6,2,108775,108775,108777,0,2,3
31013,6,2,108781,108781,108783,0,2,4
31014,5,1,108786,108786,108787,0,1,3
31015,2,1,108788,108788,108789,0,1,1
31016,6,2,108794,108794,108796,0,2,5
31017,1,1,108795,108796,108797,1,2,0
31018,4,1,108799,108799,108800,0,1,2
31019,2,2,108801,108801,108803,0,2,1
31020,3,2,108804,108804,108806,0,2,1
31021,1,1,108805,108806,108807,1,2,0
31022,4,1,108809,108809,108810,0,1,2
31023,6,1,108815,108815,108816,0,1,5
31024,1,3,108816,108816,108819,0,3,0
31025,5,2,108821,108821,108823,0,2,2
31026,1,2,108822,108823,108825,1,3,0
31027,1,1,108823,108825,108826,2,3,0
31028,2,3,108825,108826,108829,1,4,0
31029,3,3,108828,108829,108832,1,4,0
31030,2,1,108830,108832,108833,2,3,0
31031,5,2,108835,108835,108837,0,2,2
31032,2,3,108837,108837,108840,0,3,0
31033,4,2,108841,108841,108843,0,2,1
31034,6,3,108847,108847,108850,0,3,4
31035,2,3,108849,108850,108853,1,4,0
31036,2,2,108851,108853,108855,2,4,0
31037,2,1,108853,108855,108856,2,3,0
31038,6,2,108859,108859,108861,0,2,3
31039,5,2,108864,108864,108866,0,2,3
31040,1,3,108865,108866,108869,1,4,0
31041,6,1,108871,108871,108872,0,1,2
31042,2,2,108873,108873,108875,0,2,1
31043,2,3,108875,108875,108878,0,3,0
31044,4,2,108879,108879,108881,0,2,1
31045,6,2,108885,108885,108887,0,2,4
31046,4,2,108889,108889,108891,0,2,2
31047,4,1,108893,108893,108894,0,1,2
31048,2,1,108895,108895,108896,0,1,1
31049,2,1,108897,108897,108898,0,1,1
31050,6,3,108903,108903,108906,0,3,5
31051,3,2,108906,108906,108908,0,2,0
31052,4,2,108910,108910,108912,0,2,2
31053,1,2,108911,108912,108914,1,3,0
31054,3,2,108914,108914,108916,0,2,0
31055,4,2,108918,108918,108920,0,2,2
31056,1,2,108919,108920,108922,1,3,0
31057,4,3,108923,108923,108926,0,3,1
31058,3,2,108926,108926,108928,0,2,0
31059,6,2,108932,108932,108934,0,2,4
31060,4,3,108936,108936,108939,0,3,2
31061,6,1,108942,108942,108943,0,1,3
31062,4,1,108946,108946,108947,0,1,3
31063,1,1,108947,108947,108948,0,1,0
31064,2,1,108949,108949,108950,0,1,1
31065,6,3,108955,108955,108958,0,3,5
31066,3,1,108958,108958,108959,0,1,0
31067,4,1,108962,108962,108963,0,1,3
31068,3,3,108965,108965,108968,0,3,2
31069,5,2,108970,108970,108972,0,2,2
31070,5,3,108975,108975,108978,0,3,3
31071,2,1,108977,108978,108979,1,2,0
31072,5,2,108982,108982,108984,0,2,3
31073,3,2,108985,108985,108987,0,2,1
31074,1,3,108986,108987,108990,1,4,0
31075,4,1,108990,108990,108991,0,1,0
31076,2,2,108992,108992,108994,0,2,1
31077,5,3,108997,108997,109000,0,3,3
31078,4,3,109001,109001,109004,0,3,1
31079,4,1,109005,109005,109006,0,1,1
31080,2,1,109007,109007,109008,0,1,1
31081,2,1,109009,109009,109010,0,1,1
31082,5,1,109014,109014,109015,0,1,4
31083,6,2,109020,109020,109022,0,2,5
31084,5,3,109025,109025,109028,0,3,3
31085,2,3,109027,109028,109031,1,4,0
31086,4,3,109031,109031,109034,0,3,0
31087,1,3,109032,109034,109037,2,5,0
31088,1,2,109033,109037,109039,4,6,0
31089,1,1,109034,109039,109040,5,6,0
31090,1,2,109035,109040,109042,5,7,0
31091,3,3,109038,109042,109045,4,7,0
31092,1,2,109039,109045,109047,6,8,0
31093,3,2,109042,109047,109049,5,7,0
31094,2,1,109044,109049,109050,5,6,0
31095,3,2,109047,109050,109052,3,5,0
31096,3,1,109050,109052,109053,2,3,0
31097,4,3,109054,109054,109057,0,3,1
31098,6,3,109060,109060,109063,0,3,3
31099,5,2,109065,109065,109067,0,2,2
31100,4,1,109069,109069,109070,0,1,2
31101,4,2,109073,109073,109075,0,2,3
31102,4,1,109077,109077,109078,0,1,2
31103,4,3,109081,109081,109084,0,3,3
31104,5,3,109086,109086,109089,0,3,2
31105,1,3,109087,109089,109092,2,5,0
31106,4,2,109091,109092,109094,1,3,0
31107,4,2,109095,109095,109097,0,2,1
31108,1,2,109096,109097,109099,1,3,0
31109,6,1,109102,109102,109103,0,1,3
31110,6,3,109108,109108,109111,0,3,5
31111,3,3,109111,109111,109114,0,3,0
31112,6,3,109117,109117,109120,0,3,3
31113,1,1,109118,109120,109121,2,3,0
31114,5,2,109123,109123,109125,0,2,2
31115,1,2,109124,109125,109127,1,3,0
31116,5,3,109129,109129,109132,0,3,2
31117,3,1,109132,109132,109133,0,1,0
31118,5,2,109137,109137,109139,0,2,4
31119,1,3,109138,109139,109142,1,4,0
31120,6,1,109144,109144,109145,0,1,2
31121,3,1,109147,109147,109148,0,1,2
31122,4,1,109151,109151,109152,0,1,3
31123,4,1,109155,109155,109156,0,1,3
31124,2,3,109157,109157,109160,0,3,1
31125,5,2,109162,109162,109164,0,2,2
31126,5,3,109167,109167,109170,0,3,3
31127,3,1,109170,109170,109171,0,1,0
31128,4,2,109174,109174,109176,0,2,3
31129,4,2,109178,109178,109180,0,2,2
31130,2,1,109180,109180,109181,0,1,0
31131,2,1,109182,109182,109183,0,1,1
31132,4,1,109186,109186,109187,0,1,3
31133,5,1,109191,109191,109192,0,1,4
31134,6,3,109197,109197,109200,0,3,5
31135,6,2,109203,109203,109205,0,2,3
31136,3,2,109206,109206,109208,0,2,1
31137,6,1,109212,109212,109213,0,1,4
31138,3,1,109215,109215,109216,0,1,2
31139,5,1,109220,109220,109221,0,1,4
31140,3,3,109223,109223,109226,0,3,2
31141,4,3,109227,109227,109230,0,3,1
31142,1,3,109228,109230,109233,2,5,0
31143,4,2,109232,109233,109235,1,3,0
31144,2,2,109234,109235,109237,1,3,0
31145,6,1,109240,109240,109241,0,1,3
31146,6,1,109246,109246,109247,0,1,5
31147,1,1,109247,109247,109248,0,1,0
31148,3,3,109250,109250,109253,0,3,2
31149,3,1,109253,109253,109254,0,1,0
31150,1,1,109254,109254,109255,0,1,0
31151,1,3,109255,109255,109258,0,3,0
31152,5,2,109260,109260,109262,0,2,2
31153,5,2,109265,109265,109267,0,2,3
31154,1,1,109266,109267,109268,1,2,0
31155,2,2,109268,109268,109270,0,2,0
31156,6,3,109274,109274,109277,0,3,4
31157,6,1,109280,109280,109281,0,1,3
31158,2,3,109282,109282,109285,0,3,1
31159,6,2,109288,109288,109290,0,2,3
31160,6,1,109294,109294,109295,0,1,4
31161,6,3,109300,109300,109303,0,3,5
31162,5,3,109305,109305,109308,0,3,2
31163,5,2,109310,109310,109312,0,2,2
31164,3,1,109313,109313,109314,0,1,1
31165,2,1,109315,109315,109316,0,1,1
31166,6,1,109321,109321,109322,0,1,5
31167,6,3,109327,109327,109330,0,3,5
31168,6,1,109333,109333,109334,0,1,3
31169,2,1,109335,109335,109336,0,1,1
31170,3,1,109338,109338,109339,0,1,2
31171,5,1,109343,109343,109344,0,1,4
31172,5,3,109348,109348,109351,0,3,4
31173,4,1,109352,109352,109353,0,1,1
31174,5,1,109357,109357,109358,0,1,4
31175,5,1,109362,109362,109363,0,1,4
31176,4,2,109366,109366,109368,0,2,3
31177,3,3,109369,109369,109372,0,3,1
31178,6,1,109375,109375,109376,0,1,3
31179,2,3,109377,109377,109380,0,3,1
31180,1,1,109378,109380,109381,2,3,0
31181,6,2,109384,109384,109386,0,2,3
31182,5,3,109389,109389,109392,0,3,3
31183,3,2,109392,109392,109394,0,2,0
31184,1,2,109393,109394,109396,1,3,0
31185,3,2,109396,109396,109398,0,2,0
31186,2,3,109398,109398,109401,0,3,0
31187,2,3,109400,109401,109404,1,4,0
31188,2,3,109402,109404,109407,2,5,0
31189,5,2,109407,109407,109409,0,2,0
31190,6,2,109413,109413,109415,0,2,4
31191,1,1,109414,109415,109416,1,2,0
31192,3,3,109417,109417,109420,0,3,1
31193,5,3,109422,109422,109425,0,3,2
31194,6,2,109428,109428,109430,0,2,3
31195,1,2,109429,109430,109432,1,3,0
31196,2,3,109431,109432,109435,1,4,0
31197,2,2,109433,109435,109437,2,4,0
31198,3,3,109436,109437,109440,1,4,0
31199,1,2,109437,109440,109442,3,5,0
31200,2,1,109439,109442,109443,3,4,0
31201,2,2,109441,109443,109445,2,4,0
31202,2,3,109443,109445,109448,2,5,0
31203,2,1,109445,109448,109449,3,4,0
31204,5,2,109450,109450,109452,0,2,1
31205,1,1,109451,109452,109453,1,2,0
31206,5,3,109456,109456,109459,0,3,3
31207,6,2,109462,109462,109464,0,2,3
31208,2,3,109464,109464,109467,0,3,0
31209,1,3,109465,109467,109470,2,5,0
31210,1,2,109466,109470,109472,4,6,0
31211,3,3,109469,109472,109475,3,6,0
31212,2,3,109471,109475,109478,4,7,0
31213,6,1,109477,109478,109479,1,2,0
31214,6,1,109483,109483,109484,0,1,4
31215,5,3,109488,109488,109491,0,3,4
31216,3,2,109491,109491,109493,0,2,0
31217,2,3,109493,109493,109496,0,3,0
31218,2,2,109495,109496,109498,1,3,0
31219,3,3,109498,109498,109501,0,3,0
31220,5,2,109503,109503,109505,0,2,2
31221,6,2,109509,109509,109511,0,2,4
31222,1,2,109510,109511,109513,1,3,0
31223,6,1,109516,109516,109517,0,1,3
31224,6,3,109522,109522,109525,0,3,5
31225,6,3,109528,109528,109531,0,3,3
31226,1,3,109529,109531,109534,2,5,0
31227,5,3,109534,109534,109537,0,3,0
31228,3,3,109537,109537,109540,0,3,0
31229,3,2,109540,109540,109542,0,2,0
31230,1,2,109541,109542,109544,1,3,0
31231,5,2,109546,109546,109548,0,2,2
31232,4,1,109550,109550,109551,0,1,2
31233,2,2,109552,109552,109554,0,2,1
31234,6,3,109558,109558,109561,0,3,4
31235,1,3,109559,109561,109564,2,5,0
31236,3,1,109562,109564,109565,2,3,0
31237,4,1,109566,109566,109567,0,1,1
31238,6,1,109572,109572,109573,0,1,5
31239,5,1,109577,109577,109578,0,1,4
31240,3,1,109580,109580,109581,0,1,2
31241,6,3,109586,109586,109589,0,3,5
31242,5,1,109591,109591,109592,0,1,2
31243,1,1,109592,109592,109593,0,1,0
31244,3,2,109595,109595,109597,0,2,2
31245,3,2,109598,109598,109600,0,2,1
31246,6,1,109604,109604,109605,0,1,4
31247,4,1,109608,109608,109609,0,1,3
31248,1,3,109609,109609,109612,0,3,0
31249,5,3,109614,109614,109617,0,3,2
31250,2,1,109616,109617,109618,1,2,0
31251,4,3,109620,109620,109623,0,3,2
31252,6,3,109626,109626,109629,0,3,3
31253,1,2,109627,109629,109631,2,4,0
31254,2,2,109629,109631,109633,2,4,0
31255,6,3,109635,109635,109638,0,3,2
31256,5,3,109640,109640,109643,0,3,2
31257,5,3,109645,109645,109648,0,3,2
31258,5,3,109650,109650,109653,0,3,2
31259,3,3,109653,109653,109656,0,3,0
31260,3,2,109656,109656,109658,0,2,0
31261,1,1,109657,109658,109659,1,2,0
31262,2,3,109659,109659,109662,0,3,0
31263,1,3,109660,109662,109665,2,5,0
31264,2,3,109662,109665,109668,3,6,0
31265,3,3,109665,109668,109671,3,6,0
31266,1,2,109666,109671,109673,5,7,0
31267,6,3,109672,109673,109676,1,4,0
31268,6,1,109678,109678,109679,0,1,2
31269,2,3,109680,109680,109683,0,3,1
31270,6,3,109686,109686,109689,0,3,3
31271,3,1,109689,109689,109690,0,1,0
31272,3,3,109692,109692,109695,0,3,2
31273,1,1,109693,109695,109696,2,3,0
31274,4,3,109697,109697,109700,0,3,1
31275,4,1,109701,109701,109702,0,1,1
31276,1,3,109702,109702,109705,0,3,0
31277,5,3,109707,109707,109710,0,3,2
31278,4,1,109711,109711,109712,0,1,1
31279,2,3,109713,109713,109716,0,3,1
31280,1,3,109714,109716,109719,2,5,0
31281,5,2,109719,109719,109721,0,2,0
31282,2,1,109721,109721,109722,0,1,0
31283,2,3,109723,109723,109726,0,3,1
31284,4,2,109727,109727,109729,0,2,1
31285,1,3,109728,109729,109732,1,4,0
31286,4,2,109732,109732,109734,0,2,0
31287,1,1,109733,109734,109735,1,2,0
31288,5,1,109738,109738,109739,0,1,3
31289,6,3,109744,109744,109747,0,3,5
31290,3,3,109747,109747,109750,0,3,0
31291,6,1,109753,109753,109754,0,1,3
31292,6,1,109759,109759,109760,0,1,5
31293,3,2,109762,109762,109764,0,2,2
31294,5,2,109767,109767,109769,0,2,3
31295,2,3,109769,109769,109772,0,3,0
31296,1,3,109770,109772,109775,2,5,0
31297,5,2,109775,109775,109777,0,2,0
31298,5,3,109780,109780,109783,0,3,3
31299,2,1,109782,109783,109784,1,2,0
31300,1,2,109783,109784,109786,1,3,0
31301,3,3,109786,109786,109789,0,3,0
31302,4,3,109790,109790,109793,0,3,1
31303,1,3,109791,109793,109796,2,5,0
31304,6,3,109797,109797,109800,0,3,1
31305,1,1,109798,109800,109801,2,3,0
31306,1,1,109799,109801,109802,2,3,0
31307,2,1,109801,109802,109803,1,2,0
31308,4,1,109805,109805,109806,0,1,2
31309,4,2,109809,109809,109811,0,2,3
31310,5,2,109814,109814,109816,0,2,3
31311,1,3,109815,109816,109819,1,4,0
31312,5,1,109820,109820,109821,0,1,1
31313,5,1,109825,109825,109826,0,1,4
31314,3,1,109828,109828,109829,0,1,2
31315,3,1,109831,109831,109832,0,1,2
31316,2,3,109833,109833,109836,0,3,1
31317,6,3,109839,109839,109842,0,3,3
31318,5,2,109844,109844,109846,0,2,2
31319,4,3,109848,109848,109851,0,3,2
31320,2,3,109850,109851,109854,1,4,0
31321,2,3,109852,109854,109857,2,5,0
31322,6,1,109858,109858,109859,0,1,1
31323,5,3,109863,109863,109866,0,3,4
31324,4,3,109867,109867,109870,0,3,1
31325,1,1,109868,109870,109871,2,3,0
31326,1,2,109869,109871,109873,2,4,0
31327,6,3,109875,109875,109878,0,3,2
31328,6,1,109881,109881,109882,0,1,3
31329,3,3,109884,109884,109887,0,3,2
31330,6,2,109890,109890,109892,0,2,3
31331,6,2,109896,109896,109898,0,2,4
31332,2,3,109898,109898,109901,0,3,0
31333,4,1,109902,109902,109903,0,1,1
31334,6,3,109908,109908,109911,0,3,5
31335,3,1,109911,109911,109912,0,1,0
31336,3,1,109914,109914,109915,0,1,2
31337,6,3,109920,109920,109923,0,3,5
31338,1,3,109921,109923,109926,2,5,0
31339,4,1,109925,109926,109927,1,2,0
31340,2,3,109927,109927,109930,0,3,0
31341,4,2,109931,109931,109933,0,2,1
31342,1,2,109932,109933,109935,1,3,0
31343,6,3,109938,109938,109941,0,3,3
31344,5,2,109943,109943,109945,0,2,2
31345,2,2,109945,109945,109947,0,2,0
31346,6,2,109951,109951,109953,0,2,4
31347,5,1,109956,109956,109957,0,1,3
31348,4,3,109960,109960,109963,0,3,3
31349,1,3,109961,109963,109966,2,5,0
31350,3,2,109964,109966,109968,2,4,0
31351,2,1,109966,109968,109969,2,3,0
31352,5,1,109971,109971,109972,0,1,2
31353,6,1,109977,109977,109978,0,1,5
31354,4,2,109981,109981,109983,0,2,3
31355,5,1,109986,109986,109987,0,1,3
31356,2,3,109988,109988,109991,0,3,1
31357,4,1,109992,109992,109993,0,1,1
31358,6,1,109998,109998,109999,0,1,5
31359,5,2,110003,110003,110005,0,2,4
31360,1,2,110004,110005,110007,1,3,0
31361,4,2,110008,110008,110010,0,2,1
31362,5,3,110013,110013,110016,0,3,3
31363,5,1,110018,110018,110019,0,1,2
31364,4,1,110022,110022,110023,0,1,3
31365,2,1,110024,110024,110025,0,1,1
31366,3,3,110027,110027,110030,0,3,2
31367,1,3,110028,110030,110033,2,5,0
31368,6,1,110034,110034,110035,0,1,1
31369,4,2,110038,110038,110040,0,2,3
31370,3,2,110041,110041,110043,0,2,1
31371,4,3,110045,110045,110048,0,3,2
31372,1,1,110046,110048,110049,2,3,0
31373,3,2,110049,110049,110051,0,2,0
31374,1,3,110050,110051,110054,1,4,0
31375,5,2,110055,110055,110057,0,2,1
31376,3,3,110058,110058,110061,0,3,1
31377,2,1,110060,110061,110062,1,2,0
31378,4,2,110064,110064,110066,0,2,2
31379,1,1,110065,110066,110067,1,2,0
31380,1,2,110066,110067,110069,1,3,0
31381,3,3,110069,110069,110072,0,3,0
31382,6,1,110075,110075,110076,0,1,3
31383,6,1,110081,110081,110082,0,1,5
31384,2,1,110083,110083,110084,0,1,1
31385,6,1,110089,110089,110090,0,1,5
31386,4,2,110093,110093,110095,0,2,3
31387,3,3,110096,110096,110099,0,3,1
31388,2,3,110098,110099,110102,1,4,0
31389,3,3,110101,110102,110105,1,4,0
31390,6,3,110107,110107,110110,0,3,2
31391,4,1,110111,110111,110112,0,1,1
31392,6,1,110117,110117,110118,0,1,5
31393,6,3,110123,110123,110126,0,3,5
31394,2,2,110125,110126,110128,1,3,0
31395,4,3,110129,110129,110132,0,3,1
31396,4,1,110133,110133,110134,0,1,1
31397,1,3,110134,110134,110137,0,3,0
31398,4,1,110138,110138,110139,0,1,1
31399,1,1,110139,110139,110140,0,1,0
31400,5,3,110144,110144,110147,0,3,4
31401,2,3,110146,110147,110150,1,4,0
31402,2,1,110148,110150,110151,2,3,0
31403,3,1,110151,110151,110152,0,1,0
31404,5,1,110156,110156,110157,0,1,4
31405,3,2,110159,110159,110161,0,2,2
31406,6,2,110165,110165,110167,0,2,4
31407,2,2,110167,110167,110169,0,2,0
31408,2,2,110169,110169,110171,0,2,0
31409,5,2,110174,110174,110176,0,2,3
31410,1,3,110175,110176,110179,1,4,0
31411,2,3,110177,110179,110182,2,5,0
31412,3,3,110180,110182,110185,2,5,0
31413,4,1,110184,110185,110186,1,2,0
31414,6,2,110190,110190,110192,0,2,4
31415,3,3,110193,110193,110196,0,3,1
31416,6,2,110199,110199,110201,0,2,3
31417,2,1,110201,110201,110202,0,1,0
31418,4,1,110205,110205,110206,0,1,3
31419,6,3,110211,110211,110214,0,3,5
31420,6,3,110217,110217,110220,0,3,3
31421,6,2,110223,110223,110225,0,2,3
31422,1,3,110224,110225,110228,1,4,0
31423,5,1,110229,110229,110230,0,1,1
31424,1,1,110230,110230,110231,0,1,0
31425,4,3,110234,110234,110237,0,3,3
31426,2,1,110236,110237,110238,1,2,0
31427,6,1,110242,110242,110243,0,1,4
31428,5,3,110247,110247,110250,0,3,4
31429,4,2,110251,110251,110253,0,2,1
31430,1,1,110252,110253,110254,1,2,0
31431,3,3,110255,110255,110258,0,3,1
31432,1,2,110256,110258,110260,2,4,0
31433,6,3,110262,110262,110265,0,3,2
31434,2,2,110264,110265,110267,1,3,0
31435,4,3,110268,110268,110271,0,3,1
31436,5,2,110273,110273,110275,0,2,2
31437,2,1,110275,110275,110276,0,1,0
31438,3,1,110278,110278,110279,0,1,2
31439,1,1,110279,110279,110280,0,1,0
31440,6,1,110285,110285,110286,0,1,5
31441,2,3,110287,110287,110290,0,3,1
31442,5,2,110292,110292,110294,0,2,2
31443,2,1,110294,110294,110295,0,1,0
31444,3,3,110297,110297,110300,0,3,2
31445,6,2,110303,110303,110305,0,2,3
31446,1,3,110304,110305,110308,1,4,0
31447,5,2,110309,110309,110311,0,2,1
31448,1,2,110310,110311,110313,1,3,0
31449,5,1,110315,110315,110316,0,1,2
31450,4,2,110319,110319,110321,0,2,3
31451,3,2,110322,110322,110324,0,2,1
31452,2,2,110324,110324,110326,0,2,0
31453,5,1,110329,110329,110330,0,1,3
31454,2,3,110331,110331,110334,0,3,1
31455,2,3,110333,110334,110337,1,4,0
31456,4,2,110337,110337,110339,0,2,0
31457,1,3,110338,110339,110342,1,4,0
31458,5,3,110343,110343,110346,0,3,1
31459,1,2,110344,110346,110348,2,4,0
31460,4,3,110348,110348,110351,0,3,0
31461,4,1,110352,110352,110353,0,1,1
31462,4,3,110356,110356,110359,0,3,3
31463,3,3,110359,110359,110362,0,3,0
31464,5,1,110364,110364,110365,0,1,2
31465,5,3,110369,110369,110372,0,3,4
31466,5,2,110374,110374,110376,0,2,2
31467,5,3,110379,110379,110382,0,3,3
31468,2,2,110381,110382,110384,1,3,0
31469,5,2,110386,110386,110388,0,2,2
31470,3,3,110389,110389,110392,0,3,1
31471,2,1,110391,110392,110393,1,2,0
31472,1,2,110392,110393,110395,1,3,0
31473,5,1,110397,110397,110398,0,1,2
31474,6,1,110403,110403,110404,0,1,5
31475,3,3,110406,110406,110409,0,3,2
31476,3,2,110409,110409,110411,0,2,0
31477,4,3,110413,110413,110416,0,3,2
31478,6,2,110419,110419,110421,0,2,3
31479,3,3,110422,110422,110425,0,3,1
31480,3,3,110425,110425,110428,0,3,0
31481,6,3,110431,110431,110434,0,3,3
31482,1,1,110432,110434,110435,2,3,0
31483,6,1,110438,110438,110439,0,1,3
31484,1,2,110439,110439,110441,0,2,0
31485,6,1,110445,110445,110446,0,1,4
31486,6,3,110451,110451,110454,0,3,5
31487,4,1,110455,110455,110456,0,1,1
31488,5,2,110460,110460,110462,0,2,4
31489,4,2,110464,110464,110466,0,2,2
31490,4,3,110468,110468,110471,0,3,2
31491,3,1,110471,110471,110472,0,1,0
31492,2,3,110473,110473,110476,0,3,1
31493,5,2,110478,110478,110480,0,2,2
31494,3,1,110481,110481,110482,0,1,1
31495,1,3,110482,110482,110485,0,3,0
31496,4,1,110486,110486,110487,0,1,1
31497,4,3,110490,110490,110493,0,3,3
31498,1,2,110491,110493,110495,2,4,0
31499,6,1,110497,110497,110498,0,1,2
31500,5,1,110502,110502,110503,0,1,4
31501,2,1,110504,110504,110505,0,1,1
31502,6,1,110510,110510,110511,0,1,5
31503,4,1,110514,110514,110515,0,1,3
31504,2,2,110516,110516,110518,0,2,1
31505,1,1,110517,110518,110519,1,2,0
31506,1,1,110518,110519,110520,1,2,0
31507,2,3,110520,110520,110523,0,3,0
31508,6,1,110526,110526,110527,0,1,3
31509,1,2,110527,110527,110529,0,2,0
31510,1,3,110528,110529,110532,1,4,0
31511,5,1,110533,110533,110534,0,1,1
31512,1,1,110534,110534,110535,0,1,0
31513,4,2,110538,110538,110540,0,2,3
31514,2,2,110540,110540,110542,0,2,0
31515,2,3,110542,110542,110545,0,3,0
31516,1,3,110543,110545,110548,2,5,0
31517,5,2,110548,110548,110550,0,2,0
31518,5,3,110553,110553,110556,0,3,3
31519,1,2,110554,110556,110558,2,4,0
31520,6,2,110560,110560,110562,0,2,2
31521,3,2,110563,110563,110565,0,2,1
31522,4,1,110567,110567,110568,0,1,2
31523,1,2,110568,110568,110570,0,2,0
31524,5,1,110573,110573,110574,0,1,3
31525,2,2,110575,110575,110577,0,2,1
31526,2,1,110577,110577,110578,0,1,0
31527,6,1,110583,110583,110584,0,1,5
31528,3,3,110586,110586,110589,0,3,2
31529,6,3,110592,110592,110595,0,3,3
31530,2,2,110594,110595,110597,1,3,0
31531,1,2,110595,110597,110599,2,4,0
31532,1,2,110596,110599,110601,3,5,0
31533,1,2,110597,110601,110603,4,6,0
31534,4,2,110601,110603,110605,2,4,0
31535,1,2,110602,110605,110607,3,5,0
31536,1,1,110603,110607,110608,4,5,0
31537,6,3,110609,110609,110612,0,3,1
31538,2,3,110611,110612,110615,1,4,0
31539,4,3,110615,110615,110618,0,3,0
31540,1,2,110616,110618,110620,2,4,0
31541,5,1,110621,110621,110622,0,1,1
31542,4,3,110625,110625,110628,0,3,3
31543,5,2,110630,110630,110632,0,2,2
31544,1,2,110631,110632,110634,1,3,0
31545,1,1,110632,110634,110635,2,3,0
31546,6,2,110638,110638,110640,0,2,3
31547,1,2,110639,110640,110642,1,3,0
31548,6,2,110645,110645,110647,0,2,3
31549,4,2,110649,110649,110651,0,2,2
31550,5,3,110654,110654,110657,0,3,3
31551,3,3,110657,110657,110660,0,3,0
31552,2,1,110659,110660,110661,1,2,0
31553,6,3,110665,110665,110668,0,3,4
31554,1,1,110666,110668,110669,2,3,0
31555,1,2,110667,110669,110671,2,4,0
31556,3,2,110670,110671,110673,1,3,0
31557,5,1,110675,110675,110676,0,1,2
31558,3,1,110678,110678,110679,0,1,2
31559,1,2,110679,110679,110681,0,2,0
31560,3,2,110682,110682,110684,0,2,1
31561,2,1,110684,110684,110685,0,1,0
31562,1,2,110685,110685,110687,0,2,0
31563,4,2,110689,110689,110691,0,2,2
31564,6,1,110695,110695,110696,0,1,4
31565,3,1,110698,110698,110699,0,1,2
31566,2,1,110700,110700,110701,0,1,1
31567,6,3,110706,110706,110709,0,3,5
31568,1,1,110707,110709,110710,2,3,0
31569,5,2,110712,110712,110714,0,2,2
31570,1,3,110713,110714,110717,1,4,0
31571,3,2,110716,110717,110719,1,3,0
31572,1,2,110717,110719,110721,2,4,0
31573,5,1,110722,110722,110723,0,1,1
31574,5,1,110727,110727,110728,0,1,4
31575,5,2,110732,110732,110734,0,2,4
31576,4,1,110736,110736,110737,0,1,2
31577,1,2,110737,110737,110739,0,2,0
31578,2,2,110739,110739,110741,0,2,0
31579,6,2,110745,110745,110747,0,2,4
31580,2,3,110747,110747,110750,0,3,0
31581,6,2,110753,110753,110755,0,2,3
31582,5,3,110758,110758,110761,0,3,3
31583,3,1,110761,110761,110762,0,1,0
31584,2,2,110763,110763,110765,0,2,1
31585,6,1,110769,110769,110770,0,1,4
31586,3,3,110772,110772,110775,0,3,2
31587,6,1,110778,110778,110779,0,1,3
31588,1,2,110779,110779,110781,0,2,0
31589,6,3,110785,110785,110788,0,3,4
31590,5,1,110790,110790,110791,0,1,2
31591,6,3,110796,110796,110799,0,3,5
31592,3,2,110799,110799,110801,0,2,0
31593,6,3,110805,110805,110808,0,3,4
31594,3,3,110808,110808,110811,0,3,0
31595,4,3,110812,110812,110815,0,3,1
31596,1,3,110813,110815,110818,2,5,0
31597,6,3,110819,110819,110822,0,3,1
31598,1,3,110820,110822,110825,2,5,0
31599,4,1,110824,110825,110826,1,2,0
31600,3,3,110827,110827,110830,0,3,1
31601,3,3,110830,110830,110833,0,3,0
31602,3,3,110833,110833,110836,0,3,0
31603,4,3,110837,110837,110840,0,3,1
31604,6,3,110843,110843,110846,0,3,3
31605,3,1,110846,110846,110847,0,1,0
31606,3,3,110849,110849,110852,0,3,2
31607,1,3,110850,110852,110855,2,5,0
31608,6,1,110856,110856,110857,0,1,1
31609,3,3,110859,110859,110862,0,3,2
31610,4,3,110863,110863,110866,0,3,1
31611,5,2,110868,110868,110870,0,2,2
31612,4,1,110872,110872,110873,0,1,2
31613,4,3,110876,110876,110879,0,3,3
31614,6,1,110882,110882,110883,0,1,3
31615,1,3,110883,110883,110886,0,3,0
31616,2,2,110885,110886,110888,1,3,0
31617,1,3,110886,110888,110891,2,5,0
31618,4,1,110890,110891,110892,1,2,0
31619,5,3,110895,110895,110898,0,3,3
31620,1,2,110896,110898,110900,2,4,0
31621,2,3,110898,110900,110903,2,5,0
31622,6,3,110904,110904,110907,0,3,1
31623,3,2,110907,110907,110909,0,2,0
31624,6,2,110913,110913,110915,0,2,4
31625,4,1,110917,110917,110918,0,1,2
31626,5,1,110922,110922,110923,0,1,4
31627,3,1,110925,110925,110926,0,1,2
31628,1,2,110926,110926,110928,0,2,0
31629,3,2,110929,110929,110931,0,2,1
31630,3,1,110932,110932,110933,0,1,1
31631,5,2,110937,110937,110939,0,2,4
31632,4,3,110941,110941,110944,0,3,2
31633,6,3,110947,110947,110950,0,3,3
31634,2,3,110949,110950,110953,1,4,0
31635,2,1,110951,110953,110954,2,3,0
31636,3,2,110954,110954,110956,0,2,0
31637,1,3,110955,110956,110959,1,4,0
31638,2,3,110957,110959,110962,2,5,0
31639,4,1,110961,110962,110963,1,2,0
31640,5,3,110966,110966,110969,0,3,3
31641,6,3,110972,110972,110975,0,3,3
31642,2,1,110974,110975,110976,1,2,0
31643,5,3,110979,110979,110982,0,3,3
31644,2,3,110981,110982,110985,1,4,0
31645,3,2,110984,110985,110987,1,3,0
31646,1,2,110985,110987,110989,2,4,0
31647,5,3,110990,110990,110993,0,3,1
31648,3,1,110993,110993,110994,0,1,0
31649,1,3,110994,110994,110997,0,3,0
31650,2,3,110996,110997,111000,1,4,0
31651,3,3,110999,111000,111003,1,4,0
31652,4,3,111003,111003,111006,0,3,0
31653,1,2,111004,111006,111008,2,4,0
31654,1,3,111005,111008,111011,3,6,0
31655,2,3,111007,111011,111014,4,7,0
31656,4,3,111011,111014,111017,3,6,0
31657,4,1,111015,111017,111018,2,3,0
31658,2,2,111017,111018,111020,1,3,0
31659,3,2,111020,111020,111022,0,2,0
31660,2,2,111022,111022,111024,0,2,0
31661,2,1,111024,111024,111025,0,1,0
31662,1,3,111025,111025,111028,0,3,0
31663,1,3,111026,111028,111031,2,5,0
31664,6,3,111032,111032,111035,0,3,1
31665,1,3,111033,111035,111038,2,5,0
31666,6,3,111039,111039,111042,0,3,1
31667,1,2,111040,111042,111044,2,4,0
31668,2,2,111042,111044,111046,2,4,0
31669,6,3,111048,111048,111051,0,3,2
31670,3,1,111051,111051,111052,0,1,0
31671,5,2,111056,111056,111058,0,2,4
31672,6,3,111062,111062,111065,0,3,4
31673,5,2,111067,111067,111069,0,2,2
31674,4,3,111071,111071,111074,0,3,2
31675,2,3,111073,111074,111077,1,4,0
31676,2,3,111075,111077,111080,2,5,0
31677,4,3,111079,111080,111083,1,4,0
31678,3,1,111082,111083,111084,1,2,0
31679,3,2,111085,111085,111087,0,2,1
31680,3,1,111088,111088,111089,0,1,1
31681,6,3,111094,111094,111097,0,3,5
31682,6,3,111100,111100,111103,0,3,3
31683,1,1,111101,111103,111104,2,3,0
31684,4,1,111105,111105,111106,0,1,1
31685,4,3,111109,111109,111112,0,3,3
31686,4,3,111113,111113,111116,0,3,1
31687,5,3,111118,111118,111121,0,3,2
31688,6,3,111124,111124,111127,0,3,3
31689,3,1,111127,111127,111128,0,1,0
31690,3,1,111130,111130,111131,0,1,2
31691,5,1,111135,111135,111136,0,1,4
31692,2,3,111137,111137,111140,0,3,1
31693,3,2,111140,111140,111142,0,2,0
31694,4,1,111144,111144,111145,0,1,2
31695,6,2,111150,111150,111152,0,2,5
31696,1,1,111151,111152,111153,1,2,0
31697,4,2,111155,111155,111157,0,2,2
31698,1,3,111156,111157,111160,1,4,0
31699,2,3,111158,111160,111163,2,5,0
31700,4,3,111162,111163,111166,1,4,0
31701,1,1,111163,111166,111167,3,4,0
31702,5,3,111168,111168,111171,0,3,1
31703,1,1,111169,111171,111172,2,3,0
31704,3,2,111172,111172,111174,0,2,0
31705,1,2,111173,111174,111176,1,3,0
31706,3,1,111176,111176,111177,0,1,0
31707,3,1,111179,111179,111180,0,1,2
31708,3,1,111182,111182,111183,0,1,2
31709,6,2,111188,111188,111190,0,2,5
31710,6,3,111194,111194,111197,0,3,4
31711,6,3,111200,111200,111203,0,3,3
31712,5,3,111205,111205,111208,0,3,2
31713,4,1,111209,111209,111210,0,1,1
31714,3,2,111212,111212,111214,0,2,2
31715,6,1,111218,111218,111219,0,1,4
31716,6,2,111224,111224,111226,0,2,5
31717,3,2,111227,111227,111229,0,2,1
31718,5,1,111232,111232,111233,0,1,3
31719,2,3,111234,111234,111237,0,3,1
31720,4,1,111238,111238,111239,0,1,1
31721,5,1,111243,111243,111244,0,1,4
31722,4,1,111247,111247,111248,0,1,3
31723,4,3,111251,111251,111254,0,3,3
31724,2,3,111253,111254,111257,1,4,0
31725,1,1,111254,111257,111258,3,4,0
31726,1,2,111255,111258,111260,3,5,0
31727,2,3,111257,111260,111263,3,6,0
31728,6,2,111263,111263,111265,0,2,0
31729,5,1,111268,111268,111269,0,1,3
31730,1,2,111269,111269,111271,0,2,0
31731,4,3,111273,111273,111276,0,3,2
31732,4,3,111277,111277,111280,0,3,1
31733,2,3,111279,111280,111283,1,4,0
31734,1,2,111280,111283,111285,3,5,0
31735,3,2,111283,111285,111287,2,4,0
31736,3,1,111286,111287,111288,1,2,0
31737,1,3,111287,111288,111291,1,4,0
31738,5,1,111292,111292,111293,0,1,1
31739,5,3,111297,111297,111300,0,3,4
31740,2,2,111299,111300,111302,1,3,0
31741,4,2,111303,111303,111305,0,2,1
31742,1,2,111304,111305,111307,1,3,0
31743,4,1,111308,111308,111309,0,1,1
31744,6,2,111314,111314,111316,0,2,5
31745,4,2,111318,111318,111320,0,2,2
31746,6,2,111324,111324,111326,0,2,4
31747,3,2,111327,111327,111329,0,2,1
31748,3,1,111330,111330,111331,0,1,1
31749,3,3,111333,111333,111336,0,3,2
31750,5,2,111338,111338,111340,0,2,2
31751,3,2,111341,111341,111343,0,2,1
31752,6,3,111347,111347,111350,0,3,4
31753,3,3,111350,111350,111353,0,3,0
31754,2,1,111352,111353,111354,1,2,0
31755,1,1,111353,111354,111355,1,2,0
31756,5,2,111358,111358,111360,0,2,3
31757,4,1,111362,111362,111363,0,1,2
31758,2,1,111364,111364,111365,0,1,1
31759,3,2,111367,111367,111369,0,2,2
31760,3,3,111370,111370,111373,0,3,1
31761,6,3,111376,111376,111379,0,3,3
31762,2,2,111378,111379,111381,1,3,0
31763,1,2,111379,111381,111383,2,4,0
31764,6,2,111385,111385,111387,0,2,2
31765,1,1,111386,111387,111388,1,2,0
31766,5,1,111391,111391,111392,0,1,3
31767,2,3,111393,111393,111396,0,3,1
31768,2,1,111395,111396,111397,1,2,0
31769,2,2,111397,111397,111399,0,2,0
31770,2,3,111399,111399,111402,0,3,0
31771,2,1,111401,111402,111403,1,2,0
31772,1,2,111402,111403,111405,1,3,0
31773,1,2,111403,111405,111407,2,4,0
31774,5,3,111408,111408,111411,0,3,1
31775,4,3,111412,111412,111415,0,3,1
31776,4,2,111416,111416,111418,0,2,1
31777,1,3,111417,111418,111421,1,4,0
31778,4,1,111421,111421,111422,0,1,0
31779,3,2,111424,111424,111426,0,2,2
31780,4,2,111428,111428,111430,0,2,2
31781,2,3,111430,111430,111433,0,3,0
31782,6,3,111436,111436,111439,0,3,3
31783,3,1,111439,111439,111440,0,1,0
31784,2,2,111441,111441,111443,0,2,1
31785,5,2,111446,111446,111448,0,2,3
31786,4,3,111450,111450,111453,0,3,2
31787,6,1,111456,111456,111457,0,1,3
31788,4,2,111460,111460,111462,0,2,3
31789,6,2,111466,111466,111468,0,2,4
31790,3,1,111469,111469,111470,0,1,1
31791,3,2,111472,111472,111474,0,2,2
31792,5,3,111477,111477,111480,0,3,3
31793,5,2,111482,111482,111484,0,2,2
31794,1,3,111483,111484,111487,1,4,0
31795,1,1,111484,111487,111488,3,4,0
31796,3,2,111487,111488,111490,1,3,0
31797,5,2,111492,111492,111494,0,2,2
31798,5,2,111497,111497,111499,0,2,3
31799,1,1,111498,111499,111500,1,2,0
31800,2,2,111500,111500,111502,0,2,0
31801,5,1,111505,111505,111506,0,1,3
31802,2,1,111507,111507,111508,0,1,1
31803,2,3,111509,111509,111512,0,3,1
31804,3,3,111512,111512,111515,0,3,0
31805,1,2,111513,111515,111517,2,4,0
31806,5,1,111518,111518,111519,0,1,1
31807,4,1,111522,111522,111523,0,1,3
31808,1,1,111523,111523,111524,0,1,0
31809,4,3,111527,111527,111530,0,3,3
31810,2,2,111529,111530,111532,1,3,0
31811,3,2,111532,111532,111534,0,2,0
31812,1,3,111533,111534,111537,1,4,0
31813,2,1,111535,111537,111538,2,3,0
31814,6,1,111541,111541,111542,0,1,3
31815,5,2,111546,111546,111548,0,2,4
31816,4,2,111550,111550,111552,0,2,2
31817,5,2,111555,111555,111557,0,2,3
31818,6,1,111561,111561,111562,0,1,4
31819,4,1,111565,111565,111566,0,1,3
31820,1,2,111566,111566,111568,0,2,0
31821,4,2,111570,111570,111572,0,2,2
31822,5,2,111575,111575,111577,0,2,3
31823,3,2,111578,111578,111580,0,2,1
31824,5,3,111583,111583,111586,0,3,3
31825,5,2,111588,111588,111590,0,2,2
31826,1,2,111589,111590,111592,1,3,0
31827,5,1,111594,111594,111595,0,1,2
31828,5,3,111599,111599,111602,0,3,4
31829,2,3,111601,111602,111605,1,4,0
31830,6,2,111607,111607,111609,0,2,2
31831,2,1,111609,111609,111610,0,1,0
31832,3,1,111612,111612,111613,0,1,2
31833,5,3,111617,111617,111620,0,3,4
31834,3,1,111620,111620,111621,0,1,0
31835,1,1,111621,111621,111622,0,1,0
31836,6,1,111627,111627,111628,0,1,5
31837,1,1,111628,111628,111629,0,1,0
31838,6,2,111634,111634,111636,0,2,5
31839,4,2,111638,111638,111640,0,2,2
31840,3,3,111641,111641,111644,0,3,1
31841,6,3,111647,111647,111650,0,3,3
31842,1,3,111648,111650,111653,2,5,0
31843,1,1,111649,111653,111654,4,5,0
31844,6,2,111655,111655,111657,0,2,1
31845,3,1,111658,111658,111659,0,1,1
31846,3,1,111661,111661,111662,0,1,2
31847,6,1,111667,111667,111668,0,1,5
31848,3,2,111670,111670,111672,0,2,2
31849,3,2,111673,111673,111675,0,2,1
31850,5,3,111678,111678,111681,0,3,3
31851,6,3,111684,111684,111687,0,3,3
31852,1,1,111685,111687,111688,2,3,0
31853,6,3,111691,111691,111694,0,3,3
31854,1,1,111692,111694,111695,2,3,0
31855,6,2,111698,111698,111700,0,2,3
31856,4,2,111702,111702,111704,0,2,2
31857,4,2,111706,111706,111708,0,2,2
31858,6,3,111712,111712,111715,0,3,4
31859,2,1,111714,111715,111716,1,2,0
31860,6,2,111720,111720,111722,0,2,4
31861,3,3,111723,111723,111726,0,3,1
31862,1,2,111724,111726,111728,2,4,0
31863,6,1,111730,111730,111731,0,1,2
31864,5,3,111735,111735,111738,0,3,4
31865,5,1,111740,111740,111741,0,1,2
31866,3,1,111743,111743,111744,0,1,2
31867,2,3,111745,111745,111748,0,3,1
31868,4,1,111749,111749,111750,0,1,1
31869,4,1,111753,111753,111754,0,1,3
31870,3,1,111756,111756,111757,0,1,2
31871,4,2,111760,111760,111762,0,2,3
31872,3,2,111763,111763,111765,0,2,1
31873,6,3,111769,111769,111772,0,3,4
31874,6,2,111775,111775,111777,0,2,3
31875,1,3,111776,111777,111780,1,4,0
31876,1,1,111777,111780,111781,3,4,0
31877,4,1,111781,111781,111782,0,1,0
31878,2,2,111783,111783,111785,0,2,1
31879,5,3,111788,111788,111791,0,3,3
31880,4,3,111792,111792,111795,0,3,1
31881,4,1,111796,111796,111797,0,1,1
31882,2,2,111798,111798,111800,0,2,1
31883,6,1,111804,111804,111805,0,1,4
31884,5,3,111809,111809,111812,0,3,4
31885,4,2,111813,111813,111815,0,2,1
31886,5,2,111818,111818,111820,0,2,3
31887,4,2,111822,111822,111824,0,2,2
31888,4,1,111826,111826,111827,0,1,2
31889,4,2,111830,111830,111832,0,2,3
31890,5,3,111835,111835,111838,0,3,3
31891,2,3,111837,111838,111841,1,4,0
31892,6,3,111843,111843,111846,0,3,2
31893,1,1,111844,111846,111847,2,3,0
31894,5,3,111849,111849,111852,0,3,2
31895,3,3,111852,111852,111855,0,3,0
31896,2,3,111854,111855,111858,1,4,0
31897,3,3,111857,111858,111861,1,4,0
31898,4,1,111861,111861,111862,0,1,0
31899,5,3,111866,111866,111869,0,3,4
31900,6,2,111872,111872,111874,0,2,3
31901,5,3,111877,111877,111880,0,3,3
31902,1,2,111878,111880,111882,2,4,0
31903,4,3,111882,111882,111885,0,3,0
31904,6,2,111888,111888,111890,0,2,3
31905,4,3,111892,111892,111895,0,3,2
31906,2,2,111894,111895,111897,1,3,0
31907,5,3,111899,111899,111902,0,3,2
31908,6,2,111905,111905,111907,0,2,3
31909,3,2,111908,111908,111910,0,2,1
31910,5,3,111913,111913,111916,0,3,3
31911,2,1,111915,111916,111917,1,2,0
31912,3,1,111918,111918,111919,0,1,1
31913,3,2,111921,111921,111923,0,2,2
31914,6,1,111927,111927,111928,0,1,4
31915,6,3,111933,111933,111936,0,3,5
31916,6,2,111939,111939,111941,0,2,3
31917,3,3,111942,111942,111945,0,3,1
31918,2,2,111944,111945,111947,1,3,0
31919,6,3,111950,111950,111953,0,3,3
31920,1,3,111951,111953,111956,2,5,0
31921,5,2,111956,111956,111958,0,2,0
31922,4,2,111960,111960,111962,0,2,2
31923,2,1,111962,111962,111963,0,1,0
31924,6,2,111968,111968,111970,0,2,5
31925,5,2,111973,111973,111975,0,2,3
31926,1,3,111974,111975,111978,1,4,0
31927,4,3,111978,111978,111981,0,3,0
31928,2,3,111980,111981,111984,1,4,0
31929,6,3,111986,111986,111989,0,3,2
31930,6,1,111992,111992,111993,0,1,3
31931,6,2,111998,111998,112000,0,2,5
31932,4,3,112002,112002,112005,0,3,2
31933,6,3,112008,112008,112011,0,3,3
31934,4,3,112012,112012,112015,0,3,1
31935,6,2,112018,112018,112020,0,2,3
31936,6,1,112024,112024,112025,0,1,4
31937,2,1,112026,112026,112027,0,1,1
31938,5,2,112031,112031,112033,0,2,4
31939,3,3,112034,112034,112037,0,3,1
31940,1,1,112035,112037,112038,2,3,0
31941,3,2,112038,112038,112040,0,2,0
31942,5,2,112043,112043,112045,0,2,3
31943,2,3,112045,112045,112048,0,3,0
31944,5,2,112050,112050,112052,0,2,2
31945,3,3,112053,112053,112056,0,3,1
31946,6,1,112059,112059,112060,0,1,3
31947,3,1,112062,112062,112063,0,1,2
31948,5,2,112067,112067,112069,0,2,4
31949,4,2,112071,112071,112073,0,2,2
31950,2,2,112073,112073,112075,0,2,0
31951,2,1,112075,112075,112076,0,1,0
31952,1,3,112076,112076,112079,0,3,0
31953,1,3,112077,112079,112082,2,5,0
31954,2,3,112079,112082,112085,3,6,0
31955,3,1,112082,112085,112086,3,4,0
31956,6,3,112088,112088,112091,0,3,2
31957,5,3,112093,112093,112096,0,3,2
31958,6,2,112099,112099,112101,0,2,3
31959,5,2,112104,112104,112106,0,2,3
31960,6,1,112110,112110,112111,0,1,4
31961,1,1,112111,112111,112112,0,1,0
31962,5,1,112116,112116,112117,0,1,4
31963,2,2,112118,112118,112120,0,2,1
31964,2,3,112120,112120,112123,0,3,0
31965,2,1,112122,112123,112124,1,2,0
31966,3,1,112125,112125,112126,0,1,1
31967,2,3,112127,112127,112130,0,3,1
31968,4,2,112131,112131,112133,0,2,1
31969,6,1,112137,112137,112138,0,1,4
31970,1,3,112138,112138,112141,0,3,0
31971,5,3,112143,112143,112146,0,3,2
31972,6,3,112149,112149,112152,0,3,3
31973,3,1,112152,112152,112153,0,1,0
31974,5,1,112157,112157,112158,0,1,4
31975,6,2,112163,112163,112165,0,2,5
31976,4,2,112167,112167,112169,0,2,2
31977,6,2,112173,112173,112175,0,2,4
31978,1,3,112174,112175,112178,1,4,0
31979,5,3,112179,112179,112182,0,3,1
31980,3,3,112182,112182,112185,0,3,0
31981,5,2,112187,112187,112189,0,2,2
31982,6,1,112193,112193,112194,0,1,4
31983,1,3,112194,112194,112197,0,3,0
31984,4,3,112198,112198,112201,0,3,1
31985,3,2,112201,112201,112203,0,2,0
31986,2,1,112203,112203,112204,0,1,0
31987,6,2,112209,112209,112211,0,2,5
31988,4,1,112213,112213,112214,0,1,2
31989,4,3,112217,112217,112220,0,3,3
31990,6,2,112223,112223,112225,0,2,3
31991,5,2,112228,112228,112230,0,2,3
31992,3,1,112231,112231,112232,0,1,1
31993,6,1,112237,112237,112238,0,1,5
31994,4,1,112241,112241,112242,0,1,3
31995,6,2,112247,112247,112249,0,2,5
31996,5,3,112252,112252,112255,0,3,3
31997,5,3,112257,112257,112260,0,3,2
31998,4,2,112261,112261,112263,0,2,1
31999,1,1,112262,112263,112264,1,2,0
32000,1,2,112263,112264,112266,1,3,0
32001,4,2,112267,112267,112269,0,2,1
32002,4,1,112271,112271,112272,0,1,2
32003,4,2,112275,112275,112277,0,2,3
32004,5,3,112280,112280,112283,0,3,3
32005,5,3,112285,112285,112288,0,3,2
32006,4,1,112289,112289,112290,0,1,1
32007,1,1,112290,112290,112291,0,1,0
32008,6,1,112296,112296,112297,0,1,5
32009,5,1,112301,112301,112302,0,1,4
32010,6,1,112307,112307,112308,0,1,5
32011,5,3,112312,112312,112315,0,3,4
32012,1,3,112313,112315,112318,2,5,0
32013,2,3,112315,112318,112321,3,6,0
32014,1,3,112316,112321,112324,5,8,0
32015,3,3,112319,112324,112327,5,8,0
32016,2,1,112321,112327,112328,6,7,0
32017,6,1,112327,112328,112329,1,2,0
32018,5,3,112332,112332,112335,0,3,3
32019,2,3,112334,112335,112338,1,4,0
32020,1,3,112335,112338,112341,3,6,0
32021,1,2,112336,112341,112343,5,7,0
32022,3,3,112339,112343,112346,4,7,0
32023,1,3,112340,112346,112349,6,9,0
32024,1,1,112341,112349,112350,8,9,0
32025,4,3,112345,112350,112353,5,8,0
32026,6,2,112351,112353,112355,2,4,0
32027,5,3,112356,112356,112359,0,3,1
32028,6,1,112362,112362,112363,0,1,3
32029,3,1,112365,112365,112366,0,1,2
32030,2,3,112367,112367,112370,0,3,1
32031,5,2,112372,112372,112374,0,2,2
32032,1,2,112373,112374,112376,1,3,0
32033,1,2,112374,112376,112378,2,4,0
32034,4,2,112378,112378,112380,0,2,0
32035,3,2,112381,112381,112383,0,2,1
32036,1,2,112382,112383,112385,1,3,0
32037,5,2,112387,112387,112389,0,2,2
32038,1,3,112388,112389,112392,1,4,0
32039,6,2,112394,112394,112396,0,2,2
32040,4,3,112398,112398,112401,0,3,2
32041,6,3,112404,112404,112407,0,3,3
32042,1,1,112405,112407,112408,2,3,0
32043,3,2,112408,112408,112410,0,2,0
32044,6,2,112414,112414,112416,0,2,4
32045,3,1,112417,112417,112418,0,1,1
32046,4,1,112421,112421,112422,0,1,3
32047,3,1,112424,112424,112425,0,1,2
32048,6,3,112430,112430,112433,0,3,5
32049,2,3,112432,112433,112436,1,4,0
32050,3,2,112435,112436,112438,1,3,0
32051,6,3,112441,112441,112444,0,3,3
32052,2,1,112443,112444,112445,1,2,0
32053,4,1,112447,112447,112448,0,1,2
32054,3,3,112450,112450,112453,0,3,2
32055,3,2,112453,112453,112455,0,2,0
32056,5,3,112458,112458,112461,0,3,3
32057,1,1,112459,112461,112462,2,3,0
32058,5,3,112464,112464,112467,0,3,2
32059,5,2,112469,112469,112471,0,2,2
32060,3,2,112472,112472,112474,0,2,1
32061,3,3,112475,112475,112478,0,3,1
32062,1,1,112476,112478,112479,2,3,0
32063,1,3,112477,112479,112482,2,5,0
32064,6,1,112483,112483,112484,0,1,1
32065,4,2,112487,112487,112489,0,2,3
32066,6,2,112493,112493,112495,0,2,4
32067,4,3,112497,112497,112500,0,3,2
32068,4,2,112501,112501,112503,0,2,1
32069,1,3,112502,112503,112506,1,4,0
32070,2,1,112504,112506,112507,2,3,0
32071,6,3,112510,112510,112513,0,3,3
32072,1,3,112511,112513,112516,2,5,0
32073,5,3,112516,112516,112519,0,3,0
32074,1,3,112517,112519,112522,2,5,0
32075,5,1,112522,112522,112523,0,1,0
32076,6,2,112528,112528,112530,0,2,5
32077,6,3,112534,112534,112537,0,3,4
32078,2,1,112536,112537,112538,1,2,0
32079,4,1,112540,112540,112541,0,1,2
32080,6,1,112546,112546,112547,0,1,5
32081,1,1,112547,112547,112548,0,1,0
32082,5,3,112552,112552,112555,0,3,4
32083,6,2,112558,112558,112560,0,2,3
32084,6,1,112564,112564,112565,0,1,4
32085,3,1,112567,112567,112568,0,1,2
32086,1,2,112568,112568,112570,0,2,0
32087,5,2,112573,112573,112575,0,2,3
32088,5,2,112578,112578,112580,0,2,3
32089,1,1,112579,112580,112581,1,2,0
32090,1,2,112580,112581,112583,1,3,0
32091,2,3,112582,112583,112586,1,4,0
32092,5,3,112587,112587,112590,0,3,1
32093,6,1,112593,112593,112594,0,1,3
32094,3,1,112596,112596,112597,0,1,2
32095,5,1,112601,112601,112602,0,1,4
32096,4,1,112605,112605,112606,0,1,3
32097,2,3,112607,112607,112610,0,3,1
32098,2,2,112609,112610,112612,1,3,0
32099,5,2,112614,112614,112616,0,2,2
32100,4,2,112618,112618,112620,0,2,2
32101,3,3,112621,112621,112624,0,3,1
32102,1,3,112622,112624,112627,2,5,0
32103,1,2,112623,112627,112629,4,6,0
32104,2,2,112625,112629,112631,4,6,0
32105,4,1,112629,112631,112632,2,3,0
32106,3,3,112632,112632,112635,0,3,0
32107,6,3,112638,112638,112641,0,3,3
32108,5,3,112643,112643,112646,0,3,2
32109,2,1,112645,112646,112647,1,2,0
32110,5,3,112650,112650,112653,0,3,3
32111,2,1,112652,112653,112654,1,2,0
32112,2,3,112654,112654,112657,0,3,0
32113,1,2,112655,112657,112659,2,4,0
32114,4,3,112659,112659,112662,0,3,0
32115,6,1,112665,112665,112666,0,1,3
32116,1,2,112666,112666,112668,0,2,0
32117,5,2,112671,112671,112673,0,2,3
32118,2,3,112673,112673,112676,0,3,0
32119,2,3,112675,112676,112679,1,4,0
32120,4,2,112679,112679,112681,0,2,0
32121,2,2,112681,112681,112683,0,2,0
32122,3,1,112684,112684,112685,0,1,1
32123,2,3,112686,112686,112689,0,3,1
32124,4,3,112690,112690,112693,0,3,1
32125,6,1,112696,112696,112697,0,1,3
32126,4,2,112700,112700,112702,0,2,3
32127,6,1,112706,112706,112707,0,1,4
32128,1,3,112707,112707,112710,0,3,0
32129,3,3,112710,112710,112713,0,3,0
32130,4,1,112714,112714,112715,0,1,1
32131,5,2,112719,112719,112721,0,2,4
32132,1,1,112720,112721,112722,1,2,0
32133,1,1,112721,112722,112723,1,2,0
32134,3,3,112724,112724,112727,0,3,1
32135,6,1,112730,112730,112731,0,1,3
32136,6,3,112736,112736,112739,0,3,5
32137,1,1,112737,112739,112740,2,3,0
32138,1,3,112738,112740,112743,2,5,0
32139,1,1,112739,112743,112744,4,5,0
32140,4,1,112743,112744,112745,1,2,0
32141,5,2,112748,112748,112750,0,2,3
32142,5,1,112753,112753,112754,0,1,3
32143,4,2,112757,112757,112759,0,2,3
32144,2,1,112759,112759,112760,0,1,0
32145,2,3,112761,112761,112764,0,3,1
32146,5,1,112766,112766,112767,0,1,2
32147,3,2,112769,112769,112771,0,2,2
32148,4,1,112773,112773,112774,0,1,2
32149,6,2,112779,112779,112781,0,2,5
32150,2,1,112781,112781,112782,0,1,0
32151,2,2,112783,112783,112785,0,2,1
32152,5,1,112788,112788,112789,0,1,3
32153,3,3,112791,112791,112794,0,3,2
32154,3,1,112794,112794,112795,0,1,0
32155,1,2,112795,112795,112797,0,2,0
32156,4,3,112799,112799,112802,0,3,2
32157,2,1,112801,112802,112803,1,2,0
32158,1,3,112802,112803,112806,1,4,0
32159,5,1,112807,112807,112808,0,1,1
32160,2,1,112809,112809,112810,0,1,1
32161,3,1,112812,112812,112813,0,1,2
32162,2,2,112814,112814,112816,0,2,1
32163,4,2,112818,112818,112820,0,2,2
32164,2,2,112820,112820,112822,0,2,0
32165,4,3,112824,112824,112827,0,3,2
32166,1,3,112825,112827,112830,2,5,0
32167,2,3,112827,112830,112833,3,6,0
32168,2,2,112829,112833,112835,4,6,0
32169,3,3,112832,112835,112838,3,6,0
32170,3,1,112835,112838,112839,3,4,0
32171,4,2,112839,112839,112841,0,2,0
32172,5,1,112844,112844,112845,0,1,3
32173,4,2,112848,112848,112850,0,2,3
32174,2,1,112850,112850,112851,0,1,0
32175,4,3,112854,112854,112857,0,3,3
32176,4,2,112858,112858,112860,0,2,1
32177,1,2,112859,112860,112862,1,3,0
32178,6,3,112865,112865,112868,0,3,3
32179,3,2,112868,112868,112870,0,2,0
32180,4,2,112872,112872,112874,0,2,2
32181,4,3,112876,112876,112879,0,3,2
32182,5,2,112881,112881,112883,0,2,2
32183,6,2,112887,112887,112889,0,2,4
32184,4,1,112891,112891,112892,0,1,2
32185,2,2,112893,112893,112895,0,2,1
32186,1,1,112894,112895,112896,1,2,0
32187,4,1,112898,112898,112899,0,1,2
32188,5,3,112903,112903,112906,0,3,4
32189,1,1,112904,112906,112907,2,3,0
32190,5,1,112909,112909,112910,0,1,2
32191,6,1,112915,112915,112916,0,1,5
32192,2,2,112917,112917,112919,0,2,1
32193,3,2,112920,112920,112922,0,2,1
32194,5,3,112925,112925,112928,0,3,3
32195,3,2,112928,112928,112930,0,2,0
32196,4,1,112932,112932,112933,0,1,2
32197,6,1,112938,112938,112939,0,1,5
32198,2,2,112940,112940,112942,0,2,1
32199,6,1,112946,112946,112947,0,1,4
32200,2,1,112948,112948,112949,0,1,1
32201,4,3,112952,112952,112955,0,3,3
32202,5,3,112957,112957,112960,0,3,2
32203,5,2,112962,112962,112964,0,2,2
32204,2,2,112964,112964,112966,0,2,0
32205,5,3,112969,112969,112972,0,3,3
32206,6,1,112975,112975,112976,0,1,3
32207,6,2,112981,112981,112983,0,2,5
32208,1,1,112982,112983,112984,1,2,0
32209,5,2,112987,112987,112989,0,2,3
32210,1,1,112988,112989,112990,1,2,0
32211,4,2,112992,112992,112994,0,2,2
32212,2,2,112994,112994,112996,0,2,0
32213,2,3,112996,112996,112999,0,3,0
32214,4,2,113000,113000,113002,0,2,1
32215,1,3,113001,113002,113005,1,4,0
32216,6,3,113007,113007,113010,0,3,2
32217,1,3,113008,113010,113013,2,5,0
32218,5,1,113013,113013,113014,0,1,0
32219,6,1,113019,113019,113020,0,1,5
32220,3,3,113022,113022,113025,0,3,2
32221,1,3,113023,113025,113028,2,5,0
32222,3,1,113026,113028,113029,2,3,0
32223,5,3,113031,113031,113034,0,3,2
32224,6,2,113037,113037,113039,0,2,3
32225,5,1,113042,113042,113043,0,1,3
32226,6,3,113048,113048,113051,0,3,5
32227,3,2,113051,113051,113053,0,2,0
32228,6,3,113057,113057,113060,0,3,4
32229,4,3,113061,113061,113064,0,3,1
32230,2,1,113063,113064,113065,1,2,0
32231,5,3,113068,113068,113071,0,3,3
32232,4,3,113072,113072,113075,0,3,1
32233,2,3,113074,113075,113078,1,4,0
32234,3,2,113077,113078,113080,1,3,0
32235,5,2,113082,113082,113084,0,2,2
32236,4,2,113086,113086,113088,0,2,2
32237,1,3,113087,113088,113091,1,4,0
32238,5,1,113092,113092,113093,0,1,1
32239,5,2,113097,113097,113099,0,2,4
32240,6,1,113103,113103,113104,0,1,4
32241,1,1,113104,113104,113105,0,1,0
32242,5,2,113109,113109,113111,0,2,4
32243,4,2,113113,113113,113115,0,2,2
32244,3,3,113116,113116,113119,0,3,1
32245,4,2,113120,113120,113122,0,2,1
32246,4,3,113124,113124,113127,0,3,2
32247,6,3,113130,113130,113133,0,3,3
32248,4,1,113134,113134,113135,0,1,1
32249,1,2,113135,113135,113137,0,2,0
32250,6,3,113141,113141,113144,0,3,4
32251,3,2,113144,113144,113146,0,2,0
32252,2,3,113146,113146,113149,0,3,0
32253,5,3,113151,113151,113154,0,3,2
32254,2,3,113153,113154,113157,1,4,0
32255,5,1,113158,113158,113159,0,1,1
32256,4,2,113162,113162,113164,0,2,3
32257,1,1,113163,113164,113165,1,2,0
32258,1,1,113164,113165,113166,1,2,0
32259,3,1,113167,113167,113168,0,1,1
32260,2,2,113169,113169,113171,0,2,1
32261,3,1,113172,113172,113173,0,1,1
32262,3,3,113175,113175,113178,0,3,2
32263,3,1,113178,113178,113179,0,1,0
32264,1,3,113179,113179,113182,0,3,0
32265,3,1,113182,113182,113183,0,1,0
32266,1,2,113183,113183,113185,0,2,0
32267,2,3,113185,113185,113188,0,3,0
32268,6,1,113191,113191,113192,0,1,3
32269,1,2,113192,113192,113194,0,2,0
32270,6,3,113198,113198,113201,0,3,4
32271,4,1,113202,113202,113203,0,1,1
32272,4,2,113206,113206,113208,0,2,3
32273,3,2,113209,113209,113211,0,2,1
32274,3,2,113212,113212,113214,0,2,1
32275,6,1,113218,113218,113219,0,1,4
32276,3,3,113221,113221,113224,0,3,2
32277,3,1,113224,113224,113225,0,1,0
32278,3,2,113227,113227,113229,0,2,2
32279,6,3,113233,113233,113236,0,3,4
32280,6,1,113239,113239,113240,0,1,3
32281,1,3,113240,113240,113243,0,3,0
32282,6,2,113246,113246,113248,0,2,3
32283,5,1,113251,113251,113252,0,1,3
32284,4,1,113255,113255,113256,0,1,3
32285,6,3,113261,113261,113264,0,3,5
32286,1,1,113262,113264,113265,2,3,0
32287,1,1,113263,113265,113266,2,3,0
32288,6,2,113269,113269,113271,0,2,3
32289,6,3,113275,113275,113278,0,3,4
32290,1,1,113276,113278,113279,2,3,0
32291,5,3,113281,113281,113284,0,3,2
32292,1,1,113282,113284,113285,2,3,0
32293,6,3,113288,113288,113291,0,3,3
32294,2,3,113290,113291,113294,1,4,0
32295,3,2,113293,113294,113296,1,3,0
32296,6,1,113299,113299,113300,0,1,3
32297,1,1,113300,113300,113301,0,1,0
32298,6,3,113306,113306,113309,0,3,5
32299,1,3,113307,113309,113312,2,5,0
32300,1,2,113308,113312,113314,4,6,0
32301,1,2,113309,113314,113316,5,7,0
32302,6,2,113315,113316,113318,1,3,0
32303,3,1,113318,113318,113319,0,1,0
32304,4,1,113322,113322,113323,0,1,3
32305,1,1,113323,113323,113324,0,1,0
32306,2,2,113325,113325,113327,0,2,1
32307,3,1,113328,113328,113329,0,1,1
32308,1,3,113329,113329,113332,0,3,0
32309,4,1,113333,113333,113334,0,1,1
32310,1,3,113334,113334,113337,0,3,0
32311,1,1,113335,113337,113338,2,3,0
32312,1,2,113336,113338,113340,2,4,0
32313,5,1,113341,113341,113342,0,1,1
32314,6,2,113347,113347,113349,0,2,5
32315,1,1,113348,113349,113350,1,2,0
32316,2,2,113350,113350,113352,0,2,0
32317,3,3,113353,113353,113356,0,3,1
32318,5,2,113358,113358,113360,0,2,2
32319,6,1,113364,113364,113365,0,1,4
32320,1,2,113365,113365,113367,0,2,0
32321,2,3,113367,113367,113370,0,3,0
32322,1,3,113368,113370,113373,2,5,0
32323,4,3,113372,113373,113376,1,4,0
32324,5,3,113377,113377,113380,0,3,1
32325,3,2,113380,113380,113382,0,2,0
32326,2,2,113382,113382,113384,0,2,0
32327,1,1,113383,113384,113385,1,2,0
32328,6,2,113389,113389,113391,0,2,4
32329,5,2,113394,113394,113396,0,2,3
32330,6,3,113400,113400,113403,0,3,4
32331,3,2,113403,113403,113405,0,2,0
32332,4,2,113407,113407,113409,0,2,2
32333,6,1,113413,113413,113414,0,1,4
32334,3,2,113416,113416,113418,0,2,2
32335,3,1,113419,113419,113420,0,1,1
32336,4,3,113423,113423,113426,0,3,3
32337,3,2,113426,113426,113428,0,2,0
32338,1,3,113427,113428,113431,1,4,0
32339,3,3,113430,113431,113434,1,4,0
32340,5,1,113435,113435,113436,0,1,1
32341,6,1,113441,113441,113442,0,1,5
32342,5,3,113446,113446,113449,0,3,4
32343,4,1,113450,113450,113451,0,1,1
32344,4,3,113454,113454,113457,0,3,3
32345,6,1,113460,113460,113461,0,1,3
32346,2,3,113462,113462,113465,0,3,1
32347,5,2,113467,113467,113469,0,2,2
32348,2,3,113469,113469,113472,0,3,0
32349,6,2,113475,113475,113477,0,2,3
32350,6,1,113481,113481,113482,0,1,4
32351,5,3,113486,113486,113489,0,3,4
32352,1,1,113487,113489,113490,2,3,0
32353,3,3,113490,113490,113493,0,3,0
32354,5,1,113495,113495,113496,0,1,2
32355,1,1,113496,113496,113497,0,1,0
32356,6,3,113502,113502,113505,0,3,5
32357,5,1,113507,113507,113508,0,1,2
32358,1,3,113508,113508,113511,0,3,0
32359,2,3,113510,113511,113514,1,4,0
32360,6,3,113516,113516,113519,0,3,2
32361,1,3,113517,113519,113522,2,5,0
32362,6,2,113523,113523,113525,0,2,1
32363,6,3,113529,113529,113532,0,3,4
32364,2,3,113531,113532,113535,1,4,0
32365,2,2,113533,113535,113537,2,4,0
32366,3,2,113536,113537,113539,1,3,0
32367,3,2,113539,113539,113541,0,2,0
32368,3,1,113542,113542,113543,0,1,1
32369,2,1,113544,113544,113545,0,1,1
32370,5,1,113549,113549,113550,0,1,4
32371,4,1,113553,113553,113554,0,1,3
32372,3,1,113556,113556,113557,0,1,2
32373,2,2,113558,113558,113560,0,2,1
32374,2,2,113560,113560,113562,0,2,0
32375,5,2,113565,113565,113567,0,2,3
32376,2,2,113567,113567,113569,0,2,0
32377,6,3,113573,113573,113576,0,3,4
32378,2,1,113575,113576,113577,1,2,0
32379,3,3,113578,113578,113581,0,3,1
32380,5,3,113583,113583,113586,0,3,2
32381,6,2,113589,113589,113591,0,2,3
32382,5,3,113594,113594,113597,0,3,3
32383,6,2,113600,113600,113602,0,2,3
32384,2,1,113602,113602,113603,0,1,0
32385,1,3,113603,113603,113606,0,3,0
32386,4,2,113607,113607,113609,0,2,1
32387,4,2,113611,113611,113613,0,2,2
32388,2,3,113613,113613,113616,0,3,0
32389,6,1,113619,113619,113620,0,1,3
32390,6,3,113625,113625,113628,0,3,5
32391,6,2,113631,113631,113633,0,2,3
32392,3,1,113634,113634,113635,0,1,1
32393,4,3,113638,113638,113641,0,3,3
32394,3,1,113641,113641,113642,0,1,0
32395,5,3,113646,113646,113649,0,3,4
32396,6,1,113652,113652,113653,0,1,3
32397,5,3,113657,113657,113660,0,3,4
32398,4,1,113661,113661,113662,0,1,1
32399,1,3,113662,113662,113665,0,3,0
32400,6,3,113668,113668,113671,0,3,3
32401,1,1,113669,113671,113672,2,3,0
32402,2,1,113671,113672,113673,1,2,0
32403,3,1,113674,113674,113675,0,1,1
32404,6,3,113680,113680,113683,0,3,5
32405,1,1,113681,113683,113684,2,3,0
32406,2,1,113683,113684,113685,1,2,0
32407,4,3,113687,113687,113690,0,3,2
32408,5,3,113692,113692,113695,0,3,2
32409,3,2,113695,113695,113697,0,2,0
32410,3,3,113698,113698,113701,0,3,1
32411,2,2,113700,113701,113703,1,3,0
32412,4,2,113704,113704,113706,0,2,1
32413,2,2,113706,113706,113708,0,2,0
32414,1,1,113707,113708,113709,1,2,0
32415,3,3,113710,113710,113713,0,3,1
32416,2,1,113712,113713,113714,1,2,0
32417,1,3,113713,113714,113717,1,4,0
32418,6,1,113719,113719,113720,0,1,2
32419,2,3,113721,113721,113724,0,3,1
32420,6,1,113727,113727,113728,0,1,3
32421,2,3,113729,113729,113732,0,3,1
32422,5,3,113734,113734,113737,0,3,2
32423,3,3,113737,113737,113740,0,3,0
32424,2,1,113739,113740,113741,1,2,0
32425,6,1,113745,113745,113746,0,1,4
32426,6,1,113751,113751,113752,0,1,5
32427,1,2,113752,113752,113754,0,2,0
32428,6,3,113758,113758,113761,0,3,4
32429,5,2,113763,113763,113765,0,2,2
32430,3,1,113766,113766,113767,0,1,1
32431,1,3,113767,113767,113770,0,3,0
32432,2,1,113769,113770,113771,1,2,0
32433,6,3,113775,113775,113778,0,3,4
32434,5,2,113780,113780,113782,0,2,2
32435,4,3,113784,113784,113787,0,3,2
32436,6,2,113790,113790,113792,0,2,3
32437,2,2,113792,113792,113794,0,2,0
32438,2,2,113794,113794,113796,0,2,0
32439,6,2,113800,113800,113802,0,2,4
32440,2,3,113802,113802,113805,0,3,0
32441,5,3,113807,113807,113810,0,3,2
32442,5,3,113812,113812,113815,0,3,2
32443,2,3,113814,113815,113818,1,4,0
32444,6,2,113820,113820,113822,0,2,2
32445,5,2,113825,113825,113827,0,2,3
32446,5,1,113830,113830,113831,0,1,3
32447,3,3,113833,113833,113836,0,3,2
32448,5,2,113838,113838,113840,0,2,2
32449,5,1,113843,113843,113844,0,1,3
32450,3,3,113846,113846,113849,0,3,2
32451,1,1,113847,113849,113850,2,3,0
32452,2,3,113849,113850,113853,1,4,0
32453,5,1,113854,113854,113855,0,1,1
32454,1,3,113855,113855,113858,0,3,0
32455,6,3,113861,113861,113864,0,3,3
32456,3,3,113864,113864,113867,0,3,0
32457,4,1,113868,113868,113869,0,1,1
32458,2,1,113870,113870,113871,0,1,1
32459,4,3,113874,113874,113877,0,3,3
32460,4,1,113878,113878,113879,0,1,1
32461,5,2,113883,113883,113885,0,2,4
32462,2,3,113885,113885,113888,0,3,0
32463,4,1,113889,113889,113890,0,1,1
32464,2,2,113891,113891,113893,0,2,1
32465,5,2,113896,113896,113898,0,2,3
32466,2,3,113898,113898,113901,0,3,0
32467,2,2,113900,113901,113903,1,3,0
32468,1,3,113901,113903,113906,2,5,0
32469,5,2,113906,113906,113908,0,2,0
32470,5,3,113911,113911,113914,0,3,3
32471,6,3,113917,113917,113920,0,3,3
32472,5,1,113922,113922,113923,0,1,2
32473,6,1,113928,113928,113929,0,1,5
32474,1,3,113929,113929,113932,0,3,0
32475,4,1,113933,113933,113934,0,1,1
32476,2,3,113935,113935,113938,0,3,1
32477,5,1,113940,113940,113941,0,1,2
32478,5,1,113945,113945,113946,0,1,4
32479,3,2,113948,113948,113950,0,2,2
32480,3,3,113951,113951,113954,0,3,1
32481,3,1,113954,113954,113955,0,1,0
32482,1,2,113955,113955,113957,0,2,0
32483,6,2,113961,113961,113963,0,2,4
32484,3,2,113964,113964,113966,0,2,1
32485,1,3,113965,113966,113969,1,4,0
32486,4,2,113969,113969,113971,0,2,0
32487,2,1,113971,113971,113972,0,1,0
32488,5,2,113976,113976,113978,0,2,4
32489,6,1,113982,113982,113983,0,1,4
32490,5,2,113987,113987,113989,0,2,4
32491,2,1,113989,113989,113990,0,1,0
32492,4,2,113993,113993,113995,0,2,3
32493,1,2,113994,113995,113997,1,3,0
32494,5,3,113999,113999,114002,0,3,2
32495,5,1,114004,114004,114005,0,1,2
32496,3,1,114007,114007,114008,0,1,2
32497,1,2,114008,114008,114010,0,2,0
32498,3,2,114011,114011,114013,0,2,1
32499,2,2,114013,114013,114015,0,2,0
32500,5,3,114018,114018,114021,0,3,3
32501,3,3,114021,114021,114024,0,3,0
32502,2,2,114023,114024,114026,1,3,0
32503,5,2,114028,114028,114030,0,2,2
32504,1,3,114029,114030,114033,1,4,0
32505,1,1,114030,114033,114034,3,4,0
32506,3,2,114033,114034,114036,1,3,0
32507,4,2,114037,114037,114039,0,2,1
32508,5,1,114042,114042,114043,0,1,3
32509,2,2,114044,114044,114046,0,2,1
32510,4,3,114048,114048,114051,0,3,2
32511,1,2,114049,114051,114053,2,4,0
32512,4,2,114053,114053,114055,0,2,0
32513,6,2,114059,114059,114061,0,2,4
32514,3,2,114062,114062,114064,0,2,1
32515,5,3,114067,114067,114070,0,3,3
32516,1,2,114068,114070,114072,2,4,0
32517,5,3,114073,114073,114076,0,3,1
32518,2,2,114075,114076,114078,1,3,0
32519,3,2,114078,114078,114080,0,2,0
32520,5,2,114083,114083,114085,0,2,3
32521,2,2,114085,114085,114087,0,2,0
32522,6,3,114091,114091,114094,0,3,4
32523,1,1,114092,114094,114095,2,3,0
32524,1,2,114093,114095,114097,2,4,0
32525,2,3,114095,114097,114100,2,5,0
32526,5,3,114100,114100,114103,0,3,0
32527,6,3,114106,114106,114109,0,3,3
32528,6,2,114112,114112,114114,0,2,3
32529,3,3,114115,114115,114118,0,3,1
32530,3,2,114118,114118,114120,0,2,0
32531,3,2,114121,114121,114123,0,2,1
32532,3,1,114124,114124,114125,0,1,1
32533,4,3,114128,114128,114131,0,3,3
32534,3,1,114131,114131,114132,0,1,0
32535,4,2,114135,114135,114137,0,2,3
32536,6,3,114141,114141,114144,0,3,4
32537,6,3,114147,114147,114150,0,3,3
32538,5,1,114152,114152,114153,0,1,2
32539,5,3,114157,114157,114160,0,3,4
32540,5,2,114162,114162,114164,0,2,2
32541,3,1,114165,114165,114166,0,1,1
32542,2,2,114167,114167,114169,0,2,1
32543,6,3,114173,114173,114176,0,3,4
32544,3,2,114176,114176,114178,0,2,0
32545,4,1,114180,114180,114181,0,1,2
32546,3,1,114183,114183,114184,0,1,2
32547,6,2,114189,114189,114191,0,2,5
32548,4,3,114193,114193,114196,0,3,2
32549,6,2,114199,114199,114201,0,2,3
32550,1,2,114200,114201,114203,1,3,0
32551,1,1,114201,114203,114204,2,3,0
32552,5,1,114206,114206,114207,0,1,2
32553,1,1,114207,114207,114208,0,1,0
32554,5,1,114212,114212,114213,0,1,4
32555,5,3,114217,114217,114220,0,3,4
32556,6,1,114223,114223,114224,0,1,3
32557,2,3,114225,114225,114228,0,3,1
32558,3,1,114228,114228,114229,0,1,0
32559,6,2,114234,114234,114236,0,2,5
32560,4,1,114238,114238,114239,0,1,2
32561,6,3,114244,114244,114247,0,3,5
32562,5,3,114249,114249,114252,0,3,2
32563,5,3,114254,114254,114257,0,3,2
32564,6,3,114260,114260,114263,0,3,3
32565,2,3,114262,114263,114266,1,4,0
32566,3,2,114265,114266,114268,1,3,0
32567,3,3,114268,114268,114271,0,3,0
32568,6,1,114274,114274,114275,0,1,3
32569,6,3,114280,114280,114283,0,3,5
32570,2,3,114282,114283,114286,1,4,0
32571,2,3,114284,114286,114289,2,5,0
32572,3,3,114287,114289,114292,2,5,0
32573,2,1,114289,114292,114293,3,4,0
32574,5,3,114294,114294,114297,0,3,1
32575,5,1,114299,114299,114300,0,1,2
32576,3,3,114302,114302,114305,0,3,2
32577,2,1,114304,114305,114306,1,2,0
32578,5,1,114309,114309,114310,0,1,3
32579,1,1,114310,114310,114311,0,1,0
32580,1,3,114311,114311,114314,0,3,0
32581,6,1,114317,114317,114318,0,1,3
32582,5,3,114322,114322,114325,0,3,4
32583,5,1,114327,114327,114328,0,1,2
32584,6,1,114333,114333,114334,0,1,5
32585,4,1,114337,114337,114338,0,1,3
32586,6,1,114343,114343,114344,0,1,5
32587,5,3,114348,114348,114351,0,3,4
32588,3,1,114351,114351,114352,0,1,0
32589,4,3,114355,114355,114358,0,3,3
32590,3,3,114358,114358,114361,0,3,0
32591,5,1,114363,114363,114364,0,1,2
32592,6,3,114369,114369,114372,0,3,5
32593,6,1,114375,114375,114376,0,1,3
32594,4,1,114379,114379,114380,0,1,3
32595,6,3,114385,114385,114388,0,3,5
32596,4,1,114389,114389,114390,0,1,1
32597,6,3,114395,114395,114398,0,3,5
32598,1,1,114396,114398,114399,2,3,0
32599,4,2,114400,114400,114402,0,2,1
32600,1,3,114401,114402,114405,1,4,0
32601,6,1,114407,114407,114408,0,1,2
32602,5,2,114412,114412,114414,0,2,4
32603,5,3,114417,114417,114420,0,3,3
32604,5,2,114422,114422,114424,0,2,2
32605,6,3,114428,114428,114431,0,3,4
32606,3,2,114431,114431,114433,0,2,0
32607,3,3,114434,114434,114437,0,3,1
32608,4,2,114438,114438,114440,0,2,1
32609,5,1,114443,114443,114444,0,1,3
32610,5,1,114448,114448,114449,0,1,4
32611,2,1,114450,114450,114451,0,1,1
32612,4,1,114454,114454,114455,0,1,3
32613,5,1,114459,114459,114460,0,1,4
32614,4,2,114463,114463,114465,0,2,3
32615,5,1,114468,114468,114469,0,1,3
32616,1,3,114469,114469,114472,0,3,0
32617,2,3,114471,114472,114475,1,4,0
32618,3,2,114474,114475,114477,1,3,0
32619,5,1,114479,114479,114480,0,1,2
32620,3,2,114482,114482,114484,0,2,2
32621,6,2,114488,114488,114490,0,2,4
32622,6,1,114494,114494,114495,0,1,4
32623,3,2,114497,114497,114499,0,2,2
32624,3,2,114500,114500,114502,0,2,1
32625,6,2,114506,114506,114508,0,2,4
32626,2,1,114508,114508,114509,0,1,0
32627,2,1,114510,114510,114511,0,1,1
32628,2,2,114512,114512,114514,0,2,1
32629,2,2,114514,114514,114516,0,2,0
32630,1,1,114515,114516,114517,1,2,0
32631,1,3,114516,114517,114520,1,4,0
32632,4,3,114520,114520,114523,0,3,0
32633,5,3,114525,114525,114528,0,3,2
32634,1,1,114526,114528,114529,2,3,0
32635,1,2,114527,114529,114531,2,4,0
32636,3,3,114530,114531,114534,1,4,0
32637,4,2,114534,114534,114536,0,2,0
32638,6,3,114540,114540,114543,0,3,4
32639,3,3,114543,114543,114546,0,3,0
32640,4,3,114547,114547,114550,0,3,1
32641,2,1,114549,114550,114551,1,2,0
32642,4,3,114553,114553,114556,0,3,2
32643,5,1,114558,114558,114559,0,1,2
32644,1,2,114559,114559,114561,0,2,0
32645,4,3,114563,114563,114566,0,3,2
32646,2,1,114565,114566,114567,1,2,0
32647,6,1,114571,114571,114572,0,1,4
32648,1,1,114572,114572,114573,0,1,0
32649,1,1,114573,114573,114574,0,1,0
32650,3,1,114576,114576,114577,0,1,2
32651,1,2,114577,114577,114579,0,2,0
32652,3,2,114580,114580,114582,0,2,1
32653,4,2,114584,114584,114586,0,2,2
32654,1,3,114585,114586,114589,1,4,0
32655,3,2,114588,114589,114591,1,3,0
32656,5,3,114593,114593,114596,0,3,2
32657,1,2,114594,114596,114598,2,4,0
32658,5,2,114599,114599,114601,0,2,1
32659,4,1,114603,114603,114604,0,1,2
32660,3,1,114606,114606,114607,0,1,2
32661,3,2,114609,114609,114611,0,2,2
32662,3,1,114612,114612,114613,0,1,1
32663,5,2,114617,114617,114619,0,2,4
32664,1,1,114618,114619,114620,1,2,0
32665,4,3,114622,114622,114625,0,3,2
32666,6,1,114628,114628,114629,0,1,3
32667,1,3,114629,114629,114632,0,3,0
32668,2,1,114631,114632,114633,1,2,0
32669,1,3,114632,114633,114636,1,4,0
32670,3,3,114635,114636,114639,1,4,0
32671,6,3,114641,114641,114644,0,3,2
32672,2,2,114643,114644,114646,1,3,0
32673,2,2,114645,114646,114648,1,3,0
32674,3,3,114648,114648,114651,0,3,0
32675,1,2,114649,114651,114653,2,4,0
32676,5,3,114654,114654,114657,0,3,1
32677,2,2,114656,114657,114659,1,3,0
32678,4,1,114660,114660,114661,0,1,1
32679,1,2,114661,114661,114663,0,2,0
32680,1,3,114662,114663,114666,1,4,0
32681,3,1,114665,114666,114667,1,2,0
32682,1,1,114666,114667,114668,1,2,0
32683,6,2,114672,114672,114674,0,2,4
32684,6,3,114678,114678,114681,0,3,4
32685,6,1,114684,114684,114685,0,1,3
32686,1,3,114685,114685,114688,0,3,0
32687,3,1,114688,114688,114689,0,1,0
32688,5,3,114693,114693,114696,0,3,4
32689,2,2,114695,114696,114698,1,3,0
32690,4,1,114699,114699,114700,0,1,1
32691,6,1,114705,114705,114706,0,1,5
32692,3,1,114708,114708,114709,0,1,2
32693,3,3,114711,114711,114714,0,3,2
32694,1,2,114712,114714,114716,2,4,0
32695,2,3,114714,114716,114719,2,5,0
32696,5,3,114719,114719,114722,0,3,0
32697,5,2,114724,114724,114726,0,2,2
32698,6,1,114730,114730,114731,0,1,4
32699,4,1,114734,114734,114735,0,1,3
32700,4,2,114738,114738,114740,0,2,3
32701,1,3,114739,114740,114743,1,4,0
32702,4,3,114743,114743,114746,0,3,0
32703,1,2,114744,114746,114748,2,4,0
32704,4,2,114748,114748,114750,0,2,0
32705,2,3,114750,114750,114753,0,3,0
32706,6,1,114756,114756,114757,0,1,3
32707,4,2,114760,114760,114762,0,2,3
32708,4,1,114764,114764,114765,0,1,2
32709,3,1,114767,114767,114768,0,1,2
32710,4,2,114771,114771,114773,0,2,3
32711,6,1,114777,114777,114778,0,1,4
32712,2,1,114779,114779,114780,0,1,1
32713,3,1,114782,114782,114783,0,1,2
32714,5,2,114787,114787,114789,0,2,4
32715,1,3,114788,114789,114792,1,4,0
32716,6,3,114794,114794,114797,0,3,2
32717,4,3,114798,114798,114801,0,3,1
32718,5,1,114803,114803,114804,0,1,2
32719,5,2,114808,114808,114810,0,2,4
32720,1,3,114809,114810,114813,1,4,0
32721,3,3,114812,114813,114816,1,4,0
32722,5,1,114817,114817,114818,0,1,1
32723,1,1,114818,114818,114819,0,1,0
32724,2,2,114820,114820,114822,0,2,1
32725,1,2,114821,114822,114824,1,3,0
32726,1,2,114822,114824,114826,2,4,0
32727,4,1,114826,114826,114827,0,1,0
32728,1,1,114827,114827,114828,0,1,0
32729,5,1,114832,114832,114833,0,1,4
32730,4,3,114836,114836,114839,0,3,3
32731,6,3,114842,114842,114845,0,3,3
32732,6,2,114848,114848,114850,0,2,3
32733,2,3,114850,114850,114853,0,3,0
32734,5,3,114855,114855,114858,0,3,2
32735,4,3,114859,114859,114862,0,3,1
32736,4,3,114863,114863,114866,0,3,1
32737,6,1,114869,114869,114870,0,1,3
32738,1,1,114870,114870,114871,0,1,0
32739,6,3,114876,114876,114879,0,3,5
32740,6,1,114882,114882,114883,0,1,3
32741,5,3,114887,114887,114890,0,3,4
32742,6,1,114893,114893,114894,0,1,3
32743,5,3,114898,114898,114901,0,3,4
32744,3,1,114901,114901,114902,0,1,0
32745,6,1,114907,114907,114908,0,1,5
32746,1,3,114908,114908,114911,0,3,0
32747,1,1,114909,114911,114912,2,3,0
32748,4,3,114913,114913,114916,0,3,1
32749,2,2,114915,114916,114918,1,3,0
32750,3,1,114918,114918,114919,0,1,0
32751,1,3,114919,114919,114922,0,3,0
32752,2,1,114921,114922,114923,1,2,0
32753,6,2,114927,114927,114929,0,2,4
32754,6,3,114933,114933,114936,0,3,4
32755,4,2,114937,114937,114939,0,2,1
32756,3,2,114940,114940,114942,0,2,1
32757,2,3,114942,114942,114945,0,3,0
32758,6,3,114948,114948,114951,0,3,3
32759,6,1,114954,114954,114955,0,1,3
32760,6,3,114960,114960,114963,0,3,5
32761,5,3,114965,114965,114968,0,3,2
32762,5,3,114970,114970,114973,0,3,2
32763,6,3,114976,114976,114979,0,3,3
32764,3,1,114979,114979,114980,0,1,0
32765,1,1,114980,114980,114981,0,1,0
32766,5,3,114985,114985,114988,0,3,4
32767,4,3,114989,114989,114992,0,3,1
32768,3,1,114992,114992,114993,0,1,0
32769,3,3,114995,114995,114998,0,3,2
32770,2,2,114997,114998,115000,1,3,0
32771,6,3,115003,115003,115006,0,3,3
32772,2,3,115005,115006,115009,1,4,0
32773,4,2,115009,115009,115011,0,2,0
32774,1,2,115010,115011,115013,1,3,0
32775,3,3,115013,115013,115016,0,3,0
32776,5,2,115018,115018,115020,0,2,2
32777,6,3,115024,115024,115027,0,3,4
32778,5,3,115029,115029,115032,0,3,2
32779,4,1,115033,115033,115034,0,1,1
32780,2,2,115035,115035,115037,0,2,1
32781,5,3,115040,115040,115043,0,3,3
32782,6,1,115046,115046,115047,0,1,3
32783,3,1,115049,115049,115050,0,1,2
32784,6,1,115055,115055,115056,0,1,5
32785,5,3,115060,115060,115063,0,3,4
32786,2,2,115062,115063,115065,1,3,0
32787,4,2,115066,115066,115068,0,2,1
32788,2,3,115068,115068,115071,0,3,0
32789,5,1,115073,115073,115074,0,1,2
32790,4,2,115077,115077,115079,0,2,3
32791,1,3,115078,115079,115082,1,4,0
32792,6,2,115084,115084,115086,0,2,2
32793,6,3,115090,115090,115093,0,3,4
32794,3,2,115093,115093,115095,0,2,0
32795,5,2,115098,115098,115100,0,2,3
32796,2,3,115100,115100,115103,0,3,0
32797,6,2,115106,115106,115108,0,2,3
32798,4,1,115110,115110,115111,0,1,2
32799,4,2,115114,115114,115116,0,2,3
32800,5,2,115119,115119,115121,0,2,3
32801,6,3,115125,115125,115128,0,3,4
32802,5,1,115130,115130,115131,0,1,2
32803,2,3,115132,115132,115135,0,3,1
32804,5,3,115137,115137,115140,0,3,2
32805,5,1,115142,115142,115143,0,1,2
32806,3,3,115145,115145,115148,0,3,2
32807,4,1,115149,115149,115150,0,1,1
32808,5,3,115154,115154,115157,0,3,4
32809,5,2,115159,115159,115161,0,2,2
32810,1,3,115160,115161,115164,1,4,0
32811,5,3,115165,115165,115168,0,3,1
32812,2,3,115167,115168,115171,1,4,0
32813,5,2,115172,115172,115174,0,2,1
32814,5,1,115177,115177,115178,0,1,3
32815,6,1,115183,115183,115184,0,1,5
32816,5,1,115188,115188,115189,0,1,4
32817,2,1,115190,115190,115191,0,1,1
32818,5,2,115195,115195,115197,0,2,4
32819,5,3,115200,115200,115203,0,3,3
32820,2,1,115202,115203,115204,1,2,0
32821,3,2,115205,115205,115207,0,2,1
32822,6,3,115211,115211,115214,0,3,4
32823,5,2,115216,115216,115218,0,2,2
32824,3,2,115219,115219,115221,0,2,1
32825,5,3,115224,115224,115227,0,3,3
32826,5,1,115229,115229,115230,0,1,2
32827,1,2,115230,115230,115232,0,2,0
32828,3,2,115233,115233,115235,0,2,1
32829,5,3,115238,115238,115241,0,3,3
32830,6,2,115244,115244,115246,0,2,3
32831,5,1,115249,115249,115250,0,1,3
32832,3,1,115252,115252,115253,0,1,2
32833,6,3,115258,115258,115261,0,3,5
32834,3,2,115261,115261,115263,0,2,0
32835,4,3,115265,115265,115268,0,3,2
32836,5,3,115270,115270,115273,0,3,2
32837,2,2,115272,115273,115275,1,3,0
32838,1,3,115273,115275,115278,2,5,0
32839,4,3,115277,115278,115281,1,4,0
32840,6,3,115283,115283,115286,0,3,2
32841,1,3,115284,115286,115289,2,5,0
32842,4,3,115288,115289,115292,1,4,0
32843,3,2,115291,115292,115294,1,3,0
32844,3,1,115294,115294,115295,0,1,0
32845,2,1,115296,115296,115297,0,1,1
32846,2,1,115298,115298,115299,0,1,1
32847,6,2,115304,115304,115306,0,2,5
32848,3,2,115307,115307,115309,0,2,1
32849,4,2,115311,115311,115313,0,2,2
32850,5,1,115316,115316,115317,0,1,3
32851,4,1,115320,115320,115321,0,1,3
32852,2,2,115322,115322,115324,0,2,1
32853,3,1,115325,115325,115326,0,1,1
32854,3,2,115328,115328,115330,0,2,2
32855,5,2,115333,115333,115335,0,2,3
32856,6,3,115339,115339,115342,0,3,4
32857,5,2,115344,115344,115346,0,2,2
32858,6,2,115350,115350,115352,0,2,4
32859,1,2,115351,115352,115354,1,3,0
32860,1,2,115352,115354,115356,2,4,0
32861,5,3,115357,115357,115360,0,3,1
32862,4,3,115361,115361,115364,0,3,1
32863,2,3,115363,115364,115367,1,4,0
32864,4,3,115367,115367,115370,0,3,0
32865,1,2,115368,115370,115372,2,4,0
32866,3,1,115371,115372,115373,1,2,0
32867,2,3,115373,115373,115376,0,3,0
32868,6,3,115379,115379,115382,0,3,3
32869,1,2,115380,115382,115384,2,4,0
32870,2,2,115382,115384,115386,2,4,0
32871,4,1,115386,115386,115387,0,1,0
32872,2,3,115388,115388,115391,0,3,1
32873,4,3,115392,115392,115395,0,3,1
32874,2,3,115394,115395,115398,1,4,0
32875,5,2,115399,115399,115401,0,2,1
32876,1,2,115400,115401,115403,1,3,0
32877,4,2,115404,115404,115406,0,2,1
32878,5,1,115409,115409,115410,0,1,3
32879,5,1,115414,115414,115415,0,1,4
32880,6,3,115420,115420,115423,0,3,5
32881,3,2,115423,115423,115425,0,2,0
32882,4,3,115427,115427,115430,0,3,2
32883,6,2,115433,115433,115435,0,2,3
32884,1,2,115434,115435,115437,1,3,0
32885,2,1,115436,115437,115438,1,2,0
32886,2,2,115438,115438,115440,0,2,0
32887,6,2,115444,115444,115446,0,2,4
32888,6,3,115450,115450,115453,0,3,4
32889,1,2,115451,115453,115455,2,4,0
32890,5,1,115456,115456,115457,0,1,1
32891,1,3,115457,115457,115460,0,3,0
32892,2,3,115459,115460,115463,1,4,0
32893,1,1,115460,115463,115464,3,4,0
32894,2,1,115462,115464,115465,2,3,0
32895,1,2,115463,115465,115467,2,4,0
32896,2,3,115465,115467,115470,2,5,0
32897,6,3,115471,115471,115474,0,3,1
32898,4,3,115475,115475,115478,0,3,1
32899,2,3,115477,115478,115481,1,4,0
32900,6,1,115483,115483,115484,0,1,2
32901,3,1,115486,115486,115487,0,1,2
32902,3,1,115489,115489,115490,0,1,2
32903,6,1,115495,115495,115496,0,1,5
32904,5,3,115500,115500,115503,0,3,4
32905,2,1,115502,115503,115504,1,2,0
32906,1,3,115503,115504,115507,1,4,0
32907,3,3,115506,115507,115510,1,4,0
32908,4,1,115510,115510,115511,0,1,0
32909,6,2,115516,115516,115518,0,2,5
32910,2,3,115518,115518,115521,0,3,0
32911,4,1,115522,115522,115523,0,1,1
32912,1,1,115523,115523,115524,0,1,0
32913,4,1,115527,115527,115528,0,1,3
32914,5,1,115532,115532,115533,0,1,4
32915,6,3,115538,115538,115541,0,3,5
32916,5,3,115543,115543,115546,0,3,2
32917,1,1,115544,115546,115547,2,3,0
32918,5,1,115549,115549,115550,0,1,2
32919,2,2,115551,115551,115553,0,2,1
32920,6,3,115557,115557,115560,0,3,4
32921,6,2,115563,115563,115565,0,2,3
32922,1,1,115564,115565,115566,1,2,0
32923,3,1,115567,115567,115568,0,1,1
32924,3,3,115570,115570,115573,0,3,2
32925,6,1,115576,115576,115577,0,1,3
32926,3,3,115579,115579,115582,0,3,2
32927,6,3,115585,115585,115588,0,3,3
32928,2,2,115587,115588,115590,1,3,0
32929,6,3,115593,115593,115596,0,3,3
32930,2,1,115595,115596,115597,1,2,0
32931,3,3,115598,115598,115601,0,3,1
32932,6,2,115604,115604,115606,0,2,3
32933,1,3,115605,115606,115609,1,4,0
32934,5,3,115610,115610,115613,0,3,1
32935,3,3,115613,115613,115616,0,3,0
32936,4,2,115617,115617,115619,0,2,1
32937,6,2,115623,115623,115625,0,2,4
32938,3,3,115626,115626,115629,0,3,1
32939,2,1,115628,115629,115630,1,2,0
32940,2,2,115630,115630,115632,0,2,0
32941,5,1,115635,115635,115636,0,1,3
32942,2,1,115637,115637,115638,0,1,1
32943,4,3,115641,115641,115644,0,3,3
32944,6,2,115647,115647,115649,0,2,3
32945,3,1,115650,115650,115651,0,1,1
32946,4,2,115654,115654,115656,0,2,3
32947,1,1,115655,115656,115657,1,2,0
32948,5,3,115660,115660,115663,0,3,3
32949,3,3,115663,115663,115666,0,3,0
32950,4,1,115667,115667,115668,0,1,1
32951,4,3,115671,115671,115674,0,3,3
32952,2,3,115673,115674,115677,1,4,0
32953,5,2,115678,115678,115680,0,2,1
32954,3,3,115681,115681,115684,0,3,1
32955,2,3,115683,115684,115687,1,4,0
32956,1,3,115684,115687,115690,3,6,0
32957,1,3,115685,115690,115693,5,8,0
32958,1,1,115686,115693,115694,7,8,0
32959,3,2,115689,115694,115696,5,7,0
32960,6,3,115695,115696,115699,1,4,0
32961,1,3,115696,115699,115702,3,6,0
32962,2,3,115698,115702,115705,4,7,0
32963,6,1,115704,115705,115706,1,2,0
32964,2,3,115706,115706,115709,0,3,0
32965,4,2,115710,115710,115712,0,2,1
32966,3,3,115713,115713,115716,0,3,1
32967,6,1,115719,115719,115720,0,1,3
32968,2,3,115721,115721,115724,0,3,1
32969,4,1,115725,115725,115726,0,1,1
32970,4,3,115729,115729,115732,0,3,3
32971,4,2,115733,115733,115735,0,2,1
32972,6,1,115739,115739,115740,0,1,4
32973,2,1,115741,115741,115742,0,1,1
32974,6,3,115747,115747,115750,0,3,5
32975,5,1,115752,115752,115753,0,1,2
32976,2,1,115754,115754,115755,0,1,1
32977,6,2,115760,115760,115762,0,2,5
32978,3,2,115763,115763,115765,0,2,1
32979,1,2,115764,115765,115767,1,3,0
32980,2,3,115766,115767,115770,1,4,0
32981,5,2,115771,115771,115773,0,2,1
32982,4,2,115775,115775,115777,0,2,2
32983,4,3,115779,115779,115782,0,3,2
32984,1,3,115780,115782,115785,2,5,0
32985,4,2,115784,115785,115787,1,3,0
32986,5,3,115789,115789,115792,0,3,2
32987,4,1,115793,115793,115794,0,1,1
32988,3,1,115796,115796,115797,0,1,2
32989,3,3,115799,115799,115802,0,3,2
32990,6,3,115805,115805,115808,0,3,3
32991,5,1,115810,115810,115811,0,1,2
32992,3,2,115813,115813,115815,0,2,2
32993,5,1,115818,115818,115819,0,1,3
32994,4,3,115822,115822,115825,0,3,3
32995,5,2,115827,115827,115829,0,2,2
32996,5,2,115832,115832,115834,0,2,3
32997,1,1,115833,115834,115835,1,2,0
32998,5,3,115838,115838,115841,0,3,3
32999,2,2,115840,115841,115843,1,3,0
33000,1,3,115841,115843,115846,2,5,0
33001,5,1,115846,115846,115847,0,1,0
33002,5,2,115851,115851,115853,0,2,4
33003,3,1,115854,115854,115855,0,1,1
33004,5,3,115859,115859,115862,0,3,4
33005,1,3,115860,115862,115865,2,5,0
33006,4,3,115864,115865,115868,1,4,0
33007,4,1,115868,115868,115869,0,1,0
33008,3,2,115871,115871,115873,0,2,2
33009,4,1,115875,115875,115876,0,1,2
33010,5,1,115880,115880,115881,0,1,4
33011,2,2,115882,115882,115884,0,2,1
33012,2,2,115884,115884,115886,0,2,0
33013,1,1,115885,115886,115887,1,2,0
33014,3,1,115888,115888,115889,0,1,1
33015,6,2,115894,115894,115896,0,2,5
33016,1,2,115895,115896,115898,1,3,0
33017,2,2,115897,115898,115900,1,3,0
33018,1,2,115898,115900,115902,2,4,0
33019,4,2,115902,115902,115904,0,2,0
33020,2,3,115904,115904,115907,0,3,0
33021,2,1,115906,115907,115908,1,2,0
33022,3,2,115909,115909,115911,0,2,1
33023,5,1,115914,115914,115915,0,1,3
33024,6,1,115920,115920,115921,0,1,5
33025,5,1,115925,115925,115926,0,1,4
33026,2,2,115927,115927,115929,0,2,1
33027,1,3,115928,115929,115932,1,4,0
33028,5,2,115933,115933,115935,0,2,1
33029,3,1,115936,115936,115937,0,1,1
33030,5,2,115941,115941,115943,0,2,4
33031,6,2,115947,115947,115949,0,2,4
33032,3,2,115950,115950,115952,0,2,1
33033,2,2,115952,115952,115954,0,2,0
33034,5,1,115957,115957,115958,0,1,3
33035,2,3,115959,115959,115962,0,3,1
33036,6,3,115965,115965,115968,0,3,3
33037,6,1,115971,115971,115972,0,1,3
33038,4,1,115975,115975,115976,0,1,3
33039,3,1,115978,115978,115979,0,1,2
33040,1,1,115979,115979,115980,0,1,0
33041,3,3,115982,115982,115985,0,3,2
33042,3,3,115985,115985,115988,0,3,0
33043,6,1,115991,115991,115992,0,1,3
33044,4,2,115995,115995,115997,0,2,3
33045,6,1,116001,116001,116002,0,1,4
33046,4,2,116005,116005,116007,0,2,3
33047,3,3,116008,116008,116011,0,3,1
33048,2,1,116010,116011,116012,1,2,0
33049,3,2,116013,116013,116015,0,2,1
33050,2,2,116015,116015,116017,0,2,0
33051,1,2,116016,116017,116019,1,3,0
33052,1,1,116017,116019,116020,2,3,0
33053,4,2,116021,116021,116023,0,2,1
33054,3,3,116024,116024,116027,0,3,1
33055,6,3,116030,116030,116033,0,3,3
33056,5,3,116035,116035,116038,0,3,2
33057,1,1,116036,116038,116039,2,3,0
33058,3,3,116039,116039,116042,0,3,0
33059,4,3,116043,116043,116046,0,3,1
33060,5,2,116048,116048,116050,0,2,2
33061,4,2,116052,116052,116054,0,2,2
33062,2,3,116054,116054,116057,0,3,0
33063,2,3,116056,116057,116060,1,4,0
33064,4,2,116060,116060,116062,0,2,0
33065,3,1,116063,116063,116064,0,1,1
33066,3,1,116066,116066,116067,0,1,2
33067,2,1,116068,116068,116069,0,1,1
33068,4,2,116072,116072,116074,0,2,3
33069,3,2,116075,116075,116077,0,2,1
33070,6,3,116081,116081,116084,0,3,4
33071,2,2,116083,116084,116086,1,3,0
33072,6,3,116089,116089,116092,0,3,3
33073,4,1,116093,116093,116094,0,1,1
33074,3,1,116096,116096,116097,0,1,2
33075,1,1,116097,116097,116098,0,1,0
33076,5,2,116102,116102,116104,0,2,4
33077,3,1,116105,116105,116106,0,1,1
33078,4,3,116109,116109,116112,0,3,3
33079,3,1,116112,116112,116113,0,1,0
33080,6,1,116118,116118,116119,0,1,5
33081,3,1,116121,116121,116122,0,1,2
33082,2,3,116123,116123,116126,0,3,1
33083,4,3,116127,116127,116130,0,3,1
33084,4,3,116131,116131,116134,0,3,1
33085,2,2,116133,116134,116136,1,3,0
33086,5,1,116138,116138,116139,0,1,2
33087,2,1,116140,116140,116141,0,1,1
33088,2,3,116142,116142,116145,0,3,1
33089,1,1,116143,116145,116146,2,3,0
33090,6,3,116149,116149,116152,0,3,3
33091,4,2,116153,116153,116155,0,2,1
33092,3,2,116156,116156,116158,0,2,1
33093,3,3,116159,116159,116162,0,3,1
33094,6,3,116165,116165,116168,0,3,3
33095,4,1,116169,116169,116170,0,1,1
33096,3,2,116172,116172,116174,0,2,2
33097,3,2,116175,116175,116177,0,2,1
33098,1,2,116176,116177,116179,1,3,0
33099,3,2,116179,116179,116181,0,2,0
33100,5,1,116184,116184,116185,0,1,3
33101,5,1,116189,116189,116190,0,1,4
33102,4,3,116193,116193,116196,0,3,3
33103,5,2,116198,116198,116200,0,2,2
33104,6,3,116204,116204,116207,0,3,4
33105,1,3,116205,116207,116210,2,5,0
33106,2,2,116207,116210,116212,3,5,0
33107,5,2,116212,116212,116214,0,2,0
33108,3,1,116215,116215,116216,0,1,1
33109,1,3,116216,116216,116219,0,3,0
33110,6,3,116222,116222,116225,0,3,3
33111,1,2,116223,116225,116227,2,4,0
33112,5,2,116228,116228,116230,0,2,1
33113,5,3,116233,116233,116236,0,3,3
33114,1,1,116234,116236,116237,2,3,0
33115,6,3,116240,116240,116243,0,3,3
33116,3,3,116243,116243,116246,0,3,0
33117,1,2,116244,116246,116248,2,4,0
33118,1,3,116245,116248,116251,3,6,0
33119,5,3,116250,116251,116254,1,4,0
33120,6,3,116256,116256,116259,0,3,2
33121,1,2,116257,116259,116261,2,4,0
33122,1,1,116258,116261,116262,3,4,0
33123,4,2,116262,116262,116264,0,2,0
33124,5,3,116267,116267,116270,0,3,3
33125,4,2,116271,116271,116273,0,2,1
33126,5,1,116276,116276,116277,0,1,3
33127,5,1,116281,116281,116282,0,1,4
33128,4,2,116285,116285,116287,0,2,3
33129,4,3,116289,116289,116292,0,3,2
33130,4,2,116293,116293,116295,0,2,1
33131,5,2,116298,116298,116300,0,2,3
33132,1,3,116299,116300,116303,1,4,0
33133,5,2,116304,116304,116306,0,2,1
33134,5,2,116309,116309,116311,0,2,3
33135,1,1,116310,116311,116312,1,2,0
33136,6,3,116316,116316,116319,0,3,4
33137,2,1,116318,116319,116320,1,2,0
33138,1,2,116319,116320,116322,1,3,0
33139,6,1,116325,116325,116326,0,1,3
33140,2,3,116327,116327,116330,0,3,1
33141,1,3,116328,116330,116333,2,5,0
33142,2,1,116330,116333,116334,3,4,0
33143,4,2,116334,116334,116336,0,2,0
33144,6,2,116340,116340,116342,0,2,4
33145,2,2,116342,116342,116344,0,2,0
33146,2,2,116344,116344,116346,0,2,0
33147,6,1,116350,116350,116351,0,1,4
33148,2,1,116352,116352,116353,0,1,1
33149,3,3,116355,116355,116358,0,3,2
33150,2,2,116357,116358,116360,1,3,0
33151,5,2,116362,116362,116364,0,2,2
33152,5,2,116367,116367,116369,0,2,3
33153,1,1,116368,116369,116370,1,2,0
33154,6,3,116374,116374,116377,0,3,4
33155,3,2,116377,116377,116379,0,2,0
33156,4,1,116381,116381,116382,0,1,2
33157,5,2,116386,116386,116388,0,2,4
33158,5,2,116391,116391,116393,0,2,3
33159,5,2,116396,116396,116398,0,2,3
33160,3,3,116399,116399,116402,0,3,1
33161,6,1,116405,116405,116406,0,1,3
33162,6,1,116411,116411,116412,0,1,5
33163,1,1,116412,116412,116413,0,1,0
33164,4,2,116416,116416,116418,0,2,3
33165,4,3,116420,116420,116423,0,3,2
33166,5,3,116425,116425,116428,0,3,2
33167,6,2,116431,116431,116433,0,2,3
33168,6,2,116437,116437,116439,0,2,4
33169,4,2,116441,116441,116443,0,2,2
33170,4,2,116445,116445,116447,0,2,2
33171,2,3,116447,116447,116450,0,3,0
33172,2,1,116449,116450,116451,1,2,0
33173,2,1,116451,116451,116452,0,1,0
33174,5,2,116456,116456,116458,0,2,4
33175,4,2,116460,116460,116462,0,2,2
33176,5,2,116465,116465,116467,0,2,3
33177,4,1,116469,116469,116470,0,1,2
33178,1,2,116470,116470,116472,0,2,0
33179,4,2,116474,116474,116476,0,2,2
33180,4,2,116478,116478,116480,0,2,2
33181,4,3,116482,116482,116485,0,3,2
33182,1,1,116483,116485,116486,2,3,0
33183,5,2,116488,116488,116490,0,2,2
33184,6,1,116494,116494,116495,0,1,4
33185,6,1,116500,116500,116501,0,1,5
33186,4,2,116504,116504,116506,0,2,3
33187,2,2,116506,116506,116508,0,2,0
33188,4,3,116510,116510,116513,0,3,2
33189,4,1,116514,116514,116515,0,1,1
33190,5,2,116519,116519,116521,0,2,4
33191,4,2,116523,116523,116525,0,2,2
33192,5,3,116528,116528,116531,0,3,3
33193,3,2,116531,116531,116533,0,2,0
33194,1,2,116532,116533,116535,1,3,0
33195,2,3,116534,116535,116538,1,4,0
33196,2,3,116536,116538,116541,2,5,0
33197,6,1,116542,116542,116543,0,1,1
33198,1,2,116543,116543,116545,0,2,0
33199,2,1,116545,116545,116546,0,1,0
33200,1,1,116546,116546,116547,0,1,0
33201,3,1,116549,116549,116550,0,1,2
33202,6,1,116555,116555,116556,0,1,5
33203,6,2,116561,116561,116563,0,2,5
33204,4,1,116565,116565,116566,0,1,2
33205,1,2,116566,116566,116568,0,2,0
33206,4,2,116570,116570,116572,0,2,2
33207,2,2,116572,116572,116574,0,2,0
33208,4,3,116576,116576,116579,0,3,2
33209,1,2,116577,116579,116581,2,4,0
33210,6,1,116583,116583,116584,0,1,2
33211,6,3,116589,116589,116592,0,3,5
33212,6,2,116595,116595,116597,0,2,3
33213,4,3,116599,116599,116602,0,3,2
33214,1,2,116600,116602,116604,2,4,0
33215,1,2,116601,116604,116606,3,5,0
33216,2,1,116603,116606,116607,3,4,0
33217,5,1,116608,116608,116609,0,1,1
33218,4,1,116612,116612,116613,0,1,3
33219,5,1,116617,116617,116618,0,1,4
33220,5,3,116622,116622,116625,0,3,4
33221,3,3,116625,116625,116628,0,3,0
33222,4,1,116629,116629,116630,0,1,1
33223,1,2,116630,116630,116632,0,2,0
33224,6,1,116636,116636,116637,0,1,4
33225,1,3,116637,116637,116640,0,3,0
33226,6,3,116643,116643,116646,0,3,3
33227,1,2,116644,116646,116648,2,4,0
33228,4,1,116648,116648,116649,0,1,0
33229,5,2,116653,116653,116655,0,2,4
33230,5,2,116658,116658,116660,0,2,3
33231,4,1,116662,116662,116663,0,1,2
33232,3,3,116665,116665,116668,0,3,2
33233,5,1,116670,116670,116671,0,1,2
33234,5,1,116675,116675,116676,0,1,4
33235,4,1,116679,116679,116680,0,1,3
33236,3,2,116682,116682,116684,0,2,2
33237,2,3,116684,116684,116687,0,3,0
33238,4,3,116688,116688,116691,0,3,1
33239,1,1,116689,116691,116692,2,3,0
33240,1,1,116690,116692,116693,2,3,0
33241,6,1,116696,116696,116697,0,1,3
33242,4,2,116700,116700,116702,0,2,3
33243,4,1,116704,116704,116705,0,1,2
33244,4,3,116708,116708,116711,0,3,3
33245,3,3,116711,116711,116714,0,3,0
33246,6,3,116717,116717,116720,0,3,3
33247,3,1,116720,116720,116721,0,1,0
33248,6,3,116726,116726,116729,0,3,5
33249,2,2,116728,116729,116731,1,3,0
33250,5,1,116733,116733,116734,0,1,2
33251,3,2,116736,116736,116738,0,2,2
33252,4,2,116740,116740,116742,0,2,2
33253,3,1,116743,116743,116744,0,1,1
33254,6,2,116749,116749,116751,0,2,5
33255,4,1,116753,116753,116754,0,1,2
33256,5,3,116758,116758,116761,0,3,4
33257,1,2,116759,116761,116763,2,4,0
33258,4,1,116763,116763,116764,0,1,0
33259,4,2,116767,116767,116769,0,2,3
33260,1,2,116768,116769,116771,1,3,0
33261,3,2,116771,116771,116773,0,2,0
33262,4,3,116775,116775,116778,0,3,2
33263,1,3,116776,116778,116781,2,5,0
33264,3,2,116779,116781,116783,2,4,0
33265,2,2,116781,116783,116785,2,4,0
33266,5,2,116786,116786,116788,0,2,1
33267,4,1,116790,116790,116791,0,1,2
33268,4,2,116794,116794,116796,0,2,3
33269,2,2,116796,116796,116798,0,2,0
33270,1,2,116797,116798,116800,1,3,0
33271,6,1,116803,116803,116804,0,1,3
33272,3,1,116806,116806,116807,0,1,2
33273,6,2,116812,116812,116814,0,2,5
33274,5,2,116817,116817,116819,0,2,3
33275,4,3,116821,116821,116824,0,3,2
33276,1,1,116822,116824,116825,2,3,0
33277,3,3,116825,116825,116828,0,3,0
33278,1,2,116826,116828,116830,2,4,0
33279,2,2,116828,116830,116832,2,4,0
33280,3,3,116831,116832,116835,1,4,0
33281,2,3,116833,116835,116838,2,5,0
33282,3,2,116836,116838,116840,2,4,0
33283,6,3,116842,116842,116845,0,3,2
33284,2,1,116844,116845,116846,1,2,0
33285,4,2,116848,116848,116850,0,2,2
33286,6,3,116854,116854,116857,0,3,4
33287,6,3,116860,116860,116863,0,3,3
33288,1,3,116861,116863,116866,2,5,0
33289,6,1,116867,116867,116868,0,1,1
33290,4,1,116871,116871,116872,0,1,3
33291,2,1,116873,116873,116874,0,1,1
33292,5,3,116878,116878,116881,0,3,4
33293,5,2,116883,116883,116885,0,2,2
33294,1,3,116884,116885,116888,1,4,0
33295,4,3,116888,116888,116891,0,3,0
33296,6,1,116894,116894,116895,0,1,3
33297,4,2,116898,116898,116900,0,2,3
33298,1,3,116899,116900,116903,1,4,0
33299,5,1,116904,116904,116905,0,1,1
33300,3,1,116907,116907,116908,0,1,2
33301,3,2,116910,116910,116912,0,2,2
33302,6,2,116916,116916,116918,0,2,4
33303,6,1,116922,116922,116923,0,1,4
33304,4,2,116926,116926,116928,0,2,3
33305,3,2,116929,116929,116931,0,2,1
33306,2,2,116931,116931,116933,0,2,0
33307,3,2,116934,116934,116936,0,2,1
33308,3,1,116937,116937,116938,0,1,1
33309,2,1,116939,116939,116940,0,1,1
33310,5,2,116944,116944,116946,0,2,4
33311,4,2,116948,116948,116950,0,2,2
33312,1,1,116949,116950,116951,1,2,0
33313,3,2,116952,116952,116954,0,2,1
33314,4,3,116956,116956,116959,0,3,2
33315,6,3,116962,116962,116965,0,3,3
33316,2,2,116964,116965,116967,1,3,0
33317,1,3,116965,116967,116970,2,5,0
33318,4,2,116969,116970,116972,1,3,0
33319,6,1,116975,116975,116976,0,1,3
33320,5,2,116980,116980,116982,0,2,4
33321,5,2,116985,116985,116987,0,2,3
33322,5,3,116990,116990,116993,0,3,3
33323,3,2,116993,116993,116995,0,2,0
33324,3,3,116996,116996,116999,0,3,1
33325,6,3,117002,117002,117005,0,3,3
33326,3,3,117005,117005,117008,0,3,0
33327,6,1,117011,117011,117012,0,1,3
33328,3,1,117014,117014,117015,0,1,2
33329,2,2,117016,117016,117018,0,2,1
33330,6,3,117022,117022,117025,0,3,4
33331,5,1,117027,117027,117028,0,1,2
33332,2,2,117029,117029,117031,0,2,1
33333,3,3,117032,117032,117035,0,3,1
33334,4,2,117036,117036,117038,0,2,1
33335,2,1,117038,117038,117039,0,1,0
33336,1,2,117039,117039,117041,0,2,0
33337,3,3,117042,117042,117045,0,3,1
33338,2,2,117044,117045,117047,1,3,0
33339,2,2,117046,117047,117049,1,3,0
33340,6,1,117052,117052,117053,0,1,3
33341,2,3,117054,117054,117057,0,3,1
33342,3,3,117057,117057,117060,0,3,0
33343,4,3,117061,117061,117064,0,3,1
33344,6,2,117067,117067,117069,0,2,3
33345,2,3,117069,117069,117072,0,3,0
33346,2,2,117071,117072,117074,1,3,0
33347,6,2,117077,117077,117079,0,2,3
33348,3,3,117080,117080,117083,0,3,1
33349,5,1,117085,117085,117086,0,1,2
33350,5,1,117090,117090,117091,0,1,4
33351,2,2,117092,117092,117094,0,2,1
33352,2,1,117094,117094,117095,0,1,0
33353,1,3,117095,117095,117098,0,3,0
33354,4,2,117099,117099,117101,0,2,1
33355,3,2,117102,117102,117104,0,2,1
33356,2,1,117104,117104,117105,0,1,0
33357,2,3,117106,117106,117109,0,3,1
33358,2,2,117108,117109,117111,1,3,0
33359,4,1,117112,117112,117113,0,1,1
33360,2,2,117114,117114,117116,0,2,1
33361,6,3,117120,117120,117123,0,3,4
33362,3,1,117123,117123,117124,0,1,0
33363,1,2,117124,117124,117126,0,2,0
33364,2,3,117126,117126,117129,0,3,0
33365,5,3,117131,117131,117134,0,3,2
33366,2,3,117133,117134,117137,1,4,0
33367,2,1,117135,117137,117138,2,3,0
33368,2,3,117137,117138,117141,1,4,0
33369,4,2,117141,117141,117143,0,2,0
33370,6,3,117147,117147,117150,0,3,4
33371,4,2,117151,117151,117153,0,2,1
33372,1,2,117152,117153,117155,1,3,0
33373,4,3,117156,117156,117159,0,3,1
33374,1,2,117157,117159,117161,2,4,0
33375,2,1,117159,117161,117162,2,3,0
33376,1,3,117160,117162,117165,2,5,0
33377,6,3,117166,117166,117169,0,3,1
33378,3,2,117169,117169,117171,0,2,0
33379,5,1,117174,117174,117175,0,1,3
33380,2,3,117176,117176,117179,0,3,1
33381,4,2,117180,117180,117182,0,2,1
33382,2,2,117182,117182,117184,0,2,0
33383,6,3,117188,117188,117191,0,3,4
33384,1,2,117189,117191,117193,2,4,0
33385,1,1,117190,117193,117194,3,4,0
33386,5,3,117195,117195,117198,0,3,1
33387,1,3,117196,117198,117201,2,5,0
33388,3,1,117199,117201,117202,2,3,0
33389,5,3,117204,117204,117207,0,3,2
33390,3,2,117207,117207,117209,0,2,0
33391,5,2,117212,117212,117214,0,2,3
33392,1,3,117213,117214,117217,1,4,0
33393,1,2,117214,117217,117219,3,5,0
33394,3,1,117217,117219,117220,2,3,0
33395,3,2,117220,117220,117222,0,2,0
33396,6,2,117226,117226,117228,0,2,4
33397,6,2,117232,117232,117234,0,2,4
33398,4,1,117236,117236,117237,0,1,2
33399,1,3,117237,117237,117240,0,3,0
33400,5,3,117242,117242,117245,0,3,2
33401,2,3,117244,117245,117248,1,4,0
33402,1,1,117245,117248,117249,3,4,0
33403,5,1,117250,117250,117251,0,1,1
33404,1,2,117251,117251,117253,0,2,0
33405,1,2,117252,117253,117255,1,3,0
33406,5,2,117257,117257,117259,0,2,2
33407,6,3,117263,117263,117266,0,3,4
33408,5,1,117268,117268,117269,0,1,2
33409,4,2,117272,117272,117274,0,2,3
33410,5,2,117277,117277,117279,0,2,3
33411,2,1,117279,117279,117280,0,1,0
33412,5,1,117284,117284,117285,0,1,4
33413,2,2,117286,117286,117288,0,2,1
33414,5,2,117291,117291,117293,0,2,3
33415,6,1,117297,117297,117298,0,1,4
33416,6,2,117303,117303,117305,0,2,5
33417,6,2,117309,117309,117311,0,2,4
33418,3,1,117312,117312,117313,0,1,1
33419,5,3,117317,117317,117320,0,3,4
33420,2,1,117319,117320,117321,1,2,0
33421,2,3,117321,117321,117324,0,3,0
33422,6,3,117327,117327,117330,0,3,3
33423,1,3,117328,117330,117333,2,5,0
33424,4,1,117332,117333,117334,1,2,0
33425,6,2,117338,117338,117340,0,2,4
33426,5,1,117343,117343,117344,0,1,3
33427,3,3,117346,117346,117349,0,3,2
33428,4,2,117350,117350,117352,0,2,1
33429,6,3,117356,117356,117359,0,3,4
33430,6,1,117362,117362,117363,0,1,3
33431,6,3,117368,117368,117371,0,3,5
33432,2,3,117370,117371,117374,1,4,0
33433,3,2,117373,117374,117376,1,3,0
33434,3,2,117376,117376,117378,0,2,0
33435,5,3,117381,117381,117384,0,3,3
33436,6,1,117387,117387,117388,0,1,3
33437,2,3,117389,117389,117392,0,3,1
33438,3,3,117392,117392,117395,0,3,0
33439,4,3,117396,117396,117399,0,3,1
33440,6,2,117402,117402,117404,0,2,3
33441,5,1,117407,117407,117408,0,1,3
33442,4,3,117411,117411,117414,0,3,3
33443,6,2,117417,117417,117419,0,2,3
33444,5,1,117422,117422,117423,0,1,3
33445,3,1,117425,117425,117426,0,1,2
33446,2,2,117427,117427,117429,0,2,1
33447,6,2,117433,117433,117435,0,2,4
33448,1,2,117434,117435,117437,1,3,0
33449,1,2,117435,117437,117439,2,4,0
33450,3,3,117438,117439,117442,1,4,0
33451,4,3,117442,117442,117445,0,3,0
33452,1,3,117443,117445,117448,2,5,0
33453,3,2,117446,117448,117450,2,4,0
33454,2,2,117448,117450,117452,2,4,0
33455,4,1,117452,117452,117453,0,1,0
33456,5,3,117457,117457,117460,0,3,4
33457,4,3,117461,117461,117464,0,3,1
33458,2,1,117463,117464,117465,1,2,0
33459,2,2,117465,117465,117467,0,2,0
33460,5,3,117470,117470,117473,0,3,3
33461,1,1,117471,117473,117474,2,3,0
33462,6,1,117477,117477,117478,0,1,3
33463,5,2,117482,117482,117484,0,2,4
33464,5,3,117487,117487,117490,0,3,3
33465,6,3,117493,117493,117496,0,3,3
33466,3,1,117496,117496,117497,0,1,0
33467,3,2,117499,117499,117501,0,2,2
33468,6,3,117505,117505,117508,0,3,4
33469,5,2,117510,117510,117512,0,2,2
33470,3,1,117513,117513,117514,0,1,1
33471,2,1,117515,117515,117516,0,1,1
33472,3,1,117518,117518,117519,0,1,2
33473,5,2,117523,117523,117525,0,2,4
33474,1,1,117524,117525,117526,1,2,0
33475,1,2,117525,117526,117528,1,3,0
33476,2,3,117527,117528,117531,1,4,0
33477,5,2,117532,117532,117534,0,2,1
33478,1,1,117533,117534,117535,1,2,0
33479,2,3,117535,117535,117538,0,3,0
33480,6,2,117541,117541,117543,0,2,3
33481,2,1,117543,117543,117544,0,1,0
33482,3,2,117546,117546,117548,0,2,2
33483,3,3,117549,117549,117552,0,3,1
33484,5,3,117554,117554,117557,0,3,2
33485,5,2,117559,117559,117561,0,2,2
33486,6,2,117565,117565,117567,0,2,4
33487,3,3,117568,117568,117571,0,3,1
33488,3,1,117571,117571,117572,0,1,0
33489,2,1,117573,117573,117574,0,1,1
33490,1,1,117574,117574,117575,0,1,0
33491,1,3,117575,117575,117578,0,3,0
33492,4,3,117579,117579,117582,0,3,1
33493,1,3,117580,117582,117585,2,5,0
33494,5,1,117585,117585,117586,0,1,0
33495,1,2,117586,117586,117588,0,2,0
33496,3,2,117589,117589,117591,0,2,1
33497,2,2,117591,117591,117593,0,2,0
33498,3,3,117594,117594,117597,0,3,1
33499,2,1,117596,117597,117598,1,2,0
33500,6,2,117602,117602,117604,0,2,4
33501,4,2,117606,117606,117608,0,2,2
33502,4,1,117610,117610,117611,0,1,2
33503,3,1,117613,117613,117614,0,1,2
33504,3,2,117616,117616,117618,0,2,2
33505,4,1,117620,117620,117621,0,1,2
33506,2,2,117622,117622,117624,0,2,1
33507,6,2,117628,117628,117630,0,2,4
33508,3,3,117631,117631,117634,0,3,1
33509,1,3,117632,117634,117637,2,5,0
33510,3,1,117635,117637,117638,2,3,0
33511,5,2,117640,117640,117642,0,2,2
33512,2,2,117642,117642,117644,0,2,0
33513,3,1,117645,117645,117646,0,1,1
33514,4,2,117649,117649,117651,0,2,3
33515,1,3,117650,117651,117654,1,4,0
33516,4,1,117654,117654,117655,0,1,0
33517,4,1,117658,117658,117659,0,1,3
33518,3,1,117661,117661,117662,0,1,2
33519,3,2,117664,117664,117666,0,2,2
33520,2,1,117666,117666,117667,0,1,0
33521,6,1,117672,117672,117673,0,1,5
33522,5,2,117677,117677,117679,0,2,4
33523,3,3,117680,117680,117683,0,3,1
33524,6,1,117686,117686,117687,0,1,3
33525,3,3,117689,117689,117692,0,3,2
33526,2,1,117691,117692,117693,1,2,0
33527,6,3,117697,117697,117700,0,3,4
33528,4,2,117701,117701,117703,0,2,1
33529,2,3,117703,117703,117706,0,3,0
33530,3,2,117706,117706,117708,0,2,0
33531,1,2,117707,117708,117710,1,3,0
33532,6,2,117713,117713,117715,0,2,3
33533,6,2,117719,117719,117721,0,2,4
33534,1,2,117720,117721,117723,1,3,0
33535,4,1,117724,117724,117725,0,1,1
33536,1,3,117725,117725,117728,0,3,0
33537,5,2,117730,117730,117732,0,2,2
33538,6,2,117736,117736,117738,0,2,4
33539,4,2,117740,117740,117742,0,2,2
33540,5,1,117745,117745,117746,0,1,3
33541,2,1,117747,117747,117748,0,1,1
33542,4,2,117751,117751,117753,0,2,3
33543,1,1,117752,117753,117754,1,2,0
33544,6,1,117758,117758,117759,0,1,4
33545,2,3,117760,117760,117763,0,3,1
33546,2,3,117762,117763,117766,1,4,0
33547,3,1,117765,117766,117767,1,2,0
33548,2,3,117767,117767,117770,0,3,0
33549,4,1,117771,117771,117772,0,1,1
33550,2,2,117773,117773,117775,0,2,1
33551,2,1,117775,117775,117776,0,1,0
33552,6,3,117781,117781,117784,0,3,5
33553,5,1,117786,117786,117787,0,1,2
33554,5,1,117791,117791,117792,0,1,4
33555,6,3,117797,117797,117800,0,3,5
33556,4,1,117801,117801,117802,0,1,1
33557,3,1,117804,117804,117805,0,1,2
33558,6,1,117810,117810,117811,0,1,5
33559,6,2,117816,117816,117818,0,2,5
33560,4,3,117820,117820,117823,0,3,2
33561,1,1,117821,117823,117824,2,3,0
33562,2,2,117823,117824,117826,1,3,0
33563,1,2,117824,117826,117828,2,4,0
33564,6,1,117830,117830,117831,0,1,2
33565,4,2,117834,117834,117836,0,2,3
33566,2,3,117836,117836,117839,0,3,0
33567,5,2,117841,117841,117843,0,2,2
33568,1,3,117842,117843,117846,1,4,0
33569,5,1,117847,117847,117848,0,1,1
33570,6,2,117853,117853,117855,0,2,5
33571,4,1,117857,117857,117858,0,1,2
33572,5,3,117862,117862,117865,0,3,4
33573,3,1,117865,117865,117866,0,1,0
33574,1,1,117866,117866,117867,0,1,0
33575,5,1,117871,117871,117872,0,1,4
33576,2,2,117873,117873,117875,0,2,1
33577,4,3,117877,117877,117880,0,3,2
33578,2,1,117879,117880,117881,1,2,0
33579,1,3,117880,117881,117884,1,4,0
33580,4,2,117884,117884,117886,0,2,0
33581,1,1,117885,117886,117887,1,2,0
33582,6,2,117891,117891,117893,0,2,4
33583,2,3,117893,117893,117896,0,3,0
33584,4,3,117897,117897,117900,0,3,1
33585,3,3,117900,117900,117903,0,3,0
33586,4,2,117904,117904,117906,0,2,1
33587,3,3,117907,117907,117910,0,3,1
33588,5,1,117912,117912,117913,0,1,2
33589,1,3,117913,117913,117916,0,3,0
33590,2,1,117915,117916,117917,1,2,0
33591,6,2,117921,117921,117923,0,2,4
33592,1,3,117922,117923,117926,1,4,0
33593,3,1,117925,117926,117927,1,2,0
33594,4,2,117929,117929,117931,0,2,2
33595,4,3,117933,117933,117936,0,3,2
33596,5,1,117938,117938,117939,0,1,2
33597,4,3,117942,117942,117945,0,3,3
33598,6,2,117948,117948,117950,0,2,3
33599,1,1,117949,117950,117951,1,2,0
33600,6,3,117955,117955,117958,0,3,4
33601,4,3,117959,117959,117962,0,3,1
33602,4,3,117963,117963,117966,0,3,1
33603,1,3,117964,117966,117969,2,5,0
33604,2,1,117966,117969,117970,3,4,0
33605,1,3,117967,117970,117973,3,6,0
33606,1,1,117968,117973,117974,5,6,0
33607,6,3,117974,117974,117977,0,3,0
33608,4,2,117978,117978,117980,0,2,1
33609,4,3,117982,117982,117985,0,3,2
33610,1,3,117983,117985,117988,2,5,0
33611,2,2,117985,117988,117990,3,5,0
33612,3,3,117988,117990,117993,2,5,0
33613,3,1,117991,117993,117994,2,3,0
33614,1,2,117992,117994,117996,2,4,0
33615,5,1,117997,117997,117998,0,1,1
33616,2,3,117999,117999,118002,0,3,1
33617,6,1,118005,118005,118006,0,1,3
33618,3,2,118008,118008,118010,0,2,2
33619,6,2,118014,118014,118016,0,2,4
33620,5,2,118019,118019,118021,0,2,3
33621,5,3,118024,118024,118027,0,3,3
33622,4,2,118028,118028,118030,0,2,1
33623,5,1,118033,118033,118034,0,1,3
33624,6,3,118039,118039,118042,0,3,5
33625,5,3,118044,118044,118047,0,3,2
33626,1,1,118045,118047,118048,2,3,0
33627,1,2,118046,118048,118050,2,4,0
33628,3,2,118049,118050,118052,1,3,0
33629,3,2,118052,118052,118054,0,2,0
33630,5,1,118057,118057,118058,0,1,3
33631,4,3,118061,118061,118064,0,3,3
33632,1,3,118062,118064,118067,2,5,0
33633,5,2,118067,118067,118069,0,2,0
33634,2,1,118069,118069,118070,0,1,0
33635,4,3,118073,118073,118076,0,3,3
33636,4,2,118077,118077,118079,0,2,1
33637,1,3,118078,118079,118082,1,4,0
33638,4,1,118082,118082,118083,0,1,0
33639,3,3,118085,118085,118088,0,3,2
33640,6,3,118091,118091,118094,0,3,3
33641,4,2,118095,118095,118097,0,2,1
33642,4,3,118099,118099,118102,0,3,2
33643,4,3,118103,118103,118106,0,3,1
33644,2,2,118105,118106,118108,1,3,0
33645,3,3,118108,118108,118111,0,3,0
33646,6,2,118114,118114,118116,0,2,3
33647,4,1,118118,118118,118119,0,1,2
33648,1,3,118119,118119,118122,0,3,0
33649,2,1,118121,118122,118123,1,2,0
33650,5,3,118126,118126,118129,0,3,3
33651,3,1,118129,118129,118130,0,1,0
33652,1,3,118130,118130,118133,0,3,0
33653,1,3,118131,118133,118136,2,5,0
33654,3,2,118134,118136,118138,2,4,0
33655,2,2,118136,118138,118140,2,4,0
33656,2,1,118138,118140,118141,2,3,0
33657,3,2,118141,118141,118143,0,2,0
33658,6,2,118147,118147,118149,0,2,4
33659,5,1,118152,118152,118153,0,1,3
33660,5,3,118157,118157,118160,0,3,4
33661,4,2,118161,118161,118163,0,2,1
33662,1,1,118162,118163,118164,1,2,0
33663,4,1,118166,118166,118167,0,1,2
33664,5,3,118171,118171,118174,0,3,4
33665,4,2,118175,118175,118177,0,2,1
33666,3,3,118178,118178,118181,0,3,1
33667,5,2,118183,118183,118185,0,2,2
33668,5,2,118188,118188,118190,0,2,3
33669,3,3,118191,118191,118194,0,3,1
33670,5,2,118196,118196,118198,0,2,2
33671,4,3,118200,118200,118203,0,3,2
33672,1,2,118201,118203,118205,2,4,0
33673,1,1,118202,118205,118206,3,4,0
33674,1,3,118203,118206,118209,3,6,0
33675,5,3,118208,118209,118212,1,4,0
33676,4,3,118212,118212,118215,0,3,0
33677,2,1,118214,118215,118216,1,2,0
33678,5,1,118219,118219,118220,0,1,3
33679,1,1,118220,118220,118221,0,1,0
33680,6,1,118226,118226,118227,0,1,5
33681,1,2,118227,118227,118229,0,2,0
33682,5,3,118232,118232,118235,0,3,3
33683,5,1,118237,118237,118238,0,1,2
33684,1,3,118238,118238,118241,0,3,0
33685,1,1,118239,118241,118242,2,3,0
33686,1,2,118240,118242,118244,2,4,0
33687,2,2,118242,118244,118246,2,4,0
33688,2,2,118244,118246,118248,2,4,0
33689,4,1,118248,118248,118249,0,1,0
33690,4,1,118252,118252,118253,0,1,3
33691,1,3,118253,118253,118256,0,3,0
33692,4,2,118257,118257,118259,0,2,1
33693,5,3,118262,118262,118265,0,3,3
33694,4,3,118266,118266,118269,0,3,1
33695,1,2,118267,118269,118271,2,4,0
33696,5,2,118272,118272,118274,0,2,1
33697,6,3,118278,118278,118281,0,3,4
33698,5,1,118283,118283,118284,0,1,2
33699,4,3,118287,118287,118290,0,3,3
33700,2,3,118289,118290,118293,1,4,0
33701,2,2,118291,118293,118295,2,4,0
33702,4,2,118295,118295,118297,0,2,0
33703,3,1,118298,118298,118299,0,1,1
33704,3,3,118301,118301,118304,0,3,2
33705,2,3,118303,118304,118307,1,4,0
33706,5,3,118308,118308,118311,0,3,1
33707,4,2,118312,118312,118314,0,2,1
33708,2,2,118314,118314,118316,0,2,0
33709,4,2,118318,118318,118320,0,2,2
33710,3,2,118321,118321,118323,0,2,1
33711,3,2,118324,118324,118326,0,2,1
33712,6,2,118330,118330,118332,0,2,4
33713,1,1,118331,118332,118333,1,2,0
33714,4,3,118335,118335,118338,0,3,2
33715,6,1,118341,118341,118342,0,1,3
33716,2,3,118343,118343,118346,0,3,1
33717,2,1,118345,118346,118347,1,2,0
33718,2,1,118347,118347,118348,0,1,0
33719,2,2,118349,118349,118351,0,2,1
33720,1,1,118350,118351,118352,1,2,0
33721,3,3,118353,118353,118356,0,3,1
33722,5,1,118358,118358,118359,0,1,2
33723,2,1,118360,118360,118361,0,1,1
33724,4,2,118364,118364,118366,0,2,3
33725,5,3,118369,118369,118372,0,3,3
33726,2,1,118371,118372,118373,1,2,0
33727,4,1,118375,118375,118376,0,1,2
33728,6,1,118381,118381,118382,0,1,5
33729,3,1,118384,118384,118385,0,1,2
33730,3,2,118387,118387,118389,0,2,2
33731,5,3,118392,118392,118395,0,3,3
33732,4,3,118396,118396,118399,0,3,1
33733,1,2,118397,118399,118401,2,4,0
33734,5,3,118402,118402,118405,0,3,1
33735,3,3,118405,118405,118408,0,3,0
33736,5,2,118410,118410,118412,0,2,2
33737,6,3,118416,118416,118419,0,3,4
33738,6,2,118422,118422,118424,0,2,3
33739,3,1,118425,118425,118426,0,1,1
33740,5,2,118430,118430,118432,0,2,4
33741,3,3,118433,118433,118436,0,3,1
33742,5,2,118438,118438,118440,0,2,2
33743,5,3,118443,118443,118446,0,3,3
33744,5,2,118448,118448,118450,0,2,2
33745,2,3,118450,118450,118453,0,3,0
33746,6,3,118456,118456,118459,0,3,3
33747,3,3,118459,118459,118462,0,3,0
33748,6,3,118465,118465,118468,0,3,3
33749,4,2,118469,118469,118471,0,2,1
33750,4,2,118473,118473,118475,0,2,2
33751,3,2,118476,118476,118478,0,2,1
33752,4,3,118480,118480,118483,0,3,2
33753,2,3,118482,118483,118486,1,4,0
33754,1,1,118483,118486,118487,3,4,0
33755,1,1,118484,118487,118488,3,4,0
33756,1,2,118485,118488,118490,3,5,0
33757,2,2,118487,118490,118492,3,5,0
33758,2,3,118489,118492,118495,3,6,0
33759,4,2,118493,118495,118497,2,4,0
33760,4,2,118497,118497,118499,0,2,0
33761,6,3,118503,118503,118506,0,3,4
33762,4,2,118507,118507,118509,0,2,1
33763,1,1,118508,118509,118510,1,2,0
33764,1,3,118509,118510,118513,1,4,0
33765,5,3,118514,118514,118517,0,3,1
33766,3,2,118517,118517,118519,0,2,0
33767,1,2,118518,118519,118521,1,3,0
33768,2,3,118520,118521,118524,1,4,0
33769,1,3,118521,118524,118527,3,6,0
33770,6,2,118527,118527,118529,0,2,0
33771,5,1,118532,118532,118533,0,1,3
33772,2,3,118534,118534,118537,0,3,1
33773,5,3,118539,118539,118542,0,3,2
33774,2,3,118541,118542,118545,1,4,0
33775,1,3,118542,118545,118548,3,6,0
33776,4,1,118546,118548,118549,2,3,0
33777,2,1,118548,118549,118550,1,2,0
33778,3,2,118551,118551,118553,0,2,1
33779,3,3,118554,118554,118557,0,3,1
33780,2,2,118556,118557,118559,1,3,0
33781,1,1,118557,118559,118560,2,3,0
33782,3,3,118560,118560,118563,0,3,0
33783,2,1,118562,118563,118564,1,2,0
33784,3,1,118565,118565,118566,0,1,1
33785,4,2,118569,118569,118571,0,2,3
33786,6,2,118575,118575,118577,0,2,4
33787,1,2,118576,118577,118579,1,3,0
33788,1,1,118577,118579,118580,2,3,0
33789,5,2,118582,118582,118584,0,2,2
33790,4,2,118586,118586,118588,0,2,2
33791,2,1,118588,118588,118589,0,1,0
33792,4,2,118592,118592,118594,0,2,3
33793,2,3,118594,118594,118597,0,3,0
33794,6,2,118600,118600,118602,0,2,3
33795,2,1,118602,118602,118603,0,1,0
33796,1,1,118603,118603,118604,0,1,0
33797,3,2,118606,118606,118608,0,2,2
33798,6,1,118612,118612,118613,0,1,4
33799,2,3,118614,118614,118617,0,3,1
33800,3,3,118617,118617,118620,0,3,0
33801,4,2,118621,118621,118623,0,2,1
33802,4,3,118625,118625,118628,0,3,2
33803,5,1,118630,118630,118631,0,1,2
33804,2,2,118632,118632,118634,0,2,1
33805,5,3,118637,118637,118640,0,3,3
33806,1,1,118638,118640,118641,2,3,0
33807,3,3,118641,118641,118644,0,3,0
33808,4,3,118645,118645,118648,0,3,1
33809,5,1,118650,118650,118651,0,1,2
33810,4,2,118654,118654,118656,0,2,3
33811,2,2,118656,118656,118658,0,2,0
33812,2,3,118658,118658,118661,0,3,0
33813,5,1,118663,118663,118664,0,1,2
33814,2,2,118665,118665,118667,0,2,1
33815,1,1,118666,118667,118668,1,2,0
33816,3,2,118669,118669,118671,0,2,1
33817,5,1,118674,118674,118675,0,1,3
33818,2,3,118676,118676,118679,0,3,1
33819,3,1,118679,118679,118680,0,1,0
33820,6,2,118685,118685,118687,0,2,5
33821,1,3,118686,118687,118690,1,4,0
33822,4,2,118690,118690,118692,0,2,0
33823,5,3,118695,118695,118698,0,3,3
33824,2,1,118697,118698,118699,1,2,0
33825,4,2,118701,118701,118703,0,2,2
33826,3,3,118704,118704,118707,0,3,1
33827,3,2,118707,118707,118709,0,2,0
33828,2,2,118709,118709,118711,0,2,0
33829,5,3,118714,118714,118717,0,3,3
33830,2,3,118716,118717,118720,1,4,0
33831,3,1,118719,118720,118721,1,2,0
33832,5,1,118724,118724,118725,0,1,3
33833,4,2,118728,118728,118730,0,2,3
33834,4,1,118732,118732,118733,0,1,2
33835,1,2,118733,118733,118735,0,2,0
33836,5,1,118738,118738,118739,0,1,3
33837,1,1,118739,118739,118740,0,1,0
33838,4,2,118743,118743,118745,0,2,3
33839,3,2,118746,118746,118748,0,2,1
33840,4,1,118750,118750,118751,0,1,2
33841,1,1,118751,118751,118752,0,1,0
33842,4,3,118755,118755,118758,0,3,3
33843,3,2,118758,118758,118760,0,2,0
33844,1,2,118759,118760,118762,1,3,0
33845,6,3,118765,118765,118768,0,3,3
33846,6,1,118771,118771,118772,0,1,3
33847,6,3,118777,118777,118780,0,3,5
33848,1,1,118778,118780,118781,2,3,0
33849,4,2,118782,118782,118784,0,2,1
33850,2,2,118784,118784,118786,0,2,0
33851,1,3,118785,118786,118789,1,4,0
33852,5,1,118790,118790,118791,0,1,1
33853,5,2,118795,118795,118797,0,2,4
33854,3,3,118798,118798,118801,0,3,1
33855,2,3,118800,118801,118804,1,4,0
33856,4,3,118804,118804,118807,0,3,0
33857,1,3,118805,118807,118810,2,5,0
33858,4,1,118809,118810,118811,1,2,0
33859,3,2,118812,118812,118814,0,2,1
33860,1,3,118813,118814,118817,1,4,0
33861,1,1,118814,118817,118818,3,4,0
33862,3,2,118817,118818,118820,1,3,0
33863,6,1,118823,118823,118824,0,1,3
33864,5,3,118828,118828,118831,0,3,4
33865,6,1,118834,118834,118835,0,1,3
33866,1,1,118835,118835,118836,0,1,0
33867,4,1,118839,118839,118840,0,1,3
33868,5,3,118844,118844,118847,0,3,4
33869,2,2,118846,118847,118849,1,3,0
33870,4,3,118850,118850,118853,0,3,1
33871,2,1,118852,118853,118854,1,2,0
33872,4,3,118856,118856,118859,0,3,2
33873,4,3,118860,118860,118863,0,3,1
33874,1,1,118861,118863,118864,2,3,0
33875,4,3,118865,118865,118868,0,3,1
33876,1,2,118866,118868,118870,2,4,0
33877,3,2,118869,118870,118872,1,3,0
33878,5,2,118874,118874,118876,0,2,2
33879,6,2,118880,118880,118882,0,2,4
33880,4,2,118884,118884,118886,0,2,2
33881,1,1,118885,118886,118887,1,2,0
33882,4,1,118889,118889,118890,0,1,2
33883,4,3,118893,118893,118896,0,3,3
33884,5,2,118898,118898,118900,0,2,2
33885,4,2,118902,118902,118904,0,2,2
33886,2,1,118904,118904,118905,0,1,0
33887,1,1,118905,118905,118906,0,1,0
33888,2,1,118907,118907,118908,0,1,1
33889,1,2,118908,118908,118910,0,2,0
33890,5,3,118913,118913,118916,0,3,3
33891,2,1,118915,118916,118917,1,2,0
33892,2,3,118917,118917,118920,0,3,0
33893,6,2,118923,118923,118925,0,2,3
33894,1,3,118924,118925,118928,1,4,0
33895,6,2,118930,118930,118932,0,2,2
33896,1,3,118931,118932,118935,1,4,0
33897,6,1,118937,118937,118938,0,1,2
33898,2,2,118939,118939,118941,0,2,1
33899,6,3,118945,118945,118948,0,3,4
33900,3,2,118948,118948,118950,0,2,0
33901,6,3,118954,118954,118957,0,3,4
33902,4,1,118958,118958,118959,0,1,1
33903,5,2,118963,118963,118965,0,2,4
33904,1,1,118964,118965,118966,1,2,0
33905,3,2,118967,118967,118969,0,2,1
33906,4,1,118971,118971,118972,0,1,2
33907,6,2,118977,118977,118979,0,2,5
33908,5,3,118982,118982,118985,0,3,3
33909,2,2,118984,118985,118987,1,3,0
33910,2,2,118986,118987,118989,1,3,0
33911,2,3,118988,118989,118992,1,4,0
33912,3,3,118991,118992,118995,1,4,0
33913,5,3,118996,118996,118999,0,3,1
33914,1,3,118997,118999,119002,2,5,0
33915,6,1,119003,119003,119004,0,1,1
33916,1,3,119004,119004,119007,0,3,0
33917,3,3,119007,119007,119010,0,3,0
33918,2,3,119009,119010,119013,1,4,0
33919,6,1,119015,119015,119016,0,1,2
33920,2,1,119017,119017,119018,0,1,1
33921,1,3,119018,119018,119021,0,3,0
33922,6,2,119024,119024,119026,0,2,3
33923,2,3,119026,119026,119029,0,3,0
33924,1,2,119027,119029,119031,2,4,0
33925,5,2,119032,119032,119034,0,2,1
33926,4,1,119036,119036,119037,0,1,2
33927,6,2,119042,119042,119044,0,2,5
33928,6,3,119048,119048,119051,0,3,4
33929,4,3,119052,119052,119055,0,3,1
33930,5,3,119057,119057,119060,0,3,2
33931,1,3,119058,119060,119063,2,5,0
33932,2,3,119060,119063,119066,3,6,0
33933,4,2,119064,119066,119068,2,4,0
33934,1,1,119065,119068,119069,3,4,0
33935,2,1,119067,119069,119070,2,3,0
33936,2,3,119069,119070,119073,1,4,0
33937,3,1,119072,119073,119074,1,2,0
33938,4,1,119076,119076,119077,0,1,2
33939,4,3,119080,119080,119083,0,3,3
33940,5,2,119085,119085,119087,0,2,2
33941,1,3,119086,119087,119090,1,4,0
33942,5,1,119091,119091,119092,0,1,1
33943,4,1,119095,119095,119096,0,1,3
33944,3,3,119098,119098,119101,0,3,2
33945,2,2,119100,119101,119103,1,3,0
33946,2,2,119102,119103,119105,1,3,0
33947,4,2,119106,119106,119108,0,2,1
33948,1,3,119107,119108,119111,1,4,0
33949,2,3,119109,119111,119114,2,5,0
33950,3,1,119112,119114,119115,2,3,0
33951,2,1,119114,119115,119116,1,2,0
33952,3,3,119117,119117,119120,0,3,1
33953,2,3,119119,119120,119123,1,4,0
33954,4,1,119123,119123,119124,0,1,0
33955,6,2,119129,119129,119131,0,2,5
33956,6,1,119135,119135,119136,0,1,4
33957,5,2,119140,119140,119142,0,2,4
33958,5,3,119145,119145,119148,0,3,3
33959,1,2,119146,119148,119150,2,4,0
33960,1,1,119147,119150,119151,3,4,0
33961,2,3,119149,119151,119154,2,5,0
33962,1,3,119150,119154,119157,4,7,0
33963,5,2,119155,119157,119159,2,4,0
33964,3,2,119158,119159,119161,1,3,0
33965,1,3,119159,119161,119164,2,5,0
33966,5,1,119164,119164,119165,0,1,0
33967,6,1,119170,119170,119171,0,1,5
33968,4,1,119174,119174,119175,0,1,3
33969,6,3,119180,119180,119183,0,3,5
33970,2,3,119182,119183,119186,1,4,0
33971,4,2,119186,119186,119188,0,2,0
33972,2,3,119188,119188,119191,0,3,0
33973,6,1,119194,119194,119195,0,1,3
33974,6,1,119200,119200,119201,0,1,5
33975,5,2,119205,119205,119207,0,2,4
33976,5,2,119210,119210,119212,0,2,3
33977,1,2,119211,119212,119214,1,3,0
33978,5,2,119216,119216,119218,0,2,2
33979,1,3,119217,119218,119221,1,4,0
33980,1,2,119218,119221,119223,3,5,0
33981,5,2,119223,119223,119225,0,2,0
33982,1,2,119224,119225,119227,1,3,0
33983,3,2,119227,119227,119229,0,2,0
33984,3,3,119230,119230,119233,0,3,1
33985,4,2,119234,119234,119236,0,2,1
33986,6,2,119240,119240,119242,0,2,4
33987,2,1,119242,119242,119243,0,1,0
33988,6,2,119248,119248,119250,0,2,5
33989,6,3,119254,119254,119257,0,3,4
33990,3,3,119257,119257,119260,0,3,0
33991,6,1,119263,119263,119264,0,1,3
33992,3,2,119266,119266,119268,0,2,2
33993,3,3,119269,119269,119272,0,3,1
33994,6,3,119275,119275,119278,0,3,3
33995,5,3,119280,119280,119283,0,3,2
33996,1,3,119281,119283,119286,2,5,0
33997,3,3,119284,119286,119289,2,5,0
33998,2,3,119286,119289,119292,3,6,0
33999,3,1,119289,119292,119293,3,4,0
34000,3,2,119292,119293,119295,1,3,0
34001,4,1,119296,119296,119297,0,1,1
34002,1,3,119297,119297,119300,0,3,0
34003,2,1,119299,119300,119301,1,2,0
34004,1,1,119300,119301,119302,1,2,0
34005,1,3,119301,119302,119305,1,4,0
34006,2,3,119303,119305,119308,2,5,0
34007,2,3,119305,119308,119311,3,6,0
34008,3,1,119308,119311,119312,3,4,0
34009,5,3,119313,119313,119316,0,3,1
34010,4,1,119317,119317,119318,0,1,1
34011,6,1,119323,119323,119324,0,1,5
34012,3,1,119326,119326,119327,0,1,2
34013,5,1,119331,119331,119332,0,1,4
34014,5,1,119336,119336,119337,0,1,4
34015,3,2,119339,119339,119341,0,2,2
34016,5,2,119344,119344,119346,0,2,3
34017,6,2,119350,119350,119352,0,2,4
34018,1,3,119351,119352,119355,1,4,0
34019,1,1,119352,119355,119356,3,4,0
34020,2,3,119354,119356,119359,2,5,0
34021,2,2,119356,119359,119361,3,5,0
34022,5,1,119361,119361,119362,0,1,0
34023,1,3,119362,119362,119365,0,3,0
34024,6,2,119368,119368,119370,0,2,3
34025,4,2,119372,119372,119374,0,2,2
34026,3,2,119375,119375,119377,0,2,1
34027,3,3,119378,119378,119381,0,3,1
34028,6,2,119384,119384,119386,0,2,3
34029,1,1,119385,119386,119387,1,2,0
34030,4,2,119389,119389,119391,0,2,2
34031,6,3,119395,119395,119398,0,3,4
34032,5,2,119400,119400,119402,0,2,2
34033,5,2,119405,119405,119407,0,2,3
34034,5,2,119410,119410,119412,0,2,3
34035,1,2,119411,119412,119414,1,3,0
34036,6,2,119417,119417,119419,0,2,3
34037,4,3,119421,119421,119424,0,3,2
34038,5,1,119426,119426,119427,0,1,2
34039,4,2,119430,119430,119432,0,2,3
34040,6,1,119436,119436,119437,0,1,4
34041,3,3,119439,119439,119442,0,3,2
34042,5,3,119444,119444,119447,0,3,2
34043,6,3,119450,119450,119453,0,3,3
34044,3,1,119453,119453,119454,0,1,0
34045,2,1,119455,119455,119456,0,1,1
34046,6,2,119461,119461,119463,0,2,5
34047,1,1,119462,119463,119464,1,2,0
34048,5,1,119467,119467,119468,0,1,3
34049,6,3,119473,119473,119476,0,3,5
34050,4,1,119477,119477,119478,0,1,1
34051,3,1,119480,119480,119481,0,1,2
34052,5,1,119485,119485,119486,0,1,4
34053,3,1,119488,119488,119489,0,1,2
34054,2,3,119490,119490,119493,0,3,1
34055,1,2,119491,119493,119495,2,4,0
34056,3,1,119494,119495,119496,1,2,0
34057,1,1,119495,119496,119497,1,2,0
34058,5,3,119500,119500,119503,0,3,3
34059,1,2,119501,119503,119505,2,4,0
34060,1,2,119502,119505,119507,3,5,0
34061,6,3,119508,119508,119511,0,3,1
34062,1,1,119509,119511,119512,2,3,0
34063,5,3,119514,119514,119517,0,3,2
34064,2,2,119516,119517,119519,1,3,0
34065,3,3,119519,119519,119522,0,3,0
34066,6,3,119525,119525,119528,0,3,3
34067,2,3,119527,119528,119531,1,4,0
34068,1,2,119528,119531,119533,3,5,0
34069,2,1,119530,119533,119534,3,4,0
34070,6,2,119536,119536,119538,0,2,2
34071,6,3,119542,119542,119545,0,3,4
34072,3,1,119545,119545,119546,0,1,0
34073,2,3,119547,119547,119550,0,3,1
34074,3,3,119550,119550,119553,0,3,0
34075,4,1,119554,119554,119555,0,1,1
34076,3,2,119557,119557,119559,0,2,2
34077,6,2,119563,119563,119565,0,2,4
34078,6,3,119569,119569,119572,0,3,4
34079,2,3,119571,119572,119575,1,4,0
34080,2,3,119573,119575,119578,2,5,0
34081,3,2,119576,119578,119580,2,4,0
34082,6,2,119582,119582,119584,0,2,2
34083,2,3,119584,119584,119587,0,3,0
34084,1,3,119585,119587,119590,2,5,0
34085,6,1,119591,119591,119592,0,1,1
34086,1,2,119592,119592,119594,0,2,0
34087,4,2,119596,119596,119598,0,2,2
34088,3,2,119599,119599,119601,0,2,1
34089,3,1,119602,119602,119603,0,1,1
34090,1,1,119603,119603,119604,0,1,0
34091,2,1,119605,119605,119606,0,1,1
34092,5,2,119610,119610,119612,0,2,4
34093,4,2,119614,119614,119616,0,2,2
34094,2,2,119616,119616,119618,0,2,0
34095,2,2,119618,119618,119620,0,2,0
34096,6,3,119624,119624,119627,0,3,4
34097,6,3,119630,119630,119633,0,3,3
34098,2,1,119632,119633,119634,1,2,0
34099,5,3,119637,119637,119640,0,3,3
34100,4,1,119641,119641,119642,0,1,1
34101,5,1,119646,119646,119647,0,1,4
34102,6,3,119652,119652,119655,0,3,5
34103,2,1,119654,119655,119656,1,2,0
34104,6,1,119660,119660,119661,0,1,4
34105,2,1,119662,119662,119663,0,1,1
34106,3,2,119665,119665,119667,0,2,2
34107,6,2,119671,119671,119673,0,2,4
34108,1,3,119672,119673,119676,1,4,0
34109,4,2,119676,119676,119678,0,2,0
34110,6,2,119682,119682,119684,0,2,4
34111,3,2,119685,119685,119687,0,2,1
34112,5,1,119690,119690,119691,0,1,3
34113,1,2,119691,119691,119693,0,2,0
34114,5,1,119696,119696,119697,0,1,3
34115,4,2,119700,119700,119702,0,2,3
34116,1,2,119701,119702,119704,1,3,0
34117,1,2,119702,119704,119706,2,4,0
34118,1,2,119703,119706,119708,3,5,0
34119,5,3,119708,119708,119711,0,3,0
34120,2,2,119710,119711,119713,1,3,0
34121,4,3,119714,119714,119717,0,3,1
34122,2,2,119716,119717,119719,1,3,0
34123,4,1,119720,119720,119721,0,1,1
34124,5,1,119725,119725,119726,0,1,4
34125,1,3,119726,119726,119729,0,3,0
34126,1,2,119727,119729,119731,2,4,0
34127,5,3,119732,119732,119735,0,3,1
34128,4,2,119736,119736,119738,0,2,1
34129,2,3,119738,119738,119741,0,3,0
34130,1,1,119739,119741,119742,2,3,0
34131,3,2,119742,119742,119744,0,2,0
34132,5,3,119747,119747,119750,0,3,3
34133,4,1,119751,119751,119752,0,1,1
34134,4,2,119755,119755,119757,0,2,3
34135,1,1,119756,119757,119758,1,2,0
34136,3,3,119759,119759,119762,0,3,1
34137,5,1,119764,119764,119765,0,1,2
34138,5,3,119769,119769,119772,0,3,4
34139,5,1,119774,119774,119775,0,1,2
34140,2,1,119776,119776,119777,0,1,1
34141,4,2,119780,119780,119782,0,2,3
34142,2,1,119782,119782,119783,0,1,0
34143,2,3,119784,119784,119787,0,3,1
34144,2,3,119786,119787,119790,1,4,0
34145,5,2,119791,119791,119793,0,2,1
34146,5,3,119796,119796,119799,0,3,3
34147,4,1,119800,119800,119801,0,1,1
34148,5,1,119805,119805,119806,0,1,4
34149,2,2,119807,119807,119809,0,2,1
34150,4,3,119811,119811,119814,0,3,2
34151,2,1,119813,119814,119815,1,2,0
34152,6,3,119819,119819,119822,0,3,4
34153,5,3,119824,119824,119827,0,3,2
34154,2,2,119826,119827,119829,1,3,0
34155,3,2,119829,119829,119831,0,2,0
34156,3,3,119832,119832,119835,0,3,1
34157,4,3,119836,119836,119839,0,3,1
34158,6,3,119842,119842,119845,0,3,3
34159,1,1,119843,119845,119846,2,3,0
34160,3,2,119846,119846,119848,0,2,0
34161,6,1,119852,119852,119853,0,1,4
34162,2,1,119854,119854,119855,0,1,1
34163,6,3,119860,119860,119863,0,3,5
34164,4,2,119864,119864,119866,0,2,1
34165,6,1,119870,119870,119871,0,1,4
34166,3,2,119873,119873,119875,0,2,2
34167,2,1,119875,119875,119876,0,1,0
34168,2,3,119877,119877,119880,0,3,1
34169,3,3,119880,119880,119883,0,3,0
34170,6,2,119886,119886,119888,0,2,3
34171,1,3,119887,119888,119891,1,4,0
34172,1,3,119888,119891,119894,3,6,0
34173,4,3,119892,119894,119897,2,5,0
34174,6,3,119898,119898,119901,0,3,1
34175,1,3,119899,119901,119904,2,5,0
34176,2,3,119901,119904,119907,3,6,0
34177,6,3,119907,119907,119910,0,3,0
34178,5,2,119912,119912,119914,0,2,2
34179,1,3,119913,119914,119917,1,4,0
34180,2,1,119915,119917,119918,2,3,0
34181,5,1,119920,119920,119921,0,1,2
34182,5,3,119925,119925,119928,0,3,4
34183,6,3,119931,119931,119934,0,3,3
34184,5,2,119936,119936,119938,0,2,2
34185,4,2,119940,119940,119942,0,2,2
34186,1,3,119941,119942,119945,1,4,0
34187,6,2,119947,119947,119949,0,2,2
34188,1,2,119948,119949,119951,1,3,0
34189,1,3,119949,119951,119954,2,5,0
34190,2,1,119951,119954,119955,3,4,0
34191,1,2,119952,119955,119957,3,5,0
34192,4,2,119956,119957,119959,1,3,0
34193,3,3,119959,119959,119962,0,3,0
34194,3,1,119962,119962,119963,0,1,0
34195,2,1,119964,119964,119965,0,1,1
34196,1,2,119965,119965,119967,0,2,0
34197,4,3,119969,119969,119972,0,3,2
34198,5,1,119974,119974,119975,0,1,2
34199,3,3,119977,119977,119980,0,3,2
34200,5,2,119982,119982,119984,0,2,2
34201,6,3,119988,119988,119991,0,3,4
34202,6,2,119994,119994,119996,0,2,3
34203,4,3,119998,119998,120001,0,3,2
34204,4,2,120002,120002,120004,0,2,1
34205,1,3,120003,120004,120007,1,4,0
34206,2,2,120005,120007,120009,2,4,0
34207,3,3,120008,120009,120012,1,4,0
34208,5,1,120013,120013,120014,0,1,1
34209,4,1,120017,120017,120018,0,1,3
34210,4,3,120021,120021,120024,0,3,3
34211,1,1,120022,120024,120025,2,3,0
34212,3,2,120025,120025,120027,0,2,0
34213,4,2,120029,120029,120031,0,2,2
34214,6,2,120035,120035,120037,0,2,4
34215,1,2,120036,120037,120039,1,3,0
34216,5,2,120041,120041,120043,0,2,2
34217,1,3,120042,120043,120046,1,4,0
34218,5,2,120047,120047,120049,0,2,1
34219,6,3,120053,120053,120056,0,3,4
34220,5,1,120058,120058,120059,0,1,2
34221,1,1,120059,120059,120060,0,1,0
34222,6,1,120065,120065,120066,0,1,5
34223,6,3,120071,120071,120074,0,3,5
34224,6,1,120077,120077,120078,0,1,3
34225,4,1,120081,120081,120082,0,1,3
34226,2,3,120083,120083,120086,0,3,1
34227,3,3,120086,120086,120089,0,3,0
34228,6,2,120092,120092,120094,0,2,3
34229,5,1,120097,120097,120098,0,1,3
34230,4,3,120101,120101,120104,0,3,3
34231,4,1,120105,120105,120106,0,1,1
34232,6,1,120111,120111,120112,0,1,5
34233,3,2,120114,120114,120116,0,2,2
34234,2,3,120116,120116,120119,0,3,0
34235,5,3,120121,120121,120124,0,3,2
34236,4,3,120125,120125,120128,0,3,1
34237,6,1,120131,120131,120132,0,1,3
34238,4,2,120135,120135,120137,0,2,3
34239,6,1,120141,120141,120142,0,1,4
34240,2,3,120143,120143,120146,0,3,1
34241,5,1,120148,120148,120149,0,1,2
34242,4,3,120152,120152,120155,0,3,3
34243,1,1,120153,120155,120156,2,3,0
34244,2,1,120155,120156,120157,1,2,0
34245,2,1,120157,120157,120158,0,1,0
34246,5,2,120162,120162,120164,0,2,4
34247,1,3,120163,120164,120167,1,4,0
34248,1,2,120164,120167,120169,3,5,0
34249,3,1,120167,120169,120170,2,3,0
34250,2,2,120169,120170,120172,1,3,0
34251,4,3,120173,120173,120176,0,3,1
34252,3,1,120176,120176,120177,0,1,0
34253,6,1,120182,120182,120183,0,1,5
34254,1,3,120183,120183,120186,0,3,0
34255,1,3,120184,120186,120189,2,5,0
34256,5,2,120189,120189,120191,0,2,0
34257,3,1,120192,120192,120193,0,1,1
34258,1,1,120193,120193,120194,0,1,0
34259,5,2,120198,120198,120200,0,2,4
34260,4,1,120202,120202,120203,0,1,2
34261,6,2,120208,120208,120210,0,2,5
34262,2,2,120210,120210,120212,0,2,0
34263,2,2,120212,120212,120214,0,2,0
34264,2,3,120214,120214,120217,0,3,0
34265,1,1,120215,120217,120218,2,3,0
34266,2,2,120217,120218,120220,1,3,0
34267,5,1,120222,120222,120223,0,1,2
34268,3,3,120225,120225,120228,0,3,2
34269,4,2,120229,120229,120231,0,2,1
34270,2,1,120231,120231,120232,0,1,0
34271,2,1,120233,120233,120234,0,1,1
34272,5,1,120238,120238,120239,0,1,4
34273,5,3,120243,120243,120246,0,3,4
34274,1,1,120244,120246,120247,2,3,0
34275,5,1,120249,120249,120250,0,1,2
34276,2,2,120251,120251,120253,0,2,1
34277,3,3,120254,120254,120257,0,3,1
34278,1,1,120255,120257,120258,2,3,0
34279,1,2,120256,120258,120260,2,4,0
34280,1,3,120257,120260,120263,3,6,0
34281,1,3,120258,120263,120266,5,8,0
34282,5,2,120263,120266,120268,3,5,0
34283,5,3,120268,120268,120271,0,3,0
34284,4,3,120272,120272,120275,0,3,1
34285,1,3,120273,120275,120278,2,5,0
34286,3,3,120276,120278,120281,2,5,0
34287,2,2,120278,120281,120283,3,5,0
34288,1,3,120279,120283,120286,4,7,0
34289,6,1,120285,120286,120287,1,2,0
34290,1,1,120286,120287,120288,1,2,0
34291,3,1,120289,120289,120290,0,1,1
34292,5,3,120294,120294,120297,0,3,4
34293,3,2,120297,120297,120299,0,2,0
34294,6,1,120303,120303,120304,0,1,4
34295,5,1,120308,120308,120309,0,1,4
34296,2,3,120310,120310,120313,0,3,1
34297,1,2,120311,120313,120315,2,4,0
34298,2,2,120313,120315,120317,2,4,0
34299,3,1,120316,120317,120318,1,2,0
34300,3,3,120319,120319,120322,0,3,1
34301,6,2,120325,120325,120327,0,2,3
34302,4,1,120329,120329,120330,0,1,2
34303,3,2,120332,120332,120334,0,2,2
34304,1,1,120333,120334,120335,1,2,0
34305,3,2,120336,120336,120338,0,2,1
34306,4,2,120340,120340,120342,0,2,2
34307,5,3,120345,120345,120348,0,3,3
34308,2,2,120347,120348,120350,1,3,0
34309,3,3,120350,120350,120353,0,3,0
34310,5,3,120355,120355,120358,0,3,2
34311,3,1,120358,120358,120359,0,1,0
34312,2,1,120360,120360,120361,0,1,1
34313,3,1,120363,120363,120364,0,1,2
34314,1,1,120364,120364,120365,0,1,0
34315,1,1,120365,120365,120366,0,1,0
34316,3,3,120368,120368,120371,0,3,2
34317,5,2,120373,120373,120375,0,2,2
34318,3,1,120376,120376,120377,0,1,1
34319,3,1,120379,120379,120380,0,1,2
34320,3,2,120382,120382,120384,0,2,2
34321,6,2,120388,120388,120390,0,2,4
34322,2,2,120390,120390,120392,0,2,0
34323,4,1,120394,120394,120395,0,1,2
34324,1,1,120395,120395,120396,0,1,0
34325,4,2,120399,120399,120401,0,2,3
34326,2,1,120401,120401,120402,0,1,0
34327,2,1,120403,120403,120404,0,1,1
34328,5,2,120408,120408,120410,0,2,4
34329,6,1,120414,120414,120415,0,1,4
34330,4,3,120418,120418,120421,0,3,3
34331,2,3,120420,120421,120424,1,4,0
34332,6,3,120426,120426,120429,0,3,2
34333,4,2,120430,120430,120432,0,2,1
34334,3,2,120433,120433,120435,0,2,1
34335,2,1,120435,120435,120436,0,1,0
34336,2,1,120437,120437,120438,0,1,1
34337,5,1,120442,120442,120443,0,1,4
34338,1,2,120443,120443,120445,0,2,0
34339,4,3,120447,120447,120450,0,3,2
34340,2,2,120449,120450,120452,1,3,0
34341,2,2,120451,120452,120454,1,3,0
34342,4,1,120455,120455,120456,0,1,1
34343,2,2,120457,120457,120459,0,2,1
34344,6,2,120463,120463,120465,0,2,4
34345,4,3,120467,120467,120470,0,3,2
34346,2,2,120469,120470,120472,1,3,0
34347,3,2,120472,120472,120474,0,2,0
34348,6,1,120478,120478,120479,0,1,4
34349,2,3,120480,120480,120483,0,3,1
34350,2,3,120482,120483,120486,1,4,0
34351,3,3,120485,120486,120489,1,4,0
34352,2,1,120487,120489,120490,2,3,0
34353,1,2,120488,120490,120492,2,4,0
34354,3,3,120491,120492,120495,1,4,0
34355,6,1,120497,120497,120498,0,1,2
34356,2,2,120499,120499,120501,0,2,1
34357,4,1,120503,120503,120504,0,1,2
34358,4,1,120507,120507,120508,0,1,3
34359,6,3,120513,120513,120516,0,3,5
34360,6,3,120519,120519,120522,0,3,3
34361,4,3,120523,120523,120526,0,3,1
34362,3,3,120526,120526,120529,0,3,0
34363,1,2,120527,120529,120531,2,4,0
34364,1,1,120528,120531,120532,3,4,0
34365,3,1,120531,120532,120533,1,2,0
34366,4,2,120535,120535,120537,0,2,2
34367,6,2,120541,120541,120543,0,2,4
34368,2,2,120543,120543,120545,0,2,0
34369,3,2,120546,120546,120548,0,2,1
34370,2,2,120548,120548,120550,0,2,0
34371,3,3,120551,120551,120554,0,3,1
34372,4,1,120555,120555,120556,0,1,1
34373,6,2,120561,120561,120563,0,2,5
34374,5,3,120566,120566,120569,0,3,3
34375,3,2,120569,120569,120571,0,2,0
34376,5,3,120574,120574,120577,0,3,3
34377,2,1,120576,120577,120578,1,2,0
34378,4,3,120580,120580,120583,0,3,2
34379,6,3,120586,120586,120589,0,3,3
34380,5,3,120591,120591,120594,0,3,2
34381,4,2,120595,120595,120597,0,2,1
34382,4,2,120599,120599,120601,0,2,2
34383,6,3,120605,120605,120608,0,3,4
34384,1,3,120606,120608,120611,2,5,0
34385,5,2,120611,120611,120613,0,2,0
34386,1,2,120612,120613,120615,1,3,0
34387,3,2,120615,120615,120617,0,2,0
34388,5,3,120620,120620,120623,0,3,3
34389,4,2,120624,120624,120626,0,2,1
34390,5,1,120629,120629,120630,0,1,3
34391,3,1,120632,120632,120633,0,1,2
34392,2,1,120634,120634,120635,0,1,1
34393,1,3,120635,120635,120638,0,3,0
34394,2,2,120637,120638,120640,1,3,0
34395,6,2,120643,120643,120645,0,2,3
34396,3,2,120646,120646,120648,0,2,1
34397,2,3,120648,120648,120651,0,3,0
34398,6,1,120654,120654,120655,0,1,3
34399,3,3,120657,120657,120660,0,3,2
34400,3,1,120660,120660,120661,0,1,0
34401,2,3,120662,120662,120665,0,3,1
34402,4,3,120666,120666,120669,0,3,1
34403,6,3,120672,120672,120675,0,3,3
34404,1,3,120673,120675,120678,2,5,0
34405,3,1,120676,120678,120679,2,3,0
34406,1,1,120677,120679,120680,2,3,0
34407,5,3,120682,120682,120685,0,3,2
34408,4,1,120686,120686,120687,0,1,1
34409,4,3,120690,120690,120693,0,3,3
34410,6,1,120696,120696,120697,0,1,3
34411,1,2,120697,120697,120699,0,2,0
34412,2,3,120699,120699,120702,0,3,0
34413,1,1,120700,120702,120703,2,3,0
34414,5,3,120705,120705,120708,0,3,2
34415,1,1,120706,120708,120709,2,3,0
34416,4,3,120710,120710,120713,0,3,1
34417,2,1,120712,120713,120714,1,2,0
34418,6,1,120718,120718,120719,0,1,4
34419,1,1,120719,120719,120720,0,1,0
34420,3,2,120722,120722,120724,0,2,2
34421,3,2,120725,120725,120727,0,2,1
34422,4,3,120729,120729,120732,0,3,2
34423,3,2,120732,120732,120734,0,2,0
34424,2,2,120734,120734,120736,0,2,0
34425,5,3,120739,120739,120742,0,3,3
34426,3,2,120742,120742,120744,0,2,0
34427,2,3,120744,120744,120747,0,3,0
34428,1,2,120745,120747,120749,2,4,0
34429,6,1,120751,120751,120752,0,1,2
34430,4,2,120755,120755,120757,0,2,3
34431,4,2,120759,120759,120761,0,2,2
34432,1,1,120760,120761,120762,1,2,0
34433,5,2,120765,120765,120767,0,2,3
34434,1,3,120766,120767,120770,1,4,0
34435,5,1,120771,120771,120772,0,1,1
34436,2,3,120773,120773,120776,0,3,1
34437,6,1,120779,120779,120780,0,1,3
34438,2,1,120781,120781,120782,0,1,1
34439,6,1,120787,120787,120788,0,1,5
34440,4,1,120791,120791,120792,0,1,3
34441,4,2,120795,120795,120797,0,2,3
34442,2,1,120797,120797,120798,0,1,0
34443,6,1,120803,120803,120804,0,1,5
34444,4,2,120807,120807,120809,0,2,3
34445,5,3,120812,120812,120815,0,3,3
34446,6,3,120818,120818,120821,0,3,3
34447,1,1,120819,120821,120822,2,3,0
34448,6,2,120825,120825,120827,0,2,3
34449,2,1,120827,120827,120828,0,1,0
34450,1,2,120828,120828,120830,0,2,0
34451,2,2,120830,120830,120832,0,2,0
34452,1,2,120831,120832,120834,1,3,0
34453,5,2,120836,120836,120838,0,2,2
34454,3,2,120839,120839,120841,0,2,1
34455,4,2,120843,120843,120845,0,2,2
34456,2,3,120845,120845,120848,0,3,0
34457,6,1,120851,120851,120852,0,1,3
34458,1,3,120852,120852,120855,0,3,0
34459,4,2,120856,120856,120858,0,2,1
34460,3,3,120859,120859,120862,0,3,1
34461,5,3,120864,120864,120867,0,3,2
34462,5,3,120869,120869,120872,0,3,2
34463,1,2,120870,120872,120874,2,4,0
34464,2,2,120872,120874,120876,2,4,0
34465,1,2,120873,120876,120878,3,5,0
34466,3,2,120876,120878,120880,2,4,0
34467,4,3,120880,120880,120883,0,3,0
34468,3,3,120883,120883,120886,0,3,0
34469,5,2,120888,120888,120890,0,2,2
34470,5,3,120893,120893,120896,0,3,3
34471,3,2,120896,120896,120898,0,2,0
34472,1,1,120897,120898,120899,1,2,0
34473,1,1,120898,120899,120900,1,2,0
34474,3,2,120901,120901,120903,0,2,1
34475,4,3,120905,120905,120908,0,3,2
34476,3,2,120908,120908,120910,0,2,0
34477,4,2,120912,120912,120914,0,2,2
34478,1,1,120913,120914,120915,1,2,0
34479,2,3,120915,120915,120918,0,3,0
34480,3,2,120918,120918,120920,0,2,0
34481,1,1,120919,120920,120921,1,2,0
34482,3,1,120922,120922,120923,0,1,1
34483,5,2,120927,120927,120929,0,2,4
34484,2,3,120929,120929,120932,0,3,0
34485,3,3,120932,120932,120935,0,3,0
34486,3,3,120935,120935,120938,0,3,0
34487,3,3,120938,120938,120941,0,3,0
34488,4,2,120942,120942,120944,0,2,1
34489,4,3,120946,120946,120949,0,3,2
34490,5,2,120951,120951,120953,0,2,2
34491,2,3,120953,120953,120956,0,3,0
34492,4,2,120957,120957,120959,0,2,1
34493,1,1,120958,120959,120960,1,2,0
34494,5,3,120963,120963,120966,0,3,3
34495,2,3,120965,120966,120969,1,4,0
34496,2,1,120967,120969,120970,2,3,0
34497,3,3,120970,120970,120973,0,3,0
34498,3,3,120973,120973,120976,0,3,0
34499,5,3,120978,120978,120981,0,3,2
34500,1,3,120979,120981,120984,2,5,0
34501,1,3,120980,120984,120987,4,7,0
34502,6,1,120986,120987,120988,1,2,0
34503,2,1,120988,120988,120989,0,1,0
34504,5,3,120993,120993,120996,0,3,4
34505,5,3,120998,120998,121001,0,3,2
34506,3,1,121001,121001,121002,0,1,0
34507,5,1,121006,121006,121007,0,1,4
34508,3,3,121009,121009,121012,0,3,2
34509,3,2,121012,121012,121014,0,2,0
34510,1,2,121013,121014,121016,1,3,0
34511,2,2,121015,121016,121018,1,3,0
34512,3,2,121018,121018,121020,0,2,0
34513,5,2,121023,121023,121025,0,2,3
34514,5,2,121028,121028,121030,0,2,3
34515,4,3,121032,121032,121035,0,3,2
34516,6,2,121038,121038,121040,0,2,3
34517,5,2,121043,121043,121045,0,2,3
34518,3,3,121046,121046,121049,0,3,1
34519,3,2,121049,121049,121051,0,2,0
34520,3,3,121052,121052,121055,0,3,1
34521,2,1,121054,121055,121056,1,2,0
34522,2,3,121056,121056,121059,0,3,0
34523,4,1,121060,121060,121061,0,1,1
34524,1,1,121061,121061,121062,0,1,0
34525,5,1,121066,121066,121067,0,1,4
34526,5,1,121071,121071,121072,0,1,4
34527,3,3,121074,121074,121077,0,3,2
34528,2,3,121076,121077,121080,1,4,0
34529,5,3,121081,121081,121084,0,3,1
34530,3,1,121084,121084,121085,0,1,0
34531,1,3,121085,121085,121088,0,3,0
34532,6,1,121091,121091,121092,0,1,3
34533,1,2,121092,121092,121094,0,2,0
34534,6,2,121098,121098,121100,0,2,4
34535,3,1,121101,121101,121102,0,1,1
34536,5,2,121106,121106,121108,0,2,4
34537,5,3,121111,121111,121114,0,3,3
34538,4,3,121115,121115,121118,0,3,1
34539,1,1,121116,121118,121119,2,3,0
34540,4,1,121120,121120,121121,0,1,1
34541,3,3,121123,121123,121126,0,3,2
34542,6,1,121129,121129,121130,0,1,3
34543,6,3,121135,121135,121138,0,3,5
34544,4,2,121139,121139,121141,0,2,1
34545,4,2,121143,121143,121145,0,2,2
34546,4,1,121147,121147,121148,0,1,2
34547,3,1,121150,121150,121151,0,1,2
34548,1,3,121151,121151,121154,0,3,0
34549,1,1,121152,121154,121155,2,3,0
34550,2,3,121154,121155,121158,1,4,0
34551,6,2,121160,121160,121162,0,2,2
34552,6,3,121166,121166,121169,0,3,4
34553,6,1,121172,121172,121173,0,1,3
34554,4,1,121176,121176,121177,0,1,3
34555,2,1,121178,121178,121179,0,1,1
34556,4,3,121182,121182,121185,0,3,3
34557,2,1,121184,121185,121186,1,2,0
34558,2,3,121186,121186,121189,0,3,0
34559,3,1,121189,121189,121190,0,1,0
34560,2,2,121191,121191,121193,0,2,1
34561,1,3,121192,121193,121196,1,4,0
34562,3,3,121195,121196,121199,1,4,0
34563,2,1,121197,121199,121200,2,3,0
34564,3,3,121200,121200,121203,0,3,0
34565,6,1,121206,121206,121207,0,1,3
34566,5,3,121211,121211,121214,0,3,4
34567,5,2,121216,121216,121218,0,2,2
34568,5,3,121221,121221,121224,0,3,3
34569,2,3,121223,121224,121227,1,4,0
34570,1,2,121224,121227,121229,3,5,0
34571,4,3,121228,121229,121232,1,4,0
34572,2,2,121230,121232,121234,2,4,0
34573,5,3,121235,121235,121238,0,3,1
34574,1,2,121236,121238,121240,2,4,0
34575,6,2,121242,121242,121244,0,2,2
34576,2,2,121244,121244,121246,0,2,0
34577,2,2,121246,121246,121248,0,2,0
34578,4,3,121250,121250,121253,0,3,2
34579,4,2,121254,121254,121256,0,2,1
34580,1,2,121255,121256,121258,1,3,0
34581,5,1,121260,121260,121261,0,1,2
34582,3,2,121263,121263,121265,0,2,2
34583,5,1,121268,121268,121269,0,1,3
34584,3,3,121271,121271,121274,0,3,2
34585,3,1,121274,121274,121275,0,1,0
34586,6,1,121280,121280,121281,0,1,5
34587,5,2,121285,121285,121287,0,2,4
34588,1,1,121286,121287,121288,1,2,0
34589,5,2,121291,121291,121293,0,2,3
34590,6,3,121297,121297,121300,0,3,4
34591,4,3,121301,121301,121304,0,3,1
34592,5,1,121306,121306,121307,0,1,2
34593,2,3,121308,121308,121311,0,3,1
34594,6,2,121314,121314,121316,0,2,3
34595,1,1,121315,121316,121317,1,2,0
34596,5,3,121320,121320,121323,0,3,3
34597,5,2,121325,121325,121327,0,2,2
34598,2,1,121327,121327,121328,0,1,0
34599,2,1,121329,121329,121330,0,1,1
34600,3,1,121332,121332,121333,0,1,2
34601,1,2,121333,121333,121335,0,2,0
34602,2,2,121335,121335,121337,0,2,0
34603,2,3,121337,121337,121340,0,3,0
34604,3,3,121340,121340,121343,0,3,0
34605,2,3,121342,121343,121346,1,4,0
34606,5,2,121347,121347,121349,0,2,1
34607,4,3,121351,121351,121354,0,3,2
34608,2,3,121353,121354,121357,1,4,0
34609,1,1,121354,121357,121358,3,4,0
34610,5,2,121359,121359,121361,0,2,1
34611,4,3,121363,121363,121366,0,3,2
34612,2,2,121365,121366,121368,1,3,0
34613,2,3,121367,121368,121371,1,4,0
34614,1,3,121368,121371,121374,3,6,0
34615,1,3,121369,121374,121377,5,8,0
34616,5,1,121374,121377,121378,3,4,0
34617,4,1,121378,121378,121379,0,1,0
34618,3,2,121381,121381,121383,0,2,2
34619,3,1,121384,121384,121385,0,1,1
34620,1,1,121385,121385,121386,0,1,0
34621,6,3,121391,121391,121394,0,3,5
34622,5,1,121396,121396,121397,0,1,2
34623,5,1,121401,121401,121402,0,1,4
34624,6,2,121407,121407,121409,0,2,5
34625,3,3,121410,121410,121413,0,3,1
34626,5,1,121415,121415,121416,0,1,2
34627,4,3,121419,121419,121422,0,3,3
34628,2,2,121421,121422,121424,1,3,0
34629,5,1,121426,121426,121427,0,1,2
34630,5,2,121431,121431,121433,0,2,4
34631,1,2,121432,121433,121435,1,3,0
34632,3,2,121435,121435,121437,0,2,0
34633,1,2,121436,121437,121439,1,3,0
34634,2,1,121438,121439,121440,1,2,0
34635,1,2,121439,121440,121442,1,3,0
34636,2,1,121441,121442,121443,1,2,0
34637,1,3,121442,121443,121446,1,4,0
34638,5,1,121447,121447,121448,0,1,1
34639,2,1,121449,121449,121450,0,1,1
34640,3,3,121452,121452,121455,0,3,2
34641,6,2,121458,121458,121460,0,2,3
34642,2,2,121460,121460,121462,0,2,0
34643,2,1,121462,121462,121463,0,1,0
34644,4,2,121466,121466,121468,0,2,3
34645,3,3,121469,121469,121472,0,3,1
34646,2,3,121471,121472,121475,1,4,0
34647,5,3,121476,121476,121479,0,3,1
34648,6,3,121482,121482,121485,0,3,3
34649,5,3,121487,121487,121490,0,3,2
34650,6,2,121493,121493,121495,0,2,3
34651,5,3,121498,121498,121501,0,3,3
34652,1,2,121499,121501,121503,2,4,0
34653,2,2,121501,121503,121505,2,4,0
34654,6,1,121507,121507,121508,0,1,2
34655,2,3,121509,121509,121512,0,3,1
34656,4,2,121513,121513,121515,0,2,1
34657,2,3,121515,121515,121518,0,3,0
34658,4,1,121519,121519,121520,0,1,1
34659,4,1,121523,121523,121524,0,1,3
34660,2,1,121525,121525,121526,0,1,1
34661,3,3,121528,121528,121531,0,3,2
34662,1,3,121529,121531,121534,2,5,0
34663,4,3,121533,121534,121537,1,4,0
34664,6,3,121539,121539,121542,0,3,2
34665,5,1,121544,121544,121545,0,1,2
34666,5,3,121549,121549,121552,0,3,4
34667,2,2,121551,121552,121554,1,3,0
34668,1,1,121552,121554,121555,2,3,0
34669,5,1,121557,121557,121558,0,1,2
34670,1,2,121558,121558,121560,0,2,0
34671,5,1,121563,121563,121564,0,1,3
34672,6,1,121569,121569,121570,0,1,5
34673,1,1,121570,121570,121571,0,1,0
34674,2,3,121572,121572,121575,0,3,1
34675,5,2,121577,121577,121579,0,2,2
34676,5,1,121582,121582,121583,0,1,3
34677,5,3,121587,121587,121590,0,3,4
34678,2,1,121589,121590,121591,1,2,0
34679,3,2,121592,121592,121594,0,2,1
34680,5,2,121597,121597,121599,0,2,3
34681,2,2,121599,121599,121601,0,2,0
34682,1,1,121600,121601,121602,1,2,0
34683,1,2,121601,121602,121604,1,3,0
34684,5,1,121606,121606,121607,0,1,2
34685,2,1,121608,121608,121609,0,1,1
34686,4,1,121612,121612,121613,0,1,3
34687,6,2,121618,121618,121620,0,2,5
34688,6,3,121624,121624,121627,0,3,4
34689,1,2,121625,121627,121629,2,4,0
34690,6,3,121631,121631,121634,0,3,2
34691,3,1,121634,121634,121635,0,1,0
34692,4,1,121638,121638,121639,0,1,3
34693,6,2,121644,121644,121646,0,2,5
34694,2,1,121646,121646,121647,0,1,0
34695,1,3,121647,121647,121650,0,3,0
34696,3,1,121650,121650,121651,0,1,0
34697,5,2,121655,121655,121657,0,2,4
34698,6,2,121661,121661,121663,0,2,4
34699,4,2,121665,121665,121667,0,2,2
34700,6,3,121671,121671,121674,0,3,4
34701,1,3,121672,121674,121677,2,5,0
34702,3,3,121675,121677,121680,2,5,0
34703,6,1,121681,121681,121682,0,1,1
34704,1,1,121682,121682,121683,0,1,0
34705,3,1,121685,121685,121686,0,1,2
34706,4,3,121689,121689,121692,0,3,3
34707,5,1,121694,121694,121695,0,1,2
34708,3,1,121697,121697,121698,0,1,2
34709,6,1,121703,121703,121704,0,1,5
34710,2,2,121705,121705,121707,0,2,1
34711,6,1,121711,121711,121712,0,1,4
34712,2,3,121713,121713,121716,0,3,1
34713,1,2,121714,121716,121718,2,4,0
34714,6,2,121720,121720,121722,0,2,2
34715,5,1,121725,121725,121726,0,1,3
34716,2,3,121727,121727,121730,0,3,1
34717,2,2,121729,121730,121732,1,3,0
34718,5,2,121734,121734,121736,0,2,2
34719,2,3,121736,121736,121739,0,3,0
34720,2,1,121738,121739,121740,1,2,0
34721,5,2,121743,121743,121745,0,2,3
34722,2,3,121745,121745,121748,0,3,0
34723,5,3,121750,121750,121753,0,3,2
34724,3,1,121753,121753,121754,0,1,0
34725,4,2,121757,121757,121759,0,2,3
34726,3,2,121760,121760,121762,0,2,1
34727,2,2,121762,121762,121764,0,2,0
34728,3,3,121765,121765,121768,0,3,1
34729,4,1,121769,121769,121770,0,1,1
34730,5,2,121774,121774,121776,0,2,4
34731,1,2,121775,121776,121778,1,3,0
34732,1,3,121776,121778,121781,2,5,0
34733,1,3,121777,121781,121784,4,7,0
34734,4,1,121781,121784,121785,3,4,0
34735,4,1,121785,121785,121786,0,1,0
34736,4,2,121789,121789,121791,0,2,3
34737,5,1,121794,121794,121795,0,1,3
34738,5,3,121799,121799,121802,0,3,4
34739,5,2,121804,121804,121806,0,2,2
34740,5,2,121809,121809,121811,0,2,3
34741,6,2,121815,121815,121817,0,2,4
34742,2,1,121817,121817,121818,0,1,0
34743,2,3,121819,121819,121822,0,3,1
34744,5,2,121824,121824,121826,0,2,2
34745,1,2,121825,121826,121828,1,3,0
34746,4,3,121829,121829,121832,0,3,1
34747,4,3,121833,121833,121836,0,3,1
34748,4,1,121837,121837,121838,0,1,1
34749,4,2,121841,121841,121843,0,2,3
34750,5,1,121846,121846,121847,0,1,3
34751,1,3,121847,121847,121850,0,3,0
34752,6,2,121853,121853,121855,0,2,3
34753,1,2,121854,121855,121857,1,3,0
34754,1,1,121855,121857,121858,2,3,0
34755,2,3,121857,121858,121861,1,4,0
34756,5,3,121862,121862,121865,0,3,1
34757,4,3,121866,121866,121869,0,3,1
34758,3,2,121869,121869,121871,0,2,0
34759,1,3,121870,121871,121874,1,4,0
34760,2,2,121872,121874,121876,2,4,0
34761,5,2,121877,121877,121879,0,2,1
34762,6,1,121883,121883,121884,0,1,4
34763,1,1,121884,121884,121885,0,1,0
34764,6,1,121890,121890,121891,0,1,5
34765,1,1,121891,121891,121892,0,1,0
34766,6,2,121897,121897,121899,0,2,5
34767,6,3,121903,121903,121906,0,3,4
34768,4,1,121907,121907,121908,0,1,1
34769,5,3,121912,121912,121915,0,3,4
34770,1,2,121913,121915,121917,2,4,0
34771,2,3,121915,121917,121920,2,5,0
34772,3,3,121918,121920,121923,2,5,0
34773,3,3,121921,121923,121926,2,5,0
34774,1,1,121922,121926,121927,4,5,0
34775,4,1,121926,121927,121928,1,2,0
34776,6,1,121932,121932,121933,0,1,4
34777,3,3,121935,121935,121938,0,3,2
34778,2,3,121937,121938,121941,1,4,0
34779,3,3,121940,121941,121944,1,4,0
34780,4,1,121944,121944,121945,0,1,0
34781,6,1,121950,121950,121951,0,1,5
34782,6,2,121956,121956,121958,0,2,5
34783,2,3,121958,121958,121961,0,3,0
34784,6,3,121964,121964,121967,0,3,3
34785,3,1,121967,121967,121968,0,1,0
34786,3,1,121970,121970,121971,0,1,2
34787,4,3,121974,121974,121977,0,3,3
34788,4,3,121978,121978,121981,0,3,1
34789,5,3,121983,121983,121986,0,3,2
34790,1,1,121984,121986,121987,2,3,0
34791,4,1,121988,121988,121989,0,1,1
34792,4,2,121992,121992,121994,0,2,3
34793,5,3,121997,121997,122000,0,3,3
34794,3,1,122000,122000,122001,0,1,0
34795,4,1,122004,122004,122005,0,1,3
34796,3,2,122007,122007,122009,0,2,2
34797,5,3,122012,122012,122015,0,3,3
34798,6,3,122018,122018,122021,0,3,3
34799,2,3,122020,122021,122024,1,4,0
34800,5,2,122025,122025,122027,0,2,1
34801,5,2,122030,122030,122032,0,2,3
34802,6,2,122036,122036,122038,0,2,4
34803,4,1,122040,122040,122041,0,1,2
34804,4,2,122044,122044,122046,0,2,3
34805,1,1,122045,122046,122047,1,2,0
34806,5,3,122050,122050,122053,0,3,3
34807,2,3,122052,122053,122056,1,4,0
34808,2,2,122054,122056,122058,2,4,0
34809,6,2,122060,122060,122062,0,2,2
34810,4,2,122064,122064,122066,0,2,2
34811,1,3,122065,122066,122069,1,4,0
34812,3,1,122068,122069,122070,1,2,0
34813,3,1,122071,122071,122072,0,1,1
34814,1,3,122072,122072,122075,0,3,0
34815,1,2,122073,122075,122077,2,4,0
34816,5,2,122078,122078,122080,0,2,1
34817,2,3,122080,122080,122083,0,3,0
34818,5,2,122085,122085,122087,0,2,2
34819,6,1,122091,122091,122092,0,1,4
34820,6,2,122097,122097,122099,0,2,5
34821,4,2,122101,122101,122103,0,2,2
34822,4,1,122105,122105,122106,0,1,2
34823,6,2,122111,122111,122113,0,2,5
34824,6,3,122117,122117,122120,0,3,4
34825,5,1,122122,122122,122123,0,1,2
34826,5,1,122127,122127,122128,0,1,4
34827,4,1,122131,122131,122132,0,1,3
34828,5,2,122136,122136,122138,0,2,4
34829,3,1,122139,122139,122140,0,1,1
34830,5,3,122144,122144,122147,0,3,4
34831,6,2,122150,122150,122152,0,2,3
34832,4,3,122154,122154,122157,0,3,2
34833,5,1,122159,122159,122160,0,1,2
34834,1,2,122160,122160,122162,0,2,0
34835,1,1,122161,122162,122163,1,2,0
34836,6,1,122167,122167,122168,0,1,4
34837,3,3,122170,122170,122173,0,3,2
34838,2,1,122172,122173,122174,1,2,0
34839,6,1,122178,122178,122179,0,1,4
34840,4,3,122182,122182,122185,0,3,3
34841,2,1,122184,122185,122186,1,2,0
34842,5,2,122189,122189,122191,0,2,3
34843,4,3,122193,122193,122196,0,3,2
34844,1,1,122194,122196,122197,2,3,0
34845,6,3,122200,122200,122203,0,3,3
34846,3,1,122203,122203,122204,0,1,0
34847,5,1,122208,122208,122209,0,1,4
34848,5,2,122213,122213,122215,0,2,4
34849,1,2,122214,122215,122217,1,3,0
34850,1,3,122215,122217,122220,2,5,0
34851,1,2,122216,122220,122222,4,6,0
34852,2,1,122218,122222,122223,4,5,0
34853,3,1,122221,122223,122224,2,3,0
34854,3,1,122224,122224,122225,0,1,0
34855,2,3,122226,122226,122229,0,3,1
34856,4,3,122230,122230,122233,0,3,1
34857,1,3,122231,122233,122236,2,5,0
34858,3,2,122234,122236,122238,2,4,0
34859,5,2,122239,122239,122241,0,2,1
34860,1,2,122240,122241,122243,1,3,0
34861,5,3,122245,122245,122248,0,3,2
34862,3,1,122248,122248,122249,0,1,0
34863,5,2,122253,122253,122255,0,2,4
34864,4,3,122257,122257,122260,0,3,2
34865,4,2,122261,122261,122263,0,2,1
34866,1,3,122262,122263,122266,1,4,0
34867,6,3,122268,122268,122271,0,3,2
34868,4,3,122272,122272,122275,0,3,1
34869,2,3,122274,122275,122278,1,4,0
34870,3,1,122277,122278,122279,1,2,0
34871,2,3,122279,122279,122282,0,3,0
34872,4,1,122283,122283,122284,0,1,1
34873,3,2,122286,122286,122288,0,2,2
34874,5,1,122291,122291,122292,0,1,3
34875,4,3,122295,122295,122298,0,3,3
34876,4,1,122299,122299,122300,0,1,1
34877,2,2,122301,122301,122303,0,2,1
34878,2,3,122303,122303,122306,0,3,0
34879,5,2,122308,122308,122310,0,2,2
34880,5,3,122313,122313,122316,0,3,3
34881,2,2,122315,122316,122318,1,3,0
34882,2,2,122317,122318,122320,1,3,0
34883,5,1,122322,122322,122323,0,1,2
34884,5,2,122327,122327,122329,0,2,4
34885,3,3,122330,122330,122333,0,3,1
34886,2,2,122332,122333,122335,1,3,0
34887,4,3,122336,122336,122339,0,3,1
34888,4,2,122340,122340,122342,0,2,1
34889,4,2,122344,122344,122346,0,2,2
34890,2,3,122346,122346,122349,0,3,0
34891,6,1,122352,122352,122353,0,1,3
34892,5,1,122357,122357,122358,0,1,4
34893,5,2,122362,122362,122364,0,2,4
34894,3,3,122365,122365,122368,0,3,1
34895,3,3,122368,122368,122371,0,3,0
34896,4,3,122372,122372,122375,0,3,1
34897,4,2,122376,122376,122378,0,2,1
34898,3,1,122379,122379,122380,0,1,1
34899,1,3,122380,122380,122383,0,3,0
34900,4,2,122384,122384,122386,0,2,1
34901,1,3,122385,122386,122389,1,4,0
34902,3,2,122388,122389,122391,1,3,0
34903,3,3,122391,122391,122394,0,3,0
34904,4,2,122395,122395,122397,0,2,1
34905,2,1,122397,122397,122398,0,1,0
34906,3,2,122400,122400,122402,0,2,2
34907,6,1,122406,122406,122407,0,1,4
34908,3,3,122409,122409,122412,0,3,2
34909,3,1,122412,122412,122413,0,1,0
34910,5,3,122417,122417,122420,0,3,4
34911,2,2,122419,122420,122422,1,3,0
34912,3,2,122422,122422,122424,0,2,0
34913,5,1,122427,122427,122428,0,1,3
34914,1,1,122428,122428,122429,0,1,0
34915,4,3,122432,122432,122435,0,3,3
34916,2,1,122434,122435,122436,1,2,0
34917,6,2,122440,122440,122442,0,2,4
34918,2,1,122442,122442,122443,0,1,0
34919,5,1,122447,122447,122448,0,1,4
34920,2,1,122449,122449,122450,0,1,1
34921,3,3,122452,122452,122455,0,3,2
34922,2,2,122454,122455,122457,1,3,0
34923,6,3,122460,122460,122463,0,3,3
34924,5,3,122465,122465,122468,0,3,2
34925,6,3,122471,122471,122474,0,3,3
34926,6,2,122477,122477,122479,0,2,3
34927,4,3,122481,122481,122484,0,3,2
34928,5,3,122486,122486,122489,0,3,2
34929,1,2,122487,122489,122491,2,4,0
34930,1,2,122488,122491,122493,3,5,0
34931,1,1,122489,122493,122494,4,5,0
34932,4,3,122493,122494,122497,1,4,0
34933,5,3,122498,122498,122501,0,3,1
34934,5,3,122503,122503,122506,0,3,2
34935,3,1,122506,122506,122507,0,1,0
34936,6,1,122512,122512,122513,0,1,5
34937,1,2,122513,122513,122515,0,2,0
34938,6,3,122519,122519,122522,0,3,4
34939,5,2,122524,122524,122526,0,2,2
34940,5,2,122529,122529,122531,0,2,3
34941,2,2,122531,122531,122533,0,2,0
34942,2,2,122533,122533,122535,0,2,0
34943,5,2,122538,122538,122540,0,2,3
34944,3,1,122541,122541,122542,0,1,1
34945,2,3,122543,122543,122546,0,3,1
34946,3,1,122546,122546,122547,0,1,0
34947,6,1,122552,122552,122553,0,1,5
34948,6,2,122558,122558,122560,0,2,5
34949,2,1,122560,122560,122561,0,1,0
34950,5,3,122565,122565,122568,0,3,4
34951,2,1,122567,122568,122569,1,2,0
34952,1,3,122568,122569,122572,1,4,0
34953,2,3,122570,122572,122575,2,5,0
34954,5,3,122575,122575,122578,0,3,0
34955,6,1,122581,122581,122582,0,1,3
34956,3,2,122584,122584,122586,0,2,2
34957,5,2,122589,122589,122591,0,2,3
34958,2,3,122591,122591,122594,0,3,0
34959,3,2,122594,122594,122596,0,2,0
34960,4,2,122598,122598,122600,0,2,2
34961,6,3,122604,122604,122607,0,3,4
34962,2,2,122606,122607,122609,1,3,0
34963,4,1,122610,122610,122611,0,1,1
34964,3,1,122613,122613,122614,0,1,2
34965,6,1,122619,122619,122620,0,1,5
34966,5,3,122624,122624,122627,0,3,4
34967,4,2,122628,122628,122630,0,2,1
34968,4,3,122632,122632,122635,0,3,2
34969,3,1,122635,122635,122636,0,1,0
34970,5,2,122640,122640,122642,0,2,4
34971,1,2,122641,122642,122644,1,3,0
34972,5,1,122646,122646,122647,0,1,2
34973,5,3,122651,122651,122654,0,3,4
34974,6,3,122657,122657,122660,0,3,3
34975,3,1,122660,122660,122661,0,1,0
34976,5,2,122665,122665,122667,0,2,4
34977,1,1,122666,122667,122668,1,2,0
34978,3,3,122669,122669,122672,0,3,1
34979,2,2,122671,122672,122674,1,3,0
34980,3,1,122674,122674,122675,0,1,0
34981,4,1,122678,122678,122679,0,1,3
34982,2,1,122680,122680,122681,0,1,1
34983,5,3,122685,122685,122688,0,3,4
34984,6,3,122691,122691,122694,0,3,3
34985,1,2,122692,122694,122696,2,4,0
34986,1,3,122693,122696,122699,3,6,0
34987,3,2,122696,122699,122701,3,5,0
34988,4,3,122700,122701,122704,1,4,0
34989,5,2,122705,122705,122707,0,2,1
34990,5,1,122710,122710,122711,0,1,3
34991,5,2,122715,122715,122717,0,2,4
34992,3,2,122718,122718,122720,0,2,1
34993,3,2,122721,122721,122723,0,2,1
34994,5,3,122726,122726,122729,0,3,3
34995,5,1,122731,122731,122732,0,1,2
34996,3,2,122734,122734,122736,0,2,2
34997,6,3,122740,122740,122743,0,3,4
34998,5,2,122745,122745,122747,0,2,2
34999,1,1,122746,122747,122748,1,2,0
35000,2,2,122748,122748,122750,0,2,0
35001,2,3,122750,122750,122753,0,3,0
35002,1,3,122751,122753,122756,2,5,0
35003,3,2,122754,122756,122758,2,4,0
35004,6,3,122760,122760,122763,0,3,2
35005,4,1,122764,122764,122765,0,1,1
35006,1,3,122765,122765,122768,0,3,0
35007,3,2,122768,122768,122770,0,2,0
35008,4,2,122772,122772,122774,0,2,2
35009,3,3,122775,122775,122778,0,3,1
35010,4,3,122779,122779,122782,0,3,1
35011,2,2,122781,122782,122784,1,3,0
35012,4,3,122785,122785,122788,0,3,1
35013,6,1,122791,122791,122792,0,1,3
35014,1,2,122792,122792,122794,0,2,0
35015,6,3,122798,122798,122801,0,3,4
35016,1,2,122799,122801,122803,2,4,0
35017,5,1,122804,122804,122805,0,1,1
35018,3,2,122807,122807,122809,0,2,2
35019,2,2,122809,122809,122811,0,2,0
35020,2,3,122811,122811,122814,0,3,0
35021,4,3,122815,122815,122818,0,3,1
35022,4,2,122819,122819,122821,0,2,1
35023,2,2,122821,122821,122823,0,2,0
35024,4,3,122825,122825,122828,0,3,2
35025,3,2,122828,122828,122830,0,2,0
35026,1,3,122829,122830,122833,1,4,0
35027,5,1,122834,122834,122835,0,1,1
35028,3,3,122837,122837,122840,0,3,2
35029,2,2,122839,122840,122842,1,3,0
35030,3,3,122842,122842,122845,0,3,0
35031,6,2,122848,122848,122850,0,2,3
35032,5,1,122853,122853,122854,0,1,3
35033,6,1,122859,122859,122860,0,1,5
35034,3,3,122862,122862,122865,0,3,2
35035,6,1,122868,122868,122869,0,1,3
35036,2,1,122870,122870,122871,0,1,1
35037,1,1,122871,122871,122872,0,1,0
35038,4,3,122875,122875,122878,0,3,3
35039,5,3,122880,122880,122883,0,3,2
35040,5,3,122885,122885,122888,0,3,2
35041,3,1,122888,122888,122889,0,1,0
35042,3,1,122891,122891,122892,0,1,2
35043,6,3,122897,122897,122900,0,3,5
35044,6,2,122903,122903,122905,0,2,3
35045,5,2,122908,122908,122910,0,2,3
35046,1,3,122909,122910,122913,1,4,0
35047,5,1,122914,122914,122915,0,1,1
35048,4,2,122918,122918,122920,0,2,3
35049,2,1,122920,122920,122921,0,1,0
35050,6,3,122926,122926,122929,0,3,5
35051,2,2,122928,122929,122931,1,3,0
35052,5,3,122933,122933,122936,0,3,2
35053,2,3,122935,122936,122939,1,4,0
35054,1,3,122936,122939,122942,3,6,0
35055,4,2,122940,122942,122944,2,4,0
35056,4,1,122944,122944,122945,0,1,0
35057,3,1,122947,122947,122948,0,1,2
35058,4,1,122951,122951,122952,0,1,3
35059,3,2,122954,122954,122956,0,2,2
35060,3,2,122957,122957,122959,0,2,1
35061,3,1,122960,122960,122961,0,1,1
35062,1,3,122961,122961,122964,0,3,0
35063,1,3,122962,122964,122967,2,5,0
35064,2,2,122964,122967,122969,3,5,0
35065,3,1,122967,122969,122970,2,3,0
35066,6,2,122973,122973,122975,0,2,3
35067,4,1,122977,122977,122978,0,1,2
35068,3,1,122980,122980,122981,0,1,2
35069,3,1,122983,122983,122984,0,1,2
35070,1,2,122984,122984,122986,0,2,0
35071,4,3,122988,122988,122991,0,3,2
35072,2,2,122990,122991,122993,1,3,0
35073,5,2,122995,122995,122997,0,2,2
35074,1,3,122996,122997,123000,1,4,0
35075,5,2,123001,123001,123003,0,2,1
35076,2,1,123003,123003,123004,0,1,0
35077,6,2,123009,123009,123011,0,2,5
35078,4,1,123013,123013,123014,0,1,2
35079,4,3,123017,123017,123020,0,3,3
35080,1,3,123018,123020,123023,2,5,0
35081,5,2,123023,123023,123025,0,2,0
35082,5,2,123028,123028,123030,0,2,3
35083,3,1,123031,123031,123032,0,1,1
35084,6,3,123037,123037,123040,0,3,5
35085,3,1,123040,123040,123041,0,1,0
35086,3,2,123043,123043,123045,0,2,2
35087,6,2,123049,123049,123051,0,2,4
35088,6,2,123055,123055,123057,0,2,4
35089,4,1,123059,123059,123060,0,1,2
35090,1,3,123060,123060,123063,0,3,0
35091,6,1,123066,123066,123067,0,1,3
35092,2,3,123068,123068,123071,0,3,1
35093,5,1,123073,123073,123074,0,1,2
35094,6,2,123079,123079,123081,0,2,5
35095,5,3,123084,123084,123087,0,3,3
35096,3,3,123087,123087,123090,0,3,0
35097,4,1,123091,123091,123092,0,1,1
35098,4,2,123095,123095,123097,0,2,3
35099,1,3,123096,123097,123100,1,4,0
35100,1,3,123097,123100,123103,3,6,0
35101,6,3,123103,123103,123106,0,3,0
35102,6,3,123109,123109,123112,0,3,3
35103,5,2,123114,123114,123116,0,2,2
35104,3,3,123117,123117,123120,0,3,1
35105,3,2,123120,123120,123122,0,2,0
35106,5,3,123125,123125,123128,0,3,3
35107,1,2,123126,123128,123130,2,4,0
35108,3,2,123129,123130,123132,1,3,0
35109,4,2,123133,123133,123135,0,2,1
35110,1,1,123134,123135,123136,1,2,0
35111,3,2,123137,123137,123139,0,2,1
35112,5,3,123142,123142,123145,0,3,3
35113,3,2,123145,123145,123147,0,2,0
35114,6,2,123151,123151,123153,0,2,4
35115,1,2,123152,123153,123155,1,3,0
35116,6,1,123158,123158,123159,0,1,3
35117,5,2,123163,123163,123165,0,2,4
35118,3,2,123166,123166,123168,0,2,1
35119,2,1,123168,123168,123169,0,1,0
35120,6,1,123174,123174,123175,0,1,5
35121,3,3,123177,123177,123180,0,3,2
35122,2,1,123179,123180,123181,1,2,0
35123,4,1,123183,123183,123184,0,1,2
35124,4,1,123187,123187,123188,0,1,3
35125,6,2,123193,123193,123195,0,2,5
35126,2,3,123195,123195,123198,0,3,0
35127,3,3,123198,123198,123201,0,3,0
35128,5,2,123203,123203,123205,0,2,2
35129,3,1,123206,123206,123207,0,1,1
35130,5,2,123211,123211,123213,0,2,4
35131,1,2,123212,123213,123215,1,3,0
35132,2,3,123214,123215,123218,1,4,0
35133,4,1,123218,123218,123219,0,1,0
35134,1,3,123219,123219,123222,0,3,0
35135,2,3,123221,123222,123225,1,4,0
35136,6,1,123227,123227,123228,0,1,2
35137,6,3,123233,123233,123236,0,3,5
35138,2,3,123235,123236,123239,1,4,0
35139,2,1,123237,123239,123240,2,3,0
35140,6,3,123243,123243,123246,0,3,3
35141,6,2,123249,123249,123251,0,2,3
35142,4,3,123253,123253,123256,0,3,2
35143,5,3,123258,123258,123261,0,3,2
35144,2,2,123260,123261,123263,1,3,0
35145,6,3,123266,123266,123269,0,3,3
35146,6,1,123272,123272,123273,0,1,3
35147,6,3,123278,123278,123281,0,3,5
35148,2,2,123280,123281,123283,1,3,0
35149,6,2,123286,123286,123288,0,2,3
35150,4,2,123290,123290,123292,0,2,2
35151,5,2,123295,123295,123297,0,2,3
35152,5,2,123300,123300,123302,0,2,3
35153,1,2,123301,123302,123304,1,3,0
35154,1,2,123302,123304,123306,2,4,0
35155,6,3,123308,123308,123311,0,3,2
35156,6,1,123314,123314,123315,0,1,3
35157,1,1,123315,123315,123316,0,1,0
35158,6,2,123321,123321,123323,0,2,5
35159,1,2,123322,123323,123325,1,3,0
35160,6,1,123328,123328,123329,0,1,3
35161,3,1,123331,123331,123332,0,1,2
35162,4,2,123335,123335,123337,0,2,3
35163,2,2,123337,123337,123339,0,2,0
35164,5,1,123342,123342,123343,0,1,3
35165,4,2,123346,123346,123348,0,2,3
35166,1,1,123347,123348,123349,1,2,0
35167,4,1,123351,123351,123352,0,1,2
35168,5,3,123356,123356,123359,0,3,4
35169,3,3,123359,123359,123362,0,3,0
35170,2,1,123361,123362,123363,1,2,0
35171,4,2,123365,123365,123367,0,2,2
35172,1,1,123366,123367,123368,1,2,0
35173,6,3,123372,123372,123375,0,3,4
35174,6,1,123378,123378,123379,0,1,3
35175,1,3,123379,123379,123382,0,3,0
35176,5,3,123384,123384,123387,0,3,2
35177,6,1,123390,123390,123391,0,1,3
35178,3,2,123393,123393,123395,0,2,2
35179,2,3,123395,123395,123398,0,3,0
35180,2,2,123397,123398,123400,1,3,0
35181,1,3,123398,123400,123403,2,5,0
35182,6,3,123404,123404,123407,0,3,1
35183,4,3,123408,123408,123411,0,3,1
35184,1,2,123409,123411,123413,2,4,0
35185,1,2,123410,123413,123415,3,5,0
35186,5,2,123415,123415,123417,0,2,0
35187,3,3,123418,123418,123421,0,3,1
35188,1,1,123419,123421,123422,2,3,0
35189,3,2,123422,123422,123424,0,2,0
35190,4,1,123426,123426,123427,0,1,2
35191,3,3,123429,123429,123432,0,3,2
35192,1,1,123430,123432,123433,2,3,0
35193,5,2,123435,123435,123437,0,2,2
35194,2,1,123437,123437,123438,0,1,0
35195,1,2,123438,123438,123440,0,2,0
35196,2,1,123440,123440,123441,0,1,0
35197,2,3,123442,123442,123445,0,3,1
35198,3,3,123445,123445,123448,0,3,0
35199,6,2,123451,123451,123453,0,2,3
35200,2,3,123453,123453,123456,0,3,0
35201,5,2,123458,123458,123460,0,2,2
35202,3,2,123461,123461,123463,0,2,1
35203,5,3,123466,123466,123469,0,3,3
35204,1,1,123467,123469,123470,2,3,0
35205,1,2,123468,123470,123472,2,4,0
35206,3,2,123471,123472,123474,1,3,0
35207,4,2,123475,123475,123477,0,2,1
35208,4,1,123479,123479,123480,0,1,2
35209,1,3,123480,123480,123483,0,3,0
35210,3,1,123483,123483,123484,0,1,0
35211,5,3,123488,123488,123491,0,3,4
35212,1,3,123489,123491,123494,2,5,0
35213,4,3,123493,123494,123497,1,4,0
35214,3,2,123496,123497,123499,1,3,0
35215,2,2,123498,123499,123501,1,3,0
35216,1,3,123499,123501,123504,2,5,0
35217,4,3,123503,123504,123507,1,4,0
35218,4,1,123507,123507,123508,0,1,0
35219,1,3,123508,123508,123511,0,3,0
35220,1,3,123509,123511,123514,2,5,0
35221,5,2,123514,123514,123516,0,2,0
35222,5,3,123519,123519,123522,0,3,3
35223,4,2,123523,123523,123525,0,2,1
35224,5,1,123528,123528,123529,0,1,3
35225,1,1,123529,123529,123530,0,1,0
35226,3,3,123532,123532,123535,0,3,2
35227,6,2,123538,123538,123540,0,2,3
35228,6,2,123544,123544,123546,0,2,4
35229,6,2,123550,123550,123552,0,2,4
35230,1,3,123551,123552,123555,1,4,0
35231,2,1,123553,123555,123556,2,3,0
35232,2,1,123555,123556,123557,1,2,0
35233,2,3,123557,123557,123560,0,3,0
35234,6,2,123563,123563,123565,0,2,3
35235,5,2,123568,123568,123570,0,2,3
35236,3,1,123571,123571,123572,0,1,1
35237,2,1,123573,123573,123574,0,1,1
35238,2,1,123575,123575,123576,0,1,1
35239,4,2,123579,123579,123581,0,2,3
35240,2,2,123581,123581,123583,0,2,0
35241,3,3,123584,123584,123587,0,3,1
35242,3,3,123587,123587,123590,0,3,0
35243,2,1,123589,123590,123591,1,2,0
35244,1,3,123590,123591,123594,1,4,0
35245,5,1,123595,123595,123596,0,1,1
35246,6,2,123601,123601,123603,0,2,5
35247,6,3,123607,123607,123610,0,3,4
35248,6,1,123613,123613,123614,0,1,3
35249,1,1,123614,123614,123615,0,1,0
35250,4,2,123618,123618,123620,0,2,3
35251,4,1,123622,123622,123623,0,1,2
35252,4,3,123626,123626,123629,0,3,3
35253,6,3,123632,123632,123635,0,3,3
35254,5,1,123637,123637,123638,0,1,2
35255,6,1,123643,123643,123644,0,1,5
35256,3,1,123646,123646,123647,0,1,2
35257,6,2,123652,123652,123654,0,2,5
35258,4,1,123656,123656,123657,0,1,2
35259,1,3,123657,123657,123660,0,3,0
35260,6,2,123663,123663,123665,0,2,3
35261,6,2,123669,123669,123671,0,2,4
35262,3,1,123672,123672,123673,0,1,1
35263,2,1,123674,123674,123675,0,1,1
35264,6,3,123680,123680,123683,0,3,5
35265,6,3,123686,123686,123689,0,3,3
35266,5,1,123691,123691,123692,0,1,2
35267,4,2,123695,123695,123697,0,2,3
35268,4,3,123699,123699,123702,0,3,2
35269,6,1,123705,123705,123706,0,1,3
35270,4,1,123709,123709,123710,0,1,3
35271,1,1,123710,123710,123711,0,1,0
35272,1,1,123711,123711,123712,0,1,0
35273,6,1,123717,123717,123718,0,1,5
35274,6,3,123723,123723,123726,0,3,5
35275,2,1,123725,123726,123727,1,2,0
35276,4,1,123729,123729,123730,0,1,2
35277,1,3,123730,123730,123733,0,3,0
35278,3,2,123733,123733,123735,0,2,0
35279,6,3,123739,123739,123742,0,3,4
35280,5,2,123744,123744,123746,0,2,2
35281,1,3,123745,123746,123749,1,4,0
35282,6,2,123751,123751,123753,0,2,2
35283,1,1,123752,123753,123754,1,2,0
35284,4,3,123756,123756,123759,0,3,2
35285,4,2,123760,123760,123762,0,2,1
35286,3,1,123763,123763,123764,0,1,1
35287,5,2,123768,123768,123770,0,2,4
35288,3,1,123771,123771,123772,0,1,1
35289,4,2,123775,123775,123777,0,2,3
35290,1,1,123776,123777,123778,1,2,0
35291,5,3,123781,123781,123784,0,3,3
35292,2,3,123783,123784,123787,1,4,0
35293,1,2,123784,123787,123789,3,5,0
35294,5,3,123789,123789,123792,0,3,0
35295,3,1,123792,123792,123793,0,1,0
35296,6,2,123798,123798,123800,0,2,5
35297,4,1,123802,123802,123803,0,1,2
35298,6,3,123808,123808,123811,0,3,5
35299,3,1,123811,123811,123812,0,1,0
35300,2,1,123813,123813,123814,0,1,1
35301,5,1,123818,123818,123819,0,1,4
35302,4,3,123822,123822,123825,0,3,3
35303,5,2,123827,123827,123829,0,2,2
35304,4,1,123831,123831,123832,0,1,2
35305,2,3,123833,123833,123836,0,3,1
35306,1,3,123834,123836,123839,2,5,0
35307,3,2,123837,123839,123841,2,4,0
35308,1,1,123838,123841,123842,3,4,0
35309,6,1,123844,123844,123845,0,1,2
35310,3,1,123847,123847,123848,0,1,2
35311,1,1,123848,123848,123849,0,1,0
35312,2,2,123850,123850,123852,0,2,1
35313,1,2,123851,123852,123854,1,3,0
35314,1,1,123852,123854,123855,2,3,0
35315,6,2,123858,123858,123860,0,2,3
35316,3,3,123861,123861,123864,0,3,1
35317,1,1,123862,123864,123865,2,3,0
35318,6,1,123868,123868,123869,0,1,3
35319,6,3,123874,123874,123877,0,3,5
35320,1,2,123875,123877,123879,2,4,0
35321,3,3,123878,123879,123882,1,4,0
35322,2,2,123880,123882,123884,2,4,0
35323,1,3,123881,123884,123887,3,6,0
35324,3,1,123884,123887,123888,3,4,0
35325,2,3,123886,123888,123891,2,5,0
35326,6,3,123892,123892,123895,0,3,1
35327,1,3,123893,123895,123898,2,5,0
35328,2,3,123895,123898,123901,3,6,0
35329,2,2,123897,123901,123903,4,6,0
35330,4,2,123901,123903,123905,2,4,0
35331,2,1,123903,123905,123906,2,3,0
35332,5,1,123908,123908,123909,0,1,2
35333,5,1,123913,123913,123914,0,1,4
35334,1,2,123914,123914,123916,0,2,0
35335,5,3,123919,123919,123922,0,3,3
35336,1,1,123920,123922,123923,2,3,0
35337,4,1,123924,123924,123925,0,1,1
35338,2,2,123926,123926,123928,0,2,1
35339,5,2,123931,123931,123933,0,2,3
35340,1,2,123932,123933,123935,1,3,0
35341,3,1,123935,123935,123936,0,1,0
35342,2,1,123937,123937,123938,0,1,1
35343,6,1,123943,123943,123944,0,1,5
35344,5,2,123948,123948,123950,0,2,4
35345,1,1,123949,123950,123951,1,2,0
35346,2,2,123951,123951,123953,0,2,0
35347,4,1,123955,123955,123956,0,1,2
35348,4,1,123959,123959,123960,0,1,3
35349,5,1,123964,123964,123965,0,1,4
35350,5,2,123969,123969,123971,0,2,4
35351,5,1,123974,123974,123975,0,1,3
35352,3,2,123977,123977,123979,0,2,2
35353,3,3,123980,123980,123983,0,3,1
35354,5,3,123985,123985,123988,0,3,2
35355,2,2,123987,123988,123990,1,3,0
35356,2,3,123989,123990,123993,1,4,0
35357,1,1,123990,123993,123994,3,4,0
35358,5,2,123995,123995,123997,0,2,1
35359,6,1,124001,124001,124002,0,1,4
35360,2,1,124003,124003,124004,0,1,1
35361,2,3,124005,124005,124008,0,3,1
35362,6,1,124011,124011,124012,0,1,3
35363,6,2,124017,124017,124019,0,2,5
35364,3,2,124020,124020,124022,0,2,1
35365,5,3,124025,124025,124028,0,3,3
35366,6,1,124031,124031,124032,0,1,3
35367,4,2,124035,124035,124037,0,2,3
35368,1,1,124036,124037,124038,1,2,0
35369,1,3,124037,124038,124041,1,4,0
35370,1,2,124038,124041,124043,3,5,0
35371,6,3,124044,124044,124047,0,3,1
35372,3,1,124047,124047,124048,0,1,0
35373,1,2,124048,124048,124050,0,2,0
35374,1,3,124049,124050,124053,1,4,0
35375,6,2,124055,124055,124057,0,2,2
35376,1,3,124056,124057,124060,1,4,0
35377,6,3,124062,124062,124065,0,3,2
35378,1,2,124063,124065,124067,2,4,0
35379,5,2,124068,124068,124070,0,2,1
35380,6,1,124074,124074,124075,0,1,4
35381,1,1,124075,124075,124076,0,1,0
35382,4,1,124079,124079,124080,0,1,3
35383,1,1,124080,124080,124081,0,1,0
35384,2,1,124082,124082,124083,0,1,1
35385,5,2,124087,124087,124089,0,2,4
35386,3,1,124090,124090,124091,0,1,1
35387,2,1,124092,124092,124093,0,1,1
35388,1,2,124093,124093,124095,0,2,0
35389,1,1,124094,124095,124096,1,2,0
35390,3,1,124097,124097,124098,0,1,1
35391,3,1,124100,124100,124101,0,1,2
35392,1,1,124101,124101,124102,0,1,0
35393,2,2,124103,124103,124105,0,2,1
35394,5,2,124108,124108,124110,0,2,3
35395,3,3,124111,124111,124114,0,3,1
35396,2,1,124113,124114,124115,1,2,0
35397,5,3,124118,124118,124121,0,3,3
35398,6,1,124124,124124,124125,0,1,3
35399,5,2,124129,124129,124131,0,2,4
35400,1,3,124130,124131,124134,1,4,0
35401,5,3,124135,124135,124138,0,3,1
35402,2,1,124137,124138,124139,1,2,0
35403,3,3,124140,124140,124143,0,3,1
35404,2,1,124142,124143,124144,1,2,0
35405,1,3,124143,124144,124147,1,4,0
35406,3,3,124146,124147,124150,1,4,0
35407,1,2,124147,124150,124152,3,5,0
35408,4,3,124151,124152,124155,1,4,0
35409,1,2,124152,124155,124157,3,5,0
35410,3,3,124155,124157,124160,2,5,0
35411,6,3,124161,124161,124164,0,3,1
35412,2,2,124163,124164,124166,1,3,0
35413,3,3,124166,124166,124169,0,3,0
35414,2,3,124168,124169,124172,1,4,0
35415,4,2,124172,124172,124174,0,2,0
35416,2,1,124174,124174,124175,0,1,0
35417,6,2,124180,124180,124182,0,2,5
35418,6,2,124186,124186,124188,0,2,4
35419,3,2,124189,124189,124191,0,2,1
35420,4,2,124193,124193,124195,0,2,2
35421,1,3,124194,124195,124198,1,4,0
35422,2,2,124196,124198,124200,2,4,0
35423,3,2,124199,124200,124202,1,3,0
35424,3,3,124202,124202,124205,0,3,0
35425,2,1,124204,124205,124206,1,2,0
35426,1,1,124205,124206,124207,1,2,0
35427,1,1,124206,124207,124208,1,2,0
35428,5,3,124211,124211,124214,0,3,3
35429,5,1,124216,124216,124217,0,1,2
35430,3,2,124219,124219,124221,0,2,2
35431,2,2,124221,124221,124223,0,2,0
35432,3,3,124224,124224,124227,0,3,1
35433,6,3,124230,124230,124233,0,3,3
35434,1,1,124231,124233,124234,2,3,0
35435,4,1,124235,124235,124236,0,1,1
35436,3,1,124238,124238,124239,0,1,2
35437,2,3,124240,124240,124243,0,3,1
35438,4,2,124244,124244,124246,0,2,1
35439,1,2,124245,124246,124248,1,3,0
35440,6,3,124251,124251,124254,0,3,3
35441,4,3,124255,124255,124258,0,3,1
35442,3,3,124258,124258,124261,0,3,0
35443,1,2,124259,124261,124263,2,4,0
35444,2,3,124261,124263,124266,2,5,0
35445,4,1,124265,124266,124267,1,2,0
35446,5,3,124270,124270,124273,0,3,3
35447,3,2,124273,124273,124275,0,2,0
35448,1,2,124274,124275,124277,1,3,0
35449,2,3,124276,124277,124280,1,4,0
35450,3,3,124279,124280,124283,1,4,0
35451,2,1,124281,124283,124284,2,3,0
35452,2,3,124283,124284,124287,1,4,0
35453,6,2,124289,124289,124291,0,2,2
35454,1,1,124290,124291,124292,1,2,0
35455,6,2,124296,124296,124298,0,2,4
35456,6,3,124302,124302,124305,0,3,4
35457,4,3,124306,124306,124309,0,3,1
35458,4,2,124310,124310,124312,0,2,1
35459,1,1,124311,124312,124313,1,2,0
35460,4,2,124315,124315,124317,0,2,2
35461,3,3,124318,124318,124321,0,3,1
35462,5,3,124323,124323,124326,0,3,2
35463,2,3,124325,124326,124329,1,4,0
35464,6,3,124331,124331,124334,0,3,2
35465,3,3,124334,124334,124337,0,3,0
35466,4,3,124338,124338,124341,0,3,1
35467,3,1,124341,124341,124342,0,1,0
35468,2,2,124343,124343,124345,0,2,1
35469,4,3,124347,124347,124350,0,3,2
35470,5,2,124352,124352,124354,0,2,2
35471,2,3,124354,124354,124357,0,3,0
35472,4,2,124358,124358,124360,0,2,1
35473,5,3,124363,124363,124366,0,3,3
35474,2,3,124365,124366,124369,1,4,0
35475,1,3,124366,124369,124372,3,6,0
35476,2,2,124368,124372,124374,4,6,0
35477,3,1,124371,124374,124375,3,4,0
35478,6,2,124377,124377,124379,0,2,2
35479,3,3,124380,124380,124383,0,3,1
35480,5,1,124385,124385,124386,0,1,2
35481,3,2,124388,124388,124390,0,2,2
35482,6,3,124394,124394,124397,0,3,4
35483,2,3,124396,124397,124400,1,4,0
35484,6,1,124402,124402,124403,0,1,2
35485,3,1,124405,124405,124406,0,1,2
35486,3,2,124408,124408,124410,0,2,2
35487,4,3,124412,124412,124415,0,3,2
35488,2,3,124414,124415,124418,1,4,0
35489,6,3,124420,124420,124423,0,3,2
35490,6,3,124426,124426,124429,0,3,3
35491,1,1,124427,124429,124430,2,3,0
35492,2,1,124429,124430,124431,1,2,0
35493,1,2,124430,124431,124433,1,3,0
35494,1,3,124431,124433,124436,2,5,0
35495,4,3,124435,124436,124439,1,4,0
35496,4,1,124439,124439,124440,0,1,0
35497,4,2,124443,124443,124445,0,2,3
35498,4,3,124447,124447,124450,0,3,2
35499,3,1,124450,124450,124451,0,1,0
35500,1,3,124451,124451,124454,0,3,0
35501,6,1,124457,124457,124458,0,1,3
35502,2,2,124459,124459,124461,0,2,1
35503,6,2,124465,124465,124467,0,2,4
35504,2,1,124467,124467,124468,0,1,0
35505,2,2,124469,124469,124471,0,2,1
35506,6,3,124475,124475,124478,0,3,4
35507,4,1,124479,124479,124480,0,1,1
35508,3,2,124482,124482,124484,0,2,2
35509,2,3,124484,124484,124487,0,3,0
35510,3,3,124487,124487,124490,0,3,0
35511,1,1,124488,124490,124491,2,3,0
35512,1,1,124489,124491,124492,2,3,0
35513,3,1,124492,124492,124493,0,1,0
35514,5,2,124497,124497,124499,0,2,4
35515,5,1,124502,124502,124503,0,1,3
35516,1,1,124503,124503,124504,0,1,0
35517,1,2,124504,124504,124506,0,2,0
35518,4,3,124508,124508,124511,0,3,2
35519,5,3,124513,124513,124516,0,3,2
35520,1,1,124514,124516,124517,2,3,0
35521,4,3,124518,124518,124521,0,3,1
35522,5,2,124523,124523,124525,0,2,2
35523,6,1,124529,124529,124530,0,1,4
35524,2,3,124531,124531,124534,0,3,1
35525,2,3,124533,124534,124537,1,4,0
35526,2,2,124535,124537,124539,2,4,0
35527,2,3,124537,124539,124542,2,5,0
35528,1,1,124538,124542,124543,4,5,0
35529,4,3,124542,124543,124546,1,4,0
35530,1,2,124543,124546,124548,3,5,0
35531,4,1,124547,124548,124549,1,2,0
35532,2,2,124549,124549,124551,0,2,0
35533,4,3,124553,124553,124556,0,3,2
35534,5,3,124558,124558,124561,0,3,2
35535,6,3,124564,124564,124567,0,3,3
35536,4,2,124568,124568,124570,0,2,1
35537,2,2,124570,124570,124572,0,2,0
35538,3,1,124573,124573,124574,0,1,1
35539,2,3,124575,124575,124578,0,3,1
35540,5,1,124580,124580,124581,0,1,2
35541,5,3,124585,124585,124588,0,3,4
35542,4,3,124589,124589,124592,0,3,1
35543,4,3,124593,124593,124596,0,3,1
35544,3,2,124596,124596,124598,0,2,0
35545,1,1,124597,124598,124599,1,2,0
35546,6,3,124603,124603,124606,0,3,4
35547,6,3,124609,124609,124612,0,3,3
35548,1,2,124610,124612,124614,2,4,0
35549,6,2,124616,124616,124618,0,2,2
35550,5,2,124621,124621,124623,0,2,3
35551,4,1,124625,124625,124626,0,1,2
35552,3,1,124628,124628,124629,0,1,2
35553,5,1,124633,124633,124634,0,1,4
35554,2,2,124635,124635,124637,0,2,1
35555,4,1,124639,124639,124640,0,1,2
35556,2,3,124641,124641,124644,0,3,1
35557,6,2,124647,124647,124649,0,2,3
35558,5,1,124652,124652,124653,0,1,3
35559,4,3,124656,124656,124659,0,3,3
35560,2,1,124658,124659,124660,1,2,0
35561,6,2,124664,124664,124666,0,2,4
35562,3,2,124667,124667,124669,0,2,1
35563,4,3,124671,124671,124674,0,3,2
35564,4,2,124675,124675,124677,0,2,1
35565,2,2,124677,124677,124679,0,2,0
35566,6,1,124683,124683,124684,0,1,4
35567,2,2,124685,124685,124687,0,2,1
35568,6,3,124691,124691,124694,0,3,4
35569,5,1,124696,124696,124697,0,1,2
35570,6,2,124702,124702,124704,0,2,5
35571,4,3,124706,124706,124709,0,3,2
35572,3,2,124709,124709,124711,0,2,0
35573,2,2,124711,124711,124713,0,2,0
35574,5,1,124716,124716,124717,0,1,3
35575,2,1,124718,124718,124719,0,1,1
35576,4,3,124722,124722,124725,0,3,3
35577,4,2,124726,124726,124728,0,2,1
35578,5,1,124731,124731,124732,0,1,3
35579,2,1,124733,124733,124734,0,1,1
35580,2,2,124735,124735,124737,0,2,1
35581,4,3,124739,124739,124742,0,3,2
35582,6,2,124745,124745,124747,0,2,3
35583,6,1,124751,124751,124752,0,1,4
35584,2,2,124753,124753,124755,0,2,1
35585,6,1,124759,124759,124760,0,1,4
35586,4,3,124763,124763,124766,0,3,3
35587,1,2,124764,124766,124768,2,4,0
35588,6,3,124770,124770,124773,0,3,2
35589,1,2,124771,124773,124775,2,4,0
35590,1,3,124772,124775,124778,3,6,0
35591,2,3,124774,124778,124781,4,7,0
35592,1,2,124775,124781,124783,6,8,0
35593,6,1,124781,124783,124784,2,3,0
35594,3,3,124784,124784,124787,0,3,0
35595,2,2,124786,124787,124789,1,3,0
35596,1,1,124787,124789,124790,2,3,0
35597,6,2,124793,124793,124795,0,2,3
35598,3,2,124796,124796,124798,0,2,1
35599,2,2,124798,124798,124800,0,2,0
35600,6,3,124804,124804,124807,0,3,4
35601,6,2,124810,124810,124812,0,2,3
35602,4,1,124814,124814,124815,0,1,2
35603,3,2,124817,124817,124819,0,2,2
35604,6,1,124823,124823,124824,0,1,4
35605,4,3,124827,124827,124830,0,3,3
35606,5,1,124832,124832,124833,0,1,2
35607,2,2,124834,124834,124836,0,2,1
35608,1,1,124835,124836,124837,1,2,0
35609,2,3,124837,124837,124840,0,3,0
35610,3,1,124840,124840,124841,0,1,0
35611,2,3,124842,124842,124845,0,3,1
35612,4,3,124846,124846,124849,0,3,1
35613,5,1,124851,124851,124852,0,1,2
35614,5,2,124856,124856,124858,0,2,4
35615,3,3,124859,124859,124862,0,3,1
35616,2,1,124861,124862,124863,1,2,0
35617,4,3,124865,124865,124868,0,3,2
35618,2,2,124867,124868,124870,1,3,0
35619,6,3,124873,124873,124876,0,3,3
35620,4,3,124877,124877,124880,0,3,1
35621,5,1,124882,124882,124883,0,1,2
35622,3,3,124885,124885,124888,0,3,2
35623,2,2,124887,124888,124890,1,3,0
35624,1,2,124888,124890,124892,2,4,0
35625,5,1,124893,124893,124894,0,1,1
35626,2,3,124895,124895,124898,0,3,1
35627,5,1,124900,124900,124901,0,1,2
35628,5,1,124905,124905,124906,0,1,4
35629,4,1,124909,124909,124910,0,1,3
35630,3,2,124912,124912,124914,0,2,2
35631,4,3,124916,124916,124919,0,3,2
35632,5,1,124921,124921,124922,0,1,2
35633,2,3,124923,124923,124926,0,3,1
35634,2,3,124925,124926,124929,1,4,0
35635,1,2,124926,124929,124931,3,5,0
35636,1,1,124927,124931,124932,4,5,0
35637,4,1,124931,124932,124933,1,2,0
35638,4,2,124935,124935,124937,0,2,2
35639,5,1,124940,124940,124941,0,1,3
35640,1,3,124941,124941,124944,0,3,0
35641,1,1,124942,124944,124945,2,3,0
35642,2,2,124944,124945,124947,1,3,0
35643,6,3,124950,124950,124953,0,3,3
35644,6,2,124956,124956,124958,0,2,3
35645,3,3,124959,124959,124962,0,3,1
35646,2,2,124961,124962,124964,1,3,0
35647,4,1,124965,124965,124966,0,1,1
35648,6,2,124971,124971,124973,0,2,5
35649,1,3,124972,124973,124976,1,4,0
35650,3,1,124975,124976,124977,1,2,0
35651,1,1,124976,124977,124978,1,2,0
35652,1,1,124977,124978,124979,1,2,0
35653,3,3,124980,124980,124983,0,3,1
35654,3,3,124983,124983,124986,0,3,0
35655,1,2,124984,124986,124988,2,4,0
35656,2,3,124986,124988,124991,2,5,0
35657,3,1,124989,124991,124992,2,3,0
35658,3,3,124992,124992,124995,0,3,0
35659,6,3,124998,124998,125001,0,3,3
35660,1,2,124999,125001,125003,2,4,0
35661,4,1,125003,125003,125004,0,1,0
35662,1,2,125004,125004,125006,0,2,0
35663,6,1,125010,125010,125011,0,1,4
35664,2,3,125012,125012,125015,0,3,1
35665,4,3,125016,125016,125019,0,3,1
35666,5,1,125021,125021,125022,0,1,2
35667,4,3,125025,125025,125028,0,3,3
35668,3,2,125028,125028,125030,0,2,0
35669,5,3,125033,125033,125036,0,3,3
35670,6,3,125039,125039,125042,0,3,3
35671,2,2,125041,125042,125044,1,3,0
35672,3,2,125044,125044,125046,0,2,0
35673,4,1,125048,125048,125049,0,1,2
35674,5,1,125053,125053,125054,0,1,4
35675,2,1,125055,125055,125056,0,1,1
35676,5,3,125060,125060,125063,0,3,4
35677,2,3,125062,125063,125066,1,4,0
35678,2,3,125064,125066,125069,2,5,0
35679,3,2,125067,125069,125071,2,4,0
35680,3,1,125070,125071,125072,1,2,0
35681,5,1,125075,125075,125076,0,1,3
35682,2,1,125077,125077,125078,0,1,1
35683,4,1,125081,125081,125082,0,1,3
35684,6,1,125087,125087,125088,0,1,5
35685,3,3,125090,125090,125093,0,3,2
35686,2,2,125092,125093,125095,1,3,0
35687,4,2,125096,125096,125098,0,2,1
35688,2,3,125098,125098,125101,0,3,0
35689,5,1,125103,125103,125104,0,1,2
35690,4,1,125107,125107,125108,0,1,3
35691,6,2,125113,125113,125115,0,2,5
35692,4,3,125117,125117,125120,0,3,2
35693,3,2,125120,125120,125122,0,2,0
35694,2,1,125122,125122,125123,0,1,0
35695,2,1,125124,125124,125125,0,1,1
35696,5,2,125129,125129,125131,0,2,4
35697,4,2,125133,125133,125135,0,2,2
35698,6,3,125139,125139,125142,0,3,4
35699,1,2,125140,125142,125144,2,4,0
35700,4,2,125144,125144,125146,0,2,0
35701,1,1,125145,125146,125147,1,2,0
35702,1,1,125146,125147,125148,1,2,0
35703,4,3,125150,125150,125153,0,3,2
35704,2,2,125152,125153,125155,1,3,0
35705,6,1,125158,125158,125159,0,1,3
35706,3,2,125161,125161,125163,0,2,2
35707,5,1,125166,125166,125167,0,1,3
35708,3,3,125169,125169,125172,0,3,2
35709,6,2,125175,125175,125177,0,2,3
35710,2,2,125177,125177,125179,0,2,0
35711,2,1,125179,125179,125180,0,1,0
35712,1,2,125180,125180,125182,0,2,0
35713,5,2,125185,125185,125187,0,2,3
35714,2,1,125187,125187,125188,0,1,0
35715,5,2,125192,125192,125194,0,2,4
35716,2,1,125194,125194,125195,0,1,0
35717,4,2,125198,125198,125200,0,2,3
35718,5,2,125203,125203,125205,0,2,3
35719,4,2,125207,125207,125209,0,2,2
35720,3,1,125210,125210,125211,0,1,1
35721,2,1,125212,125212,125213,0,1,1
35722,3,1,125215,125215,125216,0,1,2
35723,3,3,125218,125218,125221,0,3,2
35724,3,2,125221,125221,125223,0,2,0
35725,6,1,125227,125227,125228,0,1,4
35726,5,3,125232,125232,125235,0,3,4
35727,3,1,125235,125235,125236,0,1,0
35728,2,3,125237,125237,125240,0,3,1
35729,4,3,125241,125241,125244,0,3,1
35730,1,1,125242,125244,125245,2,3,0
35731,4,2,125246,125246,125248,0,2,1
35732,2,2,125248,125248,125250,0,2,0
35733,1,2,125249,125250,125252,1,3,0
35734,4,2,125253,125253,125255,0,2,1
35735,2,1,125255,125255,125256,0,1,0
35736,5,1,125260,125260,125261,0,1,4
35737,5,1,125265,125265,125266,0,1,4
35738,3,3,125268,125268,125271,0,3,2
35739,5,2,125273,125273,125275,0,2,2
35740,4,3,125277,125277,125280,0,3,2
35741,4,3,125281,125281,125284,0,3,1
35742,3,2,125284,125284,125286,0,2,0
35743,2,3,125286,125286,125289,0,3,0
35744,1,1,125287,125289,125290,2,3,0
35745,6,3,125293,125293,125296,0,3,3
35746,4,1,125297,125297,125298,0,1,1
35747,5,2,125302,125302,125304,0,2,4
35748,3,3,125305,125305,125308,0,3,1
35749,1,1,125306,125308,125309,2,3,0
35750,5,3,125311,125311,125314,0,3,2
35751,6,2,125317,125317,125319,0,2,3
35752,5,3,125322,125322,125325,0,3,3
35753,4,2,125326,125326,125328,0,2,1
35754,6,1,125332,125332,125333,0,1,4
35755,5,1,125337,125337,125338,0,1,4
35756,4,3,125341,125341,125344,0,3,3
35757,4,1,125345,125345,125346,0,1,1
35758,5,1,125350,125350,125351,0,1,4
35759,6,3,125356,125356,125359,0,3,5
35760,4,1,125360,125360,125361,0,1,1
35761,2,1,125362,125362,125363,0,1,1
35762,4,3,125366,125366,125369,0,3,3
35763,2,1,125368,125369,125370,1,2,0
35764,3,3,125371,125371,125374,0,3,1
35765,6,1,125377,125377,125378,0,1,3
35766,5,1,125382,125382,125383,0,1,4
35767,1,3,125383,125383,125386,0,3,0
35768,5,3,125388,125388,125391,0,3,2
35769,1,1,125389,125391,125392,2,3,0
35770,1,1,125390,125392,125393,2,3,0
35771,4,3,125394,125394,125397,0,3,1
35772,1,3,125395,125397,125400,2,5,0
35773,1,2,125396,125400,125402,4,6,0
35774,2,3,125398,125402,125405,4,7,0
35775,1,1,125399,125405,125406,6,7,0
35776,2,3,125401,125406,125409,5,8,0
35777,5,1,125406,125409,125410,3,4,0
35778,5,2,125411,125411,125413,0,2,1
35779,6,2,125417,125417,125419,0,2,4
35780,3,3,125420,125420,125423,0,3,1
35781,4,2,125424,125424,125426,0,2,1
35782,6,3,125430,125430,125433,0,3,4
35783,1,2,125431,125433,125435,2,4,0
35784,2,3,125433,125435,125438,2,5,0
35785,4,3,125437,125438,125441,1,4,0
35786,3,3,125440,125441,125444,1,4,0
35787,6,3,125446,125446,125449,0,3,2
35788,1,2,125447,125449,125451,2,4,0
35789,3,3,125450,125451,125454,1,4,0
35790,6,1,125456,125456,125457,0,1,2
35791,4,1,125460,125460,125461,0,1,3
35792,2,2,125462,125462,125464,0,2,1
35793,6,1,125468,125468,125469,0,1,4
35794,4,1,125472,125472,125473,0,1,3
35795,3,3,125475,125475,125478,0,3,2
35796,5,1,125480,125480,125481,0,1,2
35797,4,2,125484,125484,125486,0,2,3
35798,4,3,125488,125488,125491,0,3,2
35799,6,1,125494,125494,125495,0,1,3
35800,3,1,125497,125497,125498,0,1,2
35801,2,3,125499,125499,125502,0,3,1
35802,6,3,125505,125505,125508,0,3,3
35803,2,2,125507,125508,125510,1,3,0
35804,3,2,125510,125510,125512,0,2,0
35805,5,3,125515,125515,125518,0,3,3
35806,4,3,125519,125519,125522,0,3,1
35807,4,2,125523,125523,125525,0,2,1
35808,2,2,125525,125525,125527,0,2,0
35809,4,2,125529,125529,125531,0,2,2
35810,4,3,125533,125533,125536,0,3,2
35811,6,3,125539,125539,125542,0,3,3
35812,6,2,125545,125545,125547,0,2,3
35813,2,2,125547,125547,125549,0,2,0
35814,2,3,125549,125549,125552,0,3,0
35815,4,3,125553,125553,125556,0,3,1
35816,1,3,125554,125556,125559,2,5,0
35817,3,2,125557,125559,125561,2,4,0
35818,1,2,125558,125561,125563,3,5,0
35819,4,3,125562,125563,125566,1,4,0
35820,2,1,125564,125566,125567,2,3,0
35821,2,3,125566,125567,125570,1,4,0
35822,3,3,125569,125570,125573,1,4,0
35823,6,3,125575,125575,125578,0,3,2
35824,5,2,125580,125580,125582,0,2,2
35825,6,1,125586,125586,125587,0,1,4
35826,3,1,125589,125589,125590,0,1,2
35827,3,1,125592,125592,125593,0,1,2
35828,5,2,125597,125597,125599,0,2,4
35829,5,1,125602,125602,125603,0,1,3
35830,3,1,125605,125605,125606,0,1,2
35831,1,1,125606,125606,125607,0,1,0
35832,6,3,125612,125612,125615,0,3,5
35833,2,1,125614,125615,125616,1,2,0
35834,4,1,125618,125618,125619,0,1,2
35835,3,3,125621,125621,125624,0,3,2
35836,3,1,125624,125624,125625,0,1,0
35837,6,3,125630,125630,125633,0,3,5
35838,5,2,125635,125635,125637,0,2,2
35839,6,3,125641,125641,125644,0,3,4
35840,6,1,125647,125647,125648,0,1,3
35841,3,3,125650,125650,125653,0,3,2
35842,4,2,125654,125654,125656,0,2,1
35843,6,2,125660,125660,125662,0,2,4
35844,1,3,125661,125662,125665,1,4,0
35845,1,1,125662,125665,125666,3,4,0
35846,4,2,125666,125666,125668,0,2,0
35847,4,2,125670,125670,125672,0,2,2
35848,6,1,125676,125676,125677,0,1,4
35849,2,2,125678,125678,125680,0,2,1
35850,3,2,125681,125681,125683,0,2,1
35851,5,1,125686,125686,125687,0,1,3
35852,1,1,125687,125687,125688,0,1,0
35853,5,2,125692,125692,125694,0,2,4
35854,6,1,125698,125698,125699,0,1,4
35855,2,2,125700,125700,125702,0,2,1
35856,1,2,125701,125702,125704,1,3,0
35857,5,3,125706,125706,125709,0,3,2
35858,2,2,125708,125709,125711,1,3,0
35859,2,3,125710,125711,125714,1,4,0
35860,1,1,125711,125714,125715,3,4,0
35861,5,2,125716,125716,125718,0,2,1
35862,3,1,125719,125719,125720,0,1,1
35863,3,2,125722,125722,125724,0,2,2
35864,5,1,125727,125727,125728,0,1,3
35865,2,2,125729,125729,125731,0,2,1
35866,1,3,125730,125731,125734,1,4,0
35867,5,1,125735,125735,125736,0,1,1
35868,1,1,125736,125736,125737,0,1,0
35869,3,2,125739,125739,125741,0,2,2
35870,6,1,125745,125745,125746,0,1,4
35871,2,3,125747,125747,125750,0,3,1
35872,4,1,125751,125751,125752,0,1,1
35873,2,3,125753,125753,125756,0,3,1
35874,3,1,125756,125756,125757,0,1,0
35875,6,2,125762,125762,125764,0,2,5
35876,1,3,125763,125764,125767,1,4,0
35877,1,3,125764,125767,125770,3,6,0
35878,4,1,125768,125770,125771,2,3,0
35879,4,2,125772,125772,125774,0,2,1
35880,6,1,125778,125778,125779,0,1,4
35881,1,3,125779,125779,125782,0,3,0
35882,3,1,125782,125782,125783,0,1,0
35883,4,3,125786,125786,125789,0,3,3
35884,1,2,125787,125789,125791,2,4,0
35885,5,2,125792,125792,125794,0,2,1
35886,6,2,125798,125798,125800,0,2,4
35887,5,2,125803,125803,125805,0,2,3
35888,6,2,125809,125809,125811,0,2,4
35889,5,3,125814,125814,125817,0,3,3
35890,5,1,125819,125819,125820,0,1,2
35891,6,3,125825,125825,125828,0,3,5
35892,6,1,125831,125831,125832,0,1,3
35893,5,3,125836,125836,125839,0,3,4
35894,5,3,125841,125841,125844,0,3,2
35895,5,3,125846,125846,125849,0,3,2
35896,1,1,125847,125849,125850,2,3,0
35897,5,1,125852,125852,125853,0,1,2
35898,2,2,125854,125854,125856,0,2,1
35899,1,2,125855,125856,125858,1,3,0
35900,5,2,125860,125860,125862,0,2,2
35901,3,3,125863,125863,125866,0,3,1
35902,1,3,125864,125866,125869,2,5,0
35903,1,2,125865,125869,125871,4,6,0
35904,6,1,125871,125871,125872,0,1,0
35905,3,2,125874,125874,125876,0,2,2
35906,5,1,125879,125879,125880,0,1,3
35907,1,2,125880,125880,125882,0,2,0
35908,2,1,125882,125882,125883,0,1,0
35909,3,3,125885,125885,125888,0,3,2
35910,1,3,125886,125888,125891,2,5,0
35911,5,3,125891,125891,125894,0,3,0
35912,4,1,125895,125895,125896,0,1,1
35913,5,2,125900,125900,125902,0,2,4
35914,4,2,125904,125904,125906,0,2,2
35915,2,1,125906,125906,125907,0,1,0
35916,1,1,125907,125907,125908,0,1,0
35917,3,1,125910,125910,125911,0,1,2
35918,4,1,125914,125914,125915,0,1,3
35919,5,2,125919,125919,125921,0,2,4
35920,1,3,125920,125921,125924,1,4,0
35921,1,2,125921,125924,125926,3,5,0
35922,2,2,125923,125926,125928,3,5,0
35923,5,2,125928,125928,125930,0,2,0
35924,2,2,125930,125930,125932,0,2,0
35925,3,2,125933,125933,125935,0,2,1
35926,2,1,125935,125935,125936,0,1,0
35927,3,2,125938,125938,125940,0,2,2
35928,5,3,125943,125943,125946,0,3,3
35929,4,1,125947,125947,125948,0,1,1
35930,3,3,125950,125950,125953,0,3,2
35931,6,3,125956,125956,125959,0,3,3
35932,6,2,125962,125962,125964,0,2,3
35933,2,3,125964,125964,125967,0,3,0
35934,1,2,125965,125967,125969,2,4,0
35935,4,1,125969,125969,125970,0,1,0
35936,4,3,125973,125973,125976,0,3,3
35937,1,1,125974,125976,125977,2,3,0
35938,6,2,125980,125980,125982,0,2,3
35939,1,3,125981,125982,125985,1,4,0
35940,4,3,125985,125985,125988,0,3,0
35941,5,3,125990,125990,125993,0,3,2
35942,6,3,125996,125996,125999,0,3,3
35943,4,3,126000,126000,126003,0,3,1
35944,1,1,126001,126003,126004,2,3,0
35945,1,2,126002,126004,126006,2,4,0
35946,2,2,126004,126006,126008,2,4,0
35947,2,1,126006,126008,126009,2,3,0
35948,6,2,126012,126012,126014,0,2,3
35949,6,2,126018,126018,126020,0,2,4
35950,6,1,126024,126024,126025,0,1,4
35951,3,1,126027,126027,126028,0,1,2
35952,5,3,126032,126032,126035,0,3,4
35953,6,2,126038,126038,126040,0,2,3
35954,3,1,126041,126041,126042,0,1,1
35955,6,2,126047,126047,126049,0,2,5
35956,4,2,126051,126051,126053,0,2,2
35957,4,2,126055,126055,126057,0,2,2
35958,6,2,126061,126061,126063,0,2,4
35959,4,3,126065,126065,126068,0,3,2
35960,5,2,126070,126070,126072,0,2,2
35961,4,2,126074,126074,126076,0,2,2
35962,2,3,126076,126076,126079,0,3,0
35963,4,2,126080,126080,126082,0,2,1
35964,2,1,126082,126082,126083,0,1,0
35965,1,1,126083,126083,126084,0,1,0
35966,6,1,126089,126089,126090,0,1,5
35967,4,1,126093,126093,126094,0,1,3
35968,1,1,126094,126094,126095,0,1,0
35969,1,1,126095,126095,126096,0,1,0
35970,3,1,126098,126098,126099,0,1,2
35971,1,1,126099,126099,126100,0,1,0
35972,4,3,126103,126103,126106,0,3,3
35973,5,2,126108,126108,126110,0,2,2
35974,1,1,126109,126110,126111,1,2,0
35975,5,2,126114,126114,126116,0,2,3
35976,3,2,126117,126117,126119,0,2,1
35977,1,1,126118,126119,126120,1,2,0
35978,2,2,126120,126120,126122,0,2,0
35979,2,1,126122,126122,126123,0,1,0
35980,1,3,126123,126123,126126,0,3,0
35981,5,1,126128,126128,126129,0,1,2
35982,5,1,126133,126133,126134,0,1,4
35983,2,2,126135,126135,126137,0,2,1
35984,2,3,126137,126137,126140,0,3,0
35985,6,1,126143,126143,126144,0,1,3
35986,5,2,126148,126148,126150,0,2,4
35987,3,1,126151,126151,126152,0,1,1
35988,3,3,126154,126154,126157,0,3,2
35989,3,3,126157,126157,126160,0,3,0
35990,1,1,126158,126160,126161,2,3,0
35991,6,1,126164,126164,126165,0,1,3
35992,1,3,126165,126165,126168,0,3,0
35993,2,3,126167,126168,126171,1,4,0
35994,6,2,126173,126173,126175,0,2,2
35995,1,2,126174,126175,126177,1,3,0
35996,2,3,126176,126177,126180,1,4,0
35997,4,3,126180,126180,126183,0,3,0
35998,5,1,126185,126185,126186,0,1,2
35999,1,2,126186,126186,126188,0,2,0
36000,2,2,126188,126188,126190,0,2,0
36001,3,3,126191,126191,126194,0,3,1
36002,1,3,126192,126194,126197,2,5,0
36003,4,3,126196,126197,126200,1,4,0
36004,1,2,126197,126200,126202,3,5,0
36005,5,3,126202,126202,126205,0,3,0
36006,3,1,126205,126205,126206,0,1,0
36007,4,3,126209,126209,126212,0,3,3
36008,1,2,126210,126212,126214,2,4,0
36009,3,2,126213,126214,126216,1,3,0
36010,1,1,126214,126216,126217,2,3,0
36011,5,1,126219,126219,126220,0,1,2
36012,3,2,126222,126222,126224,0,2,2
36013,5,3,126227,126227,126230,0,3,3
36014,4,2,126231,126231,126233,0,2,1
36015,6,1,126237,126237,126238,0,1,4
36016,6,2,126243,126243,126245,0,2,5
36017,4,2,126247,126247,126249,0,2,2
36018,4,3,126251,126251,126254,0,3,2
36019,1,2,126252,126254,126256,2,4,0
36020,4,2,126256,126256,126258,0,2,0
36021,1,2,126257,126258,126260,1,3,0
36022,1,2,126258,126260,126262,2,4,0
36023,3,3,126261,126262,126265,1,4,0
36024,6,3,126267,126267,126270,0,3,2
36025,6,2,126273,126273,126275,0,2,3
36026,5,3,126278,126278,126281,0,3,3
36027,4,3,126282,126282,126285,0,3,1
36028,5,3,126287,126287,126290,0,3,2
36029,3,1,126290,126290,126291,0,1,0
36030,1,2,126291,126291,126293,0,2,0
36031,3,3,126294,126294,126297,0,3,1
36032,5,2,126299,126299,126301,0,2,2
36033,4,2,126303,126303,126305,0,2,2
36034,2,3,126305,126305,126308,0,3,0
36035,5,1,126310,126310,126311,0,1,2
36036,3,3,126313,126313,126316,0,3,2
36037,6,3,126319,126319,126322,0,3,3
36038,2,2,126321,126322,126324,1,3,0
36039,5,1,126326,126326,126327,0,1,2
36040,1,2,126327,126327,126329,0,2,0
36041,3,1,126330,126330,126331,0,1,1
36042,1,2,126331,126331,126333,0,2,0
36043,6,2,126337,126337,126339,0,2,4
36044,5,1,126342,126342,126343,0,1,3
36045,6,3,126348,126348,126351,0,3,5
36046,4,3,126352,126352,126355,0,3,1
36047,5,3,126357,126357,126360,0,3,2
36048,5,3,126362,126362,126365,0,3,2
36049,5,3,126367,126367,126370,0,3,2
36050,5,1,126372,126372,126373,0,1,2
36051,1,3,126373,126373,126376,0,3,0
36052,5,2,126378,126378,126380,0,2,2
36053,6,1,126384,126384,126385,0,1,4
36054,1,2,126385,126385,126387,0,2,0
36055,2,1,126387,126387,126388,0,1,0
36056,2,2,126389,126389,126391,0,2,1
36057,6,3,126395,126395,126398,0,3,4
36058,6,2,126401,126401,126403,0,2,3
36059,1,2,126402,126403,126405,1,3,0
36060,3,2,126405,126405,126407,0,2,0
36061,4,2,126409,126409,126411,0,2,2
36062,3,3,126412,126412,126415,0,3,1
36063,4,1,126416,126416,126417,0,1,1
36064,5,2,126421,126421,126423,0,2,4
36065,6,3,126427,126427,126430,0,3,4
36066,1,3,126428,126430,126433,2,5,0
36067,6,2,126434,126434,126436,0,2,1
36068,4,3,126438,126438,126441,0,3,2
36069,4,3,126442,126442,126445,0,3,1
36070,2,1,126444,126445,126446,1,2,0
36071,5,3,126449,126449,126452,0,3,3
36072,1,1,126450,126452,126453,2,3,0
36073,4,3,126454,126454,126457,0,3,1
36074,4,2,126458,126458,126460,0,2,1
36075,4,3,126462,126462,126465,0,3,2
36076,4,2,126466,126466,126468,0,2,1
36077,3,2,126469,126469,126471,0,2,1
36078,1,2,126470,126471,126473,1,3,0
36079,5,1,126475,126475,126476,0,1,2
36080,4,3,126479,126479,126482,0,3,3
36081,6,1,126485,126485,126486,0,1,3
36082,1,3,126486,126486,126489,0,3,0
36083,3,3,126489,126489,126492,0,3,0
36084,3,1,126492,126492,126493,0,1,0
36085,1,2,126493,126493,126495,0,2,0
36086,5,1,126498,126498,126499,0,1,3
36087,1,3,126499,126499,126502,0,3,0
36088,3,2,126502,126502,126504,0,2,0
36089,6,1,126508,126508,126509,0,1,4
36090,4,3,126512,126512,126515,0,3,3
36091,5,1,126517,126517,126518,0,1,2
36092,4,2,126521,126521,126523,0,2,3
36093,5,3,126526,126526,126529,0,3,3
36094,1,2,126527,126529,126531,2,4,0
36095,3,3,126530,126531,126534,1,4,0
36096,4,3,126534,126534,126537,0,3,0
36097,2,1,126536,126537,126538,1,2,0
36098,3,1,126539,126539,126540,0,1,1
36099,5,2,126544,126544,126546,0,2,4
36100,6,2,126550,126550,126552,0,2,4
36101,6,1,126556,126556,126557,0,1,4
36102,5,2,126561,126561,126563,0,2,4
36103,4,2,126565,126565,126567,0,2,2
36104,2,2,126567,126567,126569,0,2,0
36105,1,1,126568,126569,126570,1,2,0
36106,6,2,126574,126574,126576,0,2,4
36107,1,3,126575,126576,126579,1,4,0
36108,6,3,126581,126581,126584,0,3,2
36109,4,2,126585,126585,126587,0,2,1
36110,3,1,126588,126588,126589,0,1,1
36111,6,3,126594,126594,126597,0,3,5
36112,2,1,126596,126597,126598,1,2,0
36113,4,1,126600,126600,126601,0,1,2
36114,1,2,126601,126601,126603,0,2,0
36115,4,3,126605,126605,126608,0,3,2
36116,3,1,126608,126608,126609,0,1,0
36117,2,2,126610,126610,126612,0,2,1
36118,2,2,126612,126612,126614,0,2,0
36119,5,2,126617,126617,126619,0,2,3
36120,4,1,126621,126621,126622,0,1,2
36121,1,1,126622,126622,126623,0,1,0
36122,2,1,126624,126624,126625,0,1,1
36123,2,2,126626,126626,126628,0,2,1
36124,4,2,126630,126630,126632,0,2,2
36125,2,3,126632,126632,126635,0,3,0
36126,6,3,126638,126638,126641,0,3,3
36127,4,3,126642,126642,126645,0,3,1
36128,6,3,126648,126648,126651,0,3,3
36129,3,2,126651,126651,126653,0,2,0
36130,1,1,126652,126653,126654,1,2,0
36131,3,2,126655,126655,126657,0,2,1
36132,5,3,126660,126660,126663,0,3,3
36133,4,3,126664,126664,126667,0,3,1
36134,6,3,126670,126670,126673,0,3,3
36135,6,2,126676,126676,126678,0,2,3
36136,5,1,126681,126681,126682,0,1,3
36137,3,2,126684,126684,126686,0,2,2
36138,4,1,126688,126688,126689,0,1,2
36139,3,1,126691,126691,126692,0,1,2
36140,6,2,126697,126697,126699,0,2,5
36141,6,3,126703,126703,126706,0,3,4
36142,5,2,126708,126708,126710,0,2,2
36143,1,1,126709,126710,126711,1,2,0
36144,5,3,126714,126714,126717,0,3,3
36145,3,1,126717,126717,126718,0,1,0
36146,3,2,126720,126720,126722,0,2,2
36147,5,2,126725,126725,126727,0,2,3
36148,4,2,126729,126729,126731,0,2,2
36149,4,3,126733,126733,126736,0,3,2
36150,1,1,126734,126736,126737,2,3,0
36151,1,1,126735,126737,126738,2,3,0
36152,2,3,126737,126738,126741,1,4,0
36153,6,2,126743,126743,126745,0,2,2
36154,3,3,126746,126746,126749,0,3,1
36155,5,3,126751,126751,126754,0,3,2
36156,1,2,126752,126754,126756,2,4,0
36157,6,3,126758,126758,126761,0,3,2
36158,5,1,126763,126763,126764,0,1,2
36159,3,3,126766,126766,126769,0,3,2
36160,4,1,126770,126770,126771,0,1,1
36161,1,3,126771,126771,126774,0,3,0
36162,3,2,126774,126774,126776,0,2,0
36163,1,3,126775,126776,126779,1,4,0
36164,3,2,126778,126779,126781,1,3,0
36165,3,1,126781,126781,126782,0,1,0
36166,1,2,126782,126782,126784,0,2,0
36167,3,3,126785,126785,126788,0,3,1
36168,2,2,126787,126788,126790,1,3,0
36169,3,2,126790,126790,126792,0,2,0
36170,5,3,126795,126795,126798,0,3,3
36171,1,1,126796,126798,126799,2,3,0
36172,4,3,126800,126800,126803,0,3,1
36173,4,1,126804,126804,126805,0,1,1
36174,3,1,126807,126807,126808,0,1,2
36175,6,3,126813,126813,126816,0,3,5
36176,3,3,126816,126816,126819,0,3,0
36177,4,3,126820,126820,126823,0,3,1
36178,4,3,126824,126824,126827,0,3,1
36179,3,1,126827,126827,126828,0,1,0
36180,6,1,126833,126833,126834,0,1,5
36181,6,1,126839,126839,126840,0,1,5
36182,5,3,126844,126844,126847,0,3,4
36183,4,1,126848,126848,126849,0,1,1
36184,4,2,126852,126852,126854,0,2,3
36185,6,3,126858,126858,126861,0,3,4
36186,2,3,126860,126861,126864,1,4,0
36187,3,3,126863,126864,126867,1,4,0
36188,5,1,126868,126868,126869,0,1,1
36189,1,3,126869,126869,126872,0,3,0
36190,4,2,126873,126873,126875,0,2,1
36191,3,1,126876,126876,126877,0,1,1
36192,5,2,126881,126881,126883,0,2,4
36193,6,1,126887,126887,126888,0,1,4
36194,3,1,126890,126890,126891,0,1,2
36195,6,1,126896,126896,126897,0,1,5
36196,4,1,126900,126900,126901,0,1,3
36197,5,1,126905,126905,126906,0,1,4
36198,5,3,126910,126910,126913,0,3,4
36199,5,3,126915,126915,126918,0,3,2
36200,2,1,126917,126918,126919,1,2,0
36201,6,1,126923,126923,126924,0,1,4
36202,5,1,126928,126928,126929,0,1,4
36203,4,3,126932,126932,126935,0,3,3
36204,6,3,126938,126938,126941,0,3,3
36205,5,2,126943,126943,126945,0,2,2
36206,1,1,126944,126945,126946,1,2,0
36207,1,3,126945,126946,126949,1,4,0
36208,5,2,126950,126950,126952,0,2,1
36209,2,2,126952,126952,126954,0,2,0
36210,6,1,126958,126958,126959,0,1,4
36211,1,3,126959,126959,126962,0,3,0
36212,1,2,126960,126962,126964,2,4,0
36213,6,3,126966,126966,126969,0,3,2
36214,4,2,126970,126970,126972,0,2,1
36215,2,3,126972,126972,126975,0,3,0
36216,5,2,126977,126977,126979,0,2,2
36217,3,2,126980,126980,126982,0,2,1
36218,4,2,126984,126984,126986,0,2,2
36219,2,2,126986,126986,126988,0,2,0
36220,1,1,126987,126988,126989,1,2,0
36221,1,2,126988,126989,126991,1,3,0
36222,5,3,126993,126993,126996,0,3,2
36223,5,3,126998,126998,127001,0,3,2
36224,4,3,127002,127002,127005,0,3,1
36225,5,1,127007,127007,127008,0,1,2
36226,2,1,127009,127009,127010,0,1,1
36227,2,3,127011,127011,127014,0,3,1
36228,4,1,127015,127015,127016,0,1,1
36229,1,2,127016,127016,127018,0,2,0
36230,4,3,127020,127020,127023,0,3,2
36231,1,1,127021,127023,127024,2,3,0
36232,5,1,127026,127026,127027,0,1,2
36233,5,1,127031,127031,127032,0,1,4
36234,3,2,127034,127034,127036,0,2,2
36235,1,3,127035,127036,127039,1,4,0
36236,6,3,127041,127041,127044,0,3,2
36237,6,3,127047,127047,127050,0,3,3
36238,6,2,127053,127053,127055,0,2,3
36239,4,3,127057,127057,127060,0,3,2
36240,4,2,127061,127061,127063,0,2,1
36241,3,3,127064,127064,127067,0,3,1
36242,2,1,127066,127067,127068,1,2,0
36243,6,3,127072,127072,127075,0,3,4
36244,4,3,127076,127076,127079,0,3,1
36245,2,2,127078,127079,127081,1,3,0
36246,4,1,127082,127082,127083,0,1,1
36247,4,1,127086,127086,127087,0,1,3
36248,6,1,127092,127092,127093,0,1,5
36249,2,1,127094,127094,127095,0,1,1
36250,6,1,127100,127100,127101,0,1,5
36251,2,1,127102,127102,127103,0,1,1
36252,6,2,127108,127108,127110,0,2,5
36253,5,1,127113,127113,127114,0,1,3
36254,5,3,127118,127118,127121,0,3,4
36255,2,3,127120,127121,127124,1,4,0
36256,6,3,127126,127126,127129,0,3,2
36257,5,3,127131,127131,127134,0,3,2
36258,5,3,127136,127136,127139,0,3,2
36259,3,3,127139,127139,127142,0,3,0
36260,6,1,127145,127145,127146,0,1,3
36261,5,3,127150,127150,127153,0,3,4
36262,3,3,127153,127153,127156,0,3,0
36263,2,1,127155,127156,127157,1,2,0
36264,3,1,127158,127158,127159,0,1,1
36265,3,2,127161,127161,127163,0,2,2
36266,3,3,127164,127164,127167,0,3,1
36267,2,3,127166,127167,127170,1,4,0
36268,6,1,127172,127172,127173,0,1,2
36269,5,3,127177,127177,127180,0,3,4
36270,6,1,127183,127183,127184,0,1,3
36271,3,1,127186,127186,127187,0,1,2
36272,2,2,127188,127188,127190,0,2,1
36273,4,2,127192,127192,127194,0,2,2
36274,5,3,127197,127197,127200,0,3,3
36275,5,3,127202,127202,127205,0,3,2
36276,4,3,127206,127206,127209,0,3,1
36277,3,1,127209,127209,127210,0,1,0
36278,1,1,127210,127210,127211,0,1,0
36279,5,1,127215,127215,127216,0,1,4
36280,6,3,127221,127221,127224,0,3,5
36281,2,2,127223,127224,127226,1,3,0
36282,4,3,127227,127227,127230,0,3,1
36283,1,2,127228,127230,127232,2,4,0
36284,4,2,127232,127232,127234,0,2,0
36285,6,2,127238,127238,127240,0,2,4
36286,3,1,127241,127241,127242,0,1,1
36287,4,2,127245,127245,127247,0,2,3
36288,4,1,127249,127249,127250,0,1,2
36289,2,3,127251,127251,127254,0,3,1
36290,5,3,127256,127256,127259,0,3,2
36291,2,1,127258,127259,127260,1,2,0
36292,1,2,127259,127260,127262,1,3,0
36293,4,1,127263,127263,127264,0,1,1
36294,1,1,127264,127264,127265,0,1,0
36295,4,2,127268,127268,127270,0,2,3
36296,3,3,127271,127271,127274,0,3,1
36297,6,3,127277,127277,127280,0,3,3
36298,3,2,127280,127280,127282,0,2,0
36299,3,3,127283,127283,127286,0,3,1
36300,3,2,127286,127286,127288,0,2,0
36301,2,2,127288,127288,127290,0,2,0
36302,3,3,127291,127291,127294,0,3,1
36303,5,3,127296,127296,127299,0,3,2
36304,6,1,127302,127302,127303,0,1,3
36305,3,2,127305,127305,127307,0,2,2
36306,2,3,127307,127307,127310,0,3,0
36307,1,3,127308,127310,127313,2,5,0
36308,6,3,127314,127314,127317,0,3,1
36309,1,1,127315,127317,127318,2,3,0
36310,1,3,127316,127318,127321,2,5,0
36311,1,2,127317,127321,127323,4,6,0
36312,1,2,127318,127323,127325,5,7,0
36313,1,1,127319,127325,127326,6,7,0
36314,4,2,127323,127326,127328,3,5,0
36315,1,1,127324,127328,127329,4,5,0
36316,4,3,127328,127329,127332,1,4,0
36317,6,1,127334,127334,127335,0,1,2
36318,2,1,127336,127336,127337,0,1,1
36319,5,2,127341,127341,127343,0,2,4
36320,5,1,127346,127346,127347,0,1,3
36321,5,1,127351,127351,127352,0,1,4
36322,1,3,127352,127352,127355,0,3,0
36323,4,3,127356,127356,127359,0,3,1
36324,5,2,127361,127361,127363,0,2,2
36325,3,1,127364,127364,127365,0,1,1
36326,1,1,127365,127365,127366,0,1,0
36327,3,1,127368,127368,127369,0,1,2
36328,3,2,127371,127371,127373,0,2,2
36329,6,3,127377,127377,127380,0,3,4
36330,1,3,127378,127380,127383,2,5,0
36331,4,2,127382,127383,127385,1,3,0
36332,4,1,127386,127386,127387,0,1,1
36333,4,3,127390,127390,127393,0,3,3
36334,6,3,127396,127396,127399,0,3,3
36335,4,2,127400,127400,127402,0,2,1
36336,6,1,127406,127406,127407,0,1,4
36337,2,3,127408,127408,127411,0,3,1
36338,4,3,127412,127412,127415,0,3,1
36339,3,3,127415,127415,127418,0,3,0
36340,5,2,127420,127420,127422,0,2,2
36341,1,1,127421,127422,127423,1,2,0
36342,6,3,127427,127427,127430,0,3,4
36343,5,1,127432,127432,127433,0,1,2
36344,1,2,127433,127433,127435,0,2,0
36345,4,2,127437,127437,127439,0,2,2
36346,3,1,127440,127440,127441,0,1,1
36347,5,2,127445,127445,127447,0,2,4
36348,3,1,127448,127448,127449,0,1,1
36349,6,2,127454,127454,127456,0,2,5
36350,6,3,127460,127460,127463,0,3,4
36351,2,1,127462,127463,127464,1,2,0
36352,4,2,127466,127466,127468,0,2,2
36353,6,2,127472,127472,127474,0,2,4
36354,3,1,127475,127475,127476,0,1,1
36355,6,3,127481,127481,127484,0,3,5
36356,3,1,127484,127484,127485,0,1,0
36357,6,3,127490,127490,127493,0,3,5
36358,4,3,127494,127494,127497,0,3,1
36359,5,2,127499,127499,127501,0,2,2
36360,2,3,127501,127501,127504,0,3,0
36361,4,2,127505,127505,127507,0,2,1
36362,2,1,127507,127507,127508,0,1,0
36363,6,2,127513,127513,127515,0,2,5
36364,3,2,127516,127516,127518,0,2,1
36365,6,1,127522,127522,127523,0,1,4
36366,1,1,127523,127523,127524,0,1,0
36367,5,3,127528,127528,127531,0,3,4
36368,1,2,127529,127531,127533,2,4,0
36369,2,1,127531,127533,127534,2,3,0
36370,4,2,127535,127535,127537,0,2,1
36371,4,3,127539,127539,127542,0,3,2
36372,2,2,127541,127542,127544,1,3,0
36373,3,3,127544,127544,127547,0,3,0
36374,2,3,127546,127547,127550,1,4,0
36375,5,2,127551,127551,127553,0,2,1
36376,3,2,127554,127554,127556,0,2,1
36377,3,2,127557,127557,127559,0,2,1
36378,5,1,127562,127562,127563,0,1,3
36379,4,1,127566,127566,127567,0,1,3
36380,3,3,127569,127569,127572,0,3,2
36381,2,2,127571,127572,127574,1,3,0
36382,4,2,127575,127575,127577,0,2,1
36383,3,2,127578,127578,127580,0,2,1
36384,2,3,127580,127580,127583,0,3,0
36385,2,3,127582,127583,127586,1,4,0
36386,1,2,127583,127586,127588,3,5,0
36387,6,1,127589,127589,127590,0,1,1
36388,5,3,127594,127594,127597,0,3,4
36389,6,2,127600,127600,127602,0,2,3
36390,4,2,127604,127604,127606,0,2,2
36391,3,2,127607,127607,127609,0,2,1
36392,6,2,127613,127613,127615,0,2,4
36393,6,3,127619,127619,127622,0,3,4
36394,6,2,127625,127625,127627,0,2,3
36395,5,1,127630,127630,127631,0,1,3
36396,6,1,127636,127636,127637,0,1,5
36397,1,1,127637,127637,127638,0,1,0
36398,5,3,127642,127642,127645,0,3,4
36399,3,3,127645,127645,127648,0,3,0
36400,1,2,127646,127648,127650,2,4,0
36401,4,3,127650,127650,127653,0,3,0
36402,4,1,127654,127654,127655,0,1,1
36403,6,3,127660,127660,127663,0,3,5
36404,6,1,127666,127666,127667,0,1,3
36405,3,3,127669,127669,127672,0,3,2
36406,2,2,127671,127672,127674,1,3,0
36407,2,1,127673,127674,127675,1,2,0
36408,1,3,127674,127675,127678,1,4,0
36409,1,3,127675,127678,127681,3,6,0
36410,5,2,127680,127681,127683,1,3,0
36411,4,2,127684,127684,127686,0,2,1
36412,6,3,127690,127690,127693,0,3,4
36413,1,3,127691,127693,127696,2,5,0
36414,4,2,127695,127696,127698,1,3,0
36415,4,3,127699,127699,127702,0,3,1
36416,4,2,127703,127703,127705,0,2,1
36417,4,3,127707,127707,127710,0,3,2
36418,4,3,127711,127711,127714,0,3,1
36419,3,2,127714,127714,127716,0,2,0
36420,1,1,127715,127716,127717,1,2,0
36421,3,3,127718,127718,127721,0,3,1
36422,1,3,127719,127721,127724,2,5,0
36423,6,2,127725,127725,127727,0,2,1
36424,5,3,127730,127730,127733,0,3,3
36425,3,1,127733,127733,127734,0,1,0
36426,4,1,127737,127737,127738,0,1,3
36427,4,2,127741,127741,127743,0,2,3
36428,2,3,127743,127743,127746,0,3,0
36429,6,1,127749,127749,127750,0,1,3
36430,4,2,127753,127753,127755,0,2,3
36431,6,2,127759,127759,127761,0,2,4
36432,4,1,127763,127763,127764,0,1,2
36433,5,3,127768,127768,127771,0,3,4
36434,1,1,127769,127771,127772,2,3,0
36435,6,1,127775,127775,127776,0,1,3
36436,4,1,127779,127779,127780,0,1,3
36437,4,3,127783,127783,127786,0,3,3
36438,6,1,127789,127789,127790,0,1,3
36439,1,3,127790,127790,127793,0,3,0
36440,6,3,127796,127796,127799,0,3,3
36441,1,2,127797,127799,127801,2,4,0
36442,2,2,127799,127801,127803,2,4,0
36443,1,2,127800,127803,127805,3,5,0
36444,3,3,127803,127805,127808,2,5,0
36445,6,2,127809,127809,127811,0,2,1
36446,4,1,127813,127813,127814,0,1,2
36447,1,1,127814,127814,127815,0,1,0
36448,5,2,127819,127819,127821,0,2,4
36449,1,1,127820,127821,127822,1,2,0
36450,1,2,127821,127822,127824,1,3,0
36451,4,1,127825,127825,127826,0,1,1
36452,5,1,127830,127830,127831,0,1,4
36453,3,1,127833,127833,127834,0,1,2
36454,2,1,127835,127835,127836,0,1,1
36455,2,1,127837,127837,127838,0,1,1
36456,2,1,127839,127839,127840,0,1,1
36457,6,1,127845,127845,127846,0,1,5
36458,5,2,127850,127850,127852,0,2,4
36459,5,1,127855,127855,127856,0,1,3
36460,4,1,127859,127859,127860,0,1,3
36461,5,2,127864,127864,127866,0,2,4
36462,1,2,127865,127866,127868,1,3,0
36463,3,2,127868,127868,127870,0,2,0
36464,2,1,127870,127870,127871,0,1,0
36465,2,1,127872,127872,127873,0,1,1
36466,5,2,127877,127877,127879,0,2,4
36467,3,2,127880,127880,127882,0,2,1
36468,2,2,127882,127882,127884,0,2,0
36469,4,2,127886,127886,127888,0,2,2
36470,3,1,127889,127889,127890,0,1,1
36471,4,3,127893,127893,127896,0,3,3
36472,2,1,127895,127896,127897,1,2,0
36473,5,3,127900,127900,127903,0,3,3
36474,1,3,127901,127903,127906,2,5,0
36475,6,2,127907,127907,127909,0,2,1
36476,1,1,127908,127909,127910,1,2,0
36477,4,2,127912,127912,127914,0,2,2
36478,1,1,127913,127914,127915,1,2,0
36479,2,2,127915,127915,127917,0,2,0
36480,4,3,127919,127919,127922,0,3,2
36481,4,1,127923,127923,127924,0,1,1
36482,6,3,127929,127929,127932,0,3,5
36483,4,2,127933,127933,127935,0,2,1
36484,3,3,127936,127936,127939,0,3,1
36485,6,3,127942,127942,127945,0,3,3
36486,1,1,127943,127945,127946,2,3,0
36487,1,1,127944,127946,127947,2,3,0
36488,2,3,127946,127947,127950,1,4,0
36489,4,3,127950,127950,127953,0,3,0
36490,2,3,127952,127953,127956,1,4,0
36491,3,3,127955,127956,127959,1,4,0
36492,4,2,127959,127959,127961,0,2,0
36493,6,2,127965,127965,127967,0,2,4
36494,5,3,127970,127970,127973,0,3,3
36495,5,2,127975,127975,127977,0,2,2
36496,4,3,127979,127979,127982,0,3,2
36497,4,3,127983,127983,127986,0,3,1
36498,3,1,127986,127986,127987,0,1,0
36499,5,1,127991,127991,127992,0,1,4
36500,4,1,127995,127995,127996,0,1,3
36501,6,3,128001,128001,128004,0,3,5
36502,5,2,128006,128006,128008,0,2,2
36503,5,2,128011,128011,128013,0,2,3
36504,2,2,128013,128013,128015,0,2,0
36505,4,1,128017,128017,128018,0,1,2
36506,4,2,128021,128021,128023,0,2,3
36507,5,2,128026,128026,128028,0,2,3
36508,3,2,128029,128029,128031,0,2,1
36509,2,2,128031,128031,128033,0,2,0
36510,3,1,128034,128034,128035,0,1,1
36511,2,2,128036,128036,128038,0,2,1
36512,1,1,128037,128038,128039,1,2,0
36513,1,1,128038,128039,128040,1,2,0
36514,1,2,128039,128040,128042,1,3,0
36515,4,3,128043,128043,128046,0,3,1
36516,3,2,128046,128046,128048,0,2,0
36517,4,2,128050,128050,128052,0,2,2
36518,1,3,128051,128052,128055,1,4,0
36519,3,2,128054,128055,128057,1,3,0
36520,3,3,128057,128057,128060,0,3,0
36521,2,3,128059,128060,128063,1,4,0
36522,5,1,128064,128064,128065,0,1,1
36523,6,3,128070,128070,128073,0,3,5
36524,3,1,128073,128073,128074,0,1,0
36525,3,1,128076,128076,128077,0,1,2
36526,2,1,128078,128078,128079,0,1,1
36527,4,3,128082,128082,128085,0,3,3
36528,4,1,128086,128086,128087,0,1,1
36529,3,1,128089,128089,128090,0,1,2
36530,6,3,128095,128095,128098,0,3,5
36531,6,3,128101,128101,128104,0,3,3
36532,2,2,128103,128104,128106,1,3,0
36533,2,2,128105,128106,128108,1,3,0
36534,3,3,128108,128108,128111,0,3,0
36535,6,2,128114,128114,128116,0,2,3
36536,2,3,128116,128116,128119,0,3,0
36537,5,1,128121,128121,128122,0,1,2
36538,2,3,128123,128123,128126,0,3,1
36539,6,2,128129,128129,128131,0,2,3
36540,5,1,128134,128134,128135,0,1,3
36541,5,1,128139,128139,128140,0,1,4
36542,4,2,128143,128143,128145,0,2,3
36543,4,2,128147,128147,128149,0,2,2
36544,2,1,128149,128149,128150,0,1,0
36545,6,1,128155,128155,128156,0,1,5
36546,6,2,128161,128161,128163,0,2,5
36547,6,3,128167,128167,128170,0,3,4
36548,5,1,128172,128172,128173,0,1,2
36549,6,1,128178,128178,128179,0,1,5
36550,3,2,128181,128181,128183,0,2,2
36551,4,3,128185,128185,128188,0,3,2
36552,3,2,128188,128188,128190,0,2,0
36553,1,2,128189,128190,128192,1,3,0
36554,2,1,128191,128192,128193,1,2,0
36555,2,3,128193,128193,128196,0,3,0
36556,6,3,128199,128199,128202,0,3,3
36557,3,1,128202,128202,128203,0,1,0
36558,3,3,128205,128205,128208,0,3,2
36559,4,1,128209,128209,128210,0,1,1
36560,2,2,128211,128211,128213,0,2,1
36561,2,1,128213,128213,128214,0,1,0
36562,2,1,128215,128215,128216,0,1,1
36563,6,3,128221,128221,128224,0,3,5
36564,4,2,128225,128225,128227,0,2,1
36565,4,2,128229,128229,128231,0,2,2
36566,6,3,128235,128235,128238,0,3,4
36567,2,1,128237,128238,128239,1,2,0
36568,5,3,128242,128242,128245,0,3,3
36569,3,2,128245,128245,128247,0,2,0
36570,5,3,128250,128250,128253,0,3,3
36571,3,3,128253,128253,128256,0,3,0
36572,1,2,128254,128256,128258,2,4,0
36573,2,2,128256,128258,128260,2,4,0
36574,3,3,128259,128260,128263,1,4,0
36575,4,2,128263,128263,128265,0,2,0
36576,2,2,128265,128265,128267,0,2,0
36577,1,1,128266,128267,128268,1,2,0
36578,6,2,128272,128272,128274,0,2,4
36579,1,2,128273,128274,128276,1,3,0
36580,6,3,128279,128279,128282,0,3,3
36581,3,3,128282,128282,128285,0,3,0
36582,2,2,128284,128285,128287,1,3,0
36583,3,1,128287,128287,128288,0,1,0
36584,2,3,128289,128289,128292,0,3,1
36585,5,3,128294,128294,128297,0,3,2
36586,1,1,128295,128297,128298,2,3,0
36587,6,2,128301,128301,128303,0,2,3
36588,3,2,128304,128304,128306,0,2,1
36589,6,2,128310,128310,128312,0,2,4
36590,5,3,128315,128315,128318,0,3,3
36591,4,1,128319,128319,128320,0,1,1
36592,1,2,128320,128320,128322,0,2,0
36593,2,1,128322,128322,128323,0,1,0
36594,1,2,128323,128323,128325,0,2,0
36595,6,3,128329,128329,128332,0,3,4
36596,5,2,128334,128334,128336,0,2,2
36597,2,1,128336,128336,128337,0,1,0
36598,1,3,128337,128337,128340,0,3,0
36599,3,1,128340,128340,128341,0,1,0
36600,2,2,128342,128342,128344,0,2,1
36601,4,3,128346,128346,128349,0,3,2
36602,6,1,128352,128352,128353,0,1,3
36603,2,3,128354,128354,128357,0,3,1
36604,3,2,128357,128357,128359,0,2,0
36605,1,2,128358,128359,128361,1,3,0
36606,4,1,128362,128362,128363,0,1,1
36607,6,1,128368,128368,128369,0,1,5
36608,1,3,128369,128369,128372,0,3,0
36609,5,1,128374,128374,128375,0,1,2
36610,2,2,128376,128376,128378,0,2,1
36611,1,3,128377,128378,128381,1,4,0
36612,4,3,128381,128381,128384,0,3,0
36613,2,1,128383,128384,128385,1,2,0
36614,4,1,128387,128387,128388,0,1,2
36615,5,2,128392,128392,128394,0,2,4
36616,5,3,128397,128397,128400,0,3,3
36617,2,2,128399,128400,128402,1,3,0
36618,5,2,128404,128404,128406,0,2,2
36619,2,1,128406,128406,128407,0,1,0
36620,4,1,128410,128410,128411,0,1,3
36621,5,1,128415,128415,128416,0,1,4
36622,5,3,128420,128420,128423,0,3,4
36623,1,3,128421,128423,128426,2,5,0
36624,2,1,128423,128426,128427,3,4,0
36625,6,1,128429,128429,128430,0,1,2
36626,3,3,128432,128432,128435,0,3,2
36627,2,2,128434,128435,128437,1,3,0
36628,4,3,128438,128438,128441,0,3,1
36629,2,2,128440,128441,128443,1,3,0
36630,4,1,128444,128444,128445,0,1,1
36631,1,3,128445,128445,128448,0,3,0
36632,6,3,128451,128451,128454,0,3,3
36633,6,1,128457,128457,128458,0,1,3
36634,3,3,128460,128460,128463,0,3,2
36635,3,2,128463,128463,128465,0,2,0
36636,6,2,128469,128469,128471,0,2,4
36637,4,1,128473,128473,128474,0,1,2
36638,4,1,128477,128477,128478,0,1,3
36639,4,1,128481,128481,128482,0,1,3
36640,1,3,128482,128482,128485,0,3,0
36641,1,1,128483,128485,128486,2,3,0
36642,2,1,128485,128486,128487,1,2,0
36643,5,3,128490,128490,128493,0,3,3
36644,6,2,128496,128496,128498,0,2,3
36645,4,1,128500,128500,128501,0,1,2
36646,3,2,128503,128503,128505,0,2,2
36647,5,3,128508,128508,128511,0,3,3
36648,1,1,128509,128511,128512,2,3,0
36649,2,3,128511,128512,128515,1,4,0
36650,1,1,128512,128515,128516,3,4,0
36651,6,3,128518,128518,128521,0,3,2
36652,4,3,128522,128522,128525,0,3,1
36653,1,2,128523,128525,128527,2,4,0
36654,5,3,128528,128528,128531,0,3,1
36655,3,3,128531,128531,128534,0,3,0
36656,3,1,128534,128534,128535,0,1,0
36657,6,1,128540,128540,128541,0,1,5
36658,3,3,128543,128543,128546,0,3,2
36659,3,2,128546,128546,128548,0,2,0
36660,3,2,128549,128549,128551,0,2,1
36661,1,3,128550,128551,128554,1,4,0
36662,1,3,128551,128554,128557,3,6,0
36663,2,1,128553,128557,128558,4,5,0
36664,3,2,128556,128558,128560,2,4,0
36665,3,2,128559,128560,128562,1,3,0
36666,3,2,128562,128562,128564,0,2,0
36667,1,2,128563,128564,128566,1,3,0
36668,2,2,128565,128566,128568,1,3,0
36669,4,1,128569,128569,128570,0,1,1
36670,6,2,128575,128575,128577,0,2,5
36671,1,2,128576,128577,128579,1,3,0
36672,5,1,128581,128581,128582,0,1,2
36673,5,3,128586,128586,128589,0,3,4
36674,3,2,128589,128589,128591,0,2,0
36675,3,1,128592,128592,128593,0,1,1
36676,6,1,128598,128598,128599,0,1,5
36677,5,2,128603,128603,128605,0,2,4
36678,1,3,128604,128605,128608,1,4,0
36679,4,3,128608,128608,128611,0,3,0
36680,1,1,128609,128611,128612,2,3,0
36681,4,1,128613,128613,128614,0,1,1
36682,1,2,128614,128614,128616,0,2,0
36683,5,1,128619,128619,128620,0,1,3
36684,4,1,128623,128623,128624,0,1,3
36685,1,3,128624,128624,128627,0,3,0
36686,5,1,128629,128629,128630,0,1,2
36687,2,1,128631,128631,128632,0,1,1
36688,6,2,128637,128637,128639,0,2,5
36689,3,3,128640,128640,128643,0,3,1
36690,3,2,128643,128643,128645,0,2,0
36691,6,1,128649,128649,128650,0,1,4
36692,5,1,128654,128654,128655,0,1,4
36693,1,1,128655,128655,128656,0,1,0
36694,4,3,128659,128659,128662,0,3,3
36695,6,3,128665,128665,128668,0,3,3
36696,4,1,128669,128669,128670,0,1,1
36697,6,1,128675,128675,128676,0,1,5
36698,2,1,128677,128677,128678,0,1,1
36699,1,3,128678,128678,128681,0,3,0
36700,3,1,128681,128681,128682,0,1,0
36701,4,1,128685,128685,128686,0,1,3
36702,4,1,128689,128689,128690,0,1,3
36703,6,2,128695,128695,128697,0,2,5
36704,3,2,128698,128698,128700,0,2,1
36705,5,2,128703,128703,128705,0,2,3
36706,6,3,128709,128709,128712,0,3,4
36707,3,1,128712,128712,128713,0,1,0
36708,6,3,128718,128718,128721,0,3,5
36709,2,3,128720,128721,128724,1,4,0
36710,4,2,128724,128724,128726,0,2,0
36711,3,1,128727,128727,128728,0,1,1
36712,6,3,128733,128733,128736,0,3,5
36713,4,2,128737,128737,128739,0,2,1
36714,5,1,128742,128742,128743,0,1,3
36715,1,3,128743,128743,128746,0,3,0
36716,4,3,128747,128747,128750,0,3,1
36717,2,3,128749,128750,128753,1,4,0
36718,6,2,128755,128755,128757,0,2,2
36719,4,1,128759,128759,128760,0,1,2
36720,1,2,128760,128760,128762,0,2,0
36721,3,2,128763,128763,128765,0,2,1
36722,3,1,128766,128766,128767,0,1,1
36723,5,1,128771,128771,128772,0,1,4
36724,2,3,128773,128773,128776,0,3,1
36725,5,3,128778,128778,128781,0,3,2
36726,3,1,128781,128781,128782,0,1,0
36727,3,1,128784,128784,128785,0,1,2
36728,3,1,128787,128787,128788,0,1,2
36729,3,1,128790,128790,128791,0,1,2
36730,4,2,128794,128794,128796,0,2,3
36731,5,2,128799,128799,128801,0,2,3
36732,3,3,128802,128802,128805,0,3,1
36733,4,1,128806,128806,128807,0,1,1
36734,2,2,128808,128808,128810,0,2,1
36735,6,1,128814,128814,128815,0,1,4
36736,2,2,128816,128816,128818,0,2,1
36737,1,1,128817,128818,128819,1,2,0
36738,6,3,128823,128823,128826,0,3,4
36739,3,1,128826,128826,128827,0,1,0
36740,4,2,128830,128830,128832,0,2,3
36741,1,1,128831,128832,128833,1,2,0
36742,3,3,128834,128834,128837,0,3,1
36743,3,3,128837,128837,128840,0,3,0
36744,6,3,128843,128843,128846,0,3,3
36745,2,2,128845,128846,128848,1,3,0
36746,3,2,128848,128848,128850,0,2,0
36747,6,1,128854,128854,128855,0,1,4
36748,4,2,128858,128858,128860,0,2,3
36749,2,1,128860,128860,128861,0,1,0
36750,5,3,128865,128865,128868,0,3,4
36751,4,2,128869,128869,128871,0,2,1
36752,6,1,128875,128875,128876,0,1,4
36753,1,1,128876,128876,128877,0,1,0
36754,3,3,128879,128879,128882,0,3,2
36755,5,3,128884,128884,128887,0,3,2
36756,5,1,128889,128889,128890,0,1,2
36757,1,2,128890,128890,128892,0,2,0
36758,2,1,128892,128892,128893,0,1,0
36759,6,3,128898,128898,128901,0,3,5
36760,1,3,128899,128901,128904,2,5,0
36761,5,3,128904,128904,128907,0,3,0
36762,3,2,128907,128907,128909,0,2,0
36763,5,3,128912,128912,128915,0,3,3
36764,3,1,128915,128915,128916,0,1,0
36765,4,3,128919,128919,128922,0,3,3
36766,5,3,128924,128924,128927,0,3,2
36767,2,3,128926,128927,128930,1,4,0
36768,1,1,128927,128930,128931,3,4,0
36769,4,1,128931,128931,128932,0,1,0
36770,1,1,128932,128932,128933,0,1,0
36771,4,3,128936,128936,128939,0,3,3
36772,4,1,128940,128940,128941,0,1,1
36773,2,2,128942,128942,128944,0,2,1
36774,5,3,128947,128947,128950,0,3,3
36775,5,1,128952,128952,128953,0,1,2
36776,6,3,128958,128958,128961,0,3,5
36777,2,3,128960,128961,128964,1,4,0
36778,6,3,128966,128966,128969,0,3,2
36779,5,3,128971,128971,128974,0,3,2
36780,6,2,128977,128977,128979,0,2,3
36781,2,1,128979,128979,128980,0,1,0
36782,3,2,128982,128982,128984,0,2,2
36783,4,1,128986,128986,128987,0,1,2
36784,4,1,128990,128990,128991,0,1,3
36785,6,1,128996,128996,128997,0,1,5
36786,4,2,129000,129000,129002,0,2,3
36787,4,1,129004,129004,129005,0,1,2
36788,4,1,129008,129008,129009,0,1,3
36789,2,1,129010,129010,129011,0,1,1
36790,2,2,129012,129012,129014,0,2,1
36791,4,3,129016,129016,129019,0,3,2
36792,5,3,129021,129021,129024,0,3,2
36793,1,3,129022,129024,129027,2,5,0
36794,4,1,129026,129027,129028,1,2,0
36795,3,1,129029,129029,129030,0,1,1
36796,2,2,129031,129031,129033,0,2,1
36797,2,1,129033,129033,129034,0,1,0
36798,6,2,129039,129039,129041,0,2,5
36799,3,1,129042,129042,129043,0,1,1
36800,4,2,129046,129046,129048,0,2,3
36801,2,3,129048,129048,129051,0,3,0
36802,3,1,129051,129051,129052,0,1,0
36803,4,1,129055,129055,129056,0,1,3
36804,4,2,129059,129059,129061,0,2,3
36805,2,3,129061,129061,129064,0,3,0
36806,4,2,129065,129065,129067,0,2,1
36807,6,1,129071,129071,129072,0,1,4
36808,4,1,129075,129075,129076,0,1,3
36809,1,1,129076,129076,129077,0,1,0
36810,6,3,129082,129082,129085,0,3,5
36811,5,2,129087,129087,129089,0,2,2
36812,6,1,129093,129093,129094,0,1,4
36813,2,1,129095,129095,129096,0,1,1
36814,6,2,129101,129101,129103,0,2,5
36815,6,2,129107,129107,129109,0,2,4
36816,6,1,129113,129113,129114,0,1,4
36817,5,3,129118,129118,129121,0,3,4
36818,1,1,129119,129121,129122,2,3,0
36819,1,1,129120,129122,129123,2,3,0
36820,5,3,129125,129125,129128,0,3,2
36821,5,1,129130,129130,129131,0,1,2
36822,4,2,129134,129134,129136,0,2,3
36823,1,3,129135,129136,129139,1,4,0
36824,2,1,129137,129139,129140,2,3,0
36825,6,2,129143,129143,129145,0,2,3
36826,1,3,129144,129145,129148,1,4,0
36827,5,1,129149,129149,129150,0,1,1
36828,4,3,129153,129153,129156,0,3,3
36829,5,1,129158,129158,129159,0,1,2
36830,6,1,129164,129164,129165,0,1,5
36831,1,2,129165,129165,129167,0,2,0
36832,3,2,129168,129168,129170,0,2,1
36833,4,2,129172,129172,129174,0,2,2
36834,2,1,129174,129174,129175,0,1,0
36835,1,1,129175,129175,129176,0,1,0
36836,1,3,129176,129176,129179,0,3,0
36837,6,2,129182,129182,129184,0,2,3
36838,3,1,129185,129185,129186,0,1,1
36839,4,3,129189,129189,129192,0,3,3
36840,1,1,129190,129192,129193,2,3,0
36841,4,2,129194,129194,129196,0,2,1
36842,2,2,129196,129196,129198,0,2,0
36843,5,3,129201,129201,129204,0,3,3
36844,1,3,129202,129204,129207,2,5,0
36845,4,3,129206,129207,129210,1,4,0
36846,1,3,129207,129210,129213,3,6,0
36847,4,2,129211,129213,129215,2,4,0
36848,2,1,129213,129215,129216,2,3,0
36849,3,1,129216,129216,129217,0,1,0
36850,5,2,129221,129221,129223,0,2,4
36851,5,1,129226,129226,129227,0,1,3
36852,4,2,129230,129230,129232,0,2,3
36853,1,2,129231,129232,129234,1,3,0
36854,1,2,129232,129234,129236,2,4,0
36855,6,3,129238,129238,129241,0,3,2
36856,3,3,129241,129241,129244,0,3,0
36857,2,3,129243,129244,129247,1,4,0
36858,6,3,129249,129249,129252,0,3,2
36859,1,2,129250,129252,129254,2,4,0
36860,4,1,129254,129254,129255,0,1,0
36861,3,2,129257,129257,129259,0,2,2
36862,5,1,129262,129262,129263,0,1,3
36863,6,3,129268,129268,129271,0,3,5
36864,1,1,129269,129271,129272,2,3,0
36865,1,3,129270,129272,129275,2,5,0
36866,5,2,129275,129275,129277,0,2,0
36867,4,2,129279,129279,129281,0,2,2
36868,2,1,129281,129281,129282,0,1,0
36869,1,1,129282,129282,129283,0,1,0
36870,2,1,129284,129284,129285,0,1,1
36871,1,1,129285,129285,129286,0,1,0
36872,1,3,129286,129286,129289,0,3,0
36873,2,1,129288,129289,129290,1,2,0
36874,2,3,129290,129290,129293,0,3,0
36875,4,2,129294,129294,129296,0,2,1
36876,2,3,129296,129296,129299,0,3,0
36877,3,1,129299,129299,129300,0,1,0
36878,6,2,129305,129305,129307,0,2,5
36879,1,3,129306,129307,129310,1,4,0
36880,1,2,129307,129310,129312,3,5,0
36881,4,2,129311,129312,129314,1,3,0
36882,2,2,129313,129314,129316,1,3,0
36883,2,2,129315,129316,129318,1,3,0
36884,3,3,129318,129318,129321,0,3,0
36885,5,3,129323,129323,129326,0,3,2
36886,1,1,129324,129326,129327,2,3,0
36887,6,1,129330,129330,129331,0,1,3
36888,4,1,129334,129334,129335,0,1,3
36889,5,1,129339,129339,129340,0,1,4
36890,4,3,129343,129343,129346,0,3,3
36891,2,1,129345,129346,129347,1,2,0
36892,3,3,129348,129348,129351,0,3,1
36893,3,1,129351,129351,129352,0,1,0
36894,1,1,129352,129352,129353,0,1,0
36895,1,2,129353,129353,129355,0,2,0
36896,4,3,129357,129357,129360,0,3,2
36897,2,1,129359,129360,129361,1,2,0
36898,1,3,129360,129361,129364,1,4,0
36899,4,2,129364,129364,129366,0,2,0
36900,3,3,129367,129367,129370,0,3,1
36901,4,1,129371,129371,129372,0,1,1
36902,4,3,129375,129375,129378,0,3,3
36903,5,3,129380,129380,129383,0,3,2
36904,4,2,129384,129384,129386,0,2,1
36905,2,2,129386,129386,129388,0,2,0
36906,4,1,129390,129390,129391,0,1,2
36907,2,2,129392,129392,129394,0,2,1
36908,5,2,129397,129397,129399,0,2,3
36909,3,1,129400,129400,129401,0,1,1
36910,3,2,129403,129403,129405,0,2,2
36911,5,1,129408,129408,129409,0,1,3
36912,1,3,129409,129409,129412,0,3,0
36913,1,1,129410,129412,129413,2,3,0
36914,3,3,129413,129413,129416,0,3,0
36915,1,1,129414,129416,129417,2,3,0
36916,3,2,129417,129417,129419,0,2,0
36917,1,3,129418,129419,129422,1,4,0
36918,1,3,129419,129422,129425,3,6,0
36919,3,1,129422,129425,129426,3,4,0
36920,6,2,129428,129428,129430,0,2,2
36921,5,2,129433,129433,129435,0,2,3
36922,4,1,129437,129437,129438,0,1,2
36923,2,2,129439,129439,129441,0,2,1
36924,6,2,129445,129445,129447,0,2,4
36925,5,2,129450,129450,129452,0,2,3
36926,4,3,129454,129454,129457,0,3,2
36927,4,2,129458,129458,129460,0,2,1
36928,4,2,129462,129462,129464,0,2,2
36929,1,1,129463,129464,129465,1,2,0
36930,3,1,129466,129466,129467,0,1,1
36931,4,3,129470,129470,129473,0,3,3
36932,6,1,129476,129476,129477,0,1,3
36933,2,3,129478,129478,129481,0,3,1
36934,4,1,129482,129482,129483,0,1,1
36935,4,1,129486,129486,129487,0,1,3
36936,1,1,129487,129487,129488,0,1,0
36937,5,2,129492,129492,129494,0,2,4
36938,5,1,129497,129497,129498,0,1,3
36939,5,3,129502,129502,129505,0,3,4
36940,1,1,129503,129505,129506,2,3,0
36941,3,1,129506,129506,129507,0,1,0
36942,2,2,129508,129508,129510,0,2,1
36943,3,1,129511,129511,129512,0,1,1
36944,2,1,129513,129513,129514,0,1,1
36945,1,1,129514,129514,129515,0,1,0
36946,5,3,129519,129519,129522,0,3,4
36947,1,1,129520,129522,129523,2,3,0
36948,2,3,129522,129523,129526,1,4,0
36949,5,3,129527,129527,129530,0,3,1
36950,4,1,129531,129531,129532,0,1,1
36951,4,3,129535,129535,129538,0,3,3
36952,3,2,129538,129538,129540,0,2,0
36953,6,2,129544,129544,129546,0,2,4
36954,6,2,129550,129550,129552,0,2,4
36955,2,2,129552,129552,129554,0,2,0
36956,5,1,129557,129557,129558,0,1,3
36957,3,1,129560,129560,129561,0,1,2
36958,2,1,129562,129562,129563,0,1,1
36959,5,1,129567,129567,129568,0,1,4
36960,4,1,129571,129571,129572,0,1,3
36961,3,3,129574,129574,129577,0,3,2
36962,2,2,129576,129577,129579,1,3,0
36963,3,3,129579,129579,129582,0,3,0
36964,5,2,129584,129584,129586,0,2,2
36965,4,1,129588,129588,129589,0,1,2
36966,1,2,129589,129589,129591,0,2,0
36967,2,1,129591,129591,129592,0,1,0
36968,1,3,129592,129592,129595,0,3,0
36969,4,3,129596,129596,129599,0,3,1
36970,1,1,129597,129599,129600,2,3,0
36971,5,1,129602,129602,129603,0,1,2
36972,1,3,129603,129603,129606,0,3,0
36973,2,3,129605,129606,129609,1,4,0
36974,3,2,129608,129609,129611,1,3,0
36975,2,2,129610,129611,129613,1,3,0
36976,6,2,129616,129616,129618,0,2,3
36977,5,3,129621,129621,129624,0,3,3
36978,6,2,129627,129627,129629,0,2,3
36979,2,2,129629,129629,129631,0,2,0
36980,3,1,129632,129632,129633,0,1,1
36981,4,3,129636,129636,129639,0,3,3
36982,2,1,129638,129639,129640,1,2,0
36983,1,1,129639,129640,129641,1,2,0
36984,5,3,129644,129644,129647,0,3,3
36985,5,1,129649,129649,129650,0,1,2
36986,2,3,129651,129651,129654,0,3,1
36987,1,3,129652,129654,129657,2,5,0
36988,6,1,129658,129658,129659,0,1,1
36989,2,3,129660,129660,129663,0,3,1
36990,3,3,129663,129663,129666,0,3,0
36991,4,1,129667,129667,129668,0,1,1
36992,5,1,129672,129672,129673,0,1,4
36993,5,3,129677,129677,129680,0,3,4
36994,6,1,129683,129683,129684,0,1,3
36995,5,2,129688,129688,129690,0,2,4
36996,2,3,129690,129690,129693,0,3,0
36997,3,2,129693,129693,129695,0,2,0
36998,6,2,129699,129699,129701,0,2,4
36999,6,3,129705,129705,129708,0,3,4
37000,6,3,129711,129711,129714,0,3,3
37001,1,3,129712,129714,129717,2,5,0
37002,6,3,129718,129718,129721,0,3,1
37003,4,3,129722,129722,129725,0,3,1
37004,1,1,129723,129725,129726,2,3,0
37005,4,1,129727,129727,129728,0,1,1
37006,2,2,129729,129729,129731,0,2,1
37007,3,1,129732,129732,129733,0,1,1
37008,2,1,129734,129734,129735,0,1,1
37009,2,1,129736,129736,129737,0,1,1
37010,3,1,129739,129739,129740,0,1,2
37011,2,1,129741,129741,129742,0,1,1
37012,5,1,129746,129746,129747,0,1,4
37013,6,3,129752,129752,129755,0,3,5
37014,4,1,129756,129756,129757,0,1,1
37015,1,1,129757,129757,129758,0,1,0
37016,3,3,129760,129760,129763,0,3,2
37017,5,2,129765,129765,129767,0,2,2
37018,1,1,129766,129767,129768,1,2,0
37019,5,2,129771,129771,129773,0,2,3
37020,6,3,129777,129777,129780,0,3,4
37021,1,2,129778,129780,129782,2,4,0
37022,4,2,129782,129782,129784,0,2,0
37023,6,1,129788,129788,129789,0,1,4
37024,2,1,129790,129790,129791,0,1,1
37025,6,1,129796,129796,129797,0,1,5
37026,3,3,129799,129799,129802,0,3,2
37027,5,3,129804,129804,129807,0,3,2
37028,3,1,129807,129807,129808,0,1,0
37029,6,1,129813,129813,129814,0,1,5
37030,2,1,129815,129815,129816,0,1,1
37031,6,2,129821,129821,129823,0,2,5
37032,6,3,129827,129827,129830,0,3,4
37033,6,3,129833,129833,129836,0,3,3
37034,2,2,129835,129836,129838,1,3,0
37035,6,3,129841,129841,129844,0,3,3
37036,2,2,129843,129844,129846,1,3,0
37037,5,2,129848,129848,129850,0,2,2
37038,6,1,129854,129854,129855,0,1,4
37039,2,1,129856,129856,129857,0,1,1
37040,1,2,129857,129857,129859,0,2,0
37041,3,1,129860,129860,129861,0,1,1
37042,1,3,129861,129861,129864,0,3,0
37043,1,1,129862,129864,129865,2,3,0
37044,5,3,129867,129867,129870,0,3,2
37045,2,3,129869,129870,129873,1,4,0
37046,2,3,129871,129873,129876,2,5,0
37047,1,1,129872,129876,129877,4,5,0
37048,5,2,129877,129877,129879,0,2,0
37049,3,1,129880,129880,129881,0,1,1
37050,6,2,129886,129886,129888,0,2,5
37051,6,2,129892,129892,129894,0,2,4
37052,3,1,129895,129895,129896,0,1,1
37053,4,1,129899,129899,129900,0,1,3
37054,4,1,129903,129903,129904,0,1,3
37055,3,2,129906,129906,129908,0,2,2
37056,2,3,129908,129908,129911,0,3,0
37057,2,1,129910,129911,129912,1,2,0
37058,1,3,129911,129912,129915,1,4,0
37059,3,2,129914,129915,129917,1,3,0
37060,5,2,129919,129919,129921,0,2,2
37061,2,2,129921,129921,129923,0,2,0
37062,3,2,129924,129924,129926,0,2,1
37063,1,2,129925,129926,129928,1,3,0
37064,4,1,129929,129929,129930,0,1,1
37065,2,1,129931,129931,129932,0,1,1
37066,6,3,129937,129937,129940,0,3,5
37067,6,3,129943,129943,129946,0,3,3
37068,6,3,129949,129949,129952,0,3,3
37069,3,3,129952,129952,129955,0,3,0
37070,6,2,129958,129958,129960,0,2,3
37071,4,1,129962,129962,129963,0,1,2
37072,6,1,129968,129968,129969,0,1,5
37073,2,3,129970,129970,129973,0,3,1
37074,1,2,129971,129973,129975,2,4,0
37075,6,2,129977,129977,129979,0,2,2
37076,2,3,129979,129979,129982,0,3,0
37077,2,2,129981,129982,129984,1,3,0
37078,6,1,129987,129987,129988,0,1,3
37079,5,3,129992,129992,129995,0,3,4
37080,4,1,129996,129996,129997,0,1,1
37081,6,2,130002,130002,130004,0,2,5
37082,4,1,130006,130006,130007,0,1,2
37083,4,2,130010,130010,130012,0,2,3
37084,2,2,130012,130012,130014,0,2,0
37085,2,2,130014,130014,130016,0,2,0
37086,6,2,130020,130020,130022,0,2,4
37087,2,2,130022,130022,130024,0,2,0
37088,3,3,130025,130025,130028,0,3,1
37089,6,1,130031,130031,130032,0,1,3
37090,6,3,130037,130037,130040,0,3,5
37091,2,1,130039,130040,130041,1,2,0
37092,3,1,130042,130042,130043,0,1,1
37093,5,2,130047,130047,130049,0,2,4
37094,4,1,130051,130051,130052,0,1,2
37095,2,2,130053,130053,130055,0,2,1
37096,6,3,130059,130059,130062,0,3,4
37097,1,1,130060,130062,130063,2,3,0
37098,6,1,130066,130066,130067,0,1,3
37099,5,3,130071,130071,130074,0,3,4
37100,4,2,130075,130075,130077,0,2,1
37101,2,1,130077,130077,130078,0,1,0
37102,2,2,130079,130079,130081,0,2,1
37103,3,3,130082,130082,130085,0,3,1
37104,3,3,130085,130085,130088,0,3,0
37105,4,3,130089,130089,130092,0,3,1
37106,4,3,130093,130093,130096,0,3,1
37107,4,1,130097,130097,130098,0,1,1
37108,6,1,130103,130103,130104,0,1,5
37109,1,2,130104,130104,130106,0,2,0
37110,2,2,130106,130106,130108,0,2,0
37111,3,3,130109,130109,130112,0,3,1
37112,5,1,130114,130114,130115,0,1,2
37113,5,3,130119,130119,130122,0,3,4
37114,1,1,130120,130122,130123,2,3,0
37115,4,3,130124,130124,130127,0,3,1
37116,2,3,130126,130127,130130,1,4,0
37117,4,2,130130,130130,130132,0,2,0
37118,4,3,130134,130134,130137,0,3,2
37119,1,2,130135,130137,130139,2,4,0
37120,4,1,130139,130139,130140,0,1,0
37121,1,3,130140,130140,130143,0,3,0
37122,6,3,130146,130146,130149,0,3,3
37123,6,1,130152,130152,130153,0,1,3
37124,5,2,130157,130157,130159,0,2,4
37125,6,1,130163,130163,130164,0,1,4
37126,4,2,130167,130167,130169,0,2,3
37127,6,3,130173,130173,130176,0,3,4
37128,5,1,130178,130178,130179,0,1,2
37129,2,1,130180,130180,130181,0,1,1
37130,1,2,130181,130181,130183,0,2,0
37131,6,2,130187,130187,130189,0,2,4
37132,5,3,130192,130192,130195,0,3,3
37133,3,3,130195,130195,130198,0,3,0
37134,5,3,130200,130200,130203,0,3,2
37135,2,2,130202,130203,130205,1,3,0
37136,2,2,130204,130205,130207,1,3,0
37137,5,2,130209,130209,130211,0,2,2
37138,2,2,130211,130211,130213,0,2,0
37139,6,1,130217,130217,130218,0,1,4
37140,5,2,130222,130222,130224,0,2,4
37141,2,3,130224,130224,130227,0,3,0
37142,3,1,130227,130227,130228,0,1,0
37143,6,1,130233,130233,130234,0,1,5
37144,5,1,130238,130238,130239,0,1,4
37145,3,1,130241,130241,130242,0,1,2
37146,2,3,130243,130243,130246,0,3,1
37147,1,3,130244,130246,130249,2,5,0
37148,1,2,130245,130249,130251,4,6,0
37149,4,3,130249,130251,130254,2,5,0
37150,6,2,130255,130255,130257,0,2,1
37151,6,2,130261,130261,130263,0,2,4
37152,5,1,130266,130266,130267,0,1,3
37153,1,2,130267,130267,130269,0,2,0
37154,4,1,130271,130271,130272,0,1,2
37155,4,2,130275,130275,130277,0,2,3
37156,4,3,130279,130279,130282,0,3,2
37157,1,3,130280,130282,130285,2,5,0
37158,2,2,130282,130285,130287,3,5,0
37159,6,2,130288,130288,130290,0,2,1
37160,2,1,130290,130290,130291,0,1,0
37161,2,3,130292,130292,130295,0,3,1
37162,6,3,130298,130298,130301,0,3,3
37163,2,2,130300,130301,130303,1,3,0
37164,6,2,130306,130306,130308,0,2,3
37165,3,3,130309,130309,130312,0,3,1
37166,6,2,130315,130315,130317,0,2,3
37167,6,1,130321,130321,130322,0,1,4
37168,1,1,130322,130322,130323,0,1,0
37169,2,3,130324,130324,130327,0,3,1
37170,4,3,130328,130328,130331,0,3,1
37171,4,2,130332,130332,130334,0,2,1
37172,2,1,130334,130334,130335,0,1,0
37173,6,1,130340,130340,130341,0,1,5
37174,4,2,130344,130344,130346,0,2,3
37175,6,3,130350,130350,130353,0,3,4
37176,5,1,130355,130355,130356,0,1,2
37177,3,3,130358,130358,130361,0,3,2
37178,1,3,130359,130361,130364,2,5,0
37179,2,1,130361,130364,130365,3,4,0
37180,4,2,130365,130365,130367,0,2,0
37181,5,2,130370,130370,130372,0,2,3
37182,5,1,130375,130375,130376,0,1,3
37183,3,1,130378,130378,130379,0,1,2
37184,2,2,130380,130380,130382,0,2,1
37185,2,2,130382,130382,130384,0,2,0
37186,6,3,130388,130388,130391,0,3,4
37187,4,2,130392,130392,130394,0,2,1
37188,6,3,130398,130398,130401,0,3,4
37189,2,3,130400,130401,130404,1,4,0
37190,6,1,130406,130406,130407,0,1,2
37191,4,1,130410,130410,130411,0,1,3
37192,3,2,130413,130413,130415,0,2,2
37193,3,2,130416,130416,130418,0,2,1
37194,5,1,130421,130421,130422,0,1,3
37195,3,3,130424,130424,130427,0,3,2
37196,4,3,130428,130428,130431,0,3,1
37197,1,2,130429,130431,130433,2,4,0
37198,5,1,130434,130434,130435,0,1,1
37199,4,3,130438,130438,130441,0,3,3
37200,5,1,130443,130443,130444,0,1,2
37201,3,2,130446,130446,130448,0,2,2
37202,2,3,130448,130448,130451,0,3,0
37203,2,2,130450,130451,130453,1,3,0
37204,4,2,130454,130454,130456,0,2,1
37205,1,3,130455,130456,130459,1,4,0
37206,3,2,130458,130459,130461,1,3,0
37207,2,2,130460,130461,130463,1,3,0
37208,3,1,130463,130463,130464,0,1,0
37209,6,1,130469,130469,130470,0,1,5
37210,2,2,130471,130471,130473,0,2,1
37211,6,1,130477,130477,130478,0,1,4
37212,1,3,130478,130478,130481,0,3,0
37213,4,2,130482,130482,130484,0,2,1
37214,4,1,130486,130486,130487,0,1,2
37215,4,2,130490,130490,130492,0,2,3
37216,5,3,130495,130495,130498,0,3,3
37217,2,2,130497,130498,130500,1,3,0
37218,2,1,130499,130500,130501,1,2,0
37219,4,2,130503,130503,130505,0,2,2
37220,3,3,130506,130506,130509,0,3,1
37221,6,3,130512,130512,130515,0,3,3
37222,1,3,130513,130515,130518,2,5,0
37223,2,3,130515,130518,130521,3,6,0
37224,6,3,130521,130521,130524,0,3,0
37225,4,3,130525,130525,130528,0,3,1
37226,2,1,130527,130528,130529,1,2,0
37227,5,2,130532,130532,130534,0,2,3
37228,5,3,130537,130537,130540,0,3,3
37229,1,2,130538,130540,130542,2,4,0
37230,5,1,130543,130543,130544,0,1,1
37231,2,2,130545,130545,130547,0,2,1
37232,4,2,130549,130549,130551,0,2,2
37233,6,3,130555,130555,130558,0,3,4
37234,4,3,130559,130559,130562,0,3,1
37235,2,3,130561,130562,130565,1,4,0
37236,4,1,130565,130565,130566,0,1,0
37237,4,3,130569,130569,130572,0,3,3
37238,1,2,130570,130572,130574,2,4,0
37239,2,1,130572,130574,130575,2,3,0
37240,1,2,130573,130575,130577,2,4,0
37241,6,1,130579,130579,130580,0,1,2
37242,3,1,130582,130582,130583,0,1,2
37243,6,1,130588,130588,130589,0,1,5
37244,3,2,130591,130591,130593,0,2,2
37245,6,1,130597,130597,130598,0,1,4
37246,1,3,130598,130598,130601,0,3,0
37247,2,1,130600,130601,130602,1,2,0
37248,4,1,130604,130604,130605,0,1,2
37249,1,3,130605,130605,130608,0,3,0
37250,4,2,130609,130609,130611,0,2,1
37251,5,3,130614,130614,130617,0,3,3
37252,1,2,130615,130617,130619,2,4,0
37253,4,3,130619,130619,130622,0,3,0
37254,6,3,130625,130625,130628,0,3,3
37255,2,2,130627,130628,130630,1,3,0
37256,1,3,130628,130630,130633,2,5,0
37257,3,1,130631,130633,130634,2,3,0
37258,5,3,130636,130636,130639,0,3,2
37259,6,2,130642,130642,130644,0,2,3
37260,5,1,130647,130647,130648,0,1,3
37261,4,1,130651,130651,130652,0,1,3
37262,6,1,130657,130657,130658,0,1,5
37263,2,3,130659,130659,130662,0,3,1
37264,2,1,130661,130662,130663,1,2,0
37265,4,3,130665,130665,130668,0,3,2
37266,4,2,130669,130669,130671,0,2,1
37267,2,1,130671,130671,130672,0,1,0
37268,2,1,130673,130673,130674,0,1,1
37269,3,2,130676,130676,130678,0,2,2
37270,3,3,130679,130679,130682,0,3,1
37271,3,3,130682,130682,130685,0,3,0
37272,6,3,130688,130688,130691,0,3,3
37273,6,2,130694,130694,130696,0,2,3
37274,4,3,130698,130698,130701,0,3,2
37275,6,1,130704,130704,130705,0,1,3
37276,2,2,130706,130706,130708,0,2,1
37277,2,1,130708,130708,130709,0,1,0
37278,1,3,130709,130709,130712,0,3,0
37279,1,3,130710,130712,130715,2,5,0
37280,6,1,130716,130716,130717,0,1,1
37281,6,3,130722,130722,130725,0,3,5
37282,4,2,130726,130726,130728,0,2,1
37283,4,2,130730,130730,130732,0,2,2
37284,6,3,130736,130736,130739,0,3,4
37285,1,1,130737,130739,130740,2,3,0
37286,1,3,130738,130740,130743,2,5,0
37287,1,2,130739,130743,130745,4,6,0
37288,1,3,130740,130745,130748,5,8,0
37289,5,2,130745,130748,130750,3,5,0
37290,1,3,130746,130750,130753,4,7,0
37291,1,3,130747,130753,130756,6,9,0
37292,3,3,130750,130756,130759,6,9,0
37293,6,1,130756,130759,130760,3,4,0
37294,5,3,130761,130761,130764,0,3,1
37295,5,2,130766,130766,130768,0,2,2
37296,4,2,130770,130770,130772,0,2,2
37297,3,3,130773,130773,130776,0,3,1
37298,2,1,130775,130776,130777,1,2,0
37299,2,1,130777,130777,130778,0,1,0
37300,2,1,130779,130779,130780,0,1,1
37301,5,3,130784,130784,130787,0,3,4
37302,1,2,130785,130787,130789,2,4,0
37303,4,3,130789,130789,130792,0,3,0
37304,5,2,130794,130794,130796,0,2,2
37305,3,3,130797,130797,130800,0,3,1
37306,4,3,130801,130801,130804,0,3,1
37307,2,2,130803,130804,130806,1,3,0
37308,1,2,130804,130806,130808,2,4,0
37309,4,3,130808,130808,130811,0,3,0
37310,4,2,130812,130812,130814,0,2,1
37311,2,1,130814,130814,130815,0,1,0
37312,4,1,130818,130818,130819,0,1,3
37313,3,2,130821,130821,130823,0,2,2
37314,2,3,130823,130823,130826,0,3,0
37315,3,1,130826,130826,130827,0,1,0
37316,3,2,130829,130829,130831,0,2,2
37317,2,1,130831,130831,130832,0,1,0
37318,1,1,130832,130832,130833,0,1,0
37319,5,1,130837,130837,130838,0,1,4
37320,3,3,130840,130840,130843,0,3,2
37321,6,3,130846,130846,130849,0,3,3
37322,3,1,130849,130849,130850,0,1,0
37323,6,3,130855,130855,130858,0,3,5
37324,2,2,130857,130858,130860,1,3,0
37325,5,1,130862,130862,130863,0,1,2
37326,4,2,130866,130866,130868,0,2,3
37327,3,2,130869,130869,130871,0,2,1
37328,4,1,130873,130873,130874,0,1,2
37329,3,2,130876,130876,130878,0,2,2
37330,1,3,130877,130878,130881,1,4,0
37331,5,3,130882,130882,130885,0,3,1
37332,5,3,130887,130887,130890,0,3,2
37333,6,2,130893,130893,130895,0,2,3
37334,4,1,130897,130897,130898,0,1,2
37335,3,3,130900,130900,130903,0,3,2
37336,1,2,130901,130903,130905,2,4,0
37337,3,3,130904,130905,130908,1,4,0
37338,4,1,130908,130908,130909,0,1,0
37339,4,3,130912,130912,130915,0,3,3
37340,2,3,130914,130915,130918,1,4,0
37341,4,3,130918,130918,130921,0,3,0
37342,2,3,130920,130921,130924,1,4,0
37343,2,2,130922,130924,130926,2,4,0
37344,1,1,130923,130926,130927,3,4,0
37345,3,2,130926,130927,130929,1,3,0
37346,4,3,130930,130930,130933,0,3,1
37347,2,2,130932,130933,130935,1,3,0
37348,6,1,130938,130938,130939,0,1,3
37349,2,2,130940,130940,130942,0,2,1
37350,1,2,130941,130942,130944,1,3,0
37351,3,2,130944,130944,130946,0,2,0
37352,2,1,130946,130946,130947,0,1,0
37353,2,3,130948,130948,130951,0,3,1
37354,4,3,130952,130952,130955,0,3,1
37355,2,3,130954,130955,130958,1,4,0
37356,6,2,130960,130960,130962,0,2,2
37357,5,3,130965,130965,130968,0,3,3
37358,5,1,130970,130970,130971,0,1,2
37359,4,1,130974,130974,130975,0,1,3
37360,4,2,130978,130978,130980,0,2,3
37361,3,1,130981,130981,130982,0,1,1
37362,2,3,130983,130983,130986,0,3,1
37363,3,2,130986,130986,130988,0,2,0
37364,1,1,130987,130988,130989,1,2,0
37365,3,1,130990,130990,130991,0,1,1
37366,3,1,130993,130993,130994,0,1,2
37367,1,1,130994,130994,130995,0,1,0
37368,6,2,131000,131000,131002,0,2,5
37369,1,1,131001,131002,131003,1,2,0
37370,4,2,131005,131005,131007,0,2,2
37371,5,3,131010,131010,131013,0,3,3
37372,5,2,131015,131015,131017,0,2,2
37373,1,1,131016,131017,131018,1,2,0
37374,4,2,131020,131020,131022,0,2,2
37375,3,3,131023,131023,131026,0,3,1
37376,1,3,131024,131026,131029,2,5,0
37377,4,3,131028,131029,131032,1,4,0
37378,2,3,131030,131032,131035,2,5,0
37379,3,3,131033,131035,131038,2,5,0
37380,6,1,131039,131039,131040,0,1,1
37381,3,2,131042,131042,131044,0,2,2
37382,6,3,131048,131048,131051,0,3,4
37383,1,1,131049,131051,131052,2,3,0
37384,2,3,131051,131052,131055,1,4,0
37385,2,2,131053,131055,131057,2,4,0
37386,2,3,131055,131057,131060,2,5,0
37387,2,3,131057,131060,131063,3,6,0
37388,4,1,131061,131063,131064,2,3,0
37389,2,3,131063,131064,131067,1,4,0
37390,1,3,131064,131067,131070,3,6,0
37391,6,1,131070,131070,131071,0,1,0
37392,5,1,131075,131075,131076,0,1,4
37393,1,3,131076,131076,131079,0,3,0
37394,6,3,131082,131082,131085,0,3,3
37395,1,2,131083,131085,131087,2,4,0
37396,3,3,131086,131087,131090,1,4,0
37397,6,3,131092,131092,131095,0,3,2
37398,3,1,131095,131095,131096,0,1,0
37399,4,3,131099,131099,131102,0,3,3
37400,1,2,131100,131102,131104,2,4,0
37401,6,2,131106,131106,131108,0,2,2
37402,5,1,131111,131111,131112,0,1,3
37403,1,1,131112,131112,131113,0,1,0
37404,4,2,131116,131116,131118,0,2,3
37405,4,2,131120,131120,131122,0,2,2
37406,3,1,131123,131123,131124,0,1,1
37407,1,3,131124,131124,131127,0,3,0
37408,5,3,131129,131129,131132,0,3,2
37409,3,2,131132,131132,131134,0,2,0
37410,4,2,131136,131136,131138,0,2,2
37411,1,1,131137,131138,131139,1,2,0
37412,3,3,131140,131140,131143,0,3,1
37413,2,1,131142,131143,131144,1,2,0
37414,3,1,131145,131145,131146,0,1,1
37415,1,1,131146,131146,131147,0,1,0
37416,1,3,131147,131147,131150,0,3,0
37417,6,2,131153,131153,131155,0,2,3
37418,3,1,131156,131156,131157,0,1,1
37419,2,1,131158,131158,131159,0,1,1
37420,4,3,131162,131162,131165,0,3,3
37421,2,1,131164,131165,131166,1,2,0
37422,6,1,131170,131170,131171,0,1,4
37423,3,1,131173,131173,131174,0,1,2
37424,5,3,131178,131178,131181,0,3,4
37425,5,2,131183,131183,131185,0,2,2
37426,2,2,131185,131185,131187,0,2,0
37427,2,2,131187,131187,131189,0,2,0
37428,5,1,131192,131192,131193,0,1,3
37429,1,1,131193,131193,131194,0,1,0
37430,6,1,131199,131199,131200,0,1,5
37431,3,2,131202,131202,131204,0,2,2
37432,4,1,131206,131206,131207,0,1,2
37433,3,3,131209,131209,131212,0,3,2
37434,3,2,131212,131212,131214,0,2,0
37435,4,3,131216,131216,131219,0,3,2
37436,5,1,131221,131221,131222,0,1,2
37437,3,3,131224,131224,131227,0,3,2
37438,6,1,131230,131230,131231,0,1,3
37439,4,1,131234,131234,131235,0,1,3
37440,1,2,131235,131235,131237,0,2,0
37441,5,2,131240,131240,131242,0,2,3
37442,4,2,131244,131244,131246,0,2,2
37443,4,1,131248,131248,131249,0,1,2
37444,6,2,131254,131254,131256,0,2,5
37445,2,1,131256,131256,131257,0,1,0
37446,1,1,131257,131257,131258,0,1,0
37447,1,2,131258,131258,131260,0,2,0
37448,4,1,131262,131262,131263,0,1,2
37449,3,2,131265,131265,131267,0,2,2
37450,5,3,131270,131270,131273,0,3,3
37451,4,2,131274,131274,131276,0,2,1
37452,5,3,131279,131279,131282,0,3,3
37453,3,3,131282,131282,131285,0,3,0
37454,6,3,131288,131288,131291,0,3,3
37455,3,3,131291,131291,131294,0,3,0
37456,2,2,131293,131294,131296,1,3,0
37457,5,3,131298,131298,131301,0,3,2
37458,1,1,131299,131301,131302,2,3,0
37459,3,3,131302,131302,131305,0,3,0
37460,3,2,131305,131305,131307,0,2,0
37461,1,1,131306,131307,131308,1,2,0
37462,3,1,131309,131309,131310,0,1,1
37463,6,1,131315,131315,131316,0,1,5
37464,5,3,131320,131320,131323,0,3,4
37465,2,2,131322,131323,131325,1,3,0
37466,5,3,131327,131327,131330,0,3,2
37467,5,2,131332,131332,131334,0,2,2
37468,1,2,131333,131334,131336,1,3,0
37469,4,2,131337,131337,131339,0,2,1
37470,3,3,131340,131340,131343,0,3,1
37471,6,2,131346,131346,131348,0,2,3
37472,3,1,131349,131349,131350,0,1,1
37473,5,3,131354,131354,131357,0,3,4
37474,1,3,131355,131357,131360,2,5,0
37475,3,3,131358,131360,131363,2,5,0
37476,5,3,131363,131363,131366,0,3,0
37477,6,1,131369,131369,131370,0,1,3
37478,2,1,131371,131371,131372,0,1,1
37479,6,2,131377,131377,131379,0,2,5
37480,2,2,131379,131379,131381,0,2,0
37481,3,1,131382,131382,131383,0,1,1
37482,1,3,131383,131383,131386,0,3,0
37483,6,1,131389,131389,131390,0,1,3
37484,3,1,131392,131392,131393,0,1,2
37485,6,3,131398,131398,131401,0,3,5
37486,1,1,131399,131401,131402,2,3,0
37487,4,3,131403,131403,131406,0,3,1
37488,5,3,131408,131408,131411,0,3,2
37489,1,2,131409,131411,131413,2,4,0
37490,5,3,131414,131414,131417,0,3,1
37491,6,3,131420,131420,131423,0,3,3
37492,1,3,131421,131423,131426,2,5,0
37493,4,1,131425,131426,131427,1,2,0
37494,2,3,131427,131427,131430,0,3,0
37495,2,1,131429,131430,131431,1,2,0
37496,4,3,131433,131433,131436,0,3,2
37497,5,1,131438,131438,131439,0,1,2
37498,3,2,131441,131441,131443,0,2,2
37499,6,3,131447,131447,131450,0,3,4
37500,2,3,131449,131450,131453,1,4,0
37501,2,2,131451,131453,131455,2,4,0
37502,1,1,131452,131455,131456,3,4,0
37503,5,1,131457,131457,131458,0,1,1
37504,6,3,131463,131463,131466,0,3,5
37505,6,1,131469,131469,131470,0,1,3
37506,4,1,131473,131473,131474,0,1,3
37507,6,2,131479,131479,131481,0,2,5
37508,3,3,131482,131482,131485,0,3,1
37509,3,3,131485,131485,131488,0,3,0
37510,6,2,131491,131491,131493,0,2,3
37511,5,3,131496,131496,131499,0,3,3
37512,5,2,131501,131501,131503,0,2,2
37513,5,1,131506,131506,131507,0,1,3
37514,5,2,131511,131511,131513,0,2,4
37515,1,1,131512,131513,131514,1,2,0
37516,2,3,131514,131514,131517,0,3,0
37517,2,3,131516,131517,131520,1,4,0
37518,2,2,131518,131520,131522,2,4,0
37519,4,2,131522,131522,131524,0,2,0
37520,1,3,131523,131524,131527,1,4,0
37521,1,2,131524,131527,131529,3,5,0
37522,4,3,131528,131529,131532,1,4,0
37523,1,1,131529,131532,131533,3,4,0
37524,1,2,131530,131533,131535,3,5,0
37525,1,2,131531,131535,131537,4,6,0
37526,5,1,131536,131537,131538,1,2,0
37527,1,1,131537,131538,131539,1,2,0
37528,1,3,131538,131539,131542,1,4,0
37529,1,3,131539,131542,131545,3,6,0
37530,4,3,131543,131545,131548,2,5,0
37531,3,3,131546,131548,131551,2,5,0
37532,4,1,131550,131551,131552,1,2,0
37533,3,2,131553,131553,131555,0,2,1
37534,5,3,131558,131558,131561,0,3,3
37535,4,3,131562,131562,131565,0,3,1
37536,3,2,131565,131565,131567,0,2,0
37537,1,1,131566,131567,131568,1,2,0
37538,4,2,131570,131570,131572,0,2,2
37539,2,1,131572,131572,131573,0,1,0
37540,4,2,131576,131576,131578,0,2,3
37541,6,1,131582,131582,131583,0,1,4
37542,6,3,131588,131588,131591,0,3,5
37543,3,2,131591,131591,131593,0,2,0
37544,3,1,131594,131594,131595,0,1,1
37545,6,2,131600,131600,131602,0,2,5
37546,2,1,131602,131602,131603,0,1,0
37547,5,1,131607,131607,131608,0,1,4
37548,1,3,131608,131608,131611,0,3,0
37549,2,2,131610,131611,131613,1,3,0
37550,5,3,131615,131615,131618,0,3,2
37551,1,2,131616,131618,131620,2,4,0
37552,2,1,131618,131620,131621,2,3,0
37553,1,1,131619,131621,131622,2,3,0
37554,6,3,131625,131625,131628,0,3,3
37555,3,2,131628,131628,131630,0,2,0
37556,3,2,131631,131631,131633,0,2,1
37557,5,2,131636,131636,131638,0,2,3
37558,3,2,131639,131639,131641,0,2,1
37559,5,3,131644,131644,131647,0,3,3
37560,1,1,131645,131647,131648,2,3,0
37561,5,1,131650,131650,131651,0,1,2
37562,5,2,131655,131655,131657,0,2,4
37563,6,1,131661,131661,131662,0,1,4
37564,3,3,131664,131664,131667,0,3,2
37565,2,3,131666,131667,131670,1,4,0
37566,5,1,131671,131671,131672,0,1,1
37567,3,2,131674,131674,131676,0,2,2
37568,6,2,131680,131680,131682,0,2,4
37569,3,1,131683,131683,131684,0,1,1
37570,1,2,131684,131684,131686,0,2,0
37571,2,2,131686,131686,131688,0,2,0
37572,6,2,131692,131692,131694,0,2,4
37573,6,3,131698,131698,131701,0,3,4
37574,5,1,131703,131703,131704,0,1,2
37575,1,2,131704,131704,131706,0,2,0
37576,2,2,131706,131706,131708,0,2,0
37577,2,3,131708,131708,131711,0,3,0
37578,6,2,131714,131714,131716,0,2,3
37579,1,2,131715,131716,131718,1,3,0
37580,2,2,131717,131718,131720,1,3,0
37581,2,2,131719,131720,131722,1,3,0
37582,6,1,131725,131725,131726,0,1,3
37583,3,3,131728,131728,131731,0,3,2
37584,5,1,131733,131733,131734,0,1,2
37585,6,2,131739,131739,131741,0,2,5
37586,1,1,131740,131741,131742,1,2,0
37587,4,1,131744,131744,131745,0,1,2
37588,5,3,131749,131749,131752,0,3,4
37589,3,3,131752,131752,131755,0,3,0
37590,4,2,131756,131756,131758,0,2,1
37591,5,3,131761,131761,131764,0,3,3
37592,2,2,131763,131764,131766,1,3,0
37593,6,3,131769,131769,131772,0,3,3
37594,6,3,131775,131775,131778,0,3,3
37595,1,1,131776,131778,131779,2,3,0
37596,6,1,131782,131782,131783,0,1,3
37597,6,1,131788,131788,131789,0,1,5
37598,3,2,131791,131791,131793,0,2,2
37599,4,1,131795,131795,131796,0,1,2
37600,1,3,131796,131796,131799,0,3,0
37601,6,3,131802,131802,131805,0,3,3
37602,1,2,131803,131805,131807,2,4,0
37603,1,3,131804,131807,131810,3,6,0
37604,3,2,131807,131810,131812,3,5,0
37605,4,1,131811,131812,131813,1,2,0
37606,6,3,131817,131817,131820,0,3,4
37607,6,3,131823,131823,131826,0,3,3
37608,5,1,131828,131828,131829,0,1,2
37609,2,3,131830,131830,131833,0,3,1
37610,3,2,131833,131833,131835,0,2,0
37611,5,3,131838,131838,131841,0,3,3
37612,4,1,131842,131842,131843,0,1,1
37613,1,3,131843,131843,131846,0,3,0
37614,4,1,131847,131847,131848,0,1,1
37615,1,2,131848,131848,131850,0,2,0
37616,4,2,131852,131852,131854,0,2,2
37617,6,1,131858,131858,131859,0,1,4
37618,3,2,131861,131861,131863,0,2,2
37619,5,2,131866,131866,131868,0,2,3
37620,2,3,131868,131868,131871,0,3,0
37621,5,1,131873,131873,131874,0,1,2
37622,1,2,131874,131874,131876,0,2,0
37623,6,3,131880,131880,131883,0,3,4
37624,3,2,131883,131883,131885,0,2,0
37625,4,1,131887,131887,131888,0,1,2
37626,2,3,131889,131889,131892,0,3,1
37627,5,3,131894,131894,131897,0,3,2
37628,4,3,131898,131898,131901,0,3,1
37629,6,2,131904,131904,131906,0,2,3
37630,4,2,131908,131908,131910,0,2,2
37631,1,1,131909,131910,131911,1,2,0
37632,1,3,131910,131911,131914,1,4,0
37633,4,3,131914,131914,131917,0,3,0
37634,6,2,131920,131920,131922,0,2,3
37635,1,2,131921,131922,131924,1,3,0
37636,4,3,131925,131925,131928,0,3,1
37637,6,1,131931,131931,131932,0,1,3
37638,4,3,131935,131935,131938,0,3,3
37639,2,3,131937,131938,131941,1,4,0
37640,6,2,131943,131943,131945,0,2,2
37641,3,2,131946,131946,131948,0,2,1
37642,2,1,131948,131948,131949,0,1,0
37643,3,1,131951,131951,131952,0,1,2
37644,6,2,131957,131957,131959,0,2,5
37645,5,1,131962,131962,131963,0,1,3
37646,2,3,131964,131964,131967,0,3,1
37647,2,2,131966,131967,131969,1,3,0
37648,2,1,131968,131969,131970,1,2,0
37649,3,2,131971,131971,131973,0,2,1
37650,3,1,131974,131974,131975,0,1,1
37651,1,1,131975,131975,131976,0,1,0
37652,1,3,131976,131976,131979,0,3,0
37653,6,3,131982,131982,131985,0,3,3
37654,1,2,131983,131985,131987,2,4,0
37655,6,3,131989,131989,131992,0,3,2
37656,2,2,131991,131992,131994,1,3,0
37657,4,1,131995,131995,131996,0,1,1
37658,6,2,132001,132001,132003,0,2,5
37659,4,3,132005,132005,132008,0,3,2
37660,6,2,132011,132011,132013,0,2,3
37661,4,3,132015,132015,132018,0,3,2
37662,4,1,132019,132019,132020,0,1,1
37663,5,2,132024,132024,132026,0,2,4
37664,6,2,132030,132030,132032,0,2,4
37665,6,1,132036,132036,132037,0,1,4
37666,2,3,132038,132038,132041,0,3,1
37667,1,2,132039,132041,132043,2,4,0
37668,5,3,132044,132044,132047,0,3,1
37669,5,3,132049,132049,132052,0,3,2
37670,5,1,132054,132054,132055,0,1,2
37671,2,3,132056,132056,132059,0,3,1
37672,2,1,132058,132059,132060,1,2,0
37673,4,2,132062,132062,132064,0,2,2
37674,1,1,132063,132064,132065,1,2,0
37675,3,1,132066,132066,132067,0,1,1
37676,4,1,132070,132070,132071,0,1,3
37677,1,2,132071,132071,132073,0,2,0
37678,6,3,132077,132077,132080,0,3,4
37679,3,1,132080,132080,132081,0,1,0
37680,3,2,132083,132083,132085,0,2,2
37681,1,2,132084,132085,132087,1,3,0
37682,2,2,132086,132087,132089,1,3,0
37683,6,3,132092,132092,132095,0,3,3
37684,3,3,132095,132095,132098,0,3,0
37685,1,1,132096,132098,132099,2,3,0
37686,5,2,132101,132101,132103,0,2,2
37687,1,2,132102,132103,132105,1,3,0
37688,5,3,132107,132107,132110,0,3,2
37689,3,1,132110,132110,132111,0,1,0
37690,1,3,132111,132111,132114,0,3,0
37691,5,1,132116,132116,132117,0,1,2
37692,5,3,132121,132121,132124,0,3,4
37693,4,1,132125,132125,132126,0,1,1
37694,4,1,132129,132129,132130,0,1,3
37695,6,2,132135,132135,132137,0,2,5
37696,6,1,132141,132141,132142,0,1,4
37697,3,1,132144,132144,132145,0,1,2
37698,3,3,132147,132147,132150,0,3,2
37699,1,2,132148,132150,132152,2,4,0
37700,1,1,132149,132152,132153,3,4,0
37701,6,2,132155,132155,132157,0,2,2
37702,2,2,132157,132157,132159,0,2,0
37703,5,3,132162,132162,132165,0,3,3
37704,5,2,132167,132167,132169,0,2,2
37705,3,1,132170,132170,132171,0,1,1
37706,3,1,132173,132173,132174,0,1,2
37707,5,1,132178,132178,132179,0,1,4
37708,1,1,132179,132179,132180,0,1,0
37709,3,3,132182,132182,132185,0,3,2
37710,5,3,132187,132187,132190,0,3,2
37711,5,1,132192,132192,132193,0,1,2
37712,6,1,132198,132198,132199,0,1,5
37713,1,2,132199,132199,132201,0,2,0
37714,3,3,132202,132202,132205,0,3,1
37715,1,1,132203,132205,132206,2,3,0
37716,5,1,132208,132208,132209,0,1,2
37717,1,1,132209,132209,132210,0,1,0
37718,5,2,132214,132214,132216,0,2,4
37719,6,3,132220,132220,132223,0,3,4
37720,4,2,132224,132224,132226,0,2,1
37721,6,1,132230,132230,132231,0,1,4
37722,6,3,132236,132236,132239,0,3,5
37723,3,2,132239,132239,132241,0,2,0
37724,4,2,132243,132243,132245,0,2,2
37725,1,1,132244,132245,132246,1,2,0
37726,6,3,132250,132250,132253,0,3,4
37727,3,3,132253,132253,132256,0,3,0
37728,3,2,132256,132256,132258,0,2,0
37729,2,2,132258,132258,132260,0,2,0
37730,1,3,132259,132260,132263,1,4,0
37731,3,2,132262,132263,132265,1,3,0
37732,2,2,132264,132265,132267,1,3,0
37733,6,3,132270,132270,132273,0,3,3
37734,4,3,132274,132274,132277,0,3,1
37735,4,1,132278,132278,132279,0,1,1
37736,2,2,132280,132280,132282,0,2,1
37737,2,1,132282,132282,132283,0,1,0
37738,6,3,132288,132288,132291,0,3,5
37739,1,3,132289,132291,132294,2,5,0
37740,4,1,132293,132294,132295,1,2,0
37741,2,3,132295,132295,132298,0,3,0
37742,4,1,132299,132299,132300,0,1,1
37743,3,2,132302,132302,132304,0,2,2
37744,1,3,132303,132304,132307,1,4,0
37745,3,1,132306,132307,132308,1,2,0
37746,4,1,132310,132310,132311,0,1,2
37747,3,2,132313,132313,132315,0,2,2
37748,3,2,132316,132316,132318,0,2,1
37749,6,3,132322,132322,132325,0,3,4
37750,1,3,132323,132325,132328,2,5,0
37751,3,2,132326,132328,132330,2,4,0
37752,5,1,132331,132331,132332,0,1,1
37753,5,1,132336,132336,132337,0,1,4
37754,4,3,132340,132340,132343,0,3,3
37755,6,1,132346,132346,132347,0,1,3
37756,4,1,132350,132350,132351,0,1,3
37757,5,2,132355,132355,132357,0,2,4
37758,6,2,132361,132361,132363,0,2,4
37759,1,2,132362,132363,132365,1,3,0
37760,1,1,132363,132365,132366,2,3,0
37761,6,1,132369,132369,132370,0,1,3
37762,1,2,132370,132370,132372,0,2,0
37763,6,1,132376,132376,132377,0,1,4
37764,4,2,132380,132380,132382,0,2,3
37765,2,3,132382,132382,132385,0,3,0
37766,6,1,132388,132388,132389,0,1,3
37767,4,1,132392,132392,132393,0,1,3
37768,1,3,132393,132393,132396,0,3,0
37769,4,2,132397,132397,132399,0,2,1
37770,5,3,132402,132402,132405,0,3,3
37771,3,3,132405,132405,132408,0,3,0
37772,3,2,132408,132408,132410,0,2,0
37773,5,1,132413,132413,132414,0,1,3
37774,6,2,132419,132419,132421,0,2,5
37775,5,2,132424,132424,132426,0,2,3
37776,2,3,132426,132426,132429,0,3,0
37777,4,3,132430,132430,132433,0,3,1
37778,5,3,132435,132435,132438,0,3,2
37779,3,3,132438,132438,132441,0,3,0
37780,6,2,132444,132444,132446,0,2,3
37781,6,1,132450,132450,132451,0,1,4
37782,4,3,132454,132454,132457,0,3,3
37783,6,3,132460,132460,132463,0,3,3
37784,2,3,132462,132463,132466,1,4,0
37785,5,1,132467,132467,132468,0,1,1
37786,4,3,132471,132471,132474,0,3,3
37787,2,1,132473,132474,132475,1,2,0
37788,5,3,132478,132478,132481,0,3,3
37789,1,2,132479,132481,132483,2,4,0
37790,1,3,132480,132483,132486,3,6,0
37791,2,3,132482,132486,132489,4,7,0
37792,4,2,132486,132489,132491,3,5,0
37793,4,3,132490,132491,132494,1,4,0
37794,4,2,132494,132494,132496,0,2,0
37795,2,3,132496,132496,132499,0,3,0
37796,4,1,132500,132500,132501,0,1,1
37797,3,1,132503,132503,132504,0,1,2
37798,5,2,132508,132508,132510,0,2,4
37799,1,2,132509,132510,132512,1,3,0
37800,6,1,132515,132515,132516,0,1,3
37801,4,3,132519,132519,132522,0,3,3
37802,1,2,132520,132522,132524,2,4,0
37803,4,1,132524,132524,132525,0,1,0
37804,1,3,132525,132525,132528,0,3,0
37805,5,1,132530,132530,132531,0,1,2
37806,6,2,132536,132536,132538,0,2,5
37807,6,3,132542,132542,132545,0,3,4
37808,1,2,132543,132545,132547,2,4,0
37809,2,3,132545,132547,132550,2,5,0
37810,6,3,132551,132551,132554,0,3,1
37811,2,1,132553,132554,132555,1,2,0
37812,1,2,132554,132555,132557,1,3,0
37813,5,1,132559,132559,132560,0,1,2
37814,1,3,132560,132560,132563,0,3,0
37815,3,3,132563,132563,132566,0,3,0
37816,1,2,132564,132566,132568,2,4,0
37817,4,1,132568,132568,132569,0,1,0
37818,2,3,132570,132570,132573,0,3,1
37819,4,3,132574,132574,132577,0,3,1
37820,2,1,132576,132577,132578,1,2,0
37821,2,3,132578,132578,132581,0,3,0
37822,1,1,132579,132581,132582,2,3,0
37823,4,2,132583,132583,132585,0,2,1
37824,3,1,132586,132586,132587,0,1,1
37825,4,2,132590,132590,132592,0,2,3
37826,4,2,132594,132594,132596,0,2,2
37827,1,2,132595,132596,132598,1,3,0
37828,2,2,132597,132598,132600,1,3,0
37829,4,2,132601,132601,132603,0,2,1
37830,3,3,132604,132604,132607,0,3,1
37831,1,3,132605,132607,132610,2,5,0
37832,6,2,132611,132611,132613,0,2,1
37833,5,1,132616,132616,132617,0,1,3
37834,5,1,132621,132621,132622,0,1,4
37835,1,2,132622,132622,132624,0,2,0
37836,5,2,132627,132627,132629,0,2,3
37837,5,2,132632,132632,132634,0,2,3
37838,1,2,132633,132634,132636,1,3,0
37839,2,1,132635,132636,132637,1,2,0
37840,2,3,132637,132637,132640,0,3,0
37841,2,1,132639,132640,132641,1,2,0
37842,6,3,132645,132645,132648,0,3,4
37843,5,3,132650,132650,132653,0,3,2
37844,6,3,132656,132656,132659,0,3,3
37845,3,3,132659,132659,132662,0,3,0
37846,3,3,132662,132662,132665,0,3,0
37847,6,2,132668,132668,132670,0,2,3
37848,3,2,132671,132671,132673,0,2,1
37849,1,3,132672,132673,132676,1,4,0
37850,1,3,132673,132676,132679,3,6,0
37851,5,1,132678,132679,132680,1,2,0
37852,3,1,132681,132681,132682,0,1,1
37853,3,2,132684,132684,132686,0,2,2
37854,6,3,132690,132690,132693,0,3,4
37855,5,2,132695,132695,132697,0,2,2
37856,2,3,132697,132697,132700,0,3,0
37857,2,2,132699,132700,132702,1,3,0
37858,3,3,132702,132702,132705,0,3,0
37859,3,1,132705,132705,132706,0,1,0
37860,1,3,132706,132706,132709,0,3,0
37861,4,3,132710,132710,132713,0,3,1
37862,2,2,132712,132713,132715,1,3,0
37863,6,3,132718,132718,132721,0,3,3
37864,1,3,132719,132721,132724,2,5,0
37865,1,1,132720,132724,132725,4,5,0
37866,1,3,132721,132725,132728,4,7,0
37867,6,1,132727,132728,132729,1,2,0
37868,5,1,132732,132732,132733,0,1,3
37869,2,1,132734,132734,132735,0,1,1
37870,3,1,132737,132737,132738,0,1,2
37871,5,3,132742,132742,132745,0,3,4
37872,5,1,132747,132747,132748,0,1,2
37873,4,3,132751,132751,132754,0,3,3
37874,6,3,132757,132757,132760,0,3,3
37875,1,3,132758,132760,132763,2,5,0
37876,5,2,132763,132763,132765,0,2,0
37877,2,2,132765,132765,132767,0,2,0
37878,3,3,132768,132768,132771,0,3,1
37879,2,3,132770,132771,132774,1,4,0
37880,1,1,132771,132774,132775,3,4,0
37881,5,1,132776,132776,132777,0,1,1
37882,6,2,132782,132782,132784,0,2,5
37883,1,2,132783,132784,132786,1,3,0
37884,2,2,132785,132786,132788,1,3,0
37885,4,1,132789,132789,132790,0,1,1
37886,6,2,132795,132795,132797,0,2,5
37887,3,1,132798,132798,132799,0,1,1
37888,1,1,132799,132799,132800,0,1,0
37889,2,2,132801,132801,132803,0,2,1
37890,3,1,132804,132804,132805,0,1,1
37891,4,3,132808,132808,132811,0,3,3
37892,5,3,132813,132813,132816,0,3,2
37893,5,1,132818,132818,132819,0,1,2
37894,3,2,132821,132821,132823,0,2,2
37895,6,1,132827,132827,132828,0,1,4
37896,3,3,132830,132830,132833,0,3,2
37897,2,1,132832,132833,132834,1,2,0
37898,3,1,132835,132835,132836,0,1,1
37899,2,2,132837,132837,132839,0,2,1
37900,5,1,132842,132842,132843,0,1,3
37901,1,1,132843,132843,132844,0,1,0
37902,3,1,132846,132846,132847,0,1,2
37903,3,2,132849,132849,132851,0,2,2
37904,4,1,132853,132853,132854,0,1,2
37905,3,3,132856,132856,132859,0,3,2
37906,1,2,132857,132859,132861,2,4,0
37907,2,1,132859,132861,132862,2,3,0
37908,1,1,132860,132862,132863,2,3,0
37909,6,3,132866,132866,132869,0,3,3
37910,6,1,132872,132872,132873,0,1,3
37911,6,3,132878,132878,132881,0,3,5
37912,1,2,132879,132881,132883,2,4,0
37913,1,3,132880,132883,132886,3,6,0
37914,6,3,132886,132886,132889,0,3,0
37915,1,3,132887,132889,132892,2,5,0
37916,1,1,132888,132892,132893,4,5,0
37917,3,1,132891,132893,132894,2,3,0
37918,3,1,132894,132894,132895,0,1,0
37919,1,3,132895,132895,132898,0,3,0
37920,2,2,132897,132898,132900,1,3,0
37921,3,3,132900,132900,132903,0,3,0
37922,3,3,132903,132903,132906,0,3,0
37923,3,2,132906,132906,132908,0,2,0
37924,2,1,132908,132908,132909,0,1,0
37925,1,3,132909,132909,132912,0,3,0
37926,6,3,132915,132915,132918,0,3,3
37927,2,1,132917,132918,132919,1,2,0
37928,5,3,132922,132922,132925,0,3,3
37929,3,2,132925,132925,132927,0,2,0
37930,1,3,132926,132927,132930,1,4,0
37931,2,2,132928,132930,132932,2,4,0
37932,4,1,132932,132932,132933,0,1,0
37933,3,2,132935,132935,132937,0,2,2
37934,6,2,132941,132941,132943,0,2,4
37935,5,3,132946,132946,132949,0,3,3
37936,4,1,132950,132950,132951,0,1,1
37937,3,2,132953,132953,132955,0,2,2
37938,5,2,132958,132958,132960,0,2,3
37939,2,3,132960,132960,132963,0,3,0
37940,6,3,132966,132966,132969,0,3,3
37941,2,1,132968,132969,132970,1,2,0
37942,1,1,132969,132970,132971,1,2,0
37943,6,1,132975,132975,132976,0,1,4
37944,6,1,132981,132981,132982,0,1,5
37945,1,1,132982,132982,132983,0,1,0
37946,6,2,132988,132988,132990,0,2,5
37947,2,3,132990,132990,132993,0,3,0
37948,2,3,132992,132993,132996,1,4,0
37949,6,3,132998,132998,133001,0,3,2
37950,4,1,133002,133002,133003,0,1,1
37951,5,3,133007,133007,133010,0,3,4
37952,1,3,133008,133010,133013,2,5,0
37953,4,2,133012,133013,133015,1,3,0
37954,1,3,133013,133015,133018,2,5,0
37955,2,2,133015,133018,133020,3,5,0
37956,5,1,133020,133020,133021,0,1,0
37957,6,3,133026,133026,133029,0,3,5
37958,5,3,133031,133031,133034,0,3,2
37959,3,3,133034,133034,133037,0,3,0
37960,1,1,133035,133037,133038,2,3,0
37961,3,1,133038,133038,133039,0,1,0
37962,4,3,133042,133042,133045,0,3,3
37963,6,3,133048,133048,133051,0,3,3
37964,1,1,133049,133051,133052,2,3,0
37965,5,3,133054,133054,133057,0,3,2
37966,1,1,133055,133057,133058,2,3,0
37967,6,1,133061,133061,133062,0,1,3
37968,3,2,133064,133064,133066,0,2,2
37969,6,1,133070,133070,133071,0,1,4
37970,1,3,133071,133071,133074,0,3,0
37971,2,1,133073,133074,133075,1,2,0
37972,2,2,133075,133075,133077,0,2,0
37973,3,2,133078,133078,133080,0,2,1
37974,5,1,133083,133083,133084,0,1,3
37975,6,3,133089,133089,133092,0,3,5
37976,1,3,133090,133092,133095,2,5,0
37977,4,1,133094,133095,133096,1,2,0
37978,5,3,133099,133099,133102,0,3,3
37979,5,3,133104,133104,133107,0,3,2
37980,2,3,133106,133107,133110,1,4,0
37981,3,1,133109,133110,133111,1,2,0
37982,6,1,133115,133115,133116,0,1,4
37983,6,2,133121,133121,133123,0,2,5
37984,3,1,133124,133124,133125,0,1,1
37985,3,3,133127,133127,133130,0,3,2
37986,3,3,133130,133130,133133,0,3,0
37987,3,1,133133,133133,133134,0,1,0
37988,3,3,133136,133136,133139,0,3,2
37989,3,2,133139,133139,133141,0,2,0
37990,6,1,133145,133145,133146,0,1,4
37991,3,2,133148,133148,133150,0,2,2
37992,5,2,133153,133153,133155,0,2,3
37993,4,1,133157,133157,133158,0,1,2
37994,3,1,133160,133160,133161,0,1,2
37995,5,3,133165,133165,133168,0,3,4
37996,6,3,133171,133171,133174,0,3,3
37997,4,3,133175,133175,133178,0,3,1
37998,1,2,133176,133178,133180,2,4,0
37999,5,3,133181,133181,133184,0,3,1
38000,3,3,133184,133184,133187,0,3,0
38001,2,1,133186,133187,133188,1,2,0
38002,4,1,133190,133190,133191,0,1,2
38003,2,2,133192,133192,133194,0,2,1
38004,4,3,133196,133196,133199,0,3,2
38005,1,2,133197,133199,133201,2,4,0
38006,6,2,133203,133203,133205,0,2,2
38007,6,3,133209,133209,133212,0,3,4
38008,1,3,133210,133212,133215,2,5,0
38009,3,1,133213,133215,133216,2,3,0
38010,1,3,133214,133216,133219,2,5,0
38011,4,1,133218,133219,133220,1,2,0
38012,6,3,133224,133224,133227,0,3,4
38013,3,1,133227,133227,133228,0,1,0
38014,6,2,133233,133233,133235,0,2,5
38015,3,3,133236,133236,133239,0,3,1
38016,2,3,133238,133239,133242,1,4,0
38017,3,3,133241,133242,133245,1,4,0
38018,2,1,133243,133245,133246,2,3,0
38019,6,3,133249,133249,133252,0,3,3
38020,1,2,133250,133252,133254,2,4,0
38021,1,2,133251,133254,133256,3,5,0
38022,1,2,133252,133256,133258,4,6,0
38023,2,1,133254,133258,133259,4,5,0
38024,2,3,133256,133259,133262,3,6,0
38025,3,1,133259,133262,133263,3,4,0
38026,4,3,133263,133263,133266,0,3,0
38027,4,3,133267,133267,133270,0,3,1
38028,1,2,133268,133270,133272,2,4,0
38029,2,1,133270,133272,133273,2,3,0
38030,2,2,133272,133273,133275,1,3,0
38031,2,3,133274,133275,133278,1,4,0
38032,6,3,133280,133280,133283,0,3,2
38033,6,3,133286,133286,133289,0,3,3
38034,4,1,133290,133290,133291,0,1,1
38035,6,2,133296,133296,133298,0,2,5
38036,6,2,133302,133302,133304,0,2,4
38037,5,3,133307,133307,133310,0,3,3
38038,6,3,133313,133313,133316,0,3,3
38039,3,1,133316,133316,133317,0,1,0
38040,4,3,133320,133320,133323,0,3,3
38041,1,1,133321,133323,133324,2,3,0
38042,2,2,133323,133324,133326,1,3,0
38043,1,1,133324,133326,133327,2,3,0
38044,1,1,133325,133327,133328,2,3,0
38045,4,2,133329,133329,133331,0,2,1
38046,1,2,133330,133331,133333,1,3,0
38047,1,1,133331,133333,133334,2,3,0
38048,5,1,133336,133336,133337,0,1,2
38049,2,1,133338,133338,133339,0,1,1
38050,6,3,133344,133344,133347,0,3,5
38051,6,2,133350,133350,133352,0,2,3
38052,6,1,133356,133356,133357,0,1,4
38053,2,2,133358,133358,133360,0,2,1
38054,2,3,133360,133360,133363,0,3,0
38055,3,1,133363,133363,133364,0,1,0
38056,6,1,133369,133369,133370,0,1,5
38057,5,2,133374,133374,133376,0,2,4
38058,3,2,133377,133377,133379,0,2,1
38059,1,3,133378,133379,133382,1,4,0
38060,2,2,133380,133382,133384,2,4,0
38061,3,1,133383,133384,133385,1,2,0
38062,5,3,133388,133388,133391,0,3,3
38063,3,3,133391,133391,133394,0,3,0
38064,1,3,133392,133394,133397,2,5,0
38065,5,2,133397,133397,133399,0,2,0
38066,6,3,133403,133403,133406,0,3,4
38067,1,1,133404,133406,133407,2,3,0
38068,4,3,133408,133408,133411,0,3,1
38069,6,2,133414,133414,133416,0,2,3
38070,6,2,133420,133420,133422,0,2,4
38071,6,3,133426,133426,133429,0,3,4
38072,4,1,133430,133430,133431,0,1,1
38073,5,3,133435,133435,133438,0,3,4
38074,6,2,133441,133441,133443,0,2,3
38075,1,3,133442,133443,133446,1,4,0
38076,6,2,133448,133448,133450,0,2,2
38077,6,2,133454,133454,133456,0,2,4
38078,3,3,133457,133457,133460,0,3,1
38079,3,3,133460,133460,133463,0,3,0
38080,4,2,133464,133464,133466,0,2,1
38081,1,2,133465,133466,133468,1,3,0
38082,1,3,133466,133468,133471,2,5,0
38083,1,2,133467,133471,133473,4,6,0
38084,5,1,133472,133473,133474,1,2,0
38085,4,2,133476,133476,133478,0,2,2
38086,6,1,133482,133482,133483,0,1,4
38087,2,1,133484,133484,133485,0,1,1
38088,4,2,133488,133488,133490,0,2,3
38089,4,1,133492,133492,133493,0,1,2
38090,3,1,133495,133495,133496,0,1,2
38091,4,2,133499,133499,133501,0,2,3
38092,5,1,133504,133504,133505,0,1,3
38093,3,1,133507,133507,133508,0,1,2
38094,1,2,133508,133508,133510,0,2,0
38095,4,2,133512,133512,133514,0,2,2
38096,3,2,133515,133515,133517,0,2,1
38097,3,1,133518,133518,133519,0,1,1
38098,2,1,133520,133520,133521,0,1,1
38099,1,3,133521,133521,133524,0,3,0
38100,5,3,133526,133526,133529,0,3,2
38101,5,3,133531,133531,133534,0,3,2
38102,2,2,133533,133534,133536,1,3,0
38103,5,2,133538,133538,133540,0,2,2
38104,2,3,133540,133540,133543,0,3,0
38105,5,3,133545,133545,133548,0,3,2
38106,3,2,133548,133548,133550,0,2,0
38107,4,1,133552,133552,133553,0,1,2
38108,6,3,133558,133558,133561,0,3,5
38109,3,2,133561,133561,133563,0,2,0
38110,1,3,133562,133563,133566,1,4,0
38111,4,1,133566,133566,133567,0,1,0
38112,5,1,133571,133571,133572,0,1,4
38113,4,3,133575,133575,133578,0,3,3
38114,5,2,133580,133580,133582,0,2,2
38115,5,3,133585,133585,133588,0,3,3
38116,2,3,133587,133588,133591,1,4,0
38117,4,1,133591,133591,133592,0,1,0
38118,2,2,133593,133593,133595,0,2,1
38119,1,1,133594,133595,133596,1,2,0
38120,4,1,133598,133598,133599,0,1,2
38121,2,1,133600,133600,133601,0,1,1
38122,4,1,133604,133604,133605,0,1,3
38123,1,3,133605,133605,133608,0,3,0
38124,3,3,133608,133608,133611,0,3,0
38125,2,1,133610,133611,133612,1,2,0
38126,5,2,133615,133615,133617,0,2,3
38127,6,1,133621,133621,133622,0,1,4
38128,3,2,133624,133624,133626,0,2,2
38129,3,2,133627,133627,133629,0,2,1
38130,4,3,133631,133631,133634,0,3,2
38131,1,2,133632,133634,133636,2,4,0
38132,3,1,133635,133636,133637,1,2,0
38133,2,3,133637,133637,133640,0,3,0
38134,6,2,133643,133643,133645,0,2,3
38135,5,1,133648,133648,133649,0,1,3
38136,1,2,133649,133649,133651,0,2,0
38137,3,2,133652,133652,133654,0,2,1
38138,6,3,133658,133658,133661,0,3,4
38139,3,3,133661,133661,133664,0,3,0
38140,6,3,133667,133667,133670,0,3,3
38141,3,2,133670,133670,133672,0,2,0
38142,1,3,133671,133672,133675,1,4,0
38143,2,1,133673,133675,133676,2,3,0
38144,4,1,133677,133677,133678,0,1,1
38145,3,1,133680,133680,133681,0,1,2
38146,4,1,133684,133684,133685,0,1,3
38147,5,2,133689,133689,133691,0,2,4
38148,4,3,133693,133693,133696,0,3,2
38149,5,1,133698,133698,133699,0,1,2
38150,4,2,133702,133702,133704,0,2,3
38151,3,3,133705,133705,133708,0,3,1
38152,2,1,133707,133708,133709,1,2,0
38153,6,3,133713,133713,133716,0,3,4
38154,3,3,133716,133716,133719,0,3,0
38155,5,2,133721,133721,133723,0,2,2
38156,2,3,133723,133723,133726,0,3,0
38157,4,3,133727,133727,133730,0,3,1
38158,6,2,133733,133733,133735,0,2,3
38159,4,1,133737,133737,133738,0,1,2
38160,6,1,133743,133743,133744,0,1,5
38161,5,3,133748,133748,133751,0,3,4
38162,5,1,133753,133753,133754,0,1,2
38163,5,1,133758,133758,133759,0,1,4
38164,3,1,133761,133761,133762,0,1,2
38165,6,1,133767,133767,133768,0,1,5
38166,1,2,133768,133768,133770,0,2,0
38167,6,1,133774,133774,133775,0,1,4
38168,1,1,133775,133775,133776,0,1,0
38169,1,1,133776,133776,133777,0,1,0
38170,6,2,133782,133782,133784,0,2,5
38171,4,1,133786,133786,133787,0,1,2
38172,4,3,133790,133790,133793,0,3,3
38173,6,3,133796,133796,133799,0,3,3
38174,2,2,133798,133799,133801,1,3,0
38175,1,2,133799,133801,133803,2,4,0
38176,1,2,133800,133803,133805,3,5,0
38177,6,1,133806,133806,133807,0,1,1
38178,1,2,133807,133807,133809,0,2,0
38179,6,3,133813,133813,133816,0,3,4
38180,3,3,133816,133816,133819,0,3,0
38181,6,1,133822,133822,133823,0,1,3
38182,2,1,133824,133824,133825,0,1,1
38183,2,3,133826,133826,133829,0,3,1
38184,4,1,133830,133830,133831,0,1,1
38185,5,1,133835,133835,133836,0,1,4
38186,2,1,133837,133837,133838,0,1,1
38187,1,1,133838,133838,133839,0,1,0
38188,1,2,133839,133839,133841,0,2,0
38189,6,3,133845,133845,133848,0,3,4
38190,6,3,133851,133851,133854,0,3,3
38191,2,1,133853,133854,133855,1,2,0
38192,1,1,133854,133855,133856,1,2,0
38193,5,1,133859,133859,133860,0,1,3
38194,5,2,133864,133864,133866,0,2,4
38195,3,2,133867,133867,133869,0,2,1
38196,2,1,133869,133869,133870,0,1,0
38197,2,1,133871,133871,133872,0,1,1
38198,2,3,133873,133873,133876,0,3,1
38199,3,1,133876,133876,133877,0,1,0
38200,1,3,133877,133877,133880,0,3,0
38201,3,1,133880,133880,133881,0,1,0
38202,2,2,133882,133882,133884,0,2,1
38203,4,3,133886,133886,133889,0,3,2
38204,5,3,133891,133891,133894,0,3,2
38205,3,3,133894,133894,133897,0,3,0
38206,5,2,133899,133899,133901,0,2,2
38207,6,1,133905,133905,133906,0,1,4
38208,1,2,133906,133906,133908,0,2,0
38209,1,2,133907,133908,133910,1,3,0
38210,4,2,133911,133911,133913,0,2,1
38211,5,2,133916,133916,133918,0,2,3
38212,5,3,133921,133921,133924,0,3,3
38213,1,2,133922,133924,133926,2,4,0
38214,2,1,133924,133926,133927,2,3,0
38215,6,1,133930,133930,133931,0,1,3
38216,3,3,133933,133933,133936,0,3,2
38217,6,1,133939,133939,133940,0,1,3
38218,2,1,133941,133941,133942,0,1,1
38219,5,2,133946,133946,133948,0,2,4
38220,2,1,133948,133948,133949,0,1,0
38221,1,1,133949,133949,133950,0,1,0
38222,5,2,133954,133954,133956,0,2,4
38223,3,3,133957,133957,133960,0,3,1
38224,3,2,133960,133960,133962,0,2,0
38225,1,2,133961,133962,133964,1,3,0
38226,6,2,133967,133967,133969,0,2,3
38227,3,3,133970,133970,133973,0,3,1
38228,5,3,133975,133975,133978,0,3,2
38229,5,1,133980,133980,133981,0,1,2
38230,6,2,133986,133986,133988,0,2,5
38231,2,2,133988,133988,133990,0,2,0
38232,4,2,133992,133992,133994,0,2,2
38233,2,1,133994,133994,133995,0,1,0
38234,4,3,133998,133998,134001,0,3,3
38235,1,1,133999,134001,134002,2,3,0
38236,6,3,134005,134005,134008,0,3,3
38237,3,3,134008,134008,134011,0,3,0
38238,6,2,134014,134014,134016,0,2,3
38239,3,3,134017,134017,134020,0,3,1
38240,5,1,134022,134022,134023,0,1,2
38241,4,1,134026,134026,134027,0,1,3
38242,2,2,134028,134028,134030,0,2,1
38243,5,2,134033,134033,134035,0,2,3
38244,6,3,134039,134039,134042,0,3,4
38245,1,3,134040,134042,134045,2,5,0
38246,6,1,134046,134046,134047,0,1,1
38247,1,1,134047,134047,134048,0,1,0
38248,1,2,134048,134048,134050,0,2,0
38249,2,2,134050,134050,134052,0,2,0
38250,5,2,134055,134055,134057,0,2,3
38251,3,1,134058,134058,134059,0,1,1
38252,5,1,134063,134063,134064,0,1,4
38253,1,2,134064,134064,134066,0,2,0
38254,2,1,134066,134066,134067,0,1,0
38255,3,1,134069,134069,134070,0,1,2
38256,4,2,134073,134073,134075,0,2,3
38257,5,3,134078,134078,134081,0,3,3
38258,1,1,134079,134081,134082,2,3,0
38259,3,3,134082,134082,134085,0,3,0
38260,1,3,134083,134085,134088,2,5,0
38261,3,2,134086,134088,134090,2,4,0
38262,6,3,134092,134092,134095,0,3,2
38263,3,1,134095,134095,134096,0,1,0
38264,6,1,134101,134101,134102,0,1,5
38265,2,3,134103,134103,134106,0,3,1
38266,3,2,134106,134106,134108,0,2,0
38267,2,3,134108,134108,134111,0,3,0
38268,3,2,134111,134111,134113,0,2,0
38269,3,2,134114,134114,134116,0,2,1
38270,3,3,134117,134117,134120,0,3,1
38271,6,1,134123,134123,134124,0,1,3
38272,2,3,134125,134125,134128,0,3,1
38273,1,1,134126,134128,134129,2,3,0
38274,2,3,134128,134129,134132,1,4,0
38275,5,1,134133,134133,134134,0,1,1
38276,1,1,134134,134134,134135,0,1,0
38277,2,1,134136,134136,134137,0,1,1
38278,2,3,134138,134138,134141,0,3,1
38279,1,1,134139,134141,134142,2,3,0
38280,5,3,134144,134144,134147,0,3,2
38281,1,1,134145,134147,134148,2,3,0
38282,6,1,134151,134151,134152,0,1,3
38283,6,2,134157,134157,134159,0,2,5
38284,1,3,134158,134159,134162,1,4,0
38285,2,2,134160,134162,134164,2,4,0
38286,5,2,134165,134165,134167,0,2,1
38287,6,3,134171,134171,134174,0,3,4
38288,4,2,134175,134175,134177,0,2,1
38289,4,3,134179,134179,134182,0,3,2
38290,3,2,134182,134182,134184,0,2,0
38291,5,2,134187,134187,134189,0,2,3
38292,1,2,134188,134189,134191,1,3,0
38293,5,3,134193,134193,134196,0,3,2
38294,5,2,134198,134198,134200,0,2,2
38295,3,3,134201,134201,134204,0,3,1
38296,5,2,134206,134206,134208,0,2,2
38297,2,3,134208,134208,134211,0,3,0
38298,1,2,134209,134211,134213,2,4,0
38299,4,2,134213,134213,134215,0,2,0
38300,3,1,134216,134216,134217,0,1,1
38301,2,1,134218,134218,134219,0,1,1
38302,1,1,134219,134219,134220,0,1,0
38303,3,2,134222,134222,134224,0,2,2
38304,5,1,134227,134227,134228,0,1,3
38305,6,1,134233,134233,134234,0,1,5
38306,2,3,134235,134235,134238,0,3,1
38307,2,3,134237,134238,134241,1,4,0
38308,3,1,134240,134241,134242,1,2,0
38309,6,3,134246,134246,134249,0,3,4
38310,3,3,134249,134249,134252,0,3,0
38311,5,1,134254,134254,134255,0,1,2
38312,2,2,134256,134256,134258,0,2,1
38313,6,2,134262,134262,134264,0,2,4
38314,6,2,134268,134268,134270,0,2,4
38315,6,3,134274,134274,134277,0,3,4
38316,6,3,134280,134280,134283,0,3,3
38317,5,1,134285,134285,134286,0,1,2
38318,3,2,134288,134288,134290,0,2,2
38319,1,2,134289,134290,134292,1,3,0
38320,2,3,134291,134292,134295,1,4,0
38321,3,1,134294,134295,134296,1,2,0
38322,5,3,134299,134299,134302,0,3,3
38323,2,3,134301,134302,134305,1,4,0
38324,3,2,134304,134305,134307,1,3,0
38325,1,1,134305,134307,134308,2,3,0
38326,1,1,134306,134308,134309,2,3,0
38327,1,3,134307,134309,134312,2,5,0
38328,3,3,134310,134312,134315,2,5,0
38329,6,3,134316,134316,134319,0,3,1
38330,2,3,134318,134319,134322,1,4,0
38331,1,1,134319,134322,134323,3,4,0
38332,4,3,134323,134323,134326,0,3,0
38333,1,1,134324,134326,134327,2,3,0
38334,3,1,134327,134327,134328,0,1,0
38335,3,2,134330,134330,134332,0,2,2
38336,6,3,134336,134336,134339,0,3,4
38337,4,2,134340,134340,134342,0,2,1
38338,3,1,134343,134343,134344,0,1,1
38339,2,1,134345,134345,134346,0,1,1
38340,1,2,134346,134346,134348,0,2,0
38341,1,1,134347,134348,134349,1,2,0
38342,4,1,134351,134351,134352,0,1,2
38343,4,3,134355,134355,134358,0,3,3
38344,1,2,134356,134358,134360,2,4,0
38345,6,1,134362,134362,134363,0,1,2
38346,3,1,134365,134365,134366,0,1,2
38347,4,1,134369,134369,134370,0,1,3
38348,4,3,134373,134373,134376,0,3,3
38349,2,2,134375,134376,134378,1,3,0
38350,5,2,134380,134380,134382,0,2,2
38351,1,1,134381,134382,134383,1,2,0
38352,2,2,134383,134383,134385,0,2,0
38353,5,3,134388,134388,134391,0,3,3
38354,3,2,134391,134391,134393,0,2,0
38355,4,2,134395,134395,134397,0,2,2
38356,4,2,134399,134399,134401,0,2,2
38357,3,3,134402,134402,134405,0,3,1
38358,4,2,134406,134406,134408,0,2,1
38359,2,3,134408,134408,134411,0,3,0
38360,5,2,134413,134413,134415,0,2,2
38361,5,1,134418,134418,134419,0,1,3
38362,3,3,134421,134421,134424,0,3,2
38363,5,1,134426,134426,134427,0,1,2
38364,4,1,134430,134430,134431,0,1,3
38365,5,3,134435,134435,134438,0,3,4
38366,3,3,134438,134438,134441,0,3,0
38367,3,3,134441,134441,134444,0,3,0
38368,5,3,134446,134446,134449,0,3,2
38369,5,3,134451,134451,134454,0,3,2
38370,4,1,134455,134455,134456,0,1,1
38371,1,1,134456,134456,134457,0,1,0
38372,1,1,134457,134457,134458,0,1,0
38373,1,1,134458,134458,134459,0,1,0
38374,4,2,134462,134462,134464,0,2,3
38375,1,3,134463,134464,134467,1,4,0
38376,5,3,134468,134468,134471,0,3,1
38377,6,1,134474,134474,134475,0,1,3
38378,6,1,134480,134480,134481,0,1,5
38379,3,1,134483,134483,134484,0,1,2
38380,1,3,134484,134484,134487,0,3,0
38381,3,2,134487,134487,134489,0,2,0
38382,2,1,134489,134489,134490,0,1,0
38383,1,3,134490,134490,134493,0,3,0
38384,4,3,134494,134494,134497,0,3,1
38385,5,1,134499,134499,134500,0,1,2
38386,1,2,134500,134500,134502,0,2,0
38387,4,2,134504,134504,134506,0,2,2
38388,1,2,134505,134506,134508,1,3,0
38389,2,3,134507,134508,134511,1,4,0
38390,6,2,134513,134513,134515,0,2,2
38391,1,2,134514,134515,134517,1,3,0
38392,5,2,134519,134519,134521,0,2,2
38393,4,1,134523,134523,134524,0,1,2
38394,6,3,134529,134529,134532,0,3,5
38395,3,1,134532,134532,134533,0,1,0
38396,5,3,134537,134537,134540,0,3,4
38397,4,1,134541,134541,134542,0,1,1
38398,1,1,134542,134542,134543,0,1,0
38399,5,3,134547,134547,134550,0,3,4
38400,3,2,134550,134550,134552,0,2,0
38401,6,2,134556,134556,134558,0,2,4
38402,5,3,134561,134561,134564,0,3,3
38403,4,2,134565,134565,134567,0,2,1
38404,4,1,134569,134569,134570,0,1,2
38405,5,3,134574,134574,134577,0,3,4
38406,5,2,134579,134579,134581,0,2,2
38407,4,2,134583,134583,134585,0,2,2
38408,1,2,134584,134585,134587,1,3,0
38409,2,1,134586,134587,134588,1,2,0
38410,6,2,134592,134592,134594,0,2,4
38411,2,3,134594,134594,134597,0,3,0
38412,2,3,134596,134597,134600,1,4,0
38413,1,3,134597,134600,134603,3,6,0
38414,5,1,134602,134603,134604,1,2,0
38415,1,2,134603,134604,134606,1,3,0
38416,5,3,134608,134608,134611,0,3,2
38417,3,3,134611,134611,134614,0,3,0
38418,3,2,134614,134614,134616,0,2,0
38419,6,3,134620,134620,134623,0,3,4
38420,4,1,134624,134624,134625,0,1,1
38421,5,2,134629,134629,134631,0,2,4
38422,1,2,134630,134631,134633,1,3,0
38423,3,2,134633,134633,134635,0,2,0
38424,3,3,134636,134636,134639,0,3,1
38425,1,3,134637,134639,134642,2,5,0
38426,1,3,134638,134642,134645,4,7,0
38427,6,3,134644,134645,134648,1,4,0
38428,6,2,134650,134650,134652,0,2,2
38429,2,2,134652,134652,134654,0,2,0
38430,1,1,134653,134654,134655,1,2,0
38431,6,2,134659,134659,134661,0,2,4
38432,2,2,134661,134661,134663,0,2,0
38433,4,3,134665,134665,134668,0,3,2
38434,2,2,134667,134668,134670,1,3,0
38435,3,3,134670,134670,134673,0,3,0
38436,2,3,134672,134673,134676,1,4,0
38437,4,2,134676,134676,134678,0,2,0
38438,5,1,134681,134681,134682,0,1,3
38439,1,2,134682,134682,134684,0,2,0
38440,4,2,134686,134686,134688,0,2,2
38441,1,3,134687,134688,134691,1,4,0
38442,3,3,134690,134691,134694,1,4,0
38443,6,2,134696,134696,134698,0,2,2
38444,3,2,134699,134699,134701,0,2,1
38445,1,2,134700,134701,134703,1,3,0
38446,2,2,134702,134703,134705,1,3,0
38447,1,3,134703,134705,134708,2,5,0
38448,1,1,134704,134708,134709,4,5,0
38449,3,2,134707,134709,134711,2,4,0
38450,1,3,134708,134711,134714,3,6,0
38451,1,1,134709,134714,134715,5,6,0
38452,2,1,134711,134715,134716,4,5,0
38453,2,2,134713,134716,134718,3,5,0
38454,1,2,134714,134718,134720,4,6,0
38455,5,1,134719,134720,134721,1,2,0
38456,3,3,134722,134722,134725,0,3,1
38457,6,2,134728,134728,134730,0,2,3
38458,5,2,134733,134733,134735,0,2,3
38459,1,2,134734,134735,134737,1,3,0
38460,3,2,134737,134737,134739,0,2,0
38461,6,2,134743,134743,134745,0,2,4
38462,6,2,134749,134749,134751,0,2,4
38463,5,2,134754,134754,134756,0,2,3
38464,6,2,134760,134760,134762,0,2,4
38465,1,1,134761,134762,134763,1,2,0
38466,5,1,134766,134766,134767,0,1,3
38467,4,1,134770,134770,134771,0,1,3
38468,1,3,134771,134771,134774,0,3,0
38469,2,1,134773,134774,134775,1,2,0
38470,6,3,134779,134779,134782,0,3,4
38471,1,2,134780,134782,134784,2,4,0
38472,2,1,134782,134784,134785,2,3,0
38473,4,3,134786,134786,134789,0,3,1
38474,2,1,134788,134789,134790,1,2,0
38475,5,1,134793,134793,134794,0,1,3
38476,3,2,134796,134796,134798,0,2,2
38477,2,3,134798,134798,134801,0,3,0
38478,5,2,134803,134803,134805,0,2,2
38479,1,1,134804,134805,134806,1,2,0
38480,2,3,134806,134806,134809,0,3,0
38481,3,2,134809,134809,134811,0,2,0
38482,1,3,134810,134811,134814,1,4,0
38483,2,3,134812,134814,134817,2,5,0
38484,1,3,134813,134817,134820,4,7,0
38485,6,2,134819,134820,134822,1,3,0
38486,3,3,134822,134822,134825,0,3,0
38487,4,2,134826,134826,134828,0,2,1
38488,3,3,134829,134829,134832,0,3,1
38489,5,3,134834,134834,134837,0,3,2
38490,3,2,134837,134837,134839,0,2,0
38491,4,1,134841,134841,134842,0,1,2
38492,2,1,134843,134843,134844,0,1,1
38493,2,3,134845,134845,134848,0,3,1
38494,6,3,134851,134851,134854,0,3,3
38495,1,3,134852,134854,134857,2,5,0
38496,3,3,134855,134857,134860,2,5,0
38497,3,1,134858,134860,134861,2,3,0
38498,6,2,134864,134864,134866,0,2,3
38499,4,3,134868,134868,134871,0,3,2
38500,1,3,134869,134871,134874,2,5,0
38501,1,2,134870,134874,134876,4,6,0
38502,2,2,134872,134876,134878,4,6,0
38503,3,1,134875,134878,134879,3,4,0
38504,5,2,134880,134880,134882,0,2,1
38505,6,2,134886,134886,134888,0,2,4
38506,6,2,134892,134892,134894,0,2,4
38507,1,2,134893,134894,134896,1,3,0
38508,2,2,134895,134896,134898,1,3,0
38509,1,2,134896,134898,134900,2,4,0
38510,4,3,134900,134900,134903,0,3,0
38511,4,2,134904,134904,134906,0,2,1
38512,1,2,134905,134906,134908,1,3,0
38513,6,3,134911,134911,134914,0,3,3
38514,6,2,134917,134917,134919,0,2,3
38515,3,2,134920,134920,134922,0,2,1
38516,5,1,134925,134925,134926,0,1,3
38517,1,1,134926,134926,134927,0,1,0
38518,5,2,134931,134931,134933,0,2,4
38519,3,1,134934,134934,134935,0,1,1
38520,5,3,134939,134939,134942,0,3,4
38521,5,3,134944,134944,134947,0,3,2
38522,5,1,134949,134949,134950,0,1,2
38523,4,1,134953,134953,134954,0,1,3
38524,3,2,134956,134956,134958,0,2,2
38525,3,1,134959,134959,134960,0,1,1
38526,1,3,134960,134960,134963,0,3,0
38527,4,2,134964,134964,134966,0,2,1
38528,4,1,134968,134968,134969,0,1,2
38529,1,3,134969,134969,134972,0,3,0
38530,1,2,134970,134972,134974,2,4,0
38531,2,1,134972,134974,134975,2,3,0
38532,3,3,134975,134975,134978,0,3,0
38533,6,2,134981,134981,134983,0,2,3
38534,5,1,134986,134986,134987,0,1,3
38535,5,1,134991,134991,134992,0,1,4
38536,5,1,134996,134996,134997,0,1,4
38537,3,2,134999,134999,135001,0,2,2
38538,2,1,135001,135001,135002,0,1,0
38539,5,1,135006,135006,135007,0,1,4
38540,4,2,135010,135010,135012,0,2,3
38541,5,1,135015,135015,135016,0,1,3
38542,5,2,135020,135020,135022,0,2,4
38543,5,1,135025,135025,135026,0,1,3
38544,3,1,135028,135028,135029,0,1,2
38545,3,3,135031,135031,135034,0,3,2
38546,1,1,135032,135034,135035,2,3,0
38547,1,2,135033,135035,135037,2,4,0
38548,2,1,135035,135037,135038,2,3,0
38549,4,2,135039,135039,135041,0,2,1
38550,4,2,135043,135043,135045,0,2,2
38551,4,1,135047,135047,135048,0,1,2
38552,3,3,135050,135050,135053,0,3,2
38553,6,1,135056,135056,135057,0,1,3
38554,1,2,135057,135057,135059,0,2,0
38555,4,3,135061,135061,135064,0,3,2
38556,5,1,135066,135066,135067,0,1,2
38557,2,2,135068,135068,135070,0,2,1
38558,2,2,135070,135070,135072,0,2,0
38559,2,3,135072,135072,135075,0,3,0
38560,2,1,135074,135075,135076,1,2,0
38561,6,3,135080,135080,135083,0,3,4
38562,1,1,135081,135083,135084,2,3,0
38563,2,1,135083,135084,135085,1,2,0
38564,3,3,135086,135086,135089,0,3,1
38565,6,2,135092,135092,135094,0,2,3
38566,3,1,135095,135095,135096,0,1,1
38567,2,3,135097,135097,135100,0,3,1
38568,5,3,135102,135102,135105,0,3,2
38569,1,1,135103,135105,135106,2,3,0
38570,4,1,135107,135107,135108,0,1,1
38571,3,1,135110,135110,135111,0,1,2
38572,5,2,135115,135115,135117,0,2,4
38573,2,3,135117,135117,135120,0,3,0
38574,1,3,135118,135120,135123,2,5,0
38575,5,3,135123,135123,135126,0,3,0
38576,5,2,135128,135128,135130,0,2,2
38577,5,2,135133,135133,135135,0,2,3
38578,5,2,135138,135138,135140,0,2,3
38579,6,3,135144,135144,135147,0,3,4
38580,3,1,135147,135147,135148,0,1,0
38581,2,3,135149,135149,135152,0,3,1
38582,2,1,135151,135152,135153,1,2,0
38583,2,2,135153,135153,135155,0,2,0
38584,2,1,135155,135155,135156,0,1,0
38585,5,3,135160,135160,135163,0,3,4
38586,1,2,135161,135163,135165,2,4,0
38587,3,2,135164,135165,135167,1,3,0
38588,6,3,135170,135170,135173,0,3,3
38589,4,1,135174,135174,135175,0,1,1
38590,2,2,135176,135176,135178,0,2,1
38591,2,2,135178,135178,135180,0,2,0
38592,1,3,135179,135180,135183,1,4,0
38593,3,3,135182,135183,135186,1,4,0
38594,2,2,135184,135186,135188,2,4,0
38595,3,2,135187,135188,135190,1,3,0
38596,6,1,135193,135193,135194,0,1,3
38597,1,3,135194,135194,135197,0,3,0
38598,4,1,135198,135198,135199,0,1,1
38599,3,1,135201,135201,135202,0,1,2
38600,2,1,135203,135203,135204,0,1,1
38601,2,2,135205,135205,135207,0,2,1
38602,2,3,135207,135207,135210,0,3,0
38603,1,1,135208,135210,135211,2,3,0
38604,5,1,135213,135213,135214,0,1,2
38605,5,2,135218,135218,135220,0,2,4
38606,2,1,135220,135220,135221,0,1,0
38607,4,3,135224,135224,135227,0,3,3
38608,6,2,135230,135230,135232,0,2,3
38609,6,1,135236,135236,135237,0,1,4
38610,2,3,135238,135238,135241,0,3,1
38611,2,3,135240,135241,135244,1,4,0
38612,3,1,135243,135244,135245,1,2,0
38613,6,3,135249,135249,135252,0,3,4
38614,6,1,135255,135255,135256,0,1,3
38615,4,1,135259,135259,135260,0,1,3
38616,1,1,135260,135260,135261,0,1,0
38617,3,1,135263,135263,135264,0,1,2
38618,1,1,135264,135264,135265,0,1,0
38619,2,3,135266,135266,135269,0,3,1
38620,4,1,135270,135270,135271,0,1,1
38621,1,1,135271,135271,135272,0,1,0
38622,5,3,135276,135276,135279,0,3,4
38623,4,1,135280,135280,135281,0,1,1
38624,4,1,135284,135284,135285,0,1,3
38625,6,1,135290,135290,135291,0,1,5
38626,5,3,135295,135295,135298,0,3,4
38627,5,3,135300,135300,135303,0,3,2
38628,3,2,135303,135303,135305,0,2,0
38629,6,1,135309,135309,135310,0,1,4
38630,1,3,135310,135310,135313,0,3,0
38631,6,1,135316,135316,135317,0,1,3
38632,1,3,135317,135317,135320,0,3,0
38633,4,3,135321,135321,135324,0,3,1
38634,5,1,135326,135326,135327,0,1,2
38635,3,1,135329,135329,135330,0,1,2
38636,6,3,135335,135335,135338,0,3,5
38637,1,2,135336,135338,135340,2,4,0
38638,6,2,135342,135342,135344,0,2,2
38639,1,3,135343,135344,135347,1,4,0
38640,4,2,135347,135347,135349,0,2,0
38641,3,3,135350,135350,135353,0,3,1
38642,2,2,135352,135353,135355,1,3,0
38643,2,2,135354,135355,135357,1,3,0
38644,6,1,135360,135360,135361,0,1,3
38645,5,1,135365,135365,135366,0,1,4
38646,4,2,135369,135369,135371,0,2,3
38647,1,3,135370,135371,135374,1,4,0
38648,2,1,135372,135374,135375,2,3,0
38649,4,2,135376,135376,135378,0,2,1
38650,1,3,135377,135378,135381,1,4,0
38651,5,1,135382,135382,135383,0,1,1
38652,6,1,135388,135388,135389,0,1,5
38653,5,3,135393,135393,135396,0,3,4
38654,4,1,135397,135397,135398,0,1,1
38655,6,1,135403,135403,135404,0,1,5
38656,4,3,135407,135407,135410,0,3,3
38657,1,3,135408,135410,135413,2,5,0
38658,2,3,135410,135413,135416,3,6,0
38659,1,2,135411,135416,135418,5,7,0
38660,1,1,135412,135418,135419,6,7,0
38661,6,3,135418,135419,135422,1,4,0
38662,6,2,135424,135424,135426,0,2,2
38663,2,2,135426,135426,135428,0,2,0
38664,6,1,135432,135432,135433,0,1,4
38665,5,3,135437,135437,135440,0,3,4
38666,1,3,135438,135440,135443,2,5,0
38667,3,2,135441,135443,135445,2,4,0
38668,5,2,135446,135446,135448,0,2,1
38669,5,2,135451,135451,135453,0,2,3
38670,4,3,135455,135455,135458,0,3,2
38671,3,1,135458,135458,135459,0,1,0
38672,4,2,135462,135462,135464,0,2,3
38673,5,2,135467,135467,135469,0,2,3
38674,6,1,135473,135473,135474,0,1,4
38675,2,2,135475,135475,135477,0,2,1
38676,5,3,135480,135480,135483,0,3,3
38677,3,1,135483,135483,135484,0,1,0
38678,3,1,135486,135486,135487,0,1,2
38679,4,2,135490,135490,135492,0,2,3
38680,2,1,135492,135492,135493,0,1,0
38681,5,3,135497,135497,135500,0,3,4
38682,4,3,135501,135501,135504,0,3,1
38683,2,1,135503,135504,135505,1,2,0
38684,4,2,135507,135507,135509,0,2,2
38685,1,1,135508,135509,135510,1,2,0
38686,3,2,135511,135511,135513,0,2,1
38687,2,2,135513,135513,135515,0,2,0
38688,1,3,135514,135515,135518,1,4,0
38689,4,1,135518,135518,135519,0,1,0
38690,4,2,135522,135522,135524,0,2,3
38691,6,2,135528,135528,135530,0,2,4
38692,5,3,135533,135533,135536,0,3,3
38693,4,2,135537,135537,135539,0,2,1
38694,1,1,135538,135539,135540,1,2,0
38695,3,3,135541,135541,135544,0,3,1
38696,5,2,135546,135546,135548,0,2,2
38697,2,1,135548,135548,135549,0,1,0
38698,5,1,135553,135553,135554,0,1,4
38699,3,2,135556,135556,135558,0,2,2
38700,2,2,135558,135558,135560,0,2,0
38701,4,3,135562,135562,135565,0,3,2
38702,5,3,135567,135567,135570,0,3,2
38703,2,1,135569,135570,135571,1,2,0
38704,2,2,135571,135571,135573,0,2,0
38705,5,1,135576,135576,135577,0,1,3
38706,6,3,135582,135582,135585,0,3,5
38707,2,3,135584,135585,135588,1,4,0
38708,3,1,135587,135588,135589,1,2,0
38709,6,1,135593,135593,135594,0,1,4
38710,5,3,135598,135598,135601,0,3,4
38711,2,3,135600,135601,135604,1,4,0
38712,6,3,135606,135606,135609,0,3,2
38713,2,3,135608,135609,135612,1,4,0
38714,2,2,135610,135612,135614,2,4,0
38715,3,2,135613,135614,135616,1,3,0
38716,6,2,135619,135619,135621,0,2,3
38717,6,1,135625,135625,135626,0,1,4
38718,1,3,135626,135626,135629,0,3,0
38719,2,2,135628,135629,135631,1,3,0
38720,4,1,135632,135632,135633,0,1,1
38721,1,1,135633,135633,135634,0,1,0
38722,6,1,135639,135639,135640,0,1,5
38723,6,1,135645,135645,135646,0,1,5
38724,3,3,135648,135648,135651,0,3,2
38725,6,1,135654,135654,135655,0,1,3
38726,2,3,135656,135656,135659,0,3,1
38727,6,1,135662,135662,135663,0,1,3
38728,5,3,135667,135667,135670,0,3,4
38729,5,1,135672,135672,135673,0,1,2
38730,6,1,135678,135678,135679,0,1,5
38731,4,3,135682,135682,135685,0,3,3
38732,3,2,135685,135685,135687,0,2,0
38733,6,1,135691,135691,135692,0,1,4
38734,5,3,135696,135696,135699,0,3,4
38735,4,2,135700,135700,135702,0,2,1
38736,2,1,135702,135702,135703,0,1,0
38737,5,2,135707,135707,135709,0,2,4
38738,2,3,135709,135709,135712,0,3,0
38739,6,1,135715,135715,135716,0,1,3
38740,6,2,135721,135721,135723,0,2,5
38741,1,2,135722,135723,135725,1,3,0
38742,5,2,135727,135727,135729,0,2,2
38743,2,3,135729,135729,135732,0,3,0
38744,5,3,135734,135734,135737,0,3,2
38745,1,3,135735,135737,135740,2,5,0
38746,6,3,135741,135741,135744,0,3,1
38747,2,3,135743,135744,135747,1,4,0
38748,2,1,135745,135747,135748,2,3,0
38749,3,3,135748,135748,135751,0,3,0
38750,4,3,135752,135752,135755,0,3,1
38751,6,1,135758,135758,135759,0,1,3
38752,5,2,135763,135763,135765,0,2,4
38753,4,3,135767,135767,135770,0,3,2
38754,6,1,135773,135773,135774,0,1,3
38755,4,3,135777,135777,135780,0,3,3
38756,4,1,135781,135781,135782,0,1,1
38757,2,2,135783,135783,135785,0,2,1
38758,6,3,135789,135789,135792,0,3,4
38759,3,3,135792,135792,135795,0,3,0
38760,5,3,135797,135797,135800,0,3,2
38761,6,3,135803,135803,135806,0,3,3
38762,1,2,135804,135806,135808,2,4,0
38763,5,2,135809,135809,135811,0,2,1
38764,1,2,135810,135811,135813,1,3,0
38765,4,3,135814,135814,135817,0,3,1
38766,5,3,135819,135819,135822,0,3,2
38767,2,3,135821,135822,135825,1,4,0
38768,2,1,135823,135825,135826,2,3,0
38769,5,1,135828,135828,135829,0,1,2
38770,4,1,135832,135832,135833,0,1,3
38771,1,2,135833,135833,135835,0,2,0
38772,2,1,135835,135835,135836,0,1,0
38773,5,1,135840,135840,135841,0,1,4
38774,1,3,135841,135841,135844,0,3,0
38775,4,3,135845,135845,135848,0,3,1
38776,4,2,135849,135849,135851,0,2,1
38777,5,3,135854,135854,135857,0,3,3
38778,5,3,135859,135859,135862,0,3,2
38779,3,2,135862,135862,135864,0,2,0
38780,2,2,135864,135864,135866,0,2,0
38781,4,1,135868,135868,135869,0,1,2
38782,6,3,135874,135874,135877,0,3,5
38783,1,1,135875,135877,135878,2,3,0
38784,3,1,135878,135878,135879,0,1,0
38785,6,1,135884,135884,135885,0,1,5
38786,3,1,135887,135887,135888,0,1,2
38787,2,2,135889,135889,135891,0,2,1
38788,5,2,135894,135894,135896,0,2,3
38789,3,1,135897,135897,135898,0,1,1
38790,2,1,135899,135899,135900,0,1,1
38791,4,3,135903,135903,135906,0,3,3
38792,3,2,135906,135906,135908,0,2,0
38793,5,3,135911,135911,135914,0,3,3
38794,4,3,135915,135915,135918,0,3,1
38795,2,3,135917,135918,135921,1,4,0
38796,3,3,135920,135921,135924,1,4,0
38797,1,1,135921,135924,135925,3,4,0
38798,3,2,135924,135925,135927,1,3,0
38799,2,3,135926,135927,135930,1,4,0
38800,4,3,135930,135930,135933,0,3,0
38801,3,1,135933,135933,135934,0,1,0
38802,4,1,135937,135937,135938,0,1,3
38803,3,3,135940,135940,135943,0,3,2
38804,6,1,135946,135946,135947,0,1,3
38805,3,2,135949,135949,135951,0,2,2
38806,5,2,135954,135954,135956,0,2,3
38807,1,1,135955,135956,135957,1,2,0
38808,5,2,135960,135960,135962,0,2,3
38809,2,1,135962,135962,135963,0,1,0
38810,2,2,135964,135964,135966,0,2,1
38811,5,1,135969,135969,135970,0,1,3
38812,6,1,135975,135975,135976,0,1,5
38813,6,2,135981,135981,135983,0,2,5
38814,3,3,135984,135984,135987,0,3,1
38815,5,1,135989,135989,135990,0,1,2
38816,1,2,135990,135990,135992,0,2,0
38817,5,3,135995,135995,135998,0,3,3
38818,1,3,135996,135998,136001,2,5,0
38819,2,3,135998,136001,136004,3,6,0
38820,3,1,136001,136004,136005,3,4,0
38821,5,3,136006,136006,136009,0,3,1
38822,1,2,136007,136009,136011,2,4,0
38823,4,3,136011,136011,136014,0,3,0
38824,2,1,136013,136014,136015,1,2,0
38825,5,1,136018,136018,136019,0,1,3
38826,2,1,136020,136020,136021,0,1,1
38827,2,2,136022,136022,136024,0,2,1
38828,3,3,136025,136025,136028,0,3,1
38829,2,2,136027,136028,136030,1,3,0
38830,2,2,136029,136030,136032,1,3,0
38831,3,2,136032,136032,136034,0,2,0
38832,6,2,136038,136038,136040,0,2,4
38833,2,2,136040,136040,136042,0,2,0
38834,1,3,136041,136042,136045,1,4,0
38835,1,3,136042,136045,136048,3,6,0
38836,2,3,136044,136048,136051,4,7,0
38837,2,3,136046,136051,136054,5,8,0
38838,3,3,136049,136054,136057,5,8,0
38839,3,3,136052,136057,136060,5,8,0
38840,4,3,136056,136060,136063,4,7,0
38841,5,2,136061,136063,136065,2,4,0
38842,1,3,136062,136065,136068,3,6,0
38843,5,2,136067,136068,136070,1,3,0
38844,1,3,136068,136070,136073,2,5,0
38845,5,2,136073,136073,136075,0,2,0
38846,3,3,136076,136076,136079,0,3,1
38847,2,2,136078,136079,136081,1,3,0
38848,2,1,136080,136081,136082,1,2,0
38849,5,3,136085,136085,136088,0,3,3
38850,2,3,136087,136088,136091,1,4,0
38851,4,2,136091,136091,136093,0,2,0
38852,5,1,136096,136096,136097,0,1,3
38853,5,1,136101,136101,136102,0,1,4
38854,4,3,136105,136105,136108,0,3,3
38855,6,1,136111,136111,136112,0,1,3
38856,5,3,136116,136116,136119,0,3,4
38857,4,3,136120,136120,136123,0,3,1
38858,1,2,136121,136123,136125,2,4,0
38859,4,2,136125,136125,136127,0,2,0
38860,3,3,136128,136128,136131,0,3,1
38861,6,1,136134,136134,136135,0,1,3
38862,6,1,136140,136140,136141,0,1,5
38863,3,3,136143,136143,136146,0,3,2
38864,4,2,136147,136147,136149,0,2,1
38865,2,3,136149,136149,136152,0,3,0
38866,6,3,136155,136155,136158,0,3,3
38867,6,3,136161,136161,136164,0,3,3
38868,2,2,136163,136164,136166,1,3,0
38869,5,1,136168,136168,136169,0,1,2
38870,2,1,136170,136170,136171,0,1,1
38871,5,3,136175,136175,136178,0,3,4
38872,3,1,136178,136178,136179,0,1,0
38873,1,2,136179,136179,136181,0,2,0
38874,1,3,136180,136181,136184,1,4,0
38875,4,2,136184,136184,136186,0,2,0
38876,6,3,136190,136190,136193,0,3,4
38877,1,3,136191,136193,136196,2,5,0
38878,4,3,136195,136196,136199,1,4,0
38879,2,3,136197,136199,136202,2,5,0
38880,2,2,136199,136202,136204,3,5,0
38881,3,2,136202,136204,136206,2,4,0
38882,4,2,136206,136206,136208,0,2,0
38883,4,2,136210,136210,136212,0,2,2
38884,6,2,136216,136216,136218,0,2,4
38885,5,2,136221,136221,136223,0,2,3
38886,2,3,136223,136223,136226,0,3,0
38887,2,1,136225,136226,136227,1,2,0
38888,4,2,136229,136229,136231,0,2,2
38889,3,3,136232,136232,136235,0,3,1
38890,1,3,136233,136235,136238,2,5,0
38891,4,1,136237,136238,136239,1,2,0
38892,4,3,136241,136241,136244,0,3,2
38893,6,2,136247,136247,136249,0,2,3
38894,5,2,136252,136252,136254,0,2,3
38895,6,2,136258,136258,136260,0,2,4
38896,1,2,136259,136260,136262,1,3,0
38897,5,1,136264,136264,136265,0,1,2
38898,4,2,136268,136268,136270,0,2,3
38899,4,1,136272,136272,136273,0,1,2
38900,3,1,136275,136275,136276,0,1,2
38901,6,1,136281,136281,136282,0,1,5
38902,1,2,136282,136282,136284,0,2,0
38903,3,1,136285,136285,136286,0,1,1
38904,4,1,136289,136289,136290,0,1,3
38905,4,3,136293,136293,136296,0,3,3
38906,2,3,136295,136296,136299,1,4,0
38907,2,1,136297,136299,136300,2,3,0
38908,3,3,136300,136300,136303,0,3,0
38909,5,2,136305,136305,136307,0,2,2
38910,5,1,136310,136310,136311,0,1,3
38911,6,2,136316,136316,136318,0,2,5
38912,5,2,136321,136321,136323,0,2,3
38913,6,1,136327,136327,136328,0,1,4
38914,1,1,136328,136328,136329,0,1,0
38915,1,3,136329,136329,136332,0,3,0
38916,3,1,136332,136332,136333,0,1,0
38917,5,3,136337,136337,136340,0,3,4
38918,6,2,136343,136343,136345,0,2,3
38919,5,2,136348,136348,136350,0,2,3
38920,5,1,136353,136353,136354,0,1,3
38921,6,2,136359,136359,136361,0,2,5
38922,2,2,136361,136361,136363,0,2,0
38923,6,3,136367,136367,136370,0,3,4
38924,5,3,136372,136372,136375,0,3,2
38925,2,1,136374,136375,136376,1,2,0
38926,6,3,136380,136380,136383,0,3,4
38927,4,1,136384,136384,136385,0,1,1
38928,2,1,136386,136386,136387,0,1,1
38929,6,3,136392,136392,136395,0,3,5
38930,1,3,136393,136395,136398,2,5,0
38931,3,1,136396,136398,136399,2,3,0
38932,4,1,136400,136400,136401,0,1,1
38933,4,1,136404,136404,136405,0,1,3
38934,2,3,136406,136406,136409,0,3,1
38935,4,1,136410,136410,136411,0,1,1
38936,3,3,136413,136413,136416,0,3,2
38937,5,1,136418,136418,136419,0,1,2
38938,5,1,136423,136423,136424,0,1,4
38939,6,1,136429,136429,136430,0,1,5
38940,2,2,136431,136431,136433,0,2,1
38941,3,2,136434,136434,136436,0,2,1
38942,5,2,136439,136439,136441,0,2,3
38943,5,3,136444,136444,136447,0,3,3
38944,6,1,136450,136450,136451,0,1,3
38945,5,1,136455,136455,136456,0,1,4
38946,6,3,136461,136461,136464,0,3,5
38947,4,1,136465,136465,136466,0,1,1
38948,1,1,136466,136466,136467,0,1,0
38949,5,2,136471,136471,136473,0,2,4
38950,1,2,136472,136473,136475,1,3,0
38951,2,1,136474,136475,136476,1,2,0
38952,5,1,136479,136479,136480,0,1,3
38953,6,1,136485,136485,136486,0,1,5
38954,5,1,136490,136490,136491,0,1,4
38955,6,1,136496,136496,136497,0,1,5
38956,6,2,136502,136502,136504,0,2,5
38957,6,2,136508,136508,136510,0,2,4
38958,1,1,136509,136510,136511,1,2,0
38959,3,2,136512,136512,136514,0,2,1
38960,6,1,136518,136518,136519,0,1,4
38961,4,3,136522,136522,136525,0,3,3
38962,1,2,136523,136525,136527,2,4,0
38963,5,2,136528,136528,136530,0,2,1
38964,1,2,136529,136530,136532,1,3,0
38965,5,1,136534,136534,136535,0,1,2
38966,5,3,136539,136539,136542,0,3,4
38967,4,3,136543,136543,136546,0,3,1
38968,1,1,136544,136546,136547,2,3,0
38969,2,2,136546,136547,136549,1,3,0
38970,5,2,136551,136551,136553,0,2,2
38971,3,2,136554,136554,136556,0,2,1
38972,4,1,136558,136558,136559,0,1,2
38973,6,1,136564,136564,136565,0,1,5
38974,3,1,136567,136567,136568,0,1,2
38975,4,3,136571,136571,136574,0,3,3
38976,5,1,136576,136576,136577,0,1,2
38977,4,2,136580,136580,136582,0,2,3
38978,3,2,136583,136583,136585,0,2,1
38979,1,2,136584,136585,136587,1,3,0
38980,4,3,136588,136588,136591,0,3,1
38981,1,3,136589,136591,136594,2,5,0
38982,3,2,136592,136594,136596,2,4,0
38983,1,1,136593,136596,136597,3,4,0
38984,6,2,136599,136599,136601,0,2,2
38985,5,3,136604,136604,136607,0,3,3
38986,4,1,136608,136608,136609,0,1,1
38987,3,2,136611,136611,136613,0,2,2
38988,3,3,136614,136614,136617,0,3,1
38989,5,2,136619,136619,136621,0,2,2
38990,6,2,136625,136625,136627,0,2,4
38991,1,1,136626,136627,136628,1,2,0
38992,4,2,136630,136630,136632,0,2,2
38993,5,1,136635,136635,136636,0,1,3
38994,5,3,136640,136640,136643,0,3,4
38995,6,3,136646,136646,136649,0,3,3
38996,3,3,136649,136649,136652,0,3,0
38997,6,1,136655,136655,136656,0,1,3
38998,4,1,136659,136659,136660,0,1,3
38999,1,2,136660,136660,136662,0,2,0
39000,2,1,136662,136662,136663,0,1,0
39001,3,3,136665,136665,136668,0,3,2
39002,4,3,136669,136669,136672,0,3,1
39003,2,3,136671,136672,136675,1,4,0
39004,3,2,136674,136675,136677,1,3,0
39005,5,2,136679,136679,136681,0,2,2
39006,6,3,136685,136685,136688,0,3,4
39007,6,2,136691,136691,136693,0,2,3
39008,6,3,136697,136697,136700,0,3,4
39009,4,1,136701,136701,136702,0,1,1
39010,4,3,136705,136705,136708,0,3,3
39011,3,2,136708,136708,136710,0,2,0
39012,2,2,136710,136710,136712,0,2,0
39013,6,3,136716,136716,136719,0,3,4
39014,3,1,136719,136719,136720,0,1,0
39015,5,1,136724,136724,136725,0,1,4
39016,4,3,136728,136728,136731,0,3,3
39017,6,3,136734,136734,136737,0,3,3
39018,2,1,136736,136737,136738,1,2,0
39019,4,3,136740,136740,136743,0,3,2
39020,2,1,136742,136743,136744,1,2,0
39021,6,1,136748,136748,136749,0,1,4
39022,1,1,136749,136749,136750,0,1,0
39023,1,2,136750,136750,136752,0,2,0
39024,4,1,136754,136754,136755,0,1,2
39025,5,2,136759,136759,136761,0,2,4
39026,4,3,136763,136763,136766,0,3,2
39027,6,2,136769,136769,136771,0,2,3
39028,5,1,136774,136774,136775,0,1,3
39029,5,2,136779,136779,136781,0,2,4
39030,5,1,136784,136784,136785,0,1,3
39031,5,1,136789,136789,136790,0,1,4
39032,5,2,136794,136794,136796,0,2,4
39033,6,2,136800,136800,136802,0,2,4
39034,5,2,136805,136805,136807,0,2,3
39035,1,3,136806,136807,136810,1,4,0
39036,2,1,136808,136810,136811,2,3,0
39037,6,3,136814,136814,136817,0,3,3
39038,6,3,136820,136820,136823,0,3,3
39039,4,1,136824,136824,136825,0,1,1
39040,1,2,136825,136825,136827,0,2,0
39041,2,1,136827,136827,136828,0,1,0
39042,2,1,136829,136829,136830,0,1,1
39043,4,3,136833,136833,136836,0,3,3
39044,2,1,136835,136836,136837,1,2,0
39045,3,2,136838,136838,136840,0,2,1
39046,1,2,136839,136840,136842,1,3,0
39047,2,1,136841,136842,136843,1,2,0
39048,2,1,136843,136843,136844,0,1,0
39049,2,1,136845,136845,136846,0,1,1
39050,4,3,136849,136849,136852,0,3,3
39051,3,2,136852,136852,136854,0,2,0
39052,5,3,136857,136857,136860,0,3,3
39053,3,3,136860,136860,136863,0,3,0
39054,6,3,136866,136866,136869,0,3,3
39055,6,1,136872,136872,136873,0,1,3
39056,4,1,136876,136876,136877,0,1,3
39057,2,3,136878,136878,136881,0,3,1
39058,2,1,136880,136881,136882,1,2,0
39059,3,3,136883,136883,136886,0,3,1
39060,6,3,136889,136889,136892,0,3,3
39061,3,2,136892,136892,136894,0,2,0
39062,6,1,136898,136898,136899,0,1,4
39063,3,3,136901,136901,136904,0,3,2
39064,6,1,136907,136907,136908,0,1,3
39065,4,3,136911,136911,136914,0,3,3
39066,1,3,136912,136914,136917,2,5,0
39067,2,3,136914,136917,136920,3,6,0
39068,6,1,136920,136920,136921,0,1,0
39069,6,1,136926,136926,136927,0,1,5
39070,1,2,136927,136927,136929,0,2,0
39071,6,3,136933,136933,136936,0,3,4
39072,2,2,136935,136936,136938,1,3,0
39073,4,3,136939,136939,136942,0,3,1
39074,1,2,136940,136942,136944,2,4,0
39075,2,3,136942,136944,136947,2,5,0
39076,5,2,136947,136947,136949,0,2,0
39077,4,1,136951,136951,136952,0,1,2
39078,6,2,136957,136957,136959,0,2,5
39079,3,3,136960,136960,136963,0,3,1
39080,5,1,136965,136965,136966,0,1,2
39081,5,3,136970,136970,136973,0,3,4
39082,4,1,136974,136974,136975,0,1,1
39083,6,1,136980,136980,136981,0,1,5
39084,2,3,136982,136982,136985,0,3,1
39085,1,3,136983,136985,136988,2,5,0
39086,1,3,136984,136988,136991,4,7,0
39087,3,1,136987,136991,136992,4,5,0
39088,1,3,136988,136992,136995,4,7,0
39089,1,2,136989,136995,136997,6,8,0
39090,6,3,136995,136997,137000,2,5,0
39091,6,1,137001,137001,137002,0,1,1
39092,5,2,137006,137006,137008,0,2,4
39093,1,1,137007,137008,137009,1,2,0
39094,5,3,137012,137012,137015,0,3,3
39095,5,1,137017,137017,137018,0,1,2
39096,5,2,137022,137022,137024,0,2,4
39097,1,2,137023,137024,137026,1,3,0
39098,3,2,137026,137026,137028,0,2,0
39099,5,2,137031,137031,137033,0,2,3
39100,4,2,137035,137035,137037,0,2,2
39101,1,1,137036,137037,137038,1,2,0
39102,3,1,137039,137039,137040,0,1,1
39103,2,3,137041,137041,137044,0,3,1
39104,5,1,137046,137046,137047,0,1,2
39105,1,2,137047,137047,137049,0,2,0
39106,6,2,137053,137053,137055,0,2,4
39107,4,2,137057,137057,137059,0,2,2
39108,1,3,137058,137059,137062,1,4,0
39109,1,3,137059,137062,137065,3,6,0
39110,2,2,137061,137065,137067,4,6,0
39111,6,1,137067,137067,137068,0,1,0
39112,2,3,137069,137069,137072,0,3,1
39113,4,2,137073,137073,137075,0,2,1
39114,2,1,137075,137075,137076,0,1,0
39115,2,1,137077,137077,137078,0,1,1
39116,1,1,137078,137078,137079,0,1,0
39117,4,2,137082,137082,137084,0,2,3
39118,2,2,137084,137084,137086,0,2,0
39119,3,3,137087,137087,137090,0,3,1
39120,6,3,137093,137093,137096,0,3,3
39121,2,2,137095,137096,137098,1,3,0
39122,4,1,137099,137099,137100,0,1,1
39123,1,2,137100,137100,137102,0,2,0
39124,2,3,137102,137102,137105,0,3,0
39125,1,2,137103,137105,137107,2,4,0
39126,3,2,137106,137107,137109,1,3,0
39127,1,2,137107,137109,137111,2,4,0
39128,6,2,137113,137113,137115,0,2,2
39129,3,2,137116,137116,137118,0,2,1
39130,5,1,137121,137121,137122,0,1,3
39131,1,2,137122,137122,137124,0,2,0
39132,4,1,137126,137126,137127,0,1,2
39133,3,3,137129,137129,137132,0,3,2
39134,3,1,137132,137132,137133,0,1,0
39135,2,1,137134,137134,137135,0,1,1
39136,4,2,137138,137138,137140,0,2,3
39137,2,2,137140,137140,137142,0,2,0
39138,6,1,137146,137146,137147,0,1,4
39139,3,1,137149,137149,137150,0,1,2
39140,2,3,137151,137151,137154,0,3,1
39141,5,3,137156,137156,137159,0,3,2
39142,4,3,137160,137160,137163,0,3,1
39143,4,2,137164,137164,137166,0,2,1
39144,6,3,137170,137170,137173,0,3,4
39145,6,2,137176,137176,137178,0,2,3
39146,4,3,137180,137180,137183,0,3,2
39147,1,1,137181,137183,137184,2,3,0
39148,6,1,137187,137187,137188,0,1,3
39149,1,2,137188,137188,137190,0,2,0
39150,2,1,137190,137190,137191,0,1,0
39151,4,3,137194,137194,137197,0,3,3
39152,1,3,137195,137197,137200,2,5,0
39153,3,1,137198,137200,137201,2,3,0
39154,5,1,137203,137203,137204,0,1,2
39155,2,3,137205,137205,137208,0,3,1
39156,1,3,137206,137208,137211,2,5,0
39157,3,2,137209,137211,137213,2,4,0
39158,1,3,137210,137213,137216,3,6,0
39159,3,3,137213,137216,137219,3,6,0
39160,4,2,137217,137219,137221,2,4,0
39161,5,3,137222,137222,137225,0,3,1
39162,1,3,137223,137225,137228,2,5,0
39163,5,3,137228,137228,137231,0,3,0
39164,2,2,137230,137231,137233,1,3,0
39165,1,1,137231,137233,137234,2,3,0
39166,6,3,137237,137237,137240,0,3,3
39167,3,3,137240,137240,137243,0,3,0
39168,1,1,137241,137243,137244,2,3,0
39169,2,1,137243,137244,137245,1,2,0
39170,3,3,137246,137246,137249,0,3,1
39171,4,1,137250,137250,137251,0,1,1
39172,5,1,137255,137255,137256,0,1,4
39173,6,3,137261,137261,137264,0,3,5
39174,5,2,137266,137266,137268,0,2,2
39175,3,3,137269,137269,137272,0,3,1
39176,3,1,137272,137272,137273,0,1,0
39177,5,3,137277,137277,137280,0,3,4
39178,6,2,137283,137283,137285,0,2,3
39179,5,2,137288,137288,137290,0,2,3
39180,3,1,137291,137291,137292,0,1,1
39181,3,2,137294,137294,137296,0,2,2
39182,5,2,137299,137299,137301,0,2,3
39183,6,3,137305,137305,137308,0,3,4
39184,4,3,137309,137309,137312,0,3,1
39185,4,1,137313,137313,137314,0,1,1
39186,4,3,137317,137317,137320,0,3,3
39187,2,1,137319,137320,137321,1,2,0
39188,2,3,137321,137321,137324,0,3,0
39189,3,2,137324,137324,137326,0,2,0
39190,6,3,137330,137330,137333,0,3,4
39191,1,3,137331,137333,137336,2,5,0
39192,4,2,137335,137336,137338,1,3,0
39193,4,3,137339,137339,137342,0,3,1
39194,2,2,137341,137342,137344,1,3,0
39195,5,2,137346,137346,137348,0,2,2
39196,1,1,137347,137348,137349,1,2,0
39197,3,2,137350,137350,137352,0,2,1
39198,4,3,137354,137354,137357,0,3,2
39199,4,2,137358,137358,137360,0,2,1
39200,2,2,137360,137360,137362,0,2,0
39201,5,1,137365,137365,137366,0,1,3
39202,5,1,137370,137370,137371,0,1,4
39203,1,1,137371,137371,137372,0,1,0
39204,6,3,137377,137377,137380,0,3,5
39205,1,1,137378,137380,137381,2,3,0
39206,5,2,137383,137383,137385,0,2,2
39207,3,3,137386,137386,137389,0,3,1
39208,1,3,137387,137389,137392,2,5,0
39209,6,3,137393,137393,137396,0,3,1
39210,6,2,137399,137399,137401,0,2,3
39211,4,3,137403,137403,137406,0,3,2
39212,3,3,137406,137406,137409,0,3,0
39213,4,1,137410,137410,137411,0,1,1
39214,3,3,137413,137413,137416,0,3,2
39215,3,1,137416,137416,137417,0,1,0
39216,5,1,137421,137421,137422,0,1,4
39217,4,2,137425,137425,137427,0,2,3
39218,3,2,137428,137428,137430,0,2,1
39219,2,1,137430,137430,137431,0,1,0
39220,2,1,137432,137432,137433,0,1,1
39221,6,2,137438,137438,137440,0,2,5
39222,6,2,137444,137444,137446,0,2,4
39223,2,2,137446,137446,137448,0,2,0
39224,5,2,137451,137451,137453,0,2,3
39225,2,2,137453,137453,137455,0,2,0
39226,3,1,137456,137456,137457,0,1,1
39227,1,2,137457,137457,137459,0,2,0
39228,6,3,137463,137463,137466,0,3,4
39229,4,2,137467,137467,137469,0,2,1
39230,5,2,137472,137472,137474,0,2,3
39231,2,2,137474,137474,137476,0,2,0
39232,4,1,137478,137478,137479,0,1,2
39233,4,3,137482,137482,137485,0,3,3
39234,4,1,137486,137486,137487,0,1,1
39235,1,3,137487,137487,137490,0,3,0
39236,1,3,137488,137490,137493,2,5,0
39237,1,3,137489,137493,137496,4,7,0
39238,5,3,137494,137496,137499,2,5,0
39239,1,1,137495,137499,137500,4,5,0
39240,1,3,137496,137500,137503,4,7,0
39241,1,1,137497,137503,137504,6,7,0
39242,4,1,137501,137504,137505,3,4,0
39243,1,3,137502,137505,137508,3,6,0
39244,4,3,137506,137508,137511,2,5,0
39245,1,3,137507,137511,137514,4,7,0
39246,3,2,137510,137514,137516,4,6,0
39247,2,2,137512,137516,137518,4,6,0
39248,3,2,137515,137518,137520,3,5,0
39249,2,3,137517,137520,137523,3,6,0
39250,6,3,137523,137523,137526,0,3,0
39251,6,1,137529,137529,137530,0,1,3
39252,2,3,137531,137531,137534,0,3,1
39253,3,3,137534,137534,137537,0,3,0
39254,3,3,137537,137537,137540,0,3,0
39255,3,2,137540,137540,137542,0,2,0
39256,3,1,137543,137543,137544,0,1,1
39257,1,1,137544,137544,137545,0,1,0
39258,5,3,137549,137549,137552,0,3,4
39259,3,2,137552,137552,137554,0,2,0
39260,1,2,137553,137554,137556,1,3,0
39261,6,1,137559,137559,137560,0,1,3
39262,3,1,137562,137562,137563,0,1,2
39263,2,2,137564,137564,137566,0,2,1
39264,1,3,137565,137566,137569,1,4,0
39265,3,2,137568,137569,137571,1,3,0
39266,1,2,137569,137571,137573,2,4,0
39267,4,3,137573,137573,137576,0,3,0
39268,2,2,137575,137576,137578,1,3,0
39269,3,1,137578,137578,137579,0,1,0
39270,5,1,137583,137583,137584,0,1,4
39271,5,1,137588,137588,137589,0,1,4
39272,6,3,137594,137594,137597,0,3,5
39273,4,3,137598,137598,137601,0,3,1
39274,6,1,137604,137604,137605,0,1,3
39275,1,3,137605,137605,137608,0,3,0
39276,4,2,137609,137609,137611,0,2,1
39277,6,1,137615,137615,137616,0,1,4
39278,2,2,137617,137617,137619,0,2,1
39279,1,1,137618,137619,137620,1,2,0
39280,3,3,137621,137621,137624,0,3,1
39281,5,2,137626,137626,137628,0,2,2
39282,2,2,137628,137628,137630,0,2,0
39283,6,1,137634,137634,137635,0,1,4
39284,4,1,137638,137638,137639,0,1,3
39285,6,2,137644,137644,137646,0,2,5
39286,5,1,137649,137649,137650,0,1,3
39287,5,3,137654,137654,137657,0,3,4
39288,6,3,137660,137660,137663,0,3,3
39289,3,3,137663,137663,137666,0,3,0
39290,3,3,137666,137666,137669,0,3,0
39291,3,1,137669,137669,137670,0,1,0
39292,2,2,137671,137671,137673,0,2,1
39293,4,1,137675,137675,137676,0,1,2
39294,5,3,137680,137680,137683,0,3,4
39295,2,1,137682,137683,137684,1,2,0
39296,5,3,137687,137687,137690,0,3,3
39297,1,1,137688,137690,137691,2,3,0
39298,5,3,137693,137693,137696,0,3,2
39299,3,3,137696,137696,137699,0,3,0
39300,4,1,137700,137700,137701,0,1,1
39301,3,1,137703,137703,137704,0,1,2
39302,1,1,137704,137704,137705,0,1,0
39303,3,3,137707,137707,137710,0,3,2
39304,1,2,137708,137710,137712,2,4,0
39305,3,3,137711,137712,137715,1,4,0
39306,1,3,137712,137715,137718,3,6,0
39307,2,1,137714,137718,137719,4,5,0
39308,5,1,137719,137719,137720,0,1,0
39309,3,1,137722,137722,137723,0,1,2
39310,4,2,137726,137726,137728,0,2,3
39311,6,3,137732,137732,137735,0,3,4
39312,5,1,137737,137737,137738,0,1,2
39313,1,3,137738,137738,137741,0,3,0
39314,5,3,137743,137743,137746,0,3,2
39315,2,3,137745,137746,137749,1,4,0
39316,6,3,137751,137751,137754,0,3,2
39317,4,1,137755,137755,137756,0,1,1
39318,5,3,137760,137760,137763,0,3,4
39319,5,2,137765,137765,137767,0,2,2
39320,6,2,137771,137771,137773,0,2,4
39321,5,3,137776,137776,137779,0,3,3
39322,1,1,137777,137779,137780,2,3,0
39323,3,2,137780,137780,137782,0,2,0
39324,4,2,137784,137784,137786,0,2,2
39325,1,1,137785,137786,137787,1,2,0
39326,6,2,137791,137791,137793,0,2,4
39327,2,1,137793,137793,137794,0,1,0
39328,1,2,137794,137794,137796,0,2,0
39329,2,2,137796,137796,137798,0,2,0
39330,6,1,137802,137802,137803,0,1,4
39331,6,2,137808,137808,137810,0,2,5
39332,2,3,137810,137810,137813,0,3,0
39333,3,2,137813,137813,137815,0,2,0
39334,2,3,137815,137815,137818,0,3,0
39335,6,1,137821,137821,137822,0,1,3
39336,3,2,137824,137824,137826,0,2,2
39337,5,3,137829,137829,137832,0,3,3
39338,1,1,137830,137832,137833,2,3,0
39339,6,3,137836,137836,137839,0,3,3
39340,2,1,137838,137839,137840,1,2,0
39341,5,2,137843,137843,137845,0,2,3
39342,6,1,137849,137849,137850,0,1,4
39343,2,3,137851,137851,137854,0,3,1
39344,4,3,137855,137855,137858,0,3,1
39345,2,3,137857,137858,137861,1,4,0
39346,1,2,137858,137861,137863,3,5,0
39347,2,1,137860,137863,137864,3,4,0
39348,1,1,137861,137864,137865,3,4,0
39349,6,2,137867,137867,137869,0,2,2
39350,2,3,137869,137869,137872,0,3,0
39351,2,2,137871,137872,137874,1,3,0
39352,2,2,137873,137874,137876,1,3,0
39353,5,3,137878,137878,137881,0,3,2
39354,4,3,137882,137882,137885,0,3,1
39355,4,1,137886,137886,137887,0,1,1
39356,5,2,137891,137891,137893,0,2,4
39357,2,1,137893,137893,137894,0,1,0
39358,3,2,137896,137896,137898,0,2,2
39359,3,1,137899,137899,137900,0,1,1
39360,1,2,137900,137900,137902,0,2,0
39361,1,3,137901,137902,137905,1,4,0
39362,3,2,137904,137905,137907,1,3,0
39363,4,3,137908,137908,137911,0,3,1
39364,6,2,137914,137914,137916,0,2,3
39365,4,1,137918,137918,137919,0,1,2
39366,3,1,137921,137921,137922,0,1,2
39367,2,1,137923,137923,137924,0,1,1
39368,4,1,137927,137927,137928,0,1,3
39369,2,1,137929,137929,137930,0,1,1
39370,5,1,137934,137934,137935,0,1,4
39371,3,2,137937,137937,137939,0,2,2
39372,5,3,137942,137942,137945,0,3,3
39373,3,3,137945,137945,137948,0,3,0
39374,3,3,137948,137948,137951,0,3,0
39375,6,1,137954,137954,137955,0,1,3
39376,3,3,137957,137957,137960,0,3,2
39377,1,2,137958,137960,137962,2,4,0
39378,4,2,137962,137962,137964,0,2,0
39379,4,2,137966,137966,137968,0,2,2
39380,6,1,137972,137972,137973,0,1,4
39381,2,1,137974,137974,137975,0,1,1
39382,5,2,137979,137979,137981,0,2,4
39383,1,3,137980,137981,137984,1,4,0
39384,3,2,137983,137984,137986,1,3,0
39385,6,2,137989,137989,137991,0,2,3
39386,3,1,137992,137992,137993,0,1,1
39387,6,3,137998,137998,138001,0,3,5
39388,1,1,137999,138001,138002,2,3,0
39389,3,3,138002,138002,138005,0,3,0
39390,4,3,138006,138006,138009,0,3,1
39391,2,2,138008,138009,138011,1,3,0
39392,6,3,138014,138014,138017,0,3,3
39393,5,1,138019,138019,138020,0,1,2
39394,4,3,138023,138023,138026,0,3,3
39395,2,3,138025,138026,138029,1,4,0
39396,5,3,138030,138030,138033,0,3,1
39397,4,3,138034,138034,138037,0,3,1
39398,4,1,138038,138038,138039,0,1,1
39399,1,1,138039,138039,138040,0,1,0
39400,3,3,138042,138042,138045,0,3,2
39401,2,1,138044,138045,138046,1,2,0
39402,4,2,138048,138048,138050,0,2,2
39403,1,3,138049,138050,138053,1,4,0
39404,3,2,138052,138053,138055,1,3,0
39405,2,2,138054,138055,138057,1,3,0
39406,6,1,138060,138060,138061,0,1,3
39407,6,2,138066,138066,138068,0,2,5
39408,5,3,138071,138071,138074,0,3,3
39409,2,1,138073,138074,138075,1,2,0
39410,4,1,138077,138077,138078,0,1,2
39411,6,3,138083,138083,138086,0,3,5
39412,4,3,138087,138087,138090,0,3,1
39413,4,3,138091,138091,138094,0,3,1
39414,4,1,138095,138095,138096,0,1,1
39415,6,3,138101,138101,138104,0,3,5
39416,3,3,138104,138104,138107,0,3,0
39417,1,2,138105,138107,138109,2,4,0
39418,4,1,138109,138109,138110,0,1,0
39419,6,2,138115,138115,138117,0,2,5
39420,5,3,138120,138120,138123,0,3,3
39421,3,1,138123,138123,138124,0,1,0
39422,2,3,138125,138125,138128,0,3,1
39423,3,1,138128,138128,138129,0,1,0
39424,5,1,138133,138133,138134,0,1,4
39425,5,2,138138,138138,138140,0,2,4
39426,1,1,138139,138140,138141,1,2,0
39427,2,3,138141,138141,138144,0,3,0
39428,2,3,138143,138144,138147,1,4,0
39429,4,2,138147,138147,138149,0,2,0
39430,4,2,138151,138151,138153,0,2,2
39431,1,1,138152,138153,138154,1,2,0
39432,2,1,138154,138154,138155,0,1,0
39433,5,3,138159,138159,138162,0,3,4
39434,3,2,138162,138162,138164,0,2,0
39435,5,3,138167,138167,138170,0,3,3
39436,2,1,138169,138170,138171,1,2,0
39437,3,1,138172,138172,138173,0,1,1
39438,3,2,138175,138175,138177,0,2,2
39439,1,3,138176,138177,138180,1,4,0
39440,4,2,138180,138180,138182,0,2,0
39441,2,3,138182,138182,138185,0,3,0
39442,6,3,138188,138188,138191,0,3,3
39443,2,2,138190,138191,138193,1,3,0
39444,1,1,138191,138193,138194,2,3,0
39445,5,2,138196,138196,138198,0,2,2
39446,2,1,138198,138198,138199,0,1,0
39447,2,1,138200,138200,138201,0,1,1
39448,3,2,138203,138203,138205,0,2,2
39449,5,3,138208,138208,138211,0,3,3
39450,4,1,138212,138212,138213,0,1,1
39451,6,2,138218,138218,138220,0,2,5
39452,6,1,138224,138224,138225,0,1,4
39453,6,1,138230,138230,138231,0,1,5
39454,5,1,138235,138235,138236,0,1,4
39455,1,3,138236,138236,138239,0,3,0
39456,6,3,138242,138242,138245,0,3,3
39457,5,2,138247,138247,138249,0,2,2
39458,3,1,138250,138250,138251,0,1,1
39459,2,3,138252,138252,138255,0,3,1
39460,1,1,138253,138255,138256,2,3,0
39461,1,3,138254,138256,138259,2,5,0
39462,3,3,138257,138259,138262,2,5,0
39463,1,1,138258,138262,138263,4,5,0
39464,5,2,138263,138263,138265,0,2,0
39465,2,1,138265,138265,138266,0,1,0
39466,2,3,138267,138267,138270,0,3,1
39467,6,1,138273,138273,138274,0,1,3
39468,5,1,138278,138278,138279,0,1,4
39469,1,2,138279,138279,138281,0,2,0
39470,3,3,138282,138282,138285,0,3,1
39471,3,1,138285,138285,138286,0,1,0
39472,2,2,138287,138287,138289,0,2,1
39473,2,1,138289,138289,138290,0,1,0
39474,2,3,138291,138291,138294,0,3,1
39475,2,2,138293,138294,138296,1,3,0
39476,1,1,138294,138296,138297,2,3,0
39477,6,1,138300,138300,138301,0,1,3
39478,6,1,138306,138306,138307,0,1,5
39479,6,3,138312,138312,138315,0,3,5
39480,4,2,138316,138316,138318,0,2,1
39481,1,3,138317,138318,138321,1,4,0
39482,3,3,138320,138321,138324,1,4,0
39483,6,1,138326,138326,138327,0,1,2
39484,3,2,138329,138329,138331,0,2,2
39485,1,3,138330,138331,138334,1,4,0
39486,4,3,138334,138334,138337,0,3,0
39487,6,2,138340,138340,138342,0,2,3
39488,4,2,138344,138344,138346,0,2,2
39489,3,2,138347,138347,138349,0,2,1
39490,3,2,138350,138350,138352,0,2,1
39491,6,2,138356,138356,138358,0,2,4
39492,6,2,138362,138362,138364,0,2,4
39493,5,2,138367,138367,138369,0,2,3
39494,1,3,138368,138369,138372,1,4,0
39495,3,2,138371,138372,138374,1,3,0
39496,3,1,138374,138374,138375,0,1,0
39497,5,2,138379,138379,138381,0,2,4
39498,3,3,138382,138382,138385,0,3,1
39499,5,2,138387,138387,138389,0,2,2
39500,3,2,138390,138390,138392,0,2,1
39501,3,1,138393,138393,138394,0,1,1
39502,4,3,138397,138397,138400,0,3,3
39503,6,2,138403,138403,138405,0,2,3
39504,2,1,138405,138405,138406,0,1,0
39505,6,1,138411,138411,138412,0,1,5
39506,2,2,138413,138413,138415,0,2,1
39507,1,1,138414,138415,138416,1,2,0
39508,1,2,138415,138416,138418,1,3,0
39509,4,2,138419,138419,138421,0,2,1
39510,2,3,138421,138421,138424,0,3,0
39511,3,3,138424,138424,138427,0,3,0
39512,3,1,138427,138427,138428,0,1,0
39513,3,1,138430,138430,138431,0,1,2
39514,3,3,138433,138433,138436,0,3,2
39515,2,2,138435,138436,138438,1,3,0
39516,3,3,138438,138438,138441,0,3,0
39517,4,1,138442,138442,138443,0,1,1
39518,5,2,138447,138447,138449,0,2,4
39519,1,1,138448,138449,138450,1,2,0
39520,6,1,138454,138454,138455,0,1,4
39521,2,1,138456,138456,138457,0,1,1
39522,1,2,138457,138457,138459,0,2,0
39523,2,2,138459,138459,138461,0,2,0
39524,6,1,138465,138465,138466,0,1,4
39525,4,2,138469,138469,138471,0,2,3
39526,6,2,138475,138475,138477,0,2,4
39527,2,2,138477,138477,138479,0,2,0
39528,4,1,138481,138481,138482,0,1,2
39529,2,2,138483,138483,138485,0,2,1
39530,5,3,138488,138488,138491,0,3,3
39531,2,1,138490,138491,138492,1,2,0
39532,5,1,138495,138495,138496,0,1,3
39533,2,3,138497,138497,138500,0,3,1
39534,1,2,138498,138500,138502,2,4,0
39535,3,1,138501,138502,138503,1,2,0
39536,1,1,138502,138503,138504,1,2,0
39537,6,1,138508,138508,138509,0,1,4
39538,1,3,138509,138509,138512,0,3,0
39539,1,2,138510,138512,138514,2,4,0
39540,3,3,138513,138514,138517,1,4,0
39541,1,2,138514,138517,138519,3,5,0
39542,6,1,138520,138520,138521,0,1,1
39543,4,3,138524,138524,138527,0,3,3
39544,4,1,138528,138528,138529,0,1,1
39545,1,2,138529,138529,138531,0,2,0
39546,3,3,138532,138532,138535,0,3,1
39547,3,3,138535,138535,138538,0,3,0
39548,2,3,138537,138538,138541,1,4,0
39549,3,1,138540,138541,138542,1,2,0
39550,6,3,138546,138546,138549,0,3,4
39551,5,3,138551,138551,138554,0,3,2
39552,2,3,138553,138554,138557,1,4,0
39553,4,3,138557,138557,138560,0,3,0
39554,5,1,138562,138562,138563,0,1,2
39555,2,2,138564,138564,138566,0,2,1
39556,4,2,138568,138568,138570,0,2,2
39557,5,2,138573,138573,138575,0,2,3
39558,1,3,138574,138575,138578,1,4,0
39559,5,1,138579,138579,138580,0,1,1
39560,6,2,138585,138585,138587,0,2,5
39561,2,1,138587,138587,138588,0,1,0
39562,3,3,138590,138590,138593,0,3,2
39563,4,1,138594,138594,138595,0,1,1
39564,6,2,138600,138600,138602,0,2,5
39565,4,3,138604,138604,138607,0,3,2
39566,3,3,138607,138607,138610,0,3,0
39567,2,3,138609,138610,138613,1,4,0
39568,6,3,138615,138615,138618,0,3,2
39569,6,1,138621,138621,138622,0,1,3
39570,3,1,138624,138624,138625,0,1,2
39571,6,3,138630,138630,138633,0,3,5
39572,4,1,138634,138634,138635,0,1,1
39573,6,3,138640,138640,138643,0,3,5
39574,2,2,138642,138643,138645,1,3,0
39575,2,1,138644,138645,138646,1,2,0
39576,4,1,138648,138648,138649,0,1,2
39577,2,3,138650,138650,138653,0,3,1
39578,1,3,138651,138653,138656,2,5,0
39579,4,2,138655,138656,138658,1,3,0
39580,1,3,138656,138658,138661,2,5,0
39581,6,2,138662,138662,138664,0,2,1
39582,6,3,138668,138668,138671,0,3,4
39583,6,1,138674,138674,138675,0,1,3
39584,5,2,138679,138679,138681,0,2,4
39585,2,1,138681,138681,138682,0,1,0
39586,4,3,138685,138685,138688,0,3,3
39587,2,3,138687,138688,138691,1,4,0
39588,4,2,138691,138691,138693,0,2,0
39589,3,3,138694,138694,138697,0,3,1
39590,4,2,138698,138698,138700,0,2,1
39591,5,3,138703,138703,138706,0,3,3
39592,2,1,138705,138706,138707,1,2,0
39593,1,2,138706,138707,138709,1,3,0
39594,1,2,138707,138709,138711,2,4,0
39595,2,1,138709,138711,138712,2,3,0
39596,2,1,138711,138712,138713,1,2,0
39597,5,2,138716,138716,138718,0,2,3
39598,2,3,138718,138718,138721,0,3,0
39599,3,3,138721,138721,138724,0,3,0
39600,4,2,138725,138725,138727,0,2,1
39601,4,3,138729,138729,138732,0,3,2
39602,3,3,138732,138732,138735,0,3,0
39603,4,1,138736,138736,138737,0,1,1
39604,2,1,138738,138738,138739,0,1,1
39605,4,2,138742,138742,138744,0,2,3
39606,5,1,138747,138747,138748,0,1,3
39607,2,2,138749,138749,138751,0,2,1
39608,6,1,138755,138755,138756,0,1,4
39609,4,2,138759,138759,138761,0,2,3
39610,3,2,138762,138762,138764,0,2,1
39611,3,2,138765,138765,138767,0,2,1
39612,6,2,138771,138771,138773,0,2,4
39613,5,1,138776,138776,138777,0,1,3
39614,3,2,138779,138779,138781,0,2,2
39615,4,1,138783,138783,138784,0,1,2
39616,6,1,138789,138789,138790,0,1,5
39617,4,2,138793,138793,138795,0,2,3
39618,1,3,138794,138795,138798,1,4,0
39619,2,1,138796,138798,138799,2,3,0
39620,6,1,138802,138802,138803,0,1,3
39621,5,3,138807,138807,138810,0,3,4
39622,1,3,138808,138810,138813,2,5,0
39623,4,3,138812,138813,138816,1,4,0
39624,5,3,138817,138817,138820,0,3,1
39625,6,1,138823,138823,138824,0,1,3
39626,6,1,138829,138829,138830,0,1,5
39627,5,2,138834,138834,138836,0,2,4
39628,5,2,138839,138839,138841,0,2,3
39629,4,2,138843,138843,138845,0,2,2
39630,4,3,138847,138847,138850,0,3,2
39631,4,1,138851,138851,138852,0,1,1
39632,5,2,138856,138856,138858,0,2,4
39633,6,2,138862,138862,138864,0,2,4
39634,5,3,138867,138867,138870,0,3,3
39635,5,2,138872,138872,138874,0,2,2
39636,4,2,138876,138876,138878,0,2,2
39637,6,1,138882,138882,138883,0,1,4
39638,2,3,138884,138884,138887,0,3,1
39639,6,2,138890,138890,138892,0,2,3
39640,1,3,138891,138892,138895,1,4,0
39641,1,1,138892,138895,138896,3,4,0
39642,1,1,138893,138896,138897,3,4,0
39643,3,2,138896,138897,138899,1,3,0
39644,3,1,138899,138899,138900,0,1,0
39645,2,2,138901,138901,138903,0,2,1
39646,3,3,138904,138904,138907,0,3,1
39647,4,1,138908,138908,138909,0,1,1
39648,5,1,138913,138913,138914,0,1,4
39649,4,3,138917,138917,138920,0,3,3
39650,3,3,138920,138920,138923,0,3,0
39651,5,2,138925,138925,138927,0,2,2
39652,1,3,138926,138927,138930,1,4,0
39653,3,2,138929,138930,138932,1,3,0
39654,4,2,138933,138933,138935,0,2,1
39655,6,1,138939,138939,138940,0,1,4
39656,4,1,138943,138943,138944,0,1,3
39657,2,2,138945,138945,138947,0,2,1
39658,3,2,138948,138948,138950,0,2,1
39659,3,2,138951,138951,138953,0,2,1
39660,2,3,138953,138953,138956,0,3,0
39661,5,3,138958,138958,138961,0,3,2
39662,6,1,138964,138964,138965,0,1,3
39663,2,2,138966,138966,138968,0,2,1
39664,5,2,138971,138971,138973,0,2,3
39665,6,2,138977,138977,138979,0,2,4
39666,3,2,138980,138980,138982,0,2,1
39667,4,1,138984,138984,138985,0,1,2
39668,6,3,138990,138990,138993,0,3,5
39669,5,2,138995,138995,138997,0,2,2
39670,1,2,138996,138997,138999,1,3,0
39671,1,1,138997,138999,139000,2,3,0
39672,1,2,138998,139000,139002,2,4,0
39673,1,3,138999,139002,139005,3,6,0
39674,5,3,139004,139005,139008,1,4,0
39675,5,3,139009,139009,139012,0,3,1
39676,4,2,139013,139013,139015,0,2,1
39677,4,1,139017,139017,139018,0,1,2
39678,6,3,139023,139023,139026,0,3,5
39679,6,3,139029,139029,139032,0,3,3
39680,4,2,139033,139033,139035,0,2,1
39681,3,2,139036,139036,139038,0,2,1
39682,3,1,139039,139039,139040,0,1,1
39683,1,1,139040,139040,139041,0,1,0
39684,2,2,139042,139042,139044,0,2,1
39685,1,2,139043,139044,139046,1,3,0
39686,2,3,139045,139046,139049,1,4,0
39687,4,2,139049,139049,139051,0,2,0
39688,2,3,139051,139051,139054,0,3,0
39689,2,3,139053,139054,139057,1,4,0
39690,2,2,139055,139057,139059,2,4,0
39691,2,2,139057,139059,139061,2,4,0
39692,1,2,139058,139061,139063,3,5,0
39693,1,2,139059,139063,139065,4,6,0
39694,6,2,139065,139065,139067,0,2,0
39695,5,3,139070,139070,139073,0,3,3
39696,6,1,139076,139076,139077,0,1,3
39697,5,3,139081,139081,139084,0,3,4
39698,2,1,139083,139084,139085,1,2,0
39699,4,1,139087,139087,139088,0,1,2
39700,4,3,139091,139091,139094,0,3,3
39701,1,2,139092,139094,139096,2,4,0
39702,5,2,139097,139097,139099,0,2,1
39703,2,3,139099,139099,139102,0,3,0
39704,2,3,139101,139102,139105,1,4,0
39705,4,3,139105,139105,139108,0,3,0
39706,3,1,139108,139108,139109,0,1,0
39707,1,1,139109,139109,139110,0,1,0
39708,3,3,139112,139112,139115,0,3,2
39709,6,3,139118,139118,139121,0,3,3
39710,4,1,139122,139122,139123,0,1,1
39711,3,1,139125,139125,139126,0,1,2
39712,4,2,139129,139129,139131,0,2,3
39713,5,3,139134,139134,139137,0,3,3
39714,1,3,139135,139137,139140,2,5,0
39715,1,2,139136,139140,139142,4,6,0
39716,1,2,139137,139142,139144,5,7,0
39717,6,1,139143,139144,139145,1,2,0
39718,4,3,139147,139147,139150,0,3,2
39719,4,2,139151,139151,139153,0,2,1
39720,6,3,139157,139157,139160,0,3,4
39721,3,2,139160,139160,139162,0,2,0
39722,1,1,139161,139162,139163,1,2,0
39723,4,2,139165,139165,139167,0,2,2
39724,5,2,139170,139170,139172,0,2,3
39725,4,2,139174,139174,139176,0,2,2
39726,5,3,139179,139179,139182,0,3,3
39727,3,1,139182,139182,139183,0,1,0
39728,5,3,139187,139187,139190,0,3,4
39729,5,1,139192,139192,139193,0,1,2
39730,2,2,139194,139194,139196,0,2,1
39731,4,2,139198,139198,139200,0,2,2
39732,2,3,139200,139200,139203,0,3,0
39733,5,1,139205,139205,139206,0,1,2
39734,6,1,139211,139211,139212,0,1,5
39735,4,2,139215,139215,139217,0,2,3
39736,5,1,139220,139220,139221,0,1,3
39737,3,3,139223,139223,139226,0,3,2
39738,3,1,139226,139226,139227,0,1,0
39739,2,3,139228,139228,139231,0,3,1
39740,5,1,139233,139233,139234,0,1,2
39741,3,2,139236,139236,139238,0,2,2
39742,4,1,139240,139240,139241,0,1,2
39743,4,2,139244,139244,139246,0,2,3
39744,5,2,139249,139249,139251,0,2,3
39745,6,2,139255,139255,139257,0,2,4
39746,2,3,139257,139257,139260,0,3,0
39747,6,1,139263,139263,139264,0,1,3
39748,5,2,139268,139268,139270,0,2,4
39749,6,1,139274,139274,139275,0,1,4
39750,2,1,139276,139276,139277,0,1,1
39751,3,3,139279,139279,139282,0,3,2
39752,5,1,139284,139284,139285,0,1,2
39753,5,2,139289,139289,139291,0,2,4
39754,3,1,139292,139292,139293,0,1,1
39755,6,3,139298,139298,139301,0,3,5
39756,1,2,139299,139301,139303,2,4,0
39757,3,1,139302,139303,139304,1,2,0
39758,4,1,139306,139306,139307,0,1,2
39759,6,2,139312,139312,139314,0,2,5
39760,2,1,139314,139314,139315,0,1,0
39761,5,3,139319,139319,139322,0,3,4
39762,5,1,139324,139324,139325,0,1,2
39763,5,2,139329,139329,139331,0,2,4
39764,2,2,139331,139331,139333,0,2,0
39765,1,2,139332,139333,139335,1,3,0
39766,1,1,139333,139335,139336,2,3,0
39767,1,1,139334,139336,139337,2,3,0
39768,6,2,139340,139340,139342,0,2,3
39769,1,2,139341,139342,139344,1,3,0
39770,3,3,139344,139344,139347,0,3,0
39771,4,3,139348,139348,139351,0,3,1
39772,2,1,139350,139351,139352,1,2,0
39773,4,2,139354,139354,139356,0,2,2
39774,3,3,139357,139357,139360,0,3,1
39775,2,2,139359,139360,139362,1,3,0
39776,2,3,139361,139362,139365,1,4,0
39777,6,3,139367,139367,139370,0,3,2
39778,5,2,139372,139372,139374,0,2,2
39779,5,2,139377,139377,139379,0,2,3
39780,2,1,139379,139379,139380,0,1,0
39781,6,1,139385,139385,139386,0,1,5
39782,5,2,139390,139390,139392,0,2,4
39783,5,3,139395,139395,139398,0,3,3
39784,1,2,139396,139398,139400,2,4,0
39785,6,1,139402,139402,139403,0,1,2
39786,6,2,139408,139408,139410,0,2,5
39787,5,2,139413,139413,139415,0,2,3
39788,2,2,139415,139415,139417,0,2,0
39789,3,1,139418,139418,139419,0,1,1
39790,6,2,139424,139424,139426,0,2,5
39791,6,1,139430,139430,139431,0,1,4
39792,4,3,139434,139434,139437,0,3,3
39793,2,1,139436,139437,139438,1,2,0
39794,2,3,139438,139438,139441,0,3,0
39795,3,3,139441,139441,139444,0,3,0
39796,4,3,139445,139445,139448,0,3,1
39797,5,3,139450,139450,139453,0,3,2
39798,1,3,139451,139453,139456,2,5,0
39799,2,1,139453,139456,139457,3,4,0
39800,2,3,139455,139457,139460,2,5,0
39801,4,2,139459,139460,139462,1,3,0
39802,3,2,139462,139462,139464,0,2,0
39803,4,3,139466,139466,139469,0,3,2
39804,5,1,139471,139471,139472,0,1,2
39805,3,3,139474,139474,139477,0,3,2
39806,3,1,139477,139477,139478,0,1,0
39807,5,2,139482,139482,139484,0,2,4
39808,4,1,139486,139486,139487,0,1,2
39809,4,1,139490,139490,139491,0,1,3
39810,6,1,139496,139496,139497,0,1,5
39811,1,2,139497,139497,139499,0,2,0
39812,4,3,139501,139501,139504,0,3,2
39813,3,1,139504,139504,139505,0,1,0
39814,2,3,139506,139506,139509,0,3,1
39815,1,3,139507,139509,139512,2,5,0
39816,3,1,139510,139512,139513,2,3,0
39817,3,2,139513,139513,139515,0,2,0
39818,2,3,139515,139515,139518,0,3,0
39819,6,2,139521,139521,139523,0,2,3
39820,6,3,139527,139527,139530,0,3,4
39821,3,1,139530,139530,139531,0,1,0
39822,6,2,139536,139536,139538,0,2,5
39823,1,2,139537,139538,139540,1,3,0
39824,4,2,139541,139541,139543,0,2,1
39825,6,1,139547,139547,139548,0,1,4
39826,1,3,139548,139548,139551,0,3,0
39827,6,3,139554,139554,139557,0,3,3
39828,3,2,139557,139557,139559,0,2,0
39829,1,2,139558,139559,139561,1,3,0
39830,2,1,139560,139561,139562,1,2,0
39831,6,1,139566,139566,139567,0,1,4
39832,3,1,139569,139569,139570,0,1,2
39833,6,1,139575,139575,139576,0,1,5
39834,4,2,139579,139579,139581,0,2,3
39835,5,3,139584,139584,139587,0,3,3
39836,3,2,139587,139587,139589,0,2,0
39837,1,3,139588,139589,139592,1,4,0
39838,1,3,139589,139592,139595,3,6,0
39839,6,2,139595,139595,139597,0,2,0
39840,5,1,139600,139600,139601,0,1,3
39841,6,2,139606,139606,139608,0,2,5
39842,2,2,139608,139608,139610,0,2,0
39843,1,3,139609,139610,139613,1,4,0
39844,3,3,139612,139613,139616,1,4,0
39845,6,1,139618,139618,139619,0,1,2
39846,1,2,139619,139619,139621,0,2,0
39847,5,1,139624,139624,139625,0,1,3
39848,6,1,139630,139630,139631,0,1,5
39849,1,2,139631,139631,139633,0,2,0
39850,6,3,139637,139637,139640,0,3,4
39851,4,2,139641,139641,139643,0,2,1
39852,5,3,139646,139646,139649,0,3,3
39853,5,1,139651,139651,139652,0,1,2
39854,1,2,139652,139652,139654,0,2,0
39855,5,1,139657,139657,139658,0,1,3
39856,1,3,139658,139658,139661,0,3,0
39857,1,2,139659,139661,139663,2,4,0
39858,1,1,139660,139663,139664,3,4,0
39859,5,2,139665,139665,139667,0,2,1
39860,4,1,139669,139669,139670,0,1,2
39861,4,2,139673,139673,139675,0,2,3
39862,5,3,139678,139678,139681,0,3,3
39863,3,2,139681,139681,139683,0,2,0
39864,2,3,139683,139683,139686,0,3,0
39865,5,2,139688,139688,139690,0,2,2
39866,2,3,139690,139690,139693,0,3,0
39867,3,3,139693,139693,139696,0,3,0
39868,4,2,139697,139697,139699,0,2,1
39869,4,3,139701,139701,139704,0,3,2
39870,2,1,139703,139704,139705,1,2,0
39871,6,2,139709,139709,139711,0,2,4
39872,3,1,139712,139712,139713,0,1,1
39873,5,1,139717,139717,139718,0,1,4
39874,6,3,139723,139723,139726,0,3,5
39875,5,2,139728,139728,139730,0,2,2
39876,3,1,139731,139731,139732,0,1,1
39877,5,2,139736,139736,139738,0,2,4
39878,6,2,139742,139742,139744,0,2,4
39879,4,3,139746,139746,139749,0,3,2
39880,5,2,139751,139751,139753,0,2,2
39881,6,3,139757,139757,139760,0,3,4
39882,2,3,139759,139760,139763,1,4,0
39883,3,2,139762,139763,139765,1,3,0
39884,1,2,139763,139765,139767,2,4,0
39885,4,1,139767,139767,139768,0,1,0
39886,2,1,139769,139769,139770,0,1,1
39887,4,1,139773,139773,139774,0,1,3
39888,4,1,139777,139777,139778,0,1,3
39889,1,1,139778,139778,139779,0,1,0
39890,5,3,139783,139783,139786,0,3,4
39891,1,2,139784,139786,139788,2,4,0
39892,5,3,139789,139789,139792,0,3,1
39893,5,3,139794,139794,139797,0,3,2
39894,5,2,139799,139799,139801,0,2,2
39895,2,2,139801,139801,139803,0,2,0
39896,3,1,139804,139804,139805,0,1,1
39897,2,1,139806,139806,139807,0,1,1
39898,2,2,139808,139808,139810,0,2,1
39899,2,2,139810,139810,139812,0,2,0
39900,3,3,139813,139813,139816,0,3,1
39901,6,3,139819,139819,139822,0,3,3
39902,6,2,139825,139825,139827,0,2,3
39903,6,2,139831,139831,139833,0,2,4
39904,6,2,139837,139837,139839,0,2,4
39905,4,3,139841,139841,139844,0,3,2
39906,2,3,139843,139844,139847,1,4,0
39907,4,1,139847,139847,139848,0,1,0
39908,1,2,139848,139848,139850,0,2,0
39909,6,1,139854,139854,139855,0,1,4
39910,4,1,139858,139858,139859,0,1,3
39911,5,3,139863,139863,139866,0,3,4
39912,4,2,139867,139867,139869,0,2,1
39913,2,1,139869,139869,139870,0,1,0
39914,5,3,139874,139874,139877,0,3,4
39915,5,3,139879,139879,139882,0,3,2
39916,4,3,139883,139883,139886,0,3,1
39917,3,2,139886,139886,139888,0,2,0
39918,2,1,139888,139888,139889,0,1,0
39919,2,1,139890,139890,139891,0,1,1
39920,4,1,139894,139894,139895,0,1,3
39921,1,1,139895,139895,139896,0,1,0
39922,6,2,139901,139901,139903,0,2,5
39923,5,1,139906,139906,139907,0,1,3
39924,5,2,139911,139911,139913,0,2,4
39925,1,3,139912,139913,139916,1,4,0
39926,4,1,139916,139916,139917,0,1,0
39927,4,2,139920,139920,139922,0,2,3
39928,2,2,139922,139922,139924,0,2,0
39929,6,2,139928,139928,139930,0,2,4
39930,5,3,139933,139933,139936,0,3,3
39931,1,3,139934,139936,139939,2,5,0
39932,4,1,139938,139939,139940,1,2,0
39933,3,3,139941,139941,139944,0,3,1
39934,3,2,139944,139944,139946,0,2,0
39935,4,2,139948,139948,139950,0,2,2
39936,3,1,139951,139951,139952,0,1,1
39937,5,1,139956,139956,139957,0,1,4
39938,6,2,139962,139962,139964,0,2,5
39939,6,2,139968,139968,139970,0,2,4
39940,4,3,139972,139972,139975,0,3,2
39941,3,1,139975,139975,139976,0,1,0
39942,1,1,139976,139976,139977,0,1,0
39943,5,3,139981,139981,139984,0,3,4
39944,6,2,139987,139987,139989,0,2,3
39945,2,3,139989,139989,139992,0,3,0
39946,1,3,139990,139992,139995,2,5,0
39947,6,3,139996,139996,139999,0,3,1
39948,2,2,139998,139999,140001,1,3,0
39949,3,2,140001,140001,140003,0,2,0
39950,5,1,140006,140006,140007,0,1,3
39951,4,3,140010,140010,140013,0,3,3
39952,4,3,140014,140014,140017,0,3,1
39953,5,2,140019,140019,140021,0,2,2
39954,1,2,140020,140021,140023,1,3,0
39955,1,2,140021,140023,140025,2,4,0
39956,3,1,140024,140025,140026,1,2,0
39957,5,3,140029,140029,140032,0,3,3
39958,2,2,140031,140032,140034,1,3,0
39959,1,2,140032,140034,140036,2,4,0
39960,4,1,140036,140036,140037,0,1,0
39961,2,3,140038,140038,140041,0,3,1
39962,2,2,140040,140041,140043,1,3,0
39963,5,1,140045,140045,140046,0,1,2
39964,2,3,140047,140047,140050,0,3,1
39965,6,1,140053,140053,140054,0,1,3
39966,2,2,140055,140055,140057,0,2,1
39967,5,1,140060,140060,140061,0,1,3
39968,5,1,140065,140065,140066,0,1,4
39969,5,1,140070,140070,140071,0,1,4
39970,2,1,140072,140072,140073,0,1,1
39971,4,1,140076,140076,140077,0,1,3
39972,4,1,140080,140080,140081,0,1,3
39973,3,2,140083,140083,140085,0,2,2
39974,4,3,140087,140087,140090,0,3,2
39975,6,3,140093,140093,140096,0,3,3
39976,4,2,140097,140097,140099,0,2,1
39977,2,1,140099,140099,140100,0,1,0
39978,4,3,140103,140103,140106,0,3,3
39979,5,1,140108,140108,140109,0,1,2
39980,6,1,140114,140114,140115,0,1,5
39981,1,1,140115,140115,140116,0,1,0
39982,3,1,140118,140118,140119,0,1,2
39983,3,3,140121,140121,140124,0,3,2
39984,3,1,140124,140124,140125,0,1,0
39985,1,1,140125,140125,140126,0,1,0
39986,6,1,140131,140131,140132,0,1,5
39987,1,3,140132,140132,140135,0,3,0
39988,6,3,140138,140138,140141,0,3,3
39989,1,3,140139,140141,140144,2,5,0
39990,6,2,140145,140145,140147,0,2,1
39991,2,2,140147,140147,140149,0,2,0
39992,5,2,140152,140152,140154,0,2,3
39993,4,3,140156,140156,140159,0,3,2
39994,5,2,140161,140161,140163,0,2,2
39995,5,2,140166,140166,140168,0,2,3
39996,2,3,140168,140168,140171,0,3,0
39997,2,1,140170,140171,140172,1,2,0
39998,4,1,140174,140174,140175,0,1,2
39999,3,3,140177,140177,140180,0,3,2
40000,6,1,140183,140183,140184,0,1,3
40001,4,1,140187,140187,140188,0,1,3
40002,1,2,140188,140188,140190,0,2,0
40003,5,1,140193,140193,140194,0,1,3
40004,6,3,140199,140199,140202,0,3,5
40005,1,3,140200,140202,140205,2,5,0
40006,6,1,140206,140206,140207,0,1,1
40007,2,3,140208,140208,140211,0,3,1
40008,6,1,140214,140214,140215,0,1,3
40009,4,3,140218,140218,140221,0,3,3
40010,3,1,140221,140221,140222,0,1,0
40011,4,2,140225,140225,140227,0,2,3
40012,6,1,140231,140231,140232,0,1,4
40013,3,1,140234,140234,140235,0,1,2
40014,3,3,140237,140237,140240,0,3,2
40015,3,2,140240,140240,140242,0,2,0
40016,5,3,140245,140245,140248,0,3,3
40017,4,1,140249,140249,140250,0,1,1
40018,2,3,140251,140251,140254,0,3,1
40019,1,3,140252,140254,140257,2,5,0
40020,4,3,140256,140257,140260,1,4,0
40021,5,3,140261,140261,140264,0,3,1
40022,6,3,140267,140267,140270,0,3,3
40023,1,1,140268,140270,140271,2,3,0
40024,2,3,140270,140271,140274,1,4,0
40025,1,2,140271,140274,140276,3,5,0
40026,3,1,140274,140276,140277,2,3,0
40027,4,2,140278,140278,140280,0,2,1
40028,4,3,140282,140282,140285,0,3,2
40029,5,1,140287,140287,140288,0,1,2
40030,1,3,140288,140288,140291,0,3,0
40031,2,2,140290,140291,140293,1,3,0
40032,5,2,140295,140295,140297,0,2,2
40033,3,3,140298,140298,140301,0,3,1
40034,3,1,140301,140301,140302,0,1,0
40035,1,3,140302,140302,140305,0,3,0
40036,6,3,140308,140308,140311,0,3,3
40037,3,3,140311,140311,140314,0,3,0
40038,2,2,140313,140314,140316,1,3,0
40039,6,1,140319,140319,140320,0,1,3
40040,4,2,140323,140323,140325,0,2,3
40041,2,1,140325,140325,140326,0,1,0
40042,3,1,140328,140328,140329,0,1,2
40043,3,3,140331,140331,140334,0,3,2
40044,3,2,140334,140334,140336,0,2,0
40045,5,3,140339,140339,140342,0,3,3
40046,5,2,140344,140344,140346,0,2,2
40047,1,1,140345,140346,140347,1,2,0
40048,3,1,140348,140348,140349,0,1,1
40049,5,1,140353,140353,140354,0,1,4
40050,3,1,140356,140356,140357,0,1,2
40051,1,1,140357,140357,140358,0,1,0
40052,5,2,140362,140362,140364,0,2,4
40053,6,2,140368,140368,140370,0,2,4
40054,5,3,140373,140373,140376,0,3,3
40055,4,2,140377,140377,140379,0,2,1
40056,3,3,140380,140380,140383,0,3,1
40057,1,1,140381,140383,140384,2,3,0
40058,4,3,140385,140385,140388,0,3,1
40059,2,3,140387,140388,140391,1,4,0
40060,3,2,140390,140391,140393,1,3,0
40061,2,1,140392,140393,140394,1,2,0
40062,5,2,140397,140397,140399,0,2,3
40063,5,1,140402,140402,140403,0,1,3
40064,4,3,140406,140406,140409,0,3,3
40065,3,2,140409,140409,140411,0,2,0
40066,6,1,140415,140415,140416,0,1,4
40067,5,2,140420,140420,140422,0,2,4
40068,2,2,140422,140422,140424,0,2,0
40069,4,3,140426,140426,140429,0,3,2
40070,2,1,140428,140429,140430,1,2,0
40071,3,2,140431,140431,140433,0,2,1
40072,2,3,140433,140433,140436,0,3,0
40073,5,1,140438,140438,140439,0,1,2
40074,5,3,140443,140443,140446,0,3,4
40075,6,3,140449,140449,140452,0,3,3
40076,1,1,140450,140452,140453,2,3,0
40077,1,2,140451,140453,140455,2,4,0
40078,5,3,140456,140456,140459,0,3,1
40079,5,3,140461,140461,140464,0,3,2
40080,3,2,140464,140464,140466,0,2,0
40081,5,1,140469,140469,140470,0,1,3
40082,2,3,140471,140471,140474,0,3,1
40083,4,2,140475,140475,140477,0,2,1
40084,2,2,140477,140477,140479,0,2,0
40085,2,2,140479,140479,140481,0,2,0
40086,2,1,140481,140481,140482,0,1,0
40087,2,1,140483,140483,140484,0,1,1
40088,4,2,140487,140487,140489,0,2,3
40089,6,2,140493,140493,140495,0,2,4
40090,6,2,140499,140499,140501,0,2,4
40091,1,1,140500,140501,140502,1,2,0
40092,2,3,140502,140502,140505,0,3,0
40093,2,1,140504,140505,140506,1,2,0
40094,4,1,140508,140508,140509,0,1,2
40095,3,3,140511,140511,140514,0,3,2
40096,6,1,140517,140517,140518,0,1,3
40097,6,2,140523,140523,140525,0,2,5
40098,5,1,140528,140528,140529,0,1,3
40099,6,3,140534,140534,140537,0,3,5
40100,4,3,140538,140538,140541,0,3,1
40101,4,3,140542,140542,140545,0,3,1
40102,4,2,140546,140546,140548,0,2,1
40103,3,1,140549,140549,140550,0,1,1
40104,3,3,140552,140552,140555,0,3,2
40105,4,1,140556,140556,140557,0,1,1
40106,6,3,140562,140562,140565,0,3,5
40107,3,2,140565,140565,140567,0,2,0
40108,2,2,140567,140567,140569,0,2,0
40109,6,2,140573,140573,140575,0,2,4
40110,2,2,140575,140575,140577,0,2,0
40111,1,2,140576,140577,140579,1,3,0
40112,5,2,140581,140581,140583,0,2,2
40113,3,2,140584,140584,140586,0,2,1
40114,5,1,140589,140589,140590,0,1,3
40115,1,2,140590,140590,140592,0,2,0
40116,6,3,140596,140596,140599,0,3,4
40117,3,2,140599,140599,140601,0,2,0
40118,1,1,140600,140601,140602,1,2,0
40119,3,1,140603,140603,140604,0,1,1
40120,5,3,140608,140608,140611,0,3,4
40121,2,2,140610,140611,140613,1,3,0
40122,1,2,140611,140613,140615,2,4,0
40123,1,1,140612,140615,140616,3,4,0
40124,2,3,140614,140616,140619,2,5,0
40125,5,3,140619,140619,140622,0,3,0
40126,2,1,140621,140622,140623,1,2,0
40127,4,1,140625,140625,140626,0,1,2
40128,6,2,140631,140631,140633,0,2,5
40129,6,3,140637,140637,140640,0,3,4
40130,1,1,140638,140640,140641,2,3,0
40131,2,3,140640,140641,140644,1,4,0
40132,3,3,140643,140644,140647,1,4,0
40133,6,1,140649,140649,140650,0,1,2
40134,3,1,140652,140652,140653,0,1,2
40135,5,1,140657,140657,140658,0,1,4
40136,3,1,140660,140660,140661,0,1,2
40137,3,2,140663,140663,140665,0,2,2
40138,1,3,140664,140665,140668,1,4,0
40139,2,3,140666,140668,140671,2,5,0
40140,5,2,140671,140671,140673,0,2,0
40141,6,2,140677,140677,140679,0,2,4
40142,2,1,140679,140679,140680,0,1,0
40143,6,2,140685,140685,140687,0,2,5
40144,6,2,140691,140691,140693,0,2,4
40145,1,1,140692,140693,140694,1,2,0
40146,6,2,140698,140698,140700,0,2,4
40147,3,2,140701,140701,140703,0,2,1
40148,4,1,140705,140705,140706,0,1,2
40149,5,3,140710,140710,140713,0,3,4
40150,3,3,140713,140713,140716,0,3,0
40151,5,1,140718,140718,140719,0,1,2
40152,3,3,140721,140721,140724,0,3,2
40153,5,1,140726,140726,140727,0,1,2
40154,4,2,140730,140730,140732,0,2,3
40155,2,2,140732,140732,140734,0,2,0
40156,5,2,140737,140737,140739,0,2,3
40157,5,3,140742,140742,140745,0,3,3
40158,3,2,140745,140745,140747,0,2,0
40159,3,1,140748,140748,140749,0,1,1
40160,3,1,140751,140751,140752,0,1,2
40161,6,1,140757,140757,140758,0,1,5
40162,6,1,140763,140763,140764,0,1,5
40163,1,3,140764,140764,140767,0,3,0
40164,5,1,140769,140769,140770,0,1,2
40165,5,1,140774,140774,140775,0,1,4
40166,4,2,140778,140778,140780,0,2,3
40167,5,2,140783,140783,140785,0,2,3
40168,2,3,140785,140785,140788,0,3,0
40169,2,1,140787,140788,140789,1,2,0
40170,6,1,140793,140793,140794,0,1,4
40171,1,2,140794,140794,140796,0,2,0
40172,6,1,140800,140800,140801,0,1,4
40173,2,1,140802,140802,140803,0,1,1
40174,1,3,140803,140803,140806,0,3,0
40175,3,3,140806,140806,140809,0,3,0
40176,6,3,140812,140812,140815,0,3,3
40177,6,2,140818,140818,140820,0,2,3
40178,6,2,140824,140824,140826,0,2,4
40179,2,1,140826,140826,140827,0,1,0
40180,1,2,140827,140827,140829,0,2,0
40181,2,2,140829,140829,140831,0,2,0
40182,6,2,140835,140835,140837,0,2,4
40183,6,1,140841,140841,140842,0,1,4
40184,1,2,140842,140842,140844,0,2,0
40185,6,3,140848,140848,140851,0,3,4
40186,4,1,140852,140852,140853,0,1,1
40187,4,3,140856,140856,140859,0,3,3
40188,2,1,140858,140859,140860,1,2,0
40189,1,1,140859,140860,140861,1,2,0
40190,5,1,140864,140864,140865,0,1,3
40191,1,3,140865,140865,140868,0,3,0
40192,1,3,140866,140868,140871,2,5,0
40193,3,3,140869,140871,140874,2,5,0
40194,5,2,140874,140874,140876,0,2,0
40195,6,1,140880,140880,140881,0,1,4
40196,4,1,140884,140884,140885,0,1,3
40197,4,3,140888,140888,140891,0,3,3
40198,6,1,140894,140894,140895,0,1,3
40199,1,2,140895,140895,140897,0,2,0
40200,4,2,140899,140899,140901,0,2,2
40201,6,2,140905,140905,140907,0,2,4
40202,4,3,140909,140909,140912,0,3,2
40203,4,2,140913,140913,140915,0,2,1
40204,4,2,140917,140917,140919,0,2,2
40205,5,2,140922,140922,140924,0,2,3
40206,4,2,140926,140926,140928,0,2,2
40207,2,2,140928,140928,140930,0,2,0
40208,2,1,140930,140930,140931,0,1,0
40209,1,3,140931,140931,140934,0,3,0
40210,3,3,140934,140934,140937,0,3,0
40211,3,1,140937,140937,140938,0,1,0
40212,1,3,140938,140938,140941,0,3,0
40213,6,2,140944,140944,140946,0,2,3
40214,4,3,140948,140948,140951,0,3,2
40215,3,1,140951,140951,140952,0,1,0
40216,2,1,140953,140953,140954,0,1,1
40217,6,2,140959,140959,140961,0,2,5
40218,1,3,140960,140961,140964,1,4,0
40219,6,3,140966,140966,140969,0,3,2
40220,1,3,140967,140969,140972,2,5,0
40221,3,3,140970,140972,140975,2,5,0
40222,1,2,140971,140975,140977,4,6,0
40223,6,1,140977,140977,140978,0,1,0
40224,4,3,140981,140981,140984,0,3,3
40225,5,3,140986,140986,140989,0,3,2
40226,4,1,140990,140990,140991,0,1,1
40227,4,1,140994,140994,140995,0,1,3
40228,6,2,141000,141000,141002,0,2,5
40229,6,3,141006,141006,141009,0,3,4
40230,5,1,141011,141011,141012,0,1,2
40231,3,1,141014,141014,141015,0,1,2
40232,2,1,141016,141016,141017,0,1,1
40233,3,2,141019,141019,141021,0,2,2
40234,3,2,141022,141022,141024,0,2,1
40235,5,2,141027,141027,141029,0,2,3
40236,3,3,141030,141030,141033,0,3,1
40237,3,3,141033,141033,141036,0,3,0
40238,4,1,141037,141037,141038,0,1,1
40239,6,1,141043,141043,141044,0,1,5
40240,1,1,141044,141044,141045,0,1,0
40241,4,3,141048,141048,141051,0,3,3
40242,1,3,141049,141051,141054,2,5,0
40243,5,1,141054,141054,141055,0,1,0
40244,6,2,141060,141060,141062,0,2,5
40245,2,3,141062,141062,141065,0,3,0
40246,4,2,141066,141066,141068,0,2,1
40247,4,1,141070,141070,141071,0,1,2
40248,1,1,141071,141071,141072,0,1,0
40249,1,1,141072,141072,141073,0,1,0
40250,2,2,141074,141074,141076,0,2,1
40251,2,2,141076,141076,141078,0,2,0
40252,4,3,141080,141080,141083,0,3,2
40253,6,3,141086,141086,141089,0,3,3
40254,1,3,141087,141089,141092,2,5,0
40255,4,1,141091,141092,141093,1,2,0
40256,4,2,141095,141095,141097,0,2,2
40257,2,2,141097,141097,141099,0,2,0
40258,3,2,141100,141100,141102,0,2,1
40259,5,2,141105,141105,141107,0,2,3
40260,6,3,141111,141111,141114,0,3,4
40261,2,2,141113,141114,141116,1,3,0
40262,6,3,141119,141119,141122,0,3,3
40263,2,3,141121,141122,141125,1,4,0
40264,3,3,141124,141125,141128,1,4,0
40265,4,2,141128,141128,141130,0,2,0
40266,3,1,141131,141131,141132,0,1,1
40267,6,2,141137,141137,141139,0,2,5
40268,1,2,141138,141139,141141,1,3,0
40269,3,1,141141,141141,141142,0,1,0
40270,3,1,141144,141144,141145,0,1,2
40271,2,2,141146,141146,141148,0,2,1
40272,2,3,141148,141148,141151,0,3,0
40273,2,3,141150,141151,141154,1,4,0
40274,3,2,141153,141154,141156,1,3,0
40275,6,3,141159,141159,141162,0,3,3
40276,6,1,141165,141165,141166,0,1,3
40277,1,1,141166,141166,141167,0,1,0
40278,1,3,141167,141167,141170,0,3,0
40279,5,3,141172,141172,141175,0,3,2
40280,3,2,141175,141175,141177,0,2,0
40281,4,1,141179,141179,141180,0,1,2
40282,3,1,141182,141182,141183,0,1,2
40283,3,3,141185,141185,141188,0,3,2
40284,3,2,141188,141188,141190,0,2,0
40285,6,1,141194,141194,141195,0,1,4
40286,6,1,141200,141200,141201,0,1,5
40287,6,3,141206,141206,141209,0,3,5
40288,2,1,141208,141209,141210,1,2,0
40289,3,2,141211,141211,141213,0,2,1
40290,1,2,141212,141213,141215,1,3,0
40291,1,1,141213,141215,141216,2,3,0
40292,5,3,141218,141218,141221,0,3,2
40293,4,2,141222,141222,141224,0,2,1
40294,5,2,141227,141227,141229,0,2,3
40295,3,3,141230,141230,141233,0,3,1
40296,1,2,141231,141233,141235,2,4,0
40297,6,1,141237,141237,141238,0,1,2
40298,6,1,141243,141243,141244,0,1,5
40299,6,1,141249,141249,141250,0,1,5
40300,4,3,141253,141253,141256,0,3,3
40301,3,1,141256,141256,141257,0,1,0
40302,1,2,141257,141257,141259,0,2,0
40303,3,3,141260,141260,141263,0,3,1
40304,4,1,141264,141264,141265,0,1,1
40305,1,2,141265,141265,141267,0,2,0
40306,2,3,141267,141267,141270,0,3,0
40307,6,2,141273,141273,141275,0,2,3
40308,2,3,141275,141275,141278,0,3,0
40309,2,2,141277,141278,141280,1,3,0
40310,4,3,141281,141281,141284,0,3,1
40311,4,2,141285,141285,141287,0,2,1
40312,2,2,141287,141287,141289,0,2,0
40313,6,2,141293,141293,141295,0,2,4
40314,2,2,141295,141295,141297,0,2,0
40315,1,3,141296,141297,141300,1,4,0
40316,4,3,141300,141300,141303,0,3,0
40317,2,1,141302,141303,141304,1,2,0
40318,5,1,141307,141307,141308,0,1,3
40319,5,1,141312,141312,141313,0,1,4
40320,2,3,141314,141314,141317,0,3,1
40321,2,3,141316,141317,141320,1,4,0
40322,5,3,141321,141321,141324,0,3,1
40323,4,3,141325,141325,141328,0,3,1
40324,5,2,141330,141330,141332,0,2,2
40325,5,1,141335,141335,141336,0,1,3
40326,3,3,141338,141338,141341,0,3,2
40327,2,1,141340,141341,141342,1,2,0
40328,6,2,141346,141346,141348,0,2,4
40329,5,3,141351,141351,141354,0,3,3
40330,4,3,141355,141355,141358,0,3,1
40331,6,3,141361,141361,141364,0,3,3
40332,3,3,141364,141364,141367,0,3,0
40333,5,1,141369,141369,141370,0,1,2
40334,4,2,141373,141373,141375,0,2,3
40335,1,3,141374,141375,141378,1,4,0
40336,5,1,141379,141379,141380,0,1,1
40337,6,1,141385,141385,141386,0,1,5
40338,6,2,141391,141391,141393,0,2,5
40339,5,2,141396,141396,141398,0,2,3
40340,6,3,141402,141402,141405,0,3,4
40341,4,1,141406,141406,141407,0,1,1
40342,5,2,141411,141411,141413,0,2,4
40343,6,1,141417,141417,141418,0,1,4
40344,2,2,141419,141419,141421,0,2,1
40345,5,3,141424,141424,141427,0,3,3
40346,3,1,141427,141427,141428,0,1,0
40347,6,1,141433,141433,141434,0,1,5
40348,1,2,141434,141434,141436,0,2,0
40349,6,2,141440,141440,141442,0,2,4
40350,1,3,141441,141442,141445,1,4,0
40351,3,3,141444,141445,141448,1,4,0
40352,1,2,141445,141448,141450,3,5,0
40353,1,1,141446,141450,141451,4,5,0
40354,3,2,141449,141451,141453,2,4,0
40355,4,2,141453,141453,141455,0,2,0
40356,5,3,141458,141458,141461,0,3,3
40357,6,2,141464,141464,141466,0,2,3
40358,1,2,141465,141466,141468,1,3,0
40359,3,2,141468,141468,141470,0,2,0
40360,5,2,141473,141473,141475,0,2,3
40361,2,3,141475,141475,141478,0,3,0
40362,3,2,141478,141478,141480,0,2,0
40363,2,1,141480,141480,141481,0,1,0
40364,1,3,141481,141481,141484,0,3,0
40365,5,1,141486,141486,141487,0,1,2
40366,1,3,141487,141487,141490,0,3,0
40367,5,2,141492,141492,141494,0,2,2
40368,4,1,141496,141496,141497,0,1,2
40369,5,1,141501,141501,141502,0,1,4
40370,6,1,141507,141507,141508,0,1,5
40371,6,2,141513,141513,141515,0,2,5
40372,6,3,141519,141519,141522,0,3,4
40373,1,3,141520,141522,141525,2,5,0
40374,3,2,141523,141525,141527,2,4,0
40375,6,2,141529,141529,141531,0,2,2
40376,5,3,141534,141534,141537,0,3,3
40377,4,1,141538,141538,141539,0,1,1
40378,3,1,141541,141541,141542,0,1,2
40379,1,2,141542,141542,141544,0,2,0
40380,5,1,141547,141547,141548,0,1,3
40381,1,3,141548,141548,141551,0,3,0
40382,2,3,141550,141551,141554,1,4,0
40383,1,2,141551,141554,141556,3,5,0
40384,4,3,141555,141556,141559,1,4,0
40385,3,1,141558,141559,141560,1,2,0
40386,3,2,141561,141561,141563,0,2,1
40387,2,3,141563,141563,141566,0,3,0
40388,4,1,141567,141567,141568,0,1,1
40389,2,2,141569,141569,141571,0,2,1
40390,1,2,141570,141571,141573,1,3,0
40391,5,3,141575,141575,141578,0,3,2
40392,3,3,141578,141578,141581,0,3,0
40393,6,3,141584,141584,141587,0,3,3
40394,1,1,141585,141587,141588,2,3,0
40395,3,1,141588,141588,141589,0,1,0
40396,6,2,141594,141594,141596,0,2,5
40397,4,2,141598,141598,141600,0,2,2
40398,1,2,141599,141600,141602,1,3,0
40399,1,2,141600,141602,141604,2,4,0
40400,5,1,141605,141605,141606,0,1,1
40401,4,1,141609,141609,141610,0,1,3
40402,4,2,141613,141613,141615,0,2,3
40403,5,1,141618,141618,141619,0,1,3
40404,4,3,141622,141622,141625,0,3,3
40405,4,2,141626,141626,141628,0,2,1
40406,6,1,141632,141632,141633,0,1,4
40407,2,1,141634,141634,141635,0,1,1
40408,4,2,141638,141638,141640,0,2,3
40409,5,3,141643,141643,141646,0,3,3
40410,4,1,141647,141647,141648,0,1,1
40411,2,2,141649,141649,141651,0,2,1
40412,6,3,141655,141655,141658,0,3,4
40413,4,2,141659,141659,141661,0,2,1
40414,5,2,141664,141664,141666,0,2,3
40415,6,1,141670,141670,141671,0,1,4
40416,1,3,141671,141671,141674,0,3,0
40417,6,3,141677,141677,141680,0,3,3
40418,6,3,141683,141683,141686,0,3,3
40419,5,3,141688,141688,141691,0,3,2
40420,5,3,141693,141693,141696,0,3,2
40421,5,3,141698,141698,141701,0,3,2
40422,4,1,141702,141702,141703,0,1,1
40423,1,2,141703,141703,141705,0,2,0
40424,2,3,141705,141705,141708,0,3,0
40425,1,1,141706,141708,141709,2,3,0
40426,5,1,141711,141711,141712,0,1,2
40427,3,3,141714,141714,141717,0,3,2
40428,4,1,141718,141718,141719,0,1,1
40429,3,1,141721,141721,141722,0,1,2
40430,4,2,141725,141725,141727,0,2,3
40431,5,3,141730,141730,141733,0,3,3
40432,5,1,141735,141735,141736,0,1,2
40433,6,2,141741,141741,141743,0,2,5
40434,6,3,141747,141747,141750,0,3,4
40435,1,3,141748,141750,141753,2,5,0
40436,6,3,141754,141754,141757,0,3,1
40437,1,3,141755,141757,141760,2,5,0
40438,3,3,141758,141760,141763,2,5,0
40439,6,2,141764,141764,141766,0,2,1
40440,3,2,141767,141767,141769,0,2,1
40441,2,3,141769,141769,141772,0,3,0
40442,3,2,141772,141772,141774,0,2,0
40443,2,2,141774,141774,141776,0,2,0
40444,6,1,141780,141780,141781,0,1,4
40445,6,2,141786,141786,141788,0,2,5
40446,2,3,141788,141788,141791,0,3,0
40447,4,3,141792,141792,141795,0,3,1
40448,4,2,141796,141796,141798,0,2,1
40449,3,3,141799,141799,141802,0,3,1
40450,4,3,141803,141803,141806,0,3,1
40451,4,2,141807,141807,141809,0,2,1
40452,5,2,141812,141812,141814,0,2,3
40453,1,1,141813,141814,141815,1,2,0
40454,4,3,141817,141817,141820,0,3,2
40455,4,1,141821,141821,141822,0,1,1
40456,6,2,141827,141827,141829,0,2,5
40457,6,3,141833,141833,141836,0,3,4
40458,5,1,141838,141838,141839,0,1,2
40459,3,2,141841,141841,141843,0,2,2
40460,3,3,141844,141844,141847,0,3,1
40461,4,2,141848,141848,141850,0,2,1
40462,5,2,141853,141853,141855,0,2,3
40463,6,3,141859,141859,141862,0,3,4
40464,2,2,141861,141862,141864,1,3,0
40465,5,3,141866,141866,141869,0,3,2
40466,4,2,141870,141870,141872,0,2,1
40467,5,2,141875,141875,141877,0,2,3
40468,3,3,141878,141878,141881,0,3,1
40469,6,2,141884,141884,141886,0,2,3
40470,3,2,141887,141887,141889,0,2,1
40471,3,2,141890,141890,141892,0,2,1
40472,6,3,141896,141896,141899,0,3,4
40473,3,2,141899,141899,141901,0,2,0
40474,3,2,141902,141902,141904,0,2,1
40475,6,1,141908,141908,141909,0,1,4
40476,3,3,141911,141911,141914,0,3,2
40477,3,1,141914,141914,141915,0,1,0
40478,5,3,141919,141919,141922,0,3,4
40479,5,3,141924,141924,141927,0,3,2
40480,6,1,141930,141930,141931,0,1,3
40481,3,3,141933,141933,141936,0,3,2
40482,3,1,141936,141936,141937,0,1,0
40483,6,3,141942,141942,141945,0,3,5
40484,5,3,141947,141947,141950,0,3,2
40485,5,1,141952,141952,141953,0,1,2
40486,1,1,141953,141953,141954,0,1,0
40487,1,1,141954,141954,141955,0,1,0
40488,1,3,141955,141955,141958,0,3,0
40489,5,3,141960,141960,141963,0,3,2
40490,3,2,141963,141963,141965,0,2,0
40491,2,2,141965,141965,141967,0,2,0
40492,4,2,141969,141969,141971,0,2,2
40493,3,3,141972,141972,141975,0,3,1
40494,3,3,141975,141975,141978,0,3,0
40495,6,2,141981,141981,141983,0,2,3
40496,3,3,141984,141984,141987,0,3,1
40497,2,1,141986,141987,141988,1,2,0
40498,5,2,141991,141991,141993,0,2,3
40499,2,3,141993,141993,141996,0,3,0
40500,4,1,141997,141997,141998,0,1,1
40501,5,1,142002,142002,142003,0,1,4
40502,6,1,142008,142008,142009,0,1,5
40503,5,2,142013,142013,142015,0,2,4
40504,4,3,142017,142017,142020,0,3,2
40505,2,1,142019,142020,142021,1,2,0
40506,2,2,142021,142021,142023,0,2,0
40507,4,3,142025,142025,142028,0,3,2
40508,5,3,142030,142030,142033,0,3,2
40509,5,1,142035,142035,142036,0,1,2
40510,2,2,142037,142037,142039,0,2,1
40511,5,3,142042,142042,142045,0,3,3
40512,5,2,142047,142047,142049,0,2,2
40513,1,3,142048,142049,142052,1,4,0
40514,2,1,142050,142052,142053,2,3,0
40515,6,3,142056,142056,142059,0,3,3
40516,4,3,142060,142060,142063,0,3,1
40517,2,1,142062,142063,142064,1,2,0
40518,6,3,142068,142068,142071,0,3,4
40519,2,2,142070,142071,142073,1,3,0
40520,1,2,142071,142073,142075,2,4,0
40521,3,3,142074,142075,142078,1,4,0
40522,4,3,142078,142078,142081,0,3,0
40523,1,2,142079,142081,142083,2,4,0
40524,3,3,142082,142083,142086,1,4,0
40525,1,1,142083,142086,142087,3,4,0
40526,6,1,142089,142089,142090,0,1,2
40527,4,1,142093,142093,142094,0,1,3
40528,5,1,142098,142098,142099,0,1,4
40529,5,3,142103,142103,142106,0,3,4
40530,5,2,142108,142108,142110,0,2,2
40531,1,3,142109,142110,142113,1,4,0
40532,1,1,142110,142113,142114,3,4,0
40533,6,2,142116,142116,142118,0,2,2
40534,2,3,142118,142118,142121,0,3,0
40535,3,2,142121,142121,142123,0,2,0
40536,4,2,142125,142125,142127,0,2,2
40537,5,1,142130,142130,142131,0,1,3
40538,3,1,142133,142133,142134,0,1,2
40539,1,2,142134,142134,142136,0,2,0
40540,3,1,142137,142137,142138,0,1,1
40541,3,3,142140,142140,142143,0,3,2
40542,2,3,142142,142143,142146,1,4,0
40543,4,2,142146,142146,142148,0,2,0
40544,6,1,142152,142152,142153,0,1,4
40545,4,3,142156,142156,142159,0,3,3
40546,5,3,142161,142161,142164,0,3,2
40547,5,2,142166,142166,142168,0,2,2
40548,6,2,142172,142172,142174,0,2,4
40549,3,3,142175,142175,142178,0,3,1
40550,2,1,142177,142178,142179,1,2,0
40551,6,1,142183,142183,142184,0,1,4
40552,1,1,142184,142184,142185,0,1,0
40553,2,3,142186,142186,142189,0,3,1
40554,2,1,142188,142189,142190,1,2,0
40555,1,3,142189,142190,142193,1,4,0
40556,1,2,142190,142193,142195,3,5,0
40557,1,3,142191,142195,142198,4,7,0
40558,5,1,142196,142198,142199,2,3,0
40559,2,1,142198,142199,142200,1,2,0
40560,3,2,142201,142201,142203,0,2,1
40561,1,3,142202,142203,142206,1,4,0
40562,3,1,142205,142206,142207,1,2,0
40563,4,2,142209,142209,142211,0,2,2
40564,6,1,142215,142215,142216,0,1,4
40565,1,3,142216,142216,142219,0,3,0
40566,1,2,142217,142219,142221,2,4,0
40567,6,3,142223,142223,142226,0,3,2
40568,5,1,142228,142228,142229,0,1,2
40569,5,2,142233,142233,142235,0,2,4
40570,3,2,142236,142236,142238,0,2,1
40571,4,2,142240,142240,142242,0,2,2
40572,4,2,142244,142244,142246,0,2,2
40573,4,1,142248,142248,142249,0,1,2
40574,2,3,142250,142250,142253,0,3,1
40575,5,3,142255,142255,142258,0,3,2
40576,6,1,142261,142261,142262,0,1,3
40577,6,2,142267,142267,142269,0,2,5
40578,1,3,142268,142269,142272,1,4,0
40579,1,2,142269,142272,142274,3,5,0
40580,3,1,142272,142274,142275,2,3,0
40581,1,3,142273,142275,142278,2,5,0
40582,3,3,142276,142278,142281,2,5,0
40583,4,3,142280,142281,142284,1,4,0
40584,4,3,142284,142284,142287,0,3,0
40585,2,2,142286,142287,142289,1,3,0
40586,5,1,142291,142291,142292,0,1,2
40587,6,3,142297,142297,142300,0,3,5
40588,2,2,142299,142300,142302,1,3,0
40589,2,2,142301,142302,142304,1,3,0
40590,5,3,142306,142306,142309,0,3,2
40591,5,2,142311,142311,142313,0,2,2
40592,3,3,142314,142314,142317,0,3,1
40593,3,3,142317,142317,142320,0,3,0
40594,2,3,142319,142320,142323,1,4,0
40595,3,2,142322,142323,142325,1,3,0
40596,3,2,142325,142325,142327,0,2,0
40597,5,2,142330,142330,142332,0,2,3
40598,2,2,142332,142332,142334,0,2,0
40599,3,1,142335,142335,142336,0,1,1
40600,2,3,142337,142337,142340,0,3,1
40601,3,2,142340,142340,142342,0,2,0
40602,1,1,142341,142342,142343,1,2,0
40603,1,3,142342,142343,142346,1,4,0
40604,4,3,142346,142346,142349,0,3,0
40605,3,2,142349,142349,142351,0,2,0
40606,4,2,142353,142353,142355,0,2,2
40607,5,1,142358,142358,142359,0,1,3
40608,1,3,142359,142359,142362,0,3,0
40609,1,3,142360,142362,142365,2,5,0
40610,5,2,142365,142365,142367,0,2,0
40611,5,2,142370,142370,142372,0,2,3
40612,3,3,142373,142373,142376,0,3,1
40613,4,2,142377,142377,142379,0,2,1
40614,3,1,142380,142380,142381,0,1,1
40615,2,3,142382,142382,142385,0,3,1
40616,5,1,142387,142387,142388,0,1,2
40617,6,1,142393,142393,142394,0,1,5
40618,5,3,142398,142398,142401,0,3,4
40619,4,1,142402,142402,142403,0,1,1
40620,6,2,142408,142408,142410,0,2,5
40621,1,2,142409,142410,142412,1,3,0
40622,6,3,142415,142415,142418,0,3,3
40623,5,3,142420,142420,142423,0,3,2
40624,1,1,142421,142423,142424,2,3,0
40625,2,2,142423,142424,142426,1,3,0
40626,2,3,142425,142426,142429,1,4,0
40627,1,3,142426,142429,142432,3,6,0
40628,2,3,142428,142432,142435,4,7,0
40629,5,3,142433,142435,142438,2,5,0
40630,5,3,142438,142438,142441,0,3,0
40631,2,3,142440,142441,142444,1,4,0
40632,6,1,142446,142446,142447,0,1,2
40633,1,2,142447,142447,142449,0,2,0
40634,3,1,142450,142450,142451,0,1,1
40635,6,1,142456,142456,142457,0,1,5
40636,2,3,142458,142458,142461,0,3,1
40637,1,3,142459,142461,142464,2,5,0
40638,4,1,142463,142464,142465,1,2,0
40639,1,1,142464,142465,142466,1,2,0
40640,2,1,142466,142466,142467,0,1,0
40641,6,3,142472,142472,142475,0,3,5
40642,2,2,142474,142475,142477,1,3,0
40643,1,1,142475,142477,142478,2,3,0
40644,3,1,142478,142478,142479,0,1,0
40645,4,1,142482,142482,142483,0,1,3
40646,5,3,142487,142487,142490,0,3,4
40647,2,1,142489,142490,142491,1,2,0
40648,6,2,142495,142495,142497,0,2,4
40649,4,1,142499,142499,142500,0,1,2
40650,3,1,142502,142502,142503,0,1,2
40651,4,2,142506,142506,142508,0,2,3
40652,3,2,142509,142509,142511,0,2,1
40653,1,3,142510,142511,142514,1,4,0
40654,3,1,142513,142514,142515,1,2,0
40655,4,1,142517,142517,142518,0,1,2
40656,3,3,142520,142520,142523,0,3,2
40657,6,2,142526,142526,142528,0,2,3
40658,1,1,142527,142528,142529,1,2,0
40659,1,2,142528,142529,142531,1,3,0
40660,4,3,142532,142532,142535,0,3,1
40661,4,3,142536,142536,142539,0,3,1
40662,6,3,142542,142542,142545,0,3,3
40663,3,2,142545,142545,142547,0,2,0
40664,5,1,142550,142550,142551,0,1,3
40665,5,2,142555,142555,142557,0,2,4
40666,6,1,142561,142561,142562,0,1,4
40667,2,1,142563,142563,142564,0,1,1
40668,2,2,142565,142565,142567,0,2,1
40669,4,1,142569,142569,142570,0,1,2
40670,2,3,142571,142571,142574,0,3,1
40671,6,1,142577,142577,142578,0,1,3
40672,1,3,142578,142578,142581,0,3,0
40673,2,2,142580,142581,142583,1,3,0
40674,5,2,142585,142585,142587,0,2,2
40675,2,1,142587,142587,142588,0,1,0
40676,1,2,142588,142588,142590,0,2,0
40677,4,2,142592,142592,142594,0,2,2
40678,6,2,142598,142598,142600,0,2,4
40679,3,1,142601,142601,142602,0,1,1
40680,6,3,142607,142607,142610,0,3,5
40681,2,3,142609,142610,142613,1,4,0
40682,3,3,142612,142613,142616,1,4,0
40683,1,2,142613,142616,142618,3,5,0
40684,2,3,142615,142618,142621,3,6,0
40685,1,3,142616,142621,142624,5,8,0
40686,1,1,142617,142624,142625,7,8,0
40687,5,3,142622,142625,142628,3,6,0
40688,2,1,142624,142628,142629,4,5,0
40689,5,2,142629,142629,142631,0,2,0
40690,5,3,142634,142634,142637,0,3,3
40691,5,2,142639,142639,142641,0,2,2
40692,5,1,142644,142644,142645,0,1,3
40693,4,1,142648,142648,142649,0,1,3
40694,2,3,142650,142650,142653,0,3,1
40695,5,3,142655,142655,142658,0,3,2
40696,4,3,142659,142659,142662,0,3,1
40697,6,3,142665,142665,142668,0,3,3
40698,6,2,142671,142671,142673,0,2,3
40699,3,2,142674,142674,142676,0,2,1
40700,2,1,142676,142676,142677,0,1,0
40701,2,1,142678,142678,142679,0,1,1
40702,4,1,142682,142682,142683,0,1,3
40703,3,3,142685,142685,142688,0,3,2
40704,6,2,142691,142691,142693,0,2,3
40705,1,3,142692,142693,142696,1,4,0
40706,5,1,142697,142697,142698,0,1,1
40707,1,3,142698,142698,142701,0,3,0
40708,4,1,142702,142702,142703,0,1,1
40709,2,2,142704,142704,142706,0,2,1
40710,5,1,142709,142709,142710,0,1,3
40711,4,3,142713,142713,142716,0,3,3
40712,3,2,142716,142716,142718,0,2,0
40713,5,2,142721,142721,142723,0,2,3
40714,5,3,142726,142726,142729,0,3,3
40715,1,1,142727,142729,142730,2,3,0
40716,5,1,142732,142732,142733,0,1,2
40717,2,2,142734,142734,142736,0,2,1
40718,5,2,142739,142739,142741,0,2,3
40719,6,2,142745,142745,142747,0,2,4
40720,3,3,142748,142748,142751,0,3,1
40721,6,2,142754,142754,142756,0,2,3
40722,6,2,142760,142760,142762,0,2,4
40723,5,1,142765,142765,142766,0,1,3
40724,5,3,142770,142770,142773,0,3,4
40725,5,3,142775,142775,142778,0,3,2
40726,2,3,142777,142778,142781,1,4,0
40727,3,3,142780,142781,142784,1,4,0
40728,3,2,142783,142784,142786,1,3,0
40729,4,1,142787,142787,142788,0,1,1
40730,4,3,142791,142791,142794,0,3,3
40731,4,1,142795,142795,142796,0,1,1
40732,5,1,142800,142800,142801,0,1,4
40733,6,3,142806,142806,142809,0,3,5
40734,4,1,142810,142810,142811,0,1,1
40735,3,2,142813,142813,142815,0,2,2
40736,6,1,142819,142819,142820,0,1,4
40737,2,2,142821,142821,142823,0,2,1
40738,3,1,142824,142824,142825,0,1,1
40739,3,1,142827,142827,142828,0,1,2
40740,1,3,142828,142828,142831,0,3,0
40741,1,3,142829,142831,142834,2,5,0
40742,2,2,142831,142834,142836,3,5,0
40743,5,3,142836,142836,142839,0,3,0
40744,2,2,142838,142839,142841,1,3,0
40745,3,1,142841,142841,142842,0,1,0
40746,1,1,142842,142842,142843,0,1,0
40747,2,3,142844,142844,142847,0,3,1
40748,3,1,142847,142847,142848,0,1,0
40749,6,3,142853,142853,142856,0,3,5
40750,6,1,142859,142859,142860,0,1,3
40751,1,3,142860,142860,142863,0,3,0
40752,2,2,142862,142863,142865,1,3,0
40753,3,1,142865,142865,142866,0,1,0
40754,2,3,142867,142867,142870,0,3,1
40755,2,3,142869,142870,142873,1,4,0
40756,2,3,142871,142873,142876,2,5,0
40757,1,2,142872,142876,142878,4,6,0
40758,2,1,142874,142878,142879,4,5,0
40759,3,3,142877,142879,142882,2,5,0
40760,5,3,142882,142882,142885,0,3,0
40761,6,2,142888,142888,142890,0,2,3
40762,1,3,142889,142890,142893,1,4,0
40763,3,1,142892,142893,142894,1,2,0
40764,2,1,142894,142894,142895,0,1,0
40765,1,3,142895,142895,142898,0,3,0
40766,5,3,142900,142900,142903,0,3,2
40767,4,1,142904,142904,142905,0,1,1
40768,4,1,142908,142908,142909,0,1,3
40769,2,3,142910,142910,142913,0,3,1
40770,5,2,142915,142915,142917,0,2,2
40771,6,2,142921,142921,142923,0,2,4
40772,5,1,142926,142926,142927,0,1,3
40773,5,2,142931,142931,142933,0,2,4
40774,3,1,142934,142934,142935,0,1,1
40775,5,3,142939,142939,142942,0,3,4
40776,6,3,142945,142945,142948,0,3,3
40777,2,1,142947,142948,142949,1,2,0
40778,3,2,142950,142950,142952,0,2,1
40779,5,1,142955,142955,142956,0,1,3
40780,4,2,142959,142959,142961,0,2,3
40781,3,3,142962,142962,142965,0,3,1
40782,1,1,142963,142965,142966,2,3,0
40783,6,1,142969,142969,142970,0,1,3
40784,2,2,142971,142971,142973,0,2,1
40785,1,2,142972,142973,142975,1,3,0
40786,1,3,142973,142975,142978,2,5,0
40787,2,2,142975,142978,142980,3,5,0
40788,1,2,142976,142980,142982,4,6,0
40789,1,2,142977,142982,142984,5,7,0
40790,3,3,142980,142984,142987,4,7,0
40791,5,2,142985,142987,142989,2,4,0
40792,6,2,142991,142991,142993,0,2,2
40793,1,1,142992,142993,142994,1,2,0
40794,1,2,142993,142994,142996,1,3,0
40795,2,2,142995,142996,142998,1,3,0
40796,2,1,142997,142998,142999,1,2,0
40797,3,1,143000,143000,143001,0,1,1
40798,4,1,143004,143004,143005,0,1,3
40799,2,1,143006,143006,143007,0,1,1
40800,6,1,143012,143012,143013,0,1,5
40801,6,3,143018,143018,143021,0,3,5
40802,3,3,143021,143021,143024,0,3,0
40803,2,1,143023,143024,143025,1,2,0
40804,4,2,143027,143027,143029,0,2,2
40805,4,3,143031,143031,143034,0,3,2
40806,1,3,143032,143034,143037,2,5,0
40807,3,3,143035,143037,143040,2,5,0
40808,2,2,143037,143040,143042,3,5,0
40809,1,3,143038,143042,143045,4,7,0
40810,6,3,143044,143045,143048,1,4,0
40811,2,1,143046,143048,143049,2,3,0
40812,6,2,143052,143052,143054,0,2,3
40813,4,3,143056,143056,143059,0,3,2
40814,3,3,143059,143059,143062,0,3,0
40815,4,1,143063,143063,143064,0,1,1
40816,3,2,143066,143066,143068,0,2,2
40817,3,1,143069,143069,143070,0,1,1
40818,2,2,143071,143071,143073,0,2,1
40819,2,3,143073,143073,143076,0,3,0
40820,2,3,143075,143076,143079,1,4,0
40821,2,3,143077,143079,143082,2,5,0
40822,3,3,143080,143082,143085,2,5,0
40823,3,3,143083,143085,143088,2,5,0
40824,5,1,143088,143088,143089,0,1,0
40825,6,2,143094,143094,143096,0,2,5
40826,6,2,143100,143100,143102,0,2,4
40827,5,1,143105,143105,143106,0,1,3
40828,3,2,143108,143108,143110,0,2,2
40829,2,2,143110,143110,143112,0,2,0
40830,6,2,143116,143116,143118,0,2,4
40831,3,1,143119,143119,143120,0,1,1
40832,6,3,143125,143125,143128,0,3,5
40833,4,3,143129,143129,143132,0,3,1
40834,1,3,143130,143132,143135,2,5,0
40835,5,1,143135,143135,143136,0,1,0
40836,5,3,143140,143140,143143,0,3,4
40837,1,2,143141,143143,143145,2,4,0
40838,5,1,143146,143146,143147,0,1,1
40839,5,3,143151,143151,143154,0,3,4
40840,2,1,143153,143154,143155,1,2,0
40841,4,1,143157,143157,143158,0,1,2
40842,2,3,143159,143159,143162,0,3,1
40843,4,3,143163,143163,143166,0,3,1
40844,4,1,143167,143167,143168,0,1,1
40845,1,3,143168,143168,143171,0,3,0
40846,4,2,143172,143172,143174,0,2,1
40847,2,3,143174,143174,143177,0,3,0
40848,4,1,143178,143178,143179,0,1,1
40849,4,2,143182,143182,143184,0,2,3
40850,6,1,143188,143188,143189,0,1,4
40851,1,2,143189,143189,143191,0,2,0
40852,4,3,143193,143193,143196,0,3,2
40853,3,2,143196,143196,143198,0,2,0
40854,6,2,143202,143202,143204,0,2,4
40855,5,3,143207,143207,143210,0,3,3
40856,2,3,143209,143210,143213,1,4,0
40857,1,3,143210,143213,143216,3,6,0
40858,2,1,143212,143216,143217,4,5,0
40859,2,3,143214,143217,143220,3,6,0
40860,1,1,143215,143220,143221,5,6,0
40861,3,2,143218,143221,143223,3,5,0
40862,5,3,143223,143223,143226,0,3,0
40863,6,1,143229,143229,143230,0,1,3
40864,5,2,143234,143234,143236,0,2,4
40865,1,2,143235,143236,143238,1,3,0
40866,3,1,143238,143238,143239,0,1,0
40867,6,3,143244,143244,143247,0,3,5
40868,5,1,143249,143249,143250,0,1,2
40869,2,3,143251,143251,143254,0,3,1
40870,6,3,143257,143257,143260,0,3,3
40871,2,3,143259,143260,143263,1,4,0
40872,1,3,143260,143263,143266,3,6,0
40873,3,1,143263,143266,143267,3,4,0
40874,5,1,143268,143268,143269,0,1,1
40875,2,2,143270,143270,143272,0,2,1
40876,6,3,143276,143276,143279,0,3,4
40877,5,2,143281,143281,143283,0,2,2
40878,5,1,143286,143286,143287,0,1,3
40879,3,1,143289,143289,143290,0,1,2
40880,1,1,143290,143290,143291,0,1,0
40881,1,1,143291,143291,143292,0,1,0
40882,4,1,143295,143295,143296,0,1,3
40883,1,3,143296,143296,143299,0,3,0
40884,4,2,143300,143300,143302,0,2,1
40885,3,2,143303,143303,143305,0,2,1
40886,2,2,143305,143305,143307,0,2,0
40887,2,2,143307,143307,143309,0,2,0
40888,5,1,143312,143312,143313,0,1,3
40889,4,2,143316,143316,143318,0,2,3
40890,6,2,143322,143322,143324,0,2,4
40891,3,2,143325,143325,143327,0,2,1
40892,6,2,143331,143331,143333,0,2,4
40893,2,3,143333,143333,143336,0,3,0
40894,2,2,143335,143336,143338,1,3,0
40895,2,2,143337,143338,143340,1,3,0
40896,1,3,143338,143340,143343,2,5,0
40897,1,1,143339,143343,143344,4,5,0
40898,6,3,143345,143345,143348,0,3,1
40899,2,3,143347,143348,143351,1,4,0
40900,1,3,143348,143351,143354,3,6,0
40901,2,3,143350,143354,143357,4,7,0
40902,1,3,143351,143357,143360,6,9,0
40903,3,2,143354,143360,143362,6,8,0
40904,4,1,143358,143362,143363,4,5,0
40905,6,3,143364,143364,143367,0,3,1
40906,2,1,143366,143367,143368,1,2,0
40907,1,2,143367,143368,143370,1,3,0
40908,6,3,143373,143373,143376,0,3,3
40909,2,3,143375,143376,143379,1,4,0
40910,5,1,143380,143380,143381,0,1,1
40911,3,1,143383,143383,143384,0,1,2
40912,1,3,143384,143384,143387,0,3,0
40913,4,1,143388,143388,143389,0,1,1
40914,5,2,143393,143393,143395,0,2,4
40915,3,3,143396,143396,143399,0,3,1
40916,2,1,143398,143399,143400,1,2,0
40917,5,3,143403,143403,143406,0,3,3
40918,2,2,143405,143406,143408,1,3,0
40919,1,2,143406,143408,143410,2,4,0
40920,3,1,143409,143410,143411,1,2,0
40921,3,3,143412,143412,143415,0,3,1
40922,5,2,143417,143417,143419,0,2,2
40923,3,2,143420,143420,143422,0,2,1
40924,4,3,143424,143424,143427,0,3,2
40925,4,1,143428,143428,143429,0,1,1
40926,5,3,143433,143433,143436,0,3,4
40927,5,1,143438,143438,143439,0,1,2
40928,5,1,143443,143443,143444,0,1,4
40929,3,2,143446,143446,143448,0,2,2
40930,2,3,143448,143448,143451,0,3,0
40931,6,3,143454,143454,143457,0,3,3
40932,5,2,143459,143459,143461,0,2,2
40933,3,1,143462,143462,143463,0,1,1
40934,6,2,143468,143468,143470,0,2,5
40935,3,2,143471,143471,143473,0,2,1
40936,1,3,143472,143473,143476,1,4,0
40937,2,2,143474,143476,143478,2,4,0
40938,4,1,143478,143478,143479,0,1,0
40939,6,1,143484,143484,143485,0,1,5
40940,2,1,143486,143486,143487,0,1,1
40941,4,1,143490,143490,143491,0,1,3
40942,4,1,143494,143494,143495,0,1,3
40943,1,2,143495,143495,143497,0,2,0
40944,3,2,143498,143498,143500,0,2,1
40945,2,2,143500,143500,143502,0,2,0
40946,1,3,143501,143502,143505,1,4,0
40947,6,3,143507,143507,143510,0,3,2
40948,5,1,143512,143512,143513,0,1,2
40949,3,1,143515,143515,143516,0,1,2
40950,2,2,143517,143517,143519,0,2,1
40951,4,1,143521,143521,143522,0,1,2
40952,5,2,143526,143526,143528,0,2,4
40953,3,1,143529,143529,143530,0,1,1
40954,6,1,143535,143535,143536,0,1,5
40955,2,2,143537,143537,143539,0,2,1
40956,5,2,143542,143542,143544,0,2,3
40957,4,3,143546,143546,143549,0,3,2
40958,1,2,143547,143549,143551,2,4,0
40959,6,1,143553,143553,143554,0,1,2
40960,3,2,143556,143556,143558,0,2,2
40961,6,2,143562,143562,143564,0,2,4
40962,6,1,143568,143568,143569,0,1,4
40963,3,2,143571,143571,143573,0,2,2
40964,3,1,143574,143574,143575,0,1,1
40965,6,2,143580,143580,143582,0,2,5
40966,6,1,143586,143586,143587,0,1,4
40967,3,3,143589,143589,143592,0,3,2
40968,1,1,143590,143592,143593,2,3,0
40969,3,3,143593,143593,143596,0,3,0
40970,1,1,143594,143596,143597,2,3,0
40971,3,1,143597,143597,143598,0,1,0
40972,6,1,143603,143603,143604,0,1,5
40973,6,3,143609,143609,143612,0,3,5
40974,6,2,143615,143615,143617,0,2,3
40975,1,2,143616,143617,143619,1,3,0
40976,6,2,143622,143622,143624,0,2,3
40977,5,2,143627,143627,143629,0,2,3
40978,4,1,143631,143631,143632,0,1,2
40979,6,1,143637,143637,143638,0,1,5
40980,6,1,143643,143643,143644,0,1,5
40981,5,1,143648,143648,143649,0,1,4
40982,6,1,143654,143654,143655,0,1,5
40983,6,2,143660,143660,143662,0,2,5
40984,1,3,143661,143662,143665,1,4,0
40985,6,2,143667,143667,143669,0,2,2
40986,1,2,143668,143669,143671,1,3,0
40987,1,1,143669,143671,143672,2,3,0
40988,6,1,143675,143675,143676,0,1,3
40989,5,3,143680,143680,143683,0,3,4
40990,6,2,143686,143686,143688,0,2,3
40991,2,2,143688,143688,143690,0,2,0
40992,6,3,143694,143694,143697,0,3,4
40993,6,1,143700,143700,143701,0,1,3
40994,3,2,143703,143703,143705,0,2,2
40995,1,1,143704,143705,143706,1,2,0
40996,5,1,143709,143709,143710,0,1,3
40997,3,3,143712,143712,143715,0,3,2
40998,4,3,143716,143716,143719,0,3,1
40999,4,2,143720,143720,143722,0,2,1
41000,3,1,143723,143723,143724,0,1,1
41001,1,3,143724,143724,143727,0,3,0
41002,2,1,143726,143727,143728,1,2,0
41003,1,1,143727,143728,143729,1,2,0
41004,1,1,143728,143729,143730,1,2,0
41005,1,1,143729,143730,143731,1,2,0
41006,4,2,143733,143733,143735,0,2,2
41007,4,1,143737,143737,143738,0,1,2
41008,2,2,143739,143739,143741,0,2,1
41009,1,2,143740,143741,143743,1,3,0
41010,2,3,143742,143743,143746,1,4,0
41011,1,1,143743,143746,143747,3,4,0
41012,1,3,143744,143747,143750,3,6,0
41013,5,1,143749,143750,143751,1,2,0
41014,4,2,143753,143753,143755,0,2,2
41015,4,3,143757,143757,143760,0,3,2
41016,2,1,143759,143760,143761,1,2,0
41017,2,1,143761,143761,143762,0,1,0
41018,6,3,143767,143767,143770,0,3,5
41019,1,2,143768,143770,143772,2,4,0
41020,3,3,143771,143772,143775,1,4,0
41021,4,1,143775,143775,143776,0,1,0
41022,3,1,143778,143778,143779,0,1,2
41023,6,1,143784,143784,143785,0,1,5
41024,3,1,143787,143787,143788,0,1,2
41025,2,3,143789,143789,143792,0,3,1
41026,4,3,143793,143793,143796,0,3,1
41027,4,3,143797,143797,143800,0,3,1
41028,5,1,143802,143802,143803,0,1,2
41029,2,2,143804,143804,143806,0,2,1
41030,1,1,143805,143806,143807,1,2,0
41031,3,1,143808,143808,143809,0,1,1
41032,2,3,143810,143810,143813,0,3,1
41033,5,1,143815,143815,143816,0,1,2
41034,6,3,143821,143821,143824,0,3,5
41035,4,2,143825,143825,143827,0,2,1
41036,2,2,143827,143827,143829,0,2,0
41037,4,3,143831,143831,143834,0,3,2
41038,1,2,143832,143834,143836,2,4,0
41039,5,2,143837,143837,143839,0,2,1
41040,5,1,143842,143842,143843,0,1,3
41041,6,3,143848,143848,143851,0,3,5
41042,1,1,143849,143851,143852,2,3,0
41043,1,3,143850,143852,143855,2,5,0
41044,1,2,143851,143855,143857,4,6,0
41045,4,3,143855,143857,143860,2,5,0
41046,2,2,143857,143860,143862,3,5,0
41047,2,1,143859,143862,143863,3,4,0
41048,5,2,143864,143864,143866,0,2,1
41049,5,2,143869,143869,143871,0,2,3
41050,5,2,143874,143874,143876,0,2,3
41051,4,3,143878,143878,143881,0,3,2
41052,1,2,143879,143881,143883,2,4,0
41053,2,2,143881,143883,143885,2,4,0
41054,2,1,143883,143885,143886,2,3,0
41055,1,3,143884,143886,143889,2,5,0
41056,1,2,143885,143889,143891,4,6,0
41057,6,3,143891,143891,143894,0,3,0
41058,6,3,143897,143897,143900,0,3,3
41059,3,1,143900,143900,143901,0,1,0
41060,5,1,143905,143905,143906,0,1,4
41061,4,3,143909,143909,143912,0,3,3
41062,1,1,143910,143912,143913,2,3,0
41063,1,2,143911,143913,143915,2,4,0
41064,1,2,143912,143915,143917,3,5,0
41065,4,2,143916,143917,143919,1,3,0
41066,1,3,143917,143919,143922,2,5,0
41067,2,1,143919,143922,143923,3,4,0
41068,5,2,143924,143924,143926,0,2,1
41069,5,2,143929,143929,143931,0,2,3
41070,5,2,143934,143934,143936,0,2,3
41071,5,3,143939,143939,143942,0,3,3
41072,5,2,143944,143944,143946,0,2,2
41073,6,3,143950,143950,143953,0,3,4
41074,4,1,143954,143954,143955,0,1,1
41075,2,2,143956,143956,143958,0,2,1
41076,1,2,143957,143958,143960,1,3,0
41077,5,2,143962,143962,143964,0,2,2
41078,2,2,143964,143964,143966,0,2,0
41079,6,2,143970,143970,143972,0,2,4
41080,4,2,143974,143974,143976,0,2,2
41081,3,2,143977,143977,143979,0,2,1
41082,5,1,143982,143982,143983,0,1,3
41083,3,2,143985,143985,143987,0,2,2
41084,5,2,143990,143990,143992,0,2,3
41085,6,1,143996,143996,143997,0,1,4
41086,1,1,143997,143997,143998,0,1,0
41087,3,3,144000,144000,144003,0,3,2
41088,2,1,144002,144003,144004,1,2,0
41089,5,2,144007,144007,144009,0,2,3
41090,5,2,144012,144012,144014,0,2,3
41091,1,2,144013,144014,144016,1,3,0
41092,6,3,144019,144019,144022,0,3,3
41093,4,2,144023,144023,144025,0,2,1
41094,4,1,144027,144027,144028,0,1,2
41095,1,1,144028,144028,144029,0,1,0
41096,3,1,144031,144031,144032,0,1,2
41097,2,3,144033,144033,144036,0,3,1
41098,1,1,144034,144036,144037,2,3,0
41099,1,1,144035,144037,144038,2,3,0
41100,3,3,144038,144038,144041,0,3,0
41101,6,2,144044,144044,144046,0,2,3
41102,5,1,144049,144049,144050,0,1,3
41103,2,3,144051,144051,144054,0,3,1
41104,4,3,144055,144055,144058,0,3,1
41105,5,1,144060,144060,144061,0,1,2
41106,2,2,144062,144062,144064,0,2,1
41107,2,2,144064,144064,144066,0,2,0
41108,1,1,144065,144066,144067,1,2,0
41109,4,2,144069,144069,144071,0,2,2
41110,3,1,144072,144072,144073,0,1,1
41111,3,1,144075,144075,144076,0,1,2
41112,1,1,144076,144076,144077,0,1,0
41113,4,3,144080,144080,144083,0,3,3
41114,4,2,144084,144084,144086,0,2,1
41115,2,3,144086,144086,144089,0,3,0
41116,6,3,144092,144092,144095,0,3,3
41117,5,3,144097,144097,144100,0,3,2
41118,6,1,144103,144103,144104,0,1,3
41119,1,3,144104,144104,144107,0,3,0
41120,3,2,144107,144107,144109,0,2,0
41121,4,2,144111,144111,144113,0,2,2
41122,3,2,144114,144114,144116,0,2,1
41123,5,1,144119,144119,144120,0,1,3
41124,6,2,144125,144125,144127,0,2,5
41125,6,2,144131,144131,144133,0,2,4
41126,4,1,144135,144135,144136,0,1,2
41127,5,1,144140,144140,144141,0,1,4
41128,6,3,144146,144146,144149,0,3,5
41129,6,2,144152,144152,144154,0,2,3
41130,3,1,144155,144155,144156,0,1,1
41131,3,1,144158,144158,144159,0,1,2
41132,4,3,144162,144162,144165,0,3,3
41133,5,2,144167,144167,144169,0,2,2
41134,2,1,144169,144169,144170,0,1,0
41135,2,3,144171,144171,144174,0,3,1
41136,1,1,144172,144174,144175,2,3,0
41137,5,1,144177,144177,144178,0,1,2
41138,2,1,144179,144179,144180,0,1,1
41139,3,2,144182,144182,144184,0,2,2
41140,1,1,144183,144184,144185,1,2,0
41141,1,3,144184,144185,144188,1,4,0
41142,2,2,144186,144188,144190,2,4,0
41143,1,1,144187,144190,144191,3,4,0
41144,1,2,144188,144191,144193,3,5,0
41145,1,2,144189,144193,144195,4,6,0
41146,2,1,144191,144195,144196,4,5,0
41147,1,3,144192,144196,144199,4,7,0
41148,6,1,144198,144199,144200,1,2,0
41149,5,1,144203,144203,144204,0,1,3
41150,4,3,144207,144207,144210,0,3,3
41151,5,3,144212,144212,144215,0,3,2
41152,1,1,144213,144215,144216,2,3,0
41153,1,2,144214,144216,144218,2,4,0
41154,3,1,144217,144218,144219,1,2,0
41155,6,2,144223,144223,144225,0,2,4
41156,3,3,144226,144226,144229,0,3,1
41157,3,3,144229,144229,144232,0,3,0
41158,3,3,144232,144232,144235,0,3,0
41159,3,1,144235,144235,144236,0,1,0
41160,3,1,144238,144238,144239,0,1,2
41161,3,2,144241,144241,144243,0,2,2
41162,4,1,144245,144245,144246,0,1,2
41163,1,2,144246,144246,144248,0,2,0
41164,2,1,144248,144248,144249,0,1,0
41165,2,3,144250,144250,144253,0,3,1
41166,5,3,144255,144255,144258,0,3,2
41167,2,1,144257,144258,144259,1,2,0
41168,6,2,144263,144263,144265,0,2,4
41169,3,3,144266,144266,144269,0,3,1
41170,5,2,144271,144271,144273,0,2,2
41171,3,1,144274,144274,144275,0,1,1
41172,5,1,144279,144279,144280,0,1,4
41173,2,3,144281,144281,144284,0,3,1
41174,1,3,144282,144284,144287,2,5,0
41175,3,1,144285,144287,144288,2,3,0
41176,2,2,144287,144288,144290,1,3,0
41177,3,1,144290,144290,144291,0,1,0
41178,6,3,144296,144296,144299,0,3,5
41179,5,1,144301,144301,144302,0,1,2
41180,6,1,144307,144307,144308,0,1,5
41181,6,1,144313,144313,144314,0,1,5
41182,2,3,144315,144315,144318,0,3,1
41183,3,2,144318,144318,144320,0,2,0
41184,1,1,144319,144320,144321,1,2,0
41185,3,3,144322,144322,144325,0,3,1
41186,5,3,144327,144327,144330,0,3,2
41187,6,2,144333,144333,144335,0,2,3
41188,3,2,144336,144336,144338,0,2,1
41189,6,1,144342,144342,144343,0,1,4
41190,6,3,144348,144348,144351,0,3,5
41191,4,3,144352,144352,144355,0,3,1
41192,6,3,144358,144358,144361,0,3,3
41193,4,2,144362,144362,144364,0,2,1
41194,5,3,144367,144367,144370,0,3,3
41195,1,1,144368,144370,144371,2,3,0
41196,2,2,144370,144371,144373,1,3,0
41197,5,3,144375,144375,144378,0,3,2
41198,5,3,144380,144380,144383,0,3,2
41199,5,3,144385,144385,144388,0,3,2
41200,1,3,144386,144388,144391,2,5,0
41201,4,2,144390,144391,144393,1,3,0
41202,2,3,144392,144393,144396,1,4,0
41203,3,2,144395,144396,144398,1,3,0
41204,5,2,144400,144400,144402,0,2,2
41205,2,3,144402,144402,144405,0,3,0
41206,2,1,144404,144405,144406,1,2,0
41207,3,2,144407,144407,144409,0,2,1
41208,6,2,144413,144413,144415,0,2,4
41209,4,3,144417,144417,144420,0,3,2
41210,4,2,144421,144421,144423,0,2,1
41211,5,2,144426,144426,144428,0,2,3
41212,6,2,144432,144432,144434,0,2,4
41213,1,1,144433,144434,144435,1,2,0
41214,3,1,144436,144436,144437,0,1,1
41215,5,2,144441,144441,144443,0,2,4
41216,5,2,144446,144446,144448,0,2,3
41217,2,3,144448,144448,144451,0,3,0
41218,3,3,144451,144451,144454,0,3,0
41219,3,2,144454,144454,144456,0,2,0
41220,4,3,144458,144458,144461,0,3,2
41221,3,2,144461,144461,144463,0,2,0
41222,3,3,144464,144464,144467,0,3,1
41223,5,2,144469,144469,144471,0,2,2
41224,2,3,144471,144471,144474,0,3,0
41225,6,1,144477,144477,144478,0,1,3
41226,6,2,144483,144483,144485,0,2,5
41227,2,3,144485,144485,144488,0,3,0
41228,3,2,144488,144488,144490,0,2,0
41229,2,1,144490,144490,144491,0,1,0
41230,5,3,144495,144495,144498,0,3,4
41231,5,1,144500,144500,144501,0,1,2
41232,5,3,144505,144505,144508,0,3,4
41233,6,3,144511,144511,144514,0,3,3
41234,6,2,144517,144517,144519,0,2,3
41235,2,2,144519,144519,144521,0,2,0
41236,1,3,144520,144521,144524,1,4,0
41237,5,2,144525,144525,144527,0,2,1
41238,1,2,144526,144527,144529,1,3,0
41239,5,2,144531,144531,144533,0,2,2
41240,3,2,144534,144534,144536,0,2,1
41241,5,3,144539,144539,144542,0,3,3
41242,6,1,144545,144545,144546,0,1,3
41243,3,2,144548,144548,144550,0,2,2
41244,5,2,144553,144553,144555,0,2,3
41245,3,1,144556,144556,144557,0,1,1
41246,2,2,144558,144558,144560,0,2,1
41247,5,3,144563,144563,144566,0,3,3
41248,3,3,144566,144566,144569,0,3,0
41249,2,1,144568,144569,144570,1,2,0
41250,6,1,144574,144574,144575,0,1,4
41251,2,1,144576,144576,144577,0,1,1
41252,1,3,144577,144577,144580,0,3,0
41253,1,1,144578,144580,144581,2,3,0
41254,4,3,144582,144582,144585,0,3,1
41255,3,2,144585,144585,144587,0,2,0
41256,1,3,144586,144587,144590,1,4,0
41257,6,2,144592,144592,144594,0,2,2
41258,6,3,144598,144598,144601,0,3,4
41259,1,1,144599,144601,144602,2,3,0
41260,5,1,144604,144604,144605,0,1,2
41261,5,2,144609,144609,144611,0,2,4
41262,6,3,144615,144615,144618,0,3,4
41263,6,1,144621,144621,144622,0,1,3
41264,5,3,144626,144626,144629,0,3,4
41265,2,3,144628,144629,144632,1,4,0
41266,2,3,144630,144632,144635,2,5,0
41267,6,2,144636,144636,144638,0,2,1
41268,4,1,144640,144640,144641,0,1,2
41269,3,3,144643,144643,144646,0,3,2
41270,5,3,144648,144648,144651,0,3,2
41271,1,3,144649,144651,144654,2,5,0
41272,1,3,144650,144654,144657,4,7,0
41273,3,2,144653,144657,144659,4,6,0
41274,4,1,144657,144659,144660,2,3,0
41275,2,1,144659,144660,144661,1,2,0
41276,2,3,144661,144661,144664,0,3,0
41277,6,1,144667,144667,144668,0,1,3
41278,5,3,144672,144672,144675,0,3,4
41279,2,3,144674,144675,144678,1,4,0
41280,3,2,144677,144678,144680,1,3,0
41281,5,2,144682,144682,144684,0,2,2
41282,2,2,144684,144684,144686,0,2,0
41283,1,3,144685,144686,144689,1,4,0
41284,4,2,144689,144689,144691,0,2,0
41285,2,2,144691,144691,144693,0,2,0
41286,2,1,144693,144693,144694,0,1,0
41287,4,3,144697,144697,144700,0,3,3
41288,3,1,144700,144700,144701,0,1,0
41289,5,2,144705,144705,144707,0,2,4
41290,2,3,144707,144707,144710,0,3,0
41291,1,3,144708,144710,144713,2,5,0
41292,6,3,144714,144714,144717,0,3,1
41293,3,3,144717,144717,144720,0,3,0
41294,2,2,144719,144720,144722,1,3,0
41295,4,3,144723,144723,144726,0,3,1
41296,5,1,144728,144728,144729,0,1,2
41297,2,3,144730,144730,144733,0,3,1
41298,1,2,144731,144733,144735,2,4,0
41299,6,1,144737,144737,144738,0,1,2
41300,5,1,144742,144742,144743,0,1,4
41301,3,3,144745,144745,144748,0,3,2
41302,2,3,144747,144748,144751,1,4,0
41303,5,3,144752,144752,144755,0,3,1
41304,1,1,144753,144755,144756,2,3,0
41305,6,2,144759,144759,144761,0,2,3
41306,4,1,144763,144763,144764,0,1,2
41307,4,3,144767,144767,144770,0,3,3
41308,1,2,144768,144770,144772,2,4,0
41309,3,3,144771,144772,144775,1,4,0
41310,2,1,144773,144775,144776,2,3,0
41311,4,1,144777,144777,144778,0,1,1
41312,1,2,144778,144778,144780,0,2,0
41313,2,2,144780,144780,144782,0,2,0
41314,1,2,144781,144782,144784,1,3,0
41315,2,2,144783,144784,144786,1,3,0
41316,2,3,144785,144786,144789,1,4,0
41317,3,3,144788,144789,144792,1,4,0
41318,1,3,144789,144792,144795,3,6,0
41319,3,2,144792,144795,144797,3,5,0
41320,3,3,144795,144797,144800,2,5,0
41321,4,1,144799,144800,144801,1,2,0
41322,6,2,144805,144805,144807,0,2,4
41323,3,1,144808,144808,144809,0,1,1
41324,5,2,144813,144813,144815,0,2,4
41325,3,2,144816,144816,144818,0,2,1
41326,3,3,144819,144819,144822,0,3,1
41327,6,1,144825,144825,144826,0,1,3
41328,4,2,144829,144829,144831,0,2,3
41329,3,2,144832,144832,144834,0,2,1
41330,5,2,144837,144837,144839,0,2,3
41331,2,1,144839,144839,144840,0,1,0
41332,1,3,144840,144840,144843,0,3,0
41333,5,1,144845,144845,144846,0,1,2
41334,4,3,144849,144849,144852,0,3,3
41335,4,1,144853,144853,144854,0,1,1
41336,2,3,144855,144855,144858,0,3,1
41337,3,3,144858,144858,144861,0,3,0
41338,2,2,144860,144861,144863,1,3,0
41339,4,3,144864,144864,144867,0,3,1
41340,2,1,144866,144867,144868,1,2,0
41341,4,1,144870,144870,144871,0,1,2
41342,3,2,144873,144873,144875,0,2,2
41343,2,3,144875,144875,144878,0,3,0
41344,3,1,144878,144878,144879,0,1,0
41345,2,3,144880,144880,144883,0,3,1
41346,2,2,144882,144883,144885,1,3,0
41347,6,1,144888,144888,144889,0,1,3
41348,4,3,144892,144892,144895,0,3,3
41349,1,2,144893,144895,144897,2,4,0
41350,5,3,144898,144898,144901,0,3,1
41351,3,3,144901,144901,144904,0,3,0
41352,1,3,144902,144904,144907,2,5,0
41353,1,1,144903,144907,144908,4,5,0
41354,5,2,144908,144908,144910,0,2,0
41355,1,2,144909,144910,144912,1,3,0
41356,6,1,144915,144915,144916,0,1,3
41357,6,2,144921,144921,144923,0,2,5
41358,2,3,144923,144923,144926,0,3,0
41359,4,2,144927,144927,144929,0,2,1
41360,3,3,144930,144930,144933,0,3,1
41361,6,2,144936,144936,144938,0,2,3
41362,5,1,144941,144941,144942,0,1,3
41363,2,1,144943,144943,144944,0,1,1
41364,5,2,144948,144948,144950,0,2,4
41365,6,2,144954,144954,144956,0,2,4
41366,5,3,144959,144959,144962,0,3,3
41367,3,3,144962,144962,144965,0,3,0
41368,4,1,144966,144966,144967,0,1,1
41369,2,1,144968,144968,144969,0,1,1
41370,1,1,144969,144969,144970,0,1,0
41371,2,2,144971,144971,144973,0,2,1
41372,6,2,144977,144977,144979,0,2,4
41373,3,1,144980,144980,144981,0,1,1
41374,4,3,144984,144984,144987,0,3,3
41375,5,2,144989,144989,144991,0,2,2
41376,3,3,144992,144992,144995,0,3,1
41377,5,1,144997,144997,144998,0,1,2
41378,3,1,145000,145000,145001,0,1,2
41379,6,1,145006,145006,145007,0,1,5
41380,3,1,145009,145009,145010,0,1,2
41381,6,3,145015,145015,145018,0,3,5
41382,4,3,145019,145019,145022,0,3,1
41383,6,3,145025,145025,145028,0,3,3
41384,6,1,145031,145031,145032,0,1,3
41385,5,3,145036,145036,145039,0,3,4
41386,6,3,145042,145042,145045,0,3,3
41387,1,1,145043,145045,145046,2,3,0
41388,5,2,145048,145048,145050,0,2,2
41389,5,1,145053,145053,145054,0,1,3
41390,3,3,145056,145056,145059,0,3,2
41391,3,3,145059,145059,145062,0,3,0
41392,2,2,145061,145062,145064,1,3,0
41393,1,2,145062,145064,145066,2,4,0
41394,4,3,145066,145066,145069,0,3,0
41395,3,1,145069,145069,145070,0,1,0
41396,1,3,145070,145070,145073,0,3,0
41397,6,1,145076,145076,145077,0,1,3
41398,6,3,145082,145082,145085,0,3,5
41399,5,2,145087,145087,145089,0,2,2
41400,3,3,145090,145090,145093,0,3,1
41401,3,1,145093,145093,145094,0,1,0
41402,2,1,145095,145095,145096,0,1,1
41403,1,3,145096,145096,145099,0,3,0
41404,4,1,145100,145100,145101,0,1,1
41405,6,3,145106,145106,145109,0,3,5
41406,4,1,145110,145110,145111,0,1,1
41407,4,2,145114,145114,145116,0,2,3
41408,4,2,145118,145118,145120,0,2,2
41409,3,3,145121,145121,145124,0,3,1
41410,1,1,145122,145124,145125,2,3,0
41411,2,2,145124,145125,145127,1,3,0
41412,5,3,145129,145129,145132,0,3,2
41413,3,1,145132,145132,145133,0,1,0
41414,5,3,145137,145137,145140,0,3,4
41415,2,3,145139,145140,145143,1,4,0
41416,5,1,145144,145144,145145,0,1,1
41417,3,2,145147,145147,145149,0,2,2
41418,6,3,145153,145153,145156,0,3,4
41419,4,2,145157,145157,145159,0,2,1
41420,6,2,145163,145163,145165,0,2,4
41421,5,2,145168,145168,145170,0,2,3
41422,1,3,145169,145170,145173,1,4,0
41423,1,1,145170,145173,145174,3,4,0
41424,3,2,145173,145174,145176,1,3,0
41425,6,3,145179,145179,145182,0,3,3
41426,6,2,145185,145185,145187,0,2,3
41427,3,2,145188,145188,145190,0,2,1
41428,2,1,145190,145190,145191,0,1,0
41429,6,3,145196,145196,145199,0,3,5
41430,1,1,145197,145199,145200,2,3,0
41431,4,1,145201,145201,145202,0,1,1
41432,6,2,145207,145207,145209,0,2,5
41433,5,3,145212,145212,145215,0,3,3
41434,4,1,145216,145216,145217,0,1,1
41435,1,1,145217,145217,145218,0,1,0
41436,2,2,145219,145219,145221,0,2,1
41437,2,2,145221,145221,145223,0,2,0
41438,6,1,145227,145227,145228,0,1,4
41439,3,2,145230,145230,145232,0,2,2
41440,4,2,145234,145234,145236,0,2,2
41441,3,2,145237,145237,145239,0,2,1
41442,2,2,145239,145239,145241,0,2,0
41443,2,3,145241,145241,145244,0,3,0
41444,1,3,145242,145244,145247,2,5,0
41445,1,1,145243,145247,145248,4,5,0
41446,5,3,145248,145248,145251,0,3,0
41447,4,3,145252,145252,145255,0,3,1
41448,1,3,145253,145255,145258,2,5,0
41449,2,1,145255,145258,145259,3,4,0
41450,5,2,145260,145260,145262,0,2,1
41451,2,1,145262,145262,145263,0,1,0
41452,1,3,145263,145263,145266,0,3,0
41453,3,1,145266,145266,145267,0,1,0
41454,4,1,145270,145270,145271,0,1,3
41455,3,3,145273,145273,145276,0,3,2
41456,4,2,145277,145277,145279,0,2,1
41457,6,3,145283,145283,145286,0,3,4
41458,3,2,145286,145286,145288,0,2,0
41459,6,3,145292,145292,145295,0,3,4
41460,2,3,145294,145295,145298,1,4,0
41461,1,1,145295,145298,145299,3,4,0
41462,1,1,145296,145299,145300,3,4,0
41463,1,1,145297,145300,145301,3,4,0
41464,2,3,145299,145301,145304,2,5,0
41465,6,3,145305,145305,145308,0,3,1
41466,4,2,145309,145309,145311,0,2,1
41467,1,3,145310,145311,145314,1,4,0
41468,4,2,145314,145314,145316,0,2,0
41469,5,3,145319,145319,145322,0,3,3
41470,4,3,145323,145323,145326,0,3,1
41471,4,1,145327,145327,145328,0,1,1
41472,5,3,145332,145332,145335,0,3,4
41473,3,1,145335,145335,145336,0,1,0
41474,6,3,145341,145341,145344,0,3,5
41475,1,1,145342,145344,145345,2,3,0
41476,5,1,145347,145347,145348,0,1,2
41477,3,3,145350,145350,145353,0,3,2
41478,4,2,145354,145354,145356,0,2,1
41479,4,1,145358,145358,145359,0,1,2
41480,3,3,145361,145361,145364,0,3,2
41481,5,3,145366,145366,145369,0,3,2
41482,1,3,145367,145369,145372,2,5,0
41483,3,2,145370,145372,145374,2,4,0
41484,3,3,145373,145374,145377,1,4,0
41485,2,3,145375,145377,145380,2,5,0
41486,3,2,145378,145380,145382,2,4,0
41487,4,2,145382,145382,145384,0,2,0
41488,1,1,145383,145384,145385,1,2,0
41489,4,1,145387,145387,145388,0,1,2
41490,4,3,145391,145391,145394,0,3,3
41491,3,2,145394,145394,145396,0,2,0
41492,4,1,145398,145398,145399,0,1,2
41493,5,1,145403,145403,145404,0,1,4
41494,4,3,145407,145407,145410,0,3,3
41495,3,2,145410,145410,145412,0,2,0
41496,1,1,145411,145412,145413,1,2,0
41497,6,3,145417,145417,145420,0,3,4
41498,5,3,145422,145422,145425,0,3,2
41499,2,2,145424,145425,145427,1,3,0
41500,2,3,145426,145427,145430,1,4,0
41501,1,1,145427,145430,145431,3,4,0
41502,5,2,145432,145432,145434,0,2,1
41503,1,1,145433,145434,145435,1,2,0
41504,1,1,145434,145435,145436,1,2,0
41505,3,3,145437,145437,145440,0,3,1
41506,3,2,145440,145440,145442,0,2,0
41507,1,1,145441,145442,145443,1,2,0
41508,5,1,145446,145446,145447,0,1,3
41509,2,2,145448,145448,145450,0,2,1
41510,2,1,145450,145450,145451,0,1,0
41511,1,1,145451,145451,145452,0,1,0
41512,2,2,145453,145453,145455,0,2,1
41513,4,1,145457,145457,145458,0,1,2
41514,6,3,145463,145463,145466,0,3,5
41515,4,1,145467,145467,145468,0,1,1
41516,1,3,145468,145468,145471,0,3,0
41517,4,1,145472,145472,145473,0,1,1
41518,6,2,145478,145478,145480,0,2,5
41519,1,1,145479,145480,145481,1,2,0
41520,3,2,145482,145482,145484,0,2,1
41521,5,3,145487,145487,145490,0,3,3
41522,4,1,145491,145491,145492,0,1,1
41523,4,1,145495,145495,145496,0,1,3
41524,5,2,145500,145500,145502,0,2,4
41525,5,2,145505,145505,145507,0,2,3
41526,2,2,145507,145507,145509,0,2,0
41527,3,1,145510,145510,145511,0,1,1
41528,4,3,145514,145514,145517,0,3,3
41529,2,1,145516,145517,145518,1,2,0
41530,4,2,145520,145520,145522,0,2,2
41531,1,1,145521,145522,145523,1,2,0
41532,5,1,145526,145526,145527,0,1,3
41533,4,3,145530,145530,145533,0,3,3
41534,1,2,145531,145533,145535,2,4,0
41535,6,2,145537,145537,145539,0,2,2
41536,1,2,145538,145539,145541,1,3,0
41537,6,3,145544,145544,145547,0,3,3
41538,5,3,145549,145549,145552,0,3,2
41539,2,3,145551,145552,145555,1,4,0
41540,4,1,145555,145555,145556,0,1,0
41541,3,3,145558,145558,145561,0,3,2
41542,5,1,145563,145563,145564,0,1,2
41543,1,2,145564,145564,145566,0,2,0
41544,2,1,145566,145566,145567,0,1,0
41545,3,3,145569,145569,145572,0,3,2
41546,5,2,145574,145574,145576,0,2,2
41547,3,3,145577,145577,145580,0,3,1
41548,6,3,145583,145583,145586,0,3,3
41549,2,2,145585,145586,145588,1,3,0
41550,2,3,145587,145588,145591,1,4,0
41551,3,2,145590,145591,145593,1,3,0
41552,1,1,145591,145593,145594,2,3,0
41553,5,3,145596,145596,145599,0,3,2
41554,5,1,145601,145601,145602,0,1,2
41555,4,1,145605,145605,145606,0,1,3
41556,3,1,145608,145608,145609,0,1,2
41557,3,1,145611,145611,145612,0,1,2
41558,2,3,145613,145613,145616,0,3,1
41559,6,1,145619,145619,145620,0,1,3
41560,4,2,145623,145623,145625,0,2,3
41561,2,2,145625,145625,145627,0,2,0
41562,4,3,145629,145629,145632,0,3,2
41563,5,2,145634,145634,145636,0,2,2
41564,6,1,145640,145640,145641,0,1,4
41565,4,2,145644,145644,145646,0,2,3
41566,5,1,145649,145649,145650,0,1,3
41567,1,1,145650,145650,145651,0,1,0
41568,4,3,145654,145654,145657,0,3,3
41569,5,2,145659,145659,145661,0,2,2
41570,5,2,145664,145664,145666,0,2,3
41571,3,3,145667,145667,145670,0,3,1
41572,6,1,145673,145673,145674,0,1,3
41573,1,2,145674,145674,145676,0,2,0
41574,1,1,145675,145676,145677,1,2,0
41575,4,1,145679,145679,145680,0,1,2
41576,4,2,145683,145683,145685,0,2,3
41577,6,2,145689,145689,145691,0,2,4
41578,2,2,145691,145691,145693,0,2,0
41579,2,2,145693,145693,145695,0,2,0
41580,4,2,145697,145697,145699,0,2,2
41581,3,1,145700,145700,145701,0,1,1
41582,5,1,145705,145705,145706,0,1,4
41583,5,3,145710,145710,145713,0,3,4
41584,4,3,145714,145714,145717,0,3,1
41585,6,2,145720,145720,145722,0,2,3
41586,1,2,145721,145722,145724,1,3,0
41587,6,2,145727,145727,145729,0,2,3
41588,1,2,145728,145729,145731,1,3,0
41589,5,2,145733,145733,145735,0,2,2
41590,1,2,145734,145735,145737,1,3,0
41591,4,2,145738,145738,145740,0,2,1
41592,3,1,145741,145741,145742,0,1,1
41593,2,2,145743,145743,145745,0,2,1
41594,1,2,145744,145745,145747,1,3,0
41595,1,3,145745,145747,145750,2,5,0
41596,4,3,145749,145750,145753,1,4,0
41597,1,1,145750,145753,145754,3,4,0
41598,5,1,145755,145755,145756,0,1,1
41599,1,3,145756,145756,145759,0,3,0
41600,5,1,145761,145761,145762,0,1,2
41601,3,1,145764,145764,145765,0,1,2
41602,5,1,145769,145769,145770,0,1,4
41603,3,2,145772,145772,145774,0,2,2
41604,2,2,145774,145774,145776,0,2,0
41605,3,2,145777,145777,145779,0,2,1
41606,2,3,145779,145779,145782,0,3,0
41607,3,2,145782,145782,145784,0,2,0
41608,3,2,145785,145785,145787,0,2,1
41609,6,2,145791,145791,145793,0,2,4
41610,5,3,145796,145796,145799,0,3,3
41611,5,2,145801,145801,145803,0,2,2
41612,3,3,145804,145804,145807,0,3,1
41613,4,1,145808,145808,145809,0,1,1
41614,2,2,145810,145810,145812,0,2,1
41615,2,1,145812,145812,145813,0,1,0
41616,4,3,145816,145816,145819,0,3,3
41617,2,3,145818,145819,145822,1,4,0
41618,1,1,145819,145822,145823,3,4,0
41619,6,3,145825,145825,145828,0,3,2
41620,2,2,145827,145828,145830,1,3,0
41621,6,3,145833,145833,145836,0,3,3
41622,5,3,145838,145838,145841,0,3,2
41623,6,1,145844,145844,145845,0,1,3
41624,2,2,145846,145846,145848,0,2,1
41625,3,3,145849,145849,145852,0,3,1
41626,2,1,145851,145852,145853,1,2,0
41627,4,3,145855,145855,145858,0,3,2
41628,6,3,145861,145861,145864,0,3,3
41629,5,3,145866,145866,145869,0,3,2
41630,5,2,145871,145871,145873,0,2,2
41631,1,3,145872,145873,145876,1,4,0
41632,2,1,145874,145876,145877,2,3,0
41633,3,3,145877,145877,145880,0,3,0
41634,4,3,145881,145881,145884,0,3,1
41635,2,1,145883,145884,145885,1,2,0
41636,2,3,145885,145885,145888,0,3,0
41637,5,2,145890,145890,145892,0,2,2
41638,5,2,145895,145895,145897,0,2,3
41639,2,1,145897,145897,145898,0,1,0
41640,5,2,145902,145902,145904,0,2,4
41641,2,3,145904,145904,145907,0,3,0
41642,2,3,145906,145907,145910,1,4,0
41643,3,3,145909,145910,145913,1,4,0
41644,2,2,145911,145913,145915,2,4,0
41645,6,1,145917,145917,145918,0,1,2
41646,2,3,145919,145919,145922,0,3,1
41647,2,1,145921,145922,145923,1,2,0
41648,1,2,145922,145923,145925,1,3,0
41649,6,2,145928,145928,145930,0,2,3
41650,1,3,145929,145930,145933,1,4,0
41651,2,2,145931,145933,145935,2,4,0
41652,1,1,145932,145935,145936,3,4,0
41653,1,3,145933,145936,145939,3,6,0
41654,2,2,145935,145939,145941,4,6,0
41655,4,3,145939,145941,145944,2,5,0
41656,1,1,145940,145944,145945,4,5,0
41657,2,3,145942,145945,145948,3,6,0
41658,5,3,145947,145948,145951,1,4,0
41659,2,3,145949,145951,145954,2,5,0
41660,5,1,145954,145954,145955,0,1,0
41661,6,2,145960,145960,145962,0,2,5
41662,6,1,145966,145966,145967,0,1,4
41663,5,2,145971,145971,145973,0,2,4
41664,1,1,145972,145973,145974,1,2,0
41665,4,1,145976,145976,145977,0,1,2
41666,5,2,145981,145981,145983,0,2,4
41667,6,1,145987,145987,145988,0,1,4
41668,5,2,145992,145992,145994,0,2,4
41669,4,3,145996,145996,145999,0,3,2
41670,6,1,146002,146002,146003,0,1,3
41671,2,3,146004,146004,146007,0,3,1
41672,4,3,146008,146008,146011,0,3,1
41673,4,1,146012,146012,146013,0,1,1
41674,2,2,146014,146014,146016,0,2,1
41675,1,2,146015,146016,146018,1,3,0
41676,2,3,146017,146018,146021,1,4,0
41677,1,3,146018,146021,146024,3,6,0
41678,1,2,146019,146024,146026,5,7,0
41679,5,1,146024,146026,146027,2,3,0
41680,3,3,146027,146027,146030,0,3,0
41681,3,3,146030,146030,146033,0,3,0
41682,6,3,146036,146036,146039,0,3,3
41683,5,3,146041,146041,146044,0,3,2
41684,2,1,146043,146044,146045,1,2,0
41685,5,2,146048,146048,146050,0,2,3
41686,4,2,146052,146052,146054,0,2,2
41687,4,3,146056,146056,146059,0,3,2
41688,2,3,146058,146059,146062,1,4,0
41689,3,2,146061,146062,146064,1,3,0
41690,1,2,146062,146064,146066,2,4,0
41691,2,2,146064,146066,146068,2,4,0
41692,5,2,146069,146069,146071,0,2,1
41693,3,2,146072,146072,146074,0,2,1
41694,5,1,146077,146077,146078,0,1,3
41695,3,2,146080,146080,146082,0,2,2
41696,6,3,146086,146086,146089,0,3,4
41697,6,1,146092,146092,146093,0,1,3
41698,1,3,146093,146093,146096,0,3,0
41699,3,1,146096,146096,146097,0,1,0
41700,6,2,146102,146102,146104,0,2,5
41701,5,1,146107,146107,146108,0,1,3
41702,1,1,146108,146108,146109,0,1,0
41703,1,3,146109,146109,146112,0,3,0
41704,5,2,146114,146114,146116,0,2,2
41705,4,2,146118,146118,146120,0,2,2
41706,2,3,146120,146120,146123,0,3,0
41707,6,3,146126,146126,146129,0,3,3
41708,2,1,146128,146129,146130,1,2,0
41709,3,1,146131,146131,146132,0,1,1
41710,1,2,146132,146132,146134,0,2,0
41711,1,3,146133,146134,146137,1,4,0
41712,6,3,146139,146139,146142,0,3,2
41713,1,3,146140,146142,146145,2,5,0
41714,3,2,146143,146145,146147,2,4,0
41715,5,2,146148,146148,146150,0,2,1
41716,5,2,146153,146153,146155,0,2,3
41717,5,2,146158,146158,146160,0,2,3
41718,3,1,146161,146161,146162,0,1,1
41719,5,3,146166,146166,146169,0,3,4
41720,5,3,146171,146171,146174,0,3,2
41721,1,1,146172,146174,146175,2,3,0
41722,3,3,146175,146175,146178,0,3,0
41723,5,1,146180,146180,146181,0,1,2
41724,4,2,146184,146184,146186,0,2,3
41725,1,3,146185,146186,146189,1,4,0
41726,6,3,146191,146191,146194,0,3,2
41727,6,3,146197,146197,146200,0,3,3
41728,5,1,146202,146202,146203,0,1,2
41729,4,3,146206,146206,146209,0,3,3
41730,2,2,146208,146209,146211,1,3,0
41731,1,2,146209,146211,146213,2,4,0
41732,6,2,146215,146215,146217,0,2,2
41733,2,2,146217,146217,146219,0,2,0
41734,1,2,146218,146219,146221,1,3,0
41735,4,2,146222,146222,146224,0,2,1
41736,4,3,146226,146226,146229,0,3,2
41737,2,1,146228,146229,146230,1,2,0
41738,4,1,146232,146232,146233,0,1,2
41739,6,1,146238,146238,146239,0,1,5
41740,2,3,146240,146240,146243,0,3,1
41741,6,2,146246,146246,146248,0,2,3
41742,3,1,146249,146249,146250,0,1,1
41743,5,2,146254,146254,146256,0,2,4
41744,4,2,146258,146258,146260,0,2,2
41745,6,3,146264,146264,146267,0,3,4
41746,3,1,146267,146267,146268,0,1,0
41747,3,1,146270,146270,146271,0,1,2
41748,1,3,146271,146271,146274,0,3,0
41749,3,3,146274,146274,146277,0,3,0
41750,1,2,146275,146277,146279,2,4,0
41751,3,3,146278,146279,146282,1,4,0
41752,4,3,146282,146282,146285,0,3,0
41753,4,1,146286,146286,146287,0,1,1
41754,5,3,146291,146291,146294,0,3,4
41755,4,1,146295,146295,146296,0,1,1
41756,5,3,146300,146300,146303,0,3,4
41757,5,1,146305,146305,146306,0,1,2
41758,4,1,146309,146309,146310,0,1,3
41759,1,1,146310,146310,146311,0,1,0
41760,5,1,146315,146315,146316,0,1,4
41761,3,1,146318,146318,146319,0,1,2
41762,2,1,146320,146320,146321,0,1,1
41763,5,1,146325,146325,146326,0,1,4
41764,1,1,146326,146326,146327,0,1,0
41765,6,1,146332,146332,146333,0,1,5
41766,6,1,146338,146338,146339,0,1,5
41767,2,1,146340,146340,146341,0,1,1
41768,1,2,146341,146341,146343,0,2,0
41769,5,1,146346,146346,146347,0,1,3
41770,4,3,146350,146350,146353,0,3,3
41771,4,2,146354,146354,146356,0,2,1
41772,6,2,146360,146360,146362,0,2,4
41773,1,2,146361,146362,146364,1,3,0
41774,1,1,146362,146364,146365,2,3,0
41775,5,2,146367,146367,146369,0,2,2
41776,5,3,146372,146372,146375,0,3,3
41777,6,3,146378,146378,146381,0,3,3
41778,6,1,146384,146384,146385,0,1,3
41779,6,3,146390,146390,146393,0,3,5
41780,5,1,146395,146395,146396,0,1,2
41781,5,1,146400,146400,146401,0,1,4
41782,5,2,146405,146405,146407,0,2,4
41783,4,2,146409,146409,146411,0,2,2
41784,4,2,146413,146413,146415,0,2,2
41785,5,1,146418,146418,146419,0,1,3
41786,6,2,146424,146424,146426,0,2,5
41787,2,2,146426,146426,146428,0,2,0
41788,3,1,146429,146429,146430,0,1,1
41789,3,2,146432,146432,146434,0,2,2
41790,2,1,146434,146434,146435,0,1,0
41791,5,2,146439,146439,146441,0,2,4
41792,3,1,146442,146442,146443,0,1,1
41793,2,2,146444,146444,146446,0,2,1
41794,1,1,146445,146446,146447,1,2,0
41795,1,2,146446,146447,146449,1,3,0
41796,2,2,146448,146449,146451,1,3,0
41797,4,1,146452,146452,146453,0,1,1
41798,5,1,146457,146457,146458,0,1,4
41799,4,3,146461,146461,146464,0,3,3
41800,5,3,146466,146466,146469,0,3,2
41801,3,1,146469,146469,146470,0,1,0
41802,5,2,146474,146474,146476,0,2,4
41803,5,1,146479,146479,146480,0,1,3
41804,1,1,146480,146480,146481,0,1,0
41805,1,3,146481,146481,146484,0,3,0
41806,3,3,146484,146484,146487,0,3,0
41807,2,1,146486,146487,146488,1,2,0
41808,1,2,146487,146488,146490,1,3,0
41809,4,3,146491,146491,146494,0,3,1
41810,2,2,146493,146494,146496,1,3,0
41811,4,2,146497,146497,146499,0,2,1
41812,4,2,146501,146501,146503,0,2,2
41813,1,2,146502,146503,146505,1,3,0
41814,4,2,146506,146506,146508,0,2,1
41815,2,1,146508,146508,146509,0,1,0
41816,1,3,146509,146509,146512,0,3,0
41817,6,2,146515,146515,146517,0,2,3
41818,3,2,146518,146518,146520,0,2,1
41819,3,1,146521,146521,146522,0,1,1
41820,2,2,146523,146523,146525,0,2,1
41821,3,2,146526,146526,146528,0,2,1
41822,3,3,146529,146529,146532,0,3,1
41823,3,2,146532,146532,146534,0,2,0
41824,3,3,146535,146535,146538,0,3,1
41825,1,3,146536,146538,146541,2,5,0
41826,2,1,146538,146541,146542,3,4,0
41827,1,3,146539,146542,146545,3,6,0
41828,3,2,146542,146545,146547,3,5,0
41829,2,1,146544,146547,146548,3,4,0
41830,5,1,146549,146549,146550,0,1,1
41831,6,2,146555,146555,146557,0,2,5
41832,3,1,146558,146558,146559,0,1,1
41833,2,2,146560,146560,146562,0,2,1
41834,3,3,146563,146563,146566,0,3,1
41835,6,1,146569,146569,146570,0,1,3
41836,1,3,146570,146570,146573,0,3,0
41837,1,2,146571,146573,146575,2,4,0
41838,6,1,146577,146577,146578,0,1,2
41839,2,1,146579,146579,146580,0,1,1
41840,1,3,146580,146580,146583,0,3,0
41841,3,1,146583,146583,146584,0,1,0
41842,4,1,146587,146587,146588,0,1,3
41843,3,3,146590,146590,146593,0,3,2
41844,4,1,146594,146594,146595,0,1,1
41845,1,2,146595,146595,146597,0,2,0
41846,6,3,146601,146601,146604,0,3,4
41847,6,2,146607,146607,146609,0,2,3
41848,3,2,146610,146610,146612,0,2,1
41849,5,1,146615,146615,146616,0,1,3
41850,2,3,146617,146617,146620,0,3,1
41851,5,1,146622,146622,146623,0,1,2
41852,3,1,146625,146625,146626,0,1,2
41853,1,3,146626,146626,146629,0,3,0
41854,3,2,146629,146629,146631,0,2,0
41855,2,2,146631,146631,146633,0,2,0
41856,3,2,146634,146634,146636,0,2,1
41857,2,1,146636,146636,146637,0,1,0
41858,3,3,146639,146639,146642,0,3,2
41859,3,1,146642,146642,146643,0,1,0
41860,1,3,146643,146643,146646,0,3,0
41861,1,2,146644,146646,146648,2,4,0
41862,1,1,146645,146648,146649,3,4,0
41863,3,2,146648,146649,146651,1,3,0
41864,4,2,146652,146652,146654,0,2,1
41865,1,1,146653,146654,146655,1,2,0
41866,6,1,146659,146659,146660,0,1,4
41867,5,1,146664,146664,146665,0,1,4
41868,1,3,146665,146665,146668,0,3,0
41869,4,2,146669,146669,146671,0,2,1
41870,1,1,146670,146671,146672,1,2,0
41871,4,3,146674,146674,146677,0,3,2
41872,5,1,146679,146679,146680,0,1,2
41873,4,1,146683,146683,146684,0,1,3
41874,4,3,146687,146687,146690,0,3,3
41875,6,1,146693,146693,146694,0,1,3
41876,3,2,146696,146696,146698,0,2,2
41877,6,2,146702,146702,146704,0,2,4
41878,6,3,146708,146708,146711,0,3,4
41879,2,2,146710,146711,146713,1,3,0
41880,5,3,146715,146715,146718,0,3,2
41881,3,1,146718,146718,146719,0,1,0
41882,4,2,146722,146722,146724,0,2,3
41883,6,2,146728,146728,146730,0,2,4
41884,3,1,146731,146731,146732,0,1,1
41885,6,3,146737,146737,146740,0,3,5
41886,3,3,146740,146740,146743,0,3,0
41887,1,1,146741,146743,146744,2,3,0
41888,3,1,146744,146744,146745,0,1,0
41889,5,2,146749,146749,146751,0,2,4
41890,1,2,146750,146751,146753,1,3,0
41891,3,3,146753,146753,146756,0,3,0
41892,3,1,146756,146756,146757,0,1,0
41893,2,2,146758,146758,146760,0,2,1
41894,4,2,146762,146762,146764,0,2,2
41895,3,3,146765,146765,146768,0,3,1
41896,5,2,146770,146770,146772,0,2,2
41897,4,1,146774,146774,146775,0,1,2
41898,3,1,146777,146777,146778,0,1,2
41899,3,2,146780,146780,146782,0,2,2
41900,3,1,146783,146783,146784,0,1,1
41901,1,2,146784,146784,146786,0,2,0
41902,4,3,146788,146788,146791,0,3,2
41903,3,1,146791,146791,146792,0,1,0
41904,4,1,146795,146795,146796,0,1,3
41905,1,3,146796,146796,146799,0,3,0
41906,2,1,146798,146799,146800,1,2,0
41907,5,3,146803,146803,146806,0,3,3
41908,3,3,146806,146806,146809,0,3,0
41909,3,3,146809,146809,146812,0,3,0
41910,6,2,146815,146815,146817,0,2,3
41911,2,1,146817,146817,146818,0,1,0
41912,6,1,146823,146823,146824,0,1,5
41913,1,2,146824,146824,146826,0,2,0
41914,4,2,146828,146828,146830,0,2,2
41915,6,2,146834,146834,146836,0,2,4
41916,2,3,146836,146836,146839,0,3,0
41917,2,1,146838,146839,146840,1,2,0
41918,4,3,146842,146842,146845,0,3,2
41919,6,1,146848,146848,146849,0,1,3
41920,2,2,146850,146850,146852,0,2,1
41921,1,3,146851,146852,146855,1,4,0
41922,4,2,146855,146855,146857,0,2,0
41923,3,1,146858,146858,146859,0,1,1
41924,3,1,146861,146861,146862,0,1,2
41925,2,1,146863,146863,146864,0,1,1
41926,2,3,146865,146865,146868,0,3,1
41927,4,3,146869,146869,146872,0,3,1
41928,6,2,146875,146875,146877,0,2,3
41929,6,3,146881,146881,146884,0,3,4
41930,2,1,146883,146884,146885,1,2,0
41931,2,1,146885,146885,146886,0,1,0
41932,1,1,146886,146886,146887,0,1,0
41933,2,2,146888,146888,146890,0,2,1
41934,2,2,146890,146890,146892,0,2,0
41935,4,3,146894,146894,146897,0,3,2
41936,3,3,146897,146897,146900,0,3,0
41937,1,3,146898,146900,146903,2,5,0
41938,4,3,146902,146903,146906,1,4,0
41939,2,2,146904,146906,146908,2,4,0
41940,1,2,146905,146908,146910,3,5,0
41941,5,3,146910,146910,146913,0,3,0
41942,6,2,146916,146916,146918,0,2,3
41943,2,2,146918,146918,146920,0,2,0
41944,1,3,146919,146920,146923,1,4,0
41945,3,1,146922,146923,146924,1,2,0
41946,1,1,146923,146924,146925,1,2,0
41947,6,2,146929,146929,146931,0,2,4
41948,3,1,146932,146932,146933,0,1,1
41949,4,1,146936,146936,146937,0,1,3
41950,3,2,146939,146939,146941,0,2,2
41951,5,2,146944,146944,146946,0,2,3
41952,2,1,146946,146946,146947,0,1,0
41953,6,3,146952,146952,146955,0,3,5
41954,3,1,146955,146955,146956,0,1,0
41955,3,3,146958,146958,146961,0,3,2
41956,3,3,146961,146961,146964,0,3,0
41957,5,3,146966,146966,146969,0,3,2
41958,2,1,146968,146969,146970,1,2,0
41959,4,1,146972,146972,146973,0,1,2
41960,6,2,146978,146978,146980,0,2,5
41961,1,3,146979,146980,146983,1,4,0
41962,5,3,146984,146984,146987,0,3,1
41963,6,1,146990,146990,146991,0,1,3
41964,6,2,146996,146996,146998,0,2,5
41965,6,2,147002,147002,147004,0,2,4
41966,4,2,147006,147006,147008,0,2,2
41967,5,3,147011,147011,147014,0,3,3
41968,2,3,147013,147014,147017,1,4,0
41969,6,2,147019,147019,147021,0,2,2
41970,4,3,147023,147023,147026,0,3,2
41971,6,1,147029,147029,147030,0,1,3
41972,1,1,147030,147030,147031,0,1,0
41973,6,1,147036,147036,147037,0,1,5
41974,2,3,147038,147038,147041,0,3,1
41975,2,1,147040,147041,147042,1,2,0
41976,1,1,147041,147042,147043,1,2,0
41977,4,2,147045,147045,147047,0,2,2
41978,2,2,147047,147047,147049,0,2,0
41979,2,3,147049,147049,147052,0,3,0
41980,1,3,147050,147052,147055,2,5,0
41981,1,2,147051,147055,147057,4,6,0
41982,5,1,147056,147057,147058,1,2,0
41983,4,1,147060,147060,147061,0,1,2
41984,1,3,147061,147061,147064,0,3,0
41985,4,2,147065,147065,147067,0,2,1
41986,2,3,147067,147067,147070,0,3,0
41987,6,3,147073,147073,147076,0,3,3
41988,2,1,147075,147076,147077,1,2,0
41989,5,3,147080,147080,147083,0,3,3
41990,5,3,147085,147085,147088,0,3,2
41991,5,3,147090,147090,147093,0,3,2
41992,1,1,147091,147093,147094,2,3,0
41993,3,3,147094,147094,147097,0,3,0
41994,4,2,147098,147098,147100,0,2,1
41995,5,3,147103,147103,147106,0,3,3
41996,1,3,147104,147106,147109,2,5,0
41997,6,2,147110,147110,147112,0,2,1
41998,3,2,147113,147113,147115,0,2,1
41999,4,3,147117,147117,147120,0,3,2
42000,4,3,147121,147121,147124,0,3,1
42001,6,1,147127,147127,147128,0,1,3
42002,2,2,147129,147129,147131,0,2,1
42003,4,3,147133,147133,147136,0,3,2
42004,5,2,147138,147138,147140,0,2,2
42005,2,3,147140,147140,147143,0,3,0
42006,5,1,147145,147145,147146,0,1,2
42007,5,2,147150,147150,147152,0,2,4
42008,4,1,147154,147154,147155,0,1,2
42009,5,3,147159,147159,147162,0,3,4
42010,6,1,147165,147165,147166,0,1,3
42011,4,2,147169,147169,147171,0,2,3
42012,6,1,147175,147175,147176,0,1,4
42013,3,3,147178,147178,147181,0,3,2
42014,1,3,147179,147181,147184,2,5,0
42015,1,2,147180,147184,147186,4,6,0
42016,2,1,147182,147186,147187,4,5,0
42017,4,3,147186,147187,147190,1,4,0
42018,6,2,147192,147192,147194,0,2,2
42019,1,1,147193,147194,147195,1,2,0
42020,2,3,147195,147195,147198,0,3,0
42021,3,1,147198,147198,147199,0,1,0
42022,6,3,147204,147204,147207,0,3,5
42023,1,2,147205,147207,147209,2,4,0
42024,2,1,147207,147209,147210,2,3,0
42025,3,2,147210,147210,147212,0,2,0
42026,5,1,147215,147215,147216,0,1,3
42027,6,3,147221,147221,147224,0,3,5
42028,3,2,147224,147224,147226,0,2,0
42029,3,3,147227,147227,147230,0,3,1
42030,2,1,147229,147230,147231,1,2,0
42031,3,2,147232,147232,147234,0,2,1
42032,3,1,147235,147235,147236,0,1,1
42033,2,1,147237,147237,147238,0,1,1
42034,5,3,147242,147242,147245,0,3,4
42035,3,2,147245,147245,147247,0,2,0
42036,1,2,147246,147247,147249,1,3,0
42037,4,1,147250,147250,147251,0,1,1
42038,2,2,147252,147252,147254,0,2,1
42039,1,3,147253,147254,147257,1,4,0
42040,5,1,147258,147258,147259,0,1,1
42041,4,1,147262,147262,147263,0,1,3
42042,1,1,147263,147263,147264,0,1,0
42043,5,1,147268,147268,147269,0,1,4
42044,1,2,147269,147269,147271,0,2,0
42045,2,1,147271,147271,147272,0,1,0
42046,3,1,147274,147274,147275,0,1,2
42047,2,1,147276,147276,147277,0,1,1
42048,6,2,147282,147282,147284,0,2,5
42049,2,3,147284,147284,147287,0,3,0
42050,5,2,147289,147289,147291,0,2,2
42051,2,2,147291,147291,147293,0,2,0
42052,2,2,147293,147293,147295,0,2,0
42053,1,3,147294,147295,147298,1,4,0
42054,5,1,147299,147299,147300,0,1,1
42055,5,2,147304,147304,147306,0,2,4
42056,3,3,147307,147307,147310,0,3,1
42057,2,1,147309,147310,147311,1,2,0
42058,5,1,147314,147314,147315,0,1,3
42059,3,2,147317,147317,147319,0,2,2
42060,1,1,147318,147319,147320,1,2,0
42061,3,3,147321,147321,147324,0,3,1
42062,3,1,147324,147324,147325,0,1,0
42063,4,1,147328,147328,147329,0,1,3
42064,4,2,147332,147332,147334,0,2,3
42065,3,1,147335,147335,147336,0,1,1
42066,3,3,147338,147338,147341,0,3,2
42067,4,2,147342,147342,147344,0,2,1
42068,5,3,147347,147347,147350,0,3,3
42069,1,2,147348,147350,147352,2,4,0
42070,5,1,147353,147353,147354,0,1,1
42071,1,2,147354,147354,147356,0,2,0
42072,2,1,147356,147356,147357,0,1,0
42073,6,2,147362,147362,147364,0,2,5
42074,6,2,147368,147368,147370,0,2,4
42075,4,1,147372,147372,147373,0,1,2
42076,3,1,147375,147375,147376,0,1,2
42077,5,2,147380,147380,147382,0,2,4
42078,4,1,147384,147384,147385,0,1,2
42079,2,1,147386,147386,147387,0,1,1
42080,2,1,147388,147388,147389,0,1,1
42081,4,3,147392,147392,147395,0,3,3
42082,4,2,147396,147396,147398,0,2,1
42083,4,1,147400,147400,147401,0,1,2
42084,2,3,147402,147402,147405,0,3,1
42085,5,2,147407,147407,147409,0,2,2
42086,2,2,147409,147409,147411,0,2,0
42087,1,2,147410,147411,147413,1,3,0
42088,4,3,147414,147414,147417,0,3,1
42089,6,2,147420,147420,147422,0,2,3
42090,1,3,147421,147422,147425,1,4,0
42091,4,2,147425,147425,147427,0,2,0
42092,4,1,147429,147429,147430,0,1,2
42093,3,1,147432,147432,147433,0,1,2
42094,5,1,147437,147437,147438,0,1,4
42095,4,2,147441,147441,147443,0,2,3
42096,3,2,147444,147444,147446,0,2,1
42097,1,1,147445,147446,147447,1,2,0
42098,6,1,147451,147451,147452,0,1,4
42099,2,1,147453,147453,147454,0,1,1
42100,5,1,147458,147458,147459,0,1,4
42101,1,1,147459,147459,147460,0,1,0
42102,1,3,147460,147460,147463,0,3,0
42103,6,3,147466,147466,147469,0,3,3
42104,2,1,147468,147469,147470,1,2,0
42105,2,3,147470,147470,147473,0,3,0
42106,2,1,147472,147473,147474,1,2,0
42107,4,3,147476,147476,147479,0,3,2
42108,1,3,147477,147479,147482,2,5,0
42109,5,1,147482,147482,147483,0,1,0
42110,6,2,147488,147488,147490,0,2,5
42111,3,3,147491,147491,147494,0,3,1
42112,5,3,147496,147496,147499,0,3,2
42113,1,2,147497,147499,147501,2,4,0
42114,6,3,147503,147503,147506,0,3,2
42115,6,3,147509,147509,147512,0,3,3
42116,6,2,147515,147515,147517,0,2,3
42117,2,1,147517,147517,147518,0,1,0
42118,3,3,147520,147520,147523,0,3,2
42119,6,1,147526,147526,147527,0,1,3
42120,3,3,147529,147529,147532,0,3,2
42121,2,3,147531,147532,147535,1,4,0
42122,4,3,147535,147535,147538,0,3,0
42123,5,1,147540,147540,147541,0,1,2
42124,4,3,147544,147544,147547,0,3,3
42125,2,3,147546,147547,147550,1,4,0
42126,3,2,147549,147550,147552,1,3,0
42127,1,2,147550,147552,147554,2,4,0
42128,5,1,147555,147555,147556,0,1,1
42129,3,1,147558,147558,147559,0,1,2
42130,1,1,147559,147559,147560,0,1,0
42131,3,2,147562,147562,147564,0,2,2
42132,5,1,147567,147567,147568,0,1,3
42133,3,3,147570,147570,147573,0,3,2
42134,2,3,147572,147573,147576,1,4,0
42135,6,2,147578,147578,147580,0,2,2
42136,5,3,147583,147583,147586,0,3,3
42137,6,1,147589,147589,147590,0,1,3
42138,5,2,147594,147594,147596,0,2,4
42139,5,3,147599,147599,147602,0,3,3
42140,3,1,147602,147602,147603,0,1,0
42141,4,3,147606,147606,147609,0,3,3
42142,5,1,147611,147611,147612,0,1,2
42143,1,3,147612,147612,147615,0,3,0
42144,2,1,147614,147615,147616,1,2,0
42145,2,3,147616,147616,147619,0,3,0
42146,6,2,147622,147622,147624,0,2,3
42147,6,1,147628,147628,147629,0,1,4
42148,3,3,147631,147631,147634,0,3,2
42149,1,3,147632,147634,147637,2,5,0
42150,4,1,147636,147637,147638,1,2,0
42151,3,3,147639,147639,147642,0,3,1
42152,2,2,147641,147642,147644,1,3,0
42153,3,2,147644,147644,147646,0,2,0
42154,2,1,147646,147646,147647,0,1,0
42155,3,3,147649,147649,147652,0,3,2
42156,2,2,147651,147652,147654,1,3,0
42157,4,2,147655,147655,147657,0,2,1
42158,5,3,147660,147660,147663,0,3,3
42159,6,3,147666,147666,147669,0,3,3
42160,6,3,147672,147672,147675,0,3,3
42161,4,3,147676,147676,147679,0,3,1
42162,1,1,147677,147679,147680,2,3,0
42163,6,2,147683,147683,147685,0,2,3
42164,6,1,147689,147689,147690,0,1,4
42165,4,3,147693,147693,147696,0,3,3
42166,2,2,147695,147696,147698,1,3,0
42167,2,3,147697,147698,147701,1,4,0
42168,4,2,147701,147701,147703,0,2,0
42169,6,1,147707,147707,147708,0,1,4
42170,6,1,147713,147713,147714,0,1,5
42171,4,2,147717,147717,147719,0,2,3
42172,6,1,147723,147723,147724,0,1,4
42173,1,1,147724,147724,147725,0,1,0
42174,5,2,147729,147729,147731,0,2,4
42175,4,3,147733,147733,147736,0,3,2
42176,3,1,147736,147736,147737,0,1,0
42177,5,2,147741,147741,147743,0,2,4
42178,1,3,147742,147743,147746,1,4,0
42179,5,1,147747,147747,147748,0,1,1
42180,2,3,147749,147749,147752,0,3,1
42181,3,1,147752,147752,147753,0,1,0
42182,3,2,147755,147755,147757,0,2,2
42183,3,1,147758,147758,147759,0,1,1
42184,5,3,147763,147763,147766,0,3,4
42185,2,2,147765,147766,147768,1,3,0
42186,5,1,147770,147770,147771,0,1,2
42187,1,3,147771,147771,147774,0,3,0
42188,2,1,147773,147774,147775,1,2,0
42189,6,1,147779,147779,147780,0,1,4
42190,3,3,147782,147782,147785,0,3,2
42191,1,2,147783,147785,147787,2,4,0
42192,5,1,147788,147788,147789,0,1,1
42193,3,3,147791,147791,147794,0,3,2
42194,3,2,147794,147794,147796,0,2,0
42195,6,3,147800,147800,147803,0,3,4
42196,4,2,147804,147804,147806,0,2,1
42197,4,1,147808,147808,147809,0,1,2
42198,5,2,147813,147813,147815,0,2,4
42199,1,1,147814,147815,147816,1,2,0
42200,3,1,147817,147817,147818,0,1,1
42201,3,3,147820,147820,147823,0,3,2
42202,5,3,147825,147825,147828,0,3,2
42203,6,1,147831,147831,147832,0,1,3
42204,3,2,147834,147834,147836,0,2,2
42205,1,1,147835,147836,147837,1,2,0
42206,3,1,147838,147838,147839,0,1,1
42207,1,1,147839,147839,147840,0,1,0
42208,2,1,147841,147841,147842,0,1,1
42209,1,1,147842,147842,147843,0,1,0
42210,5,1,147847,147847,147848,0,1,4
42211,4,3,147851,147851,147854,0,3,3
42212,4,3,147855,147855,147858,0,3,1
42213,6,3,147861,147861,147864,0,3,3
42214,5,1,147866,147866,147867,0,1,2
42215,3,3,147869,147869,147872,0,3,2
42216,4,2,147873,147873,147875,0,2,1
42217,1,3,147874,147875,147878,1,4,0
42218,5,3,147879,147879,147882,0,3,1
42219,6,2,147885,147885,147887,0,2,3
42220,4,2,147889,147889,147891,0,2,2
42221,1,3,147890,147891,147894,1,4,0
42222,3,3,147893,147894,147897,1,4,0
42223,6,1,147899,147899,147900,0,1,2
42224,4,3,147903,147903,147906,0,3,3
42225,4,1,147907,147907,147908,0,1,1
42226,1,3,147908,147908,147911,0,3,0
42227,6,1,147914,147914,147915,0,1,3
42228,2,3,147916,147916,147919,0,3,1
42229,4,1,147920,147920,147921,0,1,1
42230,3,1,147923,147923,147924,0,1,2
42231,6,2,147929,147929,147931,0,2,5
42232,2,2,147931,147931,147933,0,2,0
42233,4,1,147935,147935,147936,0,1,2
42234,4,3,147939,147939,147942,0,3,3
42235,6,3,147945,147945,147948,0,3,3
42236,4,3,147949,147949,147952,0,3,1
42237,3,1,147952,147952,147953,0,1,0
42238,2,2,147954,147954,147956,0,2,1
42239,2,2,147956,147956,147958,0,2,0
42240,6,3,147962,147962,147965,0,3,4
42241,1,1,147963,147965,147966,2,3,0
42242,2,1,147965,147966,147967,1,2,0
42243,6,3,147971,147971,147974,0,3,4
42244,5,2,147976,147976,147978,0,2,2
42245,1,3,147977,147978,147981,1,4,0
42246,6,1,147983,147983,147984,0,1,2
42247,3,3,147986,147986,147989,0,3,2
42248,1,3,147987,147989,147992,2,5,0
42249,3,1,147990,147992,147993,2,3,0
42250,5,3,147995,147995,147998,0,3,2
42251,6,1,148001,148001,148002,0,1,3
42252,5,2,148006,148006,148008,0,2,4
42253,1,2,148007,148008,148010,1,3,0
42254,3,3,148010,148010,148013,0,3,0
42255,1,1,148011,148013,148014,2,3,0
42256,3,1,148014,148014,148015,0,1,0
42257,6,3,148020,148020,148023,0,3,5
42258,3,3,148023,148023,148026,0,3,0
42259,2,1,148025,148026,148027,1,2,0
42260,2,1,148027,148027,148028,0,1,0
42261,3,3,148030,148030,148033,0,3,2
42262,2,2,148032,148033,148035,1,3,0
42263,4,1,148036,148036,148037,0,1,1
42264,5,1,148041,148041,148042,0,1,4
42265,1,1,148042,148042,148043,0,1,0
42266,3,1,148045,148045,148046,0,1,2
42267,1,3,148046,148046,148049,0,3,0
42268,6,2,148052,148052,148054,0,2,3
42269,3,1,148055,148055,148056,0,1,1
42270,4,2,148059,148059,148061,0,2,3
42271,1,3,148060,148061,148064,1,4,0
42272,3,2,148063,148064,148066,1,3,0
42273,6,1,148069,148069,148070,0,1,3
42274,6,2,148075,148075,148077,0,2,5
42275,3,1,148078,148078,148079,0,1,1
42276,5,2,148083,148083,148085,0,2,4
42277,2,1,148085,148085,148086,0,1,0
42278,5,3,148090,148090,148093,0,3,4
42279,2,1,148092,148093,148094,1,2,0
42280,1,1,148093,148094,148095,1,2,0
42281,2,3,148095,148095,148098,0,3,0
42282,2,3,148097,148098,148101,1,4,0
42283,4,3,148101,148101,148104,0,3,0
42284,4,2,148105,148105,148107,0,2,1
42285,4,2,148109,148109,148111,0,2,2
42286,3,2,148112,148112,148114,0,2,1
42287,2,2,148114,148114,148116,0,2,0
42288,6,1,148120,148120,148121,0,1,4
42289,1,2,148121,148121,148123,0,2,0
42290,1,1,148122,148123,148124,1,2,0
42291,2,1,148124,148124,148125,0,1,0
42292,4,2,148128,148128,148130,0,2,3
42293,4,2,148132,148132,148134,0,2,2
42294,6,2,148138,148138,148140,0,2,4
42295,6,3,148144,148144,148147,0,3,4
42296,5,1,148149,148149,148150,0,1,2
42297,6,2,148155,148155,148157,0,2,5
42298,2,2,148157,148157,148159,0,2,0
42299,2,2,148159,148159,148161,0,2,0
42300,5,1,148164,148164,148165,0,1,3
42301,4,1,148168,148168,148169,0,1,3
42302,3,3,148171,148171,148174,0,3,2
42303,2,2,148173,148174,148176,1,3,0
42304,2,3,148175,148176,148179,1,4,0
42305,6,2,148181,148181,148183,0,2,2
42306,2,3,148183,148183,148186,0,3,0
42307,2,1,148185,148186,148187,1,2,0
42308,5,2,148190,148190,148192,0,2,3
42309,1,2,148191,148192,148194,1,3,0
42310,1,1,148192,148194,148195,2,3,0
42311,4,3,148196,148196,148199,0,3,1
42312,3,3,148199,148199,148202,0,3,0
42313,6,3,148205,148205,148208,0,3,3
42314,6,3,148211,148211,148214,0,3,3
42315,5,1,148216,148216,148217,0,1,2
42316,4,3,148220,148220,148223,0,3,3
42317,1,1,148221,148223,148224,2,3,0
42318,3,2,148224,148224,148226,0,2,0
42319,5,2,148229,148229,148231,0,2,3
42320,2,1,148231,148231,148232,0,1,0
42321,6,2,148237,148237,148239,0,2,5
42322,4,1,148241,148241,148242,0,1,2
42323,4,1,148245,148245,148246,0,1,3
42324,6,3,148251,148251,148254,0,3,5
42325,2,3,148253,148254,148257,1,4,0
42326,6,3,148259,148259,148262,0,3,2
42327,4,2,148263,148263,148265,0,2,1
42328,1,3,148264,148265,148268,1,4,0
42329,4,3,148268,148268,148271,0,3,0
42330,1,3,148269,148271,148274,2,5,0
42331,4,2,148273,148274,148276,1,3,0
42332,3,3,148276,148276,148279,0,3,0
42333,6,3,148282,148282,148285,0,3,3
42334,6,1,148288,148288,148289,0,1,3
42335,6,1,148294,148294,148295,0,1,5
42336,2,1,148296,148296,148297,0,1,1
42337,2,3,148298,148298,148301,0,3,1
42338,2,3,148300,148301,148304,1,4,0
42339,4,3,148304,148304,148307,0,3,0
42340,6,3,148310,148310,148313,0,3,3
42341,1,3,148311,148313,148316,2,5,0
42342,1,3,148312,148316,148319,4,7,0
42343,2,2,148314,148319,148321,5,7,0
42344,1,3,148315,148321,148324,6,9,0
42345,6,3,148321,148324,148327,3,6,0
42346,4,2,148325,148327,148329,2,4,0
42347,2,3,148327,148329,148332,2,5,0
42348,6,1,148333,148333,148334,0,1,1
42349,1,3,148334,148334,148337,0,3,0
42350,4,2,148338,148338,148340,0,2,1
42351,1,1,148339,148340,148341,1,2,0
42352,5,3,148344,148344,148347,0,3,3
42353,2,1,148346,148347,148348,1,2,0
42354,3,2,148349,148349,148351,0,2,1
42355,6,3,148355,148355,148358,0,3,4
42356,5,3,148360,148360,148363,0,3,2
42357,6,2,148366,148366,148368,0,2,3
42358,5,3,148371,148371,148374,0,3,3
42359,5,1,148376,148376,148377,0,1,2
42360,1,3,148377,148377,148380,0,3,0
42361,1,3,148378,148380,148383,2,5,0
42362,6,2,148384,148384,148386,0,2,1
42363,1,3,148385,148386,148389,1,4,0
42364,1,1,148386,148389,148390,3,4,0
42365,6,1,148392,148392,148393,0,1,2
42366,2,2,148394,148394,148396,0,2,1
42367,4,1,148398,148398,148399,0,1,2
42368,1,2,148399,148399,148401,0,2,0
42369,5,1,148404,148404,148405,0,1,3
42370,5,3,148409,148409,148412,0,3,4
42371,5,2,148414,148414,148416,0,2,2
42372,3,1,148417,148417,148418,0,1,1
42373,1,3,148418,148418,148421,0,3,0
42374,4,3,148422,148422,148425,0,3,1
42375,5,1,148427,148427,148428,0,1,2
42376,2,2,148429,148429,148431,0,2,1
42377,2,1,148431,148431,148432,0,1,0
42378,2,2,148433,148433,148435,0,2,1
42379,4,2,148437,148437,148439,0,2,2
42380,4,2,148441,148441,148443,0,2,2
42381,3,3,148444,148444,148447,0,3,1
42382,2,3,148446,148447,148450,1,4,0
42383,1,3,148447,148450,148453,3,6,0
42384,1,1,148448,148453,148454,5,6,0
42385,2,1,148450,148454,148455,4,5,0
42386,4,3,148454,148455,148458,1,4,0
42387,1,3,148455,148458,148461,3,6,0
42388,5,2,148460,148461,148463,1,3,0
42389,5,3,148465,148465,148468,0,3,2
42390,6,2,148471,148471,148473,0,2,3
42391,1,2,148472,148473,148475,1,3,0
42392,5,3,148477,148477,148480,0,3,2
42393,2,2,148479,148480,148482,1,3,0
42394,2,3,148481,148482,148485,1,4,0
42395,4,2,148485,148485,148487,0,2,0
42396,3,1,148488,148488,148489,0,1,1
42397,5,3,148493,148493,148496,0,3,4
42398,2,2,148495,148496,148498,1,3,0
42399,5,3,148500,148500,148503,0,3,2
42400,3,2,148503,148503,148505,0,2,0
42401,4,3,148507,148507,148510,0,3,2
42402,4,3,148511,148511,148514,0,3,1
42403,1,2,148512,148514,148516,2,4,0
42404,5,3,148517,148517,148520,0,3,1
42405,6,2,148523,148523,148525,0,2,3
42406,2,3,148525,148525,148528,0,3,0
42407,3,1,148528,148528,148529,0,1,0
42408,5,3,148533,148533,148536,0,3,4
42409,5,3,148538,148538,148541,0,3,2
42410,3,1,148541,148541,148542,0,1,0
42411,3,2,148544,148544,148546,0,2,2
42412,3,2,148547,148547,148549,0,2,1
42413,4,3,148551,148551,148554,0,3,2
42414,5,3,148556,148556,148559,0,3,2
42415,2,3,148558,148559,148562,1,4,0
42416,1,2,148559,148562,148564,3,5,0
42417,2,1,148561,148564,148565,3,4,0
42418,3,2,148564,148565,148567,1,3,0
42419,4,3,148568,148568,148571,0,3,1
42420,4,1,148572,148572,148573,0,1,1
42421,5,1,148577,148577,148578,0,1,4
42422,3,1,148580,148580,148581,0,1,2
42423,4,2,148584,148584,148586,0,2,3
42424,4,1,148588,148588,148589,0,1,2
42425,6,2,148594,148594,148596,0,2,5
42426,5,2,148599,148599,148601,0,2,3
42427,4,3,148603,148603,148606,0,3,2
42428,4,3,148607,148607,148610,0,3,1
42429,3,1,148610,148610,148611,0,1,0
42430,5,2,148615,148615,148617,0,2,4
42431,5,1,148620,148620,148621,0,1,3
42432,3,3,148623,148623,148626,0,3,2
42433,3,1,148626,148626,148627,0,1,0
42434,3,2,148629,148629,148631,0,2,2
42435,3,2,148632,148632,148634,0,2,1
42436,5,1,148637,148637,148638,0,1,3
42437,4,1,148641,148641,148642,0,1,3
42438,2,1,148643,148643,148644,0,1,1
42439,1,2,148644,148644,148646,0,2,0
42440,4,2,148648,148648,148650,0,2,2
42441,5,2,148653,148653,148655,0,2,3
42442,1,1,148654,148655,148656,1,2,0
42443,6,1,148660,148660,148661,0,1,4
42444,1,1,148661,148661,148662,0,1,0
42445,3,2,148664,148664,148666,0,2,2
42446,3,2,148667,148667,148669,0,2,1
42447,3,1,148670,148670,148671,0,1,1
42448,6,1,148676,148676,148677,0,1,5
42449,3,2,148679,148679,148681,0,2,2
42450,5,2,148684,148684,148686,0,2,3
42451,5,2,148689,148689,148691,0,2,3
42452,3,3,148692,148692,148695,0,3,1
42453,6,1,148698,148698,148699,0,1,3
42454,1,3,148699,148699,148702,0,3,0
42455,1,3,148700,148702,148705,2,5,0
42456,1,1,148701,148705,148706,4,5,0
42457,1,2,148702,148706,148708,4,6,0
42458,5,2,148707,148708,148710,1,3,0
42459,1,3,148708,148710,148713,2,5,0
42460,6,3,148714,148714,148717,0,3,1
42461,1,2,148715,148717,148719,2,4,0
42462,1,1,148716,148719,148720,3,4,0
42463,5,3,148721,148721,148724,0,3,1
42464,5,2,148726,148726,148728,0,2,2
42465,1,2,148727,148728,148730,1,3,0
42466,4,1,148731,148731,148732,0,1,1
42467,3,1,148734,148734,148735,0,1,2
42468,3,1,148737,148737,148738,0,1,2
42469,1,3,148738,148738,148741,0,3,0
42470,4,1,148742,148742,148743,0,1,1
42471,2,3,148744,148744,148747,0,3,1
42472,1,2,148745,148747,148749,2,4,0
42473,3,2,148748,148749,148751,1,3,0
42474,5,1,148753,148753,148754,0,1,2
42475,4,3,148757,148757,148760,0,3,3
42476,6,1,148763,148763,148764,0,1,3
42477,2,2,148765,148765,148767,0,2,1
42478,1,3,148766,148767,148770,1,4,0
42479,5,3,148771,148771,148774,0,3,1
42480,6,2,148777,148777,148779,0,2,3
42481,5,2,148782,148782,148784,0,2,3
42482,4,3,148786,148786,148789,0,3,2
42483,5,3,148791,148791,148794,0,3,2
42484,1,3,148792,148794,148797,2,5,0
42485,5,2,148797,148797,148799,0,2,0
42486,2,3,148799,148799,148802,0,3,0
42487,1,2,148800,148802,148804,2,4,0
42488,5,3,148805,148805,148808,0,3,1
42489,3,2,148808,148808,148810,0,2,0
42490,6,3,148814,148814,148817,0,3,4
42491,6,3,148820,148820,148823,0,3,3
42492,4,1,148824,148824,148825,0,1,1
42493,6,2,148830,148830,148832,0,2,5
42494,5,3,148835,148835,148838,0,3,3
42495,3,3,148838,148838,148841,0,3,0
42496,6,3,148844,148844,148847,0,3,3
42497,1,2,148845,148847,148849,2,4,0
42498,3,3,148848,148849,148852,1,4,0
42499,6,3,148854,148854,148857,0,3,2
42500,6,3,148860,148860,148863,0,3,3
42501,4,2,148864,148864,148866,0,2,1
42502,5,3,148869,148869,148872,0,3,3
42503,1,1,148870,148872,148873,2,3,0
42504,3,3,148873,148873,148876,0,3,0
42505,4,3,148877,148877,148880,0,3,1
42506,1,2,148878,148880,148882,2,4,0
42507,3,3,148881,148882,148885,1,4,0
42508,2,3,148883,148885,148888,2,5,0
42509,4,3,148887,148888,148891,1,4,0
42510,4,3,148891,148891,148894,0,3,0
42511,3,2,148894,148894,148896,0,2,0
42512,4,3,148898,148898,148901,0,3,2
42513,2,3,148900,148901,148904,1,4,0
42514,6,3,148906,148906,148909,0,3,2
42515,6,1,148912,148912,148913,0,1,3
42516,4,3,148916,148916,148919,0,3,3
42517,4,3,148920,148920,148923,0,3,1
42518,6,1,148926,148926,148927,0,1,3
42519,6,3,148932,148932,148935,0,3,5
42520,3,1,148935,148935,148936,0,1,0
42521,4,3,148939,148939,148942,0,3,3
42522,6,2,148945,148945,148947,0,2,3
42523,2,1,148947,148947,148948,0,1,0
42524,1,2,148948,148948,148950,0,2,0
42525,1,1,148949,148950,148951,1,2,0
42526,3,1,148952,148952,148953,0,1,1
42527,6,3,148958,148958,148961,0,3,5
42528,4,1,148962,148962,148963,0,1,1
42529,2,3,148964,148964,148967,0,3,1
42530,6,2,148970,148970,148972,0,2,3
42531,3,2,148973,148973,148975,0,2,1
42532,4,3,148977,148977,148980,0,3,2
42533,6,3,148983,148983,148986,0,3,3
42534,3,1,148986,148986,148987,0,1,0
42535,2,2,148988,148988,148990,0,2,1
42536,6,1,148994,148994,148995,0,1,4
42537,2,1,148996,148996,148997,0,1,1
42538,5,2,149001,149001,149003,0,2,4
42539,3,2,149004,149004,149006,0,2,1
42540,5,2,149009,149009,149011,0,2,3
42541,5,2,149014,149014,149016,0,2,3
42542,1,3,149015,149016,149019,1,4,0
42543,1,2,149016,149019,149021,3,5,0
42544,2,3,149018,149021,149024,3,6,0
42545,3,3,149021,149024,149027,3,6,0
42546,2,1,149023,149027,149028,4,5,0
42547,2,3,149025,149028,149031,3,6,0
42548,2,3,149027,149031,149034,4,7,0
42549,5,1,149032,149034,149035,2,3,0
42550,1,3,149033,149035,149038,2,5,0
42551,5,1,149038,149038,149039,0,1,0
42552,6,2,149044,149044,149046,0,2,5
42553,4,1,149048,149048,149049,0,1,2
42554,5,3,149053,149053,149056,0,3,4
42555,1,3,149054,149056,149059,2,5,0
42556,2,3,149056,149059,149062,3,6,0
42557,5,2,149061,149062,149064,1,3,0
42558,6,3,149067,149067,149070,0,3,3
42559,5,1,149072,149072,149073,0,1,2
42560,3,3,149075,149075,149078,0,3,2
42561,2,2,149077,149078,149080,1,3,0
42562,1,2,149078,149080,149082,2,4,0
42563,3,1,149081,149082,149083,1,2,0
42564,3,2,149084,149084,149086,0,2,1
42565,4,1,149088,149088,149089,0,1,2
42566,1,3,149089,149089,149092,0,3,0
42567,2,1,149091,149092,149093,1,2,0
42568,6,1,149097,149097,149098,0,1,4
42569,4,3,149101,149101,149104,0,3,3
42570,4,1,149105,149105,149106,0,1,1
42571,6,2,149111,149111,149113,0,2,5
42572,5,2,149116,149116,149118,0,2,3
42573,2,3,149118,149118,149121,0,3,0
42574,6,1,149124,149124,149125,0,1,3
42575,3,2,149127,149127,149129,0,2,2
42576,6,2,149133,149133,149135,0,2,4
42577,3,2,149136,149136,149138,0,2,1
42578,6,3,149142,149142,149145,0,3,4
42579,5,3,149147,149147,149150,0,3,2
42580,1,2,149148,149150,149152,2,4,0
42581,3,1,149151,149152,149153,1,2,0
42582,2,1,149153,149153,149154,0,1,0
42583,2,3,149155,149155,149158,0,3,1
42584,1,3,149156,149158,149161,2,5,0
42585,1,3,149157,149161,149164,4,7,0
42586,4,2,149161,149164,149166,3,5,0
42587,6,1,149167,149167,149168,0,1,1
42588,6,3,149173,149173,149176,0,3,5
42589,2,1,149175,149176,149177,1,2,0
42590,4,2,149179,149179,149181,0,2,2
42591,2,1,149181,149181,149182,0,1,0
42592,2,3,149183,149183,149186,0,3,1
42593,4,2,149187,149187,149189,0,2,1
42594,3,3,149190,149190,149193,0,3,1
42595,1,3,149191,149193,149196,2,5,0
42596,4,2,149195,149196,149198,1,3,0
42597,5,2,149200,149200,149202,0,2,2
42598,1,2,149201,149202,149204,1,3,0
42599,4,3,149205,149205,149208,0,3,1
42600,1,1,149206,149208,149209,2,3,0
42601,6,2,149212,149212,149214,0,2,3
42602,2,2,149214,149214,149216,0,2,0
42603,4,3,149218,149218,149221,0,3,2
42604,1,3,149219,149221,149224,2,5,0
42605,4,2,149223,149224,149226,1,3,0
42606,2,3,149225,149226,149229,1,4,0
42607,3,3,149228,149229,149232,1,4,0
42608,6,2,149234,149234,149236,0,2,2
42609,3,2,149237,149237,149239,0,2,1
42610,3,2,149240,149240,149242,0,2,1
42611,1,1,149241,149242,149243,1,2,0
42612,6,2,149247,149247,149249,0,2,4
42613,5,1,149252,149252,149253,0,1,3
42614,1,3,149253,149253,149256,0,3,0
42615,4,2,149257,149257,149259,0,2,1
42616,1,1,149258,149259,149260,1,2,0
42617,3,3,149261,149261,149264,0,3,1
42618,4,1,149265,149265,149266,0,1,1
42619,4,1,149269,149269,149270,0,1,3
42620,1,1,149270,149270,149271,0,1,0
42621,4,1,149274,149274,149275,0,1,3
42622,2,3,149276,149276,149279,0,3,1
42623,5,3,149281,149281,149284,0,3,2
42624,1,3,149282,149284,149287,2,5,0
42625,6,2,149288,149288,149290,0,2,1
42626,1,3,149289,149290,149293,1,4,0
42627,1,1,149290,149293,149294,3,4,0
42628,5,1,149295,149295,149296,0,1,1
42629,5,1,149300,149300,149301,0,1,4
42630,5,1,149305,149305,149306,0,1,4
42631,2,3,149307,149307,149310,0,3,1
42632,6,3,149313,149313,149316,0,3,3
42633,6,2,149319,149319,149321,0,2,3
42634,3,1,149322,149322,149323,0,1,1
42635,2,3,149324,149324,149327,0,3,1
42636,1,3,149325,149327,149330,2,5,0
42637,1,2,149326,149330,149332,4,6,0
42638,2,3,149328,149332,149335,4,7,0
42639,2,3,149330,149335,149338,5,8,0
42640,2,3,149332,149338,149341,6,9,0
42641,3,3,149335,149341,149344,6,9,0
42642,5,1,149340,149344,149345,4,5,0
42643,1,3,149341,149345,149348,4,7,0
42644,6,1,149347,149348,149349,1,2,0
42645,3,2,149350,149350,149352,0,2,1
42646,3,2,149353,149353,149355,0,2,1
42647,2,1,149355,149355,149356,0,1,0
42648,1,2,149356,149356,149358,0,2,0
42649,1,3,149357,149358,149361,1,4,0
42650,2,1,149359,149361,149362,2,3,0
42651,5,2,149364,149364,149366,0,2,2
42652,6,3,149370,149370,149373,0,3,4
42653,3,2,149373,149373,149375,0,2,0
42654,2,1,149375,149375,149376,0,1,0
42655,2,1,149377,149377,149378,0,1,1
42656,5,1,149382,149382,149383,0,1,4
42657,6,3,149388,149388,149391,0,3,5
42658,2,3,149390,149391,149394,1,4,0
42659,2,1,149392,149394,149395,2,3,0
42660,4,3,149396,149396,149399,0,3,1
42661,2,1,149398,149399,149400,1,2,0
42662,2,3,149400,149400,149403,0,3,0
42663,2,1,149402,149403,149404,1,2,0
42664,5,2,149407,149407,149409,0,2,3
42665,3,3,149410,149410,149413,0,3,1
42666,4,1,149414,149414,149415,0,1,1
42667,6,3,149420,149420,149423,0,3,5
42668,3,3,149423,149423,149426,0,3,0
42669,6,3,149429,149429,149432,0,3,3
42670,2,2,149431,149432,149434,1,3,0
42671,4,3,149435,149435,149438,0,3,1
42672,2,3,149437,149438,149441,1,4,0
42673,6,1,149443,149443,149444,0,1,2
42674,5,1,149448,149448,149449,0,1,4
42675,1,2,149449,149449,149451,0,2,0
42676,5,3,149454,149454,149457,0,3,3
42677,5,3,149459,149459,149462,0,3,2
42678,5,3,149464,149464,149467,0,3,2
42679,4,1,149468,149468,149469,0,1,1
42680,4,2,149472,149472,149474,0,2,3
42681,3,3,149475,149475,149478,0,3,1
42682,6,3,149481,149481,149484,0,3,3
42683,4,3,149485,149485,149488,0,3,1
42684,5,3,149490,149490,149493,0,3,2
42685,6,3,149496,149496,149499,0,3,3
42686,2,2,149498,149499,149501,1,3,0
42687,3,2,149501,149501,149503,0,2,0
42688,3,2,149504,149504,149506,0,2,1
42689,2,3,149506,149506,149509,0,3,0
42690,6,1,149512,149512,149513,0,1,3
42691,5,3,149517,149517,149520,0,3,4
42692,5,3,149522,149522,149525,0,3,2
42693,4,3,149526,149526,149529,0,3,1
42694,3,3,149529,149529,149532,0,3,0
42695,5,3,149534,149534,149537,0,3,2
42696,5,1,149539,149539,149540,0,1,2
42697,3,3,149542,149542,149545,0,3,2
42698,5,3,149547,149547,149550,0,3,2
42699,3,3,149550,149550,149553,0,3,0
42700,5,2,149555,149555,149557,0,2,2
42701,3,2,149558,149558,149560,0,2,1
42702,6,3,149564,149564,149567,0,3,4
42703,2,1,149566,149567,149568,1,2,0
42704,2,3,149568,149568,149571,0,3,0
42705,2,1,149570,149571,149572,1,2,0
42706,5,3,149575,149575,149578,0,3,3
42707,5,3,149580,149580,149583,0,3,2
42708,3,1,149583,149583,149584,0,1,0
42709,5,3,149588,149588,149591,0,3,4
42710,3,2,149591,149591,149593,0,2,0
42711,2,2,149593,149593,149595,0,2,0
42712,6,2,149599,149599,149601,0,2,4
42713,4,3,149603,149603,149606,0,3,2
42714,1,3,149604,149606,149609,2,5,0
42715,3,3,149607,149609,149612,2,5,0
42716,3,2,149610,149612,149614,2,4,0
42717,1,3,149611,149614,149617,3,6,0
42718,1,1,149612,149617,149618,5,6,0
42719,5,3,149617,149618,149621,1,4,0
42720,5,3,149622,149622,149625,0,3,1
42721,5,2,149627,149627,149629,0,2,2
42722,3,1,149630,149630,149631,0,1,1
42723,6,2,149636,149636,149638,0,2,5
42724,4,2,149640,149640,149642,0,2,2
42725,4,3,149644,149644,149647,0,3,2
42726,2,2,149646,149647,149649,1,3,0
42727,4,3,149650,149650,149653,0,3,1
42728,5,2,149655,149655,149657,0,2,2
42729,2,3,149657,149657,149660,0,3,0
42730,6,1,149663,149663,149664,0,1,3
42731,6,3,149669,149669,149672,0,3,5
42732,1,1,149670,149672,149673,2,3,0
42733,4,2,149674,149674,149676,0,2,1
42734,1,2,149675,149676,149678,1,3,0
42735,5,3,149680,149680,149683,0,3,2
42736,1,1,149681,149683,149684,2,3,0
42737,4,2,149685,149685,149687,0,2,1
42738,1,3,149686,149687,149690,1,4,0
42739,6,2,149692,149692,149694,0,2,2
42740,6,1,149698,149698,149699,0,1,4
42741,1,2,149699,149699,149701,0,2,0
42742,3,1,149702,149702,149703,0,1,1
42743,3,1,149705,149705,149706,0,1,2
42744,3,3,149708,149708,149711,0,3,2
42745,5,1,149713,149713,149714,0,1,2
42746,4,3,149717,149717,149720,0,3,3
42747,2,3,149719,149720,149723,1,4,0
42748,3,1,149722,149723,149724,1,2,0
42749,6,3,149728,149728,149731,0,3,4
42750,6,1,149734,149734,149735,0,1,3
42751,1,2,149735,149735,149737,0,2,0
42752,2,1,149737,149737,149738,0,1,0
42753,2,3,149739,149739,149742,0,3,1
42754,4,1,149743,149743,149744,0,1,1
42755,4,1,149747,149747,149748,0,1,3
42756,5,1,149752,149752,149753,0,1,4
42757,3,1,149755,149755,149756,0,1,2
42758,3,3,149758,149758,149761,0,3,2
42759,6,3,149764,149764,149767,0,3,3
42760,4,2,149768,149768,149770,0,2,1
42761,2,3,149770,149770,149773,0,3,0
42762,1,2,149771,149773,149775,2,4,0
42763,3,3,149774,149775,149778,1,4,0
42764,6,3,149780,149780,149783,0,3,2
42765,2,2,149782,149783,149785,1,3,0
42766,1,1,149783,149785,149786,2,3,0
42767,4,2,149787,149787,149789,0,2,1
42768,6,1,149793,149793,149794,0,1,4
42769,6,2,149799,149799,149801,0,2,5
42770,4,1,149803,149803,149804,0,1,2
42771,6,1,149809,149809,149810,0,1,5
42772,3,3,149812,149812,149815,0,3,2
42773,4,3,149816,149816,149819,0,3,1
42774,2,3,149818,149819,149822,1,4,0
42775,4,2,149822,149822,149824,0,2,0
42776,4,1,149826,149826,149827,0,1,2
42777,3,3,149829,149829,149832,0,3,2
42778,4,3,149833,149833,149836,0,3,1
42779,1,3,149834,149836,149839,2,5,0
42780,4,1,149838,149839,149840,1,2,0
42781,2,1,149840,149840,149841,0,1,0
42782,3,1,149843,149843,149844,0,1,2
42783,3,1,149846,149846,149847,0,1,2
42784,1,3,149847,149847,149850,0,3,0
42785,5,1,149852,149852,149853,0,1,2
42786,5,1,149857,149857,149858,0,1,4
42787,4,2,149861,149861,149863,0,2,3
42788,2,1,149863,149863,149864,0,1,0
42789,4,1,149867,149867,149868,0,1,3
42790,3,1,149870,149870,149871,0,1,2
42791,4,1,149874,149874,149875,0,1,3
42792,4,1,149878,149878,149879,0,1,3
42793,3,3,149881,149881,149884,0,3,2
42794,2,2,149883,149884,149886,1,3,0
42795,6,1,149889,149889,149890,0,1,3
42796,3,1,149892,149892,149893,0,1,2
42797,5,1,149897,149897,149898,0,1,4
42798,4,1,149901,149901,149902,0,1,3
42799,4,3,149905,149905,149908,0,3,3
42800,1,2,149906,149908,149910,2,4,0
42801,4,3,149910,149910,149913,0,3,0
42802,5,3,149915,149915,149918,0,3,2
42803,3,1,149918,149918,149919,0,1,0
42804,2,3,149920,149920,149923,0,3,1
42805,3,1,149923,149923,149924,0,1,0
42806,2,3,149925,149925,149928,0,3,1
42807,3,1,149928,149928,149929,0,1,0
42808,4,3,149932,149932,149935,0,3,3
42809,4,2,149936,149936,149938,0,2,1
42810,3,3,149939,149939,149942,0,3,1
42811,5,1,149944,149944,149945,0,1,2
42812,2,3,149946,149946,149949,0,3,1
42813,3,1,149949,149949,149950,0,1,0
42814,3,3,149952,149952,149955,0,3,2
42815,2,2,149954,149955,149957,1,3,0
42816,4,1,149958,149958,149959,0,1,1
42817,4,3,149962,149962,149965,0,3,3
42818,6,3,149968,149968,149971,0,3,3
42819,6,2,149974,149974,149976,0,2,3
42820,3,2,149977,149977,149979,0,2,1
42821,1,3,149978,149979,149982,1,4,0
42822,2,3,149980,149982,149985,2,5,0
42823,5,3,149985,149985,149988,0,3,0
42824,4,1,149989,149989,149990,0,1,1
42825,6,2,149995,149995,149997,0,2,5
42826,6,1,150001,150001,150002,0,1,4
42827,2,2,150003,150003,150005,0,2,1
42828,6,2,150009,150009,150011,0,2,4
42829,2,1,150011,150011,150012,0,1,0
42830,4,2,150015,150015,150017,0,2,3
42831,6,3,150021,150021,150024,0,3,4
42832,1,3,150022,150024,150027,2,5,0
42833,1,2,150023,150027,150029,4,6,0
42834,6,1,150029,150029,150030,0,1,0
42835,6,3,150035,150035,150038,0,3,5
42836,4,2,150039,150039,150041,0,2,1
42837,6,3,150045,150045,150048,0,3,4
42838,6,2,150051,150051,150053,0,2,3
42839,1,2,150052,150053,150055,1,3,0
42840,1,3,150053,150055,150058,2,5,0
42841,1,2,150054,150058,150060,4,6,0
42842,5,3,150059,150060,150063,1,4,0
42843,4,2,150063,150063,150065,0,2,0
42844,3,1,150066,150066,150067,0,1,1
42845,1,1,150067,150067,150068,0,1,0
42846,2,3,150069,150069,150072,0,3,1
42847,6,3,150075,150075,150078,0,3,3
42848,4,2,150079,150079,150081,0,2,1
42849,6,1,150085,150085,150086,0,1,4
42850,5,1,150090,150090,150091,0,1,4
42851,3,2,150093,150093,150095,0,2,2
42852,3,3,150096,150096,150099,0,3,1
42853,1,1,150097,150099,150100,2,3,0
42854,4,3,150101,150101,150104,0,3,1
42855,3,2,150104,150104,150106,0,2,0
42856,4,1,150108,150108,150109,0,1,2
42857,3,2,150111,150111,150113,0,2,2
42858,1,3,150112,150113,150116,1,4,0
42859,6,2,150118,150118,150120,0,2,2
42860,4,3,150122,150122,150125,0,3,2
42861,2,3,150124,150125,150128,1,4,0
42862,5,3,150129,150129,150132,0,3,1
42863,2,3,150131,150132,150135,1,4,0
42864,1,2,150132,150135,150137,3,5,0
42865,1,3,150133,150137,150140,4,7,0
42866,1,2,150134,150140,150142,6,8,0
42867,6,3,150140,150142,150145,2,5,0
42868,6,2,150146,150146,150148,0,2,1
42869,3,2,150149,150149,150151,0,2,1
42870,2,2,150151,150151,150153,0,2,0
42871,1,1,150152,150153,150154,1,2,0
42872,6,1,150158,150158,150159,0,1,4
42873,5,3,150163,150163,150166,0,3,4
42874,1,2,150164,150166,150168,2,4,0
42875,4,2,150168,150168,150170,0,2,0
42876,5,1,150173,150173,150174,0,1,3
42877,4,1,150177,150177,150178,0,1,3
42878,3,3,150180,150180,150183,0,3,2
42879,5,1,150185,150185,150186,0,1,2
42880,2,3,150187,150187,150190,0,3,1
42881,6,2,150193,150193,150195,0,2,3
42882,5,2,150198,150198,150200,0,2,3
42883,5,3,150203,150203,150206,0,3,3
42884,6,3,150209,150209,150212,0,3,3
42885,4,3,150213,150213,150216,0,3,1
42886,4,2,150217,150217,150219,0,2,1
42887,6,3,150223,150223,150226,0,3,4
42888,5,1,150228,150228,150229,0,1,2
42889,4,2,150232,150232,150234,0,2,3
42890,2,2,150234,150234,150236,0,2,0
42891,3,2,150237,150237,150239,0,2,1
42892,1,3,150238,150239,150242,1,4,0
42893,6,2,150244,150244,150246,0,2,2
42894,5,2,150249,150249,150251,0,2,3
42895,2,1,150251,150251,150252,0,1,0
42896,6,2,150257,150257,150259,0,2,5
42897,3,3,150260,150260,150263,0,3,1
42898,3,2,150263,150263,150265,0,2,0
42899,1,2,150264,150265,150267,1,3,0
42900,2,2,150266,150267,150269,1,3,0
42901,1,3,150267,150269,150272,2,5,0
42902,2,1,150269,150272,150273,3,4,0
42903,4,1,150273,150273,150274,0,1,0
42904,3,1,150276,150276,150277,0,1,2
42905,6,1,150282,150282,150283,0,1,5
42906,1,3,150283,150283,150286,0,3,0
42907,6,3,150289,150289,150292,0,3,3
42908,3,3,150292,150292,150295,0,3,0
42909,2,3,150294,150295,150298,1,4,0
42910,3,3,150297,150298,150301,1,4,0
42911,4,3,150301,150301,150304,0,3,0
42912,5,2,150306,150306,150308,0,2,2
42913,6,1,150312,150312,150313,0,1,4
42914,4,3,150316,150316,150319,0,3,3
42915,5,2,150321,150321,150323,0,2,2
42916,5,3,150326,150326,150329,0,3,3
42917,3,3,150329,150329,150332,0,3,0
42918,1,1,150330,150332,150333,2,3,0
42919,4,3,150334,150334,150337,0,3,1
42920,2,1,150336,150337,150338,1,2,0
42921,1,3,150337,150338,150341,1,4,0
42922,1,2,150338,150341,150343,3,5,0
42923,4,1,150342,150343,150344,1,2,0
42924,5,1,150347,150347,150348,0,1,3
42925,4,2,150351,150351,150353,0,2,3
42926,4,2,150355,150355,150357,0,2,2
42927,2,3,150357,150357,150360,0,3,0
42928,4,3,150361,150361,150364,0,3,1
42929,2,2,150363,150364,150366,1,3,0
42930,6,3,150369,150369,150372,0,3,3
42931,1,1,150370,150372,150373,2,3,0
42932,5,3,150375,150375,150378,0,3,2
42933,3,1,150378,150378,150379,0,1,0
42934,6,2,150384,150384,150386,0,2,5
42935,1,3,150385,150386,150389,1,4,0
42936,3,2,150388,150389,150391,1,3,0
42937,3,3,150391,150391,150394,0,3,0
42938,2,2,150393,150394,150396,1,3,0
42939,2,1,150395,150396,150397,1,2,0
42940,6,3,150401,150401,150404,0,3,4
42941,2,2,150403,150404,150406,1,3,0
42942,5,1,150408,150408,150409,0,1,2
42943,4,1,150412,150412,150413,0,1,3
42944,2,1,150414,150414,150415,0,1,1
42945,1,3,150415,150415,150418,0,3,0
42946,2,3,150417,150418,150421,1,4,0
42947,2,1,150419,150421,150422,2,3,0
42948,5,2,150424,150424,150426,0,2,2
42949,6,3,150430,150430,150433,0,3,4
42950,5,2,150435,150435,150437,0,2,2
42951,4,2,150439,150439,150441,0,2,2
42952,6,3,150445,150445,150448,0,3,4
42953,5,2,150450,150450,150452,0,2,2
42954,6,3,150456,150456,150459,0,3,4
42955,5,1,150461,150461,150462,0,1,2
42956,1,2,150462,150462,150464,0,2,0
42957,1,1,150463,150464,150465,1,2,0
42958,4,1,150467,150467,150468,0,1,2
42959,2,2,150469,150469,150471,0,2,1
42960,2,1,150471,150471,150472,0,1,0
42961,2,2,150473,150473,150475,0,2,1
42962,3,3,150476,150476,150479,0,3,1
42963,3,1,150479,150479,150480,0,1,0
42964,5,1,150484,150484,150485,0,1,4
42965,6,2,150490,150490,150492,0,2,5
42966,5,1,150495,150495,150496,0,1,3
42967,4,3,150499,150499,150502,0,3,3
42968,6,3,150505,150505,150508,0,3,3
42969,6,2,150511,150511,150513,0,2,3
42970,3,3,150514,150514,150517,0,3,1
42971,3,1,150517,150517,150518,0,1,0
42972,3,2,150520,150520,150522,0,2,2
42973,5,1,150525,150525,150526,0,1,3
42974,4,3,150529,150529,150532,0,3,3
42975,6,1,150535,150535,150536,0,1,3
42976,2,2,150537,150537,150539,0,2,1
42977,5,3,150542,150542,150545,0,3,3
42978,3,3,150545,150545,150548,0,3,0
42979,2,2,150547,150548,150550,1,3,0
42980,6,1,150553,150553,150554,0,1,3
42981,5,1,150558,150558,150559,0,1,4
42982,6,1,150564,150564,150565,0,1,5
42983,2,3,150566,150566,150569,0,3,1
42984,4,1,150570,150570,150571,0,1,1
42985,6,3,150576,150576,150579,0,3,5
42986,3,2,150579,150579,150581,0,2,0
42987,3,1,150582,150582,150583,0,1,1
42988,1,2,150583,150583,150585,0,2,0
42989,1,1,150584,150585,150586,1,2,0
42990,1,1,150585,150586,150587,1,2,0
42991,3,1,150588,150588,150589,0,1,1
42992,1,1,150589,150589,150590,0,1,0
42993,3,2,150592,150592,150594,0,2,2
42994,3,3,150595,150595,150598,0,3,1
42995,3,3,150598,150598,150601,0,3,0
42996,2,1,150600,150601,150602,1,2,0
42997,4,3,150604,150604,150607,0,3,2
42998,1,3,150605,150607,150610,2,5,0
42999,5,2,150610,150610,150612,0,2,0
43000,6,3,150616,150616,150619,0,3,4
43001,6,2,150622,150622,150624,0,2,3
43002,1,1,150623,150624,150625,1,2,0
43003,5,2,150628,150628,150630,0,2,3
43004,5,1,150633,150633,150634,0,1,3
43005,1,1,150634,150634,150635,0,1,0
43006,3,2,150637,150637,150639,0,2,2
43007,4,3,150641,150641,150644,0,3,2
43008,3,1,150644,150644,150645,0,1,0
43009,6,2,150650,150650,150652,0,2,5
43010,2,1,150652,150652,150653,0,1,0
43011,4,1,150656,150656,150657,0,1,3
43012,1,2,150657,150657,150659,0,2,0
43013,1,2,150658,150659,150661,1,3,0
43014,3,2,150661,150661,150663,0,2,0
43015,5,2,150666,150666,150668,0,2,3
43016,4,2,150670,150670,150672,0,2,2
43017,4,3,150674,150674,150677,0,3,2
43018,2,1,150676,150677,150678,1,2,0
43019,6,1,150682,150682,150683,0,1,4
43020,4,1,150686,150686,150687,0,1,3
43021,6,3,150692,150692,150695,0,3,5
43022,6,1,150698,150698,150699,0,1,3
43023,1,1,150699,150699,150700,0,1,0
43024,6,1,150705,150705,150706,0,1,5
43025,1,1,150706,150706,150707,0,1,0
43026,2,3,150708,150708,150711,0,3,1
43027,5,3,150713,150713,150716,0,3,2
43028,1,1,150714,150716,150717,2,3,0
43029,5,3,150719,150719,150722,0,3,2
43030,3,3,150722,150722,150725,0,3,0
43031,6,3,150728,150728,150731,0,3,3
43032,5,3,150733,150733,150736,0,3,2
43033,2,3,150735,150736,150739,1,4,0
43034,5,1,150740,150740,150741,0,1,1
43035,4,3,150744,150744,150747,0,3,3
43036,5,3,150749,150749,150752,0,3,2
43037,2,1,150751,150752,150753,1,2,0
43038,2,1,150753,150753,150754,0,1,0
43039,3,3,150756,150756,150759,0,3,2
43040,3,1,150759,150759,150760,0,1,0
43041,5,1,150764,150764,150765,0,1,4
43042,1,2,150765,150765,150767,0,2,0
43043,5,2,150770,150770,150772,0,2,3
43044,4,3,150774,150774,150777,0,3,2
43045,4,1,150778,150778,150779,0,1,1
43046,3,2,150781,150781,150783,0,2,2
43047,2,1,150783,150783,150784,0,1,0
43048,3,1,150786,150786,150787,0,1,2
43049,5,3,150791,150791,150794,0,3,4
43050,1,1,150792,150794,150795,2,3,0
43051,4,1,150796,150796,150797,0,1,1
43052,2,3,150798,150798,150801,0,3,1
43053,2,3,150800,150801,150804,1,4,0
43054,1,1,150801,150804,150805,3,4,0
43055,4,1,150805,150805,150806,0,1,0
43056,5,3,150810,150810,150813,0,3,4
43057,4,3,150814,150814,150817,0,3,1
43058,4,2,150818,150818,150820,0,2,1
43059,5,2,150823,150823,150825,0,2,3
43060,1,1,150824,150825,150826,1,2,0
43061,1,2,150825,150826,150828,1,3,0
43062,6,2,150831,150831,150833,0,2,3
43063,5,1,150836,150836,150837,0,1,3
43064,5,2,150841,150841,150843,0,2,4
43065,1,3,150842,150843,150846,1,4,0
43066,6,3,150848,150848,150851,0,3,2
43067,3,2,150851,150851,150853,0,2,0
43068,3,2,150854,150854,150856,0,2,1
43069,6,2,150860,150860,150862,0,2,4
43070,6,1,150866,150866,150867,0,1,4
43071,6,2,150872,150872,150874,0,2,5
43072,6,2,150878,150878,150880,0,2,4
43073,2,1,150880,150880,150881,0,1,0
43074,6,3,150886,150886,150889,0,3,5
43075,4,1,150890,150890,150891,0,1,1
43076,2,3,150892,150892,150895,0,3,1
43077,1,3,150893,150895,150898,2,5,0
43078,5,2,150898,150898,150900,0,2,0
43079,3,3,150901,150901,150904,0,3,1
43080,2,2,150903,150904,150906,1,3,0
43081,1,3,150904,150906,150909,2,5,0
43082,4,1,150908,150909,150910,1,2,0
43083,3,3,150911,150911,150914,0,3,1
43084,6,1,150917,150917,150918,0,1,3
43085,3,2,150920,150920,150922,0,2,2
43086,5,2,150925,150925,150927,0,2,3
43087,6,2,150931,150931,150933,0,2,4
43088,2,2,150933,150933,150935,0,2,0
43089,1,2,150934,150935,150937,1,3,0
43090,2,2,150936,150937,150939,1,3,0
43091,2,3,150938,150939,150942,1,4,0
43092,2,3,150940,150942,150945,2,5,0
43093,3,2,150943,150945,150947,2,4,0
43094,3,2,150946,150947,150949,1,3,0
43095,6,3,150952,150952,150955,0,3,3
43096,4,2,150956,150956,150958,0,2,1
43097,3,3,150959,150959,150962,0,3,1
43098,1,2,150960,150962,150964,2,4,0
43099,4,3,150964,150964,150967,0,3,0
43100,1,2,150965,150967,150969,2,4,0
43101,1,1,150966,150969,150970,3,4,0
43102,6,3,150972,150972,150975,0,3,2
43103,6,2,150978,150978,150980,0,2,3
43104,3,1,150981,150981,150982,0,1,1
43105,5,1,150986,150986,150987,0,1,4
43106,1,3,150987,150987,150990,0,3,0
43107,6,2,150993,150993,150995,0,2,3
43108,1,3,150994,150995,150998,1,4,0
43109,1,3,150995,150998,151001,3,6,0
43110,4,1,150999,151001,151002,2,3,0
43111,2,3,151001,151002,151005,1,4,0
43112,1,2,151002,151005,151007,3,5,0
43113,2,1,151004,151007,151008,3,4,0
43114,3,1,151007,151008,151009,1,2,0
43115,4,2,151011,151011,151013,0,2,2
43116,6,2,151017,151017,151019,0,2,4
43117,5,3,151022,151022,151025,0,3,3
43118,3,3,151025,151025,151028,0,3,0
43119,1,3,151026,151028,151031,2,5,0
43120,2,2,151028,151031,151033,3,5,0
43121,3,1,151031,151033,151034,2,3,0
43122,5,1,151036,151036,151037,0,1,2
43123,1,1,151037,151037,151038,0,1,0
43124,5,2,151042,151042,151044,0,2,4
43125,5,1,151047,151047,151048,0,1,3
43126,2,3,151049,151049,151052,0,3,1
43127,3,2,151052,151052,151054,0,2,0
43128,4,3,151056,151056,151059,0,3,2
43129,2,3,151058,151059,151062,1,4,0
43130,6,1,151064,151064,151065,0,1,2
43131,2,3,151066,151066,151069,0,3,1
43132,3,2,151069,151069,151071,0,2,0
43133,4,1,151073,151073,151074,0,1,2
43134,3,3,151076,151076,151079,0,3,2
43135,6,3,151082,151082,151085,0,3,3
43136,5,1,151087,151087,151088,0,1,2
43137,1,2,151088,151088,151090,0,2,0
43138,6,1,151094,151094,151095,0,1,4
43139,3,2,151097,151097,151099,0,2,2
43140,5,1,151102,151102,151103,0,1,3
43141,5,2,151107,151107,151109,0,2,4
43142,2,1,151109,151109,151110,0,1,0
43143,3,3,151112,151112,151115,0,3,2
43144,1,3,151113,151115,151118,2,5,0
43145,2,2,151115,151118,151120,3,5,0
43146,5,3,151120,151120,151123,0,3,0
43147,4,2,151124,151124,151126,0,2,1
43148,4,1,151128,151128,151129,0,1,2
43149,4,3,151132,151132,151135,0,3,3
43150,2,1,151134,151135,151136,1,2,0
43151,3,1,151137,151137,151138,0,1,1
43152,4,3,151141,151141,151144,0,3,3
43153,6,3,151147,151147,151150,0,3,3
43154,5,1,151152,151152,151153,0,1,2
43155,2,3,151154,151154,151157,0,3,1
43156,3,1,151157,151157,151158,0,1,0
43157,6,1,151163,151163,151164,0,1,5
43158,5,3,151168,151168,151171,0,3,4
43159,3,1,151171,151171,151172,0,1,0
43160,6,3,151177,151177,151180,0,3,5
43161,3,3,151180,151180,151183,0,3,0
43162,4,2,151184,151184,151186,0,2,1
43163,3,3,151187,151187,151190,0,3,1
43164,3,3,151190,151190,151193,0,3,0
43165,4,1,151194,151194,151195,0,1,1
43166,3,2,151197,151197,151199,0,2,2
43167,1,2,151198,151199,151201,1,3,0
43168,3,3,151201,151201,151204,0,3,0
43169,4,1,151205,151205,151206,0,1,1
43170,4,1,151209,151209,151210,0,1,3
43171,6,3,151215,151215,151218,0,3,5
43172,3,3,151218,151218,151221,0,3,0
43173,2,3,151220,151221,151224,1,4,0
43174,2,3,151222,151224,151227,2,5,0
43175,2,3,151224,151227,151230,3,6,0
43176,5,1,151229,151230,151231,1,2,0
43177,3,1,151232,151232,151233,0,1,1
43178,2,2,151234,151234,151236,0,2,1
43179,2,1,151236,151236,151237,0,1,0
43180,5,3,151241,151241,151244,0,3,4
43181,1,3,151242,151244,151247,2,5,0
43182,3,3,151245,151247,151250,2,5,0
43183,6,1,151251,151251,151252,0,1,1
43184,1,1,151252,151252,151253,0,1,0
43185,4,1,151256,151256,151257,0,1,3
43186,3,3,151259,151259,151262,0,3,2
43187,5,3,151264,151264,151267,0,3,2
43188,3,2,151267,151267,151269,0,2,0
43189,2,1,151269,151269,151270,0,1,0
43190,2,1,151271,151271,151272,0,1,1
43191,2,3,151273,151273,151276,0,3,1
43192,3,3,151276,151276,151279,0,3,0
43193,4,2,151280,151280,151282,0,2,1
43194,2,1,151282,151282,151283,0,1,0
43195,3,1,151285,151285,151286,0,1,2
43196,2,2,151287,151287,151289,0,2,1
43197,3,1,151290,151290,151291,0,1,1
43198,6,1,151296,151296,151297,0,1,5
43199,6,1,151302,151302,151303,0,1,5
43200,3,1,151305,151305,151306,0,1,2
43201,3,3,151308,151308,151311,0,3,2
43202,3,2,151311,151311,151313,0,2,0
43203,1,1,151312,151313,151314,1,2,0
43204,3,3,151315,151315,151318,0,3,1
43205,6,3,151321,151321,151324,0,3,3
43206,5,3,151326,151326,151329,0,3,2
43207,3,2,151329,151329,151331,0,2,0
43208,6,3,151335,151335,151338,0,3,4
43209,2,2,151337,151338,151340,1,3,0
43210,4,3,151341,151341,151344,0,3,1
43211,4,1,151345,151345,151346,0,1,1
43212,1,2,151346,151346,151348,0,2,0
43213,3,3,151349,151349,151352,0,3,1
43214,6,1,151355,151355,151356,0,1,3
43215,3,3,151358,151358,151361,0,3,2
43216,6,3,151364,151364,151367,0,3,3
43217,1,3,151365,151367,151370,2,5,0
43218,4,2,151369,151370,151372,1,3,0
43219,1,1,151370,151372,151373,2,3,0
43220,1,3,151371,151373,151376,2,5,0
43221,2,1,151373,151376,151377,3,4,0
43222,3,1,151376,151377,151378,1,2,0
43223,1,3,151377,151378,151381,1,4,0
43224,5,2,151382,151382,151384,0,2,1
43225,5,1,151387,151387,151388,0,1,3
43226,2,2,151389,151389,151391,0,2,1
43227,4,2,151393,151393,151395,0,2,2
43228,6,3,151399,151399,151402,0,3,4
43229,4,3,151403,151403,151406,0,3,1
43230,1,1,151404,151406,151407,2,3,0
43231,2,3,151406,151407,151410,1,4,0
43232,4,2,151410,151410,151412,0,2,0
43233,1,3,151411,151412,151415,1,4,0
43234,2,1,151413,151415,151416,2,3,0
43235,6,3,151419,151419,151422,0,3,3
43236,4,1,151423,151423,151424,0,1,1
43237,1,1,151424,151424,151425,0,1,0
43238,6,3,151430,151430,151433,0,3,5
43239,4,1,151434,151434,151435,0,1,1
43240,4,2,151438,151438,151440,0,2,3
43241,6,1,151444,151444,151445,0,1,4
43242,6,3,151450,151450,151453,0,3,5
43243,3,1,151453,151453,151454,0,1,0
43244,4,1,151457,151457,151458,0,1,3
43245,1,1,151458,151458,151459,0,1,0
43246,6,1,151464,151464,151465,0,1,5
43247,5,1,151469,151469,151470,0,1,4
43248,4,3,151473,151473,151476,0,3,3
43249,2,3,151475,151476,151479,1,4,0
43250,1,3,151476,151479,151482,3,6,0
43251,2,1,151478,151482,151483,4,5,0
43252,2,2,151480,151483,151485,3,5,0
43253,5,2,151485,151485,151487,0,2,0
43254,3,1,151488,151488,151489,0,1,1
43255,3,1,151491,151491,151492,0,1,2
43256,2,3,151493,151493,151496,0,3,1
43257,3,2,151496,151496,151498,0,2,0
43258,2,2,151498,151498,151500,0,2,0
43259,5,2,151503,151503,151505,0,2,3
43260,4,3,151507,151507,151510,0,3,2
43261,5,3,151512,151512,151515,0,3,2
43262,1,2,151513,151515,151517,2,4,0
43263,5,2,151518,151518,151520,0,2,1
43264,6,2,151524,151524,151526,0,2,4
43265,3,1,151527,151527,151528,0,1,1
43266,3,3,151530,151530,151533,0,3,2
43267,6,3,151536,151536,151539,0,3,3
43268,2,2,151538,151539,151541,1,3,0
43269,2,3,151540,151541,151544,1,4,0
43270,2,2,151542,151544,151546,2,4,0
43271,6,2,151548,151548,151550,0,2,2
43272,4,1,151552,151552,151553,0,1,2
43273,3,3,151555,151555,151558,0,3,2
43274,2,1,151557,151558,151559,1,2,0
43275,1,2,151558,151559,151561,1,3,0
43276,1,2,151559,151561,151563,2,4,0
43277,3,3,151562,151563,151566,1,4,0
43278,1,1,151563,151566,151567,3,4,0
43279,2,3,151565,151567,151570,2,5,0
43280,2,2,151567,151570,151572,3,5,0
43281,2,1,151569,151572,151573,3,4,0
43282,2,1,151571,151573,151574,2,3,0
43283,6,3,151577,151577,151580,0,3,3
43284,6,1,151583,151583,151584,0,1,3
43285,2,2,151585,151585,151587,0,2,1
43286,6,1,151591,151591,151592,0,1,4
43287,1,1,151592,151592,151593,0,1,0
43288,1,2,151593,151593,151595,0,2,0
43289,5,3,151598,151598,151601,0,3,3
43290,1,3,151599,151601,151604,2,5,0
43291,2,2,151601,151604,151606,3,5,0
43292,4,2,151605,151606,151608,1,3,0
43293,1,2,151606,151608,151610,2,4,0
43294,4,2,151610,151610,151612,0,2,0
43295,5,1,151615,151615,151616,0,1,3
43296,6,3,151621,151621,151624,0,3,5
43297,6,3,151627,151627,151630,0,3,3
43298,1,1,151628,151630,151631,2,3,0
43299,2,3,151630,151631,151634,1,4,0
43300,2,3,151632,151634,151637,2,5,0
43301,3,1,151635,151637,151638,2,3,0
43302,1,3,151636,151638,151641,2,5,0
43303,3,3,151639,151641,151644,2,5,0
43304,4,3,151643,151644,151647,1,4,0
43305,4,3,151647,151647,151650,0,3,0
43306,1,2,151648,151650,151652,2,4,0
43307,6,3,151654,151654,151657,0,3,2
43308,3,3,151657,151657,151660,0,3,0
43309,4,2,151661,151661,151663,0,2,1
43310,6,3,151667,151667,151670,0,3,4
43311,5,3,151672,151672,151675,0,3,2
43312,4,3,151676,151676,151679,0,3,1
43313,3,1,151679,151679,151680,0,1,0
43314,4,1,151683,151683,151684,0,1,3
43315,2,2,151685,151685,151687,0,2,1
43316,2,1,151687,151687,151688,0,1,0
43317,4,2,151691,151691,151693,0,2,3
43318,3,3,151694,151694,151697,0,3,1
43319,1,1,151695,151697,151698,2,3,0
43320,5,2,151700,151700,151702,0,2,2
43321,5,1,151705,151705,151706,0,1,3
43322,1,1,151706,151706,151707,0,1,0
43323,1,1,151707,151707,151708,0,1,0
43324,2,3,151709,151709,151712,0,3,1
43325,5,2,151714,151714,151716,0,2,2
43326,1,3,151715,151716,151719,1,4,0
43327,4,2,151719,151719,151721,0,2,0
43328,3,3,151722,151722,151725,0,3,1
43329,5,3,151727,151727,151730,0,3,2
43330,3,2,151730,151730,151732,0,2,0
43331,6,1,151736,151736,151737,0,1,4
43332,3,2,151739,151739,151741,0,2,2
43333,3,1,151742,151742,151743,0,1,1
43334,2,1,151744,151744,151745,0,1,1
43335,3,3,151747,151747,151750,0,3,2
43336,5,2,151752,151752,151754,0,2,2
43337,5,2,151757,151757,151759,0,2,3
43338,4,3,151761,151761,151764,0,3,2
43339,4,2,151765,151765,151767,0,2,1
43340,3,2,151768,151768,151770,0,2,1
43341,3,1,151771,151771,151772,0,1,1
43342,1,1,151772,151772,151773,0,1,0
43343,4,3,151776,151776,151779,0,3,3
43344,6,3,151782,151782,151785,0,3,3
43345,2,3,151784,151785,151788,1,4,0
43346,4,3,151788,151788,151791,0,3,0
43347,2,2,151790,151791,151793,1,3,0
43348,6,2,151796,151796,151798,0,2,3
43349,2,3,151798,151798,151801,0,3,0
43350,2,3,151800,151801,151804,1,4,0
43351,5,2,151805,151805,151807,0,2,1
43352,6,2,151811,151811,151813,0,2,4
43353,6,1,151817,151817,151818,0,1,4
43354,1,1,151818,151818,151819,0,1,0
43355,6,3,151824,151824,151827,0,3,5
43356,5,2,151829,151829,151831,0,2,2
43357,3,2,151832,151832,151834,0,2,1
43358,6,1,151838,151838,151839,0,1,4
43359,4,3,151842,151842,151845,0,3,3
43360,3,1,151845,151845,151846,0,1,0
43361,4,2,151849,151849,151851,0,2,3
43362,1,2,151850,151851,151853,1,3,0
43363,3,2,151853,151853,151855,0,2,0
43364,2,1,151855,151855,151856,0,1,0
43365,5,1,151860,151860,151861,0,1,4
43366,3,3,151863,151863,151866,0,3,2
43367,5,2,151868,151868,151870,0,2,2
43368,1,2,151869,151870,151872,1,3,0
43369,3,2,151872,151872,151874,0,2,0
43370,4,1,151876,151876,151877,0,1,2
43371,3,3,151879,151879,151882,0,3,2
43372,2,2,151881,151882,151884,1,3,0
43373,4,1,151885,151885,151886,0,1,1
43374,2,3,151887,151887,151890,0,3,1
43375,2,3,151889,151890,151893,1,4,0
43376,1,1,151890,151893,151894,3,4,0
43377,6,1,151896,151896,151897,0,1,2
43378,6,2,151902,151902,151904,0,2,5
43379,5,3,151907,151907,151910,0,3,3
43380,4,2,151911,151911,151913,0,2,1
43381,4,1,151915,151915,151916,0,1,2
43382,4,2,151919,151919,151921,0,2,3
43383,5,1,151924,151924,151925,0,1,3
43384,2,2,151926,151926,151928,0,2,1
43385,1,2,151927,151928,151930,1,3,0
43386,3,1,151930,151930,151931,0,1,0
43387,1,3,151931,151931,151934,0,3,0
43388,4,3,151935,151935,151938,0,3,1
43389,2,1,151937,151938,151939,1,2,0
43390,1,3,151938,151939,151942,1,4,0
43391,4,2,151942,151942,151944,0,2,0
43392,5,2,151947,151947,151949,0,2,3
43393,2,3,151949,151949,151952,0,3,0
43394,5,3,151954,151954,151957,0,3,2
43395,5,2,151959,151959,151961,0,2,2
43396,1,1,151960,151961,151962,1,2,0
43397,5,3,151965,151965,151968,0,3,3
43398,4,3,151969,151969,151972,0,3,1
43399,6,2,151975,151975,151977,0,2,3
43400,6,2,151981,151981,151983,0,2,4
43401,4,3,151985,151985,151988,0,3,2
43402,2,1,151987,151988,151989,1,2,0
43403,1,2,151988,151989,151991,1,3,0
43404,5,2,151993,151993,151995,0,2,2
43405,1,1,151994,151995,151996,1,2,0
43406,4,3,151998,151998,152001,0,3,2
43407,1,1,151999,152001,152002,2,3,0
43408,3,3,152002,152002,152005,0,3,0
43409,2,2,152004,152005,152007,1,3,0
43410,6,1,152010,152010,152011,0,1,3
43411,3,1,152013,152013,152014,0,1,2
43412,2,2,152015,152015,152017,0,2,1
43413,4,3,152019,152019,152022,0,3,2
43414,6,1,152025,152025,152026,0,1,3
43415,3,1,152028,152028,152029,0,1,2
43416,2,1,152030,152030,152031,0,1,1
43417,4,1,152034,152034,152035,0,1,3
43418,1,2,152035,152035,152037,0,2,0
43419,3,3,152038,152038,152041,0,3,1
43420,1,2,152039,152041,152043,2,4,0
43421,3,2,152042,152043,152045,1,3,0
43422,2,2,152044,152045,152047,1,3,0
43423,6,3,152050,152050,152053,0,3,3
43424,1,3,152051,152053,152056,2,5,0
43425,6,1,152057,152057,152058,0,1,1
43426,2,2,152059,152059,152061,0,2,1
43427,3,3,152062,152062,152065,0,3,1
43428,6,1,152068,152068,152069,0,1,3
43429,3,1,152071,152071,152072,0,1,2
43430,5,3,152076,152076,152079,0,3,4
43431,4,1,152080,152080,152081,0,1,1
43432,3,1,152083,152083,152084,0,1,2
43433,4,2,152087,152087,152089,0,2,3
43434,3,1,152090,152090,152091,0,1,1
43435,5,2,152095,152095,152097,0,2,4
43436,2,1,152097,152097,152098,0,1,0
43437,1,3,152098,152098,152101,0,3,0
43438,1,1,152099,152101,152102,2,3,0
43439,4,2,152103,152103,152105,0,2,1
43440,1,1,152104,152105,152106,1,2,0
43441,5,2,152109,152109,152111,0,2,3
43442,5,1,152114,152114,152115,0,1,3
43443,6,3,152120,152120,152123,0,3,5
43444,2,3,152122,152123,152126,1,4,0
43445,2,1,152124,152126,152127,2,3,0
43446,2,2,152126,152127,152129,1,3,0
43447,1,3,152127,152129,152132,2,5,0
43448,5,3,152132,152132,152135,0,3,0
43449,6,1,152138,152138,152139,0,1,3
43450,3,3,152141,152141,152144,0,3,2
43451,2,1,152143,152144,152145,1,2,0
43452,1,1,152144,152145,152146,1,2,0
43453,3,1,152147,152147,152148,0,1,1
43454,6,2,152153,152153,152155,0,2,5
43455,4,2,152157,152157,152159,0,2,2
43456,3,1,152160,152160,152161,0,1,1
43457,5,3,152165,152165,152168,0,3,4
43458,6,3,152171,152171,152174,0,3,3
43459,6,1,152177,152177,152178,0,1,3
43460,6,3,152183,152183,152186,0,3,5
43461,6,3,152189,152189,152192,0,3,3
43462,4,3,152193,152193,152196,0,3,1
43463,6,1,152199,152199,152200,0,1,3
43464,4,3,152203,152203,152206,0,3,3
43465,3,3,152206,152206,152209,0,3,0
43466,1,1,152207,152209,152210,2,3,0
43467,6,1,152213,152213,152214,0,1,3
43468,1,2,152214,152214,152216,0,2,0
43469,3,2,152217,152217,152219,0,2,1
43470,2,1,152219,152219,152220,0,1,0
43471,3,3,152222,152222,152225,0,3,2
43472,1,2,152223,152225,152227,2,4,0
43473,6,1,152229,152229,152230,0,1,2
43474,4,3,152233,152233,152236,0,3,3
43475,1,3,152234,152236,152239,2,5,0
43476,3,1,152237,152239,152240,2,3,0
43477,2,2,152239,152240,152242,1,3,0
43478,4,3,152243,152243,152246,0,3,1
43479,6,3,152249,152249,152252,0,3,3
43480,5,3,152254,152254,152257,0,3,2
43481,4,3,152258,152258,152261,0,3,1
43482,4,1,152262,152262,152263,0,1,1
43483,4,3,152266,152266,152269,0,3,3
43484,3,3,152269,152269,152272,0,3,0
43485,3,2,152272,152272,152274,0,2,0
43486,5,3,152277,152277,152280,0,3,3
43487,6,1,152283,152283,152284,0,1,3
43488,5,2,152288,152288,152290,0,2,4
43489,1,3,152289,152290,152293,1,4,0
43490,3,3,152292,152293,152296,1,4,0
43491,1,2,152293,152296,152298,3,5,0
43492,3,3,152296,152298,152301,2,5,0
43493,4,1,152300,152301,152302,1,2,0
43494,4,2,152304,152304,152306,0,2,2
43495,3,1,152307,152307,152308,0,1,1
43496,1,2,152308,152308,152310,0,2,0
43497,5,3,152313,152313,152316,0,3,3
43498,4,2,152317,152317,152319,0,2,1
43499,4,3,152321,152321,152324,0,3,2
43500,4,3,152325,152325,152328,0,3,1
43501,6,2,152331,152331,152333,0,2,3
43502,3,1,152334,152334,152335,0,1,1
43503,3,2,152337,152337,152339,0,2,2
43504,6,1,152343,152343,152344,0,1,4
43505,6,3,152349,152349,152352,0,3,5
43506,6,2,152355,152355,152357,0,2,3
43507,1,2,152356,152357,152359,1,3,0
43508,5,2,152361,152361,152363,0,2,2
43509,5,2,152366,152366,152368,0,2,3
43510,4,1,152370,152370,152371,0,1,2
43511,2,2,152372,152372,152374,0,2,1
43512,5,2,152377,152377,152379,0,2,3
43513,4,2,152381,152381,152383,0,2,2
43514,3,1,152384,152384,152385,0,1,1
43515,5,2,152389,152389,152391,0,2,4
43516,3,1,152392,152392,152393,0,1,1
43517,6,3,152398,152398,152401,0,3,5
43518,3,2,152401,152401,152403,0,2,0
43519,2,3,152403,152403,152406,0,3,0
43520,3,3,152406,152406,152409,0,3,0
43521,1,3,152407,152409,152412,2,5,0
43522,1,2,152408,152412,152414,4,6,0
43523,6,2,152414,152414,152416,0,2,0
43524,5,2,152419,152419,152421,0,2,3
43525,3,3,152422,152422,152425,0,3,1
43526,5,3,152427,152427,152430,0,3,2
43527,3,1,152430,152430,152431,0,1,0
43528,6,3,152436,152436,152439,0,3,5
43529,3,2,152439,152439,152441,0,2,0
43530,4,2,152443,152443,152445,0,2,2
43531,5,3,152448,152448,152451,0,3,3
43532,2,2,152450,152451,152453,1,3,0
43533,5,1,152455,152455,152456,0,1,2
43534,2,3,152457,152457,152460,0,3,1
43535,4,1,152461,152461,152462,0,1,1
43536,1,3,152462,152462,152465,0,3,0
43537,5,1,152467,152467,152468,0,1,2
43538,6,2,152473,152473,152475,0,2,5
43539,1,2,152474,152475,152477,1,3,0
43540,2,3,152476,152477,152480,1,4,0
43541,4,2,152480,152480,152482,0,2,0
43542,4,1,152484,152484,152485,0,1,2
43543,1,1,152485,152485,152486,0,1,0
43544,2,1,152487,152487,152488,0,1,1
43545,1,3,152488,152488,152491,0,3,0
43546,4,3,152492,152492,152495,0,3,1
43547,3,1,152495,152495,152496,0,1,0
43548,6,1,152501,152501,152502,0,1,5
43549,5,3,152506,152506,152509,0,3,4
43550,3,2,152509,152509,152511,0,2,0
43551,2,1,152511,152511,152512,0,1,0
43552,2,3,152513,152513,152516,0,3,1
43553,1,1,152514,152516,152517,2,3,0
43554,3,2,152517,152517,152519,0,2,0
43555,6,2,152523,152523,152525,0,2,4
43556,4,2,152527,152527,152529,0,2,2
43557,4,3,152531,152531,152534,0,3,2
43558,2,1,152533,152534,152535,1,2,0
43559,5,3,152538,152538,152541,0,3,3
43560,4,3,152542,152542,152545,0,3,1
43561,1,2,152543,152545,152547,2,4,0
43562,2,2,152545,152547,152549,2,4,0
43563,1,2,152546,152549,152551,3,5,0
43564,6,3,152552,152552,152555,0,3,1
43565,4,3,152556,152556,152559,0,3,1
43566,3,3,152559,152559,152562,0,3,0
43567,1,1,152560,152562,152563,2,3,0
43568,3,1,152563,152563,152564,0,1,0
43569,1,3,152564,152564,152567,0,3,0
43570,4,2,152568,152568,152570,0,2,1
43571,5,2,152573,152573,152575,0,2,3
43572,1,1,152574,152575,152576,1,2,0
43573,5,2,152579,152579,152581,0,2,3
43574,6,1,152585,152585,152586,0,1,4
43575,3,1,152588,152588,152589,0,1,2
43576,4,3,152592,152592,152595,0,3,3
43577,1,3,152593,152595,152598,2,5,0
43578,2,3,152595,152598,152601,3,6,0
43579,2,3,152597,152601,152604,4,7,0
43580,2,3,152599,152604,152607,5,8,0
43581,2,3,152601,152607,152610,6,9,0
43582,1,3,152602,152610,152613,8,11,0
43583,2,3,152604,152613,152616,9,12,0
43584,3,2,152607,152616,152618,9,11,0
43585,1,2,152608,152618,152620,10,12,0
43586,5,3,152613,152620,152623,7,10,0
43587,5,1,152618,152623,152624,5,6,0
43588,6,2,152624,152624,152626,0,2,0
43589,4,2,152628,152628,152630,0,2,2
43590,1,3,152629,152630,152633,1,4,0
43591,5,2,152634,152634,152636,0,2,1
43592,4,1,152638,152638,152639,0,1,2
43593,5,1,152643,152643,152644,0,1,4
43594,1,1,152644,152644,152645,0,1,0
43595,2,3,152646,152646,152649,0,3,1
43596,5,2,152651,152651,152653,0,2,2
43597,3,2,152654,152654,152656,0,2,1
43598,3,2,152657,152657,152659,0,2,1
43599,6,3,152663,152663,152666,0,3,4
43600,6,2,152669,152669,152671,0,2,3
43601,1,2,152670,152671,152673,1,3,0
43602,3,1,152673,152673,152674,0,1,0
43603,2,2,152675,152675,152677,0,2,1
43604,3,1,152678,152678,152679,0,1,1
43605,4,1,152682,152682,152683,0,1,3
43606,3,3,152685,152685,152688,0,3,2
43607,2,2,152687,152688,152690,1,3,0
43608,3,1,152690,152690,152691,0,1,0
43609,5,3,152695,152695,152698,0,3,4
43610,1,2,152696,152698,152700,2,4,0
43611,6,3,152702,152702,152705,0,3,2
43612,3,2,152705,152705,152707,0,2,0
43613,3,2,152708,152708,152710,0,2,1
43614,2,1,152710,152710,152711,0,1,0
43615,4,3,152714,152714,152717,0,3,3
43616,1,1,152715,152717,152718,2,3,0
43617,3,1,152718,152718,152719,0,1,0
43618,3,3,152721,152721,152724,0,3,2
43619,2,3,152723,152724,152727,1,4,0
43620,6,3,152729,152729,152732,0,3,2
43621,1,1,152730,152732,152733,2,3,0
43622,6,1,152736,152736,152737,0,1,3
43623,1,1,152737,152737,152738,0,1,0
43624,3,3,152740,152740,152743,0,3,2
43625,3,3,152743,152743,152746,0,3,0
43626,2,3,152745,152746,152749,1,4,0
43627,3,3,152748,152749,152752,1,4,0
43628,3,2,152751,152752,152754,1,3,0
43629,5,1,152756,152756,152757,0,1,2
43630,3,2,152759,152759,152761,0,2,2
43631,6,2,152765,152765,152767,0,2,4
43632,6,3,152771,152771,152774,0,3,4
43633,3,3,152774,152774,152777,0,3,0
43634,3,1,152777,152777,152778,0,1,0
43635,1,1,152778,152778,152779,0,1,0
43636,4,3,152782,152782,152785,0,3,3
43637,4,1,152786,152786,152787,0,1,1
43638,2,2,152788,152788,152790,0,2,1
43639,3,2,152791,152791,152793,0,2,1
43640,2,3,152793,152793,152796,0,3,0
43641,6,1,152799,152799,152800,0,1,3
43642,6,3,152805,152805,152808,0,3,5
43643,5,2,152810,152810,152812,0,2,2
43644,2,3,152812,152812,152815,0,3,0
43645,6,1,152818,152818,152819,0,1,3
43646,5,1,152823,152823,152824,0,1,4
43647,6,2,152829,152829,152831,0,2,5
43648,3,2,152832,152832,152834,0,2,1
43649,2,2,152834,152834,152836,0,2,0
43650,4,2,152838,152838,152840,0,2,2
43651,6,3,152844,152844,152847,0,3,4
43652,5,2,152849,152849,152851,0,2,2
43653,2,2,152851,152851,152853,0,2,0
43654,3,2,152854,152854,152856,0,2,1
43655,1,3,152855,152856,152859,1,4,0
43656,5,2,152860,152860,152862,0,2,1
43657,4,1,152864,152864,152865,0,1,2
43658,6,1,152870,152870,152871,0,1,5
43659,5,3,152875,152875,152878,0,3,4
43660,3,2,152878,152878,152880,0,2,0
43661,5,2,152883,152883,152885,0,2,3
43662,6,1,152889,152889,152890,0,1,4
43663,1,1,152890,152890,152891,0,1,0
43664,1,3,152891,152891,152894,0,3,0
43665,2,2,152893,152894,152896,1,3,0
43666,5,1,152898,152898,152899,0,1,2
43667,5,1,152903,152903,152904,0,1,4
43668,1,1,152904,152904,152905,0,1,0
43669,2,3,152906,152906,152909,0,3,1
43670,2,1,152908,152909,152910,1,2,0
43671,4,3,152912,152912,152915,0,3,2
43672,4,3,152916,152916,152919,0,3,1
43673,4,2,152920,152920,152922,0,2,1
43674,3,1,152923,152923,152924,0,1,1
43675,1,3,152924,152924,152927,0,3,0
43676,2,3,152926,152927,152930,1,4,0
43677,4,2,152930,152930,152932,0,2,0
43678,6,3,152936,152936,152939,0,3,4
43679,6,3,152942,152942,152945,0,3,3
43680,3,1,152945,152945,152946,0,1,0
43681,2,2,152947,152947,152949,0,2,1
43682,4,2,152951,152951,152953,0,2,2
43683,2,2,152953,152953,152955,0,2,0
43684,1,3,152954,152955,152958,1,4,0
43685,2,2,152956,152958,152960,2,4,0
43686,5,3,152961,152961,152964,0,3,1
43687,6,3,152967,152967,152970,0,3,3
43688,3,3,152970,152970,152973,0,3,0
43689,4,3,152974,152974,152977,0,3,1
43690,2,2,152976,152977,152979,1,3,0
43691,6,1,152982,152982,152983,0,1,3
43692,4,3,152986,152986,152989,0,3,3
43693,3,2,152989,152989,152991,0,2,0
43694,5,1,152994,152994,152995,0,1,3
43695,4,3,152998,152998,153001,0,3,3
43696,1,3,152999,153001,153004,2,5,0
43697,2,3,153001,153004,153007,3,6,0
43698,6,1,153007,153007,153008,0,1,0
43699,2,1,153009,153009,153010,0,1,1
43700,2,2,153011,153011,153013,0,2,1
43701,2,3,153013,153013,153016,0,3,0
43702,1,3,153014,153016,153019,2,5,0
43703,2,3,153016,153019,153022,3,6,0
43704,2,3,153018,153022,153025,4,7,0
43705,6,3,153024,153025,153028,1,4,0
43706,5,3,153029,153029,153032,0,3,1
43707,3,1,153032,153032,153033,0,1,0
43708,2,2,153034,153034,153036,0,2,1
43709,1,2,153035,153036,153038,1,3,0
43710,3,3,153038,153038,153041,0,3,0
43711,4,3,153042,153042,153045,0,3,1
43712,1,3,153043,153045,153048,2,5,0
43713,3,1,153046,153048,153049,2,3,0
43714,2,3,153048,153049,153052,1,4,0
43715,3,1,153051,153052,153053,1,2,0
43716,3,2,153054,153054,153056,0,2,1
43717,5,1,153059,153059,153060,0,1,3
43718,3,2,153062,153062,153064,0,2,2
43719,6,3,153068,153068,153071,0,3,4
43720,2,3,153070,153071,153074,1,4,0
43721,1,2,153071,153074,153076,3,5,0
43722,5,3,153076,153076,153079,0,3,0
43723,5,2,153081,153081,153083,0,2,2
43724,2,2,153083,153083,153085,0,2,0
43725,1,2,153084,153085,153087,1,3,0
43726,3,1,153087,153087,153088,0,1,0
43727,5,2,153092,153092,153094,0,2,4
43728,2,2,153094,153094,153096,0,2,0
43729,6,2,153100,153100,153102,0,2,4
43730,5,2,153105,153105,153107,0,2,3
43731,3,1,153108,153108,153109,0,1,1
43732,3,3,153111,153111,153114,0,3,2
43733,3,2,153114,153114,153116,0,2,0
43734,5,1,153119,153119,153120,0,1,3
43735,5,2,153124,153124,153126,0,2,4
43736,1,2,153125,153126,153128,1,3,0
43737,4,2,153129,153129,153131,0,2,1
43738,6,2,153135,153135,153137,0,2,4
43739,2,2,153137,153137,153139,0,2,0
43740,5,2,153142,153142,153144,0,2,3
43741,1,1,153143,153144,153145,1,2,0
43742,5,2,153148,153148,153150,0,2,3
43743,5,2,153153,153153,153155,0,2,3
43744,1,2,153154,153155,153157,1,3,0
43745,6,2,153160,153160,153162,0,2,3
43746,5,2,153165,153165,153167,0,2,3
43747,6,1,153171,153171,153172,0,1,4
43748,5,2,153176,153176,153178,0,2,4
43749,6,1,153182,153182,153183,0,1,4
43750,6,1,153188,153188,153189,0,1,5
43751,4,2,153192,153192,153194,0,2,3
43752,2,1,153194,153194,153195,0,1,0
43753,6,3,153200,153200,153203,0,3,5
43754,5,2,153205,153205,153207,0,2,2
43755,3,2,153208,153208,153210,0,2,1
43756,5,2,153213,153213,153215,0,2,3
43757,3,1,153216,153216,153217,0,1,1
43758,2,1,153218,153218,153219,0,1,1
43759,4,3,153222,153222,153225,0,3,3
43760,3,1,153225,153225,153226,0,1,0
43761,4,2,153229,153229,153231,0,2,3
43762,4,2,153233,153233,153235,0,2,2
43763,5,1,153238,153238,153239,0,1,3
43764,3,3,153241,153241,153244,0,3,2
43765,3,1,153244,153244,153245,0,1,0
43766,6,3,153250,153250,153253,0,3,5
43767,3,2,153253,153253,153255,0,2,0
43768,4,2,153257,153257,153259,0,2,2
43769,5,2,153262,153262,153264,0,2,3
43770,3,3,153265,153265,153268,0,3,1
43771,3,3,153268,153268,153271,0,3,0
43772,4,1,153272,153272,153273,0,1,1
43773,4,2,153276,153276,153278,0,2,3
43774,3,1,153279,153279,153280,0,1,1
43775,4,3,153283,153283,153286,0,3,3
43776,5,2,153288,153288,153290,0,2,2
43777,3,1,153291,153291,153292,0,1,1
43778,5,1,153296,153296,153297,0,1,4
43779,4,2,153300,153300,153302,0,2,3
43780,6,2,153306,153306,153308,0,2,4
43781,5,2,153311,153311,153313,0,2,3
43782,1,2,153312,153313,153315,1,3,0
43783,6,3,153318,153318,153321,0,3,3
43784,4,3,153322,153322,153325,0,3,1
43785,1,2,153323,153325,153327,2,4,0
43786,1,2,153324,153327,153329,3,5,0
43787,3,2,153327,153329,153331,2,4,0
43788,2,1,153329,153331,153332,2,3,0
43789,6,1,153335,153335,153336,0,1,3
43790,1,1,153336,153336,153337,0,1,0
43791,3,1,153339,153339,153340,0,1,2
43792,6,3,153345,153345,153348,0,3,5
43793,6,2,153351,153351,153353,0,2,3
43794,3,2,153354,153354,153356,0,2,1
43795,6,3,153360,153360,153363,0,3,4
43796,3,2,153363,153363,153365,0,2,0
43797,1,2,153364,153365,153367,1,3,0
43798,3,1,153367,153367,153368,0,1,0
43799,1,1,153368,153368,153369,0,1,0
43800,6,3,153374,153374,153377,0,3,5
43801,2,2,153376,153377,153379,1,3,0
43802,5,1,153381,153381,153382,0,1,2
43803,1,2,153382,153382,153384,0,2,0
43804,1,2,153383,153384,153386,1,3,0
43805,3,3,153386,153386,153389,0,3,0
43806,1,1,153387,153389,153390,2,3,0
43807,4,2,153391,153391,153393,0,2,1
43808,5,3,153396,153396,153399,0,3,3
43809,5,1,153401,153401,153402,0,1,2
43810,2,2,153403,153403,153405,0,2,1
43811,3,3,153406,153406,153409,0,3,1
43812,2,2,153408,153409,153411,1,3,0
43813,3,3,153411,153411,153414,0,3,0
43814,6,1,153417,153417,153418,0,1,3
43815,1,1,153418,153418,153419,0,1,0
43816,1,3,153419,153419,153422,0,3,0
43817,4,1,153423,153423,153424,0,1,1
43818,2,1,153425,153425,153426,0,1,1
43819,1,3,153426,153426,153429,0,3,0
43820,2,3,153428,153429,153432,1,4,0
43821,3,2,153431,153432,153434,1,3,0
43822,1,2,153432,153434,153436,2,4,0
43823,3,1,153435,153436,153437,1,2,0
43824,2,1,153437,153437,153438,0,1,0
43825,6,3,153443,153443,153446,0,3,5
43826,2,2,153445,153446,153448,1,3,0
43827,4,1,153449,153449,153450,0,1,1
43828,6,1,153455,153455,153456,0,1,5
43829,1,1,153456,153456,153457,0,1,0
43830,4,3,153460,153460,153463,0,3,3
43831,3,2,153463,153463,153465,0,2,0
43832,5,2,153468,153468,153470,0,2,3
43833,5,3,153473,153473,153476,0,3,3
43834,5,3,153478,153478,153481,0,3,2
43835,6,2,153484,153484,153486,0,2,3
43836,5,3,153489,153489,153492,0,3,3
43837,3,1,153492,153492,153493,0,1,0
43838,6,2,153498,153498,153500,0,2,5
43839,1,1,153499,153500,153501,1,2,0
43840,4,3,153503,153503,153506,0,3,2
43841,4,2,153507,153507,153509,0,2,1
43842,4,3,153511,153511,153514,0,3,2
43843,6,2,153517,153517,153519,0,2,3
43844,1,1,153518,153519,153520,1,2,0
43845,2,3,153520,153520,153523,0,3,0
43846,4,2,153524,153524,153526,0,2,1
43847,6,3,153530,153530,153533,0,3,4
43848,2,2,153532,153533,153535,1,3,0
43849,1,1,153533,153535,153536,2,3,0
43850,6,2,153539,153539,153541,0,2,3
43851,5,1,153544,153544,153545,0,1,3
43852,1,2,153545,153545,153547,0,2,0
43853,6,3,153551,153551,153554,0,3,4
43854,4,1,153555,153555,153556,0,1,1
43855,3,1,153558,153558,153559,0,1,2
43856,4,1,153562,153562,153563,0,1,3
43857,1,2,153563,153563,153565,0,2,0
43858,4,3,153567,153567,153570,0,3,2
43859,1,1,153568,153570,153571,2,3,0
43860,1,3,153569,153571,153574,2,5,0
43861,1,1,153570,153574,153575,4,5,0
43862,1,3,153571,153575,153578,4,7,0
43863,5,1,153576,153578,153579,2,3,0
43864,5,2,153581,153581,153583,0,2,2
43865,1,1,153582,153583,153584,1,2,0
43866,1,2,153583,153584,153586,1,3,0
43867,3,1,153586,153586,153587,0,1,0
43868,5,3,153591,153591,153594,0,3,4
43869,4,2,153595,153595,153597,0,2,1
43870,5,2,153600,153600,153602,0,2,3
43871,6,2,153606,153606,153608,0,2,4
43872,4,1,153610,153610,153611,0,1,2
43873,6,3,153616,153616,153619,0,3,5
43874,3,2,153619,153619,153621,0,2,0
43875,3,1,153622,153622,153623,0,1,1
43876,2,2,153624,153624,153626,0,2,1
43877,5,3,153629,153629,153632,0,3,3
43878,3,1,153632,153632,153633,0,1,0
43879,6,3,153638,153638,153641,0,3,5
43880,3,2,153641,153641,153643,0,2,0
43881,3,3,153644,153644,153647,0,3,1
43882,6,1,153650,153650,153651,0,1,3
43883,1,3,153651,153651,153654,0,3,0
43884,1,3,153652,153654,153657,2,5,0
43885,6,3,153658,153658,153661,0,3,1
43886,5,1,153663,153663,153664,0,1,2
43887,2,3,153665,153665,153668,0,3,1
43888,4,1,153669,153669,153670,0,1,1
43889,5,2,153674,153674,153676,0,2,4
43890,5,1,153679,153679,153680,0,1,3
43891,2,1,153681,153681,153682,0,1,1
43892,6,3,153687,153687,153690,0,3,5
43893,5,1,153692,153692,153693,0,1,2
43894,6,1,153698,153698,153699,0,1,5
43895,2,1,153700,153700,153701,0,1,1
43896,2,3,153702,153702,153705,0,3,1
43897,1,1,153703,153705,153706,2,3,0
43898,3,1,153706,153706,153707,0,1,0
43899,3,2,153709,153709,153711,0,2,2
43900,6,3,153715,153715,153718,0,3,4
43901,2,2,153717,153718,153720,1,3,0
43902,4,3,153721,153721,153724,0,3,1
43903,5,3,153726,153726,153729,0,3,2
43904,2,1,153728,153729,153730,1,2,0
43905,5,3,153733,153733,153736,0,3,3
43906,1,1,153734,153736,153737,2,3,0
43907,2,2,153736,153737,153739,1,3,0
43908,4,1,153740,153740,153741,0,1,1
43909,2,2,153742,153742,153744,0,2,1
43910,5,1,153747,153747,153748,0,1,3
43911,2,2,153749,153749,153751,0,2,1
43912,6,2,153755,153755,153757,0,2,4
43913,5,1,153760,153760,153761,0,1,3
43914,5,2,153765,153765,153767,0,2,4
43915,6,1,153771,153771,153772,0,1,4
43916,5,1,153776,153776,153777,0,1,4
43917,1,3,153777,153777,153780,0,3,0
43918,6,3,153783,153783,153786,0,3,3
43919,6,1,153789,153789,153790,0,1,3
43920,2,3,153791,153791,153794,0,3,1
43921,3,2,153794,153794,153796,0,2,0
43922,2,1,153796,153796,153797,0,1,0
43923,3,2,153799,153799,153801,0,2,2
43924,3,2,153802,153802,153804,0,2,1
43925,2,1,153804,153804,153805,0,1,0
43926,5,1,153809,153809,153810,0,1,4
43927,3,1,153812,153812,153813,0,1,2
43928,6,1,153818,153818,153819,0,1,5
43929,5,1,153823,153823,153824,0,1,4
43930,4,3,153827,153827,153830,0,3,3
43931,6,2,153833,153833,153835,0,2,3
43932,1,1,153834,153835,153836,1,2,0
43933,3,2,153837,153837,153839,0,2,1
43934,5,3,153842,153842,153845,0,3,3
43935,2,3,153844,153845,153848,1,4,0
43936,5,1,153849,153849,153850,0,1,1
43937,4,2,153853,153853,153855,0,2,3
43938,6,3,153859,153859,153862,0,3,4
43939,1,1,153860,153862,153863,2,3,0
43940,2,2,153862,153863,153865,1,3,0
43941,6,3,153868,153868,153871,0,3,3
43942,5,1,153873,153873,153874,0,1,2
43943,5,1,153878,153878,153879,0,1,4
43944,4,1,153882,153882,153883,0,1,3
43945,4,3,153886,153886,153889,0,3,3
43946,4,3,153890,153890,153893,0,3,1
43947,1,2,153891,153893,153895,2,4,0
43948,2,3,153893,153895,153898,2,5,0
43949,5,1,153898,153898,153899,0,1,0
43950,3,2,153901,153901,153903,0,2,2
43951,4,3,153905,153905,153908,0,3,2
43952,2,1,153907,153908,153909,1,2,0
43953,3,1,153910,153910,153911,0,1,1
43954,4,1,153914,153914,153915,0,1,3
43955,4,3,153918,153918,153921,0,3,3
43956,6,1,153924,153924,153925,0,1,3
43957,6,2,153930,153930,153932,0,2,5
43958,5,2,153935,153935,153937,0,2,3
43959,6,2,153941,153941,153943,0,2,4
43960,5,2,153946,153946,153948,0,2,3
43961,4,3,153950,153950,153953,0,3,2
43962,5,2,153955,153955,153957,0,2,2
43963,6,3,153961,153961,153964,0,3,4
43964,3,1,153964,153964,153965,0,1,0
43965,2,1,153966,153966,153967,0,1,1
43966,1,2,153967,153967,153969,0,2,0
43967,3,2,153970,153970,153972,0,2,1
43968,4,3,153974,153974,153977,0,3,2
43969,5,3,153979,153979,153982,0,3,2
43970,4,1,153983,153983,153984,0,1,1
43971,1,1,153984,153984,153985,0,1,0
43972,5,3,153989,153989,153992,0,3,4
43973,4,2,153993,153993,153995,0,2,1
43974,6,3,153999,153999,154002,0,3,4
43975,3,3,154002,154002,154005,0,3,0
43976,6,3,154008,154008,154011,0,3,3
43977,5,1,154013,154013,154014,0,1,2
43978,3,2,154016,154016,154018,0,2,2
43979,4,3,154020,154020,154023,0,3,2
43980,4,2,154024,154024,154026,0,2,1
43981,1,3,154025,154026,154029,1,4,0
43982,6,2,154031,154031,154033,0,2,2
43983,6,3,154037,154037,154040,0,3,4
43984,1,1,154038,154040,154041,2,3,0
43985,6,1,154044,154044,154045,0,1,3
43986,6,1,154050,154050,154051,0,1,5
43987,1,3,154051,154051,154054,0,3,0
43988,3,3,154054,154054,154057,0,3,0
43989,4,1,154058,154058,154059,0,1,1
43990,6,2,154064,154064,154066,0,2,5
43991,6,3,154070,154070,154073,0,3,4
43992,3,2,154073,154073,154075,0,2,0
43993,6,1,154079,154079,154080,0,1,4
43994,4,3,154083,154083,154086,0,3,3
43995,2,1,154085,154086,154087,1,2,0
43996,5,2,154090,154090,154092,0,2,3
43997,5,3,154095,154095,154098,0,3,3
43998,4,1,154099,154099,154100,0,1,1
43999,6,2,154105,154105,154107,0,2,5
44000,6,2,154111,154111,154113,0,2,4
44001,5,2,154116,154116,154118,0,2,3
44002,2,3,154118,154118,154121,0,3,0
44003,1,3,154119,154121,154124,2,5,0
44004,3,3,154122,154124,154127,2,5,0
44005,1,3,154123,154127,154130,4,7,0
44006,1,3,154124,154130,154133,6,9,0
44007,6,2,154130,154133,154135,3,5,0
44008,2,1,154132,154135,154136,3,4,0
44009,6,2,154138,154138,154140,0,2,2
44010,2,2,154140,154140,154142,0,2,0
44011,4,3,154144,154144,154147,0,3,2
44012,3,2,154147,154147,154149,0,2,0
44013,5,2,154152,154152,154154,0,2,3
44014,4,3,154156,154156,154159,0,3,2
44015,4,3,154160,154160,154163,0,3,1
44016,4,2,154164,154164,154166,0,2,1
44017,6,3,154170,154170,154173,0,3,4
44018,3,3,154173,154173,154176,0,3,0
44019,2,3,154175,154176,154179,1,4,0
44020,3,2,154178,154179,154181,1,3,0
44021,4,3,154182,154182,154185,0,3,1
44022,2,1,154184,154185,154186,1,2,0
44023,6,1,154190,154190,154191,0,1,4
44024,1,3,154191,154191,154194,0,3,0
44025,1,3,154192,154194,154197,2,5,0
44026,5,3,154197,154197,154200,0,3,0
44027,1,1,154198,154200,154201,2,3,0
44028,2,3,154200,154201,154204,1,4,0
44029,5,1,154205,154205,154206,0,1,1
44030,1,3,154206,154206,154209,0,3,0
44031,2,3,154208,154209,154212,1,4,0
44032,6,3,154214,154214,154217,0,3,2
44033,5,3,154219,154219,154222,0,3,2
44034,6,3,154225,154225,154228,0,3,3
44035,1,2,154226,154228,154230,2,4,0
44036,6,2,154232,154232,154234,0,2,2
44037,6,2,154238,154238,154240,0,2,4
44038,1,3,154239,154240,154243,1,4,0
44039,4,2,154243,154243,154245,0,2,0
44040,1,1,154244,154245,154246,1,2,0
44041,2,2,154246,154246,154248,0,2,0
44042,5,3,154251,154251,154254,0,3,3
44043,5,1,154256,154256,154257,0,1,2
44044,1,2,154257,154257,154259,0,2,0
44045,3,1,154260,154260,154261,0,1,1
44046,6,2,154266,154266,154268,0,2,5
44047,2,3,154268,154268,154271,0,3,0
44048,5,2,154273,154273,154275,0,2,2
44049,1,2,154274,154275,154277,1,3,0
44050,5,3,154279,154279,154282,0,3,2
44051,4,3,154283,154283,154286,0,3,1
44052,3,3,154286,154286,154289,0,3,0
44053,3,3,154289,154289,154292,0,3,0
44054,6,1,154295,154295,154296,0,1,3
44055,6,1,154301,154301,154302,0,1,5
44056,3,3,154304,154304,154307,0,3,2
44057,5,1,154309,154309,154310,0,1,2
44058,6,3,154315,154315,154318,0,3,5
44059,1,2,154316,154318,154320,2,4,0
44060,6,3,154322,154322,154325,0,3,2
44061,2,2,154324,154325,154327,1,3,0
44062,2,2,154326,154327,154329,1,3,0
44063,3,3,154329,154329,154332,0,3,0
44064,4,1,154333,154333,154334,0,1,1
44065,6,1,154339,154339,154340,0,1,5
44066,1,3,154340,154340,154343,0,3,0
44067,5,1,154345,154345,154346,0,1,2
44068,5,1,154350,154350,154351,0,1,4
44069,2,2,154352,154352,154354,0,2,1
44070,4,3,154356,154356,154359,0,3,2
44071,4,1,154360,154360,154361,0,1,1
44072,2,3,154362,154362,154365,0,3,1
44073,6,2,154368,154368,154370,0,2,3
44074,4,1,154372,154372,154373,0,1,2
44075,3,3,154375,154375,154378,0,3,2
44076,2,1,154377,154378,154379,1,2,0
44077,4,3,154381,154381,154384,0,3,2
44078,6,1,154387,154387,154388,0,1,3
44079,4,2,154391,154391,154393,0,2,3
44080,3,2,154394,154394,154396,0,2,1
44081,4,1,154398,154398,154399,0,1,2
44082,2,3,154400,154400,154403,0,3,1
44083,3,2,154403,154403,154405,0,2,0
44084,1,1,154404,154405,154406,1,2,0
44085,2,3,154406,154406,154409,0,3,0
44086,6,3,154412,154412,154415,0,3,3
44087,3,1,154415,154415,154416,0,1,0
44088,6,2,154421,154421,154423,0,2,5
44089,6,3,154427,154427,154430,0,3,4
44090,3,3,154430,154430,154433,0,3,0
44091,6,1,154436,154436,154437,0,1,3
44092,2,3,154438,154438,154441,0,3,1
44093,1,1,154439,154441,154442,2,3,0
44094,5,2,154444,154444,154446,0,2,2
44095,5,2,154449,154449,154451,0,2,3
44096,6,2,154455,154455,154457,0,2,4
44097,5,3,154460,154460,154463,0,3,3
44098,4,2,154464,154464,154466,0,2,1
44099,1,2,154465,154466,154468,1,3,0
44100,6,2,154471,154471,154473,0,2,3
44101,6,3,154477,154477,154480,0,3,4
44102,4,3,154481,154481,154484,0,3,1
44103,6,1,154487,154487,154488,0,1,3
44104,4,2,154491,154491,154493,0,2,3
44105,3,2,154494,154494,154496,0,2,1
44106,6,3,154500,154500,154503,0,3,4
44107,2,2,154502,154503,154505,1,3,0
44108,2,1,154504,154505,154506,1,2,0
44109,5,2,154509,154509,154511,0,2,3
44110,5,3,154514,154514,154517,0,3,3
44111,4,1,154518,154518,154519,0,1,1
44112,6,2,154524,154524,154526,0,2,5
44113,6,2,154530,154530,154532,0,2,4
44114,3,3,154533,154533,154536,0,3,1
44115,1,3,154534,154536,154539,2,5,0
44116,4,1,154538,154539,154540,1,2,0
44117,4,2,154542,154542,154544,0,2,2
44118,2,2,154544,154544,154546,0,2,0
44119,4,1,154548,154548,154549,0,1,2
44120,5,2,154553,154553,154555,0,2,4
44121,1,2,154554,154555,154557,1,3,0
44122,5,1,154559,154559,154560,0,1,2
44123,4,2,154563,154563,154565,0,2,3
44124,1,1,154564,154565,154566,1,2,0
44125,3,1,154567,154567,154568,0,1,1
44126,2,2,154569,154569,154571,0,2,1
44127,2,2,154571,154571,154573,0,2,0
44128,1,1,154572,154573,154574,1,2,0
44129,3,1,154575,154575,154576,0,1,1
44130,2,3,154577,154577,154580,0,3,1
44131,4,3,154581,154581,154584,0,3,1
44132,6,3,154587,154587,154590,0,3,3
44133,4,2,154591,154591,154593,0,2,1
44134,3,1,154594,154594,154595,0,1,1
44135,3,2,154597,154597,154599,0,2,2
44136,2,1,154599,154599,154600,0,1,0
44137,1,2,154600,154600,154602,0,2,0
44138,5,2,154605,154605,154607,0,2,3
44139,4,1,154609,154609,154610,0,1,2
44140,5,2,154614,154614,154616,0,2,4
44141,2,2,154616,154616,154618,0,2,0
44142,3,3,154619,154619,154622,0,3,1
44143,6,3,154625,154625,154628,0,3,3
44144,5,2,154630,154630,154632,0,2,2
44145,5,1,154635,154635,154636,0,1,3
44146,5,3,154640,154640,154643,0,3,4
44147,6,3,154646,154646,154649,0,3,3
44148,6,1,154652,154652,154653,0,1,3
44149,3,1,154655,154655,154656,0,1,2
44150,1,1,154656,154656,154657,0,1,0
44151,3,1,154659,154659,154660,0,1,2
44152,3,3,154662,154662,154665,0,3,2
44153,2,3,154664,154665,154668,1,4,0
44154,5,3,154669,154669,154672,0,3,1
44155,5,2,154674,154674,154676,0,2,2
44156,6,2,154680,154680,154682,0,2,4
44157,1,1,154681,154682,154683,1,2,0
44158,1,2,154682,154683,154685,1,3,0
44159,1,2,154683,154685,154687,2,4,0
44160,2,2,154685,154687,154689,2,4,0
44161,2,3,154687,154689,154692,2,5,0
44162,1,1,154688,154692,154693,4,5,0
44163,1,2,154689,154693,154695,4,6,0
44164,6,3,154695,154695,154698,0,3,0
44165,6,3,154701,154701,154704,0,3,3
44166,1,1,154702,154704,154705,2,3,0
44167,4,2,154706,154706,154708,0,2,1
44168,1,1,154707,154708,154709,1,2,0
44169,1,3,154708,154709,154712,1,4,0
44170,1,1,154709,154712,154713,3,4,0
44171,6,2,154715,154715,154717,0,2,2
44172,5,1,154720,154720,154721,0,1,3
44173,3,1,154723,154723,154724,0,1,2
44174,3,2,154726,154726,154728,0,2,2
44175,1,2,154727,154728,154730,1,3,0
44176,2,3,154729,154730,154733,1,4,0
44177,5,1,154734,154734,154735,0,1,1
44178,2,1,154736,154736,154737,0,1,1
44179,3,2,154739,154739,154741,0,2,2
44180,6,1,154745,154745,154746,0,1,4
44181,5,2,154750,154750,154752,0,2,4
44182,5,1,154755,154755,154756,0,1,3
44183,5,1,154760,154760,154761,0,1,4
44184,5,3,154765,154765,154768,0,3,4
44185,5,1,154770,154770,154771,0,1,2
44186,2,3,154772,154772,154775,0,3,1
44187,2,3,154774,154775,154778,1,4,0
44188,4,3,154778,154778,154781,0,3,0
44189,6,2,154784,154784,154786,0,2,3
44190,1,1,154785,154786,154787,1,2,0
44191,1,3,154786,154787,154790,1,4,0
44192,6,3,154792,154792,154795,0,3,2
44193,6,2,154798,154798,154800,0,2,3
44194,6,2,154804,154804,154806,0,2,4
44195,6,2,154810,154810,154812,0,2,4
44196,4,3,154814,154814,154817,0,3,2
44197,1,3,154815,154817,154820,2,5,0
44198,5,3,154820,154820,154823,0,3,0
44199,2,3,154822,154823,154826,1,4,0
44200,1,3,154823,154826,154829,3,6,0
44201,1,2,154824,154829,154831,5,7,0
44202,6,2,154830,154831,154833,1,3,0
44203,4,3,154834,154834,154837,0,3,1
44204,4,2,154838,154838,154840,0,2,1
44205,1,1,154839,154840,154841,1,2,0
44206,5,1,154844,154844,154845,0,1,3
44207,3,1,154847,154847,154848,0,1,2
44208,4,1,154851,154851,154852,0,1,3
44209,3,1,154854,154854,154855,0,1,2
44210,4,2,154858,154858,154860,0,2,3
44211,4,3,154862,154862,154865,0,3,2
44212,5,3,154867,154867,154870,0,3,2
44213,1,1,154868,154870,154871,2,3,0
44214,5,2,154873,154873,154875,0,2,2
44215,5,1,154878,154878,154879,0,1,3
44216,1,1,154879,154879,154880,0,1,0
44217,4,3,154883,154883,154886,0,3,3
44218,6,2,154889,154889,154891,0,2,3
44219,1,1,154890,154891,154892,1,2,0
44220,2,1,154892,154892,154893,0,1,0
44221,1,3,154893,154893,154896,0,3,0
44222,3,2,154896,154896,154898,0,2,0
44223,6,2,154902,154902,154904,0,2,4
44224,5,1,154907,154907,154908,0,1,3
44225,1,3,154908,154908,154911,0,3,0
44226,6,2,154914,154914,154916,0,2,3
44227,2,1,154916,154916,154917,0,1,0
44228,6,2,154922,154922,154924,0,2,5
44229,1,1,154923,154924,154925,1,2,0
44230,5,3,154928,154928,154931,0,3,3
44231,2,1,154930,154931,154932,1,2,0
44232,2,3,154932,154932,154935,0,3,0
44233,1,1,154933,154935,154936,2,3,0
44234,3,2,154936,154936,154938,0,2,0
44235,2,2,154938,154938,154940,0,2,0
44236,5,2,154943,154943,154945,0,2,3
44237,3,3,154946,154946,154949,0,3,1
44238,5,3,154951,154951,154954,0,3,2
44239,2,2,154953,154954,154956,1,3,0
44240,3,1,154956,154956,154957,0,1,0
44241,6,1,154962,154962,154963,0,1,5
44242,3,3,154965,154965,154968,0,3,2
44243,5,3,154970,154970,154973,0,3,2
44244,3,2,154973,154973,154975,0,2,0
44245,1,1,154974,154975,154976,1,2,0
44246,5,1,154979,154979,154980,0,1,3
44247,1,2,154980,154980,154982,0,2,0
44248,1,2,154981,154982,154984,1,3,0
44249,5,1,154986,154986,154987,0,1,2
44250,2,2,154988,154988,154990,0,2,1
44251,4,2,154992,154992,154994,0,2,2
44252,1,1,154993,154994,154995,1,2,0
44253,3,2,154996,154996,154998,0,2,1
44254,4,2,155000,155000,155002,0,2,2
44255,1,2,155001,155002,155004,1,3,0
44256,6,2,155007,155007,155009,0,2,3
44257,3,2,155010,155010,155012,0,2,1
44258,5,2,155015,155015,155017,0,2,3
44259,4,3,155019,155019,155022,0,3,2
44260,2,1,155021,155022,155023,1,2,0
44261,5,1,155026,155026,155027,0,1,3
44262,2,3,155028,155028,155031,0,3,1
44263,4,3,155032,155032,155035,0,3,1
44264,5,1,155037,155037,155038,0,1,2
44265,4,1,155041,155041,155042,0,1,3
44266,2,3,155043,155043,155046,0,3,1
44267,2,3,155045,155046,155049,1,4,0
44268,3,3,155048,155049,155052,1,4,0
44269,4,3,155052,155052,155055,0,3,0
44270,1,2,155053,155055,155057,2,4,0
44271,1,2,155054,155057,155059,3,5,0
44272,5,2,155059,155059,155061,0,2,0
44273,1,2,155060,155061,155063,1,3,0
44274,5,1,155065,155065,155066,0,1,2
44275,6,1,155071,155071,155072,0,1,5
44276,3,2,155074,155074,155076,0,2,2
44277,2,2,155076,155076,155078,0,2,0
44278,4,3,155080,155080,155083,0,3,2
44279,3,3,155083,155083,155086,0,3,0
44280,4,3,155087,155087,155090,0,3,1
44281,2,1,155089,155090,155091,1,2,0
44282,5,1,155094,155094,155095,0,1,3
44283,2,1,155096,155096,155097,0,1,1
44284,4,2,155100,155100,155102,0,2,3
44285,2,1,155102,155102,155103,0,1,0
44286,1,1,155103,155103,155104,0,1,0
44287,5,1,155108,155108,155109,0,1,4
44288,2,2,155110,155110,155112,0,2,1
44289,4,3,155114,155114,155117,0,3,2
44290,1,2,155115,155117,155119,2,4,0
44291,3,1,155118,155119,155120,1,2,0
44292,4,3,155122,155122,155125,0,3,2
44293,6,2,155128,155128,155130,0,2,3
44294,1,2,155129,155130,155132,1,3,0
44295,2,2,155131,155132,155134,1,3,0
44296,6,2,155137,155137,155139,0,2,3
44297,6,3,155143,155143,155146,0,3,4
44298,5,1,155148,155148,155149,0,1,2
44299,4,3,155152,155152,155155,0,3,3
44300,5,2,155157,155157,155159,0,2,2
44301,2,1,155159,155159,155160,0,1,0
44302,3,3,155162,155162,155165,0,3,2
44303,6,2,155168,155168,155170,0,2,3
44304,2,2,155170,155170,155172,0,2,0
44305,1,2,155171,155172,155174,1,3,0
44306,1,1,155172,155174,155175,2,3,0
44307,5,3,155177,155177,155180,0,3,2
44308,1,3,155178,155180,155183,2,5,0
44309,2,3,155180,155183,155186,3,6,0
44310,5,2,155185,155186,155188,1,3,0
44311,6,2,155191,155191,155193,0,2,3
44312,2,2,155193,155193,155195,0,2,0
44313,5,1,155198,155198,155199,0,1,3
44314,5,2,155203,155203,155205,0,2,4
44315,5,3,155208,155208,155211,0,3,3
44316,4,3,155212,155212,155215,0,3,1
44317,6,3,155218,155218,155221,0,3,3
44318,3,3,155221,155221,155224,0,3,0
44319,4,2,155225,155225,155227,0,2,1
44320,5,2,155230,155230,155232,0,2,3
44321,3,2,155233,155233,155235,0,2,1
44322,1,1,155234,155235,155236,1,2,0
44323,5,2,155239,155239,155241,0,2,3
44324,6,1,155245,155245,155246,0,1,4
44325,2,2,155247,155247,155249,0,2,1
44326,1,3,155248,155249,155252,1,4,0
44327,3,1,155251,155252,155253,1,2,0
44328,5,2,155256,155256,155258,0,2,3
44329,3,2,155259,155259,155261,0,2,1
44330,2,2,155261,155261,155263,0,2,0
44331,1,2,155262,155263,155265,1,3,0
44332,5,3,155267,155267,155270,0,3,2
44333,5,1,155272,155272,155273,0,1,2
44334,3,2,155275,155275,155277,0,2,2
44335,6,1,155281,155281,155282,0,1,4
44336,3,1,155284,155284,155285,0,1,2
44337,5,2,155289,155289,155291,0,2,4
44338,1,2,155290,155291,155293,1,3,0
44339,5,2,155295,155295,155297,0,2,2
44340,1,3,155296,155297,155300,1,4,0
44341,6,1,155302,155302,155303,0,1,2
44342,6,3,155308,155308,155311,0,3,5
44343,2,1,155310,155311,155312,1,2,0
44344,1,3,155311,155312,155315,1,4,0
44345,1,1,155312,155315,155316,3,4,0
44346,5,1,155317,155317,155318,0,1,1
44347,1,2,155318,155318,155320,0,2,0
44348,6,3,155324,155324,155327,0,3,4
44349,3,1,155327,155327,155328,0,1,0
44350,4,2,155331,155331,155333,0,2,3
44351,1,3,155332,155333,155336,1,4,0
44352,5,2,155337,155337,155339,0,2,1
44353,3,2,155340,155340,155342,0,2,1
44354,3,1,155343,155343,155344,0,1,1
44355,6,1,155349,155349,155350,0,1,5
44356,5,3,155354,155354,155357,0,3,4
44357,2,3,155356,155357,155360,1,4,0
44358,5,2,155361,155361,155363,0,2,1
44359,5,2,155366,155366,155368,0,2,3
44360,1,1,155367,155368,155369,1,2,0
44361,3,2,155370,155370,155372,0,2,1
44362,6,2,155376,155376,155378,0,2,4
44363,6,2,155382,155382,155384,0,2,4
44364,3,1,155385,155385,155386,0,1,1
44365,6,2,155391,155391,155393,0,2,5
44366,2,2,155393,155393,155395,0,2,0
44367,3,2,155396,155396,155398,0,2,1
44368,6,1,155402,155402,155403,0,1,4
44369,3,1,155405,155405,155406,0,1,2
44370,1,3,155406,155406,155409,0,3,0
44371,2,2,155408,155409,155411,1,3,0
44372,2,3,155410,155411,155414,1,4,0
44373,4,1,155414,155414,155415,0,1,0
44374,4,2,155418,155418,155420,0,2,3
44375,6,1,155424,155424,155425,0,1,4
44376,6,1,155430,155430,155431,0,1,5
44377,3,1,155433,155433,155434,0,1,2
44378,6,3,155439,155439,155442,0,3,5
44379,6,3,155445,155445,155448,0,3,3
44380,5,1,155450,155450,155451,0,1,2
44381,6,3,155456,155456,155459,0,3,5
44382,5,1,155461,155461,155462,0,1,2
44383,3,3,155464,155464,155467,0,3,2
44384,3,3,155467,155467,155470,0,3,0
44385,1,1,155468,155470,155471,2,3,0
44386,2,3,155470,155471,155474,1,4,0
44387,4,1,155474,155474,155475,0,1,0
44388,6,1,155480,155480,155481,0,1,5
44389,5,1,155485,155485,155486,0,1,4
44390,1,2,155486,155486,155488,0,2,0
44391,1,2,155487,155488,155490,1,3,0
44392,6,3,155493,155493,155496,0,3,3
44393,4,1,155497,155497,155498,0,1,1
44394,4,1,155501,155501,155502,0,1,3
44395,3,1,155504,155504,155505,0,1,2
44396,2,2,155506,155506,155508,0,2,1
44397,4,1,155510,155510,155511,0,1,2
44398,3,1,155513,155513,155514,0,1,2
44399,2,3,155515,155515,155518,0,3,1
44400,2,2,155517,155518,155520,1,3,0
44401,2,2,155519,155520,155522,1,3,0
44402,2,2,155521,155522,155524,1,3,0
44403,4,2,155525,155525,155527,0,2,1
44404,5,2,155530,155530,155532,0,2,3
44405,5,3,155535,155535,155538,0,3,3
44406,3,2,155538,155538,155540,0,2,0
44407,6,1,155544,155544,155545,0,1,4
44408,1,3,155545,155545,155548,0,3,0
44409,6,2,155551,155551,155553,0,2,3
44410,4,2,155555,155555,155557,0,2,2
44411,4,1,155559,155559,155560,0,1,2
44412,5,1,155564,155564,155565,0,1,4
44413,2,3,155566,155566,155569,0,3,1
44414,2,2,155568,155569,155571,1,3,0
44415,2,2,155570,155571,155573,1,3,0
44416,4,2,155574,155574,155576,0,2,1
44417,2,1,155576,155576,155577,0,1,0
44418,3,3,155579,155579,155582,0,3,2
44419,4,1,155583,155583,155584,0,1,1
44420,2,1,155585,155585,155586,0,1,1
44421,6,1,155591,155591,155592,0,1,5
44422,3,2,155594,155594,155596,0,2,2
44423,3,3,155597,155597,155600,0,3,1
44424,1,1,155598,155600,155601,2,3,0
44425,4,3,155602,155602,155605,0,3,1
44426,5,2,155607,155607,155609,0,2,2
44427,4,2,155611,155611,155613,0,2,2
44428,6,1,155617,155617,155618,0,1,4
44429,6,2,155623,155623,155625,0,2,5
44430,2,2,155625,155625,155627,0,2,0
44431,4,2,155629,155629,155631,0,2,2
44432,3,1,155632,155632,155633,0,1,1
44433,5,3,155637,155637,155640,0,3,4
44434,1,3,155638,155640,155643,2,5,0
44435,3,2,155641,155643,155645,2,4,0
44436,4,1,155645,155645,155646,0,1,0
44437,1,2,155646,155646,155648,0,2,0
44438,3,3,155649,155649,155652,0,3,1
44439,3,3,155652,155652,155655,0,3,0
44440,6,1,155658,155658,155659,0,1,3
44441,2,2,155660,155660,155662,0,2,1
44442,1,1,155661,155662,155663,1,2,0
44443,1,1,155662,155663,155664,1,2,0
44444,2,2,155664,155664,155666,0,2,0
44445,2,3,155666,155666,155669,0,3,0
44446,4,2,155670,155670,155672,0,2,1
44447,3,2,155673,155673,155675,0,2,1
44448,2,3,155675,155675,155678,0,3,0
44449,1,2,155676,155678,155680,2,4,0
44450,6,1,155682,155682,155683,0,1,2
44451,2,3,155684,155684,155687,0,3,1
44452,6,2,155690,155690,155692,0,2,3
44453,3,3,155693,155693,155696,0,3,1
44454,3,2,155696,155696,155698,0,2,0
44455,2,2,155698,155698,155700,0,2,0
44456,5,1,155703,155703,155704,0,1,3
44457,3,1,155706,155706,155707,0,1,2
44458,3,2,155709,155709,155711,0,2,2
44459,3,3,155712,155712,155715,0,3,1
44460,3,1,155715,155715,155716,0,1,0
44461,2,1,155717,155717,155718,0,1,1
44462,4,1,155721,155721,155722,0,1,3
44463,1,1,155722,155722,155723,0,1,0
44464,6,3,155728,155728,155731,0,3,5
44465,3,2,155731,155731,155733,0,2,0
44466,6,2,155737,155737,155739,0,2,4
44467,3,1,155740,155740,155741,0,1,1
44468,4,1,155744,155744,155745,0,1,3
44469,4,1,155748,155748,155749,0,1,3
44470,2,2,155750,155750,155752,0,2,1
44471,3,1,155753,155753,155754,0,1,1
44472,4,3,155757,155757,155760,0,3,3
44473,4,2,155761,155761,155763,0,2,1
44474,2,2,155763,155763,155765,0,2,0
44475,6,1,155769,155769,155770,0,1,4
44476,3,1,155772,155772,155773,0,1,2
44477,3,3,155775,155775,155778,0,3,2
44478,1,3,155776,155778,155781,2,5,0
44479,2,3,155778,155781,155784,3,6,0
44480,4,3,155782,155784,155787,2,5,0
44481,2,1,155784,155787,155788,3,4,0
44482,5,1,155789,155789,155790,0,1,1
44483,2,2,155791,155791,155793,0,2,1
44484,1,3,155792,155793,155796,1,4,0
44485,3,1,155795,155796,155797,1,2,0
44486,1,3,155796,155797,155800,1,4,0
44487,6,2,155802,155802,155804,0,2,2
44488,5,3,155807,155807,155810,0,3,3
44489,5,3,155812,155812,155815,0,3,2
44490,5,1,155817,155817,155818,0,1,2
44491,4,2,155821,155821,155823,0,2,3
44492,2,1,155823,155823,155824,0,1,0
44493,3,2,155826,155826,155828,0,2,2
44494,1,3,155827,155828,155831,1,4,0
44495,1,2,155828,155831,155833,3,5,0
44496,5,3,155833,155833,155836,0,3,0
44497,4,2,155837,155837,155839,0,2,1
44498,4,1,155841,155841,155842,0,1,2
44499,2,2,155843,155843,155845,0,2,1
44500,6,3,155849,155849,155852,0,3,4
44501,1,3,155850,155852,155855,2,5,0
44502,4,3,155854,155855,155858,1,4,0
44503,4,1,155858,155858,155859,0,1,0
44504,5,3,155863,155863,155866,0,3,4
44505,3,1,155866,155866,155867,0,1,0
44506,1,2,155867,155867,155869,0,2,0
44507,3,3,155870,155870,155873,0,3,1
44508,4,1,155874,155874,155875,0,1,1
44509,1,1,155875,155875,155876,0,1,0
44510,6,3,155881,155881,155884,0,3,5
44511,2,1,155883,155884,155885,1,2,0
44512,2,2,155885,155885,155887,0,2,0
44513,1,2,155886,155887,155889,1,3,0
44514,1,3,155887,155889,155892,2,5,0
44515,6,2,155893,155893,155895,0,2,1
44516,6,1,155899,155899,155900,0,1,4
44517,4,3,155903,155903,155906,0,3,3
44518,5,2,155908,155908,155910,0,2,2
44519,5,2,155913,155913,155915,0,2,3
44520,3,3,155916,155916,155919,0,3,1
44521,4,2,155920,155920,155922,0,2,1
44522,6,1,155926,155926,155927,0,1,4
44523,3,2,155929,155929,155931,0,2,2
44524,6,2,155935,155935,155937,0,2,4
44525,6,2,155941,155941,155943,0,2,4
44526,3,2,155944,155944,155946,0,2,1
44527,3,2,155947,155947,155949,0,2,1
44528,3,2,155950,155950,155952,0,2,1
44529,5,2,155955,155955,155957,0,2,3
44530,6,2,155961,155961,155963,0,2,4
44531,4,2,155965,155965,155967,0,2,2
44532,4,3,155969,155969,155972,0,3,2
44533,3,3,155972,155972,155975,0,3,0
44534,6,1,155978,155978,155979,0,1,3
44535,5,2,155983,155983,155985,0,2,4
44536,2,1,155985,155985,155986,0,1,0
44537,3,2,155988,155988,155990,0,2,2
44538,1,2,155989,155990,155992,1,3,0
44539,1,1,155990,155992,155993,2,3,0
44540,3,1,155993,155993,155994,0,1,0
44541,3,1,155996,155996,155997,0,1,2
44542,5,2,156001,156001,156003,0,2,4
44543,6,2,156007,156007,156009,0,2,4
44544,3,3,156010,156010,156013,0,3,1
44545,5,1,156015,156015,156016,0,1,2
44546,6,1,156021,156021,156022,0,1,5
44547,3,1,156024,156024,156025,0,1,2
44548,4,2,156028,156028,156030,0,2,3
44549,4,3,156032,156032,156035,0,3,2
44550,3,1,156035,156035,156036,0,1,0
44551,6,1,156041,156041,156042,0,1,5
44552,1,1,156042,156042,156043,0,1,0
44553,5,3,156047,156047,156050,0,3,4
44554,3,1,156050,156050,156051,0,1,0
44555,5,1,156055,156055,156056,0,1,4
44556,4,1,156059,156059,156060,0,1,3
44557,1,2,156060,156060,156062,0,2,0
44558,2,2,156062,156062,156064,0,2,0
44559,3,1,156065,156065,156066,0,1,1
44560,5,1,156070,156070,156071,0,1,4
44561,3,2,156073,156073,156075,0,2,2
44562,5,2,156078,156078,156080,0,2,3
44563,4,1,156082,156082,156083,0,1,2
44564,4,3,156086,156086,156089,0,3,3
44565,3,1,156089,156089,156090,0,1,0
44566,2,3,156091,156091,156094,0,3,1
44567,5,3,156096,156096,156099,0,3,2
44568,3,2,156099,156099,156101,0,2,0
44569,6,1,156105,156105,156106,0,1,4
44570,5,3,156110,156110,156113,0,3,4
44571,3,2,156113,156113,156115,0,2,0
44572,1,1,156114,156115,156116,1,2,0
44573,1,2,156115,156116,156118,1,3,0
44574,2,1,156117,156118,156119,1,2,0
44575,3,3,156120,156120,156123,0,3,1
44576,6,2,156126,156126,156128,0,2,3
44577,5,3,156131,156131,156134,0,3,3
44578,2,3,156133,156134,156137,1,4,0
44579,2,3,156135,156137,156140,2,5,0
44580,6,1,156141,156141,156142,0,1,1
44581,5,3,156146,156146,156149,0,3,4
44582,1,1,156147,156149,156150,2,3,0
44583,2,2,156149,156150,156152,1,3,0
44584,4,3,156153,156153,156156,0,3,1
44585,2,3,156155,156156,156159,1,4,0
44586,6,3,156161,156161,156164,0,3,2
44587,4,2,156165,156165,156167,0,2,1
44588,3,2,156168,156168,156170,0,2,1
44589,2,1,156170,156170,156171,0,1,0
44590,4,3,156174,156174,156177,0,3,3
44591,6,2,156180,156180,156182,0,2,3
44592,1,3,156181,156182,156185,1,4,0
44593,1,3,156182,156185,156188,3,6,0
44594,1,2,156183,156188,156190,5,7,0
44595,1,3,156184,156190,156193,6,9,0
44596,4,2,156188,156193,156195,5,7,0
44597,6,1,156194,156195,156196,1,2,0
44598,5,3,156199,156199,156202,0,3,3
44599,4,3,156203,156203,156206,0,3,1
44600,6,3,156209,156209,156212,0,3,3
44601,1,3,156210,156212,156215,2,5,0
44602,5,1,156215,156215,156216,0,1,0
44603,1,1,156216,156216,156217,0,1,0
44604,5,1,156221,156221,156222,0,1,4
44605,2,3,156223,156223,156226,0,3,1
44606,4,2,156227,156227,156229,0,2,1
44607,3,1,156230,156230,156231,0,1,1
44608,1,1,156231,156231,156232,0,1,0
44609,4,2,156235,156235,156237,0,2,3
44610,6,2,156241,156241,156243,0,2,4
44611,1,1,156242,156243,156244,1,2,0
44612,3,1,156245,156245,156246,0,1,1
44613,3,2,156248,156248,156250,0,2,2
44614,3,1,156251,156251,156252,0,1,1
44615,6,1,156257,156257,156258,0,1,5
44616,2,1,156259,156259,156260,0,1,1
44617,3,2,156262,156262,156264,0,2,2
44618,5,2,156267,156267,156269,0,2,3
44619,1,1,156268,156269,156270,1,2,0
44620,4,3,156272,156272,156275,0,3,2
44621,2,2,156274,156275,156277,1,3,0
44622,5,2,156279,156279,156281,0,2,2
44623,2,2,156281,156281,156283,0,2,0
44624,5,3,156286,156286,156289,0,3,3
44625,6,3,156292,156292,156295,0,3,3
44626,4,1,156296,156296,156297,0,1,1
44627,1,3,156297,156297,156300,0,3,0
44628,4,3,156301,156301,156304,0,3,1
44629,4,1,156305,156305,156306,0,1,1
44630,3,1,156308,156308,156309,0,1,2
44631,1,3,156309,156309,156312,0,3,0
44632,4,3,156313,156313,156316,0,3,1
44633,6,3,156319,156319,156322,0,3,3
44634,5,3,156324,156324,156327,0,3,2
44635,4,1,156328,156328,156329,0,1,1
44636,1,2,156329,156329,156331,0,2,0
44637,2,1,156331,156331,156332,0,1,0
44638,5,2,156336,156336,156338,0,2,4
44639,6,1,156342,156342,156343,0,1,4
44640,6,2,156348,156348,156350,0,2,5
44641,4,1,156352,156352,156353,0,1,2
44642,4,2,156356,156356,156358,0,2,3
44643,2,2,156358,156358,156360,0,2,0
44644,4,1,156362,156362,156363,0,1,2
44645,3,2,156365,156365,156367,0,2,2
44646,5,3,156370,156370,156373,0,3,3
44647,6,3,156376,156376,156379,0,3,3
44648,6,3,156382,156382,156385,0,3,3
44649,5,3,156387,156387,156390,0,3,2
44650,2,2,156389,156390,156392,1,3,0
44651,6,2,156395,156395,156397,0,2,3
44652,5,1,156400,156400,156401,0,1,3
44653,3,1,156403,156403,156404,0,1,2
44654,6,1,156409,156409,156410,0,1,5
44655,3,3,156412,156412,156415,0,3,2
44656,6,1,156418,156418,156419,0,1,3
44657,1,3,156419,156419,156422,0,3,0
44658,2,1,156421,156422,156423,1,2,0
44659,5,1,156426,156426,156427,0,1,3
44660,6,2,156432,156432,156434,0,2,5
44661,2,3,156434,156434,156437,0,3,0
44662,2,3,156436,156437,156440,1,4,0
44663,3,2,156439,156440,156442,1,3,0
44664,6,2,156445,156445,156447,0,2,3
44665,1,3,156446,156447,156450,1,4,0
44666,2,2,156448,156450,156452,2,4,0
44667,6,2,156454,156454,156456,0,2,2
44668,6,1,156460,156460,156461,0,1,4
44669,1,2,156461,156461,156463,0,2,0
44670,4,1,156465,156465,156466,0,1,2
44671,6,3,156471,156471,156474,0,3,5
44672,3,2,156474,156474,156476,0,2,0
44673,1,1,156475,156476,156477,1,2,0
44674,6,3,156481,156481,156484,0,3,4
44675,4,3,156485,156485,156488,0,3,1
44676,1,2,156486,156488,156490,2,4,0
44677,4,1,156490,156490,156491,0,1,0
44678,1,2,156491,156491,156493,0,2,0
44679,2,1,156493,156493,156494,0,1,0
44680,6,2,156499,156499,156501,0,2,5
44681,1,1,156500,156501,156502,1,2,0
44682,4,3,156504,156504,156507,0,3,2
44683,6,1,156510,156510,156511,0,1,3
44684,1,2,156511,156511,156513,0,2,0
44685,4,1,156515,156515,156516,0,1,2
44686,3,1,156518,156518,156519,0,1,2
44687,3,1,156521,156521,156522,0,1,2
44688,1,1,156522,156522,156523,0,1,0
44689,3,2,156525,156525,156527,0,2,2
44690,3,3,156528,156528,156531,0,3,1
44691,6,1,156534,156534,156535,0,1,3
44692,5,1,156539,156539,156540,0,1,4
44693,6,3,156545,156545,156548,0,3,5
44694,5,1,156550,156550,156551,0,1,2
44695,4,2,156554,156554,156556,0,2,3
44696,6,3,156560,156560,156563,0,3,4
44697,5,2,156565,156565,156567,0,2,2
44698,1,2,156566,156567,156569,1,3,0
44699,1,2,156567,156569,156571,2,4,0
44700,1,3,156568,156571,156574,3,6,0
44701,5,2,156573,156574,156576,1,3,0
44702,1,1,156574,156576,156577,2,3,0
44703,5,1,156579,156579,156580,0,1,2
44704,6,1,156585,156585,156586,0,1,5
44705,1,2,156586,156586,156588,0,2,0
44706,4,2,156590,156590,156592,0,2,2
44707,2,3,156592,156592,156595,0,3,0
44708,1,3,156593,156595,156598,2,5,0
44709,5,1,156598,156598,156599,0,1,0
44710,6,3,156604,156604,156607,0,3,5
44711,4,2,156608,156608,156610,0,2,1
44712,4,3,156612,156612,156615,0,3,2
44713,6,3,156618,156618,156621,0,3,3
44714,4,2,156622,156622,156624,0,2,1
44715,4,3,156626,156626,156629,0,3,2
44716,4,3,156630,156630,156633,0,3,1
44717,2,1,156632,156633,156634,1,2,0
44718,4,2,156636,156636,156638,0,2,2
44719,4,1,156640,156640,156641,0,1,2
44720,2,2,156642,156642,156644,0,2,1
44721,5,2,156647,156647,156649,0,2,3
44722,2,1,156649,156649,156650,0,1,0
44723,2,1,156651,156651,156652,0,1,1
44724,5,3,156656,156656,156659,0,3,4
44725,3,1,156659,156659,156660,0,1,0
44726,5,2,156664,156664,156666,0,2,4
44727,4,3,156668,156668,156671,0,3,2
44728,5,1,156673,156673,156674,0,1,2
44729,2,3,156675,156675,156678,0,3,1
44730,5,3,156680,156680,156683,0,3,2
44731,3,3,156683,156683,156686,0,3,0
44732,3,2,156686,156686,156688,0,2,0
44733,6,3,156692,156692,156695,0,3,4
44734,4,1,156696,156696,156697,0,1,1
44735,5,1,156701,156701,156702,0,1,4
44736,4,3,156705,156705,156708,0,3,3
44737,6,3,156711,156711,156714,0,3,3
44738,2,1,156713,156714,156715,1,2,0
44739,5,3,156718,156718,156721,0,3,3
44740,4,2,156722,156722,156724,0,2,1
44741,6,2,156728,156728,156730,0,2,4
44742,1,3,156729,156730,156733,1,4,0
44743,3,1,156732,156733,156734,1,2,0
44744,1,3,156733,156734,156737,1,4,0
44745,6,2,156739,156739,156741,0,2,2
44746,1,3,156740,156741,156744,1,4,0
44747,5,2,156745,156745,156747,0,2,1
44748,5,2,156750,156750,156752,0,2,3
44749,2,2,156752,156752,156754,0,2,0
44750,2,1,156754,156754,156755,0,1,0
44751,6,3,156760,156760,156763,0,3,5
44752,2,2,156762,156763,156765,1,3,0
44753,4,3,156766,156766,156769,0,3,1
44754,2,2,156768,156769,156771,1,3,0
44755,1,3,156769,156771,156774,2,5,0
44756,1,3,156770,156774,156777,4,7,0
44757,3,3,156773,156777,156780,4,7,0
44758,2,2,156775,156780,156782,5,7,0
44759,2,2,156777,156782,156784,5,7,0
44760,5,3,156782,156784,156787,2,5,0
44761,6,1,156788,156788,156789,0,1,1
44762,1,2,156789,156789,156791,0,2,0
44763,2,1,156791,156791,156792,0,1,0
44764,3,2,156794,156794,156796,0,2,2
44765,2,2,156796,156796,156798,0,2,0
44766,6,3,156802,156802,156805,0,3,4
44767,3,1,156805,156805,156806,0,1,0
44768,6,3,156811,156811,156814,0,3,5
44769,4,1,156815,156815,156816,0,1,1
44770,5,1,156820,156820,156821,0,1,4
44771,3,3,156823,156823,156826,0,3,2
44772,5,2,156828,156828,156830,0,2,2
44773,5,1,156833,156833,156834,0,1,3
44774,5,1,156838,156838,156839,0,1,4
44775,2,1,156840,156840,156841,0,1,1
44776,5,3,156845,156845,156848,0,3,4
44777,2,3,156847,156848,156851,1,4,0
44778,1,1,156848,156851,156852,3,4,0
44779,4,3,156852,156852,156855,0,3,0
44780,3,3,156855,156855,156858,0,3,0
44781,4,2,156859,156859,156861,0,2,1
44782,2,1,156861,156861,156862,0,1,0
44783,5,1,156866,156866,156867,0,1,4
44784,1,3,156867,156867,156870,0,3,0
44785,5,2,156872,156872,156874,0,2,2
44786,4,1,156876,156876,156877,0,1,2
44787,4,2,156880,156880,156882,0,2,3
44788,5,2,156885,156885,156887,0,2,3
44789,4,3,156889,156889,156892,0,3,2
44790,2,2,156891,156892,156894,1,3,0
44791,6,3,156897,156897,156900,0,3,3
44792,4,3,156901,156901,156904,0,3,1
44793,6,3,156907,156907,156910,0,3,3
44794,4,1,156911,156911,156912,0,1,1
44795,1,3,156912,156912,156915,0,3,0
44796,4,2,156916,156916,156918,0,2,1
44797,6,1,156922,156922,156923,0,1,4
44798,3,2,156925,156925,156927,0,2,2
44799,5,2,156930,156930,156932,0,2,3
44800,4,3,156934,156934,156937,0,3,2
44801,4,3,156938,156938,156941,0,3,1
44802,6,3,156944,156944,156947,0,3,3
44803,6,3,156950,156950,156953,0,3,3
44804,2,2,156952,156953,156955,1,3,0
44805,3,3,156955,156955,156958,0,3,0
44806,3,3,156958,156958,156961,0,3,0
44807,2,3,156960,156961,156964,1,4,0
44808,6,3,156966,156966,156969,0,3,2
44809,2,1,156968,156969,156970,1,2,0
44810,6,3,156974,156974,156977,0,3,4
44811,5,3,156979,156979,156982,0,3,2
44812,4,3,156983,156983,156986,0,3,1
44813,6,1,156989,156989,156990,0,1,3
44814,1,2,156990,156990,156992,0,2,0
44815,3,3,156993,156993,156996,0,3,1
44816,4,2,156997,156997,156999,0,2,1
44817,6,2,157003,157003,157005,0,2,4
44818,2,3,157005,157005,157008,0,3,0
44819,2,3,157007,157008,157011,1,4,0
44820,5,3,157012,157012,157015,0,3,1
44821,4,1,157016,157016,157017,0,1,1
44822,1,3,157017,157017,157020,0,3,0
44823,1,1,157018,157020,157021,2,3,0
44824,6,3,157024,157024,157027,0,3,3
44825,4,1,157028,157028,157029,0,1,1
44826,1,2,157029,157029,157031,0,2,0
44827,4,2,157033,157033,157035,0,2,2
44828,2,2,157035,157035,157037,0,2,0
44829,1,1,157036,157037,157038,1,2,0
44830,4,3,157040,157040,157043,0,3,2
44831,6,3,157046,157046,157049,0,3,3
44832,1,2,157047,157049,157051,2,4,0
44833,3,3,157050,157051,157054,1,4,0
44834,3,3,157053,157054,157057,1,4,0
44835,2,2,157055,157057,157059,2,4,0
44836,6,1,157061,157061,157062,0,1,2
44837,4,2,157065,157065,157067,0,2,3
44838,6,2,157071,157071,157073,0,2,4
44839,1,2,157072,157073,157075,1,3,0
44840,3,1,157075,157075,157076,0,1,0
44841,5,3,157080,157080,157083,0,3,4
44842,3,3,157083,157083,157086,0,3,0
44843,6,2,157089,157089,157091,0,2,3
44844,5,3,157094,157094,157097,0,3,3
44845,2,1,157096,157097,157098,1,2,0
44846,2,3,157098,157098,157101,0,3,0
44847,2,2,157100,157101,157103,1,3,0
44848,6,1,157106,157106,157107,0,1,3
44849,1,1,157107,157107,157108,0,1,0
44850,6,1,157113,157113,157114,0,1,5
44851,4,2,157117,157117,157119,0,2,3
44852,2,3,157119,157119,157122,0,3,0
44853,6,3,157125,157125,157128,0,3,3
44854,6,2,157131,157131,157133,0,2,3
44855,2,1,157133,157133,157134,0,1,0
44856,6,1,157139,157139,157140,0,1,5
44857,3,3,157142,157142,157145,0,3,2
44858,5,1,157147,157147,157148,0,1,2
44859,1,2,157148,157148,157150,0,2,0
44860,3,1,157151,157151,157152,0,1,1
44861,3,3,157154,157154,157157,0,3,2
44862,6,2,157160,157160,157162,0,2,3
44863,1,2,157161,157162,157164,1,3,0
44864,2,1,157163,157164,157165,1,2,0
44865,4,1,157167,157167,157168,0,1,2
44866,3,3,157170,157170,157173,0,3,2
44867,2,3,157172,157173,157176,1,4,0
44868,4,1,157176,157176,157177,0,1,0
44869,5,1,157181,157181,157182,0,1,4
44870,3,3,157184,157184,157187,0,3,2
44871,6,1,157190,157190,157191,0,1,3
44872,3,2,157193,157193,157195,0,2,2
44873,4,3,157197,157197,157200,0,3,2
44874,1,3,157198,157200,157203,2,5,0
44875,2,3,157200,157203,157206,3,6,0
44876,6,2,157206,157206,157208,0,2,0
44877,3,1,157209,157209,157210,0,1,1
44878,3,1,157212,157212,157213,0,1,2
44879,5,3,157217,157217,157220,0,3,4
44880,2,1,157219,157220,157221,1,2,0
44881,2,1,157221,157221,157222,0,1,0
44882,1,2,157222,157222,157224,0,2,0
44883,6,1,157228,157228,157229,0,1,4
44884,2,3,157230,157230,157233,0,3,1
44885,2,2,157232,157233,157235,1,3,0
44886,1,3,157233,157235,157238,2,5,0
44887,1,2,157234,157238,157240,4,6,0
44888,4,2,157238,157240,157242,2,4,0
44889,6,3,157244,157244,157247,0,3,2
44890,2,1,157246,157247,157248,1,2,0
44891,1,3,157247,157248,157251,1,4,0
44892,2,3,157249,157251,157254,2,5,0
44893,5,1,157254,157254,157255,0,1,0
44894,1,1,157255,157255,157256,0,1,0
44895,4,2,157259,157259,157261,0,2,3
44896,6,1,157265,157265,157266,0,1,4
44897,3,3,157268,157268,157271,0,3,2
44898,6,1,157274,157274,157275,0,1,3
44899,4,3,157278,157278,157281,0,3,3
44900,2,3,157280,157281,157284,1,4,0
44901,6,2,157286,157286,157288,0,2,2
44902,4,2,157290,157290,157292,0,2,2
44903,3,2,157293,157293,157295,0,2,1
44904,6,2,157299,157299,157301,0,2,4
44905,5,1,157304,157304,157305,0,1,3
44906,2,1,157306,157306,157307,0,1,1
44907,4,3,157310,157310,157313,0,3,3
44908,1,1,157311,157313,157314,2,3,0
44909,5,1,157316,157316,157317,0,1,2
44910,5,1,157321,157321,157322,0,1,4
44911,2,2,157323,157323,157325,0,2,1
44912,2,1,157325,157325,157326,0,1,0
44913,6,2,157331,157331,157333,0,2,5
44914,2,1,157333,157333,157334,0,1,0
44915,6,3,157339,157339,157342,0,3,5
44916,2,1,157341,157342,157343,1,2,0
44917,2,3,157343,157343,157346,0,3,0
44918,1,2,157344,157346,157348,2,4,0
44919,5,1,157349,157349,157350,0,1,1
44920,3,1,157352,157352,157353,0,1,2
44921,4,1,157356,157356,157357,0,1,3
44922,3,3,157359,157359,157362,0,3,2
44923,3,2,157362,157362,157364,0,2,0
44924,2,1,157364,157364,157365,0,1,0
44925,1,3,157365,157365,157368,0,3,0
44926,4,1,157369,157369,157370,0,1,1
44927,2,3,157371,157371,157374,0,3,1
44928,6,1,157377,157377,157378,0,1,3
44929,2,1,157379,157379,157380,0,1,1
44930,1,1,157380,157380,157381,0,1,0
44931,5,3,157385,157385,157388,0,3,4
44932,1,3,157386,157388,157391,2,5,0
44933,4,3,157390,157391,157394,1,4,0
44934,6,2,157396,157396,157398,0,2,2
44935,3,3,157399,157399,157402,0,3,1
44936,5,2,157404,157404,157406,0,2,2
44937,4,1,157408,157408,157409,0,1,2
44938,6,1,157414,157414,157415,0,1,5
44939,1,3,157415,157415,157418,0,3,0
44940,3,3,157418,157418,157421,0,3,0
44941,1,2,157419,157421,157423,2,4,0
44942,2,3,157421,157423,157426,2,5,0
44943,3,3,157424,157426,157429,2,5,0
44944,6,3,157430,157430,157433,0,3,1
44945,1,3,157431,157433,157436,2,5,0
44946,2,3,157433,157436,157439,3,6,0
44947,1,3,157434,157439,157442,5,8,0
44948,1,3,157435,157442,157445,7,10,0
44949,1,1,157436,157445,157446,9,10,0
44950,4,1,157440,157446,157447,6,7,0
44951,2,1,157442,157447,157448,5,6,0
44952,3,2,157445,157448,157450,3,5,0
44953,5,3,157450,157450,157453,0,3,0
44954,4,3,157454,157454,157457,0,3,1
44955,6,2,157460,157460,157462,0,2,3
44956,3,3,157463,157463,157466,0,3,1
44957,4,3,157467,157467,157470,0,3,1
44958,6,1,157473,157473,157474,0,1,3
44959,6,3,157479,157479,157482,0,3,5
44960,5,1,157484,157484,157485,0,1,2
44961,6,2,157490,157490,157492,0,2,5
44962,4,1,157494,157494,157495,0,1,2
44963,2,2,157496,157496,157498,0,2,1
44964,6,2,157502,157502,157504,0,2,4
44965,3,3,157505,157505,157508,0,3,1
44966,1,2,157506,157508,157510,2,4,0
44967,1,1,157507,157510,157511,3,4,0
44968,3,2,157510,157511,157513,1,3,0
44969,3,3,157513,157513,157516,0,3,0
44970,5,2,157518,157518,157520,0,2,2
44971,5,2,157523,157523,157525,0,2,3
44972,4,3,157527,157527,157530,0,3,2
44973,1,3,157528,157530,157533,2,5,0
44974,5,3,157533,157533,157536,0,3,0
44975,3,1,157536,157536,157537,0,1,0
44976,3,2,157539,157539,157541,0,2,2
44977,4,2,157543,157543,157545,0,2,2
44978,5,2,157548,157548,157550,0,2,3
44979,4,1,157552,157552,157553,0,1,2
44980,3,1,157555,157555,157556,0,1,2
44981,3,3,157558,157558,157561,0,3,2
44982,6,2,157564,157564,157566,0,2,3
44983,6,2,157570,157570,157572,0,2,4
44984,3,3,157573,157573,157576,0,3,1
44985,6,1,157579,157579,157580,0,1,3
44986,1,3,157580,157580,157583,0,3,0
44987,5,2,157585,157585,157587,0,2,2
44988,5,2,157590,157590,157592,0,2,3
44989,1,1,157591,157592,157593,1,2,0
44990,5,2,157596,157596,157598,0,2,3
44991,4,3,157600,157600,157603,0,3,2
44992,5,3,157605,157605,157608,0,3,2
44993,5,3,157610,157610,157613,0,3,2
44994,2,1,157612,157613,157614,1,2,0
44995,5,2,157617,157617,157619,0,2,3
44996,6,1,157623,157623,157624,0,1,4
44997,4,3,157627,157627,157630,0,3,3
44998,1,3,157628,157630,157633,2,5,0
44999,4,2,157632,157633,157635,1,3,0
45000,2,1,157634,157635,157636,1,2,0
45001,2,1,157636,157636,157637,0,1,0
45002,1,1,157637,157637,157638,0,1,0
45003,5,2,157642,157642,157644,0,2,4
45004,5,3,157647,157647,157650,0,3,3
45005,2,3,157649,157650,157653,1,4,0
45006,4,1,157653,157653,157654,0,1,0
45007,3,1,157656,157656,157657,0,1,2
45008,5,2,157661,157661,157663,0,2,4
45009,2,1,157663,157663,157664,0,1,0
45010,1,3,157664,157664,157667,0,3,0
45011,4,1,157668,157668,157669,0,1,1
45012,2,2,157670,157670,157672,0,2,1
45013,6,1,157676,157676,157677,0,1,4
45014,1,3,157677,157677,157680,0,3,0
45015,1,1,157678,157680,157681,2,3,0
45016,4,3,157682,157682,157685,0,3,1
45017,4,2,157686,157686,157688,0,2,1
45018,5,3,157691,157691,157694,0,3,3
45019,3,1,157694,157694,157695,0,1,0
45020,4,1,157698,157698,157699,0,1,3
45021,2,1,157700,157700,157701,0,1,1
45022,4,3,157704,157704,157707,0,3,3
45023,2,3,157706,157707,157710,1,4,0
45024,6,3,157712,157712,157715,0,3,2
45025,1,2,157713,157715,157717,2,4,0
45026,5,2,157718,157718,157720,0,2,1
45027,3,1,157721,157721,157722,0,1,1
45028,1,1,157722,157722,157723,0,1,0
45029,4,1,157726,157726,157727,0,1,3
45030,6,3,157732,157732,157735,0,3,5
45031,2,1,157734,157735,157736,1,2,0
45032,4,3,157738,157738,157741,0,3,2
45033,4,1,157742,157742,157743,0,1,1
45034,5,1,157747,157747,157748,0,1,4
45035,3,2,157750,157750,157752,0,2,2
45036,2,2,157752,157752,157754,0,2,0
45037,2,1,157754,157754,157755,0,1,0
45038,6,1,157760,157760,157761,0,1,5
45039,3,3,157763,157763,157766,0,3,2
45040,4,3,157767,157767,157770,0,3,1
45041,6,2,157773,157773,157775,0,2,3
45042,5,3,157778,157778,157781,0,3,3
45043,2,2,157780,157781,157783,1,3,0
45044,2,1,157782,157783,157784,1,2,0
45045,2,3,157784,157784,157787,0,3,0
45046,2,1,157786,157787,157788,1,2,0
45047,4,2,157790,157790,157792,0,2,2
45048,6,3,157796,157796,157799,0,3,4
45049,1,3,157797,157799,157802,2,5,0
45050,4,2,157801,157802,157804,1,3,0
45051,2,1,157803,157804,157805,1,2,0
45052,2,2,157805,157805,157807,0,2,0
45053,2,1,157807,157807,157808,0,1,0
45054,6,2,157813,157813,157815,0,2,5
45055,3,2,157816,157816,157818,0,2,1
45056,4,3,157820,157820,157823,0,3,2
45057,5,3,157825,157825,157828,0,3,2
45058,2,2,157827,157828,157830,1,3,0
45059,4,3,157831,157831,157834,0,3,1
45060,4,2,157835,157835,157837,0,2,1
45061,1,2,157836,157837,157839,1,3,0
45062,5,2,157841,157841,157843,0,2,2
45063,4,2,157845,157845,157847,0,2,2
45064,1,1,157846,157847,157848,1,2,0
45065,4,3,157850,157850,157853,0,3,2
45066,3,3,157853,157853,157856,0,3,0
45067,6,3,157859,157859,157862,0,3,3
45068,2,2,157861,157862,157864,1,3,0
45069,6,1,157867,157867,157868,0,1,3
45070,3,2,157870,157870,157872,0,2,2
45071,2,2,157872,157872,157874,0,2,0
45072,1,2,157873,157874,157876,1,3,0
45073,5,3,157878,157878,157881,0,3,2
45074,2,3,157880,157881,157884,1,4,0
45075,4,1,157884,157884,157885,0,1,0
45076,3,1,157887,157887,157888,0,1,2
45077,5,2,157892,157892,157894,0,2,4
45078,4,3,157896,157896,157899,0,3,2
45079,1,3,157897,157899,157902,2,5,0
45080,1,3,157898,157902,157905,4,7,0
45081,6,1,157904,157905,157906,1,2,0
45082,2,2,157906,157906,157908,0,2,0
45083,3,1,157909,157909,157910,0,1,1
45084,2,3,157911,157911,157914,0,3,1
45085,1,2,157912,157914,157916,2,4,0
45086,4,3,157916,157916,157919,0,3,0
45087,1,2,157917,157919,157921,2,4,0
45088,3,1,157920,157921,157922,1,2,0
45089,6,3,157926,157926,157929,0,3,4
45090,3,2,157929,157929,157931,0,2,0
45091,5,3,157934,157934,157937,0,3,3
45092,5,2,157939,157939,157941,0,2,2
45093,1,3,157940,157941,157944,1,4,0
45094,2,2,157942,157944,157946,2,4,0
45095,1,1,157943,157946,157947,3,4,0
45096,2,2,157945,157947,157949,2,4,0
45097,5,2,157950,157950,157952,0,2,1
45098,4,1,157954,157954,157955,0,1,2
45099,6,3,157960,157960,157963,0,3,5
45100,1,1,157961,157963,157964,2,3,0
45101,2,3,157963,157964,157967,1,4,0
45102,6,2,157969,157969,157971,0,2,2
45103,5,3,157974,157974,157977,0,3,3
45104,5,2,157979,157979,157981,0,2,2
45105,2,2,157981,157981,157983,0,2,0
45106,1,1,157982,157983,157984,1,2,0
45107,4,3,157986,157986,157989,0,3,2
45108,2,1,157988,157989,157990,1,2,0
45109,2,1,157990,157990,157991,0,1,0
45110,5,3,157995,157995,157998,0,3,4
45111,3,1,157998,157998,157999,0,1,0
45112,2,1,158000,158000,158001,0,1,1
45113,4,1,158004,158004,158005,0,1,3
45114,3,2,158007,158007,158009,0,2,2
45115,3,1,158010,158010,158011,0,1,1
45116,1,1,158011,158011,158012,0,1,0
45117,3,1,158014,158014,158015,0,1,2
45118,6,2,158020,158020,158022,0,2,5
45119,5,1,158025,158025,158026,0,1,3
45120,2,1,158027,158027,158028,0,1,1
45121,3,3,158030,158030,158033,0,3,2
45122,1,2,158031,158033,158035,2,4,0
45123,3,1,158034,158035,158036,1,2,0
45124,5,2,158039,158039,158041,0,2,3
45125,2,2,158041,158041,158043,0,2,0
45126,5,1,158046,158046,158047,0,1,3
45127,2,3,158048,158048,158051,0,3,1
45128,5,1,158053,158053,158054,0,1,2
45129,4,3,158057,158057,158060,0,3,3
45130,2,1,158059,158060,158061,1,2,0
45131,6,3,158065,158065,158068,0,3,4
45132,1,3,158066,158068,158071,2,5,0
45133,1,2,158067,158071,158073,4,6,0
45134,4,2,158071,158073,158075,2,4,0
45135,3,2,158074,158075,158077,1,3,0
45136,6,2,158080,158080,158082,0,2,3
45137,6,1,158086,158086,158087,0,1,4
45138,5,3,158091,158091,158094,0,3,4
45139,6,3,158097,158097,158100,0,3,3
45140,2,1,158099,158100,158101,1,2,0
45141,2,3,158101,158101,158104,0,3,0
45142,5,1,158106,158106,158107,0,1,2
45143,4,3,158110,158110,158113,0,3,3
45144,1,1,158111,158113,158114,2,3,0
45145,3,3,158114,158114,158117,0,3,0
45146,4,3,158118,158118,158121,0,3,1
45147,1,3,158119,158121,158124,2,5,0
45148,3,3,158122,158124,158127,2,5,0
45149,5,3,158127,158127,158130,0,3,0
45150,6,2,158133,158133,158135,0,2,3
45151,6,1,158139,158139,158140,0,1,4
45152,3,2,158142,158142,158144,0,2,2
45153,2,2,158144,158144,158146,0,2,0
45154,6,3,158150,158150,158153,0,3,4
45155,5,1,158155,158155,158156,0,1,2
45156,6,2,158161,158161,158163,0,2,5
45157,3,2,158164,158164,158166,0,2,1
45158,6,3,158170,158170,158173,0,3,4
45159,3,2,158173,158173,158175,0,2,0
45160,2,2,158175,158175,158177,0,2,0
45161,2,3,158177,158177,158180,0,3,0
45162,5,1,158182,158182,158183,0,1,2
45163,4,3,158186,158186,158189,0,3,3
45164,3,1,158189,158189,158190,0,1,0
45165,3,2,158192,158192,158194,0,2,2
45166,6,1,158198,158198,158199,0,1,4
45167,3,3,158201,158201,158204,0,3,2
45168,1,2,158202,158204,158206,2,4,0
45169,4,2,158206,158206,158208,0,2,0
45170,6,1,158212,158212,158213,0,1,4
45171,2,1,158214,158214,158215,0,1,1
45172,2,3,158216,158216,158219,0,3,1
45173,1,1,158217,158219,158220,2,3,0
45174,5,3,158222,158222,158225,0,3,2
45175,5,3,158227,158227,158230,0,3,2
45176,2,1,158229,158230,158231,1,2,0
45177,2,1,158231,158231,158232,0,1,0
45178,4,1,158235,158235,158236,0,1,3
45179,3,3,158238,158238,158241,0,3,2
45180,2,3,158240,158241,158244,1,4,0
45181,2,3,158242,158244,158247,2,5,0
45182,6,2,158248,158248,158250,0,2,1
45183,6,1,158254,158254,158255,0,1,4
45184,5,2,158259,158259,158261,0,2,4
45185,1,2,158260,158261,158263,1,3,0
45186,3,2,158263,158263,158265,0,2,0
45187,4,2,158267,158267,158269,0,2,2
45188,2,3,158269,158269,158272,0,3,0
45189,3,2,158272,158272,158274,0,2,0
45190,5,2,158277,158277,158279,0,2,3
45191,4,2,158281,158281,158283,0,2,2
45192,3,2,158284,158284,158286,0,2,1
45193,3,1,158287,158287,158288,0,1,1
45194,6,1,158293,158293,158294,0,1,5
45195,5,2,158298,158298,158300,0,2,4
45196,2,2,158300,158300,158302,0,2,0
45197,6,3,158306,158306,158309,0,3,4
45198,3,1,158309,158309,158310,0,1,0
45199,6,2,158315,158315,158317,0,2,5
45200,5,2,158320,158320,158322,0,2,3
45201,2,2,158322,158322,158324,0,2,0
45202,5,2,158327,158327,158329,0,2,3
45203,3,1,158330,158330,158331,0,1,1
45204,5,3,158335,158335,158338,0,3,4
45205,1,1,158336,158338,158339,2,3,0
45206,6,2,158342,158342,158344,0,2,3
45207,5,2,158347,158347,158349,0,2,3
45208,5,2,158352,158352,158354,0,2,3
45209,3,1,158355,158355,158356,0,1,1
45210,5,2,158360,158360,158362,0,2,4
45211,1,2,158361,158362,158364,1,3,0
45212,5,2,158366,158366,158368,0,2,2
45213,3,2,158369,158369,158371,0,2,1
45214,5,2,158374,158374,158376,0,2,3
45215,4,1,158378,158378,158379,0,1,2
45216,1,1,158379,158379,158380,0,1,0
45217,4,1,158383,158383,158384,0,1,3
45218,3,1,158386,158386,158387,0,1,2
45219,6,3,158392,158392,158395,0,3,5
45220,3,1,158395,158395,158396,0,1,0
45221,2,2,158397,158397,158399,0,2,1
45222,3,1,158400,158400,158401,0,1,1
45223,1,2,158401,158401,158403,0,2,0
45224,5,2,158406,158406,158408,0,2,3
45225,5,3,158411,158411,158414,0,3,3
45226,3,1,158414,158414,158415,0,1,0
45227,5,2,158419,158419,158421,0,2,4
45228,2,3,158421,158421,158424,0,3,0
45229,3,1,158424,158424,158425,0,1,0
45230,1,1,158425,158425,158426,0,1,0
45231,4,1,158429,158429,158430,0,1,3
45232,1,1,158430,158430,158431,0,1,0
45233,6,1,158436,158436,158437,0,1,5
45234,6,2,158442,158442,158444,0,2,5
45235,6,2,158448,158448,158450,0,2,4
45236,3,3,158451,158451,158454,0,3,1
45237,4,2,158455,158455,158457,0,2,1
45238,5,3,158460,158460,158463,0,3,3
45239,2,3,158462,158463,158466,1,4,0
45240,2,3,158464,158466,158469,2,5,0
45241,1,1,158465,158469,158470,4,5,0
45242,6,2,158471,158471,158473,0,2,1
45243,1,3,158472,158473,158476,1,4,0
45244,6,2,158478,158478,158480,0,2,2
45245,6,1,158484,158484,158485,0,1,4
45246,6,1,158490,158490,158491,0,1,5
45247,3,1,158493,158493,158494,0,1,2
45248,3,3,158496,158496,158499,0,3,2
45249,5,3,158501,158501,158504,0,3,2
45250,6,1,158507,158507,158508,0,1,3
45251,3,2,158510,158510,158512,0,2,2
45252,2,2,158512,158512,158514,0,2,0
45253,1,2,158513,158514,158516,1,3,0
45254,6,3,158519,158519,158522,0,3,3
45255,6,2,158525,158525,158527,0,2,3
45256,5,2,158530,158530,158532,0,2,3
45257,3,2,158533,158533,158535,0,2,1
45258,2,2,158535,158535,158537,0,2,0
45259,5,3,158540,158540,158543,0,3,3
45260,5,3,158545,158545,158548,0,3,2
45261,4,1,158549,158549,158550,0,1,1
45262,3,3,158552,158552,158555,0,3,2
45263,2,1,158554,158555,158556,1,2,0
45264,4,3,158558,158558,158561,0,3,2
45265,3,3,158561,158561,158564,0,3,0
45266,4,1,158565,158565,158566,0,1,1
45267,1,3,158566,158566,158569,0,3,0
45268,6,1,158572,158572,158573,0,1,3
45269,5,2,158577,158577,158579,0,2,4
45270,2,1,158579,158579,158580,0,1,0
45271,3,3,158582,158582,158585,0,3,2
45272,3,2,158585,158585,158587,0,2,0
45273,2,1,158587,158587,158588,0,1,0
45274,6,3,158593,158593,158596,0,3,5
45275,1,3,158594,158596,158599,2,5,0
45276,4,3,158598,158599,158602,1,4,0
45277,2,1,158600,158602,158603,2,3,0
45278,2,2,158602,158603,158605,1,3,0
45279,3,2,158605,158605,158607,0,2,0
45280,3,2,158608,158608,158610,0,2,1
45281,3,3,158611,158611,158614,0,3,1
45282,4,3,158615,158615,158618,0,3,1
45283,1,3,158616,158618,158621,2,5,0
45284,2,3,158618,158621,158624,3,6,0
45285,4,3,158622,158624,158627,2,5,0
45286,2,1,158624,158627,158628,3,4,0
45287,3,2,158627,158628,158630,1,3,0
45288,2,3,158629,158630,158633,1,4,0
45289,5,2,158634,158634,158636,0,2,1
45290,2,3,158636,158636,158639,0,3,0
45291,4,3,158640,158640,158643,0,3,1
45292,2,1,158642,158643,158644,1,2,0
45293,4,1,158646,158646,158647,0,1,2
45294,6,3,158652,158652,158655,0,3,5
45295,6,2,158658,158658,158660,0,2,3
45296,1,3,158659,158660,158663,1,4,0
45297,3,2,158662,158663,158665,1,3,0
45298,5,2,158667,158667,158669,0,2,2
45299,4,2,158671,158671,158673,0,2,2
45300,3,2,158674,158674,158676,0,2,1
45301,4,1,158678,158678,158679,0,1,2
45302,5,1,158683,158683,158684,0,1,4
45303,3,1,158686,158686,158687,0,1,2
45304,3,3,158689,158689,158692,0,3,2
45305,5,1,158694,158694,158695,0,1,2
45306,5,3,158699,158699,158702,0,3,4
45307,3,2,158702,158702,158704,0,2,0
45308,6,1,158708,158708,158709,0,1,4
45309,2,1,158710,158710,158711,0,1,1
45310,5,2,158715,158715,158717,0,2,4
45311,3,3,158718,158718,158721,0,3,1
45312,6,2,158724,158724,158726,0,2,3
45313,2,2,158726,158726,158728,0,2,0
45314,3,2,158729,158729,158731,0,2,1
45315,1,3,158730,158731,158734,1,4,0
45316,5,2,158735,158735,158737,0,2,1
45317,3,3,158738,158738,158741,0,3,1
45318,3,1,158741,158741,158742,0,1,0
45319,5,1,158746,158746,158747,0,1,4
45320,4,1,158750,158750,158751,0,1,3
45321,2,3,158752,158752,158755,0,3,1
45322,1,2,158753,158755,158757,2,4,0
45323,5,3,158758,158758,158761,0,3,1
45324,6,2,158764,158764,158766,0,2,3
45325,3,3,158767,158767,158770,0,3,1
45326,6,3,158773,158773,158776,0,3,3
45327,5,3,158778,158778,158781,0,3,2
45328,2,3,158780,158781,158784,1,4,0
45329,5,2,158785,158785,158787,0,2,1
45330,1,1,158786,158787,158788,1,2,0
45331,5,1,158791,158791,158792,0,1,3
45332,2,1,158793,158793,158794,0,1,1
45333,2,3,158795,158795,158798,0,3,1
45334,3,1,158798,158798,158799,0,1,0
45335,2,1,158800,158800,158801,0,1,1
45336,6,1,158806,158806,158807,0,1,5
45337,1,2,158807,158807,158809,0,2,0
45338,3,1,158810,158810,158811,0,1,1
45339,6,2,158816,158816,158818,0,2,5
45340,2,2,158818,158818,158820,0,2,0
45341,5,2,158823,158823,158825,0,2,3
45342,1,3,158824,158825,158828,1,4,0
45343,1,1,158825,158828,158829,3,4,0
45344,3,2,158828,158829,158831,1,3,0
45345,4,3,158832,158832,158835,0,3,1
45346,3,3,158835,158835,158838,0,3,0
45347,2,1,158837,158838,158839,1,2,0
45348,6,3,158843,158843,158846,0,3,4
45349,5,2,158848,158848,158850,0,2,2
45350,4,2,158852,158852,158854,0,2,2
45351,1,3,158853,158854,158857,1,4,0
45352,5,2,158858,158858,158860,0,2,1
45353,3,1,158861,158861,158862,0,1,1
45354,1,2,158862,158862,158864,0,2,0
45355,5,1,158867,158867,158868,0,1,3
45356,4,2,158871,158871,158873,0,2,3
45357,2,3,158873,158873,158876,0,3,0
45358,1,2,158874,158876,158878,2,4,0
45359,5,1,158879,158879,158880,0,1,1
45360,5,1,158884,158884,158885,0,1,4
45361,2,1,158886,158886,158887,0,1,1
45362,1,2,158887,158887,158889,0,2,0
45363,1,2,158888,158889,158891,1,3,0
45364,2,2,158890,158891,158893,1,3,0
45365,3,1,158893,158893,158894,0,1,0
45366,6,1,158899,158899,158900,0,1,5
45367,2,1,158901,158901,158902,0,1,1
45368,3,1,158904,158904,158905,0,1,2
45369,1,3,158905,158905,158908,0,3,0
45370,6,2,158911,158911,158913,0,2,3
45371,4,1,158915,158915,158916,0,1,2
45372,2,2,158917,158917,158919,0,2,1
45373,1,1,158918,158919,158920,1,2,0
45374,3,2,158921,158921,158923,0,2,1
45375,6,1,158927,158927,158928,0,1,4
45376,4,1,158931,158931,158932,0,1,3
45377,3,2,158934,158934,158936,0,2,2
45378,6,1,158940,158940,158941,0,1,4
45379,2,3,158942,158942,158945,0,3,1
45380,2,3,158944,158945,158948,1,4,0
45381,5,3,158949,158949,158952,0,3,1
45382,5,2,158954,158954,158956,0,2,2
45383,4,3,158958,158958,158961,0,3,2
45384,1,1,158959,158961,158962,2,3,0
45385,5,3,158964,158964,158967,0,3,2
45386,6,1,158970,158970,158971,0,1,3
45387,2,2,158972,158972,158974,0,2,1
45388,1,2,158973,158974,158976,1,3,0
45389,6,1,158979,158979,158980,0,1,3
45390,6,2,158985,158985,158987,0,2,5
45391,5,3,158990,158990,158993,0,3,3
45392,6,3,158996,158996,158999,0,3,3
45393,1,2,158997,158999,159001,2,4,0
45394,6,3,159003,159003,159006,0,3,2
45395,4,2,159007,159007,159009,0,2,1
45396,2,3,159009,159009,159012,0,3,0
45397,2,2,159011,159012,159014,1,3,0
45398,6,2,159017,159017,159019,0,2,3
45399,2,3,159019,159019,159022,0,3,0
45400,6,1,159025,159025,159026,0,1,3
45401,3,3,159028,159028,159031,0,3,2
45402,6,3,159034,159034,159037,0,3,3
45403,1,2,159035,159037,159039,2,4,0
45404,5,2,159040,159040,159042,0,2,1
45405,4,1,159044,159044,159045,0,1,2
45406,3,2,159047,159047,159049,0,2,2
45407,6,1,159053,159053,159054,0,1,4
45408,6,2,159059,159059,159061,0,2,5
45409,1,3,159060,159061,159064,1,4,0
45410,3,3,159063,159064,159067,1,4,0
45411,4,3,159067,159067,159070,0,3,0
45412,3,2,159070,159070,159072,0,2,0
45413,4,2,159074,159074,159076,0,2,2
45414,1,3,159075,159076,159079,1,4,0
45415,2,2,159077,159079,159081,2,4,0
45416,1,1,159078,159081,159082,3,4,0
45417,2,1,159080,159082,159083,2,3,0
45418,2,2,159082,159083,159085,1,3,0
45419,4,1,159086,159086,159087,0,1,1
45420,4,3,159090,159090,159093,0,3,3
45421,5,3,159095,159095,159098,0,3,2
45422,4,3,159099,159099,159102,0,3,1
45423,5,3,159104,159104,159107,0,3,2
45424,1,1,159105,159107,159108,2,3,0
45425,1,2,159106,159108,159110,2,4,0
45426,2,3,159108,159110,159113,2,5,0
45427,1,1,159109,159113,159114,4,5,0
45428,4,2,159113,159114,159116,1,3,0
45429,2,1,159115,159116,159117,1,2,0
45430,2,1,159117,159117,159118,0,1,0
45431,2,2,159119,159119,159121,0,2,1
45432,2,1,159121,159121,159122,0,1,0
45433,5,1,159126,159126,159127,0,1,4
45434,3,2,159129,159129,159131,0,2,2
45435,2,2,159131,159131,159133,0,2,0
45436,1,3,159132,159133,159136,1,4,0
45437,2,2,159134,159136,159138,2,4,0
45438,2,3,159136,159138,159141,2,5,0
45439,4,2,159140,159141,159143,1,3,0
45440,2,2,159142,159143,159145,1,3,0
45441,6,3,159148,159148,159151,0,3,3
45442,4,1,159152,159152,159153,0,1,1
45443,2,3,159154,159154,159157,0,3,1
45444,6,2,159160,159160,159162,0,2,3
45445,4,2,159164,159164,159166,0,2,2
45446,3,1,159167,159167,159168,0,1,1
45447,3,2,159170,159170,159172,0,2,2
45448,2,2,159172,159172,159174,0,2,0
45449,3,1,159175,159175,159176,0,1,1
45450,4,1,159179,159179,159180,0,1,3
45451,1,2,159180,159180,159182,0,2,0
45452,4,2,159184,159184,159186,0,2,2
45453,6,2,159190,159190,159192,0,2,4
45454,2,2,159192,159192,159194,0,2,0
45455,3,3,159195,159195,159198,0,3,1
45456,5,2,159200,159200,159202,0,2,2
45457,4,3,159204,159204,159207,0,3,2
45458,4,3,159208,159208,159211,0,3,1
45459,1,3,159209,159211,159214,2,5,0
45460,5,3,159214,159214,159217,0,3,0
45461,5,2,159219,159219,159221,0,2,2
45462,3,2,159222,159222,159224,0,2,1
45463,4,2,159226,159226,159228,0,2,2
45464,3,3,159229,159229,159232,0,3,1
45465,5,2,159234,159234,159236,0,2,2
45466,6,2,159240,159240,159242,0,2,4
45467,1,1,159241,159242,159243,1,2,0
45468,6,2,159247,159247,159249,0,2,4
45469,3,2,159250,159250,159252,0,2,1
45470,4,1,159254,159254,159255,0,1,2
45471,3,3,159257,159257,159260,0,3,2
45472,2,2,159259,159260,159262,1,3,0
45473,5,3,159264,159264,159267,0,3,2
45474,3,2,159267,159267,159269,0,2,0
45475,4,1,159271,159271,159272,0,1,2
45476,3,1,159274,159274,159275,0,1,2
45477,6,3,159280,159280,159283,0,3,5
45478,1,2,159281,159283,159285,2,4,0
45479,5,2,159286,159286,159288,0,2,1
45480,3,2,159289,159289,159291,0,2,1
45481,1,2,159290,159291,159293,1,3,0
45482,5,1,159295,159295,159296,0,1,2
45483,2,3,159297,159297,159300,0,3,1
45484,2,1,159299,159300,159301,1,2,0
45485,1,2,159300,159301,159303,1,3,0
45486,5,3,159305,159305,159308,0,3,2
45487,4,1,159309,159309,159310,0,1,1
45488,4,3,159313,159313,159316,0,3,3
45489,5,1,159318,159318,159319,0,1,2
45490,2,1,159320,159320,159321,0,1,1
45491,3,3,159323,159323,159326,0,3,2
45492,5,3,159328,159328,159331,0,3,2
45493,2,2,159330,159331,159333,1,3,0
45494,4,3,159334,159334,159337,0,3,1
45495,5,1,159339,159339,159340,0,1,2
45496,6,2,159345,159345,159347,0,2,5
45497,1,2,159346,159347,159349,1,3,0
45498,5,2,159351,159351,159353,0,2,2
45499,1,3,159352,159353,159356,1,4,0
45500,5,3,159357,159357,159360,0,3,1
45501,1,1,159358,159360,159361,2,3,0
45502,1,1,159359,159361,159362,2,3,0
45503,2,2,159361,159362,159364,1,3,0
45504,4,3,159365,159365,159368,0,3,1
45505,1,1,159366,159368,159369,2,3,0
45506,1,2,159367,159369,159371,2,4,0
45507,5,1,159372,159372,159373,0,1,1
45508,2,2,159374,159374,159376,0,2,1
45509,5,1,159379,159379,159380,0,1,3
45510,2,1,159381,159381,159382,0,1,1
45511,1,3,159382,159382,159385,0,3,0
45512,1,1,159383,159385,159386,2,3,0
45513,1,3,159384,159386,159389,2,5,0
45514,1,1,159385,159389,159390,4,5,0
45515,6,3,159391,159391,159394,0,3,1
45516,6,2,159397,159397,159399,0,2,3
45517,1,2,159398,159399,159401,1,3,0
45518,3,3,159401,159401,159404,0,3,0
45519,2,3,159403,159404,159407,1,4,0
45520,3,3,159406,159407,159410,1,4,0
45521,1,2,159407,159410,159412,3,5,0
45522,4,2,159411,159412,159414,1,3,0
45523,4,3,159415,159415,159418,0,3,1
45524,1,1,159416,159418,159419,2,3,0
45525,4,3,159420,159420,159423,0,3,1
45526,2,2,159422,159423,159425,1,3,0
45527,3,3,159425,159425,159428,0,3,0
45528,6,3,159431,159431,159434,0,3,3
45529,3,1,159434,159434,159435,0,1,0
45530,1,3,159435,159435,159438,0,3,0
45531,3,3,159438,159438,159441,0,3,0
45532,5,2,159443,159443,159445,0,2,2
45533,4,1,159447,159447,159448,0,1,2
45534,4,3,159451,159451,159454,0,3,3
45535,6,1,159457,159457,159458,0,1,3
45536,1,1,159458,159458,159459,0,1,0
45537,5,3,159463,159463,159466,0,3,4
45538,2,3,159465,159466,159469,1,4,0
45539,3,2,159468,159469,159471,1,3,0
45540,1,2,159469,159471,159473,2,4,0
45541,3,2,159472,159473,159475,1,3,0
45542,4,3,159476,159476,159479,0,3,1
45543,3,3,159479,159479,159482,0,3,0
45544,2,3,159481,159482,159485,1,4,0
45545,4,2,159485,159485,159487,0,2,0
45546,5,1,159490,159490,159491,0,1,3
45547,4,2,159494,159494,159496,0,2,3
45548,3,1,159497,159497,159498,0,1,1
45549,5,3,159502,159502,159505,0,3,4
45550,2,1,159504,159505,159506,1,2,0
45551,6,3,159510,159510,159513,0,3,4
45552,4,2,159514,159514,159516,0,2,1
45553,1,2,159515,159516,159518,1,3,0
45554,2,1,159517,159518,159519,1,2,0
45555,1,1,159518,159519,159520,1,2,0
45556,4,2,159522,159522,159524,0,2,2
45557,2,3,159524,159524,159527,0,3,0
45558,5,3,159529,159529,159532,0,3,2
45559,6,1,159535,159535,159536,0,1,3
45560,4,1,159539,159539,159540,0,1,3
45561,2,1,159541,159541,159542,0,1,1
45562,4,3,159545,159545,159548,0,3,3
45563,4,3,159549,159549,159552,0,3,1
45564,1,1,159550,159552,159553,2,3,0
45565,4,3,159554,159554,159557,0,3,1
45566,2,2,159556,159557,159559,1,3,0
45567,4,2,159560,159560,159562,0,2,1
45568,1,3,159561,159562,159565,1,4,0
45569,2,3,159563,159565,159568,2,5,0
45570,3,3,159566,159568,159571,2,5,0
45571,6,2,159572,159572,159574,0,2,1
45572,6,3,159578,159578,159581,0,3,4
45573,1,2,159579,159581,159583,2,4,0
45574,4,1,159583,159583,159584,0,1,0
45575,3,1,159586,159586,159587,0,1,2
45576,6,3,159592,159592,159595,0,3,5
45577,2,2,159594,159595,159597,1,3,0
45578,3,2,159597,159597,159599,0,2,0
45579,3,2,159600,159600,159602,0,2,1
45580,5,2,159605,159605,159607,0,2,3
45581,2,1,159607,159607,159608,0,1,0
45582,5,1,159612,159612,159613,0,1,4
45583,6,1,159618,159618,159619,0,1,5
45584,5,3,159623,159623,159626,0,3,4
45585,6,2,159629,159629,159631,0,2,3
45586,6,3,159635,159635,159638,0,3,4
45587,1,1,159636,159638,159639,2,3,0
45588,2,2,159638,159639,159641,1,3,0
45589,5,2,159643,159643,159645,0,2,2
45590,3,3,159646,159646,159649,0,3,1
45591,1,3,159647,159649,159652,2,5,0
45592,3,3,159650,159652,159655,2,5,0
45593,4,2,159654,159655,159657,1,3,0
45594,5,3,159659,159659,159662,0,3,2
45595,6,3,159665,159665,159668,0,3,3
45596,5,3,159670,159670,159673,0,3,2
45597,3,3,159673,159673,159676,0,3,0
45598,2,3,159675,159676,159679,1,4,0
45599,6,1,159681,159681,159682,0,1,2
45600,1,3,159682,159682,159685,0,3,0
45601,1,3,159683,159685,159688,2,5,0
45602,6,3,159689,159689,159692,0,3,1
45603,6,2,159695,159695,159697,0,2,3
45604,1,2,159696,159697,159699,1,3,0
45605,2,2,159698,159699,159701,1,3,0
45606,6,2,159704,159704,159706,0,2,3
45607,4,1,159708,159708,159709,0,1,2
45608,2,1,159710,159710,159711,0,1,1
45609,3,1,159713,159713,159714,0,1,2
45610,3,1,159716,159716,159717,0,1,2
45611,2,2,159718,159718,159720,0,2,1
45612,3,3,159721,159721,159724,0,3,1
45613,2,3,159723,159724,159727,1,4,0
45614,4,2,159727,159727,159729,0,2,0
45615,2,3,159729,159729,159732,0,3,0
45616,5,3,159734,159734,159737,0,3,2
45617,2,3,159736,159737,159740,1,4,0
45618,5,1,159741,159741,159742,0,1,1
45619,1,2,159742,159742,159744,0,2,0
45620,4,2,159746,159746,159748,0,2,2
45621,5,1,159751,159751,159752,0,1,3
45622,3,1,159754,159754,159755,0,1,2
45623,1,3,159755,159755,159758,0,3,0
45624,5,3,159760,159760,159763,0,3,2
45625,2,1,159762,159763,159764,1,2,0
45626,4,2,159766,159766,159768,0,2,2
45627,3,2,159769,159769,159771,0,2,1
45628,3,3,159772,159772,159775,0,3,1
45629,6,1,159778,159778,159779,0,1,3
45630,5,2,159783,159783,159785,0,2,4
45631,4,3,159787,159787,159790,0,3,2
45632,5,2,159792,159792,159794,0,2,2
45633,3,3,159795,159795,159798,0,3,1
45634,5,1,159800,159800,159801,0,1,2
45635,2,1,159802,159802,159803,0,1,1
45636,5,3,159807,159807,159810,0,3,4
45637,6,2,159813,159813,159815,0,2,3
45638,2,3,159815,159815,159818,0,3,0
45639,4,1,159819,159819,159820,0,1,1
45640,1,3,159820,159820,159823,0,3,0
45641,1,2,159821,159823,159825,2,4,0
45642,2,3,159823,159825,159828,2,5,0
45643,1,1,159824,159828,159829,4,5,0
45644,4,2,159828,159829,159831,1,3,0
45645,5,2,159833,159833,159835,0,2,2
45646,4,3,159837,159837,159840,0,3,2
45647,3,1,159840,159840,159841,0,1,0
45648,5,1,159845,159845,159846,0,1,4
45649,1,3,159846,159846,159849,0,3,0
45650,1,1,159847,159849,159850,2,3,0
45651,1,3,159848,159850,159853,2,5,0
45652,3,2,159851,159853,159855,2,4,0
45653,1,1,159852,159855,159856,3,4,0
45654,6,1,159858,159858,159859,0,1,2
45655,6,3,159864,159864,159867,0,3,5
45656,4,3,159868,159868,159871,0,3,1
45657,6,1,159874,159874,159875,0,1,3
45658,4,3,159878,159878,159881,0,3,3
45659,6,1,159884,159884,159885,0,1,3
45660,6,3,159890,159890,159893,0,3,5
45661,4,2,159894,159894,159896,0,2,1
45662,5,2,159899,159899,159901,0,2,3
45663,1,3,159900,159901,159904,1,4,0
45664,1,1,159901,159904,159905,3,4,0
45665,4,3,159905,159905,159908,0,3,0
45666,3,1,159908,159908,159909,0,1,0
45667,4,2,159912,159912,159914,0,2,3
45668,4,2,159916,159916,159918,0,2,2
45669,2,2,159918,159918,159920,0,2,0
45670,1,1,159919,159920,159921,1,2,0
45671,5,3,159924,159924,159927,0,3,3
45672,4,1,159928,159928,159929,0,1,1
45673,6,3,159934,159934,159937,0,3,5
45674,2,1,159936,159937,159938,1,2,0
45675,4,1,159940,159940,159941,0,1,2
45676,1,3,159941,159941,159944,0,3,0
45677,4,1,159945,159945,159946,0,1,1
45678,5,2,159950,159950,159952,0,2,4
45679,1,3,159951,159952,159955,1,4,0
45680,6,2,159957,159957,159959,0,2,2
45681,2,3,159959,159959,159962,0,3,0
45682,5,2,159964,159964,159966,0,2,2
45683,6,2,159970,159970,159972,0,2,4
45684,3,1,159973,159973,159974,0,1,1
45685,2,3,159975,159975,159978,0,3,1
45686,2,1,159977,159978,159979,1,2,0
45687,6,3,159983,159983,159986,0,3,4
45688,2,2,159985,159986,159988,1,3,0
45689,4,2,159989,159989,159991,0,2,1
45690,1,3,159990,159991,159994,1,4,0
45691,1,2,159991,159994,159996,3,5,0
45692,3,1,159994,159996,159997,2,3,0
45693,3,1,159997,159997,159998,0,1,0
45694,6,2,160003,160003,160005,0,2,5
45695,3,1,160006,160006,160007,0,1,1
45696,1,3,160007,160007,160010,0,3,0
45697,1,2,160008,160010,160012,2,4,0
45698,3,3,160011,160012,160015,1,4,0
45699,2,2,160013,160015,160017,2,4,0
45700,1,2,160014,160017,160019,3,5,0
45701,2,2,160016,160019,160021,3,5,0
45702,3,2,160019,160021,160023,2,4,0
45703,6,1,160025,160025,160026,0,1,2
45704,1,2,160026,160026,160028,0,2,0
45705,3,3,160029,160029,160032,0,3,1
45706,1,1,160030,160032,160033,2,3,0
45707,1,1,160031,160033,160034,2,3,0
45708,5,2,160036,160036,160038,0,2,2
45709,2,3,160038,160038,160041,0,3,0
45710,1,1,160039,160041,160042,2,3,0
45711,2,1,160041,160042,160043,1,2,0
45712,5,3,160046,160046,160049,0,3,3
45713,3,3,160049,160049,160052,0,3,0
45714,5,3,160054,160054,160057,0,3,2
45715,3,2,160057,160057,160059,0,2,0
45716,2,3,160059,160059,160062,0,3,0
45717,1,3,160060,160062,160065,2,5,0
45718,3,2,160063,160065,160067,2,4,0
45719,6,3,160069,160069,160072,0,3,2
45720,6,3,160075,160075,160078,0,3,3
45721,2,3,160077,160078,160081,1,4,0
45722,4,3,160081,160081,160084,0,3,0
45723,5,1,160086,160086,160087,0,1,2
45724,2,3,160088,160088,160091,0,3,1
45725,1,1,160089,160091,160092,2,3,0
45726,2,3,160091,160092,160095,1,4,0
45727,6,3,160097,160097,160100,0,3,2
45728,5,1,160102,160102,160103,0,1,2
45729,2,2,160104,160104,160106,0,2,1
45730,5,2,160109,160109,160111,0,2,3
45731,5,1,160114,160114,160115,0,1,3
45732,2,2,160116,160116,160118,0,2,1
45733,6,1,160122,160122,160123,0,1,4
45734,6,2,160128,160128,160130,0,2,5
45735,5,1,160133,160133,160134,0,1,3
45736,6,1,160139,160139,160140,0,1,5
45737,1,3,160140,160140,160143,0,3,0
45738,6,3,160146,160146,160149,0,3,3
45739,5,3,160151,160151,160154,0,3,2
45740,3,2,160154,160154,160156,0,2,0
45741,4,3,160158,160158,160161,0,3,2
45742,3,3,160161,160161,160164,0,3,0
45743,6,2,160167,160167,160169,0,2,3
45744,1,3,160168,160169,160172,1,4,0
45745,3,2,160171,160172,160174,1,3,0
45746,6,2,160177,160177,160179,0,2,3
45747,6,2,160183,160183,160185,0,2,4
45748,4,2,160187,160187,160189,0,2,2
45749,4,3,160191,160191,160194,0,3,2
45750,3,3,160194,160194,160197,0,3,0
45751,2,2,160196,160197,160199,1,3,0
45752,5,1,160201,160201,160202,0,1,2
45753,5,2,160206,160206,160208,0,2,4
45754,4,3,160210,160210,160213,0,3,2
45755,4,1,160214,160214,160215,0,1,1
45756,4,2,160218,160218,160220,0,2,3
45757,5,2,160223,160223,160225,0,2,3
45758,3,2,160226,160226,160228,0,2,1
45759,3,1,160229,160229,160230,0,1,1
45760,2,3,160231,160231,160234,0,3,1
45761,1,2,160232,160234,160236,2,4,0
45762,1,2,160233,160236,160238,3,5,0
45763,6,1,160239,160239,160240,0,1,1
45764,5,3,160244,160244,160247,0,3,4
45765,6,2,160250,160250,160252,0,2,3
45766,6,2,160256,160256,160258,0,2,4
45767,6,2,160262,160262,160264,0,2,4
45768,6,1,160268,160268,160269,0,1,4
45769,4,2,160272,160272,160274,0,2,3
45770,6,3,160278,160278,160281,0,3,4
45771,6,2,160284,160284,160286,0,2,3
45772,2,1,160286,160286,160287,0,1,0
45773,5,1,160291,160291,160292,0,1,4
45774,5,2,160296,160296,160298,0,2,4
45775,2,3,160298,160298,160301,0,3,0
45776,4,1,160302,160302,160303,0,1,1
45777,2,1,160304,160304,160305,0,1,1
45778,3,2,160307,160307,160309,0,2,2
45779,3,3,160310,160310,160313,0,3,1
45780,1,1,160311,160313,160314,2,3,0
45781,6,2,160317,160317,160319,0,2,3
45782,1,2,160318,160319,160321,1,3,0
45783,2,3,160320,160321,160324,1,4,0
45784,6,3,160326,160326,160329,0,3,2
45785,2,1,160328,160329,160330,1,2,0
45786,5,2,160333,160333,160335,0,2,3
45787,3,1,160336,160336,160337,0,1,1
45788,5,3,160341,160341,160344,0,3,4
45789,6,1,160347,160347,160348,0,1,3
45790,3,3,160350,160350,160353,0,3,2
45791,3,1,160353,160353,160354,0,1,0
45792,5,3,160358,160358,160361,0,3,4
45793,4,2,160362,160362,160364,0,2,1
45794,2,3,160364,160364,160367,0,3,0
45795,5,2,160369,160369,160371,0,2,2
45796,2,3,160371,160371,160374,0,3,0
45797,2,1,160373,160374,160375,1,2,0
45798,4,2,160377,160377,160379,0,2,2
45799,1,1,160378,160379,160380,1,2,0
45800,2,3,160380,160380,160383,0,3,0
45801,2,1,160382,160383,160384,1,2,0
45802,3,2,160385,160385,160387,0,2,1
45803,6,3,160391,160391,160394,0,3,4
45804,6,2,160397,160397,160399,0,2,3
45805,3,3,160400,160400,160403,0,3,1
45806,2,1,160402,160403,160404,1,2,0
45807,2,2,160404,160404,160406,0,2,0
45808,5,1,160409,160409,160410,0,1,3
45809,1,2,160410,160410,160412,0,2,0
45810,2,2,160412,160412,160414,0,2,0
45811,3,3,160415,160415,160418,0,3,1
45812,6,2,160421,160421,160423,0,2,3
45813,1,3,160422,160423,160426,1,4,0
45814,2,1,160424,160426,160427,2,3,0
45815,1,1,160425,160427,160428,2,3,0
45816,4,3,160429,160429,160432,0,3,1
45817,5,1,160434,160434,160435,0,1,2
45818,1,3,160435,160435,160438,0,3,0
45819,6,3,160441,160441,160444,0,3,3
45820,5,1,160446,160446,160447,0,1,2
45821,4,3,160450,160450,160453,0,3,3
45822,4,3,160454,160454,160457,0,3,1
45823,2,1,160456,160457,160458,1,2,0
45824,3,1,160459,160459,160460,0,1,1
45825,1,3,160460,160460,160463,0,3,0
45826,1,3,160461,160463,160466,2,5,0
45827,4,3,160465,160466,160469,1,4,0
45828,6,1,160471,160471,160472,0,1,2
45829,3,3,160474,160474,160477,0,3,2
45830,6,1,160480,160480,160481,0,1,3
45831,2,2,160482,160482,160484,0,2,1
45832,2,3,160484,160484,160487,0,3,0
45833,3,1,160487,160487,160488,0,1,0
45834,1,3,160488,160488,160491,0,3,0
45835,4,2,160492,160492,160494,0,2,1
45836,2,2,160494,160494,160496,0,2,0
45837,2,2,160496,160496,160498,0,2,0
45838,2,2,160498,160498,160500,0,2,0
45839,5,3,160503,160503,160506,0,3,3
45840,5,1,160508,160508,160509,0,1,2
45841,6,3,160514,160514,160517,0,3,5
45842,3,1,160517,160517,160518,0,1,0
45843,6,3,160523,160523,160526,0,3,5
45844,2,2,160525,160526,160528,1,3,0
45845,4,1,160529,160529,160530,0,1,1
45846,4,1,160533,160533,160534,0,1,3
45847,5,3,160538,160538,160541,0,3,4
45848,3,1,160541,160541,160542,0,1,0
45849,5,2,160546,160546,160548,0,2,4
45850,4,1,160550,160550,160551,0,1,2
45851,5,3,160555,160555,160558,0,3,4
45852,6,3,160561,160561,160564,0,3,3
45853,5,1,160566,160566,160567,0,1,2
45854,5,1,160571,160571,160572,0,1,4
45855,3,1,160574,160574,160575,0,1,2
45856,4,2,160578,160578,160580,0,2,3
45857,3,1,160581,160581,160582,0,1,1
45858,5,3,160586,160586,160589,0,3,4
45859,5,2,160591,160591,160593,0,2,2
45860,4,3,160595,160595,160598,0,3,2
45861,6,1,160601,160601,160602,0,1,3
45862,4,3,160605,160605,160608,0,3,3
45863,1,1,160606,160608,160609,2,3,0
45864,3,2,160609,160609,160611,0,2,0
45865,2,3,160611,160611,160614,0,3,0
45866,4,1,160615,160615,160616,0,1,1
45867,6,2,160621,160621,160623,0,2,5
45868,6,3,160627,160627,160630,0,3,4
45869,3,1,160630,160630,160631,0,1,0
45870,1,2,160631,160631,160633,0,2,0
45871,6,2,160637,160637,160639,0,2,4
45872,5,3,160642,160642,160645,0,3,3
45873,5,1,160647,160647,160648,0,1,2
45874,1,3,160648,160648,160651,0,3,0
45875,4,3,160652,160652,160655,0,3,1
45876,5,3,160657,160657,160660,0,3,2
45877,1,3,160658,160660,160663,2,5,0
45878,6,3,160664,160664,160667,0,3,1
45879,2,1,160666,160667,160668,1,2,0
45880,3,2,160669,160669,160671,0,2,1
45881,1,2,160670,160671,160673,1,3,0
45882,1,3,160671,160673,160676,2,5,0
45883,2,2,160673,160676,160678,3,5,0
45884,5,3,160678,160678,160681,0,3,0
45885,6,1,160684,160684,160685,0,1,3
45886,4,2,160688,160688,160690,0,2,3
45887,1,3,160689,160690,160693,1,4,0
45888,1,3,160690,160693,160696,3,6,0
45889,6,1,160696,160696,160697,0,1,0
45890,1,3,160697,160697,160700,0,3,0
45891,6,2,160703,160703,160705,0,2,3
45892,1,1,160704,160705,160706,1,2,0
45893,1,3,160705,160706,160709,1,4,0
45894,6,2,160711,160711,160713,0,2,2
45895,6,2,160717,160717,160719,0,2,4
45896,2,3,160719,160719,160722,0,3,0
45897,2,2,160721,160722,160724,1,3,0
45898,3,3,160724,160724,160727,0,3,0
45899,6,2,160730,160730,160732,0,2,3
45900,1,1,160731,160732,160733,1,2,0
45901,5,3,160736,160736,160739,0,3,3
45902,5,3,160741,160741,160744,0,3,2
45903,4,3,160745,160745,160748,0,3,1
45904,6,2,160751,160751,160753,0,2,3
45905,5,3,160756,160756,160759,0,3,3
45906,2,2,160758,160759,160761,1,3,0
45907,6,3,160764,160764,160767,0,3,3
45908,2,2,160766,160767,160769,1,3,0
45909,3,1,160769,160769,160770,0,1,0
45910,5,2,160774,160774,160776,0,2,4
45911,6,2,160780,160780,160782,0,2,4
45912,6,2,160786,160786,160788,0,2,4
45913,2,3,160788,160788,160791,0,3,0
45914,6,3,160794,160794,160797,0,3,3
45915,3,3,160797,160797,160800,0,3,0
45916,1,3,160798,160800,160803,2,5,0
45917,1,3,160799,160803,160806,4,7,0
45918,1,2,160800,160806,160808,6,8,0
45919,2,1,160802,160808,160809,6,7,0
45920,6,3,160808,160809,160812,1,4,0
45921,4,3,160812,160812,160815,0,3,0
45922,5,1,160817,160817,160818,0,1,2
45923,6,2,160823,160823,160825,0,2,5
45924,5,2,160828,160828,160830,0,2,3
45925,6,2,160834,160834,160836,0,2,4
45926,4,2,160838,160838,160840,0,2,2
45927,4,1,160842,160842,160843,0,1,2
45928,6,2,160848,160848,160850,0,2,5
45929,5,1,160853,160853,160854,0,1,3
45930,2,3,160855,160855,160858,0,3,1
45931,3,1,160858,160858,160859,0,1,0
45932,5,1,160863,160863,160864,0,1,4
45933,1,1,160864,160864,160865,0,1,0
45934,3,1,160867,160867,160868,0,1,2
45935,5,1,160872,160872,160873,0,1,4
45936,5,2,160877,160877,160879,0,2,4
45937,4,2,160881,160881,160883,0,2,2
45938,3,1,160884,160884,160885,0,1,1
45939,4,1,160888,160888,160889,0,1,3
45940,2,3,160890,160890,160893,0,3,1
45941,2,3,160892,160893,160896,1,4,0
45942,6,3,160898,160898,160901,0,3,2
45943,4,3,160902,160902,160905,0,3,1
45944,6,1,160908,160908,160909,0,1,3
45945,6,2,160914,160914,160916,0,2,5
45946,1,3,160915,160916,160919,1,4,0
45947,3,3,160918,160919,160922,1,4,0
45948,4,2,160922,160922,160924,0,2,0
45949,2,3,160924,160924,160927,0,3,0
45950,3,1,160927,160927,160928,0,1,0
45951,4,1,160931,160931,160932,0,1,3
45952,1,2,160932,160932,160934,0,2,0
45953,2,1,160934,160934,160935,0,1,0
45954,3,1,160937,160937,160938,0,1,2
45955,4,1,160941,160941,160942,0,1,3
45956,5,3,160946,160946,160949,0,3,4
45957,2,3,160948,160949,160952,1,4,0
45958,1,2,160949,160952,160954,3,5,0
45959,5,1,160954,160954,160955,0,1,0
45960,5,2,160959,160959,160961,0,2,4
45961,2,2,160961,160961,160963,0,2,0
45962,2,1,160963,160963,160964,0,1,0
45963,1,2,160964,160964,160966,0,2,0
45964,6,1,160970,160970,160971,0,1,4
45965,3,2,160973,160973,160975,0,2,2
45966,2,2,160975,160975,160977,0,2,0
45967,2,3,160977,160977,160980,0,3,0
45968,5,3,160982,160982,160985,0,3,2
45969,4,1,160986,160986,160987,0,1,1
45970,2,2,160988,160988,160990,0,2,1
45971,5,2,160993,160993,160995,0,2,3
45972,2,2,160995,160995,160997,0,2,0
45973,4,1,160999,160999,161000,0,1,2
45974,5,2,161004,161004,161006,0,2,4
45975,6,3,161010,161010,161013,0,3,4
45976,1,1,161011,161013,161014,2,3,0
45977,2,1,161013,161014,161015,1,2,0
45978,1,2,161014,161015,161017,1,3,0
45979,2,2,161016,161017,161019,1,3,0
45980,3,1,161019,161019,161020,0,1,0
45981,6,1,161025,161025,161026,0,1,5
45982,4,1,161029,161029,161030,0,1,3
45983,3,2,161032,161032,161034,0,2,2
45984,3,1,161035,161035,161036,0,1,1
45985,1,3,161036,161036,161039,0,3,0
45986,4,1,161040,161040,161041,0,1,1
45987,3,2,161043,161043,161045,0,2,2
45988,1,3,161044,161045,161048,1,4,0
45989,3,1,161047,161048,161049,1,2,0
45990,2,3,161049,161049,161052,0,3,0
45991,3,3,161052,161052,161055,0,3,0
45992,4,1,161056,161056,161057,0,1,1
45993,6,2,161062,161062,161064,0,2,5
45994,1,2,161063,161064,161066,1,3,0
45995,4,3,161067,161067,161070,0,3,1
45996,3,3,161070,161070,161073,0,3,0
45997,3,1,161073,161073,161074,0,1,0
45998,5,1,161078,161078,161079,0,1,4
45999,6,1,161084,161084,161085,0,1,5
46000,2,1,161086,161086,161087,0,1,1
46001,5,3,161091,161091,161094,0,3,4
46002,3,1,161094,161094,161095,0,1,0
46003,6,2,161100,161100,161102,0,2,5
46004,1,3,161101,161102,161105,1,4,0
46005,5,1,161106,161106,161107,0,1,1
46006,1,2,161107,161107,161109,0,2,0
46007,6,1,161113,161113,161114,0,1,4
46008,4,2,161117,161117,161119,0,2,3
46009,6,1,161123,161123,161124,0,1,4
46010,5,3,161128,161128,161131,0,3,4
46011,1,3,161129,161131,161134,2,5,0
46012,5,2,161134,161134,161136,0,2,0
46013,1,3,161135,161136,161139,1,4,0
46014,4,2,161139,161139,161141,0,2,0
46015,4,3,161143,161143,161146,0,3,2
46016,3,2,161146,161146,161148,0,2,0
46017,1,2,161147,161148,161150,1,3,0
46018,1,1,161148,161150,161151,2,3,0
46019,1,1,161149,161151,161152,2,3,0
46020,1,1,161150,161152,161153,2,3,0
46021,2,2,161152,161153,161155,1,3,0
46022,4,3,161156,161156,161159,0,3,1
46023,1,1,161157,161159,161160,2,3,0
46024,3,1,161160,161160,161161,0,1,0
46025,5,2,161165,161165,161167,0,2,4
46026,6,1,161171,161171,161172,0,1,4
46027,2,1,161173,161173,161174,0,1,1
46028,5,2,161178,161178,161180,0,2,4
46029,5,2,161183,161183,161185,0,2,3
46030,4,3,161187,161187,161190,0,3,2
46031,2,2,161189,161190,161192,1,3,0
46032,6,2,161195,161195,161197,0,2,3
46033,6,1,161201,161201,161202,0,1,4
46034,5,3,161206,161206,161209,0,3,4
46035,1,3,161207,161209,161212,2,5,0
46036,2,2,161209,161212,161214,3,5,0
46037,1,3,161210,161214,161217,4,7,0
46038,6,1,161216,161217,161218,1,2,0
46039,5,1,161221,161221,161222,0,1,3
46040,5,1,161226,161226,161227,0,1,4
46041,2,2,161228,161228,161230,0,2,1
46042,5,2,161233,161233,161235,0,2,3
46043,6,3,161239,161239,161242,0,3,4
46044,2,2,161241,161242,161244,1,3,0
46045,3,1,161244,161244,161245,0,1,0
46046,1,3,161245,161245,161248,0,3,0
46047,5,1,161250,161250,161251,0,1,2
46048,1,3,161251,161251,161254,0,3,0
46049,3,2,161254,161254,161256,0,2,0
46050,1,3,161255,161256,161259,1,4,0
46051,3,1,161258,161259,161260,1,2,0
46052,2,3,161260,161260,161263,0,3,0
46053,4,3,161264,161264,161267,0,3,1
46054,1,2,161265,161267,161269,2,4,0
46055,2,1,161267,161269,161270,2,3,0
46056,5,1,161272,161272,161273,0,1,2
46057,6,3,161278,161278,161281,0,3,5
46058,3,3,161281,161281,161284,0,3,0
46059,5,2,161286,161286,161288,0,2,2
46060,4,3,161290,161290,161293,0,3,2
46061,3,2,161293,161293,161295,0,2,0
46062,2,3,161295,161295,161298,0,3,0
46063,3,2,161298,161298,161300,0,2,0
46064,1,2,161299,161300,161302,1,3,0
46065,4,2,161303,161303,161305,0,2,1
46066,6,3,161309,161309,161312,0,3,4
46067,5,2,161314,161314,161316,0,2,2
46068,1,2,161315,161316,161318,1,3,0
46069,2,1,161317,161318,161319,1,2,0
46070,6,1,161323,161323,161324,0,1,4
46071,1,2,161324,161324,161326,0,2,0
46072,6,3,161330,161330,161333,0,3,4
46073,2,2,161332,161333,161335,1,3,0
46074,6,1,161338,161338,161339,0,1,3
46075,4,1,161342,161342,161343,0,1,3
46076,3,2,161345,161345,161347,0,2,2
46077,5,2,161350,161350,161352,0,2,3
46078,5,1,161355,161355,161356,0,1,3
46079,4,2,161359,161359,161361,0,2,3
46080,5,3,161364,161364,161367,0,3,3
46081,3,3,161367,161367,161370,0,3,0
46082,6,3,161373,161373,161376,0,3,3
46083,2,1,161375,161376,161377,1,2,0
46084,5,1,161380,161380,161381,0,1,3
46085,1,1,161381,161381,161382,0,1,0
46086,4,3,161385,161385,161388,0,3,3
46087,6,3,161391,161391,161394,0,3,3
46088,5,2,161396,161396,161398,0,2,2
46089,6,3,161402,161402,161405,0,3,4
46090,6,3,161408,161408,161411,0,3,3
46091,5,3,161413,161413,161416,0,3,2
46092,5,3,161418,161418,161421,0,3,2
46093,4,3,161422,161422,161425,0,3,1
46094,4,2,161426,161426,161428,0,2,1
46095,2,1,161428,161428,161429,0,1,0
46096,6,1,161434,161434,161435,0,1,5
46097,2,1,161436,161436,161437,0,1,1
46098,4,2,161440,161440,161442,0,2,3
46099,6,2,161446,161446,161448,0,2,4
46100,3,1,161449,161449,161450,0,1,1
46101,1,2,161450,161450,161452,0,2,0
46102,4,2,161454,161454,161456,0,2,2
46103,2,1,161456,161456,161457,0,1,0
46104,3,1,161459,161459,161460,0,1,2
46105,2,3,161461,161461,161464,0,3,1
46106,5,1,161466,161466,161467,0,1,2
46107,6,2,161472,161472,161474,0,2,5
46108,5,2,161477,161477,161479,0,2,3
46109,4,3,161481,161481,161484,0,3,2
46110,1,2,161482,161484,161486,2,4,0
46111,1,1,161483,161486,161487,3,4,0
46112,4,3,161487,161487,161490,0,3,0
46113,5,1,161492,161492,161493,0,1,2
46114,3,2,161495,161495,161497,0,2,2
46115,4,2,161499,161499,161501,0,2,2
46116,5,2,161504,161504,161506,0,2,3
46117,2,2,161506,161506,161508,0,2,0
46118,2,1,161508,161508,161509,0,1,0
46119,3,1,161511,161511,161512,0,1,2
46120,2,3,161513,161513,161516,0,3,1
46121,5,2,161518,161518,161520,0,2,2
46122,3,2,161521,161521,161523,0,2,1
46123,6,1,161527,161527,161528,0,1,4
46124,1,3,161528,161528,161531,0,3,0
46125,2,3,161530,161531,161534,1,4,0
46126,4,3,161534,161534,161537,0,3,0
46127,5,3,161539,161539,161542,0,3,2
46128,2,2,161541,161542,161544,1,3,0
46129,5,1,161546,161546,161547,0,1,2
46130,4,3,161550,161550,161553,0,3,3
46131,1,1,161551,161553,161554,2,3,0
46132,2,1,161553,161554,161555,1,2,0
46133,4,3,161557,161557,161560,0,3,2
46134,1,2,161558,161560,161562,2,4,0
46135,2,3,161560,161562,161565,2,5,0
46136,5,3,161565,161565,161568,0,3,0
46137,4,3,161569,161569,161572,0,3,1
46138,4,1,161573,161573,161574,0,1,1
46139,1,3,161574,161574,161577,0,3,0
46140,6,3,161580,161580,161583,0,3,3
46141,6,2,161586,161586,161588,0,2,3
46142,4,3,161590,161590,161593,0,3,2
46143,5,2,161595,161595,161597,0,2,2
46144,3,1,161598,161598,161599,0,1,1
46145,1,1,161599,161599,161600,0,1,0
46146,4,1,161603,161603,161604,0,1,3
46147,1,1,161604,161604,161605,0,1,0
46148,3,2,161607,161607,161609,0,2,2
46149,5,3,161612,161612,161615,0,3,3
46150,6,2,161618,161618,161620,0,2,3
46151,5,1,161623,161623,161624,0,1,3
46152,5,1,161628,161628,161629,0,1,4
46153,4,3,161632,161632,161635,0,3,3
46154,6,2,161638,161638,161640,0,2,3
46155,6,1,161644,161644,161645,0,1,4
46156,3,1,161647,161647,161648,0,1,2
46157,1,2,161648,161648,161650,0,2,0
46158,4,1,161652,161652,161653,0,1,2
46159,2,2,161654,161654,161656,0,2,1
46160,2,2,161656,161656,161658,0,2,0
46161,3,3,161659,161659,161662,0,3,1
46162,1,3,161660,161662,161665,2,5,0
46163,1,1,161661,161665,161666,4,5,0
46164,3,3,161664,161666,161669,2,5,0
46165,3,1,161667,161669,161670,2,3,0
46166,1,3,161668,161670,161673,2,5,0
46167,3,2,161671,161673,161675,2,4,0
46168,5,1,161676,161676,161677,0,1,1
46169,1,2,161677,161677,161679,0,2,0
46170,1,1,161678,161679,161680,1,2,0
46171,6,2,161684,161684,161686,0,2,4
46172,2,2,161686,161686,161688,0,2,0
46173,1,2,161687,161688,161690,1,3,0
46174,5,1,161692,161692,161693,0,1,2
46175,1,3,161693,161693,161696,0,3,0
46176,2,3,161695,161696,161699,1,4,0
46177,1,1,161696,161699,161700,3,4,0
46178,2,2,161698,161700,161702,2,4,0
46179,3,1,161701,161702,161703,1,2,0
46180,6,1,161707,161707,161708,0,1,4
46181,1,2,161708,161708,161710,0,2,0
46182,3,1,161711,161711,161712,0,1,1
46183,6,2,161717,161717,161719,0,2,5
46184,5,3,161722,161722,161725,0,3,3
46185,1,2,161723,161725,161727,2,4,0
46186,4,2,161727,161727,161729,0,2,0
46187,4,2,161731,161731,161733,0,2,2
46188,2,2,161733,161733,161735,0,2,0
46189,6,1,161739,161739,161740,0,1,4
46190,6,3,161745,161745,161748,0,3,5
46191,6,3,161751,161751,161754,0,3,3
46192,4,3,161755,161755,161758,0,3,1
46193,6,3,161761,161761,161764,0,3,3
46194,5,2,161766,161766,161768,0,2,2
46195,1,1,161767,161768,161769,1,2,0
46196,5,1,161772,161772,161773,0,1,3
46197,2,1,161774,161774,161775,0,1,1
46198,6,3,161780,161780,161783,0,3,5
46199,6,2,161786,161786,161788,0,2,3
46200,5,2,161791,161791,161793,0,2,3
46201,6,1,161797,161797,161798,0,1,4
46202,2,1,161799,161799,161800,0,1,1
46203,3,1,161802,161802,161803,0,1,2
46204,3,2,161805,161805,161807,0,2,2
46205,2,1,161807,161807,161808,0,1,0
46206,3,2,161810,161810,161812,0,2,2
46207,3,2,161813,161813,161815,0,2,1
46208,6,1,161819,161819,161820,0,1,4
46209,4,1,161823,161823,161824,0,1,3
46210,2,1,161825,161825,161826,0,1,1
46211,5,3,161830,161830,161833,0,3,4
46212,4,2,161834,161834,161836,0,2,1
46213,4,1,161838,161838,161839,0,1,2
46214,3,2,161841,161841,161843,0,2,2
46215,1,1,161842,161843,161844,1,2,0
46216,3,3,161845,161845,161848,0,3,1
46217,2,2,161847,161848,161850,1,3,0
46218,2,1,161849,161850,161851,1,2,0
46219,2,2,161851,161851,161853,0,2,0
46220,6,1,161857,161857,161858,0,1,4
46221,2,3,161859,161859,161862,0,3,1
46222,1,2,161860,161862,161864,2,4,0
46223,3,1,161863,161864,161865,1,2,0
46224,3,3,161866,161866,161869,0,3,1
46225,1,1,161867,161869,161870,2,3,0
46226,4,3,161871,161871,161874,0,3,1
46227,1,1,161872,161874,161875,2,3,0
46228,6,2,161878,161878,161880,0,2,3
46229,4,3,161882,161882,161885,0,3,2
46230,3,1,161885,161885,161886,0,1,0
46231,2,2,161887,161887,161889,0,2,1
46232,5,2,161892,161892,161894,0,2,3
46233,6,1,161898,161898,161899,0,1,4
46234,3,3,161901,161901,161904,0,3,2
46235,4,1,161905,161905,161906,0,1,1
46236,6,3,161911,161911,161914,0,3,5
46237,5,1,161916,161916,161917,0,1,2
46238,3,3,161919,161919,161922,0,3,2
46239,1,1,161920,161922,161923,2,3,0
46240,4,1,161924,161924,161925,0,1,1
46241,6,3,161930,161930,161933,0,3,5
46242,1,3,161931,161933,161936,2,5,0
46243,5,3,161936,161936,161939,0,3,0
46244,1,2,161937,161939,161941,2,4,0
46245,3,1,161940,161941,161942,1,2,0
46246,5,2,161945,161945,161947,0,2,3
46247,2,1,161947,161947,161948,0,1,0
46248,4,2,161951,161951,161953,0,2,3
46249,6,2,161957,161957,161959,0,2,4
46250,6,2,161963,161963,161965,0,2,4
46251,5,2,161968,161968,161970,0,2,3
46252,4,3,161972,161972,161975,0,3,2
46253,2,3,161974,161975,161978,1,4,0
46254,5,3,161979,161979,161982,0,3,1
46255,4,2,161983,161983,161985,0,2,1
46256,1,1,161984,161985,161986,1,2,0
46257,5,2,161989,161989,161991,0,2,3
46258,1,1,161990,161991,161992,1,2,0
46259,3,2,161993,161993,161995,0,2,1
46260,2,2,161995,161995,161997,0,2,0
46261,1,2,161996,161997,161999,1,3,0
46262,5,2,162001,162001,162003,0,2,2
46263,1,3,162002,162003,162006,1,4,0
46264,1,1,162003,162006,162007,3,4,0
46265,1,1,162004,162007,162008,3,4,0
46266,4,1,162008,162008,162009,0,1,0
46267,6,1,162014,162014,162015,0,1,5
46268,2,1,162016,162016,162017,0,1,1
46269,6,2,162022,162022,162024,0,2,5
46270,2,1,162024,162024,162025,0,1,0
46271,4,2,162028,162028,162030,0,2,3
46272,4,2,162032,162032,162034,0,2,2
46273,3,3,162035,162035,162038,0,3,1
46274,3,1,162038,162038,162039,0,1,0
46275,4,2,162042,162042,162044,0,2,3
46276,4,1,162046,162046,162047,0,1,2
46277,2,1,162048,162048,162049,0,1,1
46278,4,1,162052,162052,162053,0,1,3
46279,2,1,162054,162054,162055,0,1,1
46280,4,3,162058,162058,162061,0,3,3
46281,2,1,162060,162061,162062,1,2,0
46282,6,2,162066,162066,162068,0,2,4
46283,4,2,162070,162070,162072,0,2,2
46284,3,3,162073,162073,162076,0,3,1
46285,5,2,162078,162078,162080,0,2,2
46286,3,1,162081,162081,162082,0,1,1
46287,6,3,162087,162087,162090,0,3,5
46288,2,1,162089,162090,162091,1,2,0
46289,1,2,162090,162091,162093,1,3,0
46290,5,3,162095,162095,162098,0,3,2
46291,2,3,162097,162098,162101,1,4,0
46292,2,3,162099,162101,162104,2,5,0
46293,1,2,162100,162104,162106,4,6,0
46294,2,1,162102,162106,162107,4,5,0
46295,2,1,162104,162107,162108,3,4,0
46296,2,1,162106,162108,162109,2,3,0
46297,1,3,162107,162109,162112,2,5,0
46298,4,1,162111,162112,162113,1,2,0
46299,4,2,162115,162115,162117,0,2,2
46300,6,2,162121,162121,162123,0,2,4
46301,3,1,162124,162124,162125,0,1,1
46302,3,1,162127,162127,162128,0,1,2
46303,6,3,162133,162133,162136,0,3,5
46304,5,2,162138,162138,162140,0,2,2
46305,4,3,162142,162142,162145,0,3,2
46306,3,3,162145,162145,162148,0,3,0
46307,4,2,162149,162149,162151,0,2,1
46308,1,3,162150,162151,162154,1,4,0
46309,6,1,162156,162156,162157,0,1,2
46310,1,3,162157,162157,162160,0,3,0
46311,3,3,162160,162160,162163,0,3,0
46312,4,1,162164,162164,162165,0,1,1
46313,2,2,162166,162166,162168,0,2,1
46314,2,1,162168,162168,162169,0,1,0
46315,2,2,162170,162170,162172,0,2,1
46316,2,1,162172,162172,162173,0,1,0
46317,5,3,162177,162177,162180,0,3,4
46318,4,2,162181,162181,162183,0,2,1
46319,2,3,162183,162183,162186,0,3,0
46320,4,1,162187,162187,162188,0,1,1
46321,4,1,162191,162191,162192,0,1,3
46322,2,3,162193,162193,162196,0,3,1
46323,5,3,162198,162198,162201,0,3,2
46324,2,1,162200,162201,162202,1,2,0
46325,1,2,162201,162202,162204,1,3,0
46326,1,2,162202,162204,162206,2,4,0
46327,2,1,162204,162206,162207,2,3,0
46328,5,1,162209,162209,162210,0,1,2
46329,3,2,162212,162212,162214,0,2,2
46330,3,3,162215,162215,162218,0,3,1
46331,2,1,162217,162218,162219,1,2,0
46332,4,3,162221,162221,162224,0,3,2
46333,4,2,162225,162225,162227,0,2,1
46334,3,2,162228,162228,162230,0,2,1
46335,5,3,162233,162233,162236,0,3,3
46336,5,2,162238,162238,162240,0,2,2
46337,6,3,162244,162244,162247,0,3,4
46338,6,2,162250,162250,162252,0,2,3
46339,5,3,162255,162255,162258,0,3,3
46340,2,3,162257,162258,162261,1,4,0
46341,3,2,162260,162261,162263,1,3,0
46342,4,2,162264,162264,162266,0,2,1
46343,6,3,162270,162270,162273,0,3,4
46344,6,1,162276,162276,162277,0,1,3
46345,5,3,162281,162281,162284,0,3,4
46346,5,2,162286,162286,162288,0,2,2
46347,4,1,162290,162290,162291,0,1,2
46348,4,3,162294,162294,162297,0,3,3
46349,6,2,162300,162300,162302,0,2,3
46350,1,2,162301,162302,162304,1,3,0
46351,1,1,162302,162304,162305,2,3,0
46352,5,1,162307,162307,162308,0,1,2
46353,3,1,162310,162310,162311,0,1,2
46354,1,3,162311,162311,162314,0,3,0
46355,2,3,162313,162314,162317,1,4,0
46356,1,2,162314,162317,162319,3,5,0
46357,4,2,162318,162319,162321,1,3,0
46358,1,1,162319,162321,162322,2,3,0
46359,1,3,162320,162322,162325,2,5,0
46360,3,1,162323,162325,162326,2,3,0
46361,5,2,162328,162328,162330,0,2,2
46362,1,1,162329,162330,162331,1,2,0
46363,6,2,162335,162335,162337,0,2,4
46364,5,2,162340,162340,162342,0,2,3
46365,4,1,162344,162344,162345,0,1,2
46366,1,3,162345,162345,162348,0,3,0
46367,4,1,162349,162349,162350,0,1,1
46368,3,2,162352,162352,162354,0,2,2
46369,1,2,162353,162354,162356,1,3,0
46370,5,1,162358,162358,162359,0,1,2
46371,1,3,162359,162359,162362,0,3,0
46372,6,3,162365,162365,162368,0,3,3
46373,3,3,162368,162368,162371,0,3,0
46374,6,3,162374,162374,162377,0,3,3
46375,1,2,162375,162377,162379,2,4,0
46376,4,3,162379,162379,162382,0,3,0
46377,3,3,162382,162382,162385,0,3,0
46378,5,2,162387,162387,162389,0,2,2
46379,6,1,162393,162393,162394,0,1,4
46380,2,3,162395,162395,162398,0,3,1
46381,3,3,162398,162398,162401,0,3,0
46382,6,3,162404,162404,162407,0,3,3
46383,1,1,162405,162407,162408,2,3,0
46384,1,1,162406,162408,162409,2,3,0
46385,6,3,162412,162412,162415,0,3,3
46386,4,3,162416,162416,162419,0,3,1
46387,1,1,162417,162419,162420,2,3,0
46388,2,1,162419,162420,162421,1,2,0
46389,2,2,162421,162421,162423,0,2,0
46390,6,1,162427,162427,162428,0,1,4
46391,5,1,162432,162432,162433,0,1,4
46392,6,2,162438,162438,162440,0,2,5
46393,3,1,162441,162441,162442,0,1,1
46394,3,2,162444,162444,162446,0,2,2
46395,4,3,162448,162448,162451,0,3,2
46396,5,1,162453,162453,162454,0,1,2
46397,6,3,162459,162459,162462,0,3,5
46398,4,3,162463,162463,162466,0,3,1
46399,3,1,162466,162466,162467,0,1,0
46400,5,1,162471,162471,162472,0,1,4
46401,2,3,162473,162473,162476,0,3,1
46402,1,2,162474,162476,162478,2,4,0
46403,6,1,162480,162480,162481,0,1,2
46404,4,3,162484,162484,162487,0,3,3
46405,2,1,162486,162487,162488,1,2,0
46406,1,1,162487,162488,162489,1,2,0
46407,1,2,162488,162489,162491,1,3,0
46408,2,2,162490,162491,162493,1,3,0
46409,1,2,162491,162493,162495,2,4,0
46410,3,3,162494,162495,162498,1,4,0
46411,5,1,162499,162499,162500,0,1,1
46412,4,3,162503,162503,162506,0,3,3
46413,3,3,162506,162506,162509,0,3,0
46414,5,3,162511,162511,162514,0,3,2
46415,1,3,162512,162514,162517,2,5,0
46416,2,3,162514,162517,162520,3,6,0
46417,1,1,162515,162520,162521,5,6,0
46418,4,1,162519,162521,162522,2,3,0
46419,3,2,162522,162522,162524,0,2,0
46420,3,2,162525,162525,162527,0,2,1
46421,5,2,162530,162530,162532,0,2,3
46422,2,3,162532,162532,162535,0,3,0
46423,3,1,162535,162535,162536,0,1,0
46424,5,3,162540,162540,162543,0,3,4
46425,5,1,162545,162545,162546,0,1,2
46426,3,1,162548,162548,162549,0,1,2
46427,1,2,162549,162549,162551,0,2,0
46428,4,3,162553,162553,162556,0,3,2
46429,2,3,162555,162556,162559,1,4,0
46430,4,3,162559,162559,162562,0,3,0
46431,5,2,162564,162564,162566,0,2,2
46432,6,1,162570,162570,162571,0,1,4
46433,5,2,162575,162575,162577,0,2,4
46434,2,1,162577,162577,162578,0,1,0
46435,3,2,162580,162580,162582,0,2,2
46436,5,1,162585,162585,162586,0,1,3
46437,4,2,162589,162589,162591,0,2,3
46438,3,3,162592,162592,162595,0,3,1
46439,5,1,162597,162597,162598,0,1,2
46440,4,2,162601,162601,162603,0,2,3
46441,2,3,162603,162603,162606,0,3,0
46442,6,1,162609,162609,162610,0,1,3
46443,1,1,162610,162610,162611,0,1,0
46444,4,2,162614,162614,162616,0,2,3
46445,4,3,162618,162618,162621,0,3,2
46446,2,1,162620,162621,162622,1,2,0
46447,4,2,162624,162624,162626,0,2,2
46448,1,3,162625,162626,162629,1,4,0
46449,1,1,162626,162629,162630,3,4,0
46450,4,2,162630,162630,162632,0,2,0
46451,5,2,162635,162635,162637,0,2,3
46452,4,2,162639,162639,162641,0,2,2
46453,4,2,162643,162643,162645,0,2,2
46454,5,2,162648,162648,162650,0,2,3
46455,6,1,162654,162654,162655,0,1,4
46456,6,3,162660,162660,162663,0,3,5
46457,1,2,162661,162663,162665,2,4,0
46458,6,2,162667,162667,162669,0,2,2
46459,4,2,162671,162671,162673,0,2,2
46460,1,2,162672,162673,162675,1,3,0
46461,5,1,162677,162677,162678,0,1,2
46462,5,3,162682,162682,162685,0,3,4
46463,1,1,162683,162685,162686,2,3,0
46464,1,1,162684,162686,162687,2,3,0
46465,1,1,162685,162687,162688,2,3,0
46466,1,1,162686,162688,162689,2,3,0
46467,5,1,162691,162691,162692,0,1,2
46468,4,3,162695,162695,162698,0,3,3
46469,6,1,162701,162701,162702,0,1,3
46470,6,3,162707,162707,162710,0,3,5
46471,1,2,162708,162710,162712,2,4,0
46472,1,1,162709,162712,162713,3,4,0
46473,1,3,162710,162713,162716,3,6,0
46474,5,2,162715,162716,162718,1,3,0
46475,6,2,162721,162721,162723,0,2,3
46476,1,3,162722,162723,162726,1,4,0
46477,2,1,162724,162726,162727,2,3,0
46478,5,1,162729,162729,162730,0,1,2
46479,1,1,162730,162730,162731,0,1,0
46480,1,1,162731,162731,162732,0,1,0
46481,3,3,162734,162734,162737,0,3,2
46482,3,1,162737,162737,162738,0,1,0
46483,1,2,162738,162738,162740,0,2,0
46484,6,2,162744,162744,162746,0,2,4
46485,6,3,162750,162750,162753,0,3,4
46486,2,2,162752,162753,162755,1,3,0
46487,5,1,162757,162757,162758,0,1,2
46488,5,2,162762,162762,162764,0,2,4
46489,4,1,162766,162766,162767,0,1,2
46490,6,2,162772,162772,162774,0,2,5
46491,1,1,162773,162774,162775,1,2,0
46492,4,3,162777,162777,162780,0,3,2
46493,4,3,162781,162781,162784,0,3,1
46494,1,1,162782,162784,162785,2,3,0
46495,5,2,162787,162787,162789,0,2,2
46496,6,1,162793,162793,162794,0,1,4
46497,2,2,162795,162795,162797,0,2,1
46498,2,3,162797,162797,162800,0,3,0
46499,2,1,162799,162800,162801,1,2,0
46500,3,2,162802,162802,162804,0,2,1
46501,2,1,162804,162804,162805,0,1,0
46502,5,3,162809,162809,162812,0,3,4
46503,1,1,162810,162812,162813,2,3,0
46504,6,1,162816,162816,162817,0,1,3
46505,1,1,162817,162817,162818,0,1,0
46506,4,3,162821,162821,162824,0,3,3
46507,4,1,162825,162825,162826,0,1,1
46508,6,1,162831,162831,162832,0,1,5
46509,2,1,162833,162833,162834,0,1,1
46510,4,1,162837,162837,162838,0,1,3
46511,3,1,162840,162840,162841,0,1,2
46512,3,1,162843,162843,162844,0,1,2
46513,3,2,162846,162846,162848,0,2,2
46514,4,3,162850,162850,162853,0,3,2
46515,6,1,162856,162856,162857,0,1,3
46516,1,1,162857,162857,162858,0,1,0
46517,6,3,162863,162863,162866,0,3,5
46518,5,3,162868,162868,162871,0,3,2
46519,3,3,162871,162871,162874,0,3,0
46520,2,2,162873,162874,162876,1,3,0
46521,4,1,162877,162877,162878,0,1,1
46522,2,1,162879,162879,162880,0,1,1
46523,3,1,162882,162882,162883,0,1,2
46524,4,3,162886,162886,162889,0,3,3
46525,5,2,162891,162891,162893,0,2,2
46526,4,3,162895,162895,162898,0,3,2
46527,6,1,162901,162901,162902,0,1,3
46528,5,1,162906,162906,162907,0,1,4
46529,5,2,162911,162911,162913,0,2,4
46530,6,2,162917,162917,162919,0,2,4
46531,4,3,162921,162921,162924,0,3,2
46532,6,2,162927,162927,162929,0,2,3
46533,4,1,162931,162931,162932,0,1,2
46534,3,3,162934,162934,162937,0,3,2
46535,1,1,162935,162937,162938,2,3,0
46536,3,3,162938,162938,162941,0,3,0
46537,4,2,162942,162942,162944,0,2,1
46538,2,2,162944,162944,162946,0,2,0
46539,5,3,162949,162949,162952,0,3,3
46540,2,2,162951,162952,162954,1,3,0
46541,5,2,162956,162956,162958,0,2,2
46542,4,3,162960,162960,162963,0,3,2
46543,3,2,162963,162963,162965,0,2,0
46544,4,1,162967,162967,162968,0,1,2
46545,4,1,162971,162971,162972,0,1,3
46546,1,3,162972,162972,162975,0,3,0
46547,4,1,162976,162976,162977,0,1,1
46548,4,3,162980,162980,162983,0,3,3
46549,1,1,162981,162983,162984,2,3,0
46550,4,2,162985,162985,162987,0,2,1
46551,6,1,162991,162991,162992,0,1,4
46552,2,3,162993,162993,162996,0,3,1
46553,4,2,162997,162997,162999,0,2,1
46554,2,2,162999,162999,163001,0,2,0
46555,3,1,163002,163002,163003,0,1,1
46556,6,2,163008,163008,163010,0,2,5
46557,5,2,163013,163013,163015,0,2,3
46558,2,1,163015,163015,163016,0,1,0
46559,1,3,163016,163016,163019,0,3,0
46560,4,1,163020,163020,163021,0,1,1
46561,4,3,163024,163024,163027,0,3,3
46562,6,3,163030,163030,163033,0,3,3
46563,6,3,163036,163036,163039,0,3,3
46564,6,2,163042,163042,163044,0,2,3
46565,2,1,163044,163044,163045,0,1,0
46566,1,1,163045,163045,163046,0,1,0
46567,4,3,163049,163049,163052,0,3,3
46568,2,3,163051,163052,163055,1,4,0
46569,5,2,163056,163056,163058,0,2,1
46570,3,3,163059,163059,163062,0,3,1
46571,4,2,163063,163063,163065,0,2,1
46572,4,1,163067,163067,163068,0,1,2
46573,1,1,163068,163068,163069,0,1,0
46574,1,3,163069,163069,163072,0,3,0
46575,3,3,163072,163072,163075,0,3,0
46576,4,3,163076,163076,163079,0,3,1
46577,3,2,163079,163079,163081,0,2,0
46578,1,3,163080,163081,163084,1,4,0
46579,3,3,163083,163084,163087,1,4,0
46580,3,3,163086,163087,163090,1,4,0
46581,2,3,163088,163090,163093,2,5,0
46582,4,3,163092,163093,163096,1,4,0
46583,3,2,163095,163096,163098,1,3,0
46584,2,3,163097,163098,163101,1,4,0
46585,4,2,163101,163101,163103,0,2,0
46586,6,1,163107,163107,163108,0,1,4
46587,3,2,163110,163110,163112,0,2,2
46588,4,3,163114,163114,163117,0,3,2
46589,4,3,163118,163118,163121,0,3,1
46590,1,1,163119,163121,163122,2,3,0
46591,5,2,163124,163124,163126,0,2,2
46592,6,3,163130,163130,163133,0,3,4
46593,4,1,163134,163134,163135,0,1,1
46594,1,3,163135,163135,163138,0,3,0
46595,2,1,163137,163138,163139,1,2,0
46596,5,3,163142,163142,163145,0,3,3
46597,3,3,163145,163145,163148,0,3,0
46598,4,2,163149,163149,163151,0,2,1
46599,5,1,163154,163154,163155,0,1,3
46600,5,1,163159,163159,163160,0,1,4
46601,6,2,163165,163165,163167,0,2,5
46602,5,1,163170,163170,163171,0,1,3
46603,6,2,163176,163176,163178,0,2,5
46604,4,1,163180,163180,163181,0,1,2
46605,3,3,163183,163183,163186,0,3,2
46606,3,1,163186,163186,163187,0,1,0
46607,1,2,163187,163187,163189,0,2,0
46608,5,1,163192,163192,163193,0,1,3
46609,2,2,163194,163194,163196,0,2,1
46610,4,3,163198,163198,163201,0,3,2
46611,3,1,163201,163201,163202,0,1,0
46612,2,1,163203,163203,163204,0,1,1
46613,1,1,163204,163204,163205,0,1,0
46614,4,1,163208,163208,163209,0,1,3
46615,3,2,163211,163211,163213,0,2,2
46616,1,3,163212,163213,163216,1,4,0
46617,5,1,163217,163217,163218,0,1,1
46618,4,3,163221,163221,163224,0,3,3
46619,3,1,163224,163224,163225,0,1,0
46620,5,3,163229,163229,163232,0,3,4
46621,6,2,163235,163235,163237,0,2,3
46622,1,2,163236,163237,163239,1,3,0
46623,4,1,163240,163240,163241,0,1,1
46624,5,2,163245,163245,163247,0,2,4
46625,4,2,163249,163249,163251,0,2,2
46626,1,2,163250,163251,163253,1,3,0
46627,2,2,163252,163253,163255,1,3,0
46628,5,1,163257,163257,163258,0,1,2
46629,1,1,163258,163258,163259,0,1,0
46630,3,1,163261,163261,163262,0,1,2
46631,3,3,163264,163264,163267,0,3,2
46632,2,2,163266,163267,163269,1,3,0
46633,2,3,163268,163269,163272,1,4,0
46634,5,3,163273,163273,163276,0,3,1
46635,3,1,163276,163276,163277,0,1,0
46636,5,2,163281,163281,163283,0,2,4
46637,6,2,163287,163287,163289,0,2,4
46638,6,1,163293,163293,163294,0,1,4
46639,5,3,163298,163298,163301,0,3,4
46640,6,3,163304,163304,163307,0,3,3
46641,2,2,163306,163307,163309,1,3,0
46642,2,3,163308,163309,163312,1,4,0
46643,2,1,163310,163312,163313,2,3,0
46644,4,1,163314,163314,163315,0,1,1
46645,5,2,163319,163319,163321,0,2,4
46646,5,2,163324,163324,163326,0,2,3
46647,3,2,163327,163327,163329,0,2,1
46648,1,2,163328,163329,163331,1,3,0
46649,4,2,163332,163332,163334,0,2,1
46650,1,3,163333,163334,163337,1,4,0
46651,2,1,163335,163337,163338,2,3,0
46652,2,1,163337,163338,163339,1,2,0
46653,4,3,163341,163341,163344,0,3,2
46654,3,1,163344,163344,163345,0,1,0
46655,5,3,163349,163349,163352,0,3,4
46656,4,1,163353,163353,163354,0,1,1
46657,6,1,163359,163359,163360,0,1,5
46658,5,2,163364,163364,163366,0,2,4
46659,5,3,163369,163369,163372,0,3,3
46660,4,2,163373,163373,163375,0,2,1
46661,6,2,163379,163379,163381,0,2,4
46662,1,1,163380,163381,163382,1,2,0
46663,2,3,163382,163382,163385,0,3,0
46664,4,3,163386,163386,163389,0,3,1
46665,6,3,163392,163392,163395,0,3,3
46666,6,3,163398,163398,163401,0,3,3
46667,5,3,163403,163403,163406,0,3,2
46668,1,1,163404,163406,163407,2,3,0
46669,3,3,163407,163407,163410,0,3,0
46670,3,3,163410,163410,163413,0,3,0
46671,4,2,163414,163414,163416,0,2,1
46672,5,3,163419,163419,163422,0,3,3
46673,4,2,163423,163423,163425,0,2,1
46674,2,2,163425,163425,163427,0,2,0
46675,6,2,163431,163431,163433,0,2,4
46676,6,2,163437,163437,163439,0,2,4
46677,6,2,163443,163443,163445,0,2,4
46678,5,1,163448,163448,163449,0,1,3
46679,6,1,163454,163454,163455,0,1,5
46680,1,3,163455,163455,163458,0,3,0
46681,1,3,163456,163458,163461,2,5,0
46682,4,1,163460,163461,163462,1,2,0
46683,5,2,163465,163465,163467,0,2,3
46684,1,3,163466,163467,163470,1,4,0
46685,4,2,163470,163470,163472,0,2,0
46686,4,3,163474,163474,163477,0,3,2
46687,4,2,163478,163478,163480,0,2,1
46688,3,2,163481,163481,163483,0,2,1
46689,6,3,163487,163487,163490,0,3,4
46690,4,1,163491,163491,163492,0,1,1
46691,6,3,163497,163497,163500,0,3,5
46692,3,3,163500,163500,163503,0,3,0
46693,1,1,163501,163503,163504,2,3,0
46694,3,2,163504,163504,163506,0,2,0
46695,3,3,163507,163507,163510,0,3,1
46696,1,1,163508,163510,163511,2,3,0
46697,5,1,163513,163513,163514,0,1,2
46698,6,1,163519,163519,163520,0,1,5
46699,2,1,163521,163521,163522,0,1,1
46700,4,1,163525,163525,163526,0,1,3
46701,2,1,163527,163527,163528,0,1,1
46702,3,3,163530,163530,163533,0,3,2
46703,5,3,163535,163535,163538,0,3,2
46704,3,1,163538,163538,163539,0,1,0
46705,2,1,163540,163540,163541,0,1,1
46706,1,3,163541,163541,163544,0,3,0
46707,6,2,163547,163547,163549,0,2,3
46708,2,2,163549,163549,163551,0,2,0
46709,4,1,163553,163553,163554,0,1,2
46710,5,2,163558,163558,163560,0,2,4
46711,1,1,163559,163560,163561,1,2,0
46712,3,2,163562,163562,163564,0,2,1
46713,5,2,163567,163567,163569,0,2,3
46714,3,1,163570,163570,163571,0,1,1
46715,4,2,163574,163574,163576,0,2,3
46716,3,3,163577,163577,163580,0,3,1
46717,4,1,163581,163581,163582,0,1,1
46718,4,3,163585,163585,163588,0,3,3
46719,4,2,163589,163589,163591,0,2,1
46720,2,1,163591,163591,163592,0,1,0
46721,3,1,163594,163594,163595,0,1,2
46722,6,1,163600,163600,163601,0,1,5
46723,1,1,163601,163601,163602,0,1,0
46724,2,3,163603,163603,163606,0,3,1
46725,3,1,163606,163606,163607,0,1,0
46726,1,3,163607,163607,163610,0,3,0
46727,4,3,163611,163611,163614,0,3,1
46728,3,1,163614,163614,163615,0,1,0
46729,5,2,163619,163619,163621,0,2,4
46730,2,2,163621,163621,163623,0,2,0
46731,2,3,163623,163623,163626,0,3,0
46732,6,3,163629,163629,163632,0,3,3
46733,1,2,163630,163632,163634,2,4,0
46734,4,3,163634,163634,163637,0,3,0
46735,3,3,163637,163637,163640,0,3,0
46736,2,2,163639,163640,163642,1,3,0
46737,4,3,163643,163643,163646,0,3,1
46738,6,1,163649,163649,163650,0,1,3
46739,2,1,163651,163651,163652,0,1,1
46740,2,3,163653,163653,163656,0,3,1
46741,3,1,163656,163656,163657,0,1,0
46742,6,3,163662,163662,163665,0,3,5
46743,1,2,163663,163665,163667,2,4,0
46744,1,3,163664,163667,163670,3,6,0
46745,5,3,163669,163670,163673,1,4,0
46746,6,2,163675,163675,163677,0,2,2
46747,4,3,163679,163679,163682,0,3,2
46748,6,3,163685,163685,163688,0,3,3
46749,4,2,163689,163689,163691,0,2,1
46750,3,1,163692,163692,163693,0,1,1
46751,5,3,163697,163697,163700,0,3,4
46752,4,1,163701,163701,163702,0,1,1
46753,1,2,163702,163702,163704,0,2,0
46754,2,3,163704,163704,163707,0,3,0
46755,1,1,163705,163707,163708,2,3,0
46756,5,2,163710,163710,163712,0,2,2
46757,4,2,163714,163714,163716,0,2,2
46758,1,3,163715,163716,163719,1,4,0
46759,5,1,163720,163720,163721,0,1,1
46760,6,2,163726,163726,163728,0,2,5
46761,2,1,163728,163728,163729,0,1,0
46762,5,2,163733,163733,163735,0,2,4
46763,4,2,163737,163737,163739,0,2,2
46764,2,2,163739,163739,163741,0,2,0
46765,5,1,163744,163744,163745,0,1,3
46766,5,2,163749,163749,163751,0,2,4
46767,6,1,163755,163755,163756,0,1,4
46768,6,3,163761,163761,163764,0,3,5
46769,1,3,163762,163764,163767,2,5,0
46770,6,2,163768,163768,163770,0,2,1
46771,1,2,163769,163770,163772,1,3,0
46772,5,3,163774,163774,163777,0,3,2
46773,6,3,163780,163780,163783,0,3,3
46774,3,1,163783,163783,163784,0,1,0
46775,2,2,163785,163785,163787,0,2,1
46776,6,1,163791,163791,163792,0,1,4
46777,4,2,163795,163795,163797,0,2,3
46778,4,1,163799,163799,163800,0,1,2
46779,4,1,163803,163803,163804,0,1,3
46780,5,2,163808,163808,163810,0,2,4
46781,6,2,163814,163814,163816,0,2,4
46782,6,2,163820,163820,163822,0,2,4
46783,4,1,163824,163824,163825,0,1,2
46784,6,1,163830,163830,163831,0,1,5
46785,2,1,163832,163832,163833,0,1,1
46786,3,3,163835,163835,163838,0,3,2
46787,4,1,163839,163839,163840,0,1,1
46788,5,2,163844,163844,163846,0,2,4
46789,6,2,163850,163850,163852,0,2,4
46790,3,1,163853,163853,163854,0,1,1
46791,5,1,163858,163858,163859,0,1,4
46792,3,2,163861,163861,163863,0,2,2
46793,5,2,163866,163866,163868,0,2,3
46794,1,1,163867,163868,163869,1,2,0
46795,1,3,163868,163869,163872,1,4,0
46796,6,3,163874,163874,163877,0,3,2
46797,4,1,163878,163878,163879,0,1,1
46798,4,3,163882,163882,163885,0,3,3
46799,6,3,163888,163888,163891,0,3,3
46800,4,2,163892,163892,163894,0,2,1
46801,3,1,163895,163895,163896,0,1,1
46802,1,3,163896,163896,163899,0,3,0
46803,2,1,163898,163899,163900,1,2,0
46804,3,2,163901,163901,163903,0,2,1
46805,2,3,163903,163903,163906,0,3,0
46806,6,1,163909,163909,163910,0,1,3
46807,1,3,163910,163910,163913,0,3,0
46808,3,3,163913,163913,163916,0,3,0
46809,2,2,163915,163916,163918,1,3,0
46810,6,1,163921,163921,163922,0,1,3
46811,5,3,163926,163926,163929,0,3,4
46812,5,1,163931,163931,163932,0,1,2
46813,4,3,163935,163935,163938,0,3,3
46814,3,3,163938,163938,163941,0,3,0
46815,4,2,163942,163942,163944,0,2,1
46816,1,3,163943,163944,163947,1,4,0
46817,1,3,163944,163947,163950,3,6,0
46818,6,3,163950,163950,163953,0,3,0
46819,5,1,163955,163955,163956,0,1,2
46820,1,2,163956,163956,163958,0,2,0
46821,4,2,163960,163960,163962,0,2,2
46822,2,2,163962,163962,163964,0,2,0
46823,6,2,163968,163968,163970,0,2,4
46824,4,3,163972,163972,163975,0,3,2
46825,1,1,163973,163975,163976,2,3,0
46826,1,1,163974,163976,163977,2,3,0
46827,2,2,163976,163977,163979,1,3,0
46828,3,3,163979,163979,163982,0,3,0
46829,3,1,163982,163982,163983,0,1,0
46830,4,1,163986,163986,163987,0,1,3
46831,6,3,163992,163992,163995,0,3,5
46832,5,3,163997,163997,164000,0,3,2
46833,5,3,164002,164002,164005,0,3,2
46834,6,3,164008,164008,164011,0,3,3
46835,1,2,164009,164011,164013,2,4,0
46836,3,3,164012,164013,164016,1,4,0
46837,2,1,164014,164016,164017,2,3,0
46838,2,1,164016,164017,164018,1,2,0
46839,3,1,164019,164019,164020,0,1,1
46840,6,1,164025,164025,164026,0,1,5
46841,6,1,164031,164031,164032,0,1,5
46842,2,3,164033,164033,164036,0,3,1
46843,3,2,164036,164036,164038,0,2,0
46844,1,3,164037,164038,164041,1,4,0
46845,3,3,164040,164041,164044,1,4,0
46846,2,3,164042,164044,164047,2,5,0
46847,1,2,164043,164047,164049,4,6,0
46848,6,2,164049,164049,164051,0,2,0
46849,1,2,164050,164051,164053,1,3,0
46850,1,2,164051,164053,164055,2,4,0
46851,3,2,164054,164055,164057,1,3,0
46852,6,2,164060,164060,164062,0,2,3
46853,5,2,164065,164065,164067,0,2,3
46854,1,1,164066,164067,164068,1,2,0
46855,2,2,164068,164068,164070,0,2,0
46856,5,2,164073,164073,164075,0,2,3
46857,2,1,164075,164075,164076,0,1,0
46858,6,3,164081,164081,164084,0,3,5
46859,1,2,164082,164084,164086,2,4,0
46860,5,3,164087,164087,164090,0,3,1
46861,1,2,164088,164090,164092,2,4,0
46862,4,2,164092,164092,164094,0,2,0
46863,6,2,164098,164098,164100,0,2,4
46864,2,2,164100,164100,164102,0,2,0
46865,3,1,164103,164103,164104,0,1,1
46866,6,3,164109,164109,164112,0,3,5
46867,1,2,164110,164112,164114,2,4,0
46868,6,3,164116,164116,164119,0,3,2
46869,6,2,164122,164122,164124,0,2,3
46870,1,3,164123,164124,164127,1,4,0
46871,1,1,164124,164127,164128,3,4,0
46872,6,2,164130,164130,164132,0,2,2
46873,1,1,164131,164132,164133,1,2,0
46874,4,3,164135,164135,164138,0,3,2
46875,6,2,164141,164141,164143,0,2,3
46876,6,3,164147,164147,164150,0,3,4
46877,4,3,164151,164151,164154,0,3,1
46878,5,2,164156,164156,164158,0,2,2
46879,1,3,164157,164158,164161,1,4,0
46880,1,1,164158,164161,164162,3,4,0
46881,6,1,164164,164164,164165,0,1,2
46882,1,2,164165,164165,164167,0,2,0
46883,4,3,164169,164169,164172,0,3,2
46884,2,2,164171,164172,164174,1,3,0
46885,3,1,164174,164174,164175,0,1,0
46886,1,3,164175,164175,164178,0,3,0
46887,3,2,164178,164178,164180,0,2,0
46888,3,3,164181,164181,164184,0,3,1
46889,1,2,164182,164184,164186,2,4,0
46890,1,3,164183,164186,164189,3,6,0
46891,6,1,164189,164189,164190,0,1,0
46892,2,1,164191,164191,164192,0,1,1
46893,1,3,164192,164192,164195,0,3,0
46894,4,1,164196,164196,164197,0,1,1
46895,4,1,164200,164200,164201,0,1,3
46896,1,2,164201,164201,164203,0,2,0
46897,5,3,164206,164206,164209,0,3,3
46898,5,3,164211,164211,164214,0,3,2
46899,4,3,164215,164215,164218,0,3,1
46900,1,1,164216,164218,164219,2,3,0
46901,3,1,164219,164219,164220,0,1,0
46902,2,3,164221,164221,164224,0,3,1
46903,2,2,164223,164224,164226,1,3,0
46904,4,1,164227,164227,164228,0,1,1
46905,3,3,164230,164230,164233,0,3,2
46906,2,1,164232,164233,164234,1,2,0
46907,5,2,164237,164237,164239,0,2,3
46908,3,2,164240,164240,164242,0,2,1
46909,4,2,164244,164244,164246,0,2,2
46910,3,3,164247,164247,164250,0,3,1
46911,3,2,164250,164250,164252,0,2,0
46912,3,1,164253,164253,164254,0,1,1
46913,5,3,164258,164258,164261,0,3,4
46914,1,3,164259,164261,164264,2,5,0
46915,2,3,164261,164264,164267,3,6,0
46916,2,1,164263,164267,164268,4,5,0
46917,4,2,164267,164268,164270,1,3,0
46918,4,3,164271,164271,164274,0,3,1
46919,4,3,164275,164275,164278,0,3,1
46920,5,1,164280,164280,164281,0,1,2
46921,4,1,164284,164284,164285,0,1,3
46922,5,2,164289,164289,164291,0,2,4
46923,3,2,164292,164292,164294,0,2,1
46924,6,2,164298,164298,164300,0,2,4
46925,4,3,164302,164302,164305,0,3,2
46926,4,1,164306,164306,164307,0,1,1
46927,2,3,164308,164308,164311,0,3,1
46928,1,2,164309,164311,164313,2,4,0
46929,2,2,164311,164313,164315,2,4,0
46930,5,1,164316,164316,164317,0,1,1
46931,6,1,164322,164322,164323,0,1,5
46932,1,3,164323,164323,164326,0,3,0
46933,4,3,164327,164327,164330,0,3,1
46934,4,3,164331,164331,164334,0,3,1
46935,1,3,164332,164334,164337,2,5,0
46936,4,1,164336,164337,164338,1,2,0
46937,6,2,164342,164342,164344,0,2,4
46938,4,3,164346,164346,164349,0,3,2
46939,5,2,164351,164351,164353,0,2,2
46940,5,2,164356,164356,164358,0,2,3
46941,5,3,164361,164361,164364,0,3,3
46942,3,1,164364,164364,164365,0,1,0
46943,6,2,164370,164370,164372,0,2,5
46944,4,3,164374,164374,164377,0,3,2
46945,3,2,164377,164377,164379,0,2,0
46946,1,1,164378,164379,164380,1,2,0
46947,4,3,164382,164382,164385,0,3,2
46948,6,3,164388,164388,164391,0,3,3
46949,1,1,164389,164391,164392,2,3,0
46950,3,1,164392,164392,164393,0,1,0
46951,2,3,164394,164394,164397,0,3,1
46952,5,2,164399,164399,164401,0,2,2
46953,5,1,164404,164404,164405,0,1,3
46954,6,3,164410,164410,164413,0,3,5
46955,3,1,164413,164413,164414,0,1,0
46956,6,2,164419,164419,164421,0,2,5
46957,4,2,164423,164423,164425,0,2,2
46958,3,3,164426,164426,164429,0,3,1
46959,5,1,164431,164431,164432,0,1,2
46960,2,2,164433,164433,164435,0,2,1
46961,3,1,164436,164436,164437,0,1,1
46962,3,2,164439,164439,164441,0,2,2
46963,3,2,164442,164442,164444,0,2,1
46964,1,3,164443,164444,164447,1,4,0
46965,1,2,164444,164447,164449,3,5,0
46966,5,1,164449,164449,164450,0,1,0
46967,2,2,164451,164451,164453,0,2,1
46968,1,1,164452,164453,164454,1,2,0
46969,2,2,164454,164454,164456,0,2,0
46970,4,2,164458,164458,164460,0,2,2
46971,2,2,164460,164460,164462,0,2,0
46972,4,2,164464,164464,164466,0,2,2
46973,3,3,164467,164467,164470,0,3,1
46974,4,3,164471,164471,164474,0,3,1
46975,3,3,164474,164474,164477,0,3,0
46976,4,3,164478,164478,164481,0,3,1
46977,1,2,164479,164481,164483,2,4,0
46978,1,2,164480,164483,164485,3,5,0
46979,5,1,164485,164485,164486,0,1,0
46980,2,1,164487,164487,164488,0,1,1
46981,4,2,164491,164491,164493,0,2,3
46982,2,3,164493,164493,164496,0,3,0
46983,3,3,164496,164496,164499,0,3,0
46984,3,1,164499,164499,164500,0,1,0
46985,2,2,164501,164501,164503,0,2,1
46986,6,1,164507,164507,164508,0,1,4
46987,5,1,164512,164512,164513,0,1,4
46988,6,2,164518,164518,164520,0,2,5
46989,4,1,164522,164522,164523,0,1,2
46990,1,3,164523,164523,164526,0,3,0
46991,5,2,164528,164528,164530,0,2,2
46992,3,1,164531,164531,164532,0,1,1
46993,3,1,164534,164534,164535,0,1,2
46994,6,1,164540,164540,164541,0,1,5
46995,3,1,164543,164543,164544,0,1,2
46996,5,2,164548,164548,164550,0,2,4
46997,3,3,164551,164551,164554,0,3,1
46998,4,3,164555,164555,164558,0,3,1
46999,2,3,164557,164558,164561,1,4,0
47000,5,2,164562,164562,164564,0,2,1
47001,3,2,164565,164565,164567,0,2,1
47002,1,2,164566,164567,164569,1,3,0
47003,1,3,164567,164569,164572,2,5,0
47004,1,3,164568,164572,164575,4,7,0
47005,5,1,164573,164575,164576,2,3,0
47006,4,2,164577,164577,164579,0,2,1
47007,5,1,164582,164582,164583,0,1,3
47008,4,1,164586,164586,164587,0,1,3
47009,1,2,164587,164587,164589,0,2,0
47010,2,1,164589,164589,164590,0,1,0
47011,4,1,164593,164593,164594,0,1,3
47012,4,2,164597,164597,164599,0,2,3
47013,5,1,164602,164602,164603,0,1,3
47014,5,2,164607,164607,164609,0,2,4
47015,3,1,164610,164610,164611,0,1,1
47016,2,3,164612,164612,164615,0,3,1
47017,1,3,164613,164615,164618,2,5,0
47018,1,2,164614,164618,164620,4,6,0
47019,4,3,164618,164620,164623,2,5,0
47020,2,3,164620,164623,164626,3,6,0
47021,2,3,164622,164626,164629,4,7,0
47022,6,2,164628,164629,164631,1,3,0
47023,5,1,164633,164633,164634,0,1,2
47024,2,1,164635,164635,164636,0,1,1
47025,6,1,164641,164641,164642,0,1,5
47026,6,2,164647,164647,164649,0,2,5
47027,5,2,164652,164652,164654,0,2,3
47028,2,3,164654,164654,164657,0,3,0
47029,3,3,164657,164657,164660,0,3,0
47030,1,3,164658,164660,164663,2,5,0
47031,4,2,164662,164663,164665,1,3,0
47032,1,1,164663,164665,164666,2,3,0
47033,1,2,164664,164666,164668,2,4,0
47034,1,1,164665,164668,164669,3,4,0
47035,6,2,164671,164671,164673,0,2,2
47036,1,2,164672,164673,164675,1,3,0
47037,4,1,164676,164676,164677,0,1,1
47038,6,1,164682,164682,164683,0,1,5
47039,3,3,164685,164685,164688,0,3,2
47040,6,3,164691,164691,164694,0,3,3
47041,3,2,164694,164694,164696,0,2,0
47042,4,3,164698,164698,164701,0,3,2
47043,3,2,164701,164701,164703,0,2,0
47044,3,1,164704,164704,164705,0,1,1
47045,5,2,164709,164709,164711,0,2,4
47046,5,3,164714,164714,164717,0,3,3
47047,3,3,164717,164717,164720,0,3,0
47048,4,1,164721,164721,164722,0,1,1
47049,3,1,164724,164724,164725,0,1,2
47050,2,3,164726,164726,164729,0,3,1
47051,2,2,164728,164729,164731,1,3,0
47052,6,3,164734,164734,164737,0,3,3
47053,1,3,164735,164737,164740,2,5,0
47054,1,3,164736,164740,164743,4,7,0
47055,3,1,164739,164743,164744,4,5,0
47056,4,2,164743,164744,164746,1,3,0
47057,5,2,164748,164748,164750,0,2,2
47058,3,3,164751,164751,164754,0,3,1
47059,3,2,164754,164754,164756,0,2,0
47060,5,1,164759,164759,164760,0,1,3
47061,6,3,164765,164765,164768,0,3,5
47062,2,2,164767,164768,164770,1,3,0
47063,1,2,164768,164770,164772,2,4,0
47064,6,1,164774,164774,164775,0,1,2
47065,3,1,164777,164777,164778,0,1,2
47066,2,3,164779,164779,164782,0,3,1
47067,1,2,164780,164782,164784,2,4,0
47068,6,3,164786,164786,164789,0,3,2
47069,6,2,164792,164792,164794,0,2,3
47070,2,3,164794,164794,164797,0,3,0
47071,4,2,164798,164798,164800,0,2,1
47072,2,1,164800,164800,164801,0,1,0
47073,3,1,164803,164803,164804,0,1,2
47074,1,1,164804,164804,164805,0,1,0
47075,4,3,164808,164808,164811,0,3,3
47076,1,1,164809,164811,164812,2,3,0
47077,5,3,164814,164814,164817,0,3,2
47078,1,3,164815,164817,164820,2,5,0
47079,4,2,164819,164820,164822,1,3,0
47080,5,2,164824,164824,164826,0,2,2
47081,5,2,164829,164829,164831,0,2,3
47082,3,1,164832,164832,164833,0,1,1
47083,5,1,164837,164837,164838,0,1,4
47084,1,1,164838,164838,164839,0,1,0
47085,3,2,164841,164841,164843,0,2,2
47086,4,3,164845,164845,164848,0,3,2
47087,4,1,164849,164849,164850,0,1,1
47088,5,1,164854,164854,164855,0,1,4
47089,2,3,164856,164856,164859,0,3,1
47090,3,1,164859,164859,164860,0,1,0
47091,1,3,164860,164860,164863,0,3,0
47092,6,2,164866,164866,164868,0,2,3
47093,4,2,164870,164870,164872,0,2,2
47094,5,3,164875,164875,164878,0,3,3
47095,2,3,164877,164878,164881,1,4,0
47096,1,1,164878,164881,164882,3,4,0
47097,2,2,164880,164882,164884,2,4,0
47098,2,3,164882,164884,164887,2,5,0
47099,6,2,164888,164888,164890,0,2,1
47100,6,2,164894,164894,164896,0,2,4
47101,1,1,164895,164896,164897,1,2,0
47102,2,3,164897,164897,164900,0,3,0
47103,6,2,164903,164903,164905,0,2,3
47104,6,3,164909,164909,164912,0,3,4
47105,4,3,164913,164913,164916,0,3,1
47106,1,3,164914,164916,164919,2,5,0
47107,5,1,164919,164919,164920,0,1,0
47108,3,2,164922,164922,164924,0,2,2
47109,4,1,164926,164926,164927,0,1,2
47110,2,3,164928,164928,164931,0,3,1
47111,3,1,164931,164931,164932,0,1,0
47112,5,2,164936,164936,164938,0,2,4
47113,6,1,164942,164942,164943,0,1,4
47114,1,2,164943,164943,164945,0,2,0
47115,2,2,164945,164945,164947,0,2,0
47116,6,2,164951,164951,164953,0,2,4
47117,1,3,164952,164953,164956,1,4,0
47118,2,3,164954,164956,164959,2,5,0
47119,6,2,164960,164960,164962,0,2,1
47120,3,3,164963,164963,164966,0,3,1
47121,1,3,164964,164966,164969,2,5,0
47122,1,2,164965,164969,164971,4,6,0
47123,4,2,164969,164971,164973,2,4,0
47124,1,2,164970,164973,164975,3,5,0
47125,4,2,164974,164975,164977,1,3,0
47126,2,1,164976,164977,164978,1,2,0
47127,1,3,164977,164978,164981,1,4,0
47128,6,3,164983,164983,164986,0,3,2
47129,2,1,164985,164986,164987,1,2,0
47130,4,2,164989,164989,164991,0,2,2
47131,5,2,164994,164994,164996,0,2,3
47132,1,3,164995,164996,164999,1,4,0
47133,1,2,164996,164999,165001,3,5,0
47134,5,1,165001,165001,165002,0,1,0
47135,4,2,165005,165005,165007,0,2,3
47136,2,2,165007,165007,165009,0,2,0
47137,6,2,165013,165013,165015,0,2,4
47138,4,3,165017,165017,165020,0,3,2
47139,6,3,165023,165023,165026,0,3,3
47140,4,2,165027,165027,165029,0,2,1
47141,3,2,165030,165030,165032,0,2,1
47142,3,1,165033,165033,165034,0,1,1
47143,1,1,165034,165034,165035,0,1,0
47144,1,3,165035,165035,165038,0,3,0
47145,5,3,165040,165040,165043,0,3,2
47146,6,3,165046,165046,165049,0,3,3
47147,6,2,165052,165052,165054,0,2,3
47148,6,2,165058,165058,165060,0,2,4
47149,2,2,165060,165060,165062,0,2,0
47150,4,1,165064,165064,165065,0,1,2
47151,6,3,165070,165070,165073,0,3,5
47152,6,1,165076,165076,165077,0,1,3
47153,5,3,165081,165081,165084,0,3,4
47154,1,3,165082,165084,165087,2,5,0
47155,3,3,165085,165087,165090,2,5,0
47156,4,3,165089,165090,165093,1,4,0
47157,3,1,165092,165093,165094,1,2,0
47158,4,3,165096,165096,165099,0,3,2
47159,1,2,165097,165099,165101,2,4,0
47160,2,3,165099,165101,165104,2,5,0
47161,6,3,165105,165105,165108,0,3,1
47162,1,1,165106,165108,165109,2,3,0
47163,6,3,165112,165112,165115,0,3,3
47164,2,1,165114,165115,165116,1,2,0
47165,3,2,165117,165117,165119,0,2,1
47166,5,3,165122,165122,165125,0,3,3
47167,6,2,165128,165128,165130,0,2,3
47168,6,1,165134,165134,165135,0,1,4
47169,3,1,165137,165137,165138,0,1,2
47170,4,1,165141,165141,165142,0,1,3
47171,5,2,165146,165146,165148,0,2,4
47172,5,2,165151,165151,165153,0,2,3
47173,1,2,165152,165153,165155,1,3,0
47174,4,2,165156,165156,165158,0,2,1
47175,2,2,165158,165158,165160,0,2,0
47176,5,2,165163,165163,165165,0,2,3
47177,5,2,165168,165168,165170,0,2,3
47178,2,3,165170,165170,165173,0,3,0
47179,3,3,165173,165173,165176,0,3,0
47180,2,1,165175,165176,165177,1,2,0
47181,4,2,165179,165179,165181,0,2,2
47182,4,3,165183,165183,165186,0,3,2
47183,3,2,165186,165186,165188,0,2,0
47184,3,1,165189,165189,165190,0,1,1
47185,5,1,165194,165194,165195,0,1,4
47186,4,2,165198,165198,165200,0,2,3
47187,1,1,165199,165200,165201,1,2,0
47188,1,3,165200,165201,165204,1,4,0
47189,5,1,165205,165205,165206,0,1,1
47190,4,2,165209,165209,165211,0,2,3
47191,4,3,165213,165213,165216,0,3,2
47192,5,2,165218,165218,165220,0,2,2
47193,5,2,165223,165223,165225,0,2,3
47194,3,1,165226,165226,165227,0,1,1
47195,4,1,165230,165230,165231,0,1,3
47196,2,1,165232,165232,165233,0,1,1
47197,4,1,165236,165236,165237,0,1,3
47198,3,3,165239,165239,165242,0,3,2
47199,4,2,165243,165243,165245,0,2,1
47200,6,3,165249,165249,165252,0,3,4
47201,4,1,165253,165253,165254,0,1,1
47202,2,3,165255,165255,165258,0,3,1
47203,4,3,165259,165259,165262,0,3,1
47204,3,2,165262,165262,165264,0,2,0
47205,3,2,165265,165265,165267,0,2,1
47206,5,2,165270,165270,165272,0,2,3
47207,1,3,165271,165272,165275,1,4,0
47208,2,1,165273,165275,165276,2,3,0
47209,2,1,165275,165276,165277,1,2,0
47210,4,2,165279,165279,165281,0,2,2
47211,1,3,165280,165281,165284,1,4,0
47212,6,1,165286,165286,165287,0,1,2
47213,6,2,165292,165292,165294,0,2,5
47214,2,3,165294,165294,165297,0,3,0
47215,5,3,165299,165299,165302,0,3,2
47216,5,3,165304,165304,165307,0,3,2
47217,1,3,165305,165307,165310,2,5,0
47218,5,2,165310,165310,165312,0,2,0
47219,5,3,165315,165315,165318,0,3,3
47220,5,3,165320,165320,165323,0,3,2
47221,6,1,165326,165326,165327,0,1,3
47222,3,3,165329,165329,165332,0,3,2
47223,4,2,165333,165333,165335,0,2,1
47224,1,2,165334,165335,165337,1,3,0
47225,5,2,165339,165339,165341,0,2,2
47226,5,3,165344,165344,165347,0,3,3
47227,3,1,165347,165347,165348,0,1,0
47228,1,2,165348,165348,165350,0,2,0
47229,6,1,165354,165354,165355,0,1,4
47230,5,2,165359,165359,165361,0,2,4
47231,6,2,165365,165365,165367,0,2,4
47232,3,3,165368,165368,165371,0,3,1
47233,5,1,165373,165373,165374,0,1,2
47234,6,3,165379,165379,165382,0,3,5
47235,3,1,165382,165382,165383,0,1,0
47236,4,3,165386,165386,165389,0,3,3
47237,5,2,165391,165391,165393,0,2,2
47238,6,1,165397,165397,165398,0,1,4
47239,3,2,165400,165400,165402,0,2,2
47240,6,1,165406,165406,165407,0,1,4
47241,6,3,165412,165412,165415,0,3,5
47242,3,3,165415,165415,165418,0,3,0
47243,6,3,165421,165421,165424,0,3,3
47244,5,2,165426,165426,165428,0,2,2
47245,2,2,165428,165428,165430,0,2,0
47246,2,1,165430,165430,165431,0,1,0
47247,1,2,165431,165431,165433,0,2,0
47248,1,3,165432,165433,165436,1,4,0
47249,4,1,165436,165436,165437,0,1,0
47250,5,3,165441,165441,165444,0,3,4
47251,6,1,165447,165447,165448,0,1,3
47252,5,2,165452,165452,165454,0,2,4
47253,1,3,165453,165454,165457,1,4,0
47254,5,3,165458,165458,165461,0,3,1
47255,6,3,165464,165464,165467,0,3,3
47256,6,1,165470,165470,165471,0,1,3
47257,5,3,165475,165475,165478,0,3,4
47258,2,2,165477,165478,165480,1,3,0
47259,1,1,165478,165480,165481,2,3,0
47260,1,3,165479,165481,165484,2,5,0
47261,1,1,165480,165484,165485,4,5,0
47262,4,3,165484,165485,165488,1,4,0
47263,1,2,165485,165488,165490,3,5,0
47264,5,2,165490,165490,165492,0,2,0
47265,3,1,165493,165493,165494,0,1,1
47266,2,1,165495,165495,165496,0,1,1
47267,6,3,165501,165501,165504,0,3,5
47268,2,1,165503,165504,165505,1,2,0
47269,6,2,165509,165509,165511,0,2,4
47270,4,2,165513,165513,165515,0,2,2
47271,6,3,165519,165519,165522,0,3,4
47272,6,3,165525,165525,165528,0,3,3
47273,1,3,165526,165528,165531,2,5,0
47274,6,3,165532,165532,165535,0,3,1
47275,6,2,165538,165538,165540,0,2,3
47276,3,1,165541,165541,165542,0,1,1
47277,5,2,165546,165546,165548,0,2,4
47278,3,1,165549,165549,165550,0,1,1
47279,6,2,165555,165555,165557,0,2,5
47280,2,3,165557,165557,165560,0,3,0
47281,6,2,165563,165563,165565,0,2,3
47282,4,1,165567,165567,165568,0,1,2
47283,5,3,165572,165572,165575,0,3,4
47284,6,1,165578,165578,165579,0,1,3
47285,4,1,165582,165582,165583,0,1,3
47286,2,3,165584,165584,165587,0,3,1
47287,1,3,165585,165587,165590,2,5,0
47288,4,2,165589,165590,165592,1,3,0
47289,5,3,165594,165594,165597,0,3,2
47290,5,1,165599,165599,165600,0,1,2
47291,4,1,165603,165603,165604,0,1,3
47292,3,2,165606,165606,165608,0,2,2
47293,3,1,165609,165609,165610,0,1,1
47294,6,3,165615,165615,165618,0,3,5
47295,3,3,165618,165618,165621,0,3,0
47296,1,1,165619,165621,165622,2,3,0
47297,2,3,165621,165622,165625,1,4,0
47298,6,2,165627,165627,165629,0,2,2
47299,2,3,165629,165629,165632,0,3,0
47300,6,3,165635,165635,165638,0,3,3
47301,3,2,165638,165638,165640,0,2,0
47302,6,2,165644,165644,165646,0,2,4
47303,4,3,165648,165648,165651,0,3,2
47304,3,3,165651,165651,165654,0,3,0
47305,5,3,165656,165656,165659,0,3,2
47306,6,2,165662,165662,165664,0,2,3
47307,3,1,165665,165665,165666,0,1,1
47308,3,3,165668,165668,165671,0,3,2
47309,3,3,165671,165671,165674,0,3,0
47310,1,3,165672,165674,165677,2,5,0
47311,1,3,165673,165677,165680,4,7,0
47312,3,1,165676,165680,165681,4,5,0
47313,1,3,165677,165681,165684,4,7,0
47314,4,3,165681,165684,165687,3,6,0
47315,2,2,165683,165687,165689,4,6,0
47316,1,2,165684,165689,165691,5,7,0
47317,1,2,165685,165691,165693,6,8,0
47318,6,1,165691,165693,165694,2,3,0
47319,2,2,165693,165694,165696,1,3,0
47320,5,3,165698,165698,165701,0,3,2
47321,6,3,165704,165704,165707,0,3,3
47322,3,3,165707,165707,165710,0,3,0
47323,4,3,165711,165711,165714,0,3,1
47324,5,2,165716,165716,165718,0,2,2
47325,6,3,165722,165722,165725,0,3,4
47326,6,2,165728,165728,165730,0,2,3
47327,5,2,165733,165733,165735,0,2,3
47328,6,2,165739,165739,165741,0,2,4
47329,3,3,165742,165742,165745,0,3,1
47330,4,3,165746,165746,165749,0,3,1
47331,2,2,165748,165749,165751,1,3,0
47332,2,1,165750,165751,165752,1,2,0
47333,6,3,165756,165756,165759,0,3,4
47334,4,1,165760,165760,165761,0,1,1
47335,2,2,165762,165762,165764,0,2,1
47336,3,1,165765,165765,165766,0,1,1
47337,2,3,165767,165767,165770,0,3,1
47338,1,1,165768,165770,165771,2,3,0
47339,2,3,165770,165771,165774,1,4,0
47340,2,1,165772,165774,165775,2,3,0
47341,4,2,165776,165776,165778,0,2,1
47342,4,2,165780,165780,165782,0,2,2
47343,4,1,165784,165784,165785,0,1,2
47344,4,2,165788,165788,165790,0,2,3
47345,1,3,165789,165790,165793,1,4,0
47346,2,1,165791,165793,165794,2,3,0
47347,5,3,165796,165796,165799,0,3,2
47348,4,1,165800,165800,165801,0,1,1
47349,5,2,165805,165805,165807,0,2,4
47350,1,3,165806,165807,165810,1,4,0
47351,3,1,165809,165810,165811,1,2,0
47352,5,2,165814,165814,165816,0,2,3
47353,5,2,165819,165819,165821,0,2,3
47354,4,2,165823,165823,165825,0,2,2
47355,2,1,165825,165825,165826,0,1,0
47356,2,3,165827,165827,165830,0,3,1
47357,2,2,165829,165830,165832,1,3,0
47358,4,1,165833,165833,165834,0,1,1
47359,1,1,165834,165834,165835,0,1,0
47360,1,2,165835,165835,165837,0,2,0
47361,5,2,165840,165840,165842,0,2,3
47362,3,3,165843,165843,165846,0,3,1
47363,6,2,165849,165849,165851,0,2,3
47364,6,1,165855,165855,165856,0,1,4
47365,4,2,165859,165859,165861,0,2,3
47366,6,2,165865,165865,165867,0,2,4
47367,5,2,165870,165870,165872,0,2,3
47368,5,3,165875,165875,165878,0,3,3
47369,1,3,165876,165878,165881,2,5,0
47370,5,1,165881,165881,165882,0,1,0
47371,5,3,165886,165886,165889,0,3,4
47372,1,2,165887,165889,165891,2,4,0
47373,6,2,165893,165893,165895,0,2,2
47374,6,3,165899,165899,165902,0,3,4
47375,5,1,165904,165904,165905,0,1,2
47376,1,2,165905,165905,165907,0,2,0
47377,4,2,165909,165909,165911,0,2,2
47378,2,3,165911,165911,165914,0,3,0
47379,5,1,165916,165916,165917,0,1,2
47380,3,3,165919,165919,165922,0,3,2
47381,4,2,165923,165923,165925,0,2,1
47382,4,1,165927,165927,165928,0,1,2
47383,2,1,165929,165929,165930,0,1,1
47384,2,1,165931,165931,165932,0,1,1
47385,3,3,165934,165934,165937,0,3,2
47386,5,2,165939,165939,165941,0,2,2
47387,3,3,165942,165942,165945,0,3,1
47388,5,2,165947,165947,165949,0,2,2
47389,6,3,165953,165953,165956,0,3,4
47390,1,1,165954,165956,165957,2,3,0
47391,5,1,165959,165959,165960,0,1,2
47392,3,1,165962,165962,165963,0,1,2
47393,4,2,165966,165966,165968,0,2,3
47394,2,1,165968,165968,165969,0,1,0
47395,2,3,165970,165970,165973,0,3,1
47396,1,2,165971,165973,165975,2,4,0
47397,1,3,165972,165975,165978,3,6,0
47398,4,1,165976,165978,165979,2,3,0
47399,6,1,165982,165982,165983,0,1,3
47400,2,3,165984,165984,165987,0,3,1
47401,5,2,165989,165989,165991,0,2,2
47402,4,1,165993,165993,165994,0,1,2
47403,5,2,165998,165998,166000,0,2,4
47404,2,1,166000,166000,166001,0,1,0
47405,5,3,166005,166005,166008,0,3,4
47406,1,1,166006,166008,166009,2,3,0
47407,1,1,166007,166009,166010,2,3,0
47408,1,1,166008,166010,166011,2,3,0
47409,1,1,166009,166011,166012,2,3,0
47410,6,2,166015,166015,166017,0,2,3
47411,4,3,166019,166019,166022,0,3,2
47412,6,1,166025,166025,166026,0,1,3
47413,1,3,166026,166026,166029,0,3,0
47414,3,2,166029,166029,166031,0,2,0
47415,5,3,166034,166034,166037,0,3,3
47416,1,2,166035,166037,166039,2,4,0
47417,5,1,166040,166040,166041,0,1,1
47418,6,1,166046,166046,166047,0,1,5
47419,4,3,166050,166050,166053,0,3,3
47420,5,2,166055,166055,166057,0,2,2
47421,5,3,166060,166060,166063,0,3,3
47422,6,2,166066,166066,166068,0,2,3
47423,2,2,166068,166068,166070,0,2,0
47424,4,3,166072,166072,166075,0,3,2
47425,6,2,166078,166078,166080,0,2,3
47426,4,1,166082,166082,166083,0,1,2
47427,2,3,166084,166084,166087,0,3,1
47428,5,1,166089,166089,166090,0,1,2
47429,2,3,166091,166091,166094,0,3,1
47430,2,2,166093,166094,166096,1,3,0
47431,6,1,166099,166099,166100,0,1,3
47432,2,1,166101,166101,166102,0,1,1
47433,5,1,166106,166106,166107,0,1,4
47434,6,2,166112,166112,166114,0,2,5
47435,2,3,166114,166114,166117,0,3,0
47436,1,3,166115,166117,166120,2,5,0
47437,5,2,166120,166120,166122,0,2,0
47438,3,1,166123,166123,166124,0,1,1
47439,2,3,166125,166125,166128,0,3,1
47440,6,1,166131,166131,166132,0,1,3
47441,3,1,166134,166134,166135,0,1,2
47442,5,3,166139,166139,166142,0,3,4
47443,4,1,166143,166143,166144,0,1,1
47444,4,3,166147,166147,166150,0,3,3
47445,3,3,166150,166150,166153,0,3,0
47446,3,1,166153,166153,166154,0,1,0
47447,5,3,166158,166158,166161,0,3,4
47448,5,2,166163,166163,166165,0,2,2
47449,3,2,166166,166166,166168,0,2,1
47450,6,1,166172,166172,166173,0,1,4
47451,1,3,166173,166173,166176,0,3,0
47452,6,1,166179,166179,166180,0,1,3
47453,3,3,166182,166182,166185,0,3,2
47454,4,2,166186,166186,166188,0,2,1
47455,4,3,166190,166190,166193,0,3,2
47456,6,3,166196,166196,166199,0,3,3
47457,1,3,166197,166199,166202,2,5,0
47458,2,2,166199,166202,166204,3,5,0
47459,3,2,166202,166204,166206,2,4,0
47460,4,1,166206,166206,166207,0,1,0
47461,5,2,166211,166211,166213,0,2,4
47462,3,1,166214,166214,166215,0,1,1
47463,5,2,166219,166219,166221,0,2,4
47464,2,2,166221,166221,166223,0,2,0
47465,5,1,166226,166226,166227,0,1,3
47466,6,3,166232,166232,166235,0,3,5
47467,4,3,166236,166236,166239,0,3,1
47468,4,2,166240,166240,166242,0,2,1
47469,5,3,166245,166245,166248,0,3,3
47470,6,1,166251,166251,166252,0,1,3
47471,3,1,166254,166254,166255,0,1,2
47472,5,3,166259,166259,166262,0,3,4
47473,6,1,166265,166265,166266,0,1,3
47474,5,3,166270,166270,166273,0,3,4
47475,2,3,166272,166273,166276,1,4,0
47476,3,2,166275,166276,166278,1,3,0
47477,5,2,166280,166280,166282,0,2,2
47478,4,3,166284,166284,166287,0,3,2
47479,4,3,166288,166288,166291,0,3,1
47480,5,3,166293,166293,166296,0,3,2
47481,4,2,166297,166297,166299,0,2,1
47482,4,2,166301,166301,166303,0,2,2
47483,5,1,166306,166306,166307,0,1,3
47484,1,2,166307,166307,166309,0,2,0
47485,4,1,166311,166311,166312,0,1,2
47486,2,3,166313,166313,166316,0,3,1
47487,1,3,166314,166316,166319,2,5,0
47488,6,3,166320,166320,166323,0,3,1
47489,1,1,166321,166323,166324,2,3,0
47490,2,3,166323,166324,166327,1,4,0
47491,3,2,166326,166327,166329,1,3,0
47492,3,1,166329,166329,166330,0,1,0
47493,1,1,166330,166330,166331,0,1,0
47494,1,1,166331,166331,166332,0,1,0
47495,2,3,166333,166333,166336,0,3,1
47496,1,3,166334,166336,166339,2,5,0
47497,3,3,166337,166339,166342,2,5,0
47498,6,3,166343,166343,166346,0,3,1
47499,1,1,166344,166346,166347,2,3,0
47500,3,1,166347,166347,166348,0,1,0
47501,1,2,166348,166348,166350,0,2,0
47502,6,1,166354,166354,166355,0,1,4
47503,1,3,166355,166355,166358,0,3,0
47504,2,2,166357,166358,166360,1,3,0
47505,5,3,166362,166362,166365,0,3,2
47506,4,3,166366,166366,166369,0,3,1
47507,1,3,166367,166369,166372,2,5,0
47508,3,2,166370,166372,166374,2,4,0
47509,3,1,166373,166374,166375,1,2,0
47510,1,2,166374,166375,166377,1,3,0
47511,4,3,166378,166378,166381,0,3,1
47512,6,1,166384,166384,166385,0,1,3
47513,5,3,166389,166389,166392,0,3,4
47514,1,3,166390,166392,166395,2,5,0
47515,2,1,166392,166395,166396,3,4,0
47516,5,2,166397,166397,166399,0,2,1
47517,3,3,166400,166400,166403,0,3,1
47518,6,1,166406,166406,166407,0,1,3
47519,1,1,166407,166407,166408,0,1,0
47520,3,2,166410,166410,166412,0,2,2
47521,5,1,166415,166415,166416,0,1,3
47522,2,3,166417,166417,166420,0,3,1
47523,1,1,166418,166420,166421,2,3,0
47524,4,3,166422,166422,166425,0,3,1
47525,1,2,166423,166425,166427,2,4,0
47526,6,3,166429,166429,166432,0,3,2
47527,5,3,166434,166434,166437,0,3,2
47528,5,1,166439,166439,166440,0,1,2
47529,4,2,166443,166443,166445,0,2,3
47530,5,1,166448,166448,166449,0,1,3
47531,1,2,166449,166449,166451,0,2,0
47532,1,3,166450,166451,166454,1,4,0
47533,5,3,166455,166455,166458,0,3,1
47534,2,3,166457,166458,166461,1,4,0
47535,3,3,166460,166461,166464,1,4,0
47536,1,2,166461,166464,166466,3,5,0
47537,1,1,166462,166466,166467,4,5,0
47538,6,2,166468,166468,166470,0,2,1
47539,2,1,166470,166470,166471,0,1,0
47540,4,3,166474,166474,166477,0,3,3
47541,2,3,166476,166477,166480,1,4,0
47542,5,3,166481,166481,166484,0,3,1
47543,6,1,166487,166487,166488,0,1,3
47544,2,3,166489,166489,166492,0,3,1
47545,4,1,166493,166493,166494,0,1,1
47546,3,2,166496,166496,166498,0,2,2
47547,6,1,166502,166502,166503,0,1,4
47548,5,1,166507,166507,166508,0,1,4
47549,3,1,166510,166510,166511,0,1,2
47550,4,3,166514,166514,166517,0,3,3
47551,6,2,166520,166520,166522,0,2,3
47552,3,2,166523,166523,166525,0,2,1
47553,3,1,166526,166526,166527,0,1,1
47554,4,2,166530,166530,166532,0,2,3
47555,5,2,166535,166535,166537,0,2,3
47556,6,3,166541,166541,166544,0,3,4
47557,3,2,166544,166544,166546,0,2,0
47558,5,1,166549,166549,166550,0,1,3
47559,1,3,166550,166550,166553,0,3,0
47560,2,3,166552,166553,166556,1,4,0
47561,3,2,166555,166556,166558,1,3,0
47562,6,2,166561,166561,166563,0,2,3
47563,3,1,166564,166564,166565,0,1,1
47564,6,3,166570,166570,166573,0,3,5
47565,1,3,166571,166573,166576,2,5,0
47566,3,3,166574,166576,166579,2,5,0
47567,6,2,166580,166580,166582,0,2,1
47568,4,3,166584,166584,166587,0,3,2
47569,3,3,166587,166587,166590,0,3,0
47570,1,3,166588,166590,166593,2,5,0
47571,2,3,166590,166593,166596,3,6,0
47572,6,3,166596,166596,166599,0,3,0
47573,4,3,166600,166600,166603,0,3,1
47574,6,3,166606,166606,166609,0,3,3
47575,4,2,166610,166610,166612,0,2,1
47576,4,3,166614,166614,166617,0,3,2
47577,4,3,166618,166618,166621,0,3,1
47578,5,3,166623,166623,166626,0,3,2
47579,3,2,166626,166626,166628,0,2,0
47580,1,1,166627,166628,166629,1,2,0
47581,2,3,166629,166629,166632,0,3,0
47582,5,1,166634,166634,166635,0,1,2
47583,3,3,166637,166637,166640,0,3,2
47584,5,3,166642,166642,166645,0,3,2
47585,5,2,166647,166647,166649,0,2,2
47586,1,3,166648,166649,166652,1,4,0
47587,3,1,166651,166652,166653,1,2,0
47588,6,3,166657,166657,166660,0,3,4
47589,1,1,166658,166660,166661,2,3,0
47590,2,2,166660,166661,166663,1,3,0
47591,6,3,166666,166666,166669,0,3,3
47592,6,1,166672,166672,166673,0,1,3
47593,3,3,166675,166675,166678,0,3,2
47594,4,3,166679,166679,166682,0,3,1
47595,4,3,166683,166683,166686,0,3,1
47596,6,2,166689,166689,166691,0,2,3
47597,4,1,166693,166693,166694,0,1,2
47598,5,1,166698,166698,166699,0,1,4
47599,3,3,166701,166701,166704,0,3,2
47600,1,3,166702,166704,166707,2,5,0
47601,1,1,166703,166707,166708,4,5,0
47602,2,3,166705,166708,166711,3,6,0
47603,5,2,166710,166711,166713,1,3,0
47604,6,2,166716,166716,166718,0,2,3
47605,3,2,166719,166719,166721,0,2,1
47606,4,3,166723,166723,166726,0,3,2
47607,1,3,166724,166726,166729,2,5,0
47608,2,2,166726,166729,166731,3,5,0
47609,5,3,166731,166731,166734,0,3,0
47610,5,3,166736,166736,166739,0,3,2
47611,1,3,166737,166739,166742,2,5,0
47612,6,1,166743,166743,166744,0,1,1
47613,4,3,166747,166747,166750,0,3,3
47614,4,2,166751,166751,166753,0,2,1
47615,6,2,166757,166757,166759,0,2,4
47616,2,1,166759,166759,166760,0,1,0
47617,1,1,166760,166760,166761,0,1,0
47618,2,3,166762,166762,166765,0,3,1
47619,3,2,166765,166765,166767,0,2,0
47620,5,2,166770,166770,166772,0,2,3
47621,6,3,166776,166776,166779,0,3,4
47622,5,1,166781,166781,166782,0,1,2
47623,5,3,166786,166786,166789,0,3,4
47624,6,2,166792,166792,166794,0,2,3
47625,5,2,166797,166797,166799,0,2,3
47626,5,3,166802,166802,166805,0,3,3
47627,3,2,166805,166805,166807,0,2,0
47628,4,3,166809,166809,166812,0,3,2
47629,2,2,166811,166812,166814,1,3,0
47630,3,2,166814,166814,166816,0,2,0
47631,3,3,166817,166817,166820,0,3,1
47632,2,3,166819,166820,166823,1,4,0
47633,2,2,166821,166823,166825,2,4,0
47634,5,3,166826,166826,166829,0,3,1
47635,5,3,166831,166831,166834,0,3,2
47636,1,2,166832,166834,166836,2,4,0
47637,3,1,166835,166836,166837,1,2,0
47638,1,3,166836,166837,166840,1,4,0
47639,3,3,166839,166840,166843,1,4,0
47640,1,3,166840,166843,166846,3,6,0
47641,4,3,166844,166846,166849,2,5,0
47642,2,3,166846,166849,166852,3,6,0
47643,2,2,166848,166852,166854,4,6,0
47644,4,1,166852,166854,166855,2,3,0
47645,2,1,166854,166855,166856,1,2,0
47646,6,3,166860,166860,166863,0,3,4
47647,3,3,166863,166863,166866,0,3,0
47648,1,2,166864,166866,166868,2,4,0
47649,6,1,166870,166870,166871,0,1,2
47650,5,1,166875,166875,166876,0,1,4
47651,3,2,166878,166878,166880,0,2,2
47652,2,2,166880,166880,166882,0,2,0
47653,6,2,166886,166886,166888,0,2,4
47654,2,3,166888,166888,166891,0,3,0
47655,4,2,166892,166892,166894,0,2,1
47656,3,1,166895,166895,166896,0,1,1
47657,4,1,166899,166899,166900,0,1,3
47658,6,1,166905,166905,166906,0,1,5
47659,5,1,166910,166910,166911,0,1,4
47660,2,2,166912,166912,166914,0,2,1
47661,1,2,166913,166914,166916,1,3,0
47662,1,3,166914,166916,166919,2,5,0
47663,2,3,166916,166919,166922,3,6,0
47664,6,3,166922,166922,166925,0,3,0
47665,1,2,166923,166925,166927,2,4,0
47666,4,1,166927,166927,166928,0,1,0
47667,1,3,166928,166928,166931,0,3,0
47668,1,3,166929,166931,166934,2,5,0
47669,3,1,166932,166934,166935,2,3,0
47670,2,1,166934,166935,166936,1,2,0
47671,3,2,166937,166937,166939,0,2,1
47672,3,2,166940,166940,166942,0,2,1
47673,1,2,166941,166942,166944,1,3,0
47674,5,3,166946,166946,166949,0,3,2
47675,6,1,166952,166952,166953,0,1,3
47676,1,3,166953,166953,166956,0,3,0
47677,3,1,166956,166956,166957,0,1,0
47678,5,3,166961,166961,166964,0,3,4
47679,6,2,166967,166967,166969,0,2,3
47680,3,2,166970,166970,166972,0,2,1
47681,2,2,166972,166972,166974,0,2,0
47682,2,1,166974,166974,166975,0,1,0
47683,5,1,166979,166979,166980,0,1,4
47684,5,1,166984,166984,166985,0,1,4
47685,2,2,166986,166986,166988,0,2,1
47686,4,1,166990,166990,166991,0,1,2
47687,1,3,166991,166991,166994,0,3,0
47688,3,2,166994,166994,166996,0,2,0
47689,6,3,167000,167000,167003,0,3,4
47690,3,2,167003,167003,167005,0,2,0
47691,4,2,167007,167007,167009,0,2,2
47692,3,3,167010,167010,167013,0,3,1
47693,2,3,167012,167013,167016,1,4,0
47694,1,3,167013,167016,167019,3,6,0
47695,4,3,167017,167019,167022,2,5,0
47696,1,3,167018,167022,167025,4,7,0
47697,2,2,167020,167025,167027,5,7,0
47698,6,2,167026,167027,167029,1,3,0
47699,4,1,167030,167030,167031,0,1,1
47700,1,3,167031,167031,167034,0,3,0
47701,4,2,167035,167035,167037,0,2,1
47702,5,3,167040,167040,167043,0,3,3
47703,1,3,167041,167043,167046,2,5,0
47704,3,2,167044,167046,167048,2,4,0
47705,1,1,167045,167048,167049,3,4,0
47706,4,2,167049,167049,167051,0,2,0
47707,2,1,167051,167051,167052,0,1,0
47708,2,3,167053,167053,167056,0,3,1
47709,5,2,167058,167058,167060,0,2,2
47710,3,2,167061,167061,167063,0,2,1
47711,6,3,167067,167067,167070,0,3,4
47712,1,2,167068,167070,167072,2,4,0
47713,3,2,167071,167072,167074,1,3,0
47714,4,2,167075,167075,167077,0,2,1
47715,2,2,167077,167077,167079,0,2,0
47716,1,2,167078,167079,167081,1,3,0
47717,5,2,167083,167083,167085,0,2,2
47718,3,3,167086,167086,167089,0,3,1
47719,6,1,167092,167092,167093,0,1,3
47720,4,3,167096,167096,167099,0,3,3
47721,2,2,167098,167099,167101,1,3,0
47722,5,2,167103,167103,167105,0,2,2
47723,6,2,167109,167109,167111,0,2,4
47724,1,3,167110,167111,167114,1,4,0
47725,4,3,167114,167114,167117,0,3,0
47726,3,1,167117,167117,167118,0,1,0
47727,2,1,167119,167119,167120,0,1,1
47728,3,3,167122,167122,167125,0,3,2
47729,5,2,167127,167127,167129,0,2,2
47730,2,3,167129,167129,167132,0,3,0
47731,3,3,167132,167132,167135,0,3,0
47732,4,1,167136,167136,167137,0,1,1
47733,1,2,167137,167137,167139,0,2,0
47734,5,1,167142,167142,167143,0,1,3
47735,1,3,167143,167143,167146,0,3,0
47736,3,2,167146,167146,167148,0,2,0
47737,1,1,167147,167148,167149,1,2,0
47738,3,2,167150,167150,167152,0,2,1
47739,5,1,167155,167155,167156,0,1,3
47740,2,3,167157,167157,167160,0,3,1
47741,5,3,167162,167162,167165,0,3,2
47742,2,2,167164,167165,167167,1,3,0
47743,6,2,167170,167170,167172,0,2,3
47744,5,2,167175,167175,167177,0,2,3
47745,4,2,167179,167179,167181,0,2,2
47746,3,2,167182,167182,167184,0,2,1
47747,3,2,167185,167185,167187,0,2,1
47748,5,2,167190,167190,167192,0,2,3
47749,5,2,167195,167195,167197,0,2,3
47750,4,3,167199,167199,167202,0,3,2
47751,2,2,167201,167202,167204,1,3,0
47752,2,1,167203,167204,167205,1,2,0
47753,4,2,167207,167207,167209,0,2,2
47754,5,3,167212,167212,167215,0,3,3
47755,2,1,167214,167215,167216,1,2,0
47756,2,3,167216,167216,167219,0,3,0
47757,4,3,167220,167220,167223,0,3,1
47758,1,2,167221,167223,167225,2,4,0
47759,3,1,167224,167225,167226,1,2,0
47760,5,1,167229,167229,167230,0,1,3
47761,2,2,167231,167231,167233,0,2,1
47762,4,1,167235,167235,167236,0,1,2
47763,1,1,167236,167236,167237,0,1,0
47764,6,1,167242,167242,167243,0,1,5
47765,4,3,167246,167246,167249,0,3,3
47766,4,3,167250,167250,167253,0,3,1
47767,2,2,167252,167253,167255,1,3,0
47768,5,1,167257,167257,167258,0,1,2
47769,4,3,167261,167261,167264,0,3,3
47770,6,3,167267,167267,167270,0,3,3
47771,6,3,167273,167273,167276,0,3,3
47772,2,1,167275,167276,167277,1,2,0
47773,1,3,167276,167277,167280,1,4,0
47774,3,3,167279,167280,167283,1,4,0
47775,1,3,167280,167283,167286,3,6,0
47776,6,1,167286,167286,167287,0,1,0
47777,1,2,167287,167287,167289,0,2,0
47778,1,2,167288,167289,167291,1,3,0
47779,6,2,167294,167294,167296,0,2,3
47780,4,1,167298,167298,167299,0,1,2
47781,3,1,167301,167301,167302,0,1,2
47782,2,2,167303,167303,167305,0,2,1
47783,3,2,167306,167306,167308,0,2,1
47784,3,2,167309,167309,167311,0,2,1
47785,1,2,167310,167311,167313,1,3,0
47786,3,2,167313,167313,167315,0,2,0
47787,4,1,167317,167317,167318,0,1,2
47788,5,2,167322,167322,167324,0,2,4
47789,6,1,167328,167328,167329,0,1,4
47790,4,3,167332,167332,167335,0,3,3
47791,5,1,167337,167337,167338,0,1,2
47792,6,1,167343,167343,167344,0,1,5
47793,4,1,167347,167347,167348,0,1,3
47794,2,2,167349,167349,167351,0,2,1
47795,1,2,167350,167351,167353,1,3,0
47796,5,1,167355,167355,167356,0,1,2
47797,3,1,167358,167358,167359,0,1,2
47798,4,3,167362,167362,167365,0,3,3
47799,4,1,167366,167366,167367,0,1,1
47800,4,3,167370,167370,167373,0,3,3
47801,1,1,167371,167373,167374,2,3,0
47802,6,1,167377,167377,167378,0,1,3
47803,1,3,167378,167378,167381,0,3,0
47804,1,1,167379,167381,167382,2,3,0
47805,1,2,167380,167382,167384,2,4,0
47806,1,3,167381,167384,167387,3,6,0
47807,4,3,167385,167387,167390,2,5,0
47808,5,1,167390,167390,167391,0,1,0
47809,4,1,167394,167394,167395,0,1,3
47810,4,3,167398,167398,167401,0,3,3
47811,1,2,167399,167401,167403,2,4,0
47812,6,3,167405,167405,167408,0,3,2
47813,3,1,167408,167408,167409,0,1,0
47814,4,2,167412,167412,167414,0,2,3
47815,1,2,167413,167414,167416,1,3,0
47816,4,3,167417,167417,167420,0,3,1
47817,1,3,167418,167420,167423,2,5,0
47818,2,1,167420,167423,167424,3,4,0
47819,4,3,167424,167424,167427,0,3,0
47820,5,2,167429,167429,167431,0,2,2
47821,3,1,167432,167432,167433,0,1,1
47822,5,1,167437,167437,167438,0,1,4
47823,1,1,167438,167438,167439,0,1,0
47824,1,2,167439,167439,167441,0,2,0
47825,3,1,167442,167442,167443,0,1,1
47826,1,3,167443,167443,167446,0,3,0
47827,6,3,167449,167449,167452,0,3,3
47828,6,3,167455,167455,167458,0,3,3
47829,6,2,167461,167461,167463,0,2,3
47830,3,2,167464,167464,167466,0,2,1
47831,4,2,167468,167468,167470,0,2,2
47832,2,2,167470,167470,167472,0,2,0
47833,3,2,167473,167473,167475,0,2,1
47834,2,3,167475,167475,167478,0,3,0
47835,1,1,167476,167478,167479,2,3,0
47836,3,3,167479,167479,167482,0,3,0
47837,6,1,167485,167485,167486,0,1,3
47838,2,1,167487,167487,167488,0,1,1
47839,2,3,167489,167489,167492,0,3,1
47840,4,3,167493,167493,167496,0,3,1
47841,1,1,167494,167496,167497,2,3,0
47842,1,1,167495,167497,167498,2,3,0
47843,5,2,167500,167500,167502,0,2,2
47844,4,3,167504,167504,167507,0,3,2
47845,5,3,167509,167509,167512,0,3,2
47846,5,3,167514,167514,167517,0,3,2
47847,3,2,167517,167517,167519,0,2,0
47848,6,3,167523,167523,167526,0,3,4
47849,6,2,167529,167529,167531,0,2,3
47850,4,3,167533,167533,167536,0,3,2
47851,6,1,167539,167539,167540,0,1,3
47852,4,2,167543,167543,167545,0,2,3
47853,1,2,167544,167545,167547,1,3,0
47854,2,1,167546,167547,167548,1,2,0
47855,3,1,167549,167549,167550,0,1,1
47856,3,2,167552,167552,167554,0,2,2
47857,2,3,167554,167554,167557,0,3,0
47858,2,2,167556,167557,167559,1,3,0
47859,6,2,167562,167562,167564,0,2,3
47860,3,1,167565,167565,167566,0,1,1
47861,2,1,167567,167567,167568,0,1,1
47862,6,1,167573,167573,167574,0,1,5
47863,1,1,167574,167574,167575,0,1,0
47864,6,2,167580,167580,167582,0,2,5
47865,1,3,167581,167582,167585,1,4,0
47866,5,3,167586,167586,167589,0,3,1
47867,5,1,167591,167591,167592,0,1,2
47868,2,3,167593,167593,167596,0,3,1
47869,4,1,167597,167597,167598,0,1,1
47870,3,3,167600,167600,167603,0,3,2
47871,3,3,167603,167603,167606,0,3,0
47872,5,3,167608,167608,167611,0,3,2
47873,2,1,167610,167611,167612,1,2,0
47874,4,3,167614,167614,167617,0,3,2
47875,4,1,167618,167618,167619,0,1,1
47876,6,1,167624,167624,167625,0,1,5
47877,5,1,167629,167629,167630,0,1,4
47878,2,3,167631,167631,167634,0,3,1
47879,1,1,167632,167634,167635,2,3,0
47880,3,3,167635,167635,167638,0,3,0
47881,5,2,167640,167640,167642,0,2,2
47882,6,2,167646,167646,167648,0,2,4
47883,6,1,167652,167652,167653,0,1,4
47884,5,1,167657,167657,167658,0,1,4
47885,3,2,167660,167660,167662,0,2,2
47886,4,2,167664,167664,167666,0,2,2
47887,2,2,167666,167666,167668,0,2,0
47888,3,1,167669,167669,167670,0,1,1
47889,3,1,167672,167672,167673,0,1,2
47890,3,3,167675,167675,167678,0,3,2
47891,3,2,167678,167678,167680,0,2,0
47892,3,2,167681,167681,167683,0,2,1
47893,6,2,167687,167687,167689,0,2,4
47894,6,1,167693,167693,167694,0,1,4
47895,6,3,167699,167699,167702,0,3,5
47896,2,3,167701,167702,167705,1,4,0
47897,4,1,167705,167705,167706,0,1,0
47898,1,2,167706,167706,167708,0,2,0
47899,2,1,167708,167708,167709,0,1,0
47900,4,3,167712,167712,167715,0,3,3
47901,1,1,167713,167715,167716,2,3,0
47902,2,3,167715,167716,167719,1,4,0
47903,1,1,167716,167719,167720,3,4,0
47904,4,3,167720,167720,167723,0,3,0
47905,3,1,167723,167723,167724,0,1,0
47906,5,3,167728,167728,167731,0,3,4
47907,6,3,167734,167734,167737,0,3,3
47908,3,3,167737,167737,167740,0,3,0
47909,1,1,167738,167740,167741,2,3,0
47910,2,1,167740,167741,167742,1,2,0
47911,6,1,167746,167746,167747,0,1,4
47912,2,1,167748,167748,167749,0,1,1
47913,3,1,167751,167751,167752,0,1,2
47914,2,2,167753,167753,167755,0,2,1
47915,1,2,167754,167755,167757,1,3,0
47916,3,3,167757,167757,167760,0,3,0
47917,1,1,167758,167760,167761,2,3,0
47918,3,2,167761,167761,167763,0,2,0
47919,6,1,167767,167767,167768,0,1,4
47920,2,1,167769,167769,167770,0,1,1
47921,2,1,167771,167771,167772,0,1,1
47922,1,2,167772,167772,167774,0,2,0
47923,4,3,167776,167776,167779,0,3,2
47924,5,3,167781,167781,167784,0,3,2
47925,4,2,167785,167785,167787,0,2,1
47926,4,1,167789,167789,167790,0,1,2
47927,6,1,167795,167795,167796,0,1,5
47928,4,3,167799,167799,167802,0,3,3
47929,4,3,167803,167803,167806,0,3,1
47930,6,2,167809,167809,167811,0,2,3
47931,5,1,167814,167814,167815,0,1,3
47932,1,2,167815,167815,167817,0,2,0
47933,2,3,167817,167817,167820,0,3,0
47934,1,1,167818,167820,167821,2,3,0
47935,5,1,167823,167823,167824,0,1,2
47936,1,2,167824,167824,167826,0,2,0
47937,4,1,167828,167828,167829,0,1,2
47938,2,1,167830,167830,167831,0,1,1
47939,1,3,167831,167831,167834,0,3,0
47940,4,1,167835,167835,167836,0,1,1
47941,3,3,167838,167838,167841,0,3,2
47942,6,3,167844,167844,167847,0,3,3
47943,2,2,167846,167847,167849,1,3,0
47944,6,2,167852,167852,167854,0,2,3
47945,3,1,167855,167855,167856,0,1,1
47946,4,1,167859,167859,167860,0,1,3
47947,4,3,167863,167863,167866,0,3,3
47948,5,2,167868,167868,167870,0,2,2
47949,2,1,167870,167870,167871,0,1,0
47950,2,1,167872,167872,167873,0,1,1
47951,1,2,167873,167873,167875,0,2,0
47952,3,1,167876,167876,167877,0,1,1
47953,2,1,167878,167878,167879,0,1,1
47954,6,3,167884,167884,167887,0,3,5
47955,2,1,167886,167887,167888,1,2,0
47956,4,2,167890,167890,167892,0,2,2
47957,1,1,167891,167892,167893,1,2,0
47958,3,3,167894,167894,167897,0,3,1
47959,4,2,167898,167898,167900,0,2,1
47960,4,2,167902,167902,167904,0,2,2
47961,5,2,167907,167907,167909,0,2,3
47962,6,1,167913,167913,167914,0,1,4
47963,5,3,167918,167918,167921,0,3,4
47964,3,1,167921,167921,167922,0,1,0
47965,3,3,167924,167924,167927,0,3,2
47966,4,3,167928,167928,167931,0,3,1
47967,2,2,167930,167931,167933,1,3,0
47968,1,3,167931,167933,167936,2,5,0
47969,5,2,167936,167936,167938,0,2,0
47970,3,2,167939,167939,167941,0,2,1
47971,2,1,167941,167941,167942,0,1,0
47972,1,2,167942,167942,167944,0,2,0
47973,4,3,167946,167946,167949,0,3,2
47974,4,2,167950,167950,167952,0,2,1
47975,5,3,167955,167955,167958,0,3,3
47976,6,2,167961,167961,167963,0,2,3
47977,3,1,167964,167964,167965,0,1,1
47978,1,1,167965,167965,167966,0,1,0
47979,3,3,167968,167968,167971,0,3,2
47980,4,3,167972,167972,167975,0,3,1
47981,3,1,167975,167975,167976,0,1,0
47982,3,1,167978,167978,167979,0,1,2
47983,6,2,167984,167984,167986,0,2,5
47984,2,2,167986,167986,167988,0,2,0
47985,4,1,167990,167990,167991,0,1,2
47986,6,1,167996,167996,167997,0,1,5
47987,5,3,168001,168001,168004,0,3,4
47988,6,3,168007,168007,168010,0,3,3
47989,5,2,168012,168012,168014,0,2,2
47990,6,1,168018,168018,168019,0,1,4
47991,3,2,168021,168021,168023,0,2,2
47992,4,3,168025,168025,168028,0,3,2
47993,3,3,168028,168028,168031,0,3,0
47994,3,3,168031,168031,168034,0,3,0
47995,4,3,168035,168035,168038,0,3,1
47996,3,3,168038,168038,168041,0,3,0
47997,1,1,168039,168041,168042,2,3,0
47998,4,1,168043,168043,168044,0,1,1
47999,5,1,168048,168048,168049,0,1,4
48000,2,2,168050,168050,168052,0,2,1
48001,5,1,168055,168055,168056,0,1,3
48002,4,2,168059,168059,168061,0,2,3
48003,4,3,168063,168063,168066,0,3,2
48004,4,3,168067,168067,168070,0,3,1
48005,4,1,168071,168071,168072,0,1,1
48006,2,2,168073,168073,168075,0,2,1
48007,1,3,168074,168075,168078,1,4,0
48008,5,2,168079,168079,168081,0,2,1
48009,3,3,168082,168082,168085,0,3,1
48010,5,3,168087,168087,168090,0,3,2
48011,5,1,168092,168092,168093,0,1,2
48012,5,2,168097,168097,168099,0,2,4
48013,6,1,168103,168103,168104,0,1,4
48014,5,1,168108,168108,168109,0,1,4
48015,3,1,168111,168111,168112,0,1,2
48016,5,2,168116,168116,168118,0,2,4
48017,2,1,168118,168118,168119,0,1,0
48018,2,2,168120,168120,168122,0,2,1
48019,3,2,168123,168123,168125,0,2,1
48020,5,1,168128,168128,168129,0,1,3
48021,5,3,168133,168133,168136,0,3,4
48022,4,2,168137,168137,168139,0,2,1
48023,4,1,168141,168141,168142,0,1,2
48024,5,2,168146,168146,168148,0,2,4
48025,1,3,168147,168148,168151,1,4,0
48026,4,3,168151,168151,168154,0,3,0
48027,6,2,168157,168157,168159,0,2,3
48028,1,3,168158,168159,168162,1,4,0
48029,4,2,168162,168162,168164,0,2,0
48030,2,3,168164,168164,168167,0,3,0
48031,6,3,168170,168170,168173,0,3,3
48032,6,1,168176,168176,168177,0,1,3
48033,6,2,168182,168182,168184,0,2,5
48034,1,2,168183,168184,168186,1,3,0
48035,5,1,168188,168188,168189,0,1,2
48036,1,2,168189,168189,168191,0,2,0
48037,5,2,168194,168194,168196,0,2,3
48038,4,3,168198,168198,168201,0,3,2
48039,2,2,168200,168201,168203,1,3,0
48040,6,3,168206,168206,168209,0,3,3
48041,3,2,168209,168209,168211,0,2,0
48042,1,2,168210,168211,168213,1,3,0
48043,3,1,168213,168213,168214,0,1,0
48044,5,1,168218,168218,168219,0,1,4
48045,6,3,168224,168224,168227,0,3,5
48046,3,3,168227,168227,168230,0,3,0
48047,6,2,168233,168233,168235,0,2,3
48048,4,1,168237,168237,168238,0,1,2
48049,1,2,168238,168238,168240,0,2,0
48050,4,3,168242,168242,168245,0,3,2
48051,2,2,168244,168245,168247,1,3,0
48052,6,3,168250,168250,168253,0,3,3
48053,6,1,168256,168256,168257,0,1,3
48054,2,3,168258,168258,168261,0,3,1
48055,3,1,168261,168261,168262,0,1,0
48056,3,3,168264,168264,168267,0,3,2
48057,1,2,168265,168267,168269,2,4,0
48058,1,3,168266,168269,168272,3,6,0
48059,5,2,168271,168272,168274,1,3,0
48060,5,3,168276,168276,168279,0,3,2
48061,3,3,168279,168279,168282,0,3,0
48062,5,2,168284,168284,168286,0,2,2
48063,6,2,168290,168290,168292,0,2,4
48064,4,2,168294,168294,168296,0,2,2
48065,3,3,168297,168297,168300,0,3,1
48066,3,2,168300,168300,168302,0,2,0
48067,2,2,168302,168302,168304,0,2,0
48068,2,1,168304,168304,168305,0,1,0
48069,1,3,168305,168305,168308,0,3,0
48070,2,3,168307,168308,168311,1,4,0
48071,2,3,168309,168311,168314,2,5,0
48072,6,1,168315,168315,168316,0,1,1
48073,6,3,168321,168321,168324,0,3,5
48074,5,1,168326,168326,168327,0,1,2
48075,2,1,168328,168328,168329,0,1,1
48076,5,1,168333,168333,168334,0,1,4
48077,4,3,168337,168337,168340,0,3,3
48078,1,1,168338,168340,168341,2,3,0
48079,3,3,168341,168341,168344,0,3,0
48080,5,3,168346,168346,168349,0,3,2
48081,5,1,168351,168351,168352,0,1,2
48082,4,3,168355,168355,168358,0,3,3
48083,1,3,168356,168358,168361,2,5,0
48084,4,3,168360,168361,168364,1,4,0
48085,2,1,168362,168364,168365,2,3,0
48086,2,2,168364,168365,168367,1,3,0
48087,3,2,168367,168367,168369,0,2,0
48088,6,3,168373,168373,168376,0,3,4
48089,3,2,168376,168376,168378,0,2,0
48090,5,1,168381,168381,168382,0,1,3
48091,4,1,168385,168385,168386,0,1,3
48092,2,3,168387,168387,168390,0,3,1
48093,6,2,168393,168393,168395,0,2,3
48094,5,1,168398,168398,168399,0,1,3
48095,4,2,168402,168402,168404,0,2,3
48096,2,2,168404,168404,168406,0,2,0
48097,4,3,168408,168408,168411,0,3,2
48098,4,3,168412,168412,168415,0,3,1
48099,1,1,168413,168415,168416,2,3,0
48100,2,3,168415,168416,168419,1,4,0
48101,4,3,168419,168419,168422,0,3,0
48102,6,2,168425,168425,168427,0,2,3
48103,6,1,168431,168431,168432,0,1,4
48104,4,2,168435,168435,168437,0,2,3
48105,6,1,168441,168441,168442,0,1,4
48106,3,2,168444,168444,168446,0,2,2
48107,1,2,168445,168446,168448,1,3,0
48108,3,2,168448,168448,168450,0,2,0
48109,1,3,168449,168450,168453,1,4,0
48110,2,2,168451,168453,168455,2,4,0
48111,4,1,168455,168455,168456,0,1,0
48112,1,3,168456,168456,168459,0,3,0
48113,6,1,168462,168462,168463,0,1,3
48114,6,1,168468,168468,168469,0,1,5
48115,1,3,168469,168469,168472,0,3,0
48116,6,1,168475,168475,168476,0,1,3
48117,3,2,168478,168478,168480,0,2,2
48118,1,3,168479,168480,168483,1,4,0
48119,2,1,168481,168483,168484,2,3,0
48120,3,1,168484,168484,168485,0,1,0
48121,5,3,168489,168489,168492,0,3,4
48122,2,2,168491,168492,168494,1,3,0
48123,6,3,168497,168497,168500,0,3,3
48124,6,3,168503,168503,168506,0,3,3
48125,2,2,168505,168506,168508,1,3,0
48126,4,1,168509,168509,168510,0,1,1
48127,1,1,168510,168510,168511,0,1,0
48128,6,2,168516,168516,168518,0,2,5
48129,5,2,168521,168521,168523,0,2,3
48130,4,1,168525,168525,168526,0,1,2
48131,6,3,168531,168531,168534,0,3,5
48132,1,2,168532,168534,168536,2,4,0
48133,3,2,168535,168536,168538,1,3,0
48134,4,3,168539,168539,168542,0,3,1
48135,1,3,168540,168542,168545,2,5,0
48136,2,2,168542,168545,168547,3,5,0
48137,4,1,168546,168547,168548,1,2,0
48138,4,2,168550,168550,168552,0,2,2
48139,1,3,168551,168552,168555,1,4,0
48140,5,3,168556,168556,168559,0,3,1
48141,6,1,168562,168562,168563,0,1,3
48142,5,1,168567,168567,168568,0,1,4
48143,3,3,168570,168570,168573,0,3,2
48144,2,3,168572,168573,168576,1,4,0
48145,1,3,168573,168576,168579,3,6,0
48146,3,2,168576,168579,168581,3,5,0
48147,1,3,168577,168581,168584,4,7,0
48148,5,3,168582,168584,168587,2,5,0
48149,5,2,168587,168587,168589,0,2,0
48150,1,2,168588,168589,168591,1,3,0
48151,2,1,168590,168591,168592,1,2,0
48152,4,2,168594,168594,168596,0,2,2
48153,5,3,168599,168599,168602,0,3,3
48154,5,3,168604,168604,168607,0,3,2
48155,3,1,168607,168607,168608,0,1,0
48156,3,1,168610,168610,168611,0,1,2
48157,5,1,168615,168615,168616,0,1,4
48158,5,3,168620,168620,168623,0,3,4
48159,4,1,168624,168624,168625,0,1,1
48160,2,3,168626,168626,168629,0,3,1
48161,4,1,168630,168630,168631,0,1,1
48162,5,3,168635,168635,168638,0,3,4
48163,2,1,168637,168638,168639,1,2,0
48164,2,1,168639,168639,168640,0,1,0
48165,1,3,168640,168640,168643,0,3,0
48166,5,2,168645,168645,168647,0,2,2
48167,2,1,168647,168647,168648,0,1,0
48168,3,2,168650,168650,168652,0,2,2
48169,6,1,168656,168656,168657,0,1,4
48170,5,2,168661,168661,168663,0,2,4
48171,2,1,168663,168663,168664,0,1,0
48172,5,2,168668,168668,168670,0,2,4
48173,5,2,168673,168673,168675,0,2,3
48174,2,3,168675,168675,168678,0,3,0
48175,5,3,168680,168680,168683,0,3,2
48176,2,3,168682,168683,168686,1,4,0
48177,5,1,168687,168687,168688,0,1,1
48178,2,2,168689,168689,168691,0,2,1
48179,6,3,168695,168695,168698,0,3,4
48180,3,1,168698,168698,168699,0,1,0
48181,6,2,168704,168704,168706,0,2,5
48182,3,1,168707,168707,168708,0,1,1
48183,5,2,168712,168712,168714,0,2,4
48184,2,3,168714,168714,168717,0,3,0
48185,1,3,168715,168717,168720,2,5,0
48186,1,3,168716,168720,168723,4,7,0
48187,4,1,168720,168723,168724,3,4,0
48188,1,2,168721,168724,168726,3,5,0
48189,3,3,168724,168726,168729,2,5,0
48190,5,1,168729,168729,168730,0,1,0
48191,4,1,168733,168733,168734,0,1,3
48192,1,3,168734,168734,168737,0,3,0
48193,4,3,168738,168738,168741,0,3,1
48194,5,1,168743,168743,168744,0,1,2
48195,2,3,168745,168745,168748,0,3,1
48196,4,1,168749,168749,168750,0,1,1
48197,6,3,168755,168755,168758,0,3,5
48198,2,2,168757,168758,168760,1,3,0
48199,1,2,168758,168760,168762,2,4,0
48200,6,3,168764,168764,168767,0,3,2
48201,6,1,168770,168770,168771,0,1,3
48202,4,1,168774,168774,168775,0,1,3
48203,1,1,168775,168775,168776,0,1,0
48204,5,1,168780,168780,168781,0,1,4
48205,1,2,168781,168781,168783,0,2,0
48206,6,2,168787,168787,168789,0,2,4
48207,5,2,168792,168792,168794,0,2,3
48208,6,1,168798,168798,168799,0,1,4
48209,1,1,168799,168799,168800,0,1,0
48210,6,2,168805,168805,168807,0,2,5
48211,4,2,168809,168809,168811,0,2,2
48212,1,3,168810,168811,168814,1,4,0
48213,4,1,168814,168814,168815,0,1,0
48214,2,2,168816,168816,168818,0,2,1
48215,3,3,168819,168819,168822,0,3,1
48216,6,1,168825,168825,168826,0,1,3
48217,5,3,168830,168830,168833,0,3,4
48218,3,1,168833,168833,168834,0,1,0
48219,4,2,168837,168837,168839,0,2,3
48220,3,3,168840,168840,168843,0,3,1
48221,5,1,168845,168845,168846,0,1,2
48222,5,3,168850,168850,168853,0,3,4
48223,5,1,168855,168855,168856,0,1,2
48224,3,1,168858,168858,168859,0,1,2
48225,4,1,168862,168862,168863,0,1,3
48226,4,3,168866,168866,168869,0,3,3
48227,2,2,168868,168869,168871,1,3,0
48228,2,2,168870,168871,168873,1,3,0
48229,6,3,168876,168876,168879,0,3,3
48230,3,3,168879,168879,168882,0,3,0
48231,5,2,168884,168884,168886,0,2,2
48232,1,3,168885,168886,168889,1,4,0
48233,5,2,168890,168890,168892,0,2,1
48234,5,3,168895,168895,168898,0,3,3
48235,3,2,168898,168898,168900,0,2,0
48236,5,3,168903,168903,168906,0,3,3
48237,5,3,168908,168908,168911,0,3,2
48238,5,2,168913,168913,168915,0,2,2
48239,5,1,168918,168918,168919,0,1,3
48240,1,2,168919,168919,168921,0,2,0
48241,4,2,168923,168923,168925,0,2,2
48242,6,2,168929,168929,168931,0,2,4
48243,3,1,168932,168932,168933,0,1,1
48244,6,2,168938,168938,168940,0,2,5
48245,3,1,168941,168941,168942,0,1,1
48246,6,3,168947,168947,168950,0,3,5
48247,4,3,168951,168951,168954,0,3,1
48248,5,1,168956,168956,168957,0,1,2
48249,2,1,168958,168958,168959,0,1,1
48250,3,2,168961,168961,168963,0,2,2
48251,3,3,168964,168964,168967,0,3,1
48252,1,3,168965,168967,168970,2,5,0
48253,3,3,168968,168970,168973,2,5,0
48254,5,3,168973,168973,168976,0,3,0
48255,3,3,168976,168976,168979,0,3,0
48256,2,1,168978,168979,168980,1,2,0
48257,6,3,168984,168984,168987,0,3,4
48258,3,1,168987,168987,168988,0,1,0
48259,5,2,168992,168992,168994,0,2,4
48260,4,1,168996,168996,168997,0,1,2
48261,6,1,169002,169002,169003,0,1,5
48262,5,2,169007,169007,169009,0,2,4
48263,2,1,169009,169009,169010,0,1,0
48264,3,2,169012,169012,169014,0,2,2
48265,2,3,169014,169014,169017,0,3,0
48266,5,1,169019,169019,169020,0,1,2
48267,6,2,169025,169025,169027,0,2,5
48268,3,3,169028,169028,169031,0,3,1
48269,3,1,169031,169031,169032,0,1,0
48270,5,3,169036,169036,169039,0,3,4
48271,3,3,169039,169039,169042,0,3,0
48272,6,1,169045,169045,169046,0,1,3
48273,4,1,169049,169049,169050,0,1,3
48274,4,3,169053,169053,169056,0,3,3
48275,6,3,169059,169059,169062,0,3,3
48276,4,3,169063,169063,169066,0,3,1
48277,1,2,169064,169066,169068,2,4,0
48278,2,3,169066,169068,169071,2,5,0
48279,6,3,169072,169072,169075,0,3,1
48280,5,2,169077,169077,169079,0,2,2
48281,3,1,169080,169080,169081,0,1,1
48282,3,3,169083,169083,169086,0,3,2
48283,5,1,169088,169088,169089,0,1,2
48284,4,1,169092,169092,169093,0,1,3
48285,3,3,169095,169095,169098,0,3,2
48286,1,1,169096,169098,169099,2,3,0
48287,1,1,169097,169099,169100,2,3,0
48288,2,2,169099,169100,169102,1,3,0
48289,4,1,169103,169103,169104,0,1,1
48290,1,2,169104,169104,169106,0,2,0
48291,3,1,169107,169107,169108,0,1,1
48292,4,2,169111,169111,169113,0,2,3
48293,3,3,169114,169114,169117,0,3,1
48294,1,3,169115,169117,169120,2,5,0
48295,1,3,169116,169120,169123,4,7,0
48296,1,1,169117,169123,169124,6,7,0
48297,4,3,169121,169124,169127,3,6,0
48298,2,2,169123,169127,169129,4,6,0
48299,4,1,169127,169129,169130,2,3,0
48300,2,2,169129,169130,169132,1,3,0
48301,3,3,169132,169132,169135,0,3,0
48302,4,1,169136,169136,169137,0,1,1
48303,3,2,169139,169139,169141,0,2,2
48304,1,1,169140,169141,169142,1,2,0
48305,2,1,169142,169142,169143,0,1,0
48306,2,1,169144,169144,169145,0,1,1
48307,1,3,169145,169145,169148,0,3,0
48308,5,1,169150,169150,169151,0,1,2
48309,2,3,169152,169152,169155,0,3,1
48310,4,3,169156,169156,169159,0,3,1
48311,3,2,169159,169159,169161,0,2,0
48312,3,1,169162,169162,169163,0,1,1
48313,2,1,169164,169164,169165,0,1,1
48314,3,2,169167,169167,169169,0,2,2
48315,1,3,169168,169169,169172,1,4,0
48316,2,3,169170,169172,169175,2,5,0
48317,5,2,169175,169175,169177,0,2,0
48318,2,3,169177,169177,169180,0,3,0
48319,3,2,169180,169180,169182,0,2,0
48320,2,1,169182,169182,169183,0,1,0
48321,1,1,169183,169183,169184,0,1,0
48322,3,2,169186,169186,169188,0,2,2
48323,1,1,169187,169188,169189,1,2,0
48324,5,3,169192,169192,169195,0,3,3
48325,5,3,169197,169197,169200,0,3,2
48326,3,3,169200,169200,169203,0,3,0
48327,1,3,169201,169203,169206,2,5,0
48328,2,2,169203,169206,169208,3,5,0
48329,6,2,169209,169209,169211,0,2,1
48330,3,1,169212,169212,169213,0,1,1
48331,3,1,169215,169215,169216,0,1,2
48332,4,3,169219,169219,169222,0,3,3
48333,2,3,169221,169222,169225,1,4,0
48334,1,2,169222,169225,169227,3,5,0
48335,1,3,169223,169227,169230,4,7,0
48336,1,2,169224,169230,169232,6,8,0
48337,2,1,169226,169232,169233,6,7,0
48338,6,3,169232,169233,169236,1,4,0
48339,6,1,169238,169238,169239,0,1,2
48340,4,2,169242,169242,169244,0,2,3
48341,1,2,169243,169244,169246,1,3,0
48342,5,1,169248,169248,169249,0,1,2
48343,1,2,169249,169249,169251,0,2,0
48344,3,1,169252,169252,169253,0,1,1
48345,5,1,169257,169257,169258,0,1,4
48346,5,2,169262,169262,169264,0,2,4
48347,5,2,169267,169267,169269,0,2,3
48348,6,3,169273,169273,169276,0,3,4
48349,5,1,169278,169278,169279,0,1,2
48350,3,3,169281,169281,169284,0,3,2
48351,5,2,169286,169286,169288,0,2,2
48352,6,3,169292,169292,169295,0,3,4
48353,4,1,169296,169296,169297,0,1,1
48354,4,3,169300,169300,169303,0,3,3
48355,5,3,169305,169305,169308,0,3,2
48356,5,3,169310,169310,169313,0,3,2
48357,4,2,169314,169314,169316,0,2,1
48358,5,3,169319,169319,169322,0,3,3
48359,5,2,169324,169324,169326,0,2,2
48360,5,3,169329,169329,169332,0,3,3
48361,4,2,169333,169333,169335,0,2,1
48362,3,3,169336,169336,169339,0,3,1
48363,4,2,169340,169340,169342,0,2,1
48364,1,2,169341,169342,169344,1,3,0
48365,6,1,169347,169347,169348,0,1,3
48366,4,2,169351,169351,169353,0,2,3
48367,6,2,169357,169357,169359,0,2,4
48368,6,3,169363,169363,169366,0,3,4
48369,4,1,169367,169367,169368,0,1,1
48370,4,3,169371,169371,169374,0,3,3
48371,3,2,169374,169374,169376,0,2,0
48372,4,2,169378,169378,169380,0,2,2
48373,1,2,169379,169380,169382,1,3,0
48374,4,2,169383,169383,169385,0,2,1
48375,4,3,169387,169387,169390,0,3,2
48376,2,3,169389,169390,169393,1,4,0
48377,6,3,169395,169395,169398,0,3,2
48378,6,1,169401,169401,169402,0,1,3
48379,6,3,169407,169407,169410,0,3,5
48380,3,2,169410,169410,169412,0,2,0
48381,6,1,169416,169416,169417,0,1,4
48382,6,2,169422,169422,169424,0,2,5
48383,3,3,169425,169425,169428,0,3,1
48384,3,1,169428,169428,169429,0,1,0
48385,6,2,169434,169434,169436,0,2,5
48386,4,2,169438,169438,169440,0,2,2
48387,5,3,169443,169443,169446,0,3,3
48388,5,3,169448,169448,169451,0,3,2
48389,3,3,169451,169451,169454,0,3,0
48390,6,3,169457,169457,169460,0,3,3
48391,4,2,169461,169461,169463,0,2,1
48392,5,1,169466,169466,169467,0,1,3
48393,4,3,169470,169470,169473,0,3,3
48394,1,1,169471,169473,169474,2,3,0
48395,1,2,169472,169474,169476,2,4,0
48396,2,1,169474,169476,169477,2,3,0
48397,4,3,169478,169478,169481,0,3,1
48398,4,3,169482,169482,169485,0,3,1
48399,4,2,169486,169486,169488,0,2,1
48400,1,2,169487,169488,169490,1,3,0
48401,3,2,169490,169490,169492,0,2,0
48402,6,1,169496,169496,169497,0,1,4
48403,5,2,169501,169501,169503,0,2,4
48404,6,2,169507,169507,169509,0,2,4
48405,6,1,169513,169513,169514,0,1,4
48406,1,2,169514,169514,169516,0,2,0
48407,2,3,169516,169516,169519,0,3,0
48408,3,2,169519,169519,169521,0,2,0
48409,6,2,169525,169525,169527,0,2,4
48410,4,3,169529,169529,169532,0,3,2
48411,6,3,169535,169535,169538,0,3,3
48412,6,2,169541,169541,169543,0,2,3
48413,2,2,169543,169543,169545,0,2,0
48414,4,2,169547,169547,169549,0,2,2
48415,1,1,169548,169549,169550,1,2,0
48416,2,1,169550,169550,169551,0,1,0
48417,6,2,169556,169556,169558,0,2,5
48418,1,1,169557,169558,169559,1,2,0
48419,3,3,169560,169560,169563,0,3,1
48420,6,2,169566,169566,169568,0,2,3
48421,5,2,169571,169571,169573,0,2,3
48422,5,2,169576,169576,169578,0,2,3
48423,1,2,169577,169578,169580,1,3,0
48424,3,1,169580,169580,169581,0,1,0
48425,2,3,169582,169582,169585,0,3,1
48426,5,3,169587,169587,169590,0,3,2
48427,6,2,169593,169593,169595,0,2,3
48428,5,1,169598,169598,169599,0,1,3
48429,1,3,169599,169599,169602,0,3,0
48430,2,3,169601,169602,169605,1,4,0
48431,2,3,169603,169605,169608,2,5,0
48432,5,2,169608,169608,169610,0,2,0
48433,3,1,169611,169611,169612,0,1,1
48434,3,3,169614,169614,169617,0,3,2
48435,6,2,169620,169620,169622,0,2,3
48436,6,2,169626,169626,169628,0,2,4
48437,4,2,169630,169630,169632,0,2,2
48438,1,1,169631,169632,169633,1,2,0
48439,4,3,169635,169635,169638,0,3,2
48440,4,3,169639,169639,169642,0,3,1
48441,4,2,169643,169643,169645,0,2,1
48442,2,2,169645,169645,169647,0,2,0
48443,3,2,169648,169648,169650,0,2,1
48444,4,2,169652,169652,169654,0,2,2
48445,4,1,169656,169656,169657,0,1,2
48446,2,1,169658,169658,169659,0,1,1
48447,4,2,169662,169662,169664,0,2,3
48448,1,1,169663,169664,169665,1,2,0
48449,6,2,169669,169669,169671,0,2,4
48450,5,3,169674,169674,169677,0,3,3
48451,1,1,169675,169677,169678,2,3,0
48452,6,1,169681,169681,169682,0,1,3
48453,6,2,169687,169687,169689,0,2,5
48454,6,2,169693,169693,169695,0,2,4
48455,5,1,169698,169698,169699,0,1,3
48456,5,3,169703,169703,169706,0,3,4
48457,2,1,169705,169706,169707,1,2,0
48458,6,1,169711,169711,169712,0,1,4
48459,6,1,169717,169717,169718,0,1,5
48460,6,2,169723,169723,169725,0,2,5
48461,2,3,169725,169725,169728,0,3,0
48462,6,3,169731,169731,169734,0,3,3
48463,4,3,169735,169735,169738,0,3,1
48464,5,3,169740,169740,169743,0,3,2
48465,2,3,169742,169743,169746,1,4,0
48466,6,1,169748,169748,169749,0,1,2
48467,2,3,169750,169750,169753,0,3,1
48468,2,3,169752,169753,169756,1,4,0
48469,6,1,169758,169758,169759,0,1,2
48470,4,1,169762,169762,169763,0,1,3
48471,4,1,169766,169766,169767,0,1,3
48472,2,3,169768,169768,169771,0,3,1
48473,2,3,169770,169771,169774,1,4,0
48474,5,2,169775,169775,169777,0,2,1
48475,5,3,169780,169780,169783,0,3,3
48476,1,2,169781,169783,169785,2,4,0
48477,6,3,169787,169787,169790,0,3,2
48478,1,1,169788,169790,169791,2,3,0
48479,3,3,169791,169791,169794,0,3,0
48480,5,3,169796,169796,169799,0,3,2
48481,4,2,169800,169800,169802,0,2,1
48482,2,3,169802,169802,169805,0,3,0
48483,6,3,169808,169808,169811,0,3,3
48484,6,1,169814,169814,169815,0,1,3
48485,2,2,169816,169816,169818,0,2,1
48486,5,2,169821,169821,169823,0,2,3
48487,3,3,169824,169824,169827,0,3,1
48488,3,1,169827,169827,169828,0,1,0
48489,6,3,169833,169833,169836,0,3,5
48490,1,3,169834,169836,169839,2,5,0
48491,4,3,169838,169839,169842,1,4,0
48492,5,2,169843,169843,169845,0,2,1
48493,1,2,169844,169845,169847,1,3,0
48494,1,3,169845,169847,169850,2,5,0
48495,6,1,169851,169851,169852,0,1,1
48496,4,1,169855,169855,169856,0,1,3
48497,4,3,169859,169859,169862,0,3,3
48498,2,1,169861,169862,169863,1,2,0
48499,3,2,169864,169864,169866,0,2,1
48500,5,1,169869,169869,169870,0,1,3
48501,2,1,169871,169871,169872,0,1,1
48502,3,1,169874,169874,169875,0,1,2
48503,2,2,169876,169876,169878,0,2,1
48504,2,3,169878,169878,169881,0,3,0
48505,1,1,169879,169881,169882,2,3,0
48506,1,2,169880,169882,169884,2,4,0
48507,1,2,169881,169884,169886,3,5,0
48508,4,3,169885,169886,169889,1,4,0
48509,1,2,169886,169889,169891,3,5,0
48510,4,1,169890,169891,169892,1,2,0
48511,4,2,169894,169894,169896,0,2,2
48512,5,2,169899,169899,169901,0,2,3
48513,1,1,169900,169901,169902,1,2,0
48514,5,1,169905,169905,169906,0,1,3
48515,2,3,169907,169907,169910,0,3,1
48516,2,2,169909,169910,169912,1,3,0
48517,6,2,169915,169915,169917,0,2,3
48518,2,3,169917,169917,169920,0,3,0
48519,3,2,169920,169920,169922,0,2,0
48520,2,3,169922,169922,169925,0,3,0
48521,1,2,169923,169925,169927,2,4,0
48522,1,1,169924,169927,169928,3,4,0
48523,1,2,169925,169928,169930,3,5,0
48524,5,3,169930,169930,169933,0,3,0
48525,2,3,169932,169933,169936,1,4,0
48526,6,2,169938,169938,169940,0,2,2
48527,2,1,169940,169940,169941,0,1,0
48528,3,1,169943,169943,169944,0,1,2
48529,3,2,169946,169946,169948,0,2,2
48530,6,2,169952,169952,169954,0,2,4
48531,1,3,169953,169954,169957,1,4,0
48532,5,2,169958,169958,169960,0,2,1
48533,5,3,169963,169963,169966,0,3,3
48534,1,2,169964,169966,169968,2,4,0
48535,6,2,169970,169970,169972,0,2,2
48536,6,2,169976,169976,169978,0,2,4
48537,6,1,169982,169982,169983,0,1,4
48538,6,2,169988,169988,169990,0,2,5
48539,2,3,169990,169990,169993,0,3,0
48540,6,2,169996,169996,169998,0,2,3
48541,5,1,170001,170001,170002,0,1,3
48542,1,3,170002,170002,170005,0,3,0
48543,4,2,170006,170006,170008,0,2,1
48544,4,1,170010,170010,170011,0,1,2
48545,6,3,170016,170016,170019,0,3,5
48546,6,3,170022,170022,170025,0,3,3
48547,5,2,170027,170027,170029,0,2,2
48548,3,3,170030,170030,170033,0,3,1
48549,4,1,170034,170034,170035,0,1,1
48550,1,3,170035,170035,170038,0,3,0
48551,5,1,170040,170040,170041,0,1,2
48552,5,2,170045,170045,170047,0,2,4
48553,1,3,170046,170047,170050,1,4,0
48554,5,3,170051,170051,170054,0,3,1
48555,2,2,170053,170054,170056,1,3,0
48556,2,2,170055,170056,170058,1,3,0
48557,2,3,170057,170058,170061,1,4,0
48558,3,3,170060,170061,170064,1,4,0
48559,2,3,170062,170064,170067,2,5,0
48560,2,3,170064,170067,170070,3,6,0
48561,3,3,170067,170070,170073,3,6,0
48562,6,3,170073,170073,170076,0,3,0
48563,3,3,170076,170076,170079,0,3,0
48564,4,2,170080,170080,170082,0,2,1
48565,5,3,170085,170085,170088,0,3,3
48566,4,2,170089,170089,170091,0,2,1
48567,1,3,170090,170091,170094,1,4,0
48568,4,2,170094,170094,170096,0,2,0
48569,3,3,170097,170097,170100,0,3,1
48570,6,3,170103,170103,170106,0,3,3
48571,1,1,170104,170106,170107,2,3,0
48572,2,2,170106,170107,170109,1,3,0
48573,6,1,170112,170112,170113,0,1,3
48574,4,1,170116,170116,170117,0,1,3
48575,2,1,170118,170118,170119,0,1,1
48576,2,2,170120,170120,170122,0,2,1
48577,3,3,170123,170123,170126,0,3,1
48578,5,1,170128,170128,170129,0,1,2
48579,3,3,170131,170131,170134,0,3,2
48580,5,1,170136,170136,170137,0,1,2
48581,2,1,170138,170138,170139,0,1,1
48582,1,2,170139,170139,170141,0,2,0
48583,5,1,170144,170144,170145,0,1,3
48584,4,2,170148,170148,170150,0,2,3
48585,2,2,170150,170150,170152,0,2,0
48586,1,1,170151,170152,170153,1,2,0
48587,1,3,170152,170153,170156,1,4,0
48588,2,2,170154,170156,170158,2,4,0
48589,6,3,170160,170160,170163,0,3,2
48590,1,1,170161,170163,170164,2,3,0
48591,2,1,170163,170164,170165,1,2,0
48592,3,1,170166,170166,170167,0,1,1
48593,2,3,170168,170168,170171,0,3,1
48594,4,2,170172,170172,170174,0,2,1
48595,6,1,170178,170178,170179,0,1,4
48596,2,2,170180,170180,170182,0,2,1
48597,5,2,170185,170185,170187,0,2,3
48598,6,3,170191,170191,170194,0,3,4
48599,1,3,170192,170194,170197,2,5,0
48600,6,2,170198,170198,170200,0,2,1
48601,3,2,170201,170201,170203,0,2,1
48602,3,3,170204,170204,170207,0,3,1
48603,4,2,170208,170208,170210,0,2,1
48604,1,3,170209,170210,170213,1,4,0
48605,2,2,170211,170213,170215,2,4,0
48606,2,3,170213,170215,170218,2,5,0
48607,2,2,170215,170218,170220,3,5,0
48608,6,2,170221,170221,170223,0,2,1
48609,1,3,170222,170223,170226,1,4,0
48610,2,2,170224,170226,170228,2,4,0
48611,1,1,170225,170228,170229,3,4,0
48612,1,1,170226,170229,170230,3,4,0
48613,6,2,170232,170232,170234,0,2,2
48614,6,2,170238,170238,170240,0,2,4
48615,6,1,170244,170244,170245,0,1,4
48616,5,3,170249,170249,170252,0,3,4
48617,2,3,170251,170252,170255,1,4,0
48618,1,3,170252,170255,170258,3,6,0
48619,5,1,170257,170258,170259,1,2,0
48620,2,1,170259,170259,170260,0,1,0
48621,4,2,170263,170263,170265,0,2,3
48622,3,2,170266,170266,170268,0,2,1
48623,4,1,170270,170270,170271,0,1,2
48624,2,3,170272,170272,170275,0,3,1
48625,4,3,170276,170276,170279,0,3,1
48626,1,1,170277,170279,170280,2,3,0
48627,4,1,170281,170281,170282,0,1,1
48628,2,2,170283,170283,170285,0,2,1
48629,2,1,170285,170285,170286,0,1,0
48630,1,1,170286,170286,170287,0,1,0
48631,3,3,170289,170289,170292,0,3,2
48632,6,3,170295,170295,170298,0,3,3
48633,4,1,170299,170299,170300,0,1,1
48634,2,2,170301,170301,170303,0,2,1
48635,6,3,170307,170307,170310,0,3,4
48636,3,1,170310,170310,170311,0,1,0
48637,3,2,170313,170313,170315,0,2,2
48638,4,2,170317,170317,170319,0,2,2
48639,5,2,170322,170322,170324,0,2,3
48640,5,3,170327,170327,170330,0,3,3
48641,4,2,170331,170331,170333,0,2,1
48642,6,1,170337,170337,170338,0,1,4
48643,3,1,170340,170340,170341,0,1,2
48644,2,2,170342,170342,170344,0,2,1
48645,4,3,170346,170346,170349,0,3,2
48646,4,2,170350,170350,170352,0,2,1
48647,2,2,170352,170352,170354,0,2,0
48648,3,2,170355,170355,170357,0,2,1
48649,3,1,170358,170358,170359,0,1,1
48650,6,3,170364,170364,170367,0,3,5
48651,5,3,170369,170369,170372,0,3,2
48652,4,3,170373,170373,170376,0,3,1
48653,6,3,170379,170379,170382,0,3,3
48654,4,1,170383,170383,170384,0,1,1
48655,2,1,170385,170385,170386,0,1,1
48656,1,1,170386,170386,170387,0,1,0
48657,5,1,170391,170391,170392,0,1,4
48658,2,3,170393,170393,170396,0,3,1
48659,2,2,170395,170396,170398,1,3,0
48660,3,1,170398,170398,170399,0,1,0
48661,2,3,170400,170400,170403,0,3,1
48662,5,3,170405,170405,170408,0,3,2
48663,6,2,170411,170411,170413,0,2,3
48664,6,3,170417,170417,170420,0,3,4
48665,2,2,170419,170420,170422,1,3,0
48666,3,3,170422,170422,170425,0,3,0
48667,1,1,170423,170425,170426,2,3,0
48668,4,2,170427,170427,170429,0,2,1
48669,3,3,170430,170430,170433,0,3,1
48670,1,2,170431,170433,170435,2,4,0
48671,1,3,170432,170435,170438,3,6,0
48672,6,3,170438,170438,170441,0,3,0
48673,2,2,170440,170441,170443,1,3,0
48674,2,2,170442,170443,170445,1,3,0
48675,4,1,170446,170446,170447,0,1,1
48676,4,2,170450,170450,170452,0,2,3
48677,1,2,170451,170452,170454,1,3,0
48678,5,1,170456,170456,170457,0,1,2
48679,3,2,170459,170459,170461,0,2,2
48680,5,1,170464,170464,170465,0,1,3
48681,1,3,170465,170465,170468,0,3,0
48682,5,3,170470,170470,170473,0,3,2
48683,6,3,170476,170476,170479,0,3,3
48684,3,3,170479,170479,170482,0,3,0
48685,3,1,170482,170482,170483,0,1,0
48686,2,3,170484,170484,170487,0,3,1
48687,6,1,170490,170490,170491,0,1,3
48688,6,1,170496,170496,170497,0,1,5
48689,6,3,170502,170502,170505,0,3,5
48690,3,2,170505,170505,170507,0,2,0
48691,3,3,170508,170508,170511,0,3,1
48692,6,2,170514,170514,170516,0,2,3
48693,3,2,170517,170517,170519,0,2,1
48694,2,3,170519,170519,170522,0,3,0
48695,2,2,170521,170522,170524,1,3,0
48696,1,2,170522,170524,170526,2,4,0
48697,5,3,170527,170527,170530,0,3,1
48698,2,3,170529,170530,170533,1,4,0
48699,4,1,170533,170533,170534,0,1,0
48700,6,2,170539,170539,170541,0,2,5
48701,2,2,170541,170541,170543,0,2,0
48702,5,1,170546,170546,170547,0,1,3
48703,2,3,170548,170548,170551,0,3,1
48704,6,3,170554,170554,170557,0,3,3
48705,1,1,170555,170557,170558,2,3,0
48706,4,2,170559,170559,170561,0,2,1
48707,4,2,170563,170563,170565,0,2,2
48708,6,1,170569,170569,170570,0,1,4
48709,2,1,170571,170571,170572,0,1,1
48710,5,1,170576,170576,170577,0,1,4
48711,1,2,170577,170577,170579,0,2,0
48712,6,3,170583,170583,170586,0,3,4
48713,2,3,170585,170586,170589,1,4,0
48714,1,3,170586,170589,170592,3,6,0
48715,1,1,170587,170592,170593,5,6,0
48716,4,3,170591,170593,170596,2,5,0
48717,1,1,170592,170596,170597,4,5,0
48718,6,3,170598,170598,170601,0,3,1
48719,5,1,170603,170603,170604,0,1,2
48720,6,1,170609,170609,170610,0,1,5
48721,2,3,170611,170611,170614,0,3,1
48722,1,3,170612,170614,170617,2,5,0
48723,2,2,170614,170617,170619,3,5,0
48724,2,2,170616,170619,170621,3,5,0
48725,1,3,170617,170621,170624,4,7,0
48726,2,2,170619,170624,170626,5,7,0
48727,4,2,170623,170626,170628,3,5,0
48728,6,1,170629,170629,170630,0,1,1
48729,1,1,170630,170630,170631,0,1,0
48730,3,3,170633,170633,170636,0,3,2
48731,2,1,170635,170636,170637,1,2,0
48732,5,1,170640,170640,170641,0,1,3
48733,2,3,170642,170642,170645,0,3,1
48734,3,2,170645,170645,170647,0,2,0
48735,5,2,170650,170650,170652,0,2,3
48736,4,3,170654,170654,170657,0,3,2
48737,5,3,170659,170659,170662,0,3,2
48738,3,3,170662,170662,170665,0,3,0
48739,2,3,170664,170665,170668,1,4,0
48740,6,2,170670,170670,170672,0,2,2
48741,5,3,170675,170675,170678,0,3,3
48742,6,2,170681,170681,170683,0,2,3
48743,3,1,170684,170684,170685,0,1,1
48744,6,3,170690,170690,170693,0,3,5
48745,5,1,170695,170695,170696,0,1,2
48746,6,1,170701,170701,170702,0,1,5
48747,1,3,170702,170702,170705,0,3,0
48748,6,3,170708,170708,170711,0,3,3
48749,2,3,170710,170711,170714,1,4,0
48750,1,1,170711,170714,170715,3,4,0
48751,5,1,170716,170716,170717,0,1,1
48752,1,3,170717,170717,170720,0,3,0
48753,2,2,170719,170720,170722,1,3,0
48754,1,1,170720,170722,170723,2,3,0
48755,2,3,170722,170723,170726,1,4,0
48756,1,2,170723,170726,170728,3,5,0
48757,2,1,170725,170728,170729,3,4,0
48758,5,2,170730,170730,170732,0,2,1
48759,5,1,170735,170735,170736,0,1,3
48760,5,2,170740,170740,170742,0,2,4
48761,5,3,170745,170745,170748,0,3,3
48762,2,3,170747,170748,170751,1,4,0
48763,1,2,170748,170751,170753,3,5,0
48764,2,1,170750,170753,170754,3,4,0
48765,6,3,170756,170756,170759,0,3,2
48766,2,2,170758,170759,170761,1,3,0
48767,6,1,170764,170764,170765,0,1,3
48768,4,3,170768,170768,170771,0,3,3
48769,6,2,170774,170774,170776,0,2,3
48770,6,3,170780,170780,170783,0,3,4
48771,1,3,170781,170783,170786,2,5,0
48772,4,3,170785,170786,170789,1,4,0
48773,5,1,170790,170790,170791,0,1,1
48774,6,1,170796,170796,170797,0,1,5
48775,4,3,170800,170800,170803,0,3,3
48776,5,3,170805,170805,170808,0,3,2
48777,5,1,170810,170810,170811,0,1,2
48778,1,2,170811,170811,170813,0,2,0
48779,1,1,170812,170813,170814,1,2,0
48780,2,2,170814,170814,170816,0,2,0
48781,3,3,170817,170817,170820,0,3,1
48782,2,3,170819,170820,170823,1,4,0
48783,3,3,170822,170823,170826,1,4,0
48784,1,2,170823,170826,170828,3,5,0
48785,4,2,170827,170828,170830,1,3,0
48786,4,1,170831,170831,170832,0,1,1
48787,2,1,170833,170833,170834,0,1,1
48788,3,3,170836,170836,170839,0,3,2
48789,2,1,170838,170839,170840,1,2,0
48790,3,2,170841,170841,170843,0,2,1
48791,4,2,170845,170845,170847,0,2,2
48792,2,1,170847,170847,170848,0,1,0
48793,5,3,170852,170852,170855,0,3,4
48794,6,2,170858,170858,170860,0,2,3
48795,2,2,170860,170860,170862,0,2,0
48796,5,3,170865,170865,170868,0,3,3
48797,1,1,170866,170868,170869,2,3,0
48798,3,3,170869,170869,170872,0,3,0
48799,4,1,170873,170873,170874,0,1,1
48800,6,3,170879,170879,170882,0,3,5
48801,3,1,170882,170882,170883,0,1,0
48802,5,2,170887,170887,170889,0,2,4
48803,2,1,170889,170889,170890,0,1,0
48804,6,3,170895,170895,170898,0,3,5
48805,4,1,170899,170899,170900,0,1,1
48806,6,2,170905,170905,170907,0,2,5
48807,3,3,170908,170908,170911,0,3,1
48808,4,1,170912,170912,170913,0,1,1
48809,4,3,170916,170916,170919,0,3,3
48810,5,2,170921,170921,170923,0,2,2
48811,5,3,170926,170926,170929,0,3,3
48812,3,2,170929,170929,170931,0,2,0
48813,4,3,170933,170933,170936,0,3,2
48814,4,2,170937,170937,170939,0,2,1
48815,3,3,170940,170940,170943,0,3,1
48816,6,2,170946,170946,170948,0,2,3
48817,5,1,170951,170951,170952,0,1,3
48818,6,2,170957,170957,170959,0,2,5
48819,3,3,170960,170960,170963,0,3,1
48820,4,3,170964,170964,170967,0,3,1
48821,2,1,170966,170967,170968,1,2,0
48822,3,2,170969,170969,170971,0,2,1
48823,5,3,170974,170974,170977,0,3,3
48824,5,2,170979,170979,170981,0,2,2
48825,3,3,170982,170982,170985,0,3,1
48826,4,1,170986,170986,170987,0,1,1
48827,3,2,170989,170989,170991,0,2,2
48828,2,1,170991,170991,170992,0,1,0
48829,4,3,170995,170995,170998,0,3,3
48830,3,2,170998,170998,171000,0,2,0
48831,4,3,171002,171002,171005,0,3,2
48832,1,3,171003,171005,171008,2,5,0
48833,1,2,171004,171008,171010,4,6,0
48834,6,3,171010,171010,171013,0,3,0
48835,6,3,171016,171016,171019,0,3,3
48836,5,1,171021,171021,171022,0,1,2
48837,6,1,171027,171027,171028,0,1,5
48838,3,1,171030,171030,171031,0,1,2
48839,6,3,171036,171036,171039,0,3,5
48840,4,3,171040,171040,171043,0,3,1
48841,4,1,171044,171044,171045,0,1,1
48842,4,2,171048,171048,171050,0,2,3
48843,6,2,171054,171054,171056,0,2,4
48844,6,2,171060,171060,171062,0,2,4
48845,6,3,171066,171066,171069,0,3,4
48846,2,2,171068,171069,171071,1,3,0
48847,1,3,171069,171071,171074,2,5,0
48848,5,1,171074,171074,171075,0,1,0
48849,4,1,171078,171078,171079,0,1,3
48850,5,2,171083,171083,171085,0,2,4
48851,4,2,171087,171087,171089,0,2,2
48852,3,2,171090,171090,171092,0,2,1
48853,1,1,171091,171092,171093,1,2,0
48854,5,1,171096,171096,171097,0,1,3
48855,4,1,171100,171100,171101,0,1,3
48856,5,1,171105,171105,171106,0,1,4
48857,3,1,171108,171108,171109,0,1,2
48858,6,1,171114,171114,171115,0,1,5
48859,4,2,171118,171118,171120,0,2,3
48860,3,2,171121,171121,171123,0,2,1
48861,1,1,171122,171123,171124,1,2,0
48862,6,3,171128,171128,171131,0,3,4
48863,3,3,171131,171131,171134,0,3,0
48864,6,3,171137,171137,171140,0,3,3
48865,5,3,171142,171142,171145,0,3,2
48866,5,2,171147,171147,171149,0,2,2
48867,5,1,171152,171152,171153,0,1,3
48868,3,3,171155,171155,171158,0,3,2
48869,6,2,171161,171161,171163,0,2,3
48870,1,3,171162,171163,171166,1,4,0
48871,1,3,171163,171166,171169,3,6,0
48872,2,1,171165,171169,171170,4,5,0
48873,5,3,171170,171170,171173,0,3,0
48874,5,1,171175,171175,171176,0,1,2
48875,3,2,171178,171178,171180,0,2,2
48876,5,1,171183,171183,171184,0,1,3
48877,2,3,171185,171185,171188,0,3,1
48878,5,3,171190,171190,171193,0,3,2
48879,6,2,171196,171196,171198,0,2,3
48880,6,1,171202,171202,171203,0,1,4
48881,5,1,171207,171207,171208,0,1,4
48882,6,2,171213,171213,171215,0,2,5
48883,6,1,171219,171219,171220,0,1,4
48884,4,1,171223,171223,171224,0,1,3
48885,3,2,171226,171226,171228,0,2,2
48886,3,1,171229,171229,171230,0,1,1
48887,6,2,171235,171235,171237,0,2,5
48888,1,2,171236,171237,171239,1,3,0
48889,5,2,171241,171241,171243,0,2,2
48890,5,3,171246,171246,171249,0,3,3
48891,6,3,171252,171252,171255,0,3,3
48892,1,1,171253,171255,171256,2,3,0
48893,2,1,171255,171256,171257,1,2,0
48894,3,1,171258,171258,171259,0,1,1
48895,2,3,171260,171260,171263,0,3,1
48896,1,3,171261,171263,171266,2,5,0
48897,1,1,171262,171266,171267,4,5,0
48898,5,3,171267,171267,171270,0,3,0
48899,4,3,171271,171271,171274,0,3,1
48900,1,2,171272,171274,171276,2,4,0
48901,6,3,171278,171278,171281,0,3,2
48902,6,1,171284,171284,171285,0,1,3
48903,6,1,171290,171290,171291,0,1,5
48904,1,2,171291,171291,171293,0,2,0
48905,2,3,171293,171293,171296,0,3,0
48906,4,3,171297,171297,171300,0,3,1
48907,3,2,171300,171300,171302,0,2,0
48908,2,3,171302,171302,171305,0,3,0
48909,2,2,171304,171305,171307,1,3,0
48910,2,2,171306,171307,171309,1,3,0
48911,1,3,171307,171309,171312,2,5,0
48912,4,3,171311,171312,171315,1,4,0
48913,3,1,171314,171315,171316,1,2,0
48914,6,1,171320,171320,171321,0,1,4
48915,5,2,171325,171325,171327,0,2,4
48916,3,1,171328,171328,171329,0,1,1
48917,3,3,171331,171331,171334,0,3,2
48918,2,3,171333,171334,171337,1,4,0
48919,1,2,171334,171337,171339,3,5,0
48920,4,2,171338,171339,171341,1,3,0
48921,6,3,171344,171344,171347,0,3,3
48922,2,2,171346,171347,171349,1,3,0
48923,4,3,171350,171350,171353,0,3,1
48924,2,3,171352,171353,171356,1,4,0
48925,2,1,171354,171356,171357,2,3,0
48926,5,3,171359,171359,171362,0,3,2
48927,2,3,171361,171362,171365,1,4,0
48928,1,2,171362,171365,171367,3,5,0
48929,3,1,171365,171367,171368,2,3,0
48930,6,3,171371,171371,171374,0,3,3
48931,3,2,171374,171374,171376,0,2,0
48932,3,1,171377,171377,171378,0,1,1
48933,3,2,171380,171380,171382,0,2,2
48934,2,3,171382,171382,171385,0,3,0
48935,5,2,171387,171387,171389,0,2,2
48936,5,1,171392,171392,171393,0,1,3
48937,4,3,171396,171396,171399,0,3,3
48938,6,3,171402,171402,171405,0,3,3
48939,1,3,171403,171405,171408,2,5,0
48940,6,2,171409,171409,171411,0,2,1
48941,4,1,171413,171413,171414,0,1,2
48942,2,3,171415,171415,171418,0,3,1
48943,3,1,171418,171418,171419,0,1,0
48944,6,3,171424,171424,171427,0,3,5
48945,3,3,171427,171427,171430,0,3,0
48946,2,3,171429,171430,171433,1,4,0
48947,4,1,171433,171433,171434,0,1,0
48948,4,1,171437,171437,171438,0,1,3
48949,6,2,171443,171443,171445,0,2,5
48950,6,3,171449,171449,171452,0,3,4
48951,2,2,171451,171452,171454,1,3,0
48952,2,1,171453,171454,171455,1,2,0
48953,6,1,171459,171459,171460,0,1,4
48954,4,3,171463,171463,171466,0,3,3
48955,2,1,171465,171466,171467,1,2,0
48956,3,1,171468,171468,171469,0,1,1
48957,1,3,171469,171469,171472,0,3,0
48958,4,1,171473,171473,171474,0,1,1
48959,2,3,171475,171475,171478,0,3,1
48960,3,3,171478,171478,171481,0,3,0
48961,5,3,171483,171483,171486,0,3,2
48962,1,2,171484,171486,171488,2,4,0
48963,3,3,171487,171488,171491,1,4,0
48964,6,3,171493,171493,171496,0,3,2
48965,3,2,171496,171496,171498,0,2,0
48966,5,3,171501,171501,171504,0,3,3
48967,6,1,171507,171507,171508,0,1,3
48968,3,3,171510,171510,171513,0,3,2
48969,3,2,171513,171513,171515,0,2,0
48970,6,3,171519,171519,171522,0,3,4
48971,6,3,171525,171525,171528,0,3,3
48972,1,2,171526,171528,171530,2,4,0
48973,1,2,171527,171530,171532,3,5,0
48974,2,1,171529,171532,171533,3,4,0
48975,5,2,171534,171534,171536,0,2,1
48976,1,2,171535,171536,171538,1,3,0
48977,1,1,171536,171538,171539,2,3,0
48978,6,1,171542,171542,171543,0,1,3
48979,3,1,171545,171545,171546,0,1,2
48980,4,1,171549,171549,171550,0,1,3
48981,3,2,171552,171552,171554,0,2,2
48982,2,3,171554,171554,171557,0,3,0
48983,4,3,171558,171558,171561,0,3,1
48984,4,3,171562,171562,171565,0,3,1
48985,1,1,171563,171565,171566,2,3,0
48986,3,2,171566,171566,171568,0,2,0
48987,4,2,171570,171570,171572,0,2,2
48988,1,2,171571,171572,171574,1,3,0
48989,6,2,171577,171577,171579,0,2,3
48990,4,2,171581,171581,171583,0,2,2
48991,4,1,171585,171585,171586,0,1,2
48992,3,2,171588,171588,171590,0,2,2
48993,4,1,171592,171592,171593,0,1,2
48994,2,1,171594,171594,171595,0,1,1
48995,2,1,171596,171596,171597,0,1,1
48996,1,3,171597,171597,171600,0,3,0
48997,5,2,171602,171602,171604,0,2,2
48998,4,3,171606,171606,171609,0,3,2
48999,2,3,171608,171609,171612,1,4,0
49000,5,2,171613,171613,171615,0,2,1
49001,2,2,171615,171615,171617,0,2,0
49002,5,2,171620,171620,171622,0,2,3
49003,4,3,171624,171624,171627,0,3,2
49004,5,3,171629,171629,171632,0,3,2
49005,3,1,171632,171632,171633,0,1,0
49006,5,3,171637,171637,171640,0,3,4
49007,2,2,171639,171640,171642,1,3,0
49008,4,2,171643,171643,171645,0,2,1
49009,1,1,171644,171645,171646,1,2,0
49010,1,2,171645,171646,171648,1,3,0
49011,3,2,171648,171648,171650,0,2,0
49012,6,1,171654,171654,171655,0,1,4
49013,3,3,171657,171657,171660,0,3,2
49014,1,3,171658,171660,171663,2,5,0
49015,4,3,171662,171663,171666,1,4,0
49016,4,3,171666,171666,171669,0,3,0
49017,5,2,171671,171671,171673,0,2,2
49018,4,3,171675,171675,171678,0,3,2
49019,3,2,171678,171678,171680,0,2,0
49020,1,2,171679,171680,171682,1,3,0
49021,5,3,171684,171684,171687,0,3,2
49022,4,3,171688,171688,171691,0,3,1
49023,1,2,171689,171691,171693,2,4,0
49024,2,1,171691,171693,171694,2,3,0
49025,4,2,171695,171695,171697,0,2,1
49026,3,2,171698,171698,171700,0,2,1
49027,5,3,171703,171703,171706,0,3,3
49028,3,1,171706,171706,171707,0,1,0
49029,6,2,171712,171712,171714,0,2,5
49030,2,1,171714,171714,171715,0,1,0
49031,5,2,171719,171719,171721,0,2,4
49032,4,2,171723,171723,171725,0,2,2
49033,6,1,171729,171729,171730,0,1,4
49034,4,2,171733,171733,171735,0,2,3
49035,5,2,171738,171738,171740,0,2,3
49036,4,1,171742,171742,171743,0,1,2
49037,3,3,171745,171745,171748,0,3,2
49038,1,3,171746,171748,171751,2,5,0
49039,4,3,171750,171751,171754,1,4,0
49040,4,1,171754,171754,171755,0,1,0
49041,4,3,171758,171758,171761,0,3,3
49042,5,3,171763,171763,171766,0,3,2
49043,4,2,171767,171767,171769,0,2,1
49044,5,1,171772,171772,171773,0,1,3
49045,6,3,171778,171778,171781,0,3,5
49046,6,1,171784,171784,171785,0,1,3
49047,6,3,171790,171790,171793,0,3,5
49048,6,3,171796,171796,171799,0,3,3
49049,5,3,171801,171801,171804,0,3,2
49050,1,2,171802,171804,171806,2,4,0
49051,2,2,171804,171806,171808,2,4,0
49052,6,3,171810,171810,171813,0,3,2
49053,5,2,171815,171815,171817,0,2,2
49054,2,3,171817,171817,171820,0,3,0
49055,3,1,171820,171820,171821,0,1,0
49056,4,1,171824,171824,171825,0,1,3
49057,3,3,171827,171827,171830,0,3,2
49058,6,2,171833,171833,171835,0,2,3
49059,6,1,171839,171839,171840,0,1,4
49060,5,1,171844,171844,171845,0,1,4
49061,6,2,171850,171850,171852,0,2,5
49062,6,2,171856,171856,171858,0,2,4
49063,3,3,171859,171859,171862,0,3,1
49064,4,2,171863,171863,171865,0,2,1
49065,6,1,171869,171869,171870,0,1,4
49066,2,2,171871,171871,171873,0,2,1
49067,4,2,171875,171875,171877,0,2,2
49068,1,1,171876,171877,171878,1,2,0
49069,5,3,171881,171881,171884,0,3,3
49070,6,2,171887,171887,171889,0,2,3
49071,5,1,171892,171892,171893,0,1,3
49072,3,1,171895,171895,171896,0,1,2
49073,5,2,171900,171900,171902,0,2,4
49074,3,1,171903,171903,171904,0,1,1
49075,6,1,171909,171909,171910,0,1,5
49076,5,2,171914,171914,171916,0,2,4
49077,2,2,171916,171916,171918,0,2,0
49078,5,1,171921,171921,171922,0,1,3
49079,6,2,171927,171927,171929,0,2,5
49080,6,3,171933,171933,171936,0,3,4
49081,4,3,171937,171937,171940,0,3,1
49082,3,3,171940,171940,171943,0,3,0
49083,3,1,171943,171943,171944,0,1,0
49084,6,1,171949,171949,171950,0,1,5
49085,1,3,171950,171950,171953,0,3,0
49086,2,1,171952,171953,171954,1,2,0
49087,5,1,171957,171957,171958,0,1,3
49088,1,2,171958,171958,171960,0,2,0
49089,4,3,171962,171962,171965,0,3,2
49090,4,1,171966,171966,171967,0,1,1
49091,5,1,171971,171971,171972,0,1,4
49092,2,1,171973,171973,171974,0,1,1
49093,3,1,171976,171976,171977,0,1,2
49094,1,1,171977,171977,171978,0,1,0
49095,4,3,171981,171981,171984,0,3,3
49096,6,3,171987,171987,171990,0,3,3
49097,3,3,171990,171990,171993,0,3,0
49098,1,1,171991,171993,171994,2,3,0
49099,5,1,171996,171996,171997,0,1,2
49100,5,1,172001,172001,172002,0,1,4
49101,1,2,172002,172002,172004,0,2,0
49102,4,2,172006,172006,172008,0,2,2
49103,6,3,172012,172012,172015,0,3,4
49104,4,2,172016,172016,172018,0,2,1
49105,2,3,172018,172018,172021,0,3,0
49106,2,1,172020,172021,172022,1,2,0
49107,4,2,172024,172024,172026,0,2,2
49108,1,2,172025,172026,172028,1,3,0
49109,2,2,172027,172028,172030,1,3,0
49110,1,2,172028,172030,172032,2,4,0
49111,2,1,172030,172032,172033,2,3,0
49112,6,2,172036,172036,172038,0,2,3
49113,3,2,172039,172039,172041,0,2,1
49114,4,1,172043,172043,172044,0,1,2
49115,5,3,172048,172048,172051,0,3,4
49116,3,3,172051,172051,172054,0,3,0
49117,6,2,172057,172057,172059,0,2,3
49118,3,3,172060,172060,172063,0,3,1
49119,4,2,172064,172064,172066,0,2,1
49120,4,2,172068,172068,172070,0,2,2
49121,1,1,172069,172070,172071,1,2,0
49122,1,2,172070,172071,172073,1,3,0
49123,3,1,172073,172073,172074,0,1,0
49124,1,2,172074,172074,172076,0,2,0
49125,1,3,172075,172076,172079,1,4,0
49126,1,2,172076,172079,172081,3,5,0
49127,5,1,172081,172081,172082,0,1,0
49128,4,2,172085,172085,172087,0,2,3
49129,3,3,172088,172088,172091,0,3,1
49130,2,1,172090,172091,172092,1,2,0
49131,3,1,172093,172093,172094,0,1,1
49132,3,3,172096,172096,172099,0,3,2
49133,3,1,172099,172099,172100,0,1,0
49134,5,2,172104,172104,172106,0,2,4
49135,2,3,172106,172106,172109,0,3,0
49136,6,1,172112,172112,172113,0,1,3
49137,5,2,172117,172117,172119,0,2,4
49138,1,2,172118,172119,172121,1,3,0
49139,3,1,172121,172121,172122,0,1,0
49140,3,3,172124,172124,172127,0,3,2
49141,5,3,172129,172129,172132,0,3,2
49142,5,2,172134,172134,172136,0,2,2
49143,5,1,172139,172139,172140,0,1,3
49144,1,2,172140,172140,172142,0,2,0
49145,2,3,172142,172142,172145,0,3,0
49146,2,2,172144,172145,172147,1,3,0
49147,3,2,172147,172147,172149,0,2,0
49148,2,1,172149,172149,172150,0,1,0
49149,2,3,172151,172151,172154,0,3,1
49150,5,1,172156,172156,172157,0,1,2
49151,6,2,172162,172162,172164,0,2,5
49152,5,3,172167,172167,172170,0,3,3
49153,1,1,172168,172170,172171,2,3,0
49154,4,2,172172,172172,172174,0,2,1
49155,4,2,172176,172176,172178,0,2,2
49156,4,1,172180,172180,172181,0,1,2
49157,6,1,172186,172186,172187,0,1,5
49158,6,1,172192,172192,172193,0,1,5
49159,4,3,172196,172196,172199,0,3,3
49160,1,3,172197,172199,172202,2,5,0
49161,1,1,172198,172202,172203,4,5,0
49162,2,3,172200,172203,172206,3,6,0
49163,4,3,172204,172206,172209,2,5,0
49164,6,1,172210,172210,172211,0,1,1
49165,2,2,172212,172212,172214,0,2,1
49166,1,3,172213,172214,172217,1,4,0
49167,6,1,172219,172219,172220,0,1,2
49168,1,3,172220,172220,172223,0,3,0
49169,6,2,172226,172226,172228,0,2,3
49170,4,3,172230,172230,172233,0,3,2
49171,6,2,172236,172236,172238,0,2,3
49172,6,1,172242,172242,172243,0,1,4
49173,6,1,172248,172248,172249,0,1,5
49174,5,2,172253,172253,172255,0,2,4
49175,4,1,172257,172257,172258,0,1,2
49176,3,3,172260,172260,172263,0,3,2
49177,2,3,172262,172263,172266,1,4,0
49178,6,2,172268,172268,172270,0,2,2
49179,6,2,172274,172274,172276,0,2,4
49180,1,2,172275,172276,172278,1,3,0
49181,4,3,172279,172279,172282,0,3,1
49182,4,2,172283,172283,172285,0,2,1
49183,1,1,172284,172285,172286,1,2,0
49184,6,2,172290,172290,172292,0,2,4
49185,2,2,172292,172292,172294,0,2,0
49186,4,2,172296,172296,172298,0,2,2
49187,6,2,172302,172302,172304,0,2,4
49188,2,1,172304,172304,172305,0,1,0
49189,4,3,172308,172308,172311,0,3,3
49190,1,1,172309,172311,172312,2,3,0
49191,6,1,172315,172315,172316,0,1,3
49192,2,3,172317,172317,172320,0,3,1
49193,2,3,172319,172320,172323,1,4,0
49194,1,2,172320,172323,172325,3,5,0
49195,5,3,172325,172325,172328,0,3,0
49196,2,3,172327,172328,172331,1,4,0
49197,1,2,172328,172331,172333,3,5,0
49198,5,2,172333,172333,172335,0,2,0
49199,1,3,172334,172335,172338,1,4,0
49200,5,1,172339,172339,172340,0,1,1
49201,2,1,172341,172341,172342,0,1,1
49202,3,2,172344,172344,172346,0,2,2
49203,3,1,172347,172347,172348,0,1,1
49204,2,2,172349,172349,172351,0,2,1
49205,4,1,172353,172353,172354,0,1,2
49206,6,3,172359,172359,172362,0,3,5
49207,3,3,172362,172362,172365,0,3,0
49208,2,3,172364,172365,172368,1,4,0
49209,3,3,172367,172368,172371,1,4,0
49210,2,3,172369,172371,172374,2,5,0
49211,6,2,172375,172375,172377,0,2,1
49212,4,3,172379,172379,172382,0,3,2
49213,6,3,172385,172385,172388,0,3,3
49214,4,1,172389,172389,172390,0,1,1
49215,1,1,172390,172390,172391,0,1,0
49216,1,2,172391,172391,172393,0,2,0
49217,1,3,172392,172393,172396,1,4,0
49218,5,2,172397,172397,172399,0,2,1
49219,1,2,172398,172399,172401,1,3,0
49220,4,2,172402,172402,172404,0,2,1
49221,1,3,172403,172404,172407,1,4,0
49222,6,1,172409,172409,172410,0,1,2
49223,1,1,172410,172410,172411,0,1,0
49224,2,1,172412,172412,172413,0,1,1
49225,5,2,172417,172417,172419,0,2,4
49226,4,2,172421,172421,172423,0,2,2
49227,4,2,172425,172425,172427,0,2,2
49228,6,1,172431,172431,172432,0,1,4
49229,6,1,172437,172437,172438,0,1,5
49230,5,1,172442,172442,172443,0,1,4
49231,4,2,172446,172446,172448,0,2,3
49232,3,3,172449,172449,172452,0,3,1
49233,5,3,172454,172454,172457,0,3,2
49234,3,2,172457,172457,172459,0,2,0
49235,2,1,172459,172459,172460,0,1,0
49236,3,1,172462,172462,172463,0,1,2
49237,2,1,172464,172464,172465,0,1,1
49238,6,3,172470,172470,172473,0,3,5
49239,1,1,172471,172473,172474,2,3,0
49240,2,3,172473,172474,172477,1,4,0
49241,5,1,172478,172478,172479,0,1,1
49242,1,2,172479,172479,172481,0,2,0
49243,3,1,172482,172482,172483,0,1,1
49244,2,1,172484,172484,172485,0,1,1
49245,6,2,172490,172490,172492,0,2,5
49246,3,1,172493,172493,172494,0,1,1
49247,4,3,172497,172497,172500,0,3,3
49248,6,2,172503,172503,172505,0,2,3
49249,1,1,172504,172505,172506,1,2,0
49250,3,3,172507,172507,172510,0,3,1
49251,1,3,172508,172510,172513,2,5,0
49252,3,3,172511,172513,172516,2,5,0
49253,1,2,172512,172516,172518,4,6,0
49254,5,3,172517,172518,172521,1,4,0
49255,6,2,172523,172523,172525,0,2,2
49256,3,2,172526,172526,172528,0,2,1
49257,5,2,172531,172531,172533,0,2,3
49258,6,2,172537,172537,172539,0,2,4
49259,4,2,172541,172541,172543,0,2,2
49260,6,3,172547,172547,172550,0,3,4
49261,5,1,172552,172552,172553,0,1,2
49262,1,1,172553,172553,172554,0,1,0
49263,2,3,172555,172555,172558,0,3,1
49264,1,1,172556,172558,172559,2,3,0
49265,6,2,172562,172562,172564,0,2,3
49266,5,1,172567,172567,172568,0,1,3
49267,2,2,172569,172569,172571,0,2,1
49268,6,3,172575,172575,172578,0,3,4
49269,5,1,172580,172580,172581,0,1,2
49270,5,2,172585,172585,172587,0,2,4
49271,4,3,172589,172589,172592,0,3,2
49272,6,3,172595,172595,172598,0,3,3
49273,4,2,172599,172599,172601,0,2,1
49274,3,2,172602,172602,172604,0,2,1
49275,4,3,172606,172606,172609,0,3,2
49276,2,3,172608,172609,172612,1,4,0
49277,1,3,172609,172612,172615,3,6,0
49278,6,2,172615,172615,172617,0,2,0
49279,5,2,172620,172620,172622,0,2,3
49280,6,3,172626,172626,172629,0,3,4
49281,1,2,172627,172629,172631,2,4,0
49282,3,3,172630,172631,172634,1,4,0
49283,5,1,172635,172635,172636,0,1,1
49284,1,1,172636,172636,172637,0,1,0
49285,5,2,172641,172641,172643,0,2,4
49286,6,3,172647,172647,172650,0,3,4
49287,5,1,172652,172652,172653,0,1,2
49288,6,2,172658,172658,172660,0,2,5
49289,5,3,172663,172663,172666,0,3,3
49290,2,2,172665,172666,172668,1,3,0
49291,1,3,172666,172668,172671,2,5,0
49292,1,2,172667,172671,172673,4,6,0
49293,3,1,172670,172673,172674,3,4,0
49294,4,3,172674,172674,172677,0,3,0
49295,1,2,172675,172677,172679,2,4,0
49296,2,2,172677,172679,172681,2,4,0
49297,6,2,172683,172683,172685,0,2,2
49298,6,1,172689,172689,172690,0,1,4
49299,4,1,172693,172693,172694,0,1,3
49300,4,1,172697,172697,172698,0,1,3
49301,3,3,172700,172700,172703,0,3,2
49302,1,1,172701,172703,172704,2,3,0
49303,6,1,172707,172707,172708,0,1,3
49304,1,3,172708,172708,172711,0,3,0
49305,4,3,172712,172712,172715,0,3,1
49306,1,1,172713,172715,172716,2,3,0
49307,1,3,172714,172716,172719,2,5,0
49308,3,1,172717,172719,172720,2,3,0
49309,1,2,172718,172720,172722,2,4,0
49310,6,2,172724,172724,172726,0,2,2
49311,3,2,172727,172727,172729,0,2,1
49312,1,2,172728,172729,172731,1,3,0
49313,5,1,172733,172733,172734,0,1,2
49314,3,1,172736,172736,172737,0,1,2
49315,4,2,172740,172740,172742,0,2,3
49316,3,1,172743,172743,172744,0,1,1
49317,5,2,172748,172748,172750,0,2,4
49318,5,2,172753,172753,172755,0,2,3
49319,2,2,172755,172755,172757,0,2,0
49320,3,3,172758,172758,172761,0,3,1
49321,4,1,172762,172762,172763,0,1,1
49322,3,2,172765,172765,172767,0,2,2
49323,5,2,172770,172770,172772,0,2,3
49324,1,3,172771,172772,172775,1,4,0
49325,1,1,172772,172775,172776,3,4,0
49326,2,2,172774,172776,172778,2,4,0
49327,4,1,172778,172778,172779,0,1,0
49328,1,3,172779,172779,172782,0,3,0
49329,5,1,172784,172784,172785,0,1,2
49330,5,2,172789,172789,172791,0,2,4
49331,5,1,172794,172794,172795,0,1,3
49332,2,3,172796,172796,172799,0,3,1
49333,5,2,172801,172801,172803,0,2,2
49334,2,2,172803,172803,172805,0,2,0
49335,5,3,172808,172808,172811,0,3,3
49336,3,2,172811,172811,172813,0,2,0
49337,5,3,172816,172816,172819,0,3,3
49338,4,2,172820,172820,172822,0,2,1
49339,2,1,172822,172822,172823,0,1,0
49340,2,2,172824,172824,172826,0,2,1
49341,6,2,172830,172830,172832,0,2,4
49342,6,2,172836,172836,172838,0,2,4
49343,5,1,172841,172841,172842,0,1,3
49344,2,2,172843,172843,172845,0,2,1
49345,4,2,172847,172847,172849,0,2,2
49346,3,1,172850,172850,172851,0,1,1
49347,3,2,172853,172853,172855,0,2,2
49348,3,1,172856,172856,172857,0,1,1
49349,5,1,172861,172861,172862,0,1,4
49350,1,1,172862,172862,172863,0,1,0
49351,1,3,172863,172863,172866,0,3,0
49352,4,3,172867,172867,172870,0,3,1
49353,4,2,172871,172871,172873,0,2,1
49354,2,2,172873,172873,172875,0,2,0
49355,4,1,172877,172877,172878,0,1,2
49356,1,2,172878,172878,172880,0,2,0
49357,2,3,172880,172880,172883,0,3,0
49358,4,3,172884,172884,172887,0,3,1
49359,1,3,172885,172887,172890,2,5,0
49360,5,3,172890,172890,172893,0,3,0
49361,5,2,172895,172895,172897,0,2,2
49362,5,2,172900,172900,172902,0,2,3
49363,2,1,172902,172902,172903,0,1,0
49364,6,2,172908,172908,172910,0,2,5
49365,3,1,172911,172911,172912,0,1,1
49366,5,3,172916,172916,172919,0,3,4
49367,2,2,172918,172919,172921,1,3,0
49368,5,3,172923,172923,172926,0,3,2
49369,6,1,172929,172929,172930,0,1,3
49370,3,3,172932,172932,172935,0,3,2
49371,3,3,172935,172935,172938,0,3,0
49372,4,1,172939,172939,172940,0,1,1
49373,2,1,172941,172941,172942,0,1,1
49374,5,3,172946,172946,172949,0,3,4
49375,6,3,172952,172952,172955,0,3,3
49376,3,1,172955,172955,172956,0,1,0
49377,5,3,172960,172960,172963,0,3,4
49378,5,3,172965,172965,172968,0,3,2
49379,1,3,172966,172968,172971,2,5,0
49380,2,3,172968,172971,172974,3,6,0
49381,3,2,172971,172974,172976,3,5,0
49382,6,2,172977,172977,172979,0,2,1
49383,3,1,172980,172980,172981,0,1,1
49384,4,1,172984,172984,172985,0,1,3
49385,3,3,172987,172987,172990,0,3,2
49386,4,3,172991,172991,172994,0,3,1
49387,3,2,172994,172994,172996,0,2,0
49388,3,3,172997,172997,173000,0,3,1
49389,5,2,173002,173002,173004,0,2,2
49390,4,2,173006,173006,173008,0,2,2
49391,2,1,173008,173008,173009,0,1,0
49392,6,2,173014,173014,173016,0,2,5
49393,6,3,173020,173020,173023,0,3,4
49394,3,2,173023,173023,173025,0,2,0
49395,6,2,173029,173029,173031,0,2,4
49396,3,2,173032,173032,173034,0,2,1
49397,6,2,173038,173038,173040,0,2,4
49398,6,1,173044,173044,173045,0,1,4
49399,3,2,173047,173047,173049,0,2,2
49400,2,3,173049,173049,173052,0,3,0
49401,4,3,173053,173053,173056,0,3,1
49402,4,2,173057,173057,173059,0,2,1
49403,6,2,173063,173063,173065,0,2,4
49404,4,3,173067,173067,173070,0,3,2
49405,5,3,173072,173072,173075,0,3,2
49406,5,2,173077,173077,173079,0,2,2
49407,3,3,173080,173080,173083,0,3,1
49408,2,2,173082,173083,173085,1,3,0
49409,1,3,173083,173085,173088,2,5,0
49410,3,2,173086,173088,173090,2,4,0
49411,2,1,173088,173090,173091,2,3,0
49412,5,2,173093,173093,173095,0,2,2
49413,6,1,173099,173099,173100,0,1,4
49414,4,1,173103,173103,173104,0,1,3
49415,3,3,173106,173106,173109,0,3,2
49416,6,3,173112,173112,173115,0,3,3
49417,2,1,173114,173115,173116,1,2,0
49418,2,2,173116,173116,173118,0,2,0
49419,6,1,173122,173122,173123,0,1,4
49420,5,2,173127,173127,173129,0,2,4
49421,4,3,173131,173131,173134,0,3,2
49422,3,3,173134,173134,173137,0,3,0
49423,4,1,173138,173138,173139,0,1,1
49424,2,3,173140,173140,173143,0,3,1
49425,5,3,173145,173145,173148,0,3,2
49426,2,1,173147,173148,173149,1,2,0
49427,3,1,173150,173150,173151,0,1,1
49428,4,2,173154,173154,173156,0,2,3
49429,4,2,173158,173158,173160,0,2,2
49430,1,2,173159,173160,173162,1,3,0
49431,4,1,173163,173163,173164,0,1,1
49432,5,1,173168,173168,173169,0,1,4
49433,3,2,173171,173171,173173,0,2,2
49434,6,2,173177,173177,173179,0,2,4
49435,2,1,173179,173179,173180,0,1,0
49436,3,1,173182,173182,173183,0,1,2
49437,5,1,173187,173187,173188,0,1,4
49438,4,3,173191,173191,173194,0,3,3
49439,3,3,173194,173194,173197,0,3,0
49440,3,1,173197,173197,173198,0,1,0
49441,1,2,173198,173198,173200,0,2,0
49442,5,3,173203,173203,173206,0,3,3
49443,6,2,173209,173209,173211,0,2,3
49444,6,1,173215,173215,173216,0,1,4
49445,5,1,173220,173220,173221,0,1,4
49446,3,3,173223,173223,173226,0,3,2
49447,5,1,173228,173228,173229,0,1,2
49448,2,1,173230,173230,173231,0,1,1
49449,3,2,173233,173233,173235,0,2,2
49450,3,3,173236,173236,173239,0,3,1
49451,3,3,173239,173239,173242,0,3,0
49452,4,2,173243,173243,173245,0,2,1
49453,6,3,173249,173249,173252,0,3,4
49454,1,1,173250,173252,173253,2,3,0
49455,1,3,173251,173253,173256,2,5,0
49456,6,2,173257,173257,173259,0,2,1
49457,1,3,173258,173259,173262,1,4,0
49458,2,1,173260,173262,173263,2,3,0
49459,2,3,173262,173263,173266,1,4,0
49460,1,1,173263,173266,173267,3,4,0
49461,4,2,173267,173267,173269,0,2,0
49462,2,1,173269,173269,173270,0,1,0
49463,6,1,173275,173275,173276,0,1,5
49464,3,2,173278,173278,173280,0,2,2
49465,3,1,173281,173281,173282,0,1,1
49466,4,1,173285,173285,173286,0,1,3
49467,6,2,173291,173291,173293,0,2,5
49468,2,3,173293,173293,173296,0,3,0
49469,2,1,173295,173296,173297,1,2,0
49470,5,1,173300,173300,173301,0,1,3
49471,6,1,173306,173306,173307,0,1,5
49472,5,3,173311,173311,173314,0,3,4
49473,1,1,173312,173314,173315,2,3,0
49474,4,1,173316,173316,173317,0,1,1
49475,2,1,173318,173318,173319,0,1,1
49476,1,3,173319,173319,173322,0,3,0
49477,6,1,173325,173325,173326,0,1,3
49478,2,2,173327,173327,173329,0,2,1
49479,6,2,173333,173333,173335,0,2,4
49480,4,1,173337,173337,173338,0,1,2
49481,1,2,173338,173338,173340,0,2,0
49482,3,2,173341,173341,173343,0,2,1
49483,3,3,173344,173344,173347,0,3,1
49484,1,1,173345,173347,173348,2,3,0
49485,6,3,173351,173351,173354,0,3,3
49486,6,1,173357,173357,173358,0,1,3
49487,1,2,173358,173358,173360,0,2,0
49488,3,2,173361,173361,173363,0,2,1
49489,1,3,173362,173363,173366,1,4,0
49490,2,2,173364,173366,173368,2,4,0
49491,6,1,173370,173370,173371,0,1,2
49492,5,2,173375,173375,173377,0,2,4
49493,6,3,173381,173381,173384,0,3,4
49494,5,3,173386,173386,173389,0,3,2
49495,2,1,173388,173389,173390,1,2,0
49496,6,3,173394,173394,173397,0,3,4
49497,1,3,173395,173397,173400,2,5,0
49498,6,3,173401,173401,173404,0,3,1
49499,1,1,173402,173404,173405,2,3,0
49500,4,3,173406,173406,173409,0,3,1
49501,3,1,173409,173409,173410,0,1,0
49502,3,3,173412,173412,173415,0,3,2
49503,4,2,173416,173416,173418,0,2,1
49504,1,1,173417,173418,173419,1,2,0
49505,6,2,173423,173423,173425,0,2,4
49506,2,1,173425,173425,173426,0,1,0
49507,3,1,173428,173428,173429,0,1,2
49508,6,1,173434,173434,173435,0,1,5
49509,1,1,173435,173435,173436,0,1,0
49510,5,2,173440,173440,173442,0,2,4
49511,6,3,173446,173446,173449,0,3,4
49512,4,2,173450,173450,173452,0,2,1
49513,5,3,173455,173455,173458,0,3,3
49514,4,1,173459,173459,173460,0,1,1
49515,3,1,173462,173462,173463,0,1,2
49516,1,3,173463,173463,173466,0,3,0
49517,2,1,173465,173466,173467,1,2,0
49518,2,1,173467,173467,173468,0,1,0
49519,4,1,173471,173471,173472,0,1,3
49520,1,3,173472,173472,173475,0,3,0
49521,5,2,173477,173477,173479,0,2,2
49522,4,3,173481,173481,173484,0,3,2
49523,6,1,173487,173487,173488,0,1,3
49524,1,3,173488,173488,173491,0,3,0
49525,1,3,173489,173491,173494,2,5,0
49526,6,3,173495,173495,173498,0,3,1
49527,1,1,173496,173498,173499,2,3,0
49528,4,3,173500,173500,173503,0,3,1
49529,5,3,173505,173505,173508,0,3,2
49530,6,2,173511,173511,173513,0,2,3
49531,4,1,173515,173515,173516,0,1,2
49532,3,1,173518,173518,173519,0,1,2
49533,2,1,173520,173520,173521,0,1,1
49534,5,1,173525,173525,173526,0,1,4
49535,5,2,173530,173530,173532,0,2,4
49536,6,1,173536,173536,173537,0,1,4
49537,4,1,173540,173540,173541,0,1,3
49538,5,3,173545,173545,173548,0,3,4
49539,3,2,173548,173548,173550,0,2,0
49540,5,2,173553,173553,173555,0,2,3
49541,4,2,173557,173557,173559,0,2,2
49542,1,2,173558,173559,173561,1,3,0
49543,5,1,173563,173563,173564,0,1,2
49544,5,1,173568,173568,173569,0,1,4
49545,6,2,173574,173574,173576,0,2,5
49546,1,3,173575,173576,173579,1,4,0
49547,2,2,173577,173579,173581,2,4,0
49548,3,3,173580,173581,173584,1,4,0
49549,4,1,173584,173584,173585,0,1,0
49550,2,3,173586,173586,173589,0,3,1
49551,4,1,173590,173590,173591,0,1,1
49552,1,1,173591,173591,173592,0,1,0
49553,5,1,173596,173596,173597,0,1,4
49554,6,1,173602,173602,173603,0,1,5
49555,5,3,173607,173607,173610,0,3,4
49556,5,3,173612,173612,173615,0,3,2
49557,1,2,173613,173615,173617,2,4,0
49558,4,2,173617,173617,173619,0,2,0
49559,2,1,173619,173619,173620,0,1,0
49560,1,2,173620,173620,173622,0,2,0
49561,1,1,173621,173622,173623,1,2,0
49562,4,1,173625,173625,173626,0,1,2
49563,6,3,173631,173631,173634,0,3,5
49564,2,2,173633,173634,173636,1,3,0
49565,3,1,173636,173636,173637,0,1,0
49566,1,1,173637,173637,173638,0,1,0
49567,1,1,173638,173638,173639,0,1,0
49568,1,3,173639,173639,173642,0,3,0
49569,6,3,173645,173645,173648,0,3,3
49570,4,1,173649,173649,173650,0,1,1
49571,1,1,173650,173650,173651,0,1,0
49572,5,3,173655,173655,173658,0,3,4
49573,5,1,173660,173660,173661,0,1,2
49574,4,1,173664,173664,173665,0,1,3
49575,5,2,173669,173669,173671,0,2,4
49576,6,3,173675,173675,173678,0,3,4
49577,5,3,173680,173680,173683,0,3,2
49578,5,3,173685,173685,173688,0,3,2
49579,4,2,173689,173689,173691,0,2,1
49580,1,2,173690,173691,173693,1,3,0
49581,4,1,173694,173694,173695,0,1,1
49582,5,3,173699,173699,173702,0,3,4
49583,5,2,173704,173704,173706,0,2,2
49584,5,1,173709,173709,173710,0,1,3
49585,2,2,173711,173711,173713,0,2,1
49586,1,2,173712,173713,173715,1,3,0
49587,1,2,173713,173715,173717,2,4,0
49588,6,3,173719,173719,173722,0,3,2
49589,3,2,173722,173722,173724,0,2,0
49590,6,1,173728,173728,173729,0,1,4
49591,5,2,173733,173733,173735,0,2,4
49592,6,3,173739,173739,173742,0,3,4
49593,2,1,173741,173742,173743,1,2,0
49594,4,2,173745,173745,173747,0,2,2
49595,6,2,173751,173751,173753,0,2,4
49596,2,2,173753,173753,173755,0,2,0
49597,5,2,173758,173758,173760,0,2,3
49598,3,3,173761,173761,173764,0,3,1
49599,4,1,173765,173765,173766,0,1,1
49600,3,3,173768,173768,173771,0,3,2
49601,1,3,173769,173771,173774,2,5,0
49602,5,1,173774,173774,173775,0,1,0
49603,6,2,173780,173780,173782,0,2,5
49604,5,3,173785,173785,173788,0,3,3
49605,4,3,173789,173789,173792,0,3,1
49606,2,1,173791,173792,173793,1,2,0
49607,1,3,173792,173793,173796,1,4,0
49608,6,1,173798,173798,173799,0,1,2
49609,5,1,173803,173803,173804,0,1,4
49610,4,1,173807,173807,173808,0,1,3
49611,5,3,173812,173812,173815,0,3,4
49612,6,2,173818,173818,173820,0,2,3
49613,1,3,173819,173820,173823,1,4,0
49614,5,1,173824,173824,173825,0,1,1
49615,6,1,173830,173830,173831,0,1,5
49616,2,2,173832,173832,173834,0,2,1
49617,4,3,173836,173836,173839,0,3,2
49618,4,3,173840,173840,173843,0,3,1
49619,3,2,173843,173843,173845,0,2,0
49620,1,1,173844,173845,173846,1,2,0
49621,5,1,173849,173849,173850,0,1,3
49622,1,3,173850,173850,173853,0,3,0
49623,6,3,173856,173856,173859,0,3,3
49624,4,2,173860,173860,173862,0,2,1
49625,2,2,173862,173862,173864,0,2,0
49626,2,3,173864,173864,173867,0,3,0
49627,5,1,173869,173869,173870,0,1,2
49628,4,2,173873,173873,173875,0,2,3
49629,1,3,173874,173875,173878,1,4,0
49630,2,1,173876,173878,173879,2,3,0
49631,1,2,173877,173879,173881,2,4,0
49632,2,3,173879,173881,173884,2,5,0
49633,1,2,173880,173884,173886,4,6,0
49634,1,3,173881,173886,173889,5,8,0
49635,6,1,173887,173889,173890,2,3,0
49636,4,1,173891,173891,173892,0,1,1
49637,2,3,173893,173893,173896,0,3,1
49638,3,1,173896,173896,173897,0,1,0
49639,3,3,173899,173899,173902,0,3,2
49640,4,1,173903,173903,173904,0,1,1
49641,5,2,173908,173908,173910,0,2,4
49642,3,3,173911,173911,173914,0,3,1
49643,3,3,173914,173914,173917,0,3,0
49644,6,2,173920,173920,173922,0,2,3
49645,1,3,173921,173922,173925,1,4,0
49646,1,2,173922,173925,173927,3,5,0
49647,6,3,173928,173928,173931,0,3,1
49648,4,2,173932,173932,173934,0,2,1
49649,4,3,173936,173936,173939,0,3,2
49650,2,1,173938,173939,173940,1,2,0
49651,6,1,173944,173944,173945,0,1,4
49652,5,3,173949,173949,173952,0,3,4
49653,1,3,173950,173952,173955,2,5,0
49654,4,3,173954,173955,173958,1,4,0
49655,4,1,173958,173958,173959,0,1,0
49656,4,2,173962,173962,173964,0,2,3
49657,5,3,173967,173967,173970,0,3,3
49658,6,2,173973,173973,173975,0,2,3
49659,5,3,173978,173978,173981,0,3,3
49660,2,3,173980,173981,173984,1,4,0
49661,1,2,173981,173984,173986,3,5,0
49662,2,1,173983,173986,173987,3,4,0
49663,6,1,173989,173989,173990,0,1,2
49664,3,3,173992,173992,173995,0,3,2
49665,5,3,173997,173997,174000,0,3,2
49666,2,1,173999,174000,174001,1,2,0
49667,1,3,174000,174001,174004,1,4,0
49668,1,3,174001,174004,174007,3,6,0
49669,6,3,174007,174007,174010,0,3,0
49670,1,3,174008,174010,174013,2,5,0
49671,5,1,174013,174013,174014,0,1,0
49672,3,1,174016,174016,174017,0,1,2
49673,1,3,174017,174017,174020,0,3,0
49674,4,3,174021,174021,174024,0,3,1
49675,4,1,174025,174025,174026,0,1,1
49676,4,1,174029,174029,174030,0,1,3
49677,6,2,174035,174035,174037,0,2,5
49678,2,2,174037,174037,174039,0,2,0
49679,3,2,174040,174040,174042,0,2,1
49680,3,1,174043,174043,174044,0,1,1
49681,2,2,174045,174045,174047,0,2,1
49682,3,1,174048,174048,174049,0,1,1
49683,3,1,174051,174051,174052,0,1,2
49684,4,3,174055,174055,174058,0,3,3
49685,3,2,174058,174058,174060,0,2,0
49686,1,1,174059,174060,174061,1,2,0
49687,4,3,174063,174063,174066,0,3,2
49688,6,3,174069,174069,174072,0,3,3
49689,2,1,174071,174072,174073,1,2,0
49690,6,1,174077,174077,174078,0,1,4
49691,5,3,174082,174082,174085,0,3,4
49692,5,1,174087,174087,174088,0,1,2
49693,6,1,174093,174093,174094,0,1,5
49694,1,1,174094,174094,174095,0,1,0
49695,6,2,174100,174100,174102,0,2,5
49696,5,3,174105,174105,174108,0,3,3
49697,1,3,174106,174108,174111,2,5,0
49698,6,3,174112,174112,174115,0,3,1
49699,6,1,174118,174118,174119,0,1,3
49700,1,1,174119,174119,174120,0,1,0
49701,3,1,174122,174122,174123,0,1,2
49702,4,3,174126,174126,174129,0,3,3
49703,3,3,174129,174129,174132,0,3,0
49704,6,3,174135,174135,174138,0,3,3
49705,5,3,174140,174140,174143,0,3,2
49706,3,1,174143,174143,174144,0,1,0
49707,5,2,174148,174148,174150,0,2,4
49708,4,1,174152,174152,174153,0,1,2
49709,4,2,174156,174156,174158,0,2,3
49710,4,1,174160,174160,174161,0,1,2
49711,3,1,174163,174163,174164,0,1,2
49712,6,1,174169,174169,174170,0,1,5
49713,6,3,174175,174175,174178,0,3,5
49714,4,2,174179,174179,174181,0,2,1
49715,6,3,174185,174185,174188,0,3,4
49716,3,1,174188,174188,174189,0,1,0
49717,1,3,174189,174189,174192,0,3,0
49718,6,1,174195,174195,174196,0,1,3
49719,6,3,174201,174201,174204,0,3,5
49720,3,3,174204,174204,174207,0,3,0
49721,3,3,174207,174207,174210,0,3,0
49722,6,2,174213,174213,174215,0,2,3
49723,4,2,174217,174217,174219,0,2,2
49724,1,2,174218,174219,174221,1,3,0
49725,4,3,174222,174222,174225,0,3,1
49726,6,1,174228,174228,174229,0,1,3
49727,1,2,174229,174229,174231,0,2,0
49728,2,2,174231,174231,174233,0,2,0
49729,4,2,174235,174235,174237,0,2,2
49730,2,3,174237,174237,174240,0,3,0
49731,5,1,174242,174242,174243,0,1,2
49732,5,2,174247,174247,174249,0,2,4
49733,3,1,174250,174250,174251,0,1,1
49734,6,1,174256,174256,174257,0,1,5
49735,1,2,174257,174257,174259,0,2,0
49736,1,1,174258,174259,174260,1,2,0
49737,1,1,174259,174260,174261,1,2,0
49738,6,3,174265,174265,174268,0,3,4
49739,3,1,174268,174268,174269,0,1,0
49740,2,1,174270,174270,174271,0,1,1
49741,2,3,174272,174272,174275,0,3,1
49742,2,3,174274,174275,174278,1,4,0
49743,3,3,174277,174278,174281,1,4,0
49744,3,3,174280,174281,174284,1,4,0
49745,6,1,174286,174286,174287,0,1,2
49746,3,2,174289,174289,174291,0,2,2
49747,6,3,174295,174295,174298,0,3,4
49748,4,3,174299,174299,174302,0,3,1
49749,6,3,174305,174305,174308,0,3,3
49750,2,2,174307,174308,174310,1,3,0
49751,4,1,174311,174311,174312,0,1,1
49752,1,3,174312,174312,174315,0,3,0
49753,2,1,174314,174315,174316,1,2,0
49754,2,2,174316,174316,174318,0,2,0
49755,5,1,174321,174321,174322,0,1,3
49756,4,3,174325,174325,174328,0,3,3
49757,3,3,174328,174328,174331,0,3,0
49758,5,3,174333,174333,174336,0,3,2
49759,2,2,174335,174336,174338,1,3,0
49760,4,1,174339,174339,174340,0,1,1
49761,5,1,174344,174344,174345,0,1,4
49762,4,2,174348,174348,174350,0,2,3
49763,6,2,174354,174354,174356,0,2,4
49764,5,3,174359,174359,174362,0,3,3
49765,2,2,174361,174362,174364,1,3,0
49766,6,2,174367,174367,174369,0,2,3
49767,5,1,174372,174372,174373,0,1,3
49768,1,1,174373,174373,174374,0,1,0
49769,3,2,174376,174376,174378,0,2,2
49770,4,2,174380,174380,174382,0,2,2
49771,4,3,174384,174384,174387,0,3,2
49772,5,2,174389,174389,174391,0,2,2
49773,2,1,174391,174391,174392,0,1,0
49774,2,3,174393,174393,174396,0,3,1
49775,5,1,174398,174398,174399,0,1,2
49776,5,2,174403,174403,174405,0,2,4
49777,2,1,174405,174405,174406,0,1,0
49778,3,1,174408,174408,174409,0,1,2
49779,6,3,174414,174414,174417,0,3,5
49780,5,2,174419,174419,174421,0,2,2
49781,2,1,174421,174421,174422,0,1,0
49782,1,1,174422,174422,174423,0,1,0
49783,4,3,174426,174426,174429,0,3,3
49784,1,3,174427,174429,174432,2,5,0
49785,5,3,174432,174432,174435,0,3,0
49786,2,2,174434,174435,174437,1,3,0
49787,4,1,174438,174438,174439,0,1,1
49788,5,3,174443,174443,174446,0,3,4
49789,1,1,174444,174446,174447,2,3,0
49790,4,2,174448,174448,174450,0,2,1
49791,2,2,174450,174450,174452,0,2,0
49792,1,2,174451,174452,174454,1,3,0
49793,1,2,174452,174454,174456,2,4,0
49794,3,3,174455,174456,174459,1,4,0
49795,1,1,174456,174459,174460,3,4,0
49796,5,2,174461,174461,174463,0,2,1
49797,1,2,174462,174463,174465,1,3,0
49798,3,3,174465,174465,174468,0,3,0
49799,1,2,174466,174468,174470,2,4,0
49800,4,1,174470,174470,174471,0,1,0
49801,4,3,174474,174474,174477,0,3,3
49802,3,1,174477,174477,174478,0,1,0
49803,5,3,174482,174482,174485,0,3,4
49804,2,1,174484,174485,174486,1,2,0
49805,5,3,174489,174489,174492,0,3,3
49806,3,1,174492,174492,174493,0,1,0
49807,1,3,174493,174493,174496,0,3,0
49808,4,1,174497,174497,174498,0,1,1
49809,6,1,174503,174503,174504,0,1,5
49810,1,1,174504,174504,174505,0,1,0
49811,3,3,174507,174507,174510,0,3,2
49812,4,2,174511,174511,174513,0,2,1
49813,3,1,174514,174514,174515,0,1,1
49814,6,1,174520,174520,174521,0,1,5
49815,3,2,174523,174523,174525,0,2,2
49816,3,2,174526,174526,174528,0,2,1
49817,2,3,174528,174528,174531,0,3,0
49818,4,3,174532,174532,174535,0,3,1
49819,3,3,174535,174535,174538,0,3,0
49820,4,3,174539,174539,174542,0,3,1
49821,3,1,174542,174542,174543,0,1,0
49822,5,1,174547,174547,174548,0,1,4
49823,6,3,174553,174553,174556,0,3,5
49824,4,2,174557,174557,174559,0,2,1
49825,2,2,174559,174559,174561,0,2,0
49826,1,1,174560,174561,174562,1,2,0
49827,1,1,174561,174562,174563,1,2,0
49828,3,3,174564,174564,174567,0,3,1
49829,1,2,174565,174567,174569,2,4,0
49830,1,1,174566,174569,174570,3,4,0
49831,6,2,174572,174572,174574,0,2,2
49832,2,2,174574,174574,174576,0,2,0
49833,6,2,174580,174580,174582,0,2,4
49834,1,2,174581,174582,174584,1,3,0
49835,4,3,174585,174585,174588,0,3,1
49836,3,2,174588,174588,174590,0,2,0
49837,2,1,174590,174590,174591,0,1,0
49838,3,1,174593,174593,174594,0,1,2
49839,4,1,174597,174597,174598,0,1,3
49840,1,3,174598,174598,174601,0,3,0
49841,4,1,174602,174602,174603,0,1,1
49842,3,3,174605,174605,174608,0,3,2
49843,5,1,174610,174610,174611,0,1,2
49844,4,2,174614,174614,174616,0,2,3
49845,6,3,174620,174620,174623,0,3,4
49846,5,1,174625,174625,174626,0,1,2
49847,2,1,174627,174627,174628,0,1,1
49848,1,3,174628,174628,174631,0,3,0
49849,6,3,174634,174634,174637,0,3,3
49850,2,2,174636,174637,174639,1,3,0
49851,2,3,174638,174639,174642,1,4,0
49852,5,3,174643,174643,174646,0,3,1
49853,5,2,174648,174648,174650,0,2,2
49854,6,2,174654,174654,174656,0,2,4
49855,1,3,174655,174656,174659,1,4,0
49856,2,1,174657,174659,174660,2,3,0
49857,5,1,174662,174662,174663,0,1,2
49858,2,1,174664,174664,174665,0,1,1
49859,3,3,174667,174667,174670,0,3,2
49860,2,2,174669,174670,174672,1,3,0
49861,4,3,174673,174673,174676,0,3,1
49862,4,3,174677,174677,174680,0,3,1
49863,5,3,174682,174682,174685,0,3,2
49864,4,1,174686,174686,174687,0,1,1
49865,5,1,174691,174691,174692,0,1,4
49866,2,2,174693,174693,174695,0,2,1
49867,6,1,174699,174699,174700,0,1,4
49868,5,3,174704,174704,174707,0,3,4
49869,1,1,174705,174707,174708,2,3,0
49870,3,3,174708,174708,174711,0,3,0
49871,5,2,174713,174713,174715,0,2,2
49872,6,3,174719,174719,174722,0,3,4
49873,2,3,174721,174722,174725,1,4,0
49874,1,1,174722,174725,174726,3,4,0
49875,3,2,174725,174726,174728,1,3,0
49876,6,3,174731,174731,174734,0,3,3
49877,5,1,174736,174736,174737,0,1,2
49878,4,3,174740,174740,174743,0,3,3
49879,2,2,174742,174743,174745,1,3,0
49880,4,3,174746,174746,174749,0,3,1
49881,6,1,174752,174752,174753,0,1,3
49882,5,1,174757,174757,174758,0,1,4
49883,4,3,174761,174761,174764,0,3,3
49884,4,1,174765,174765,174766,0,1,1
49885,6,1,174771,174771,174772,0,1,5
49886,1,2,174772,174772,174774,0,2,0
49887,4,3,174776,174776,174779,0,3,2
49888,3,1,174779,174779,174780,0,1,0
49889,2,2,174781,174781,174783,0,2,1
49890,1,1,174782,174783,174784,1,2,0
49891,6,2,174788,174788,174790,0,2,4
49892,3,1,174791,174791,174792,0,1,1
49893,4,3,174795,174795,174798,0,3,3
49894,4,1,174799,174799,174800,0,1,1
49895,3,3,174802,174802,174805,0,3,2
49896,2,3,174804,174805,174808,1,4,0
49897,4,2,174808,174808,174810,0,2,0
49898,2,2,174810,174810,174812,0,2,0
49899,5,1,174815,174815,174816,0,1,3
49900,5,3,174820,174820,174823,0,3,4
49901,6,3,174826,174826,174829,0,3,3
49902,4,1,174830,174830,174831,0,1,1
49903,1,3,174831,174831,174834,0,3,0
49904,6,2,174837,174837,174839,0,2,3
49905,6,1,174843,174843,174844,0,1,4
49906,5,1,174848,174848,174849,0,1,4
49907,3,2,174851,174851,174853,0,2,2
49908,3,3,174854,174854,174857,0,3,1
49909,6,3,174860,174860,174863,0,3,3
49910,3,2,174863,174863,174865,0,2,0
49911,5,1,174868,174868,174869,0,1,3
49912,6,2,174874,174874,174876,0,2,5
49913,5,3,174879,174879,174882,0,3,3
49914,5,3,174884,174884,174887,0,3,2
49915,5,3,174889,174889,174892,0,3,2
49916,6,3,174895,174895,174898,0,3,3
49917,3,2,174898,174898,174900,0,2,0
49918,3,3,174901,174901,174904,0,3,1
49919,1,1,174902,174904,174905,2,3,0
49920,6,2,174908,174908,174910,0,2,3
49921,2,2,174910,174910,174912,0,2,0
49922,1,2,174911,174912,174914,1,3,0
49923,3,3,174914,174914,174917,0,3,0
49924,4,3,174918,174918,174921,0,3,1
49925,2,2,174920,174921,174923,1,3,0
49926,6,1,174926,174926,174927,0,1,3
49927,4,1,174930,174930,174931,0,1,3
49928,1,3,174931,174931,174934,0,3,0
49929,2,2,174933,174934,174936,1,3,0
49930,6,2,174939,174939,174941,0,2,3
49931,2,3,174941,174941,174944,0,3,0
49932,4,3,174945,174945,174948,0,3,1
49933,3,3,174948,174948,174951,0,3,0
49934,2,1,174950,174951,174952,1,2,0
49935,5,1,174955,174955,174956,0,1,3
49936,4,3,174959,174959,174962,0,3,3
49937,6,1,174965,174965,174966,0,1,3
49938,5,1,174970,174970,174971,0,1,4
49939,2,2,174972,174972,174974,0,2,1
49940,3,2,174975,174975,174977,0,2,1
49941,4,2,174979,174979,174981,0,2,2
49942,3,1,174982,174982,174983,0,1,1
49943,6,2,174988,174988,174990,0,2,5
49944,6,2,174994,174994,174996,0,2,4
49945,1,2,174995,174996,174998,1,3,0
49946,4,1,174999,174999,175000,0,1,1
49947,3,2,175002,175002,175004,0,2,2
49948,6,3,175008,175008,175011,0,3,4
49949,1,2,175009,175011,175013,2,4,0
49950,4,3,175013,175013,175016,0,3,0
49951,6,2,175019,175019,175021,0,2,3
49952,3,3,175022,175022,175025,0,3,1
49953,2,1,175024,175025,175026,1,2,0
49954,2,1,175026,175026,175027,0,1,0
49955,6,3,175032,175032,175035,0,3,5
49956,5,1,175037,175037,175038,0,1,2
49957,4,1,175041,175041,175042,0,1,3
49958,4,3,175045,175045,175048,0,3,3
49959,4,1,175049,175049,175050,0,1,1
49960,5,2,175054,175054,175056,0,2,4
49961,4,3,175058,175058,175061,0,3,2
49962,1,1,175059,175061,175062,2,3,0
49963,1,3,175060,175062,175065,2,5,0
49964,4,3,175064,175065,175068,1,4,0
49965,6,1,175070,175070,175071,0,1,2
49966,4,2,175074,175074,175076,0,2,3
49967,4,2,175078,175078,175080,0,2,2
49968,1,1,175079,175080,175081,1,2,0
49969,3,2,175082,175082,175084,0,2,1
49970,6,2,175088,175088,175090,0,2,4
49971,4,2,175092,175092,175094,0,2,2
49972,2,3,175094,175094,175097,0,3,0
49973,3,1,175097,175097,175098,0,1,0
49974,5,3,175102,175102,175105,0,3,4
49975,3,1,175105,175105,175106,0,1,0
49976,3,3,175108,175108,175111,0,3,2
49977,4,2,175112,175112,175114,0,2,1
49978,1,2,175113,175114,175116,1,3,0
49979,2,2,175115,175116,175118,1,3,0
49980,6,2,175121,175121,175123,0,2,3
49981,1,1,175122,175123,175124,1,2,0
49982,1,1,175123,175124,175125,1,2,0
49983,3,3,175126,175126,175129,0,3,1
49984,5,3,175131,175131,175134,0,3,2
49985,3,2,175134,175134,175136,0,2,0
49986,5,3,175139,175139,175142,0,3,3
49987,1,1,175140,175142,175143,2,3,0
49988,1,2,175141,175143,175145,2,4,0
49989,5,1,175146,175146,175147,0,1,1
49990,6,2,175152,175152,175154,0,2,5
49991,3,3,175155,175155,175158,0,3,1
49992,1,1,175156,175158,175159,2,3,0
49993,6,3,175162,175162,175165,0,3,3
49994,4,1,175166,175166,175167,0,1,1
49995,4,3,175170,175170,175173,0,3,3
49996,4,2,175174,175174,175176,0,2,1
49997,3,1,175177,175177,175178,0,1,1
49998,2,2,175179,175179,175181,0,2,1
49999,6,1,175185,175185,175186,0,1,4
50000,3,1,175188,175188,175189,0,1,2
50001,6,1,175194,175194,175195,0,1,5
50002,5,2,175199,175199,175201,0,2,4
50003,6,3,175205,175205,175208,0,3,4
50004,3,2,175208,175208,175210,0,2,0
50005,3,2,175211,175211,175213,0,2,1
50006,6,2,175217,175217,175219,0,2,4
50007,6,3,175223,175223,175226,0,3,4
50008,1,1,175224,175226,175227,2,3,0
50009,3,3,175227,175227,175230,0,3,0
50010,2,2,175229,175230,175232,1,3,0
50011,3,2,175232,175232,175234,0,2,0
50012,2,2,175234,175234,175236,0,2,0
50013,6,1,175240,175240,175241,0,1,4
50014,6,1,175246,175246,175247,0,1,5
50015,6,3,175252,175252,175255,0,3,5
50016,3,1,175255,175255,175256,0,1,0
50017,6,3,175261,175261,175264,0,3,5
50018,2,1,175263,175264,175265,1,2,0
50019,2,1,175265,175265,175266,0,1,0
50020,4,2,175269,175269,175271,0,2,3
50021,1,1,175270,175271,175272,1,2,0
50022,6,3,175276,175276,175279,0,3,4
50023,4,1,175280,175280,175281,0,1,1
50024,6,1,175286,175286,175287,0,1,5
50025,3,2,175289,175289,175291,0,2,2
50026,6,2,175295,175295,175297,0,2,4
50027,1,1,175296,175297,175298,1,2,0
50028,6,2,175302,175302,175304,0,2,4
50029,6,1,175308,175308,175309,0,1,4
50030,6,3,175314,175314,175317,0,3,5
50031,6,1,175320,175320,175321,0,1,3
50032,6,2,175326,175326,175328,0,2,5
50033,6,3,175332,175332,175335,0,3,4
50034,5,2,175337,175337,175339,0,2,2
50035,4,2,175341,175341,175343,0,2,2
50036,2,3,175343,175343,175346,0,3,0
50037,3,1,175346,175346,175347,0,1,0
50038,4,3,175350,175350,175353,0,3,3
50039,6,3,175356,175356,175359,0,3,3
50040,3,1,175359,175359,175360,0,1,0
50041,6,3,175365,175365,175368,0,3,5
50042,5,1,175370,175370,175371,0,1,2
50043,5,2,175375,175375,175377,0,2,4
50044,3,1,175378,175378,175379,0,1,1
50045,5,1,175383,175383,175384,0,1,4
50046,5,3,175388,175388,175391,0,3,4
50047,2,1,175390,175391,175392,1,2,0
50048,1,3,175391,175392,175395,1,4,0
50049,4,1,175395,175395,175396,0,1,0
50050,6,3,175401,175401,175404,0,3,5
50051,3,1,175404,175404,175405,0,1,0
50052,6,2,175410,175410,175412,0,2,5
50053,4,1,175414,175414,175415,0,1,2
50054,4,2,175418,175418,175420,0,2,3
50055,2,1,175420,175420,175421,0,1,0
50056,3,2,175423,175423,175425,0,2,2
50057,5,3,175428,175428,175431,0,3,3
50058,1,2,175429,175431,175433,2,4,0
50059,1,2,175430,175433,175435,3,5,0
50060,6,3,175436,175436,175439,0,3,1
50061,1,2,175437,175439,175441,2,4,0
50062,6,2,175443,175443,175445,0,2,2
50063,5,1,175448,175448,175449,0,1,3
50064,4,1,175452,175452,175453,0,1,3
50065,1,2,175453,175453,175455,0,2,0
50066,4,3,175457,175457,175460,0,3,2
50067,3,3,175460,175460,175463,0,3,0
50068,5,2,175465,175465,175467,0,2,2
50069,3,2,175468,175468,175470,0,2,1
50070,4,1,175472,175472,175473,0,1,2
50071,6,3,175478,175478,175481,0,3,5
50072,1,1,175479,175481,175482,2,3,0
50073,3,2,175482,175482,175484,0,2,0
50074,6,3,175488,175488,175491,0,3,4
50075,2,1,175490,175491,175492,1,2,0
50076,6,2,175496,175496,175498,0,2,4
50077,4,2,175500,175500,175502,0,2,2
50078,1,2,175501,175502,175504,1,3,0
50079,6,3,175507,175507,175510,0,3,3
50080,3,1,175510,175510,175511,0,1,0
50081,5,2,175515,175515,175517,0,2,4
50082,4,2,175519,175519,175521,0,2,2
50083,5,2,175524,175524,175526,0,2,3
50084,4,1,175528,175528,175529,0,1,2
50085,6,1,175534,175534,175535,0,1,5
50086,2,3,175536,175536,175539,0,3,1
50087,4,2,175540,175540,175542,0,2,1
50088,3,3,175543,175543,175546,0,3,1
50089,1,3,175544,175546,175549,2,5,0
50090,6,2,175550,175550,175552,0,2,1
50091,1,2,175551,175552,175554,1,3,0
50092,4,2,175555,175555,175557,0,2,1
50093,3,3,175558,175558,175561,0,3,1
50094,6,1,175564,175564,175565,0,1,3
50095,6,1,175570,175570,175571,0,1,5
50096,2,3,175572,175572,175575,0,3,1
50097,5,3,175577,175577,175580,0,3,2
50098,6,2,175583,175583,175585,0,2,3
50099,5,2,175588,175588,175590,0,2,3
50100,2,3,175590,175590,175593,0,3,0
50101,3,3,175593,175593,175596,0,3,0
50102,3,2,175596,175596,175598,0,2,0
50103,1,1,175597,175598,175599,1,2,0
50104,6,3,175603,175603,175606,0,3,4
50105,1,3,175604,175606,175609,2,5,0
50106,1,2,175605,175609,175611,4,6,0
50107,2,3,175607,175611,175614,4,7,0
50108,6,3,175613,175614,175617,1,4,0
50109,5,3,175618,175618,175621,0,3,1
50110,5,1,175623,175623,175624,0,1,2
50111,6,3,175629,175629,175632,0,3,5
50112,6,2,175635,175635,175637,0,2,3
50113,4,2,175639,175639,175641,0,2,2
50114,4,1,175643,175643,175644,0,1,2
50115,4,3,175647,175647,175650,0,3,3
50116,5,3,175652,175652,175655,0,3,2
50117,3,1,175655,175655,175656,0,1,0
50118,5,3,175660,175660,175663,0,3,4
50119,3,3,175663,175663,175666,0,3,0
50120,1,2,175664,175666,175668,2,4,0
50121,4,3,175668,175668,175671,0,3,0
50122,3,1,175671,175671,175672,0,1,0
50123,3,3,175674,175674,175677,0,3,2
50124,2,1,175676,175677,175678,1,2,0
50125,3,2,175679,175679,175681,0,2,1
50126,5,3,175684,175684,175687,0,3,3
50127,1,3,175685,175687,175690,2,5,0
50128,3,1,175688,175690,175691,2,3,0
50129,4,3,175692,175692,175695,0,3,1
50130,1,3,175693,175695,175698,2,5,0
50131,2,3,175695,175698,175701,3,6,0
50132,6,1,175701,175701,175702,0,1,0
50133,6,1,175707,175707,175708,0,1,5
50134,4,3,175711,175711,175714,0,3,3
50135,1,3,175712,175714,175717,2,5,0
50136,4,1,175716,175717,175718,1,2,0
50137,6,1,175722,175722,175723,0,1,4
50138,5,3,175727,175727,175730,0,3,4
50139,4,3,175731,175731,175734,0,3,1
50140,4,1,175735,175735,175736,0,1,1
50141,2,1,175737,175737,175738,0,1,1
50142,1,3,175738,175738,175741,0,3,0
50143,4,3,175742,175742,175745,0,3,1
50144,3,1,175745,175745,175746,0,1,0
50145,1,1,175746,175746,175747,0,1,0
50146,3,1,175749,175749,175750,0,1,2
50147,3,2,175752,175752,175754,0,2,2
50148,5,3,175757,175757,175760,0,3,3
50149,1,3,175758,175760,175763,2,5,0
50150,3,2,175761,175763,175765,2,4,0
50151,2,3,175763,175765,175768,2,5,0
50152,1,3,175764,175768,175771,4,7,0
50153,3,1,175767,175771,175772,4,5,0
50154,6,1,175773,175773,175774,0,1,1
50155,4,3,175777,175777,175780,0,3,3
50156,6,2,175783,175783,175785,0,2,3
50157,4,1,175787,175787,175788,0,1,2
50158,5,2,175792,175792,175794,0,2,4
50159,6,3,175798,175798,175801,0,3,4
50160,1,1,175799,175801,175802,2,3,0
50161,2,3,175801,175802,175805,1,4,0
50162,5,3,175806,175806,175809,0,3,1
50163,6,1,175812,175812,175813,0,1,3
50164,1,2,175813,175813,175815,0,2,0
50165,2,2,175815,175815,175817,0,2,0
50166,3,3,175818,175818,175821,0,3,1
50167,3,2,175821,175821,175823,0,2,0
50168,3,3,175824,175824,175827,0,3,1
50169,6,2,175830,175830,175832,0,2,3
50170,2,2,175832,175832,175834,0,2,0
50171,5,3,175837,175837,175840,0,3,3
50172,2,1,175839,175840,175841,1,2,0
50173,3,1,175842,175842,175843,0,1,1
50174,2,1,175844,175844,175845,0,1,1
50175,3,3,175847,175847,175850,0,3,2
50176,1,1,175848,175850,175851,2,3,0
50177,6,3,175854,175854,175857,0,3,3
50178,5,2,175859,175859,175861,0,2,2
50179,3,2,175862,175862,175864,0,2,1
50180,6,3,175868,175868,175871,0,3,4
50181,6,3,175874,175874,175877,0,3,3
50182,2,2,175876,175877,175879,1,3,0
50183,3,3,175879,175879,175882,0,3,0
50184,6,1,175885,175885,175886,0,1,3
50185,1,3,175886,175886,175889,0,3,0
50186,4,3,175890,175890,175893,0,3,1
50187,4,1,175894,175894,175895,0,1,1
50188,2,2,175896,175896,175898,0,2,1
50189,2,2,175898,175898,175900,0,2,0
50190,5,3,175903,175903,175906,0,3,3
50191,5,3,175908,175908,175911,0,3,2
50192,5,1,175913,175913,175914,0,1,2
50193,6,2,175919,175919,175921,0,2,5
50194,5,3,175924,175924,175927,0,3,3
50195,1,2,175925,175927,175929,2,4,0
50196,6,3,175931,175931,175934,0,3,2
50197,6,1,175937,175937,175938,0,1,3
50198,3,2,175940,175940,175942,0,2,2
50199,2,2,175942,175942,175944,0,2,0
50200,2,1,175944,175944,175945,0,1,0
50201,4,1,175948,175948,175949,0,1,3
50202,3,1,175951,175951,175952,0,1,2
50203,1,1,175952,175952,175953,0,1,0
50204,3,2,175955,175955,175957,0,2,2
50205,2,2,175957,175957,175959,0,2,0
50206,6,1,175963,175963,175964,0,1,4
50207,5,3,175968,175968,175971,0,3,4
50208,6,1,175974,175974,175975,0,1,3
50209,2,3,175976,175976,175979,0,3,1
50210,3,2,175979,175979,175981,0,2,0
50211,5,3,175984,175984,175987,0,3,3
50212,2,2,175986,175987,175989,1,3,0
50213,1,1,175987,175989,175990,2,3,0
50214,1,1,175988,175990,175991,2,3,0
50215,5,1,175993,175993,175994,0,1,2
50216,4,2,175997,175997,175999,0,2,3
50217,1,2,175998,175999,176001,1,3,0
50218,1,1,175999,176001,176002,2,3,0
50219,1,1,176000,176002,176003,2,3,0
50220,2,2,176002,176003,176005,1,3,0
50221,2,3,176004,176005,176008,1,4,0
50222,2,3,176006,176008,176011,2,5,0
50223,5,3,176011,176011,176014,0,3,0
50224,5,3,176016,176016,176019,0,3,2
50225,3,2,176019,176019,176021,0,2,0
50226,5,1,176024,176024,176025,0,1,3
50227,1,1,176025,176025,176026,0,1,0
50228,2,3,176027,176027,176030,0,3,1
50229,1,3,176028,176030,176033,2,5,0
50230,3,3,176031,176033,176036,2,5,0
50231,1,3,176032,176036,176039,4,7,0
50232,1,3,176033,176039,176042,6,9,0
50233,6,2,176039,176042,176044,3,5,0
50234,3,1,176042,176044,176045,2,3,0
50235,6,1,176048,176048,176049,0,1,3
50236,6,1,176054,176054,176055,0,1,5
50237,1,2,176055,176055,176057,0,2,0
50238,5,2,176060,176060,176062,0,2,3
50239,4,1,176064,176064,176065,0,1,2
50240,4,1,176068,176068,176069,0,1,3
50241,6,1,176074,176074,176075,0,1,5
50242,2,2,176076,176076,176078,0,2,1
50243,2,1,176078,176078,176079,0,1,0
50244,4,3,176082,176082,176085,0,3,3
50245,1,1,176083,176085,176086,2,3,0
50246,5,3,176088,176088,176091,0,3,2
50247,3,3,176091,176091,176094,0,3,0
50248,1,2,176092,176094,176096,2,4,0
50249,5,1,176097,176097,176098,0,1,1
50250,4,1,176101,176101,176102,0,1,3
50251,5,2,176106,176106,176108,0,2,4
50252,2,2,176108,176108,176110,0,2,0
50253,2,2,176110,176110,176112,0,2,0
50254,5,2,176115,176115,176117,0,2,3
50255,2,2,176117,176117,176119,0,2,0
50256,5,3,176122,176122,176125,0,3,3
50257,6,3,176128,176128,176131,0,3,3
50258,3,2,176131,176131,176133,0,2,0
50259,6,3,176137,176137,176140,0,3,4
50260,2,2,176139,176140,176142,1,3,0
50261,6,3,176145,176145,176148,0,3,3
50262,3,2,176148,176148,176150,0,2,0
50263,4,1,176152,176152,176153,0,1,2
50264,1,3,176153,176153,176156,0,3,0
50265,4,1,176157,176157,176158,0,1,1
50266,5,1,176162,176162,176163,0,1,4
50267,1,1,176163,176163,176164,0,1,0
50268,1,2,176164,176164,176166,0,2,0
50269,3,2,176167,176167,176169,0,2,1
50270,6,3,176173,176173,176176,0,3,4
50271,1,1,176174,176176,176177,2,3,0
50272,6,2,176180,176180,176182,0,2,3
50273,2,1,176182,176182,176183,0,1,0
50274,3,1,176185,176185,176186,0,1,2
50275,4,3,176189,176189,176192,0,3,3
50276,4,2,176193,176193,176195,0,2,1
50277,3,2,176196,176196,176198,0,2,1
50278,5,2,176201,176201,176203,0,2,3
50279,6,2,176207,176207,176209,0,2,4
50280,6,1,176213,176213,176214,0,1,4
50281,1,3,176214,176214,176217,0,3,0
50282,5,3,176219,176219,176222,0,3,2
50283,3,3,176222,176222,176225,0,3,0
50284,2,1,176224,176225,176226,1,2,0
50285,3,2,176227,176227,176229,0,2,1
50286,6,3,176233,176233,176236,0,3,4
50287,2,3,176235,176236,176239,1,4,0
50288,1,2,176236,176239,176241,3,5,0
50289,5,1,176241,176241,176242,0,1,0
50290,5,1,176246,176246,176247,0,1,4
50291,2,3,176248,176248,176251,0,3,1
50292,6,1,176254,176254,176255,0,1,3
50293,3,1,176257,176257,176258,0,1,2
50294,4,3,176261,176261,176264,0,3,3
50295,3,3,176264,176264,176267,0,3,0
50296,4,1,176268,176268,176269,0,1,1
50297,6,1,176274,176274,176275,0,1,5
50298,4,1,176278,176278,176279,0,1,3
50299,1,1,176279,176279,176280,0,1,0
50300,5,2,176284,176284,176286,0,2,4
50301,3,1,176287,176287,176288,0,1,1
50302,5,3,176292,176292,176295,0,3,4
50303,4,2,176296,176296,176298,0,2,1
50304,6,1,176302,176302,176303,0,1,4
50305,5,2,176307,176307,176309,0,2,4
50306,3,2,176310,176310,176312,0,2,1
50307,4,2,176314,176314,176316,0,2,2
50308,4,1,176318,176318,176319,0,1,2
50309,2,1,176320,176320,176321,0,1,1
50310,1,1,176321,176321,176322,0,1,0
50311,4,1,176325,176325,176326,0,1,3
50312,6,3,176331,176331,176334,0,3,5
50313,3,1,176334,176334,176335,0,1,0
50314,6,3,176340,176340,176343,0,3,5
50315,2,1,176342,176343,176344,1,2,0
50316,5,1,176347,176347,176348,0,1,3
50317,1,1,176348,176348,176349,0,1,0
50318,6,1,176354,176354,176355,0,1,5
50319,1,1,176355,176355,176356,0,1,0
50320,2,1,176357,176357,176358,0,1,1
50321,1,3,176358,176358,176361,0,3,0
50322,4,1,176362,176362,176363,0,1,1
50323,1,2,176363,176363,176365,0,2,0
50324,2,2,176365,176365,176367,0,2,0
50325,4,3,176369,176369,176372,0,3,2
50326,4,3,176373,176373,176376,0,3,1
50327,6,1,176379,176379,176380,0,1,3
50328,4,2,176383,176383,176385,0,2,3
50329,1,1,176384,176385,176386,1,2,0
50330,3,1,176387,176387,176388,0,1,1
50331,5,1,176392,176392,176393,0,1,4
50332,3,3,176395,176395,176398,0,3,2
50333,1,3,176396,176398,176401,2,5,0
50334,2,1,176398,176401,176402,3,4,0
50335,1,2,176399,176402,176404,3,5,0
50336,6,3,176405,176405,176408,0,3,1
50337,1,3,176406,176408,176411,2,5,0
50338,2,1,176408,176411,176412,3,4,0
50339,6,2,176414,176414,176416,0,2,2
50340,2,1,176416,176416,176417,0,1,0
50341,1,1,176417,176417,176418,0,1,0
50342,3,2,176420,176420,176422,0,2,2
50343,2,1,176422,176422,176423,0,1,0
50344,4,1,176426,176426,176427,0,1,3
50345,4,1,176430,176430,176431,0,1,3
50346,1,1,176431,176431,176432,0,1,0
50347,1,3,176432,176432,176435,0,3,0
50348,1,2,176433,176435,176437,2,4,0
50349,3,1,176436,176437,176438,1,2,0
50350,2,3,176438,176438,176441,0,3,0
50351,1,3,176439,176441,176444,2,5,0
50352,5,1,176444,176444,176445,0,1,0
50353,3,1,176447,176447,176448,0,1,2
50354,1,2,176448,176448,176450,0,2,0
50355,5,3,176453,176453,176456,0,3,3
50356,6,2,176459,176459,176461,0,2,3
50357,6,1,176465,176465,176466,0,1,4
50358,4,2,176469,176469,176471,0,2,3
50359,4,1,176473,176473,176474,0,1,2
50360,5,3,176478,176478,176481,0,3,4
50361,6,2,176484,176484,176486,0,2,3
50362,6,1,176490,176490,176491,0,1,4
50363,2,1,176492,176492,176493,0,1,1
50364,2,1,176494,176494,176495,0,1,1
50365,4,3,176498,176498,176501,0,3,3
50366,4,3,176502,176502,176505,0,3,1
50367,1,2,176503,176505,176507,2,4,0
50368,2,2,176505,176507,176509,2,4,0
50369,6,1,176511,176511,176512,0,1,2
50370,1,1,176512,176512,176513,0,1,0
50371,2,1,176514,176514,176515,0,1,1
50372,6,1,176520,176520,176521,0,1,5
50373,3,2,176523,176523,176525,0,2,2
50374,5,1,176528,176528,176529,0,1,3
50375,3,3,176531,176531,176534,0,3,2
50376,6,1,176537,176537,176538,0,1,3
50377,4,2,176541,176541,176543,0,2,3
50378,1,1,176542,176543,176544,1,2,0
50379,6,3,176548,176548,176551,0,3,4
50380,1,2,176549,176551,176553,2,4,0
50381,3,1,176552,176553,176554,1,2,0
50382,4,2,176556,176556,176558,0,2,2
50383,1,2,176557,176558,176560,1,3,0
50384,6,1,176563,176563,176564,0,1,3
50385,6,3,176569,176569,176572,0,3,5
50386,1,3,176570,176572,176575,2,5,0
50387,3,2,176573,176575,176577,2,4,0
50388,3,2,176576,176577,176579,1,3,0
50389,6,1,176582,176582,176583,0,1,3
50390,1,2,176583,176583,176585,0,2,0
50391,2,2,176585,176585,176587,0,2,0
50392,1,3,176586,176587,176590,1,4,0
50393,1,3,176587,176590,176593,3,6,0
50394,5,2,176592,176593,176595,1,3,0
50395,4,1,176596,176596,176597,0,1,1
50396,4,2,176600,176600,176602,0,2,3
50397,5,1,176605,176605,176606,0,1,3
50398,4,3,176609,176609,176612,0,3,3
50399,1,2,176610,176612,176614,2,4,0
50400,6,3,176616,176616,176619,0,3,2
50401,1,1,176617,176619,176620,2,3,0
50402,1,3,176618,176620,176623,2,5,0
50403,4,3,176622,176623,176626,1,4,0
50404,6,1,176628,176628,176629,0,1,2
50405,2,2,176630,176630,176632,0,2,1
50406,1,2,176631,176632,176634,1,3,0
50407,2,1,176633,176634,176635,1,2,0
50408,5,3,176638,176638,176641,0,3,3
50409,4,1,176642,176642,176643,0,1,1
50410,5,2,176647,176647,176649,0,2,4
50411,1,3,176648,176649,176652,1,4,0
50412,1,1,176649,176652,176653,3,4,0
50413,4,1,176653,176653,176654,0,1,0
50414,2,3,176655,176655,176658,0,3,1
50415,3,3,176658,176658,176661,0,3,0
50416,1,3,176659,176661,176664,2,5,0
50417,3,1,176662,176664,176665,2,3,0
50418,6,2,176668,176668,176670,0,2,3
50419,6,2,176674,176674,176676,0,2,4
50420,6,3,176680,176680,176683,0,3,4
50421,5,1,176685,176685,176686,0,1,2
50422,4,1,176689,176689,176690,0,1,3
50423,3,2,176692,176692,176694,0,2,2
50424,6,1,176698,176698,176699,0,1,4
50425,1,1,176699,176699,176700,0,1,0
50426,2,3,176701,176701,176704,0,3,1
50427,1,1,176702,176704,176705,2,3,0
50428,1,1,176703,176705,176706,2,3,0
50429,1,1,176704,176706,176707,2,3,0
50430,2,2,176706,176707,176709,1,3,0
50431,6,3,176712,176712,176715,0,3,3
50432,3,1,176715,176715,176716,0,1,0
50433,5,3,176720,176720,176723,0,3,4
50434,4,1,176724,176724,176725,0,1,1
50435,4,2,176728,176728,176730,0,2,3
50436,4,1,176732,176732,176733,0,1,2
50437,1,1,176733,176733,176734,0,1,0
50438,4,2,176737,176737,176739,0,2,3
50439,1,3,176738,176739,176742,1,4,0
50440,6,2,176744,176744,176746,0,2,2
50441,4,2,176748,176748,176750,0,2,2
50442,6,2,176754,176754,176756,0,2,4
50443,6,2,176760,176760,176762,0,2,4
50444,3,2,176763,176763,176765,0,2,1
50445,4,2,176767,176767,176769,0,2,2
50446,2,1,176769,176769,176770,0,1,0
50447,3,3,176772,176772,176775,0,3,2
50448,4,1,176776,176776,176777,0,1,1
50449,3,3,176779,176779,176782,0,3,2
50450,4,1,176783,176783,176784,0,1,1
50451,4,3,176787,176787,176790,0,3,3
50452,2,1,176789,176790,176791,1,2,0
50453,3,3,176792,176792,176795,0,3,1
50454,3,3,176795,176795,176798,0,3,0
50455,4,1,176799,176799,176800,0,1,1
50456,6,3,176805,176805,176808,0,3,5
50457,6,3,176811,176811,176814,0,3,3
50458,6,3,176817,176817,176820,0,3,3
50459,3,2,176820,176820,176822,0,2,0
50460,6,1,176826,176826,176827,0,1,4
50461,3,3,176829,176829,176832,0,3,2
50462,3,2,176832,176832,176834,0,2,0
50463,3,2,176835,176835,176837,0,2,1
50464,3,1,176838,176838,176839,0,1,1
50465,6,2,176844,176844,176846,0,2,5
50466,3,2,176847,176847,176849,0,2,1
50467,6,3,176853,176853,176856,0,3,4
50468,5,3,176858,176858,176861,0,3,2
50469,5,3,176863,176863,176866,0,3,2
50470,3,2,176866,176866,176868,0,2,0
50471,1,2,176867,176868,176870,1,3,0
50472,3,1,176870,176870,176871,0,1,0
50473,4,2,176874,176874,176876,0,2,3
50474,3,2,176877,176877,176879,0,2,1
50475,1,2,176878,176879,176881,1,3,0
50476,1,3,176879,176881,176884,2,5,0
50477,5,2,176884,176884,176886,0,2,0
50478,1,3,176885,176886,176889,1,4,0
50479,6,2,176891,176891,176893,0,2,2
50480,5,1,176896,176896,176897,0,1,3
50481,1,1,176897,176897,176898,0,1,0
50482,5,1,176902,176902,176903,0,1,4
50483,1,1,176903,176903,176904,0,1,0
50484,4,3,176907,176907,176910,0,3,3
50485,5,2,176912,176912,176914,0,2,2
50486,3,1,176915,176915,176916,0,1,1
50487,6,1,176921,176921,176922,0,1,5
50488,5,2,176926,176926,176928,0,2,4
50489,3,2,176929,176929,176931,0,2,1
50490,6,1,176935,176935,176936,0,1,4
50491,1,3,176936,176936,176939,0,3,0
50492,1,3,176937,176939,176942,2,5,0
50493,6,1,176943,176943,176944,0,1,1
50494,6,3,176949,176949,176952,0,3,5
50495,2,2,176951,176952,176954,1,3,0
50496,3,3,176954,176954,176957,0,3,0
50497,5,2,176959,176959,176961,0,2,2
50498,3,1,176962,176962,176963,0,1,1
50499,6,1,176968,176968,176969,0,1,5
50500,5,2,176973,176973,176975,0,2,4
50501,1,3,176974,176975,176978,1,4,0
50502,3,1,176977,176978,176979,1,2,0
50503,5,3,176982,176982,176985,0,3,3
50504,5,3,176987,176987,176990,0,3,2
50505,6,1,176993,176993,176994,0,1,3
50506,3,2,176996,176996,176998,0,2,2
50507,5,3,177001,177001,177004,0,3,3
50508,2,1,177003,177004,177005,1,2,0
50509,4,3,177007,177007,177010,0,3,2
50510,1,3,177008,177010,177013,2,5,0
50511,2,2,177010,177013,177015,3,5,0
50512,4,2,177014,177015,177017,1,3,0
50513,2,2,177016,177017,177019,1,3,0
50514,4,2,177020,177020,177022,0,2,1
50515,4,2,177024,177024,177026,0,2,2
50516,3,2,177027,177027,177029,0,2,1
50517,4,3,177031,177031,177034,0,3,2
50518,1,2,177032,177034,177036,2,4,0
50519,3,3,177035,177036,177039,1,4,0
50520,3,1,177038,177039,177040,1,2,0
50521,1,1,177039,177040,177041,1,2,0
50522,2,3,177041,177041,177044,0,3,0
50523,1,1,177042,177044,177045,2,3,0
50524,4,2,177046,177046,177048,0,2,1
50525,1,1,177047,177048,177049,1,2,0
50526,1,3,177048,177049,177052,1,4,0
50527,3,3,177051,177052,177055,1,4,0
50528,5,1,177056,177056,177057,0,1,1
50529,4,2,177060,177060,177062,0,2,3
50530,3,2,177063,177063,177065,0,2,1
50531,4,1,177067,177067,177068,0,1,2
50532,4,3,177071,177071,177074,0,3,3
50533,3,2,177074,177074,177076,0,2,0
50534,6,2,177080,177080,177082,0,2,4
50535,4,2,177084,177084,177086,0,2,2
50536,5,3,177089,177089,177092,0,3,3
50537,4,2,177093,177093,177095,0,2,1
50538,3,3,177096,177096,177099,0,3,1
50539,1,1,177097,177099,177100,2,3,0
50540,4,1,177101,177101,177102,0,1,1
50541,3,1,177104,177104,177105,0,1,2
50542,1,1,177105,177105,177106,0,1,0
50543,2,3,177107,177107,177110,0,3,1
50544,5,2,177112,177112,177114,0,2,2
50545,4,3,177116,177116,177119,0,3,2
50546,1,1,177117,177119,177120,2,3,0
50547,4,2,177121,177121,177123,0,2,1
50548,4,1,177125,177125,177126,0,1,2
50549,4,2,177129,177129,177131,0,2,3
50550,1,3,177130,177131,177134,1,4,0
50551,4,1,177134,177134,177135,0,1,0
50552,5,3,177139,177139,177142,0,3,4
50553,5,1,177144,177144,177145,0,1,2
50554,4,1,177148,177148,177149,0,1,3
50555,3,1,177151,177151,177152,0,1,2
50556,3,3,177154,177154,177157,0,3,2
50557,5,2,177159,177159,177161,0,2,2
50558,4,3,177163,177163,177166,0,3,2
50559,6,1,177169,177169,177170,0,1,3
50560,5,2,177174,177174,177176,0,2,4
50561,3,3,177177,177177,177180,0,3,1
50562,6,2,177183,177183,177185,0,2,3
50563,5,3,177188,177188,177191,0,3,3
50564,4,1,177192,177192,177193,0,1,1
50565,6,1,177198,177198,177199,0,1,5
50566,5,3,177203,177203,177206,0,3,4
50567,6,1,177209,177209,177210,0,1,3
50568,3,1,177212,177212,177213,0,1,2
50569,1,2,177213,177213,177215,0,2,0
50570,1,2,177214,177215,177217,1,3,0
50571,6,2,177220,177220,177222,0,2,3
50572,4,3,177224,177224,177227,0,3,2
50573,3,3,177227,177227,177230,0,3,0
50574,6,1,177233,177233,177234,0,1,3
50575,2,1,177235,177235,177236,0,1,1
50576,3,3,177238,177238,177241,0,3,2
50577,1,2,177239,177241,177243,2,4,0
50578,5,2,177244,177244,177246,0,2,1
50579,5,1,177249,177249,177250,0,1,3
50580,6,2,177255,177255,177257,0,2,5
50581,6,1,177261,177261,177262,0,1,4
50582,3,2,177264,177264,177266,0,2,2
50583,3,2,177267,177267,177269,0,2,1
50584,6,1,177273,177273,177274,0,1,4
50585,1,1,177274,177274,177275,0,1,0
50586,2,1,177276,177276,177277,0,1,1
50587,6,2,177282,177282,177284,0,2,5
50588,6,1,177288,177288,177289,0,1,4
50589,3,3,177291,177291,177294,0,3,2
50590,5,2,177296,177296,177298,0,2,2
50591,2,1,177298,177298,177299,0,1,0
50592,2,2,177300,177300,177302,0,2,1
50593,2,1,177302,177302,177303,0,1,0
50594,5,1,177307,177307,177308,0,1,4
50595,5,3,177312,177312,177315,0,3,4
50596,4,2,177316,177316,177318,0,2,1
50597,5,3,177321,177321,177324,0,3,3
50598,6,2,177327,177327,177329,0,2,3
50599,2,1,177329,177329,177330,0,1,0
50600,2,1,177331,177331,177332,0,1,1
50601,4,3,177335,177335,177338,0,3,3
50602,2,1,177337,177338,177339,1,2,0
50603,3,2,177340,177340,177342,0,2,1
50604,1,3,177341,177342,177345,1,4,0
50605,1,3,177342,177345,177348,3,6,0
50606,1,1,177343,177348,177349,5,6,0
50607,1,2,177344,177349,177351,5,7,0
50608,1,2,177345,177351,177353,6,8,0
50609,3,3,177348,177353,177356,5,8,0
50610,4,1,177352,177356,177357,4,5,0
50611,3,1,177355,177357,177358,2,3,0
50612,1,3,177356,177358,177361,2,5,0
50613,4,1,177360,177361,177362,1,2,0
50614,3,2,177363,177363,177365,0,2,1
50615,1,1,177364,177365,177366,1,2,0
50616,1,1,177365,177366,177367,1,2,0
50617,6,2,177371,177371,177373,0,2,4
50618,1,1,177372,177373,177374,1,2,0
50619,4,1,177376,177376,177377,0,1,2
50620,1,3,177377,177377,177380,0,3,0
50621,5,3,177382,177382,177385,0,3,2
50622,6,3,177388,177388,177391,0,3,3
50623,6,3,177394,177394,177397,0,3,3
50624,2,2,177396,177397,177399,1,3,0
50625,6,3,177402,177402,177405,0,3,3
50626,4,1,177406,177406,177407,0,1,1
50627,6,1,177412,177412,177413,0,1,5
50628,2,2,177414,177414,177416,0,2,1
50629,1,1,177415,177416,177417,1,2,0
50630,5,3,177420,177420,177423,0,3,3
50631,4,2,177424,177424,177426,0,2,1
50632,3,1,177427,177427,177428,0,1,1
50633,5,3,177432,177432,177435,0,3,4
50634,2,1,177434,177435,177436,1,2,0
50635,6,3,177440,177440,177443,0,3,4
50636,6,1,177446,177446,177447,0,1,3
50637,4,1,177450,177450,177451,0,1,3
50638,5,2,177455,177455,177457,0,2,4
50639,2,1,177457,177457,177458,0,1,0
50640,6,3,177463,177463,177466,0,3,5
50641,5,3,177468,177468,177471,0,3,2
50642,2,1,177470,177471,177472,1,2,0
50643,6,2,177476,177476,177478,0,2,4
50644,4,1,177480,177480,177481,0,1,2
50645,5,1,177485,177485,177486,0,1,4
50646,6,3,177491,177491,177494,0,3,5
50647,6,2,177497,177497,177499,0,2,3
50648,2,3,177499,177499,177502,0,3,0
50649,3,1,177502,177502,177503,0,1,0
50650,6,3,177508,177508,177511,0,3,5
50651,3,2,177511,177511,177513,0,2,0
50652,3,3,177514,177514,177517,0,3,1
50653,6,1,177520,177520,177521,0,1,3
50654,4,1,177524,177524,177525,0,1,3
50655,5,2,177529,177529,177531,0,2,4
50656,2,3,177531,177531,177534,0,3,0
50657,2,2,177533,177534,177536,1,3,0
50658,1,3,177534,177536,177539,2,5,0
50659,6,3,177540,177540,177543,0,3,1
50660,1,1,177541,177543,177544,2,3,0
50661,2,3,177543,177544,177547,1,4,0
50662,2,3,177545,177547,177550,2,5,0
50663,2,2,177547,177550,177552,3,5,0
50664,6,2,177553,177553,177555,0,2,1
50665,6,3,177559,177559,177562,0,3,4
50666,5,2,177564,177564,177566,0,2,2
50667,6,1,177570,177570,177571,0,1,4
50668,4,3,177574,177574,177577,0,3,3
50669,2,2,177576,177577,177579,1,3,0
50670,1,3,177577,177579,177582,2,5,0
50671,4,1,177581,177582,177583,1,2,0
50672,2,1,177583,177583,177584,0,1,0
50673,6,1,177589,177589,177590,0,1,5
50674,5,3,177594,177594,177597,0,3,4
50675,3,2,177597,177597,177599,0,2,0
50676,3,3,177600,177600,177603,0,3,1
50677,1,2,177601,177603,177605,2,4,0
50678,6,3,177607,177607,177610,0,3,2
50679,6,2,177613,177613,177615,0,2,3
50680,2,2,177615,177615,177617,0,2,0
50681,3,2,177618,177618,177620,0,2,1
50682,1,1,177619,177620,177621,1,2,0
50683,6,2,177625,177625,177627,0,2,4
50684,5,3,177630,177630,177633,0,3,3
50685,4,2,177634,177634,177636,0,2,1
50686,4,2,177638,177638,177640,0,2,2
50687,5,3,177643,177643,177646,0,3,3
50688,1,3,177644,177646,177649,2,5,0
50689,6,2,177650,177650,177652,0,2,1
50690,3,1,177653,177653,177654,0,1,1
50691,6,2,177659,177659,177661,0,2,5
50692,6,2,177665,177665,177667,0,2,4
50693,5,3,177670,177670,177673,0,3,3
50694,2,3,177672,177673,177676,1,4,0
50695,6,2,177678,177678,177680,0,2,2
50696,1,3,177679,177680,177683,1,4,0
50697,1,1,177680,177683,177684,3,4,0
50698,5,1,177685,177685,177686,0,1,1
50699,4,2,177689,177689,177691,0,2,3
50700,4,3,177693,177693,177696,0,3,2
50701,5,3,177698,177698,177701,0,3,2
50702,1,1,177699,177701,177702,2,3,0
50703,1,1,177700,177702,177703,2,3,0
50704,4,3,177704,177704,177707,0,3,1
50705,3,2,177707,177707,177709,0,2,0
50706,3,2,177710,177710,177712,0,2,1
50707,1,3,177711,177712,177715,1,4,0
50708,3,1,177714,177715,177716,1,2,0
50709,5,2,177719,177719,177721,0,2,3
50710,6,2,177725,177725,177727,0,2,4
50711,1,1,177726,177727,177728,1,2,0
50712,6,2,177732,177732,177734,0,2,4
50713,1,2,177733,177734,177736,1,3,0
50714,2,1,177735,177736,177737,1,2,0
50715,4,1,177739,177739,177740,0,1,2
50716,5,3,177744,177744,177747,0,3,4
50717,3,1,177747,177747,177748,0,1,0
50718,2,3,177749,177749,177752,0,3,1
50719,6,3,177755,177755,177758,0,3,3
50720,5,1,177760,177760,177761,0,1,2
50721,6,2,177766,177766,177768,0,2,5
50722,2,2,177768,177768,177770,0,2,0
50723,6,1,177774,177774,177775,0,1,4
50724,3,2,177777,177777,177779,0,2,2
50725,6,1,177783,177783,177784,0,1,4
50726,2,2,177785,177785,177787,0,2,1
50727,1,2,177786,177787,177789,1,3,0
50728,2,2,177788,177789,177791,1,3,0
50729,1,2,177789,177791,177793,2,4,0
50730,2,2,177791,177793,177795,2,4,0
50731,4,2,177795,177795,177797,0,2,0
50732,4,3,177799,177799,177802,0,3,2
50733,1,3,177800,177802,177805,2,5,0
50734,2,2,177802,177805,177807,3,5,0
50735,2,1,177804,177807,177808,3,4,0
50736,4,2,177808,177808,177810,0,2,0
50737,6,3,177814,177814,177817,0,3,4
50738,1,1,177815,177817,177818,2,3,0
50739,4,1,177819,177819,177820,0,1,1
50740,2,3,177821,177821,177824,0,3,1
50741,4,2,177825,177825,177827,0,2,1
50742,4,2,177829,177829,177831,0,2,2
50743,1,3,177830,177831,177834,1,4,0
50744,1,3,177831,177834,177837,3,6,0
50745,5,2,177836,177837,177839,1,3,0
50746,4,3,177840,177840,177843,0,3,1
50747,4,3,177844,177844,177847,0,3,1
50748,2,3,177846,177847,177850,1,4,0
50749,3,2,177849,177850,177852,1,3,0
50750,2,3,177851,177852,177855,1,4,0
50751,4,2,177855,177855,177857,0,2,0
50752,1,1,177856,177857,177858,1,2,0
50753,2,3,177858,177858,177861,0,3,0
50754,5,1,177863,177863,177864,0,1,2
50755,1,1,177864,177864,177865,0,1,0
50756,2,3,177866,177866,177869,0,3,1
50757,5,2,177871,177871,177873,0,2,2
50758,6,1,177877,177877,177878,0,1,4
50759,5,1,177882,177882,177883,0,1,4
50760,1,2,177883,177883,177885,0,2,0
50761,3,2,177886,177886,177888,0,2,1
50762,2,2,177888,177888,177890,0,2,0
50763,4,2,177892,177892,177894,0,2,2
50764,6,3,177898,177898,177901,0,3,4
50765,5,2,177903,177903,177905,0,2,2
50766,4,3,177907,177907,177910,0,3,2
50767,6,1,177913,177913,177914,0,1,3
50768,6,1,177919,177919,177920,0,1,5
50769,3,3,177922,177922,177925,0,3,2
50770,5,1,177927,177927,177928,0,1,2
50771,6,2,177933,177933,177935,0,2,5
50772,3,2,177936,177936,177938,0,2,1
50773,3,3,177939,177939,177942,0,3,1
50774,4,3,177943,177943,177946,0,3,1
50775,3,1,177946,177946,177947,0,1,0
50776,2,3,177948,177948,177951,0,3,1
50777,1,1,177949,177951,177952,2,3,0
50778,3,3,177952,177952,177955,0,3,0
50779,2,3,177954,177955,177958,1,4,0
50780,3,1,177957,177958,177959,1,2,0
50781,4,1,177961,177961,177962,0,1,2
50782,4,2,177965,177965,177967,0,2,3
50783,3,1,177968,177968,177969,0,1,1
50784,1,3,177969,177969,177972,0,3,0
50785,6,2,177975,177975,177977,0,2,3
50786,6,1,177981,177981,177982,0,1,4
50787,2,3,177983,177983,177986,0,3,1
50788,4,3,177987,177987,177990,0,3,1
50789,1,3,177988,177990,177993,2,5,0
50790,1,2,177989,177993,177995,4,6,0
50791,3,3,177992,177995,177998,3,6,0
50792,1,1,177993,177998,177999,5,6,0
50793,2,2,177995,177999,178001,4,6,0
50794,5,3,178000,178001,178004,1,4,0
50795,1,3,178001,178004,178007,3,6,0
50796,1,3,178002,178007,178010,5,8,0
50797,1,1,178003,178010,178011,7,8,0
50798,2,1,178005,178011,178012,6,7,0
50799,5,3,178010,178012,178015,2,5,0
50800,2,2,178012,178015,178017,3,5,0
50801,1,1,178013,178017,178018,4,5,0
50802,6,2,178019,178019,178021,0,2,1
50803,2,2,178021,178021,178023,0,2,0
50804,1,3,178022,178023,178026,1,4,0
50805,4,1,178026,178026,178027,0,1,0
50806,1,1,178027,178027,178028,0,1,0
50807,3,3,178030,178030,178033,0,3,2
50808,5,3,178035,178035,178038,0,3,2
50809,6,2,178041,178041,178043,0,2,3
50810,1,3,178042,178043,178046,1,4,0
50811,2,1,178044,178046,178047,2,3,0
50812,1,2,178045,178047,178049,2,4,0
50813,1,3,178046,178049,178052,3,6,0
50814,3,3,178049,178052,178055,3,6,0
50815,2,1,178051,178055,178056,4,5,0
50816,1,1,178052,178056,178057,4,5,0
50817,1,2,178053,178057,178059,4,6,0
50818,6,2,178059,178059,178061,0,2,0
50819,2,2,178061,178061,178063,0,2,0
50820,6,1,178067,178067,178068,0,1,4
50821,1,3,178068,178068,178071,0,3,0
50822,2,1,178070,178071,178072,1,2,0
50823,5,3,178075,178075,178078,0,3,3
50824,5,3,178080,178080,178083,0,3,2
50825,6,1,178086,178086,178087,0,1,3
50826,1,1,178087,178087,178088,0,1,0
50827,2,2,178089,178089,178091,0,2,1
50828,5,3,178094,178094,178097,0,3,3
50829,1,3,178095,178097,178100,2,5,0
50830,5,1,178100,178100,178101,0,1,0
50831,5,3,178105,178105,178108,0,3,4
50832,6,1,178111,178111,178112,0,1,3
50833,3,1,178114,178114,178115,0,1,2
50834,3,3,178117,178117,178120,0,3,2
50835,2,2,178119,178120,178122,1,3,0
50836,3,3,178122,178122,178125,0,3,0
50837,2,3,178124,178125,178128,1,4,0
50838,6,2,178130,178130,178132,0,2,2
50839,3,3,178133,178133,178136,0,3,1
50840,4,2,178137,178137,178139,0,2,1
50841,6,2,178143,178143,178145,0,2,4
50842,6,1,178149,178149,178150,0,1,4
50843,5,2,178154,178154,178156,0,2,4
50844,6,1,178160,178160,178161,0,1,4
50845,5,1,178165,178165,178166,0,1,4
50846,3,1,178168,178168,178169,0,1,2
50847,2,2,178170,178170,178172,0,2,1
50848,5,3,178175,178175,178178,0,3,3
50849,1,3,178176,178178,178181,2,5,0
50850,4,3,178180,178181,178184,1,4,0
50851,2,2,178182,178184,178186,2,4,0
50852,1,3,178183,178186,178189,3,6,0
50853,1,3,178184,178189,178192,5,8,0
50854,1,1,178185,178192,178193,7,8,0
50855,6,2,178191,178193,178195,2,4,0
50856,1,2,178192,178195,178197,3,5,0
50857,1,1,178193,178197,178198,4,5,0
50858,3,2,178196,178198,178200,2,4,0
50859,3,1,178199,178200,178201,1,2,0
50860,2,3,178201,178201,178204,0,3,0
50861,1,1,178202,178204,178205,2,3,0
50862,2,2,178204,178205,178207,1,3,0
50863,5,2,178209,178209,178211,0,2,2
50864,3,1,178212,178212,178213,0,1,1
50865,6,1,178218,178218,178219,0,1,5
50866,6,2,178224,178224,178226,0,2,5
50867,3,3,178227,178227,178230,0,3,1
50868,6,1,178233,178233,178234,0,1,3
50869,2,3,178235,178235,178238,0,3,1
50870,4,2,178239,178239,178241,0,2,1
50871,6,1,178245,178245,178246,0,1,4
50872,2,2,178247,178247,178249,0,2,1
50873,6,1,178253,178253,178254,0,1,4
50874,4,2,178257,178257,178259,0,2,3
50875,2,1,178259,178259,178260,0,1,0
50876,1,1,178260,178260,178261,0,1,0
50877,5,1,178265,178265,178266,0,1,4
50878,3,3,178268,178268,178271,0,3,2
50879,1,1,178269,178271,178272,2,3,0
50880,6,1,178275,178275,178276,0,1,3
50881,4,2,178279,178279,178281,0,2,3
50882,2,2,178281,178281,178283,0,2,0
50883,1,2,178282,178283,178285,1,3,0
50884,6,1,178288,178288,178289,0,1,3
50885,6,2,178294,178294,178296,0,2,5
50886,2,2,178296,178296,178298,0,2,0
50887,1,3,178297,178298,178301,1,4,0
50888,5,2,178302,178302,178304,0,2,1
50889,6,3,178308,178308,178311,0,3,4
50890,5,3,178313,178313,178316,0,3,2
50891,2,3,178315,178316,178319,1,4,0
50892,4,1,178319,178319,178320,0,1,0
50893,2,1,178321,178321,178322,0,1,1
50894,5,3,178326,178326,178329,0,3,4
50895,1,3,178327,178329,178332,2,5,0
50896,4,2,178331,178332,178334,1,3,0
50897,1,2,178332,178334,178336,2,4,0
50898,2,3,178334,178336,178339,2,5,0
50899,4,2,178338,178339,178341,1,3,0
50900,1,1,178339,178341,178342,2,3,0
50901,3,1,178342,178342,178343,0,1,0
50902,5,2,178347,178347,178349,0,2,4
50903,4,2,178351,178351,178353,0,2,2
50904,5,3,178356,178356,178359,0,3,3
50905,1,3,178357,178359,178362,2,5,0
50906,1,3,178358,178362,178365,4,7,0
50907,6,1,178364,178365,178366,1,2,0
50908,5,1,178369,178369,178370,0,1,3
50909,1,2,178370,178370,178372,0,2,0
50910,5,2,178375,178375,178377,0,2,3
50911,6,1,178381,178381,178382,0,1,4
50912,5,1,178386,178386,178387,0,1,4
50913,3,1,178389,178389,178390,0,1,2
50914,4,1,178393,178393,178394,0,1,3
50915,4,1,178397,178397,178398,0,1,3
50916,3,1,178400,178400,178401,0,1,2
50917,2,2,178402,178402,178404,0,2,1
50918,5,3,178407,178407,178410,0,3,3
50919,5,2,178412,178412,178414,0,2,2
50920,4,1,178416,178416,178417,0,1,2
50921,5,3,178421,178421,178424,0,3,4
50922,4,2,178425,178425,178427,0,2,1
50923,5,3,178430,178430,178433,0,3,3
50924,6,1,178436,178436,178437,0,1,3
50925,3,1,178439,178439,178440,0,1,2
50926,2,3,178441,178441,178444,0,3,1
50927,5,2,178446,178446,178448,0,2,2
50928,1,1,178447,178448,178449,1,2,0
50929,1,2,178448,178449,178451,1,3,0
50930,2,2,178450,178451,178453,1,3,0
50931,5,1,178455,178455,178456,0,1,2
50932,4,1,178459,178459,178460,0,1,3
50933,4,2,178463,178463,178465,0,2,3
50934,2,3,178465,178465,178468,0,3,0
50935,4,2,178469,178469,178471,0,2,1
50936,2,3,178471,178471,178474,0,3,0
50937,3,3,178474,178474,178477,0,3,0
50938,5,1,178479,178479,178480,0,1,2
50939,4,3,178483,178483,178486,0,3,3
50940,5,1,178488,178488,178489,0,1,2
50941,6,3,178494,178494,178497,0,3,5
50942,4,3,178498,178498,178501,0,3,1
50943,2,2,178500,178501,178503,1,3,0
50944,5,3,178505,178505,178508,0,3,2
50945,4,3,178509,178509,178512,0,3,1
50946,1,2,178510,178512,178514,2,4,0
50947,4,2,178514,178514,178516,0,2,0
50948,6,2,178520,178520,178522,0,2,4
50949,6,3,178526,178526,178529,0,3,4
50950,4,2,178530,178530,178532,0,2,1
50951,1,3,178531,178532,178535,1,4,0
50952,3,2,178534,178535,178537,1,3,0
50953,5,3,178539,178539,178542,0,3,2
50954,2,3,178541,178542,178545,1,4,0
50955,4,1,178545,178545,178546,0,1,0
50956,6,3,178551,178551,178554,0,3,5
50957,2,3,178553,178554,178557,1,4,0
50958,4,1,178557,178557,178558,0,1,0
50959,2,1,178559,178559,178560,0,1,1
50960,6,2,178565,178565,178567,0,2,5
50961,5,1,178570,178570,178571,0,1,3
50962,6,2,178576,178576,178578,0,2,5
50963,5,3,178581,178581,178584,0,3,3
50964,5,2,178586,178586,178588,0,2,2
50965,3,2,178589,178589,178591,0,2,1
50966,2,2,178591,178591,178593,0,2,0
50967,2,1,178593,178593,178594,0,1,0
50968,3,3,178596,178596,178599,0,3,2
50969,1,3,178597,178599,178602,2,5,0
50970,3,2,178600,178602,178604,2,4,0
50971,2,2,178602,178604,178606,2,4,0
50972,1,2,178603,178606,178608,3,5,0
50973,4,3,178607,178608,178611,1,4,0
50974,5,3,178612,178612,178615,0,3,1
50975,5,3,178617,178617,178620,0,3,2
50976,6,1,178623,178623,178624,0,1,3
50977,2,3,178625,178625,178628,0,3,1
50978,1,1,178626,178628,178629,2,3,0
50979,5,2,178631,178631,178633,0,2,2
50980,6,1,178637,178637,178638,0,1,4
50981,2,2,178639,178639,178641,0,2,1
50982,1,2,178640,178641,178643,1,3,0
50983,5,1,178645,178645,178646,0,1,2
50984,6,2,178651,178651,178653,0,2,5
50985,3,1,178654,178654,178655,0,1,1
50986,1,1,178655,178655,178656,0,1,0
50987,6,2,178661,178661,178663,0,2,5
50988,2,3,178663,178663,178666,0,3,0
50989,1,3,178664,178666,178669,2,5,0
50990,5,3,178669,178669,178672,0,3,0
50991,3,3,178672,178672,178675,0,3,0
50992,3,3,178675,178675,178678,0,3,0
50993,6,1,178681,178681,178682,0,1,3
50994,5,2,178686,178686,178688,0,2,4
50995,3,2,178689,178689,178691,0,2,1
50996,2,2,178691,178691,178693,0,2,0
50997,1,1,178692,178693,178694,1,2,0
50998,4,3,178696,178696,178699,0,3,2
50999,2,2,178698,178699,178701,1,3,0
51000,3,3,178701,178701,178704,0,3,0
51001,3,3,178704,178704,178707,0,3,0
51002,5,2,178709,178709,178711,0,2,2
51003,2,2,178711,178711,178713,0,2,0
51004,5,2,178716,178716,178718,0,2,3
51005,4,2,178720,178720,178722,0,2,2
51006,4,3,178724,178724,178727,0,3,2
51007,2,1,178726,178727,178728,1,2,0
51008,2,1,178728,178728,178729,0,1,0
51009,4,1,178732,178732,178733,0,1,3
51010,6,2,178738,178738,178740,0,2,5
51011,3,1,178741,178741,178742,0,1,1
51012,5,3,178746,178746,178749,0,3,4
51013,1,1,178747,178749,178750,2,3,0
51014,1,2,178748,178750,178752,2,4,0
51015,6,2,178754,178754,178756,0,2,2
51016,4,2,178758,178758,178760,0,2,2
51017,2,3,178760,178760,178763,0,3,0
51018,6,2,178766,178766,178768,0,2,3
51019,3,2,178769,178769,178771,0,2,1
51020,2,3,178771,178771,178774,0,3,0
51021,6,3,178777,178777,178780,0,3,3
51022,3,2,178780,178780,178782,0,2,0
51023,6,3,178786,178786,178789,0,3,4
51024,3,3,178789,178789,178792,0,3,0
51025,1,1,178790,178792,178793,2,3,0
51026,4,3,178794,178794,178797,0,3,1
51027,5,2,178799,178799,178801,0,2,2
51028,5,3,178804,178804,178807,0,3,3
51029,2,3,178806,178807,178810,1,4,0
51030,1,3,178807,178810,178813,3,6,0
51031,2,1,178809,178813,178814,4,5,0
51032,3,3,178812,178814,178817,2,5,0
51033,1,3,178813,178817,178820,4,7,0
51034,5,3,178818,178820,178823,2,5,0
51035,2,3,178820,178823,178826,3,6,0
51036,6,2,178826,178826,178828,0,2,0
51037,1,1,178827,178828,178829,1,2,0
51038,4,1,178831,178831,178832,0,1,2
51039,3,3,178834,178834,178837,0,3,2
51040,6,2,178840,178840,178842,0,2,3
51041,2,2,178842,178842,178844,0,2,0
51042,5,2,178847,178847,178849,0,2,3
51043,4,2,178851,178851,178853,0,2,2
51044,3,1,178854,178854,178855,0,1,1
51045,1,2,178855,178855,178857,0,2,0
51046,5,3,178860,178860,178863,0,3,3
51047,6,1,178866,178866,178867,0,1,3
51048,3,3,178869,178869,178872,0,3,2
51049,1,3,178870,178872,178875,2,5,0
51050,4,1,178874,178875,178876,1,2,0
51051,2,2,178876,178876,178878,0,2,0
51052,1,3,178877,178878,178881,1,4,0
51053,3,2,178880,178881,178883,1,3,0
51054,5,2,178885,178885,178887,0,2,2
51055,1,2,178886,178887,178889,1,3,0
51056,3,1,178889,178889,178890,0,1,0
51057,1,3,178890,178890,178893,0,3,0
51058,5,1,178895,178895,178896,0,1,2
51059,2,3,178897,178897,178900,0,3,1
51060,3,2,178900,178900,178902,0,2,0
51061,1,2,178901,178902,178904,1,3,0
51062,1,2,178902,178904,178906,2,4,0
51063,6,1,178908,178908,178909,0,1,2
51064,6,2,178914,178914,178916,0,2,5
51065,5,3,178919,178919,178922,0,3,3
51066,5,3,178924,178924,178927,0,3,2
51067,5,1,178929,178929,178930,0,1,2
51068,6,3,178935,178935,178938,0,3,5
51069,1,2,178936,178938,178940,2,4,0
51070,1,1,178937,178940,178941,3,4,0
51071,1,3,178938,178941,178944,3,6,0
51072,6,3,178944,178944,178947,0,3,0
51073,4,3,178948,178948,178951,0,3,1
51074,5,1,178953,178953,178954,0,1,2
51075,6,2,178959,178959,178961,0,2,5
51076,3,2,178962,178962,178964,0,2,1
51077,1,3,178963,178964,178967,1,4,0
51078,5,1,178968,178968,178969,0,1,1
51079,6,3,178974,178974,178977,0,3,5
51080,5,1,178979,178979,178980,0,1,2
51081,6,2,178985,178985,178987,0,2,5
51082,3,3,178988,178988,178991,0,3,1
51083,1,1,178989,178991,178992,2,3,0
51084,3,1,178992,178992,178993,0,1,0
51085,5,1,178997,178997,178998,0,1,4
51086,1,2,178998,178998,179000,0,2,0
51087,3,3,179001,179001,179004,0,3,1
51088,3,1,179004,179004,179005,0,1,0
51089,6,2,179010,179010,179012,0,2,5
51090,2,2,179012,179012,179014,0,2,0
51091,4,3,179016,179016,179019,0,3,2
51092,2,3,179018,179019,179022,1,4,0
51093,3,2,179021,179022,179024,1,3,0
51094,5,2,179026,179026,179028,0,2,2
51095,2,1,179028,179028,179029,0,1,0
51096,5,2,179033,179033,179035,0,2,4
51097,5,2,179038,179038,179040,0,2,3
51098,3,2,179041,179041,179043,0,2,1
51099,6,1,179047,179047,179048,0,1,4
51100,5,1,179052,179052,179053,0,1,4
51101,2,1,179054,179054,179055,0,1,1
51102,3,2,179057,179057,179059,0,2,2
51103,1,1,179058,179059,179060,1,2,0
51104,2,2,179060,179060,179062,0,2,0
51105,2,2,179062,179062,179064,0,2,0
51106,5,2,179067,179067,179069,0,2,3
51107,2,3,179069,179069,179072,0,3,0
51108,3,2,179072,179072,179074,0,2,0
51109,6,3,179078,179078,179081,0,3,4
51110,2,3,179080,179081,179084,1,4,0
51111,5,3,179085,179085,179088,0,3,1
51112,2,3,179087,179088,179091,1,4,0
51113,1,2,179088,179091,179093,3,5,0
51114,3,2,179091,179093,179095,2,4,0
51115,4,1,179095,179095,179096,0,1,0
51116,4,2,179099,179099,179101,0,2,3
51117,4,1,179103,179103,179104,0,1,2
51118,3,3,179106,179106,179109,0,3,2
51119,4,2,179110,179110,179112,0,2,1
51120,4,3,179114,179114,179117,0,3,2
51121,3,3,179117,179117,179120,0,3,0
51122,3,2,179120,179120,179122,0,2,0
51123,6,3,179126,179126,179129,0,3,4
51124,6,3,179132,179132,179135,0,3,3
51125,6,2,179138,179138,179140,0,2,3
51126,5,2,179143,179143,179145,0,2,3
51127,5,1,179148,179148,179149,0,1,3
51128,6,1,179154,179154,179155,0,1,5
51129,5,1,179159,179159,179160,0,1,4
51130,3,3,179162,179162,179165,0,3,2
51131,4,3,179166,179166,179169,0,3,1
51132,1,2,179167,179169,179171,2,4,0
51133,5,1,179172,179172,179173,0,1,1
51134,5,2,179177,179177,179179,0,2,4
51135,6,1,179183,179183,179184,0,1,4
51136,3,3,179186,179186,179189,0,3,2
51137,4,2,179190,179190,179192,0,2,1
51138,2,3,179192,179192,179195,0,3,0
51139,6,1,179198,179198,179199,0,1,3
51140,1,2,179199,179199,179201,0,2,0
51141,3,2,179202,179202,179204,0,2,1
51142,5,1,179207,179207,179208,0,1,3
51143,6,2,179213,179213,179215,0,2,5
51144,4,2,179217,179217,179219,0,2,2
51145,4,3,179221,179221,179224,0,3,2
51146,4,1,179225,179225,179226,0,1,1
51147,3,3,179228,179228,179231,0,3,2
51148,3,2,179231,179231,179233,0,2,0
51149,2,2,179233,179233,179235,0,2,0
51150,5,1,179238,179238,179239,0,1,3
51151,3,3,179241,179241,179244,0,3,2
51152,6,2,179247,179247,179249,0,2,3
51153,1,2,179248,179249,179251,1,3,0
51154,6,2,179254,179254,179256,0,2,3
51155,4,1,179258,179258,179259,0,1,2
51156,6,3,179264,179264,179267,0,3,5
51157,1,2,179265,179267,179269,2,4,0
51158,6,2,179271,179271,179273,0,2,2
51159,4,2,179275,179275,179277,0,2,2
51160,6,3,179281,179281,179284,0,3,4
51161,5,3,179286,179286,179289,0,3,2
51162,2,2,179288,179289,179291,1,3,0
51163,1,2,179289,179291,179293,2,4,0
51164,5,2,179294,179294,179296,0,2,1
51165,4,1,179298,179298,179299,0,1,2
51166,3,3,179301,179301,179304,0,3,2
51167,1,1,179302,179304,179305,2,3,0
51168,4,3,179306,179306,179309,0,3,1
51169,5,1,179311,179311,179312,0,1,2
51170,6,2,179317,179317,179319,0,2,5
51171,4,3,179321,179321,179324,0,3,2
51172,2,3,179323,179324,179327,1,4,0
51173,3,2,179326,179327,179329,1,3,0
51174,6,3,179332,179332,179335,0,3,3
51175,4,3,179336,179336,179339,0,3,1
51176,5,2,179341,179341,179343,0,2,2
51177,2,1,179343,179343,179344,0,1,0
51178,3,2,179346,179346,179348,0,2,2
51179,2,2,179348,179348,179350,0,2,0
51180,2,2,179350,179350,179352,0,2,0
51181,3,2,179353,179353,179355,0,2,1
51182,4,3,179357,179357,179360,0,3,2
51183,6,1,179363,179363,179364,0,1,3
51184,5,2,179368,179368,179370,0,2,4
51185,1,2,179369,179370,179372,1,3,0
51186,2,3,179371,179372,179375,1,4,0
51187,4,2,179375,179375,179377,0,2,0
51188,5,2,179380,179380,179382,0,2,3
51189,3,3,179383,179383,179386,0,3,1
51190,2,1,179385,179386,179387,1,2,0
51191,3,1,179388,179388,179389,0,1,1
51192,5,2,179393,179393,179395,0,2,4
51193,5,1,179398,179398,179399,0,1,3
51194,6,3,179404,179404,179407,0,3,5
51195,2,3,179406,179407,179410,1,4,0
51196,6,1,179412,179412,179413,0,1,2
51197,5,1,179417,179417,179418,0,1,4
51198,4,2,179421,179421,179423,0,2,3
51199,5,3,179426,179426,179429,0,3,3
51200,5,2,179431,179431,179433,0,2,2
51201,1,3,179432,179433,179436,1,4,0
51202,5,3,179437,179437,179440,0,3,1
51203,5,1,179442,179442,179443,0,1,2
51204,1,3,179443,179443,179446,0,3,0
51205,3,1,179446,179446,179447,0,1,0
51206,4,3,179450,179450,179453,0,3,3
51207,1,3,179451,179453,179456,2,5,0
51208,6,3,179457,179457,179460,0,3,1
51209,2,1,179459,179460,179461,1,2,0
51210,5,3,179464,179464,179467,0,3,3
51211,6,3,179470,179470,179473,0,3,3
51212,5,2,179475,179475,179477,0,2,2
51213,1,2,179476,179477,179479,1,3,0
51214,3,1,179479,179479,179480,0,1,0
51215,4,3,179483,179483,179486,0,3,3
51216,2,3,179485,179486,179489,1,4,0
51217,4,1,179489,179489,179490,0,1,0
51218,5,2,179494,179494,179496,0,2,4
51219,1,1,179495,179496,179497,1,2,0
51220,1,1,179496,179497,179498,1,2,0
51221,2,2,179498,179498,179500,0,2,0
51222,4,1,179502,179502,179503,0,1,2
51223,4,1,179506,179506,179507,0,1,3
51224,3,3,179509,179509,179512,0,3,2
51225,2,1,179511,179512,179513,1,2,0
51226,5,1,179516,179516,179517,0,1,3
51227,6,3,179522,179522,179525,0,3,5
51228,3,1,179525,179525,179526,0,1,0
51229,2,2,179527,179527,179529,0,2,1
51230,1,1,179528,179529,179530,1,2,0
51231,2,2,179530,179530,179532,0,2,0
51232,1,3,179531,179532,179535,1,4,0
51233,4,2,179535,179535,179537,0,2,0
51234,1,2,179536,179537,179539,1,3,0
51235,2,1,179538,179539,179540,1,2,0
51236,1,1,179539,179540,179541,1,2,0
51237,3,3,179542,179542,179545,0,3,1
51238,5,2,179547,179547,179549,0,2,2
51239,1,1,179548,179549,179550,1,2,0
51240,6,3,179554,179554,179557,0,3,4
51241,2,3,179556,179557,179560,1,4,0
51242,1,3,179557,179560,179563,3,6,0
51243,5,1,179562,179563,179564,1,2,0
51244,4,2,179566,179566,179568,0,2,2
51245,6,3,179572,179572,179575,0,3,4
51246,5,3,179577,179577,179580,0,3,2
51247,6,3,179583,179583,179586,0,3,3
51248,5,1,179588,179588,179589,0,1,2
51249,4,3,179592,179592,179595,0,3,3
51250,1,1,179593,179595,179596,2,3,0
51251,5,2,179598,179598,179600,0,2,2
51252,5,1,179603,179603,179604,0,1,3
51253,2,1,179605,179605,179606,0,1,1
51254,5,1,179610,179610,179611,0,1,4
51255,5,3,179615,179615,179618,0,3,4
51256,3,3,179618,179618,179621,0,3,0
51257,6,3,179624,179624,179627,0,3,3
51258,1,1,179625,179627,179628,2,3,0
51259,5,2,179630,179630,179632,0,2,2
51260,6,1,179636,179636,179637,0,1,4
51261,2,1,179638,179638,179639,0,1,1
51262,1,3,179639,179639,179642,0,3,0
51263,2,2,179641,179642,179644,1,3,0
51264,2,1,179643,179644,179645,1,2,0
51265,1,1,179644,179645,179646,1,2,0
51266,4,3,179648,179648,179651,0,3,2
51267,5,3,179653,179653,179656,0,3,2
51268,3,3,179656,179656,179659,0,3,0
51269,6,2,179662,179662,179664,0,2,3
51270,2,1,179664,179664,179665,0,1,0
51271,2,3,179666,179666,179669,0,3,1
51272,5,2,179671,179671,179673,0,2,2
51273,1,1,179672,179673,179674,1,2,0
51274,1,3,179673,179674,179677,1,4,0
51275,4,1,179677,179677,179678,0,1,0
51276,6,2,179683,179683,179685,0,2,5
51277,5,1,179688,179688,179689,0,1,3
51278,6,1,179694,179694,179695,0,1,5
51279,4,3,179698,179698,179701,0,3,3
51280,5,1,179703,179703,179704,0,1,2
51281,4,3,179707,179707,179710,0,3,3
51282,2,2,179709,179710,179712,1,3,0
51283,4,2,179713,179713,179715,0,2,1
51284,5,1,179718,179718,179719,0,1,3
51285,2,3,179720,179720,179723,0,3,1
51286,1,3,179721,179723,179726,2,5,0
51287,5,2,179726,179726,179728,0,2,0
51288,5,3,179731,179731,179734,0,3,3
51289,1,3,179732,179734,179737,2,5,0
51290,6,1,179738,179738,179739,0,1,1
51291,1,2,179739,179739,179741,0,2,0
51292,4,1,179743,179743,179744,0,1,2
51293,1,3,179744,179744,179747,0,3,0
51294,6,1,179750,179750,179751,0,1,3
51295,4,1,179754,179754,179755,0,1,3
51296,3,3,179757,179757,179760,0,3,2
51297,4,2,179761,179761,179763,0,2,1
51298,3,1,179764,179764,179765,0,1,1
51299,6,3,179770,179770,179773,0,3,5
51300,1,1,179771,179773,179774,2,3,0
51301,6,3,179777,179777,179780,0,3,3
51302,3,2,179780,179780,179782,0,2,0
51303,4,1,179784,179784,179785,0,1,2
51304,5,2,179789,179789,179791,0,2,4
51305,5,3,179794,179794,179797,0,3,3
51306,2,2,179796,179797,179799,1,3,0
51307,1,3,179797,179799,179802,2,5,0
51308,4,3,179801,179802,179805,1,4,0
51309,2,3,179803,179805,179808,2,5,0
51310,5,2,179808,179808,179810,0,2,0
51311,4,2,179812,179812,179814,0,2,2
51312,1,2,179813,179814,179816,1,3,0
51313,5,3,179818,179818,179821,0,3,2
51314,5,3,179823,179823,179826,0,3,2
51315,5,3,179828,179828,179831,0,3,2
51316,1,1,179829,179831,179832,2,3,0
51317,3,3,179832,179832,179835,0,3,0
51318,3,3,179835,179835,179838,0,3,0
51319,4,2,179839,179839,179841,0,2,1
51320,3,3,179842,179842,179845,0,3,1
51321,5,2,179847,179847,179849,0,2,2
51322,2,3,179849,179849,179852,0,3,0
51323,2,2,179851,179852,179854,1,3,0
51324,5,3,179856,179856,179859,0,3,2
51325,1,2,179857,179859,179861,2,4,0
51326,2,2,179859,179861,179863,2,4,0
51327,5,2,179864,179864,179866,0,2,1
51328,5,3,179869,179869,179872,0,3,3
51329,5,1,179874,179874,179875,0,1,2
51330,3,3,179877,179877,179880,0,3,2
51331,5,3,179882,179882,179885,0,3,2
51332,1,3,179883,179885,179888,2,5,0
51333,1,2,179884,179888,179890,4,6,0
51334,2,3,179886,179890,179893,4,7,0
51335,6,1,179892,179893,179894,1,2,0
51336,2,3,179894,179894,179897,0,3,0
51337,1,1,179895,179897,179898,2,3,0
51338,6,1,179901,179901,179902,0,1,3
51339,3,1,179904,179904,179905,0,1,2
51340,2,3,179906,179906,179909,0,3,1
51341,4,1,179910,179910,179911,0,1,1
51342,4,3,179914,179914,179917,0,3,3
51343,2,2,179916,179917,179919,1,3,0
51344,2,2,179918,179919,179921,1,3,0
51345,6,3,179924,179924,179927,0,3,3
51346,1,3,179925,179927,179930,2,5,0
51347,5,2,179930,179930,179932,0,2,0
51348,2,1,179932,179932,179933,0,1,0
51349,4,1,179936,179936,179937,0,1,3
51350,2,2,179938,179938,179940,0,2,1
51351,1,1,179939,179940,179941,1,2,0
51352,5,1,179944,179944,179945,0,1,3
51353,4,2,179948,179948,179950,0,2,3
51354,5,2,179953,179953,179955,0,2,3
51355,1,2,179954,179955,179957,1,3,0
51356,4,3,179958,179958,179961,0,3,1
51357,2,2,179960,179961,179963,1,3,0
51358,4,3,179964,179964,179967,0,3,1
51359,3,3,179967,179967,179970,0,3,0
51360,4,1,179971,179971,179972,0,1,1
51361,4,2,179975,179975,179977,0,2,3
51362,4,1,179979,179979,179980,0,1,2
51363,4,1,179983,179983,179984,0,1,3
51364,4,2,179987,179987,179989,0,2,3
51365,2,2,179989,179989,179991,0,2,0
51366,1,1,179990,179991,179992,1,2,0
51367,5,1,179995,179995,179996,0,1,3
51368,5,3,180000,180000,180003,0,3,4
51369,3,1,180003,180003,180004,0,1,0
51370,3,3,180006,180006,180009,0,3,2
51371,2,3,180008,180009,180012,1,4,0
51372,3,1,180011,180012,180013,1,2,0
51373,3,2,180014,180014,180016,0,2,1
51374,2,1,180016,180016,180017,0,1,0
51375,3,2,180019,180019,180021,0,2,2
51376,6,1,180025,180025,180026,0,1,4
51377,4,3,180029,180029,180032,0,3,3
51378,1,1,180030,180032,180033,2,3,0
51379,3,1,180033,180033,180034,0,1,0
51380,6,3,180039,180039,180042,0,3,5
51381,3,2,180042,180042,180044,0,2,0
51382,5,1,180047,180047,180048,0,1,3
51383,5,3,180052,180052,180055,0,3,4
51384,6,3,180058,180058,180061,0,3,3
51385,1,2,180059,180061,180063,2,4,0
51386,3,2,180062,180063,180065,1,3,0
51387,6,2,180068,180068,180070,0,2,3
51388,3,3,180071,180071,180074,0,3,1
51389,4,1,180075,180075,180076,0,1,1
51390,2,1,180077,180077,180078,0,1,1
51391,5,1,180082,180082,180083,0,1,4
51392,1,1,180083,180083,180084,0,1,0
51393,3,3,180086,180086,180089,0,3,2
51394,2,3,180088,180089,180092,1,4,0
51395,3,2,180091,180092,180094,1,3,0
51396,5,3,180096,180096,180099,0,3,2
51397,2,2,180098,180099,180101,1,3,0
51398,4,3,180102,180102,180105,0,3,1
51399,1,2,180103,180105,180107,2,4,0
51400,1,3,180104,180107,180110,3,6,0
51401,4,1,180108,180110,180111,2,3,0
51402,1,1,180109,180111,180112,2,3,0
51403,6,3,180115,180115,180118,0,3,3
51404,1,2,180116,180118,180120,2,4,0
51405,2,1,180118,180120,180121,2,3,0
51406,1,1,180119,180121,180122,2,3,0
51407,1,3,180120,180122,180125,2,5,0
51408,5,1,180125,180125,180126,0,1,0
51409,4,1,180129,180129,180130,0,1,3
51410,3,1,180132,180132,180133,0,1,2
51411,2,3,180134,180134,180137,0,3,1
51412,5,1,180139,180139,180140,0,1,2
51413,5,2,180144,180144,180146,0,2,4
51414,6,3,180150,180150,180153,0,3,4
51415,6,1,180156,180156,180157,0,1,3
51416,4,2,180160,180160,180162,0,2,3
51417,4,2,180164,180164,180166,0,2,2
51418,4,2,180168,180168,180170,0,2,2
51419,2,3,180170,180170,180173,0,3,0
51420,2,3,180172,180173,180176,1,4,0
51421,6,1,180178,180178,180179,0,1,2
51422,5,2,180183,180183,180185,0,2,4
51423,6,1,180189,180189,180190,0,1,4
51424,2,3,180191,180191,180194,0,3,1
51425,5,2,180196,180196,180198,0,2,2
51426,4,3,180200,180200,180203,0,3,2
51427,4,2,180204,180204,180206,0,2,1
51428,6,2,180210,180210,180212,0,2,4
51429,6,2,180216,180216,180218,0,2,4
51430,5,3,180221,180221,180224,0,3,3
51431,5,1,180226,180226,180227,0,1,2
51432,5,2,180231,180231,180233,0,2,4
51433,1,1,180232,180233,180234,1,2,0
51434,6,3,180238,180238,180241,0,3,4
51435,5,2,180243,180243,180245,0,2,2
51436,3,1,180246,180246,180247,0,1,1
51437,3,2,180249,180249,180251,0,2,2
51438,3,3,180252,180252,180255,0,3,1
51439,2,3,180254,180255,180258,1,4,0
51440,2,1,180256,180258,180259,2,3,0
51441,4,1,180260,180260,180261,0,1,1
51442,6,1,180266,180266,180267,0,1,5
51443,3,2,180269,180269,180271,0,2,2
51444,1,1,180270,180271,180272,1,2,0
51445,5,1,180275,180275,180276,0,1,3
51446,6,3,180281,180281,180284,0,3,5
51447,5,1,180286,180286,180287,0,1,2
51448,6,2,180292,180292,180294,0,2,5
51449,6,3,180298,180298,180301,0,3,4
51450,4,2,180302,180302,180304,0,2,1
51451,4,2,180306,180306,180308,0,2,2
51452,5,2,180311,180311,180313,0,2,3
51453,3,1,180314,180314,180315,0,1,1
51454,3,2,180317,180317,180319,0,2,2
51455,1,3,180318,180319,180322,1,4,0
51456,3,1,180321,180322,180323,1,2,0
51457,1,1,180322,180323,180324,1,2,0
51458,2,3,180324,180324,180327,0,3,0
51459,3,3,180327,180327,180330,0,3,0
51460,6,2,180333,180333,180335,0,2,3
51461,5,2,180338,180338,180340,0,2,3
51462,4,2,180342,180342,180344,0,2,2
51463,2,3,180344,180344,180347,0,3,0
51464,6,1,180350,180350,180351,0,1,3
51465,1,1,180351,180351,180352,0,1,0
51466,4,3,180355,180355,180358,0,3,3
51467,3,1,180358,180358,180359,0,1,0
51468,4,1,180362,180362,180363,0,1,3
51469,5,1,180367,180367,180368,0,1,4
51470,3,2,180370,180370,180372,0,2,2
51471,3,3,180373,180373,180376,0,3,1
51472,5,2,180378,180378,180380,0,2,2
51473,5,1,180383,180383,180384,0,1,3
51474,6,3,180389,180389,180392,0,3,5
51475,2,2,180391,180392,180394,1,3,0
51476,4,1,180395,180395,180396,0,1,1
51477,2,3,180397,180397,180400,0,3,1
51478,1,3,180398,180400,180403,2,5,0
51479,5,3,180403,180403,180406,0,3,0
51480,2,1,180405,180406,180407,1,2,0
51481,5,3,180410,180410,180413,0,3,3
51482,5,3,180415,180415,180418,0,3,2
51483,5,2,180420,180420,180422,0,2,2
51484,1,2,180421,180422,180424,1,3,0
51485,6,2,180427,180427,180429,0,2,3
51486,2,1,180429,180429,180430,0,1,0
51487,6,3,180435,180435,180438,0,3,5
51488,2,2,180437,180438,180440,1,3,0
51489,5,3,180442,180442,180445,0,3,2
51490,1,1,180443,180445,180446,2,3,0
51491,6,2,180449,180449,180451,0,2,3
51492,1,3,180450,180451,180454,1,4,0
51493,1,1,180451,180454,180455,3,4,0
51494,6,3,180457,180457,180460,0,3,2
51495,5,1,180462,180462,180463,0,1,2
51496,2,1,180464,180464,180465,0,1,1
51497,1,2,180465,180465,180467,0,2,0
51498,1,1,180466,180467,180468,1,2,0
51499,1,1,180467,180468,180469,1,2,0
51500,5,2,180472,180472,180474,0,2,3
51501,3,2,180475,180475,180477,0,2,1
51502,1,1,180476,180477,180478,1,2,0
51503,3,3,180479,180479,180482,0,3,1
51504,3,3,180482,180482,180485,0,3,0
51505,5,1,180487,180487,180488,0,1,2
51506,6,3,180493,180493,180496,0,3,5
51507,3,2,180496,180496,180498,0,2,0
51508,3,3,180499,180499,180502,0,3,1
51509,5,1,180504,180504,180505,0,1,2
51510,3,1,180507,180507,180508,0,1,2
51511,4,1,180511,180511,180512,0,1,3
51512,2,1,180513,180513,180514,0,1,1
51513,5,1,180518,180518,180519,0,1,4
51514,5,2,180523,180523,180525,0,2,4
51515,1,2,180524,180525,180527,1,3,0
51516,2,2,180526,180527,180529,1,3,0
51517,6,2,180532,180532,180534,0,2,3
51518,1,2,180533,180534,180536,1,3,0
51519,1,3,180534,180536,180539,2,5,0
51520,4,3,180538,180539,180542,1,4,0
51521,2,3,180540,180542,180545,2,5,0
51522,3,1,180543,180545,180546,2,3,0
51523,1,1,180544,180546,180547,2,3,0
51524,5,1,180549,180549,180550,0,1,2
51525,1,3,180550,180550,180553,0,3,0
51526,5,3,180555,180555,180558,0,3,2
51527,5,3,180560,180560,180563,0,3,2
51528,4,3,180564,180564,180567,0,3,1
51529,5,3,180569,180569,180572,0,3,2
51530,3,3,180572,180572,180575,0,3,0
51531,5,1,180577,180577,180578,0,1,2
51532,3,2,180580,180580,180582,0,2,2
51533,4,2,180584,180584,180586,0,2,2
51534,2,2,180586,180586,180588,0,2,0
51535,5,3,180591,180591,180594,0,3,3
51536,1,2,180592,180594,180596,2,4,0
51537,5,3,180597,180597,180600,0,3,1
51538,5,3,180602,180602,180605,0,3,2
51539,5,3,180607,180607,180610,0,3,2
51540,2,2,180609,180610,180612,1,3,0
51541,5,1,180614,180614,180615,0,1,2
51542,6,2,180620,180620,180622,0,2,5
51543,4,2,180624,180624,180626,0,2,2
51544,1,2,180625,180626,180628,1,3,0
51545,2,2,180627,180628,180630,1,3,0
51546,2,2,180629,180630,180632,1,3,0
51547,2,3,180631,180632,180635,1,4,0
51548,5,3,180636,180636,180639,0,3,1
51549,3,1,180639,180639,180640,0,1,0
51550,3,2,180642,180642,180644,0,2,2
51551,1,3,180643,180644,180647,1,4,0
51552,2,3,180645,180647,180650,2,5,0
51553,2,2,180647,180650,180652,3,5,0
51554,6,1,180653,180653,180654,0,1,1
51555,3,1,180656,180656,180657,0,1,2
51556,3,2,180659,180659,180661,0,2,2
51557,3,2,180662,180662,180664,0,2,1
51558,6,3,180668,180668,180671,0,3,4
51559,1,2,180669,180671,180673,2,4,0
51560,1,2,180670,180673,180675,3,5,0
51561,2,3,180672,180675,180678,3,6,0
51562,6,3,180678,180678,180681,0,3,0
51563,6,2,180684,180684,180686,0,2,3
51564,6,2,180690,180690,180692,0,2,4
51565,3,2,180693,180693,180695,0,2,1
51566,1,1,180694,180695,180696,1,2,0
51567,3,1,180697,180697,180698,0,1,1
51568,3,1,180700,180700,180701,0,1,2
51569,3,3,180703,180703,180706,0,3,2
51570,4,1,180707,180707,180708,0,1,1
51571,2,2,180709,180709,180711,0,2,1
51572,3,2,180712,180712,180714,0,2,1
51573,3,1,180715,180715,180716,0,1,1
51574,1,3,180716,180716,180719,0,3,0
51575,1,2,180717,180719,180721,2,4,0
51576,2,3,180719,180721,180724,2,5,0
51577,1,1,180720,180724,180725,4,5,0
51578,3,2,180723,180725,180727,2,4,0
51579,5,3,180728,180728,180731,0,3,1
51580,1,2,180729,180731,180733,2,4,0
51581,5,1,180734,180734,180735,0,1,1
51582,4,1,180738,180738,180739,0,1,3
51583,3,2,180741,180741,180743,0,2,2
51584,2,1,180743,180743,180744,0,1,0
51585,3,3,180746,180746,180749,0,3,2
51586,6,1,180752,180752,180753,0,1,3
51587,2,1,180754,180754,180755,0,1,1
51588,5,1,180759,180759,180760,0,1,4
51589,1,2,180760,180760,180762,0,2,0
51590,4,1,180764,180764,180765,0,1,2
51591,6,2,180770,180770,180772,0,2,5
51592,3,2,180773,180773,180775,0,2,1
51593,5,3,180778,180778,180781,0,3,3
51594,4,3,180782,180782,180785,0,3,1
51595,3,3,180785,180785,180788,0,3,0
51596,5,1,180790,180790,180791,0,1,2
51597,1,1,180791,180791,180792,0,1,0
51598,4,1,180795,180795,180796,0,1,3
51599,5,2,180800,180800,180802,0,2,4
51600,2,1,180802,180802,180803,0,1,0
51601,2,2,180804,180804,180806,0,2,1
51602,5,1,180809,180809,180810,0,1,3
51603,1,3,180810,180810,180813,0,3,0
51604,4,2,180814,180814,180816,0,2,1
51605,3,1,180817,180817,180818,0,1,1
51606,6,3,180823,180823,180826,0,3,5
51607,2,2,180825,180826,180828,1,3,0
51608,3,1,180828,180828,180829,0,1,0
51609,4,1,180832,180832,180833,0,1,3
51610,3,2,180835,180835,180837,0,2,2
51611,5,1,180840,180840,180841,0,1,3
51612,6,3,180846,180846,180849,0,3,5
51613,6,3,180852,180852,180855,0,3,3
51614,5,3,180857,180857,180860,0,3,2
51615,3,2,180860,180860,180862,0,2,0
51616,5,2,180865,180865,180867,0,2,3
51617,1,1,180866,180867,180868,1,2,0
51618,1,3,180867,180868,180871,1,4,0
51619,3,3,180870,180871,180874,1,4,0
51620,3,3,180873,180874,180877,1,4,0
51621,3,2,180876,180877,180879,1,3,0
51622,1,2,180877,180879,180881,2,4,0
51623,5,2,180882,180882,180884,0,2,1
51624,5,3,180887,180887,180890,0,3,3
51625,5,2,180892,180892,180894,0,2,2
51626,4,1,180896,180896,180897,0,1,2
51627,6,2,180902,180902,180904,0,2,5
51628,2,2,180904,180904,180906,0,2,0
51629,5,2,180909,180909,180911,0,2,3
51630,6,2,180915,180915,180917,0,2,4
51631,3,1,180918,180918,180919,0,1,1
51632,2,2,180920,180920,180922,0,2,1
51633,4,1,180924,180924,180925,0,1,2
51634,2,1,180926,180926,180927,0,1,1
51635,1,1,180927,180927,180928,0,1,0
51636,5,2,180932,180932,180934,0,2,4
51637,6,3,180938,180938,180941,0,3,4
51638,1,3,180939,180941,180944,2,5,0
51639,2,1,180941,180944,180945,3,4,0
51640,6,1,180947,180947,180948,0,1,2
51641,2,1,180949,180949,180950,0,1,1
51642,3,1,180952,180952,180953,0,1,2
51643,2,3,180954,180954,180957,0,3,1
51644,2,1,180956,180957,180958,1,2,0
51645,3,2,180959,180959,180961,0,2,1
51646,6,1,180965,180965,180966,0,1,4
51647,3,1,180968,180968,180969,0,1,2
51648,4,2,180972,180972,180974,0,2,3
51649,1,3,180973,180974,180977,1,4,0
51650,2,2,180975,180977,180979,2,4,0
51651,1,1,180976,180979,180980,3,4,0
51652,1,1,180977,180980,180981,3,4,0
51653,2,2,180979,180981,180983,2,4,0
51654,5,3,180984,180984,180987,0,3,1
51655,5,3,180989,180989,180992,0,3,2
51656,1,1,180990,180992,180993,2,3,0
51657,4,2,180994,180994,180996,0,2,1
51658,6,3,181000,181000,181003,0,3,4
51659,3,2,181003,181003,181005,0,2,0
51660,4,1,181007,181007,181008,0,1,2
51661,5,2,181012,181012,181014,0,2,4
51662,3,2,181015,181015,181017,0,2,1
51663,3,3,181018,181018,181021,0,3,1
51664,3,1,181021,181021,181022,0,1,0
51665,5,3,181026,181026,181029,0,3,4
51666,2,2,181028,181029,181031,1,3,0
51667,1,3,181029,181031,181034,2,5,0
51668,1,2,181030,181034,181036,4,6,0
51669,6,2,181036,181036,181038,0,2,0
51670,1,1,181037,181038,181039,1,2,0
51671,3,3,181040,181040,181043,0,3,1
51672,4,1,181044,181044,181045,0,1,1
51673,4,1,181048,181048,181049,0,1,3
51674,1,1,181049,181049,181050,0,1,0
51675,5,1,181054,181054,181055,0,1,4
51676,3,3,181057,181057,181060,0,3,2
51677,1,2,181058,181060,181062,2,4,0
51678,6,2,181064,181064,181066,0,2,2
51679,2,3,181066,181066,181069,0,3,0
51680,6,2,181072,181072,181074,0,2,3
51681,6,3,181078,181078,181081,0,3,4
51682,2,3,181080,181081,181084,1,4,0
51683,6,1,181086,181086,181087,0,1,2
51684,5,3,181091,181091,181094,0,3,4
51685,1,1,181092,181094,181095,2,3,0
51686,5,2,181097,181097,181099,0,2,2
51687,6,3,181103,181103,181106,0,3,4
51688,2,1,181105,181106,181107,1,2,0
51689,3,2,181108,181108,181110,0,2,1
51690,3,1,181111,181111,181112,0,1,1
51691,1,3,181112,181112,181115,0,3,0
51692,4,3,181116,181116,181119,0,3,1
51693,6,1,181122,181122,181123,0,1,3
51694,2,3,181124,181124,181127,0,3,1
51695,6,1,181130,181130,181131,0,1,3
51696,1,3,181131,181131,181134,0,3,0
51697,5,3,181136,181136,181139,0,3,2
51698,3,1,181139,181139,181140,0,1,0
51699,2,3,181141,181141,181144,0,3,1
51700,2,3,181143,181144,181147,1,4,0
51701,4,3,181147,181147,181150,0,3,0
51702,5,1,181152,181152,181153,0,1,2
51703,1,3,181153,181153,181156,0,3,0
51704,6,1,181159,181159,181160,0,1,3
51705,5,3,181164,181164,181167,0,3,4
51706,4,1,181168,181168,181169,0,1,1
51707,4,2,181172,181172,181174,0,2,3
51708,1,2,181173,181174,181176,1,3,0
51709,5,2,181178,181178,181180,0,2,2
51710,2,3,181180,181180,181183,0,3,0
51711,1,2,181181,181183,181185,2,4,0
51712,5,2,181186,181186,181188,0,2,1
51713,4,3,181190,181190,181193,0,3,2
51714,6,1,181196,181196,181197,0,1,3
51715,3,2,181199,181199,181201,0,2,2
51716,1,2,181200,181201,181203,1,3,0
51717,4,1,181204,181204,181205,0,1,1
51718,1,1,181205,181205,181206,0,1,0
51719,5,3,181210,181210,181213,0,3,4
51720,3,3,181213,181213,181216,0,3,0
51721,5,2,181218,181218,181220,0,2,2
51722,3,3,181221,181221,181224,0,3,1
51723,6,1,181227,181227,181228,0,1,3
51724,5,3,181232,181232,181235,0,3,4
51725,1,2,181233,181235,181237,2,4,0
51726,3,1,181236,181237,181238,1,2,0
51727,1,2,181237,181238,181240,1,3,0
51728,4,1,181241,181241,181242,0,1,1
51729,4,1,181245,181245,181246,0,1,3
51730,2,1,181247,181247,181248,0,1,1
51731,6,3,181253,181253,181256,0,3,5
51732,2,3,181255,181256,181259,1,4,0
51733,5,3,181260,181260,181263,0,3,1
51734,4,3,181264,181264,181267,0,3,1
51735,5,3,181269,181269,181272,0,3,2
51736,1,3,181270,181272,181275,2,5,0
51737,3,3,181273,181275,181278,2,5,0
51738,6,3,181279,181279,181282,0,3,1
51739,2,1,181281,181282,181283,1,2,0
51740,2,3,181283,181283,181286,0,3,0
51741,4,1,181287,181287,181288,0,1,1
51742,4,1,181291,181291,181292,0,1,3
51743,2,2,181293,181293,181295,0,2,1
51744,5,3,181298,181298,181301,0,3,3
51745,3,2,181301,181301,181303,0,2,0
51746,4,2,181305,181305,181307,0,2,2
51747,1,3,181306,181307,181310,1,4,0
51748,3,2,181309,181310,181312,1,3,0
51749,3,1,181312,181312,181313,0,1,0
51750,2,2,181314,181314,181316,0,2,1
51751,6,2,181320,181320,181322,0,2,4
51752,3,3,181323,181323,181326,0,3,1
51753,6,3,181329,181329,181332,0,3,3
51754,1,2,181330,181332,181334,2,4,0
51755,4,1,181334,181334,181335,0,1,0
51756,2,2,181336,181336,181338,0,2,1
51757,6,2,181342,181342,181344,0,2,4
51758,6,3,181348,181348,181351,0,3,4
51759,5,1,181353,181353,181354,0,1,2
51760,5,2,181358,181358,181360,0,2,4
51761,2,3,181360,181360,181363,0,3,0
51762,6,2,181366,181366,181368,0,2,3
51763,2,2,181368,181368,181370,0,2,0
51764,6,1,181374,181374,181375,0,1,4
51765,6,2,181380,181380,181382,0,2,5
51766,3,2,181383,181383,181385,0,2,1
51767,6,1,181389,181389,181390,0,1,4
51768,3,3,181392,181392,181395,0,3,2
51769,1,2,181393,181395,181397,2,4,0
51770,6,1,181399,181399,181400,0,1,2
51771,1,2,181400,181400,181402,0,2,0
51772,5,2,181405,181405,181407,0,2,3
51773,1,1,181406,181407,181408,1,2,0
51774,3,2,181409,181409,181411,0,2,1
51775,3,2,181412,181412,181414,0,2,1
51776,3,3,181415,181415,181418,0,3,1
51777,3,2,181418,181418,181420,0,2,0
51778,4,1,181422,181422,181423,0,1,2
51779,1,3,181423,181423,181426,0,3,0
51780,2,3,181425,181426,181429,1,4,0
51781,2,1,181427,181429,181430,2,3,0
51782,3,1,181430,181430,181431,0,1,0
51783,5,1,181435,181435,181436,0,1,4
51784,2,1,181437,181437,181438,0,1,1
51785,1,2,181438,181438,181440,0,2,0
51786,2,3,181440,181440,181443,0,3,0
51787,4,2,181444,181444,181446,0,2,1
51788,2,3,181446,181446,181449,0,3,0
51789,5,3,181451,181451,181454,0,3,2
51790,5,3,181456,181456,181459,0,3,2
51791,5,3,181461,181461,181464,0,3,2
51792,1,3,181462,181464,181467,2,5,0
51793,4,2,181466,181467,181469,1,3,0
51794,6,3,181472,181472,181475,0,3,3
51795,4,3,181476,181476,181479,0,3,1
51796,2,2,181478,181479,181481,1,3,0
51797,4,3,181482,181482,181485,0,3,1
51798,3,3,181485,181485,181488,0,3,0
51799,5,1,181490,181490,181491,0,1,2
51800,5,3,181495,181495,181498,0,3,4
51801,4,1,181499,181499,181500,0,1,1
51802,4,2,181503,181503,181505,0,2,3
51803,3,2,181506,181506,181508,0,2,1
51804,4,1,181510,181510,181511,0,1,2
51805,1,2,181511,181511,181513,0,2,0
51806,4,1,181515,181515,181516,0,1,2
51807,2,2,181517,181517,181519,0,2,1
51808,2,3,181519,181519,181522,0,3,0
51809,4,2,181523,181523,181525,0,2,1
51810,2,3,181525,181525,181528,0,3,0
51811,5,3,181530,181530,181533,0,3,2
51812,4,1,181534,181534,181535,0,1,1
51813,5,3,181539,181539,181542,0,3,4
51814,6,3,181545,181545,181548,0,3,3
51815,6,2,181551,181551,181553,0,2,3
51816,6,3,181557,181557,181560,0,3,4
51817,6,2,181563,181563,181565,0,2,3
51818,5,3,181568,181568,181571,0,3,3
51819,1,2,181569,181571,181573,2,4,0
51820,3,1,181572,181573,181574,1,2,0
51821,5,1,181577,181577,181578,0,1,3
51822,4,2,181581,181581,181583,0,2,3
51823,1,1,181582,181583,181584,1,2,0
51824,1,2,181583,181584,181586,1,3,0
51825,4,1,181587,181587,181588,0,1,1
51826,3,1,181590,181590,181591,0,1,2
51827,1,1,181591,181591,181592,0,1,0
51828,2,2,181593,181593,181595,0,2,1
51829,6,1,181599,181599,181600,0,1,4
51830,4,1,181603,181603,181604,0,1,3
51831,1,3,181604,181604,181607,0,3,0
51832,3,3,181607,181607,181610,0,3,0
51833,6,3,181613,181613,181616,0,3,3
51834,5,2,181618,181618,181620,0,2,2
51835,2,3,181620,181620,181623,0,3,0
51836,5,3,181625,181625,181628,0,3,2
51837,1,1,181626,181628,181629,2,3,0
51838,6,1,181632,181632,181633,0,1,3
51839,4,3,181636,181636,181639,0,3,3
51840,2,1,181638,181639,181640,1,2,0
51841,4,3,181642,181642,181645,0,3,2
51842,5,2,181647,181647,181649,0,2,2
51843,1,2,181648,181649,181651,1,3,0
51844,2,3,181650,181651,181654,1,4,0
51845,3,3,181653,181654,181657,1,4,0
51846,2,1,181655,181657,181658,2,3,0
51847,6,1,181661,181661,181662,0,1,3
51848,3,1,181664,181664,181665,0,1,2
51849,4,3,181668,181668,181671,0,3,3
51850,2,3,181670,181671,181674,1,4,0
51851,3,1,181673,181674,181675,1,2,0
51852,1,3,181674,181675,181678,1,4,0
51853,2,3,181676,181678,181681,2,5,0
51854,1,3,181677,181681,181684,4,7,0
51855,1,1,181678,181684,181685,6,7,0
51856,2,3,181680,181685,181688,5,8,0
51857,6,3,181686,181688,181691,2,5,0
51858,1,1,181687,181691,181692,4,5,0
51859,2,3,181689,181692,181695,3,6,0
51860,2,3,181691,181695,181698,4,7,0
51861,4,3,181695,181698,181701,3,6,0
51862,6,1,181701,181701,181702,0,1,0
51863,5,2,181706,181706,181708,0,2,4
51864,5,3,181711,181711,181714,0,3,3
51865,3,2,181714,181714,181716,0,2,0
51866,2,1,181716,181716,181717,0,1,0
51867,1,2,181717,181717,181719,0,2,0
51868,4,3,181721,181721,181724,0,3,2
51869,1,2,181722,181724,181726,2,4,0
51870,5,3,181727,181727,181730,0,3,1
51871,1,1,181728,181730,181731,2,3,0
51872,4,3,181732,181732,181735,0,3,1
51873,1,1,181733,181735,181736,2,3,0
51874,6,2,181739,181739,181741,0,2,3
51875,1,3,181740,181741,181744,1,4,0
51876,2,3,181742,181744,181747,2,5,0
51877,2,1,181744,181747,181748,3,4,0
51878,2,2,181746,181748,181750,2,4,0
51879,2,2,181748,181750,181752,2,4,0
51880,3,3,181751,181752,181755,1,4,0
51881,3,2,181754,181755,181757,1,3,0
51882,5,3,181759,181759,181762,0,3,2
51883,6,3,181765,181765,181768,0,3,3
51884,3,2,181768,181768,181770,0,2,0
51885,5,2,181773,181773,181775,0,2,3
51886,3,3,181776,181776,181779,0,3,1
51887,3,2,181779,181779,181781,0,2,0
51888,6,2,181785,181785,181787,0,2,4
51889,6,3,181791,181791,181794,0,3,4
51890,3,3,181794,181794,181797,0,3,0
51891,5,2,181799,181799,181801,0,2,2
51892,2,2,181801,181801,181803,0,2,0
51893,4,3,181805,181805,181808,0,3,2
51894,3,2,181808,181808,181810,0,2,0
51895,1,1,181809,181810,181811,1,2,0
51896,2,1,181811,181811,181812,0,1,0
51897,2,2,181813,181813,181815,0,2,1
51898,5,1,181818,181818,181819,0,1,3
51899,1,2,181819,181819,181821,0,2,0
51900,3,3,181822,181822,181825,0,3,1
51901,2,2,181824,181825,181827,1,3,0
51902,2,3,181826,181827,181830,1,4,0
51903,6,1,181832,181832,181833,0,1,2
51904,3,1,181835,181835,181836,0,1,2
51905,3,1,181838,181838,181839,0,1,2
51906,1,1,181839,181839,181840,0,1,0
51907,2,2,181841,181841,181843,0,2,1
51908,5,1,181846,181846,181847,0,1,3
51909,4,3,181850,181850,181853,0,3,3
51910,6,2,181856,181856,181858,0,2,3
51911,1,3,181857,181858,181861,1,4,0
51912,1,1,181858,181861,181862,3,4,0
51913,5,1,181863,181863,181864,0,1,1
51914,4,3,181867,181867,181870,0,3,3
51915,1,3,181868,181870,181873,2,5,0
51916,5,1,181873,181873,181874,0,1,0
51917,4,3,181877,181877,181880,0,3,3
51918,4,1,181881,181881,181882,0,1,1
51919,4,1,181885,181885,181886,0,1,3
51920,4,2,181889,181889,181891,0,2,3
51921,3,1,181892,181892,181893,0,1,1
51922,3,2,181895,181895,181897,0,2,2
51923,4,2,181899,181899,181901,0,2,2
51924,4,2,181903,181903,181905,0,2,2
51925,2,2,181905,181905,181907,0,2,0
51926,3,1,181908,181908,181909,0,1,1
51927,1,1,181909,181909,181910,0,1,0
51928,4,2,181913,181913,181915,0,2,3
51929,3,1,181916,181916,181917,0,1,1
51930,5,1,181921,181921,181922,0,1,4
51931,6,2,181927,181927,181929,0,2,5
51932,3,3,181930,181930,181933,0,3,1
51933,3,1,181933,181933,181934,0,1,0
51934,6,2,181939,181939,181941,0,2,5
51935,1,1,181940,181941,181942,1,2,0
51936,3,2,181943,181943,181945,0,2,1
51937,3,3,181946,181946,181949,0,3,1
51938,1,2,181947,181949,181951,2,4,0
51939,2,3,181949,181951,181954,2,5,0
51940,4,2,181953,181954,181956,1,3,0
51941,1,2,181954,181956,181958,2,4,0
51942,1,3,181955,181958,181961,3,6,0
51943,6,3,181961,181961,181964,0,3,0
51944,2,1,181963,181964,181965,1,2,0
51945,4,2,181967,181967,181969,0,2,2
51946,2,2,181969,181969,181971,0,2,0
51947,4,1,181973,181973,181974,0,1,2
51948,5,3,181978,181978,181981,0,3,4
51949,2,2,181980,181981,181983,1,3,0
51950,1,3,181981,181983,181986,2,5,0
51951,4,1,181985,181986,181987,1,2,0
51952,6,1,181991,181991,181992,0,1,4
51953,5,3,181996,181996,181999,0,3,4
51954,1,1,181997,181999,182000,2,3,0
51955,5,2,182002,182002,182004,0,2,2
51956,1,2,182003,182004,182006,1,3,0
51957,4,2,182007,182007,182009,0,2,1
51958,2,3,182009,182009,182012,0,3,0
51959,2,1,182011,182012,182013,1,2,0
51960,6,2,182017,182017,182019,0,2,4
51961,3,3,182020,182020,182023,0,3,1
51962,6,1,182026,182026,182027,0,1,3
51963,2,2,182028,182028,182030,0,2,1
51964,6,2,182034,182034,182036,0,2,4
51965,3,3,182037,182037,182040,0,3,1
51966,6,2,182043,182043,182045,0,2,3
51967,6,2,182049,182049,182051,0,2,4
51968,4,3,182053,182053,182056,0,3,2
51969,3,1,182056,182056,182057,0,1,0
51970,1,3,182057,182057,182060,0,3,0
51971,5,1,182062,182062,182063,0,1,2
51972,4,3,182066,182066,182069,0,3,3
51973,3,1,182069,182069,182070,0,1,0
51974,6,1,182075,182075,182076,0,1,5
51975,5,2,182080,182080,182082,0,2,4
51976,2,1,182082,182082,182083,0,1,0
51977,5,3,182087,182087,182090,0,3,4
51978,3,2,182090,182090,182092,0,2,0
51979,2,2,182092,182092,182094,0,2,0
51980,2,2,182094,182094,182096,0,2,0
51981,5,3,182099,182099,182102,0,3,3
51982,4,1,182103,182103,182104,0,1,1
51983,1,1,182104,182104,182105,0,1,0
51984,4,2,182108,182108,182110,0,2,3
51985,5,1,182113,182113,182114,0,1,3
51986,3,1,182116,182116,182117,0,1,2
51987,6,1,182122,182122,182123,0,1,5
51988,6,3,182128,182128,182131,0,3,5
51989,2,1,182130,182131,182132,1,2,0
51990,1,3,182131,182132,182135,1,4,0
51991,4,3,182135,182135,182138,0,3,0
51992,3,2,182138,182138,182140,0,2,0
51993,3,1,182141,182141,182142,0,1,1
51994,6,3,182147,182147,182150,0,3,5
51995,4,1,182151,182151,182152,0,1,1
51996,3,3,182154,182154,182157,0,3,2
51997,6,1,182160,182160,182161,0,1,3
51998,3,2,182163,182163,182165,0,2,2
51999,3,1,182166,182166,182167,0,1,1
52000,2,1,182168,182168,182169,0,1,1
52001,3,3,182171,182171,182174,0,3,2
52002,3,1,182174,182174,182175,0,1,0
52003,2,1,182176,182176,182177,0,1,1
52004,2,3,182178,182178,182181,0,3,1
52005,2,2,182180,182181,182183,1,3,0
52006,4,2,182184,182184,182186,0,2,1
52007,3,2,182187,182187,182189,0,2,1
52008,1,3,182188,182189,182192,1,4,0
52009,5,2,182193,182193,182195,0,2,1
52010,5,1,182198,182198,182199,0,1,3
52011,3,2,182201,182201,182203,0,2,2
52012,6,2,182207,182207,182209,0,2,4
52013,5,3,182212,182212,182215,0,3,3
52014,6,3,182218,182218,182221,0,3,3
52015,4,2,182222,182222,182224,0,2,1
52016,4,1,182226,182226,182227,0,1,2
52017,1,3,182227,182227,182230,0,3,0
52018,4,2,182231,182231,182233,0,2,1
52019,2,2,182233,182233,182235,0,2,0
52020,4,3,182237,182237,182240,0,3,2
52021,6,3,182243,182243,182246,0,3,3
52022,4,1,182247,182247,182248,0,1,1
52023,2,2,182249,182249,182251,0,2,1
52024,2,2,182251,182251,182253,0,2,0
52025,2,1,182253,182253,182254,0,1,0
52026,6,1,182259,182259,182260,0,1,5
52027,2,3,182261,182261,182264,0,3,1
52028,4,2,182265,182265,182267,0,2,1
52029,2,3,182267,182267,182270,0,3,0
52030,5,2,182272,182272,182274,0,2,2
52031,2,1,182274,182274,182275,0,1,0
52032,3,1,182277,182277,182278,0,1,2
52033,2,3,182279,182279,182282,0,3,1
52034,4,2,182283,182283,182285,0,2,1
52035,4,3,182287,182287,182290,0,3,2
52036,6,1,182293,182293,182294,0,1,3
52037,2,1,182295,182295,182296,0,1,1
52038,1,2,182296,182296,182298,0,2,0
52039,6,1,182302,182302,182303,0,1,4
52040,3,3,182305,182305,182308,0,3,2
52041,5,3,182310,182310,182313,0,3,2
52042,1,1,182311,182313,182314,2,3,0
52043,1,1,182312,182314,182315,2,3,0
52044,2,1,182314,182315,182316,1,2,0
52045,5,1,182319,182319,182320,0,1,3
52046,3,3,182322,182322,182325,0,3,2
52047,6,1,182328,182328,182329,0,1,3
52048,3,3,182331,182331,182334,0,3,2
52049,4,3,182335,182335,182338,0,3,1
52050,6,1,182341,182341,182342,0,1,3
52051,6,2,182347,182347,182349,0,2,5
52052,2,2,182349,182349,182351,0,2,0
52053,6,2,182355,182355,182357,0,2,4
52054,6,2,182361,182361,182363,0,2,4
52055,5,2,182366,182366,182368,0,2,3
52056,2,1,182368,182368,182369,0,1,0
52057,6,2,182374,182374,182376,0,2,5
52058,4,2,182378,182378,182380,0,2,2
52059,6,1,182384,182384,182385,0,1,4
52060,3,3,182387,182387,182390,0,3,2
52061,2,1,182389,182390,182391,1,2,0
52062,6,3,182395,182395,182398,0,3,4
52063,2,3,182397,182398,182401,1,4,0
52064,2,1,182399,182401,182402,2,3,0
52065,4,3,182403,182403,182406,0,3,1
52066,5,2,182408,182408,182410,0,2,2
52067,6,1,182414,182414,182415,0,1,4
52068,3,3,182417,182417,182420,0,3,2
52069,2,2,182419,182420,182422,1,3,0
52070,4,2,182423,182423,182425,0,2,1
52071,6,2,182429,182429,182431,0,2,4
52072,5,3,182434,182434,182437,0,3,3
52073,6,2,182440,182440,182442,0,2,3
52074,5,3,182445,182445,182448,0,3,3
52075,2,3,182447,182448,182451,1,4,0
52076,2,1,182449,182451,182452,2,3,0
52077,1,3,182450,182452,182455,2,5,0
52078,5,2,182455,182455,182457,0,2,0
52079,2,1,182457,182457,182458,0,1,0
52080,3,2,182460,182460,182462,0,2,2
52081,4,3,182464,182464,182467,0,3,2
52082,4,2,182468,182468,182470,0,2,1
52083,2,2,182470,182470,182472,0,2,0
52084,5,3,182475,182475,182478,0,3,3
52085,2,3,182477,182478,182481,1,4,0
52086,3,1,182480,182481,182482,1,2,0
52087,4,3,182484,182484,182487,0,3,2
52088,4,2,182488,182488,182490,0,2,1
52089,1,2,182489,182490,182492,1,3,0
52090,5,2,182494,182494,182496,0,2,2
52091,4,2,182498,182498,182500,0,2,2
52092,4,1,182502,182502,182503,0,1,2
52093,6,2,182508,182508,182510,0,2,5
52094,1,3,182509,182510,182513,1,4,0
52095,3,1,182512,182513,182514,1,2,0
52096,6,1,182518,182518,182519,0,1,4
52097,5,2,182523,182523,182525,0,2,4
52098,4,2,182527,182527,182529,0,2,2
52099,4,1,182531,182531,182532,0,1,2
52100,5,2,182536,182536,182538,0,2,4
52101,2,2,182538,182538,182540,0,2,0
52102,4,1,182542,182542,182543,0,1,2
52103,4,2,182546,182546,182548,0,2,3
52104,2,1,182548,182548,182549,0,1,0
52105,6,1,182554,182554,182555,0,1,5
52106,1,3,182555,182555,182558,0,3,0
52107,1,3,182556,182558,182561,2,5,0
52108,2,3,182558,182561,182564,3,6,0
52109,2,3,182560,182564,182567,4,7,0
52110,5,2,182565,182567,182569,2,4,0
52111,5,3,182570,182570,182573,0,3,1
52112,5,2,182575,182575,182577,0,2,2
52113,4,1,182579,182579,182580,0,1,2
52114,2,3,182581,182581,182584,0,3,1
52115,6,2,182587,182587,182589,0,2,3
52116,2,3,182589,182589,182592,0,3,0
52117,3,1,182592,182592,182593,0,1,0
52118,3,3,182595,182595,182598,0,3,2
52119,3,1,182598,182598,182599,0,1,0
52120,5,2,182603,182603,182605,0,2,4
52121,6,3,182609,182609,182612,0,3,4
52122,1,2,182610,182612,182614,2,4,0
52123,3,2,182613,182614,182616,1,3,0
52124,1,2,182614,182616,182618,2,4,0
52125,6,3,182620,182620,182623,0,3,2
52126,2,1,182622,182623,182624,1,2,0
52127,3,2,182625,182625,182627,0,2,1
52128,4,1,182629,182629,182630,0,1,2
52129,6,1,182635,182635,182636,0,1,5
52130,5,1,182640,182640,182641,0,1,4
52131,2,3,182642,182642,182645,0,3,1
52132,2,3,182644,182645,182648,1,4,0
52133,2,1,182646,182648,182649,2,3,0
52134,6,2,182652,182652,182654,0,2,3
52135,1,1,182653,182654,182655,1,2,0
52136,5,2,182658,182658,182660,0,2,3
52137,2,2,182660,182660,182662,0,2,0
52138,1,2,182661,182662,182664,1,3,0
52139,6,1,182667,182667,182668,0,1,3
52140,2,2,182669,182669,182671,0,2,1
52141,6,1,182675,182675,182676,0,1,4
52142,4,3,182679,182679,182682,0,3,3
52143,6,2,182685,182685,182687,0,2,3
52144,3,2,182688,182688,182690,0,2,1
52145,1,3,182689,182690,182693,1,4,0
52146,5,2,182694,182694,182696,0,2,1
52147,5,2,182699,182699,182701,0,2,3
52148,3,3,182702,182702,182705,0,3,1
52149,4,1,182706,182706,182707,0,1,1
52150,4,3,182710,182710,182713,0,3,3
52151,5,1,182715,182715,182716,0,1,2
52152,2,2,182717,182717,182719,0,2,1
52153,1,2,182718,182719,182721,1,3,0
52154,4,2,182722,182722,182724,0,2,1
52155,4,3,182726,182726,182729,0,3,2
52156,6,2,182732,182732,182734,0,2,3
52157,2,1,182734,182734,182735,0,1,0
52158,4,1,182738,182738,182739,0,1,3
52159,6,2,182744,182744,182746,0,2,5
52160,4,2,182748,182748,182750,0,2,2
52161,2,2,182750,182750,182752,0,2,0
52162,4,2,182754,182754,182756,0,2,2
52163,6,3,182760,182760,182763,0,3,4
52164,4,2,182764,182764,182766,0,2,1
52165,3,2,182767,182767,182769,0,2,1
52166,5,2,182772,182772,182774,0,2,3
52167,1,3,182773,182774,182777,1,4,0
52168,3,2,182776,182777,182779,1,3,0
52169,3,3,182779,182779,182782,0,3,0
52170,1,1,182780,182782,182783,2,3,0
52171,6,2,182786,182786,182788,0,2,3
52172,2,2,182788,182788,182790,0,2,0
52173,1,3,182789,182790,182793,1,4,0
52174,6,2,182795,182795,182797,0,2,2
52175,2,2,182797,182797,182799,0,2,0
52176,6,3,182803,182803,182806,0,3,4
52177,5,1,182808,182808,182809,0,1,2
52178,4,2,182812,182812,182814,0,2,3
52179,4,3,182816,182816,182819,0,3,2
52180,5,1,182821,182821,182822,0,1,2
52181,4,1,182825,182825,182826,0,1,3
52182,2,2,182827,182827,182829,0,2,1
52183,6,3,182833,182833,182836,0,3,4
52184,1,1,182834,182836,182837,2,3,0
52185,1,1,182835,182837,182838,2,3,0
52186,1,2,182836,182838,182840,2,4,0
52187,2,2,182838,182840,182842,2,4,0
52188,2,3,182840,182842,182845,2,5,0
52189,2,1,182842,182845,182846,3,4,0
52190,4,1,182846,182846,182847,0,1,0
52191,2,2,182848,182848,182850,0,2,1
52192,6,1,182854,182854,182855,0,1,4
52193,5,1,182859,182859,182860,0,1,4
52194,5,3,182864,182864,182867,0,3,4
52195,4,1,182868,182868,182869,0,1,1
52196,1,3,182869,182869,182872,0,3,0
52197,6,3,182875,182875,182878,0,3,3
52198,2,2,182877,182878,182880,1,3,0
52199,5,3,182882,182882,182885,0,3,2
52200,2,2,182884,182885,182887,1,3,0
52201,5,2,182889,182889,182891,0,2,2
52202,6,1,182895,182895,182896,0,1,4
52203,4,3,182899,182899,182902,0,3,3
52204,1,1,182900,182902,182903,2,3,0
52205,3,3,182903,182903,182906,0,3,0
52206,2,3,182905,182906,182909,1,4,0
52207,1,2,182906,182909,182911,3,5,0
52208,6,3,182912,182912,182915,0,3,1
52209,4,3,182916,182916,182919,0,3,1
52210,3,1,182919,182919,182920,0,1,0
52211,2,1,182921,182921,182922,0,1,1
52212,2,2,182923,182923,182925,0,2,1
52213,6,1,182929,182929,182930,0,1,4
52214,1,1,182930,182930,182931,0,1,0
52215,5,2,182935,182935,182937,0,2,4
52216,3,2,182938,182938,182940,0,2,1
52217,3,1,182941,182941,182942,0,1,1
52218,4,2,182945,182945,182947,0,2,3
52219,2,3,182947,182947,182950,0,3,0
52220,3,2,182950,182950,182952,0,2,0
52221,3,2,182953,182953,182955,0,2,1
52222,4,2,182957,182957,182959,0,2,2
52223,4,1,182961,182961,182962,0,1,2
52224,6,2,182967,182967,182969,0,2,5
52225,6,2,182973,182973,182975,0,2,4
52226,4,1,182977,182977,182978,0,1,2
52227,6,1,182983,182983,182984,0,1,5
52228,1,2,182984,182984,182986,0,2,0
52229,4,1,182988,182988,182989,0,1,2
52230,3,2,182991,182991,182993,0,2,2
52231,2,2,182993,182993,182995,0,2,0
52232,3,3,182996,182996,182999,0,3,1
52233,2,2,182998,182999,183001,1,3,0
52234,1,1,182999,183001,183002,2,3,0
52235,5,2,183004,183004,183006,0,2,2
52236,3,3,183007,183007,183010,0,3,1
52237,2,3,183009,183010,183013,1,4,0
52238,6,1,183015,183015,183016,0,1,2
52239,3,3,183018,183018,183021,0,3,2
52240,2,1,183020,183021,183022,1,2,0
52241,5,3,183025,183025,183028,0,3,3
52242,2,1,183027,183028,183029,1,2,0
52243,6,2,183033,183033,183035,0,2,4
52244,3,1,183036,183036,183037,0,1,1
52245,2,3,183038,183038,183041,0,3,1
52246,5,1,183043,183043,183044,0,1,2
52247,3,2,183046,183046,183048,0,2,2
52248,6,2,183052,183052,183054,0,2,4
52249,1,1,183053,183054,183055,1,2,0
52250,5,3,183058,183058,183061,0,3,3
52251,5,3,183063,183063,183066,0,3,2
52252,1,2,183064,183066,183068,2,4,0
52253,6,2,183070,183070,183072,0,2,2
52254,1,1,183071,183072,183073,1,2,0
52255,5,1,183076,183076,183077,0,1,3
52256,4,3,183080,183080,183083,0,3,3
52257,5,3,183085,183085,183088,0,3,2
52258,1,2,183086,183088,183090,2,4,0
52259,5,3,183091,183091,183094,0,3,1
52260,5,2,183096,183096,183098,0,2,2
52261,6,2,183102,183102,183104,0,2,4
52262,2,1,183104,183104,183105,0,1,0
52263,2,1,183106,183106,183107,0,1,1
52264,3,1,183109,183109,183110,0,1,2
52265,4,3,183113,183113,183116,0,3,3
52266,3,2,183116,183116,183118,0,2,0
52267,5,1,183121,183121,183122,0,1,3
52268,3,2,183124,183124,183126,0,2,2
52269,4,3,183128,183128,183131,0,3,2
52270,3,1,183131,183131,183132,0,1,0
52271,3,2,183134,183134,183136,0,2,2
52272,6,1,183140,183140,183141,0,1,4
52273,4,2,183144,183144,183146,0,2,3
52274,3,1,183147,183147,183148,0,1,1
52275,6,2,183153,183153,183155,0,2,5
52276,4,2,183157,183157,183159,0,2,2
52277,6,1,183163,183163,183164,0,1,4
52278,3,3,183166,183166,183169,0,3,2
52279,5,2,183171,183171,183173,0,2,2
52280,3,2,183174,183174,183176,0,2,1
52281,3,2,183177,183177,183179,0,2,1
52282,5,2,183182,183182,183184,0,2,3
52283,5,2,183187,183187,183189,0,2,3
52284,5,3,183192,183192,183195,0,3,3
52285,3,3,183195,183195,183198,0,3,0
52286,1,3,183196,183198,183201,2,5,0
52287,4,1,183200,183201,183202,1,2,0
52288,5,2,183205,183205,183207,0,2,3
52289,6,3,183211,183211,183214,0,3,4
52290,2,3,183213,183214,183217,1,4,0
52291,5,3,183218,183218,183221,0,3,1
52292,2,2,183220,183221,183223,1,3,0
52293,6,3,183226,183226,183229,0,3,3
52294,5,3,183231,183231,183234,0,3,2
52295,1,2,183232,183234,183236,2,4,0
52296,6,3,183238,183238,183241,0,3,2
52297,1,1,183239,183241,183242,2,3,0
52298,2,1,183241,183242,183243,1,2,0
52299,1,3,183242,183243,183246,1,4,0
52300,6,1,183248,183248,183249,0,1,2
52301,4,3,183252,183252,183255,0,3,3
52302,2,2,183254,183255,183257,1,3,0
52303,6,2,183260,183260,183262,0,2,3
52304,2,2,183262,183262,183264,0,2,0
52305,1,1,183263,183264,183265,1,2,0
52306,5,3,183268,183268,183271,0,3,3
52307,2,2,183270,183271,183273,1,3,0
52308,2,2,183272,183273,183275,1,3,0
52309,2,2,183274,183275,183277,1,3,0
52310,1,1,183275,183277,183278,2,3,0
52311,6,3,183281,183281,183284,0,3,3
52312,5,2,183286,183286,183288,0,2,2
52313,4,2,183290,183290,183292,0,2,2
52314,4,1,183294,183294,183295,0,1,2
52315,1,2,183295,183295,183297,0,2,0
52316,2,2,183297,183297,183299,0,2,0
52317,3,2,183300,183300,183302,0,2,1
52318,5,1,183305,183305,183306,0,1,3
52319,6,1,183311,183311,183312,0,1,5
52320,3,1,183314,183314,183315,0,1,2
52321,3,3,183317,183317,183320,0,3,2
52322,4,2,183321,183321,183323,0,2,1
52323,2,3,183323,183323,183326,0,3,0
52324,3,3,183326,183326,183329,0,3,0
52325,1,2,183327,183329,183331,2,4,0
52326,5,2,183332,183332,183334,0,2,1
52327,5,1,183337,183337,183338,0,1,3
52328,6,1,183343,183343,183344,0,1,5
52329,2,3,183345,183345,183348,0,3,1
52330,3,1,183348,183348,183349,0,1,0
52331,1,3,183349,183349,183352,0,3,0
52332,5,2,183354,183354,183356,0,2,2
52333,6,1,183360,183360,183361,0,1,4
52334,4,3,183364,183364,183367,0,3,3
52335,1,1,183365,183367,183368,2,3,0
52336,5,3,183370,183370,183373,0,3,2
52337,3,3,183373,183373,183376,0,3,0
52338,1,1,183374,183376,183377,2,3,0
52339,6,3,183380,183380,183383,0,3,3
52340,2,3,183382,183383,183386,1,4,0
52341,6,2,183388,183388,183390,0,2,2
52342,6,2,183394,183394,183396,0,2,4
52343,2,2,183396,183396,183398,0,2,0
52344,3,2,183399,183399,183401,0,2,1
52345,4,2,183403,183403,183405,0,2,2
52346,3,1,183406,183406,183407,0,1,1
52347,4,2,183410,183410,183412,0,2,3
52348,2,3,183412,183412,183415,0,3,0
52349,3,2,183415,183415,183417,0,2,0
52350,4,2,183419,183419,183421,0,2,2
52351,4,1,183423,183423,183424,0,1,2
52352,2,1,183425,183425,183426,0,1,1
52353,5,2,183430,183430,183432,0,2,4
52354,3,2,183433,183433,183435,0,2,1
52355,4,3,183437,183437,183440,0,3,2
52356,5,2,183442,183442,183444,0,2,2
52357,2,1,183444,183444,183445,0,1,0
52358,5,1,183449,183449,183450,0,1,4
52359,4,1,183453,183453,183454,0,1,3
52360,5,3,183458,183458,183461,0,3,4
52361,6,1,183464,183464,183465,0,1,3
52362,5,3,183469,183469,183472,0,3,4
52363,6,1,183475,183475,183476,0,1,3
52364,5,3,183480,183480,183483,0,3,4
52365,6,1,183486,183486,183487,0,1,3
52366,4,2,183490,183490,183492,0,2,3
52367,6,2,183496,183496,183498,0,2,4
52368,6,3,183502,183502,183505,0,3,4
52369,6,1,183508,183508,183509,0,1,3
52370,3,3,183511,183511,183514,0,3,2
52371,3,1,183514,183514,183515,0,1,0
52372,1,1,183515,183515,183516,0,1,0
52373,2,3,183517,183517,183520,0,3,1
52374,1,2,183518,183520,183522,2,4,0
52375,1,2,183519,183522,183524,3,5,0
52376,2,1,183521,183524,183525,3,4,0
52377,4,2,183525,183525,183527,0,2,0
52378,3,1,183528,183528,183529,0,1,1
52379,6,1,183534,183534,183535,0,1,5
52380,1,3,183535,183535,183538,0,3,0
52381,4,1,183539,183539,183540,0,1,1
52382,2,2,183541,183541,183543,0,2,1
52383,5,2,183546,183546,183548,0,2,3
52384,1,2,183547,183548,183550,1,3,0
52385,5,3,183552,183552,183555,0,3,2
52386,6,3,183558,183558,183561,0,3,3
52387,4,2,183562,183562,183564,0,2,1
52388,1,3,183563,183564,183567,1,4,0
52389,4,3,183567,183567,183570,0,3,0
52390,5,3,183572,183572,183575,0,3,2
52391,2,2,183574,183575,183577,1,3,0
52392,6,3,183580,183580,183583,0,3,3
52393,3,1,183583,183583,183584,0,1,0
52394,1,3,183584,183584,183587,0,3,0
52395,2,3,183586,183587,183590,1,4,0
52396,2,2,183588,183590,183592,2,4,0
52397,1,2,183589,183592,183594,3,5,0
52398,1,3,183590,183594,183597,4,7,0
52399,2,3,183592,183597,183600,5,8,0
52400,2,1,183594,183600,183601,6,7,0
52401,6,3,183600,183601,183604,1,4,0
52402,5,1,183605,183605,183606,0,1,1
52403,6,3,183611,183611,183614,0,3,5
52404,5,1,183616,183616,183617,0,1,2
52405,3,2,183619,183619,183621,0,2,2
52406,1,2,183620,183621,183623,1,3,0
52407,5,2,183625,183625,183627,0,2,2
52408,6,2,183631,183631,183633,0,2,4
52409,5,2,183636,183636,183638,0,2,3
52410,5,2,183641,183641,183643,0,2,3
52411,6,2,183647,183647,183649,0,2,4
52412,6,3,183653,183653,183656,0,3,4
52413,3,3,183656,183656,183659,0,3,0
52414,2,1,183658,183659,183660,1,2,0
52415,4,1,183662,183662,183663,0,1,2
52416,3,3,183665,183665,183668,0,3,2
52417,5,2,183670,183670,183672,0,2,2
52418,1,1,183671,183672,183673,1,2,0
52419,1,1,183672,183673,183674,1,2,0
52420,2,3,183674,183674,183677,0,3,0
52421,6,1,183680,183680,183681,0,1,3
52422,6,2,183686,183686,183688,0,2,5
52423,3,2,183689,183689,183691,0,2,1
52424,2,3,183691,183691,183694,0,3,0
52425,3,3,183694,183694,183697,0,3,0
52426,1,3,183695,183697,183700,2,5,0
52427,4,2,183699,183700,183702,1,3,0
52428,3,1,183702,183702,183703,0,1,0
52429,4,1,183706,183706,183707,0,1,3
52430,3,2,183709,183709,183711,0,2,2
52431,4,3,183713,183713,183716,0,3,2
52432,5,1,183718,183718,183719,0,1,2
52433,3,3,183721,183721,183724,0,3,2
52434,1,3,183722,183724,183727,2,5,0
52435,5,3,183727,183727,183730,0,3,0
52436,6,1,183733,183733,183734,0,1,3
52437,6,3,183739,183739,183742,0,3,5
52438,3,2,183742,183742,183744,0,2,0
52439,1,3,183743,183744,183747,1,4,0
52440,4,3,183747,183747,183750,0,3,0
52441,3,1,183750,183750,183751,0,1,0
52442,4,1,183754,183754,183755,0,1,3
52443,2,3,183756,183756,183759,0,3,1
52444,5,1,183761,183761,183762,0,1,2
52445,2,3,183763,183763,183766,0,3,1
52446,1,1,183764,183766,183767,2,3,0
52447,6,3,183770,183770,183773,0,3,3
52448,4,3,183774,183774,183777,0,3,1
52449,2,3,183776,183777,183780,1,4,0
52450,2,3,183778,183780,183783,2,5,0
52451,3,2,183781,183783,183785,2,4,0
52452,5,3,183786,183786,183789,0,3,1
52453,6,3,183792,183792,183795,0,3,3
52454,1,3,183793,183795,183798,2,5,0
52455,6,3,183799,183799,183802,0,3,1
52456,3,3,183802,183802,183805,0,3,0
52457,2,3,183804,183805,183808,1,4,0
52458,3,1,183807,183808,183809,1,2,0
52459,6,2,183813,183813,183815,0,2,4
52460,5,3,183818,183818,183821,0,3,3
52461,5,2,183823,183823,183825,0,2,2
52462,2,2,183825,183825,183827,0,2,0
52463,5,1,183830,183830,183831,0,1,3
52464,1,2,183831,183831,183833,0,2,0
52465,3,2,183834,183834,183836,0,2,1
52466,2,3,183836,183836,183839,0,3,0
52467,1,2,183837,183839,183841,2,4,0
52468,5,2,183842,183842,183844,0,2,1
52469,2,2,183844,183844,183846,0,2,0
52470,1,2,183845,183846,183848,1,3,0
52471,1,3,183846,183848,183851,2,5,0
52472,2,1,183848,183851,183852,3,4,0
52473,5,1,183853,183853,183854,0,1,1
52474,3,3,183856,183856,183859,0,3,2
52475,5,1,183861,183861,183862,0,1,2
52476,4,1,183865,183865,183866,0,1,3
52477,5,3,183870,183870,183873,0,3,4
52478,6,1,183876,183876,183877,0,1,3
52479,4,2,183880,183880,183882,0,2,3
52480,4,1,183884,183884,183885,0,1,2
52481,1,3,183885,183885,183888,0,3,0
52482,2,1,183887,183888,183889,1,2,0
52483,6,1,183893,183893,183894,0,1,4
52484,2,2,183895,183895,183897,0,2,1
52485,1,2,183896,183897,183899,1,3,0
52486,3,2,183899,183899,183901,0,2,0
52487,4,3,183903,183903,183906,0,3,2
52488,5,2,183908,183908,183910,0,2,2
52489,5,1,183913,183913,183914,0,1,3
52490,5,3,183918,183918,183921,0,3,4
52491,6,2,183924,183924,183926,0,2,3
52492,6,2,183930,183930,183932,0,2,4
52493,4,1,183934,183934,183935,0,1,2
52494,6,2,183940,183940,183942,0,2,5
52495,3,2,183943,183943,183945,0,2,1
52496,3,1,183946,183946,183947,0,1,1
52497,6,3,183952,183952,183955,0,3,5
52498,1,1,183953,183955,183956,2,3,0
52499,3,3,183956,183956,183959,0,3,0
52500,1,2,183957,183959,183961,2,4,0
52501,5,3,183962,183962,183965,0,3,1
52502,3,3,183965,183965,183968,0,3,0
52503,5,1,183970,183970,183971,0,1,2
52504,4,1,183974,183974,183975,0,1,3
52505,1,2,183975,183975,183977,0,2,0
52506,1,2,183976,183977,183979,1,3,0
52507,2,3,183978,183979,183982,1,4,0
52508,1,3,183979,183982,183985,3,6,0
52509,4,3,183983,183985,183988,2,5,0
52510,3,2,183986,183988,183990,2,4,0
52511,2,2,183988,183990,183992,2,4,0
52512,5,1,183993,183993,183994,0,1,1
52513,5,1,183998,183998,183999,0,1,4
52514,2,3,184000,184000,184003,0,3,1
52515,5,3,184005,184005,184008,0,3,2
52516,6,2,184011,184011,184013,0,2,3
52517,5,2,184016,184016,184018,0,2,3
52518,1,1,184017,184018,184019,1,2,0
52519,4,1,184021,184021,184022,0,1,2
52520,5,3,184026,184026,184029,0,3,4
52521,2,2,184028,184029,184031,1,3,0
52522,3,1,184031,184031,184032,0,1,0
52523,1,1,184032,184032,184033,0,1,0
52524,1,2,184033,184033,184035,0,2,0
52525,4,3,184037,184037,184040,0,3,2
52526,4,2,184041,184041,184043,0,2,1
52527,1,3,184042,184043,184046,1,4,0
52528,6,2,184048,184048,184050,0,2,2
52529,5,3,184053,184053,184056,0,3,3
52530,3,3,184056,184056,184059,0,3,0
52531,4,3,184060,184060,184063,0,3,1
52532,3,3,184063,184063,184066,0,3,0
52533,4,3,184067,184067,184070,0,3,1
52534,1,1,184068,184070,184071,2,3,0
52535,3,3,184071,184071,184074,0,3,0
52536,3,1,184074,184074,184075,0,1,0
52537,6,3,184080,184080,184083,0,3,5
52538,6,1,184086,184086,184087,0,1,3
52539,2,1,184088,184088,184089,0,1,1
52540,4,1,184092,184092,184093,0,1,3
52541,6,2,184098,184098,184100,0,2,5
52542,4,1,184102,184102,184103,0,1,2
52543,2,2,184104,184104,184106,0,2,1
52544,3,3,184107,184107,184110,0,3,1
52545,1,2,184108,184110,184112,2,4,0
52546,4,3,184112,184112,184115,0,3,0
52547,4,3,184116,184116,184119,0,3,1
52548,6,2,184122,184122,184124,0,2,3
52549,2,2,184124,184124,184126,0,2,0
52550,6,2,184130,184130,184132,0,2,4
52551,1,2,184131,184132,184134,1,3,0
52552,4,2,184135,184135,184137,0,2,1
52553,3,2,184138,184138,184140,0,2,1
52554,5,1,184143,184143,184144,0,1,3
52555,4,2,184147,184147,184149,0,2,3
52556,1,3,184148,184149,184152,1,4,0
52557,5,2,184153,184153,184155,0,2,1
52558,4,1,184157,184157,184158,0,1,2
52559,4,2,184161,184161,184163,0,2,3
52560,2,1,184163,184163,184164,0,1,0
52561,2,1,184165,184165,184166,0,1,1
52562,5,2,184170,184170,184172,0,2,4
52563,2,1,184172,184172,184173,0,1,0
52564,4,3,184176,184176,184179,0,3,3
52565,5,2,184181,184181,184183,0,2,2
52566,1,3,184182,184183,184186,1,4,0
52567,2,1,184184,184186,184187,2,3,0
52568,5,1,184189,184189,184190,0,1,2
52569,2,1,184191,184191,184192,0,1,1
52570,3,1,184194,184194,184195,0,1,2
52571,6,1,184200,184200,184201,0,1,5
52572,3,3,184203,184203,184206,0,3,2
52573,4,2,184207,184207,184209,0,2,1
52574,3,2,184210,184210,184212,0,2,1
52575,3,3,184213,184213,184216,0,3,1
52576,6,3,184219,184219,184222,0,3,3
52577,5,1,184224,184224,184225,0,1,2
52578,6,1,184230,184230,184231,0,1,5
52579,1,3,184231,184231,184234,0,3,0
52580,1,3,184232,184234,184237,2,5,0
52581,6,1,184238,184238,184239,0,1,1
52582,4,2,184242,184242,184244,0,2,3
52583,4,1,184246,184246,184247,0,1,2
52584,3,2,184249,184249,184251,0,2,2
52585,6,3,184255,184255,184258,0,3,4
52586,3,2,184258,184258,184260,0,2,0
52587,1,2,184259,184260,184262,1,3,0
52588,5,1,184264,184264,184265,0,1,2
52589,5,1,184269,184269,184270,0,1,4
52590,5,1,184274,184274,184275,0,1,4
52591,4,2,184278,184278,184280,0,2,3
52592,3,1,184281,184281,184282,0,1,1
52593,2,3,184283,184283,184286,0,3,1
52594,1,3,184284,184286,184289,2,5,0
52595,6,3,184290,184290,184293,0,3,1
52596,4,3,184294,184294,184297,0,3,1
52597,4,3,184298,184298,184301,0,3,1
52598,3,1,184301,184301,184302,0,1,0
52599,6,1,184307,184307,184308,0,1,5
52600,6,1,184313,184313,184314,0,1,5
52601,2,1,184315,184315,184316,0,1,1
52602,5,3,184320,184320,184323,0,3,4
52603,5,2,184325,184325,184327,0,2,2
52604,2,3,184327,184327,184330,0,3,0
52605,2,1,184329,184330,184331,1,2,0
52606,2,3,184331,184331,184334,0,3,0
52607,1,3,184332,184334,184337,2,5,0
52608,4,1,184336,184337,184338,1,2,0
52609,2,1,184338,184338,184339,0,1,0
52610,5,3,184343,184343,184346,0,3,4
52611,2,1,184345,184346,184347,1,2,0
52612,6,3,184351,184351,184354,0,3,4
52613,3,2,184354,184354,184356,0,2,0
52614,1,3,184355,184356,184359,1,4,0
52615,5,1,184360,184360,184361,0,1,1
52616,3,3,184363,184363,184366,0,3,2
52617,6,3,184369,184369,184372,0,3,3
52618,1,3,184370,184372,184375,2,5,0
52619,1,3,184371,184375,184378,4,7,0
52620,5,2,184376,184378,184380,2,4,0
52621,3,3,184379,184380,184383,1,4,0
52622,5,3,184384,184384,184387,0,3,1
52623,2,1,184386,184387,184388,1,2,0
52624,1,1,184387,184388,184389,1,2,0
52625,3,2,184390,184390,184392,0,2,1
52626,6,2,184396,184396,184398,0,2,4
52627,6,3,184402,184402,184405,0,3,4
52628,1,1,184403,184405,184406,2,3,0
52629,1,2,184404,184406,184408,2,4,0
52630,1,2,184405,184408,184410,3,5,0
52631,4,3,184409,184410,184413,1,4,0
52632,5,3,184414,184414,184417,0,3,1
52633,6,3,184420,184420,184423,0,3,3
52634,5,3,184425,184425,184428,0,3,2
52635,4,1,184429,184429,184430,0,1,1
52636,1,2,184430,184430,184432,0,2,0
52637,2,1,184432,184432,184433,0,1,0
52638,1,2,184433,184433,184435,0,2,0
52639,3,3,184436,184436,184439,0,3,1
52640,1,1,184437,184439,184440,2,3,0
52641,4,1,184441,184441,184442,0,1,1
52642,2,1,184443,184443,184444,0,1,1
52643,6,1,184449,184449,184450,0,1,5
52644,1,2,184450,184450,184452,0,2,0
52645,2,1,184452,184452,184453,0,1,0
52646,4,2,184456,184456,184458,0,2,3
52647,4,3,184460,184460,184463,0,3,2
52648,6,3,184466,184466,184469,0,3,3
52649,4,1,184470,184470,184471,0,1,1
52650,6,3,184476,184476,184479,0,3,5
52651,4,1,184480,184480,184481,0,1,1
52652,3,2,184483,184483,184485,0,2,2
52653,4,2,184487,184487,184489,0,2,2
52654,6,1,184493,184493,184494,0,1,4
52655,5,1,184498,184498,184499,0,1,4
52656,2,3,184500,184500,184503,0,3,1
52657,3,2,184503,184503,184505,0,2,0
52658,4,2,184507,184507,184509,0,2,2
52659,6,2,184513,184513,184515,0,2,4
52660,2,1,184515,184515,184516,0,1,0
52661,6,2,184521,184521,184523,0,2,5
52662,4,1,184525,184525,184526,0,1,2
52663,2,2,184527,184527,184529,0,2,1
52664,1,3,184528,184529,184532,1,4,0
52665,3,3,184531,184532,184535,1,4,0
52666,1,1,184532,184535,184536,3,4,0
52667,2,3,184534,184536,184539,2,5,0
52668,6,3,184540,184540,184543,0,3,1
52669,6,2,184546,184546,184548,0,2,3
52670,6,1,184552,184552,184553,0,1,4
52671,1,3,184553,184553,184556,0,3,0
52672,4,1,184557,184557,184558,0,1,1
52673,1,3,184558,184558,184561,0,3,0
52674,4,1,184562,184562,184563,0,1,1
52675,4,3,184566,184566,184569,0,3,3
52676,4,2,184570,184570,184572,0,2,1
52677,2,1,184572,184572,184573,0,1,0
52678,3,1,184575,184575,184576,0,1,2
52679,2,3,184577,184577,184580,0,3,1
52680,1,2,184578,184580,184582,2,4,0
52681,1,3,184579,184582,184585,3,6,0
52682,4,3,184583,184585,184588,2,5,0
52683,4,1,184587,184588,184589,1,2,0
52684,2,3,184589,184589,184592,0,3,0
52685,6,1,184595,184595,184596,0,1,3
52686,2,3,184597,184597,184600,0,3,1
52687,1,2,184598,184600,184602,2,4,0
52688,3,3,184601,184602,184605,1,4,0
52689,3,2,184604,184605,184607,1,3,0
52690,6,1,184610,184610,184611,0,1,3
52691,5,2,184615,184615,184617,0,2,4
52692,4,2,184619,184619,184621,0,2,2
52693,2,1,184621,184621,184622,0,1,0
52694,4,3,184625,184625,184628,0,3,3
52695,4,2,184629,184629,184631,0,2,1
52696,5,3,184634,184634,184637,0,3,3
52697,6,2,184640,184640,184642,0,2,3
52698,6,1,184646,184646,184647,0,1,4
52699,2,1,184648,184648,184649,0,1,1
52700,5,2,184653,184653,184655,0,2,4
52701,6,2,184659,184659,184661,0,2,4
52702,4,3,184663,184663,184666,0,3,2
52703,3,3,184666,184666,184669,0,3,0
52704,2,1,184668,184669,184670,1,2,0
52705,5,2,184673,184673,184675,0,2,3
52706,1,1,184674,184675,184676,1,2,0
52707,3,1,184677,184677,184678,0,1,1
52708,1,2,184678,184678,184680,0,2,0
52709,2,3,184680,184680,184683,0,3,0
52710,3,1,184683,184683,184684,0,1,0
52711,5,3,184688,184688,184691,0,3,4
52712,4,1,184692,184692,184693,0,1,1
52713,2,2,184694,184694,184696,0,2,1
52714,6,2,184700,184700,184702,0,2,4
52715,4,2,184704,184704,184706,0,2,2
52716,4,1,184708,184708,184709,0,1,2
52717,1,3,184709,184709,184712,0,3,0
52718,6,1,184715,184715,184716,0,1,3
52719,5,2,184720,184720,184722,0,2,4
52720,6,1,184726,184726,184727,0,1,4
52721,1,1,184727,184727,184728,0,1,0
52722,4,2,184731,184731,184733,0,2,3
52723,1,1,184732,184733,184734,1,2,0
52724,3,3,184735,184735,184738,0,3,1
52725,6,1,184741,184741,184742,0,1,3
52726,1,1,184742,184742,184743,0,1,0
52727,4,3,184746,184746,184749,0,3,3
52728,6,3,184752,184752,184755,0,3,3
52729,1,3,184753,184755,184758,2,5,0
52730,6,2,184759,184759,184761,0,2,1
52731,4,1,184763,184763,184764,0,1,2
52732,2,1,184765,184765,184766,0,1,1
52733,3,1,184768,184768,184769,0,1,2
52734,2,2,184770,184770,184772,0,2,1
52735,5,1,184775,184775,184776,0,1,3
52736,6,3,184781,184781,184784,0,3,5
52737,3,2,184784,184784,184786,0,2,0
52738,4,2,184788,184788,184790,0,2,2
52739,5,2,184793,184793,184795,0,2,3
52740,5,2,184798,184798,184800,0,2,3
52741,3,2,184801,184801,184803,0,2,1
52742,1,1,184802,184803,184804,1,2,0
52743,4,3,184806,184806,184809,0,3,2
52744,3,3,184809,184809,184812,0,3,0
52745,5,1,184814,184814,184815,0,1,2
52746,6,3,184820,184820,184823,0,3,5
52747,3,1,184823,184823,184824,0,1,0
52748,5,1,184828,184828,184829,0,1,4
52749,6,3,184834,184834,184837,0,3,5
52750,5,3,184839,184839,184842,0,3,2
52751,4,2,184843,184843,184845,0,2,1
52752,3,1,184846,184846,184847,0,1,1
52753,1,1,184847,184847,184848,0,1,0
52754,3,1,184850,184850,184851,0,1,2
52755,6,2,184856,184856,184858,0,2,5
52756,4,3,184860,184860,184863,0,3,2
52757,1,3,184861,184863,184866,2,5,0
52758,4,3,184865,184866,184869,1,4,0
52759,5,2,184870,184870,184872,0,2,1
52760,1,3,184871,184872,184875,1,4,0
52761,5,1,184876,184876,184877,0,1,1
52762,1,2,184877,184877,184879,0,2,0
52763,5,1,184882,184882,184883,0,1,3
52764,5,3,184887,184887,184890,0,3,4
52765,1,2,184888,184890,184892,2,4,0
52766,6,3,184894,184894,184897,0,3,2
52767,3,3,184897,184897,184900,0,3,0
52768,3,3,184900,184900,184903,0,3,0
52769,6,2,184906,184906,184908,0,2,3
52770,3,1,184909,184909,184910,0,1,1
52771,6,1,184915,184915,184916,0,1,5
52772,5,1,184920,184920,184921,0,1,4
52773,1,1,184921,184921,184922,0,1,0
52774,4,1,184925,184925,184926,0,1,3
52775,4,3,184929,184929,184932,0,3,3
52776,3,1,184932,184932,184933,0,1,0
52777,1,3,184933,184933,184936,0,3,0
52778,1,3,184934,184936,184939,2,5,0
52779,6,1,184940,184940,184941,0,1,1
52780,1,1,184941,184941,184942,0,1,0
52781,5,3,184946,184946,184949,0,3,4
52782,5,3,184951,184951,184954,0,3,2
52783,5,1,184956,184956,184957,0,1,2
52784,1,3,184957,184957,184960,0,3,0
52785,5,1,184962,184962,184963,0,1,2
52786,3,2,184965,184965,184967,0,2,2
52787,3,3,184968,184968,184971,0,3,1
52788,5,1,184973,184973,184974,0,1,2
52789,1,1,184974,184974,184975,0,1,0
52790,1,1,184975,184975,184976,0,1,0
52791,6,1,184981,184981,184982,0,1,5
52792,4,2,184985,184985,184987,0,2,3
52793,3,3,184988,184988,184991,0,3,1
52794,1,2,184989,184991,184993,2,4,0
52795,1,2,184990,184993,184995,3,5,0
52796,4,1,184994,184995,184996,1,2,0
52797,6,1,185000,185000,185001,0,1,4
52798,1,1,185001,185001,185002,0,1,0
52799,4,3,185005,185005,185008,0,3,3
52800,4,3,185009,185009,185012,0,3,1
52801,5,3,185014,185014,185017,0,3,2
52802,4,2,185018,185018,185020,0,2,1
52803,3,2,185021,185021,185023,0,2,1
52804,2,1,185023,185023,185024,0,1,0
52805,2,3,185025,185025,185028,0,3,1
52806,2,2,185027,185028,185030,1,3,0
52807,5,3,185032,185032,185035,0,3,2
52808,3,3,185035,185035,185038,0,3,0
52809,6,3,185041,185041,185044,0,3,3
52810,6,2,185047,185047,185049,0,2,3
52811,1,2,185048,185049,185051,1,3,0
52812,1,2,185049,185051,185053,2,4,0
52813,2,3,185051,185053,185056,2,5,0
52814,1,2,185052,185056,185058,4,6,0
52815,4,2,185056,185058,185060,2,4,0
52816,3,3,185059,185060,185063,1,4,0
52817,4,1,185063,185063,185064,0,1,0
52818,3,3,185066,185066,185069,0,3,2
52819,3,1,185069,185069,185070,0,1,0
52820,4,3,185073,185073,185076,0,3,3
52821,5,1,185078,185078,185079,0,1,2
52822,5,1,185083,185083,185084,0,1,4
52823,5,3,185088,185088,185091,0,3,4
52824,1,3,185089,185091,185094,2,5,0
52825,6,1,185095,185095,185096,0,1,1
52826,4,2,185099,185099,185101,0,2,3
52827,2,3,185101,185101,185104,0,3,0
52828,3,1,185104,185104,185105,0,1,0
52829,6,3,185110,185110,185113,0,3,5
52830,6,1,185116,185116,185117,0,1,3
52831,5,2,185121,185121,185123,0,2,4
52832,4,3,185125,185125,185128,0,3,2
52833,6,1,185131,185131,185132,0,1,3
52834,6,1,185137,185137,185138,0,1,5
52835,4,2,185141,185141,185143,0,2,3
52836,3,2,185144,185144,185146,0,2,1
52837,6,1,185150,185150,185151,0,1,4
52838,5,2,185155,185155,185157,0,2,4
52839,6,3,185161,185161,185164,0,3,4
52840,5,2,185166,185166,185168,0,2,2
52841,1,1,185167,185168,185169,1,2,0
52842,2,2,185169,185169,185171,0,2,0
52843,5,3,185174,185174,185177,0,3,3
52844,3,3,185177,185177,185180,0,3,0
52845,2,1,185179,185180,185181,1,2,0
52846,1,1,185180,185181,185182,1,2,0
52847,2,3,185182,185182,185185,0,3,0
52848,4,2,185186,185186,185188,0,2,1
52849,3,1,185189,185189,185190,0,1,1
52850,3,3,185192,185192,185195,0,3,2
52851,3,3,185195,185195,185198,0,3,0
52852,2,1,185197,185198,185199,1,2,0
52853,3,1,185200,185200,185201,0,1,1
52854,2,1,185202,185202,185203,0,1,1
52855,6,1,185208,185208,185209,0,1,5
52856,5,3,185213,185213,185216,0,3,4
52857,1,2,185214,185216,185218,2,4,0
52858,3,1,185217,185218,185219,1,2,0
52859,5,2,185222,185222,185224,0,2,3
52860,2,2,185224,185224,185226,0,2,0
52861,6,2,185230,185230,185232,0,2,4
52862,5,1,185235,185235,185236,0,1,3
52863,4,1,185239,185239,185240,0,1,3
52864,5,3,185244,185244,185247,0,3,4
52865,1,2,185245,185247,185249,2,4,0
52866,6,2,185251,185251,185253,0,2,2
52867,4,2,185255,185255,185257,0,2,2
52868,6,1,185261,185261,185262,0,1,4
52869,4,3,185265,185265,185268,0,3,3
52870,4,1,185269,185269,185270,0,1,1
52871,1,3,185270,185270,185273,0,3,0
52872,5,2,185275,185275,185277,0,2,2
52873,3,2,185278,185278,185280,0,2,1
52874,3,2,185281,185281,185283,0,2,1
52875,4,2,185285,185285,185287,0,2,2
52876,5,1,185290,185290,185291,0,1,3
52877,2,1,185292,185292,185293,0,1,1
52878,6,3,185298,185298,185301,0,3,5
52879,2,1,185300,185301,185302,1,2,0
52880,5,2,185305,185305,185307,0,2,3
52881,4,1,185309,185309,185310,0,1,2
52882,2,1,185311,185311,185312,0,1,1
52883,1,3,185312,185312,185315,0,3,0
52884,5,3,185317,185317,185320,0,3,2
52885,1,3,185318,185320,185323,2,5,0
52886,5,2,185323,185323,185325,0,2,0
52887,2,1,185325,185325,185326,0,1,0
52888,5,2,185330,185330,185332,0,2,4
52889,1,1,185331,185332,185333,1,2,0
52890,4,3,185335,185335,185338,0,3,2
52891,4,1,185339,185339,185340,0,1,1
52892,3,2,185342,185342,185344,0,2,2
52893,4,2,185346,185346,185348,0,2,2
52894,5,3,185351,185351,185354,0,3,3
52895,4,1,185355,185355,185356,0,1,1
52896,4,3,185359,185359,185362,0,3,3
52897,6,2,185365,185365,185367,0,2,3
52898,2,2,185367,185367,185369,0,2,0
52899,4,1,185371,185371,185372,0,1,2
52900,2,3,185373,185373,185376,0,3,1
52901,3,3,185376,185376,185379,0,3,0
52902,4,3,185380,185380,185383,0,3,1
52903,6,1,185386,185386,185387,0,1,3
52904,3,2,185389,185389,185391,0,2,2
52905,1,3,185390,185391,185394,1,4,0
52906,1,3,185391,185394,185397,3,6,0
52907,5,2,185396,185397,185399,1,3,0
52908,3,3,185399,185399,185402,0,3,0
52909,1,1,185400,185402,185403,2,3,0
52910,3,1,185403,185403,185404,0,1,0
52911,5,3,185408,185408,185411,0,3,4
52912,3,1,185411,185411,185412,0,1,0
52913,3,3,185414,185414,185417,0,3,2
52914,3,3,185417,185417,185420,0,3,0
52915,2,3,185419,185420,185423,1,4,0
52916,5,1,185424,185424,185425,0,1,1
52917,2,1,185426,185426,185427,0,1,1
52918,1,3,185427,185427,185430,0,3,0
52919,3,1,185430,185430,185431,0,1,0
52920,2,3,185432,185432,185435,0,3,1
52921,3,1,185435,185435,185436,0,1,0
52922,3,1,185438,185438,185439,0,1,2
52923,3,3,185441,185441,185444,0,3,2
52924,3,3,185444,185444,185447,0,3,0
52925,2,1,185446,185447,185448,1,2,0
52926,4,3,185450,185450,185453,0,3,2
52927,3,1,185453,185453,185454,0,1,0
52928,5,2,185458,185458,185460,0,2,4
52929,6,3,185464,185464,185467,0,3,4
52930,4,1,185468,185468,185469,0,1,1
52931,3,3,185471,185471,185474,0,3,2
52932,4,3,185475,185475,185478,0,3,1
52933,1,1,185476,185478,185479,2,3,0
52934,4,3,185480,185480,185483,0,3,1
52935,3,1,185483,185483,185484,0,1,0
52936,3,3,185486,185486,185489,0,3,2
52937,4,3,185490,185490,185493,0,3,1
52938,5,2,185495,185495,185497,0,2,2
52939,6,3,185501,185501,185504,0,3,4
52940,6,3,185507,185507,185510,0,3,3
52941,1,1,185508,185510,185511,2,3,0
52942,1,2,185509,185511,185513,2,4,0
52943,2,2,185511,185513,185515,2,4,0
52944,6,1,185517,185517,185518,0,1,2
52945,3,1,185520,185520,185521,0,1,2
52946,5,3,185525,185525,185528,0,3,4
52947,3,1,185528,185528,185529,0,1,0
52948,2,1,185530,185530,185531,0,1,1
52949,2,1,185532,185532,185533,0,1,1
52950,1,2,185533,185533,185535,0,2,0
52951,3,3,185536,185536,185539,0,3,1
52952,2,3,185538,185539,185542,1,4,0
52953,2,2,185540,185542,185544,2,4,0
52954,4,1,185544,185544,185545,0,1,0
52955,6,1,185550,185550,185551,0,1,5
52956,4,3,185554,185554,185557,0,3,3
52957,6,1,185560,185560,185561,0,1,3
52958,6,3,185566,185566,185569,0,3,5
52959,4,2,185570,185570,185572,0,2,1
52960,3,3,185573,185573,185576,0,3,1
52961,1,1,185574,185576,185577,2,3,0
52962,4,3,185578,185578,185581,0,3,1
52963,4,2,185582,185582,185584,0,2,1
52964,5,1,185587,185587,185588,0,1,3
52965,6,1,185593,185593,185594,0,1,5
52966,3,1,185596,185596,185597,0,1,2
52967,1,1,185597,185597,185598,0,1,0
52968,3,3,185600,185600,185603,0,3,2
52969,3,2,185603,185603,185605,0,2,0
52970,1,1,185604,185605,185606,1,2,0
52971,4,1,185608,185608,185609,0,1,2
52972,5,3,185613,185613,185616,0,3,4
52973,4,3,185617,185617,185620,0,3,1
52974,1,3,185618,185620,185623,2,5,0
52975,1,1,185619,185623,185624,4,5,0
52976,5,3,185624,185624,185627,0,3,0
52977,5,2,185629,185629,185631,0,2,2
52978,1,2,185630,185631,185633,1,3,0
52979,4,2,185634,185634,185636,0,2,1
52980,2,3,185636,185636,185639,0,3,0
52981,1,3,185637,185639,185642,2,5,0
52982,2,1,185639,185642,185643,3,4,0
52983,1,1,185640,185643,185644,3,4,0
52984,5,3,185645,185645,185648,0,3,1
52985,1,1,185646,185648,185649,2,3,0
52986,5,1,185651,185651,185652,0,1,2
52987,5,1,185656,185656,185657,0,1,4
52988,1,1,185657,185657,185658,0,1,0
52989,2,3,185659,185659,185662,0,3,1
52990,6,3,185665,185665,185668,0,3,3
52991,5,3,185670,185670,185673,0,3,2
52992,3,3,185673,185673,185676,0,3,0
52993,6,2,185679,185679,185681,0,2,3
52994,2,1,185681,185681,185682,0,1,0
52995,1,1,185682,185682,185683,0,1,0
52996,1,3,185683,185683,185686,0,3,0
52997,1,2,185684,185686,185688,2,4,0
52998,4,2,185688,185688,185690,0,2,0
52999,4,3,185692,185692,185695,0,3,2
53000,4,1,185696,185696,185697,0,1,1
53001,4,1,185700,185700,185701,0,1,3
53002,1,2,185701,185701,185703,0,2,0
53003,3,3,185704,185704,185707,0,3,1
53004,5,2,185709,185709,185711,0,2,2
53005,2,1,185711,185711,185712,0,1,0
53006,3,1,185714,185714,185715,0,1,2
53007,5,1,185719,185719,185720,0,1,4
53008,3,1,185722,185722,185723,0,1,2
53009,4,2,185726,185726,185728,0,2,3
53010,1,3,185727,185728,185731,1,4,0
53011,6,2,185733,185733,185735,0,2,2
53012,1,3,185734,185735,185738,1,4,0
53013,4,1,185738,185738,185739,0,1,0
53014,2,3,185740,185740,185743,0,3,1
53015,4,2,185744,185744,185746,0,2,1
53016,3,3,185747,185747,185750,0,3,1
53017,3,1,185750,185750,185751,0,1,0
53018,6,2,185756,185756,185758,0,2,5
53019,5,1,185761,185761,185762,0,1,3
53020,5,2,185766,185766,185768,0,2,4
53021,6,1,185772,185772,185773,0,1,4
53022,3,3,185775,185775,185778,0,3,2
53023,4,3,185779,185779,185782,0,3,1
53024,3,1,185782,185782,185783,0,1,0
53025,5,1,185787,185787,185788,0,1,4
53026,4,2,185791,185791,185793,0,2,3
53027,6,3,185797,185797,185800,0,3,4
53028,2,1,185799,185800,185801,1,2,0
53029,4,2,185803,185803,185805,0,2,2
53030,6,3,185809,185809,185812,0,3,4
53031,5,3,185814,185814,185817,0,3,2
53032,3,3,185817,185817,185820,0,3,0
53033,1,2,185818,185820,185822,2,4,0
53034,5,1,185823,185823,185824,0,1,1
53035,2,2,185825,185825,185827,0,2,1
53036,2,2,185827,185827,185829,0,2,0
53037,3,3,185830,185830,185833,0,3,1
53038,4,2,185834,185834,185836,0,2,1
53039,3,2,185837,185837,185839,0,2,1
53040,5,2,185842,185842,185844,0,2,3
53041,4,1,185846,185846,185847,0,1,2
53042,3,3,185849,185849,185852,0,3,2
53043,1,3,185850,185852,185855,2,5,0
53044,4,3,185854,185855,185858,1,4,0
53045,5,2,185859,185859,185861,0,2,1
53046,1,1,185860,185861,185862,1,2,0
53047,5,3,185865,185865,185868,0,3,3
53048,3,1,185868,185868,185869,0,1,0
53049,5,2,185873,185873,185875,0,2,4
53050,1,3,185874,185875,185878,1,4,0
53051,4,2,185878,185878,185880,0,2,0
53052,6,2,185884,185884,185886,0,2,4
53053,3,2,185887,185887,185889,0,2,1
53054,4,2,185891,185891,185893,0,2,2
53055,3,1,185894,185894,185895,0,1,1
53056,6,3,185900,185900,185903,0,3,5
53057,5,3,185905,185905,185908,0,3,2
53058,5,3,185910,185910,185913,0,3,2
53059,3,2,185913,185913,185915,0,2,0
53060,1,3,185914,185915,185918,1,4,0
53061,5,2,185919,185919,185921,0,2,1
53062,2,3,185921,185921,185924,0,3,0
53063,2,1,185923,185924,185925,1,2,0
53064,3,3,185926,185926,185929,0,3,1
53065,2,1,185928,185929,185930,1,2,0
53066,1,2,185929,185930,185932,1,3,0
53067,5,3,185934,185934,185937,0,3,2
53068,4,2,185938,185938,185940,0,2,1
53069,2,3,185940,185940,185943,0,3,0
53070,3,2,185943,185943,185945,0,2,0
53071,6,2,185949,185949,185951,0,2,4
53072,2,1,185951,185951,185952,0,1,0
53073,4,1,185955,185955,185956,0,1,3
53074,6,1,185961,185961,185962,0,1,5
53075,1,2,185962,185962,185964,0,2,0
53076,4,1,185966,185966,185967,0,1,2
53077,4,1,185970,185970,185971,0,1,3
53078,6,1,185976,185976,185977,0,1,5
53079,1,1,185977,185977,185978,0,1,0
53080,3,2,185980,185980,185982,0,2,2
53081,2,2,185982,185982,185984,0,2,0
53082,2,3,185984,185984,185987,0,3,0
53083,5,2,185989,185989,185991,0,2,2
53084,1,3,185990,185991,185994,1,4,0
53085,6,3,185996,185996,185999,0,3,2
53086,3,2,185999,185999,186001,0,2,0
53087,1,1,186000,186001,186002,1,2,0
53088,1,2,186001,186002,186004,1,3,0
53089,2,1,186003,186004,186005,1,2,0
53090,1,1,186004,186005,186006,1,2,0
53091,3,3,186007,186007,186010,0,3,1
53092,3,3,186010,186010,186013,0,3,0
53093,6,1,186016,186016,186017,0,1,3
53094,2,2,186018,186018,186020,0,2,1
53095,2,2,186020,186020,186022,0,2,0
53096,4,1,186024,186024,186025,0,1,2
53097,3,2,186027,186027,186029,0,2,2
53098,3,2,186030,186030,186032,0,2,1
53099,5,1,186035,186035,186036,0,1,3
53100,3,1,186038,186038,186039,0,1,2
53101,3,1,186041,186041,186042,0,1,2
53102,6,1,186047,186047,186048,0,1,5
53103,5,3,186052,186052,186055,0,3,4
53104,4,1,186056,186056,186057,0,1,1
53105,4,2,186060,186060,186062,0,2,3
53106,2,3,186062,186062,186065,0,3,0
53107,3,1,186065,186065,186066,0,1,0
53108,2,2,186067,186067,186069,0,2,1
53109,6,3,186073,186073,186076,0,3,4
53110,6,3,186079,186079,186082,0,3,3
53111,4,1,186083,186083,186084,0,1,1
53112,6,3,186089,186089,186092,0,3,5
53113,1,3,186090,186092,186095,2,5,0
53114,6,3,186096,186096,186099,0,3,1
53115,2,1,186098,186099,186100,1,2,0
53116,1,3,186099,186100,186103,1,4,0
53117,2,1,186101,186103,186104,2,3,0
53118,3,3,186104,186104,186107,0,3,0
53119,5,2,186109,186109,186111,0,2,2
53120,2,2,186111,186111,186113,0,2,0
53121,5,2,186116,186116,186118,0,2,3
53122,2,2,186118,186118,186120,0,2,0
53123,1,1,186119,186120,186121,1,2,0
53124,6,2,186125,186125,186127,0,2,4
53125,2,1,186127,186127,186128,0,1,0
53126,2,1,186129,186129,186130,0,1,1
53127,2,1,186131,186131,186132,0,1,1
53128,1,3,186132,186132,186135,0,3,0
53129,3,3,186135,186135,186138,0,3,0
53130,5,1,186140,186140,186141,0,1,2
53131,1,3,186141,186141,186144,0,3,0
53132,1,3,186142,186144,186147,2,5,0
53133,1,2,186143,186147,186149,4,6,0
53134,4,3,186147,186149,186152,2,5,0
53135,1,1,186148,186152,186153,4,5,0
53136,5,2,186153,186153,186155,0,2,0
53137,2,2,186155,186155,186157,0,2,0
53138,4,2,186159,186159,186161,0,2,2
53139,5,2,186164,186164,186166,0,2,3
53140,6,1,186170,186170,186171,0,1,4
53141,5,2,186175,186175,186177,0,2,4
53142,3,2,186178,186178,186180,0,2,1
53143,1,1,186179,186180,186181,1,2,0
53144,1,1,186180,186181,186182,1,2,0
53145,2,2,186182,186182,186184,0,2,0
53146,4,2,186186,186186,186188,0,2,2
53147,6,1,186192,186192,186193,0,1,4
53148,4,1,186196,186196,186197,0,1,3
53149,6,1,186202,186202,186203,0,1,5
53150,1,1,186203,186203,186204,0,1,0
53151,4,1,186207,186207,186208,0,1,3
53152,2,2,186209,186209,186211,0,2,1
53153,2,2,186211,186211,186213,0,2,0
53154,6,3,186217,186217,186220,0,3,4
53155,5,3,186222,186222,186225,0,3,2
53156,5,3,186227,186227,186230,0,3,2
53157,2,2,186229,186230,186232,1,3,0
53158,3,1,186232,186232,186233,0,1,0
53159,3,2,186235,186235,186237,0,2,2
53160,2,3,186237,186237,186240,0,3,0
53161,5,1,186242,186242,186243,0,1,2
53162,1,2,186243,186243,186245,0,2,0
53163,6,3,186249,186249,186252,0,3,4
53164,3,3,186252,186252,186255,0,3,0
53165,6,3,186258,186258,186261,0,3,3
53166,6,2,186264,186264,186266,0,2,3
53167,2,2,186266,186266,186268,0,2,0
53168,3,3,186269,186269,186272,0,3,1
53169,3,3,186272,186272,186275,0,3,0
53170,3,2,186275,186275,186277,0,2,0
53171,1,2,186276,186277,186279,1,3,0
53172,4,3,186280,186280,186283,0,3,1
53173,5,1,186285,186285,186286,0,1,2
53174,4,1,186289,186289,186290,0,1,3
53175,6,3,186295,186295,186298,0,3,5
53176,6,2,186301,186301,186303,0,2,3
53177,1,3,186302,186303,186306,1,4,0
53178,1,2,186303,186306,186308,3,5,0
53179,4,3,186307,186308,186311,1,4,0
53180,4,1,186311,186311,186312,0,1,0
53181,6,1,186317,186317,186318,0,1,5
53182,1,3,186318,186318,186321,0,3,0
53183,4,1,186322,186322,186323,0,1,1
53184,5,2,186327,186327,186329,0,2,4
53185,5,3,186332,186332,186335,0,3,3
53186,4,2,186336,186336,186338,0,2,1
53187,4,3,186340,186340,186343,0,3,2
53188,5,1,186345,186345,186346,0,1,2
53189,6,3,186351,186351,186354,0,3,5
53190,2,1,186353,186354,186355,1,2,0
53191,6,3,186359,186359,186362,0,3,4
53192,3,1,186362,186362,186363,0,1,0
53193,3,3,186365,186365,186368,0,3,2
53194,1,1,186366,186368,186369,2,3,0
53195,2,1,186368,186369,186370,1,2,0
53196,6,3,186374,186374,186377,0,3,4
53197,1,1,186375,186377,186378,2,3,0
53198,2,1,186377,186378,186379,1,2,0
53199,2,1,186379,186379,186380,0,1,0
53200,5,2,186384,186384,186386,0,2,4
53201,5,2,186389,186389,186391,0,2,3
53202,4,3,186393,186393,186396,0,3,2
53203,3,1,186396,186396,186397,0,1,0
53204,5,1,186401,186401,186402,0,1,4
53205,2,3,186403,186403,186406,0,3,1
53206,1,1,186404,186406,186407,2,3,0
53207,6,3,186410,186410,186413,0,3,3
53208,3,2,186413,186413,186415,0,2,0
53209,5,1,186418,186418,186419,0,1,3
53210,4,1,186422,186422,186423,0,1,3
53211,2,3,186424,186424,186427,0,3,1
53212,2,2,186426,186427,186429,1,3,0
53213,1,1,186427,186429,186430,2,3,0
53214,6,3,186433,186433,186436,0,3,3
53215,6,2,186439,186439,186441,0,2,3
53216,1,3,186440,186441,186444,1,4,0
53217,3,3,186443,186444,186447,1,4,0
53218,5,3,186448,186448,186451,0,3,1
53219,6,3,186454,186454,186457,0,3,3
53220,6,3,186460,186460,186463,0,3,3
53221,3,1,186463,186463,186464,0,1,0
53222,5,1,186468,186468,186469,0,1,4
53223,6,2,186474,186474,186476,0,2,5
53224,5,3,186479,186479,186482,0,3,3
53225,6,1,186485,186485,186486,0,1,3
53226,2,1,186487,186487,186488,0,1,1
53227,4,1,186491,186491,186492,0,1,3
53228,5,3,186496,186496,186499,0,3,4
53229,5,3,186501,186501,186504,0,3,2
53230,6,3,186507,186507,186510,0,3,3
53231,2,2,186509,186510,186512,1,3,0
53232,2,2,186511,186512,186514,1,3,0
53233,2,3,186513,186514,186517,1,4,0
53234,5,3,186518,186518,186521,0,3,1
53235,5,3,186523,186523,186526,0,3,2
53236,1,3,186524,186526,186529,2,5,0
53237,2,3,186526,186529,186532,3,6,0
53238,3,3,186529,186532,186535,3,6,0
53239,2,3,186531,186535,186538,4,7,0
53240,5,1,186536,186538,186539,2,3,0
53241,5,2,186541,186541,186543,0,2,2
53242,3,2,186544,186544,186546,0,2,1
53243,4,2,186548,186548,186550,0,2,2
53244,3,2,186551,186551,186553,0,2,1
53245,5,2,186556,186556,186558,0,2,3
53246,1,1,186557,186558,186559,1,2,0
53247,6,2,186563,186563,186565,0,2,4
53248,5,1,186568,186568,186569,0,1,3
53249,2,2,186570,186570,186572,0,2,1
53250,6,1,186576,186576,186577,0,1,4
53251,3,3,186579,186579,186582,0,3,2
53252,1,3,186580,186582,186585,2,5,0
53253,5,3,186585,186585,186588,0,3,0
53254,4,2,186589,186589,186591,0,2,1
53255,5,3,186594,186594,186597,0,3,3
53256,5,2,186599,186599,186601,0,2,2
53257,3,3,186602,186602,186605,0,3,1
53258,1,1,186603,186605,186606,2,3,0
53259,2,3,186605,186606,186609,1,4,0
53260,3,3,186608,186609,186612,1,4,0
53261,4,2,186612,186612,186614,0,2,0
53262,2,1,186614,186614,186615,0,1,0
53263,3,3,186617,186617,186620,0,3,2
53264,5,3,186622,186622,186625,0,3,2
53265,4,3,186626,186626,186629,0,3,1
53266,5,1,186631,186631,186632,0,1,2
53267,6,3,186637,186637,186640,0,3,5
53268,5,1,186642,186642,186643,0,1,2
53269,3,3,186645,186645,186648,0,3,2
53270,6,1,186651,186651,186652,0,1,3
53271,6,2,186657,186657,186659,0,2,5
53272,6,1,186663,186663,186664,0,1,4
53273,3,1,186666,186666,186667,0,1,2
53274,6,2,186672,186672,186674,0,2,5
53275,2,3,186674,186674,186677,0,3,0
53276,5,3,186679,186679,186682,0,3,2
53277,6,2,186685,186685,186687,0,2,3
53278,4,3,186689,186689,186692,0,3,2
53279,2,3,186691,186692,186695,1,4,0
53280,3,1,186694,186695,186696,1,2,0
53281,1,2,186695,186696,186698,1,3,0
53282,3,1,186698,186698,186699,0,1,0
53283,2,1,186700,186700,186701,0,1,1
53284,4,1,186704,186704,186705,0,1,3
53285,4,2,186708,186708,186710,0,2,3
53286,4,2,186712,186712,186714,0,2,2
53287,1,1,186713,186714,186715,1,2,0
53288,5,1,186718,186718,186719,0,1,3
53289,1,1,186719,186719,186720,0,1,0
53290,6,2,186725,186725,186727,0,2,5
53291,3,1,186728,186728,186729,0,1,1
53292,5,3,186733,186733,186736,0,3,4
53293,4,1,186737,186737,186738,0,1,1
53294,2,1,186739,186739,186740,0,1,1
53295,4,1,186743,186743,186744,0,1,3
53296,1,1,186744,186744,186745,0,1,0
53297,2,2,186746,186746,186748,0,2,1
53298,2,1,186748,186748,186749,0,1,0
53299,6,3,186754,186754,186757,0,3,5
53300,2,2,186756,186757,186759,1,3,0
53301,6,3,186762,186762,186765,0,3,3
53302,4,3,186766,186766,186769,0,3,1
53303,6,3,186772,186772,186775,0,3,3
53304,1,3,186773,186775,186778,2,5,0
53305,6,3,186779,186779,186782,0,3,1
53306,4,2,186783,186783,186785,0,2,1
53307,2,1,186785,186785,186786,0,1,0
53308,2,1,186787,186787,186788,0,1,1
53309,5,1,186792,186792,186793,0,1,4
53310,2,3,186794,186794,186797,0,3,1
53311,6,1,186800,186800,186801,0,1,3
53312,5,3,186805,186805,186808,0,3,4
53313,1,1,186806,186808,186809,2,3,0
53314,5,1,186811,186811,186812,0,1,2
53315,4,2,186815,186815,186817,0,2,3
53316,4,1,186819,186819,186820,0,1,2
53317,6,2,186825,186825,186827,0,2,5
53318,6,1,186831,186831,186832,0,1,4
53319,1,3,186832,186832,186835,0,3,0
53320,2,1,186834,186835,186836,1,2,0
53321,2,3,186836,186836,186839,0,3,0
53322,6,3,186842,186842,186845,0,3,3
53323,5,2,186847,186847,186849,0,2,2
53324,3,2,186850,186850,186852,0,2,1
53325,1,3,186851,186852,186855,1,4,0
53326,4,1,186855,186855,186856,0,1,0
53327,6,3,186861,186861,186864,0,3,5
53328,6,3,186867,186867,186870,0,3,3
53329,3,2,186870,186870,186872,0,2,0
53330,4,2,186874,186874,186876,0,2,2
53331,2,3,186876,186876,186879,0,3,0
53332,2,3,186878,186879,186882,1,4,0
53333,4,2,186882,186882,186884,0,2,0
53334,2,1,186884,186884,186885,0,1,0
53335,5,1,186889,186889,186890,0,1,4
53336,1,1,186890,186890,186891,0,1,0
53337,5,2,186895,186895,186897,0,2,4
53338,4,3,186899,186899,186902,0,3,2
53339,4,3,186903,186903,186906,0,3,1
53340,6,2,186909,186909,186911,0,2,3
53341,4,1,186913,186913,186914,0,1,2
53342,6,2,186919,186919,186921,0,2,5
53343,2,2,186921,186921,186923,0,2,0
53344,3,2,186924,186924,186926,0,2,1
53345,6,1,186930,186930,186931,0,1,4
53346,6,3,186936,186936,186939,0,3,5
53347,2,1,186938,186939,186940,1,2,0
53348,2,1,186940,186940,186941,0,1,0
53349,1,3,186941,186941,186944,0,3,0
53350,6,2,186947,186947,186949,0,2,3
53351,6,1,186953,186953,186954,0,1,4
53352,3,2,186956,186956,186958,0,2,2
53353,5,2,186961,186961,186963,0,2,3
53354,2,2,186963,186963,186965,0,2,0
53355,1,3,186964,186965,186968,1,4,0
53356,1,2,186965,186968,186970,3,5,0
53357,2,3,186967,186970,186973,3,6,0
53358,4,2,186971,186973,186975,2,4,0
53359,3,1,186974,186975,186976,1,2,0
53360,6,3,186980,186980,186983,0,3,4
53361,6,3,186986,186986,186989,0,3,3
53362,4,1,186990,186990,186991,0,1,1
53363,2,1,186992,186992,186993,0,1,1
53364,4,3,186996,186996,186999,0,3,3
53365,3,2,186999,186999,187001,0,2,0
53366,1,3,187000,187001,187004,1,4,0
53367,1,3,187001,187004,187007,3,6,0
53368,3,3,187004,187007,187010,3,6,0
53369,1,2,187005,187010,187012,5,7,0
53370,6,3,187011,187012,187015,1,4,0
53371,6,1,187017,187017,187018,0,1,2
53372,2,3,187019,187019,187022,0,3,1
53373,5,1,187024,187024,187025,0,1,2
53374,3,2,187027,187027,187029,0,2,2
53375,4,1,187031,187031,187032,0,1,2
53376,5,2,187036,187036,187038,0,2,4
53377,3,3,187039,187039,187042,0,3,1
53378,4,1,187043,187043,187044,0,1,1
53379,2,3,187045,187045,187048,0,3,1
53380,2,3,187047,187048,187051,1,4,0
53381,4,3,187051,187051,187054,0,3,0
53382,6,2,187057,187057,187059,0,2,3
53383,3,3,187060,187060,187063,0,3,1
53384,1,1,187061,187063,187064,2,3,0
53385,5,1,187066,187066,187067,0,1,2
53386,3,3,187069,187069,187072,0,3,2
53387,6,2,187075,187075,187077,0,2,3
53388,3,1,187078,187078,187079,0,1,1
53389,3,3,187081,187081,187084,0,3,2
53390,3,3,187084,187084,187087,0,3,0
53391,5,1,187089,187089,187090,0,1,2
53392,2,2,187091,187091,187093,0,2,1
53393,5,3,187096,187096,187099,0,3,3
53394,6,2,187102,187102,187104,0,2,3
53395,4,1,187106,187106,187107,0,1,2
53396,4,3,187110,187110,187113,0,3,3
53397,4,1,187114,187114,187115,0,1,1
53398,6,3,187120,187120,187123,0,3,5
53399,1,3,187121,187123,187126,2,5,0
53400,5,2,187126,187126,187128,0,2,0
53401,2,1,187128,187128,187129,0,1,0
53402,1,1,187129,187129,187130,0,1,0
53403,3,3,187132,187132,187135,0,3,2
53404,4,3,187136,187136,187139,0,3,1
53405,3,3,187139,187139,187142,0,3,0
53406,3,2,187142,187142,187144,0,2,0
53407,1,1,187143,187144,187145,1,2,0
53408,6,3,187149,187149,187152,0,3,4
53409,1,3,187150,187152,187155,2,5,0
53410,4,2,187154,187155,187157,1,3,0
53411,4,1,187158,187158,187159,0,1,1
53412,6,1,187164,187164,187165,0,1,5
53413,5,1,187169,187169,187170,0,1,4
53414,6,1,187175,187175,187176,0,1,5
53415,2,3,187177,187177,187180,0,3,1
53416,4,2,187181,187181,187183,0,2,1
53417,1,2,187182,187183,187185,1,3,0
53418,4,3,187186,187186,187189,0,3,1
53419,2,3,187188,187189,187192,1,4,0
53420,3,2,187191,187192,187194,1,3,0
53421,1,3,187192,187194,187197,2,5,0
53422,4,2,187196,187197,187199,1,3,0
53423,6,2,187202,187202,187204,0,2,3
53424,6,2,187208,187208,187210,0,2,4
53425,6,1,187214,187214,187215,0,1,4
53426,2,2,187216,187216,187218,0,2,1
53427,5,2,187221,187221,187223,0,2,3
53428,2,1,187223,187223,187224,0,1,0
53429,3,2,187226,187226,187228,0,2,2
53430,3,1,187229,187229,187230,0,1,1
53431,2,3,187231,187231,187234,0,3,1
53432,2,2,187233,187234,187236,1,3,0
53433,4,3,187237,187237,187240,0,3,1
53434,3,1,187240,187240,187241,0,1,0
53435,1,3,187241,187241,187244,0,3,0
53436,4,1,187245,187245,187246,0,1,1
53437,2,2,187247,187247,187249,0,2,1
53438,5,1,187252,187252,187253,0,1,3
53439,5,2,187257,187257,187259,0,2,4
53440,1,2,187258,187259,187261,1,3,0
53441,3,3,187261,187261,187264,0,3,0
53442,3,1,187264,187264,187265,0,1,0
53443,5,2,187269,187269,187271,0,2,4
53444,4,1,187273,187273,187274,0,1,2
53445,4,3,187277,187277,187280,0,3,3
53446,4,1,187281,187281,187282,0,1,1
53447,1,3,187282,187282,187285,0,3,0
53448,6,3,187288,187288,187291,0,3,3
53449,3,1,187291,187291,187292,0,1,0
53450,6,1,187297,187297,187298,0,1,5
53451,6,3,187303,187303,187306,0,3,5
53452,3,1,187306,187306,187307,0,1,0
53453,3,3,187309,187309,187312,0,3,2
53454,3,2,187312,187312,187314,0,2,0
53455,6,1,187318,187318,187319,0,1,4
53456,1,3,187319,187319,187322,0,3,0
53457,5,1,187324,187324,187325,0,1,2
53458,4,2,187328,187328,187330,0,2,3
53459,2,3,187330,187330,187333,0,3,0
53460,3,2,187333,187333,187335,0,2,0
53461,5,1,187338,187338,187339,0,1,3
53462,4,2,187342,187342,187344,0,2,3
53463,5,1,187347,187347,187348,0,1,3
53464,5,2,187352,187352,187354,0,2,4
53465,1,3,187353,187354,187357,1,4,0
53466,2,2,187355,187357,187359,2,4,0
53467,2,3,187357,187359,187362,2,5,0
53468,1,3,187358,187362,187365,4,7,0
53469,3,1,187361,187365,187366,4,5,0
53470,3,1,187364,187366,187367,2,3,0
53471,5,1,187369,187369,187370,0,1,2
53472,5,2,187374,187374,187376,0,2,4
53473,5,3,187379,187379,187382,0,3,3
53474,1,3,187380,187382,187385,2,5,0
53475,5,1,187385,187385,187386,0,1,0
53476,4,1,187389,187389,187390,0,1,3
53477,3,1,187392,187392,187393,0,1,2
53478,3,3,187395,187395,187398,0,3,2
53479,1,1,187396,187398,187399,2,3,0
53480,1,1,187397,187399,187400,2,3,0
53481,6,2,187403,187403,187405,0,2,3
53482,5,3,187408,187408,187411,0,3,3
53483,5,2,187413,187413,187415,0,2,2
53484,5,1,187418,187418,187419,0,1,3
53485,6,1,187424,187424,187425,0,1,5
53486,5,1,187429,187429,187430,0,1,4
53487,2,2,187431,187431,187433,0,2,1
53488,2,2,187433,187433,187435,0,2,0
53489,4,3,187437,187437,187440,0,3,2
53490,1,2,187438,187440,187442,2,4,0
53491,5,1,187443,187443,187444,0,1,1
53492,5,3,187448,187448,187451,0,3,4
53493,2,2,187450,187451,187453,1,3,0
53494,1,3,187451,187453,187456,2,5,0
53495,3,3,187454,187456,187459,2,5,0
53496,2,3,187456,187459,187462,3,6,0
53497,1,2,187457,187462,187464,5,7,0
53498,1,3,187458,187464,187467,6,9,0
53499,4,1,187462,187467,187468,5,6,0
53500,5,2,187467,187468,187470,1,3,0
53501,5,3,187472,187472,187475,0,3,2
53502,5,2,187477,187477,187479,0,2,2
53503,2,3,187479,187479,187482,0,3,0
53504,3,2,187482,187482,187484,0,2,0
53505,5,2,187487,187487,187489,0,2,3
53506,3,2,187490,187490,187492,0,2,1
53507,3,1,187493,187493,187494,0,1,1
53508,6,3,187499,187499,187502,0,3,5
53509,1,3,187500,187502,187505,2,5,0
53510,4,3,187504,187505,187508,1,4,0
53511,5,2,187509,187509,187511,0,2,1
53512,6,3,187515,187515,187518,0,3,4
53513,4,1,187519,187519,187520,0,1,1
53514,6,2,187525,187525,187527,0,2,5
53515,3,2,187528,187528,187530,0,2,1
53516,5,1,187533,187533,187534,0,1,3
53517,3,3,187536,187536,187539,0,3,2
53518,1,3,187537,187539,187542,2,5,0
53519,1,2,187538,187542,187544,4,6,0
53520,2,3,187540,187544,187547,4,7,0
53521,6,3,187546,187547,187550,1,4,0
53522,6,2,187552,187552,187554,0,2,2
53523,4,2,187556,187556,187558,0,2,2
53524,1,3,187557,187558,187561,1,4,0
53525,6,2,187563,187563,187565,0,2,2
53526,1,2,187564,187565,187567,1,3,0
53527,4,3,187568,187568,187571,0,3,1
53528,5,2,187573,187573,187575,0,2,2
53529,6,1,187579,187579,187580,0,1,4
53530,5,2,187584,187584,187586,0,2,4
53531,3,1,187587,187587,187588,0,1,1
53532,4,1,187591,187591,187592,0,1,3
53533,3,1,187594,187594,187595,0,1,2
53534,2,1,187596,187596,187597,0,1,1
53535,6,3,187602,187602,187605,0,3,5
53536,3,2,187605,187605,187607,0,2,0
53537,4,3,187609,187609,187612,0,3,2
53538,5,2,187614,187614,187616,0,2,2
53539,4,2,187618,187618,187620,0,2,2
53540,3,3,187621,187621,187624,0,3,1
53541,4,2,187625,187625,187627,0,2,1
53542,2,1,187627,187627,187628,0,1,0
53543,4,3,187631,187631,187634,0,3,3
53544,4,1,187635,187635,187636,0,1,1
53545,5,2,187640,187640,187642,0,2,4
53546,2,3,187642,187642,187645,0,3,0
53547,3,3,187645,187645,187648,0,3,0
53548,3,3,187648,187648,187651,0,3,0
53549,4,3,187652,187652,187655,0,3,1
53550,1,3,187653,187655,187658,2,5,0
53551,1,1,187654,187658,187659,4,5,0
53552,4,2,187658,187659,187661,1,3,0
53553,5,1,187663,187663,187664,0,1,2
53554,4,3,187667,187667,187670,0,3,3
53555,5,2,187672,187672,187674,0,2,2
53556,1,1,187673,187674,187675,1,2,0
53557,1,3,187674,187675,187678,1,4,0
53558,6,3,187680,187680,187683,0,3,2
53559,3,2,187683,187683,187685,0,2,0
53560,2,2,187685,187685,187687,0,2,0
53561,5,3,187690,187690,187693,0,3,3
53562,1,1,187691,187693,187694,2,3,0
53563,3,2,187694,187694,187696,0,2,0
53564,2,3,187696,187696,187699,0,3,0
53565,3,3,187699,187699,187702,0,3,0
53566,1,3,187700,187702,187705,2,5,0
53567,5,2,187705,187705,187707,0,2,0
53568,1,2,187706,187707,187709,1,3,0
53569,1,1,187707,187709,187710,2,3,0
53570,5,2,187712,187712,187714,0,2,2
53571,3,2,187715,187715,187717,0,2,1
53572,5,3,187720,187720,187723,0,3,3
53573,5,3,187725,187725,187728,0,3,2
53574,5,3,187730,187730,187733,0,3,2
53575,4,2,187734,187734,187736,0,2,1
53576,4,3,187738,187738,187741,0,3,2
53577,1,1,187739,187741,187742,2,3,0
53578,2,3,187741,187742,187745,1,4,0
53579,4,2,187745,187745,187747,0,2,0
53580,5,2,187750,187750,187752,0,2,3
53581,6,1,187756,187756,187757,0,1,4
53582,1,3,187757,187757,187760,0,3,0
53583,3,1,187760,187760,187761,0,1,0
53584,4,1,187764,187764,187765,0,1,3
53585,4,1,187768,187768,187769,0,1,3
53586,4,2,187772,187772,187774,0,2,3
53587,5,3,187777,187777,187780,0,3,3
53588,1,2,187778,187780,187782,2,4,0
53589,2,3,187780,187782,187785,2,5,0
53590,6,2,187786,187786,187788,0,2,1
53591,3,3,187789,187789,187792,0,3,1
53592,3,2,187792,187792,187794,0,2,0
53593,3,2,187795,187795,187797,0,2,1
53594,1,2,187796,187797,187799,1,3,0
53595,4,3,187800,187800,187803,0,3,1
53596,5,2,187805,187805,187807,0,2,2
53597,1,1,187806,187807,187808,1,2,0
53598,2,3,187808,187808,187811,0,3,0
53599,3,1,187811,187811,187812,0,1,0
53600,2,1,187813,187813,187814,0,1,1
53601,1,1,187814,187814,187815,0,1,0
53602,5,3,187819,187819,187822,0,3,4
53603,2,3,187821,187822,187825,1,4,0
53604,5,2,187826,187826,187828,0,2,1
53605,4,2,187830,187830,187832,0,2,2
53606,4,3,187834,187834,187837,0,3,2
53607,6,1,187840,187840,187841,0,1,3
53608,6,3,187846,187846,187849,0,3,5
53609,2,1,187848,187849,187850,1,2,0
53610,1,1,187849,187850,187851,1,2,0
53611,2,3,187851,187851,187854,0,3,0
53612,1,1,187852,187854,187855,2,3,0
53613,4,1,187856,187856,187857,0,1,1
53614,4,1,187860,187860,187861,0,1,3
53615,6,1,187866,187866,187867,0,1,5
53616,5,1,187871,187871,187872,0,1,4
53617,6,2,187877,187877,187879,0,2,5
53618,2,1,187879,187879,187880,0,1,0
53619,6,2,187885,187885,187887,0,2,5
53620,5,3,187890,187890,187893,0,3,3
53621,3,1,187893,187893,187894,0,1,0
53622,3,1,187896,187896,187897,0,1,2
53623,3,2,187899,187899,187901,0,2,2
53624,1,1,187900,187901,187902,1,2,0
53625,5,2,187905,187905,187907,0,2,3
53626,5,2,187910,187910,187912,0,2,3
53627,5,1,187915,187915,187916,0,1,3
53628,1,3,187916,187916,187919,0,3,0
53629,2,1,187918,187919,187920,1,2,0
53630,2,1,187920,187920,187921,0,1,0
53631,1,2,187921,187921,187923,0,2,0
53632,3,3,187924,187924,187927,0,3,1
53633,3,3,187927,187927,187930,0,3,0
53634,3,3,187930,187930,187933,0,3,0
53635,4,1,187934,187934,187935,0,1,1
53636,1,1,187935,187935,187936,0,1,0
53637,4,1,187939,187939,187940,0,1,3
53638,4,3,187943,187943,187946,0,3,3
53639,3,3,187946,187946,187949,0,3,0
53640,5,1,187951,187951,187952,0,1,2
53641,3,3,187954,187954,187957,0,3,2
53642,4,3,187958,187958,187961,0,3,1
53643,6,1,187964,187964,187965,0,1,3
53644,4,3,187968,187968,187971,0,3,3
53645,6,1,187974,187974,187975,0,1,3
53646,1,1,187975,187975,187976,0,1,0
53647,5,2,187980,187980,187982,0,2,4
53648,4,3,187984,187984,187987,0,3,2
53649,6,1,187990,187990,187991,0,1,3
53650,1,2,187991,187991,187993,0,2,0
53651,4,2,187995,187995,187997,0,2,2
53652,1,1,187996,187997,187998,1,2,0
53653,1,3,187997,187998,188001,1,4,0
53654,3,3,188000,188001,188004,1,4,0
53655,2,3,188002,188004,188007,2,5,0
53656,5,1,188007,188007,188008,0,1,0
53657,2,2,188009,188009,188011,0,2,1
53658,3,2,188012,188012,188014,0,2,1
53659,2,3,188014,188014,188017,0,3,0
53660,2,3,188016,188017,188020,1,4,0
53661,1,3,188017,188020,188023,3,6,0
53662,6,1,188023,188023,188024,0,1,0
53663,2,3,188025,188025,188028,0,3,1
53664,1,1,188026,188028,188029,2,3,0
53665,6,1,188032,188032,188033,0,1,3
53666,4,3,188036,188036,188039,0,3,3
53667,5,1,188041,188041,188042,0,1,2
53668,1,2,188042,188042,188044,0,2,0
53669,6,3,188048,188048,188051,0,3,4
53670,3,3,188051,188051,188054,0,3,0
53671,4,1,188055,188055,188056,0,1,1
53672,2,1,188057,188057,188058,0,1,1
53673,5,3,188062,188062,188065,0,3,4
53674,5,3,188067,188067,188070,0,3,2
53675,2,2,188069,188070,188072,1,3,0
53676,2,3,188071,188072,188075,1,4,0
53677,6,3,188077,188077,188080,0,3,2
53678,1,2,188078,188080,188082,2,4,0
53679,3,2,188081,188082,188084,1,3,0
53680,1,3,188082,188084,188087,2,5,0
53681,4,3,188086,188087,188090,1,4,0
53682,2,2,188088,188090,188092,2,4,0
53683,3,2,188091,188092,188094,1,3,0
53684,3,2,188094,188094,188096,0,2,0
53685,2,2,188096,188096,188098,0,2,0
53686,3,3,188099,188099,188102,0,3,1
53687,6,1,188105,188105,188106,0,1,3
53688,2,1,188107,188107,188108,0,1,1
53689,5,1,188112,188112,188113,0,1,4
53690,5,3,188117,188117,188120,0,3,4
53691,5,3,188122,188122,188125,0,3,2
53692,1,2,188123,188125,188127,2,4,0
53693,6,3,188129,188129,188132,0,3,2
53694,4,2,188133,188133,188135,0,2,1
53695,1,2,188134,188135,188137,1,3,0
53696,1,1,188135,188137,188138,2,3,0
53697,2,3,188137,188138,188141,1,4,0
53698,6,1,188143,188143,188144,0,1,2
53699,1,3,188144,188144,188147,0,3,0
53700,2,2,188146,188147,188149,1,3,0
53701,1,1,188147,188149,188150,2,3,0
53702,6,1,188153,188153,188154,0,1,3
53703,5,3,188158,188158,188161,0,3,4
53704,2,1,188160,188161,188162,1,2,0
53705,4,3,188164,188164,188167,0,3,2
53706,3,2,188167,188167,188169,0,2,0
53707,1,1,188168,188169,188170,1,2,0
53708,1,2,188169,188170,188172,1,3,0
53709,2,1,188171,188172,188173,1,2,0
53710,2,3,188173,188173,188176,0,3,0
53711,6,1,188179,188179,188180,0,1,3
53712,6,2,188185,188185,188187,0,2,5
53713,1,3,188186,188187,188190,1,4,0
53714,2,1,188188,188190,188191,2,3,0
53715,2,1,188190,188191,188192,1,2,0
53716,4,1,188194,188194,188195,0,1,2
53717,5,1,188199,188199,188200,0,1,4
53718,5,2,188204,188204,188206,0,2,4
53719,5,1,188209,188209,188210,0,1,3
53720,5,1,188214,188214,188215,0,1,4
53721,1,3,188215,188215,188218,0,3,0
53722,3,2,188218,188218,188220,0,2,0
53723,4,3,188222,188222,188225,0,3,2
53724,4,3,188226,188226,188229,0,3,1
53725,2,3,188228,188229,188232,1,4,0
53726,6,1,188234,188234,188235,0,1,2
53727,6,3,188240,188240,188243,0,3,5
53728,5,3,188245,188245,188248,0,3,2
53729,4,2,188249,188249,188251,0,2,1
53730,4,1,188253,188253,188254,0,1,2
53731,1,1,188254,188254,188255,0,1,0
53732,5,1,188259,188259,188260,0,1,4
53733,4,3,188263,188263,188266,0,3,3
53734,5,2,188268,188268,188270,0,2,2
53735,6,1,188274,188274,188275,0,1,4
53736,1,1,188275,188275,188276,0,1,0
53737,3,2,188278,188278,188280,0,2,2
53738,6,3,188284,188284,188287,0,3,4
53739,2,1,188286,188287,188288,1,2,0
53740,5,3,188291,188291,188294,0,3,3
53741,4,2,188295,188295,188297,0,2,1
53742,3,1,188298,188298,188299,0,1,1
53743,6,2,188304,188304,188306,0,2,5
53744,4,1,188308,188308,188309,0,1,2
53745,4,3,188312,188312,188315,0,3,3
53746,5,3,188317,188317,188320,0,3,2
53747,1,3,188318,188320,188323,2,5,0
53748,1,1,188319,188323,188324,4,5,0
53749,5,2,188324,188324,188326,0,2,0
53750,1,1,188325,188326,188327,1,2,0
53751,4,1,188329,188329,188330,0,1,2
53752,4,2,188333,188333,188335,0,2,3
53753,3,2,188336,188336,188338,0,2,1
53754,6,3,188342,188342,188345,0,3,4
53755,2,2,188344,188345,188347,1,3,0
53756,5,1,188349,188349,188350,0,1,2
53757,2,2,188351,188351,188353,0,2,1
53758,2,1,188353,188353,188354,0,1,0
53759,3,1,188356,188356,188357,0,1,2
53760,6,2,188362,188362,188364,0,2,5
53761,4,2,188366,188366,188368,0,2,2
53762,4,3,188370,188370,188373,0,3,2
53763,5,1,188375,188375,188376,0,1,2
53764,1,3,188376,188376,188379,0,3,0
53765,5,2,188381,188381,188383,0,2,2
53766,3,1,188384,188384,188385,0,1,1
53767,6,2,188390,188390,188392,0,2,5
53768,4,3,188394,188394,188397,0,3,2
53769,1,3,188395,188397,188400,2,5,0
53770,6,3,188401,188401,188404,0,3,1
53771,2,3,188403,188404,188407,1,4,0
53772,3,1,188406,188407,188408,1,2,0
53773,3,3,188409,188409,188412,0,3,1
53774,3,2,188412,188412,188414,0,2,0
53775,5,3,188417,188417,188420,0,3,3
53776,2,3,188419,188420,188423,1,4,0
53777,4,1,188423,188423,188424,0,1,0
53778,3,3,188426,188426,188429,0,3,2
53779,3,2,188429,188429,188431,0,2,0
53780,4,2,188433,188433,188435,0,2,2
53781,4,1,188437,188437,188438,0,1,2
53782,2,1,188439,188439,188440,0,1,1
53783,1,1,188440,188440,188441,0,1,0
53784,2,3,188442,188442,188445,0,3,1
53785,3,3,188445,188445,188448,0,3,0
53786,5,3,188450,188450,188453,0,3,2
53787,6,3,188456,188456,188459,0,3,3
53788,1,3,188457,188459,188462,2,5,0
53789,4,1,188461,188462,188463,1,2,0
53790,4,3,188465,188465,188468,0,3,2
53791,3,1,188468,188468,188469,0,1,0
53792,2,3,188470,188470,188473,0,3,1
53793,5,3,188475,188475,188478,0,3,2
53794,5,1,188480,188480,188481,0,1,2
53795,6,1,188486,188486,188487,0,1,5
53796,3,3,188489,188489,188492,0,3,2
53797,2,2,188491,188492,188494,1,3,0
53798,6,3,188497,188497,188500,0,3,3
53799,6,3,188503,188503,188506,0,3,3
53800,3,1,188506,188506,188507,0,1,0
53801,4,2,188510,188510,188512,0,2,3
53802,4,2,188514,188514,188516,0,2,2
53803,3,1,188517,188517,188518,0,1,1
53804,6,1,188523,188523,188524,0,1,5
53805,5,2,188528,188528,188530,0,2,4
53806,6,2,188534,188534,188536,0,2,4
53807,4,1,188538,188538,188539,0,1,2
53808,5,3,188543,188543,188546,0,3,4
53809,4,2,188547,188547,188549,0,2,1
53810,4,2,188551,188551,188553,0,2,2
53811,4,1,188555,188555,188556,0,1,2
53812,1,1,188556,188556,188557,0,1,0
53813,6,3,188562,188562,188565,0,3,5
53814,6,2,188568,188568,188570,0,2,3
53815,6,3,188574,188574,188577,0,3,4
53816,6,2,188580,188580,188582,0,2,3
53817,1,3,188581,188582,188585,1,4,0
53818,6,2,188587,188587,188589,0,2,2
53819,1,1,188588,188589,188590,1,2,0
53820,6,1,188594,188594,188595,0,1,4
53821,1,3,188595,188595,188598,0,3,0
53822,6,2,188601,188601,188603,0,2,3
53823,3,2,188604,188604,188606,0,2,1
53824,2,1,188606,188606,188607,0,1,0
53825,3,1,188609,188609,188610,0,1,2
53826,5,3,188614,188614,188617,0,3,4
53827,3,2,188617,188617,188619,0,2,0
53828,2,2,188619,188619,188621,0,2,0
53829,6,3,188625,188625,188628,0,3,4
53830,1,3,188626,188628,188631,2,5,0
53831,3,1,188629,188631,188632,2,3,0
53832,5,1,188634,188634,188635,0,1,2
53833,2,1,188636,188636,188637,0,1,1
53834,3,2,188639,188639,188641,0,2,2
53835,3,2,188642,188642,188644,0,2,1
53836,5,1,188647,188647,188648,0,1,3
53837,1,2,188648,188648,188650,0,2,0
53838,6,2,188654,188654,188656,0,2,4
53839,1,3,188655,188656,188659,1,4,0
53840,4,1,188659,188659,188660,0,1,0
53841,5,1,188664,188664,188665,0,1,4
53842,6,1,188670,188670,188671,0,1,5
53843,1,3,188671,188671,188674,0,3,0
53844,6,3,188677,188677,188680,0,3,3
53845,1,1,188678,188680,188681,2,3,0
53846,5,2,188683,188683,188685,0,2,2
53847,5,3,188688,188688,188691,0,3,3
53848,6,3,188694,188694,188697,0,3,3
53849,2,1,188696,188697,188698,1,2,0
53850,2,3,188698,188698,188701,0,3,0
53851,5,2,188703,188703,188705,0,2,2
53852,5,3,188708,188708,188711,0,3,3
53853,4,1,188712,188712,188713,0,1,1
53854,2,3,188714,188714,188717,0,3,1
53855,3,3,188717,188717,188720,0,3,0
53856,5,1,188722,188722,188723,0,1,2
53857,3,3,188725,188725,188728,0,3,2
53858,5,1,188730,188730,188731,0,1,2
53859,2,3,188732,188732,188735,0,3,1
53860,2,3,188734,188735,188738,1,4,0
53861,6,1,188740,188740,188741,0,1,2
53862,3,2,188743,188743,188745,0,2,2
53863,3,1,188746,188746,188747,0,1,1
53864,3,1,188749,188749,188750,0,1,2
53865,5,1,188754,188754,188755,0,1,4
53866,3,2,188757,188757,188759,0,2,2
53867,4,3,188761,188761,188764,0,3,2
53868,2,1,188763,188764,188765,1,2,0
53869,3,2,188766,188766,188768,0,2,1
53870,5,1,188771,188771,188772,0,1,3
53871,1,1,188772,188772,188773,0,1,0
53872,3,1,188775,188775,188776,0,1,2
53873,5,3,188780,188780,188783,0,3,4
53874,2,1,188782,188783,188784,1,2,0
53875,4,3,188786,188786,188789,0,3,2
53876,5,3,188791,188791,188794,0,3,2
53877,6,3,188797,188797,188800,0,3,3
53878,4,3,188801,188801,188804,0,3,1
53879,1,2,188802,188804,188806,2,4,0
53880,5,3,188807,188807,188810,0,3,1
53881,1,1,188808,188810,188811,2,3,0
53882,1,1,188809,188811,188812,2,3,0
53883,2,2,188811,188812,188814,1,3,0
53884,1,3,188812,188814,188817,2,5,0
53885,5,1,188817,188817,188818,0,1,0
53886,5,3,188822,188822,188825,0,3,4
53887,2,2,188824,188825,188827,1,3,0
53888,6,2,188830,188830,188832,0,2,3
53889,1,2,188831,188832,188834,1,3,0
53890,6,2,188837,188837,188839,0,2,3
53891,5,2,188842,188842,188844,0,2,3
53892,2,2,188844,188844,188846,0,2,0
53893,5,3,188849,188849,188852,0,3,3
53894,5,1,188854,188854,188855,0,1,2
53895,2,1,188856,188856,188857,0,1,1
53896,4,1,188860,188860,188861,0,1,3
53897,6,3,188866,188866,188869,0,3,5
53898,1,2,188867,188869,188871,2,4,0
53899,4,2,188871,188871,188873,0,2,0
53900,6,3,188877,188877,188880,0,3,4
53901,4,3,188881,188881,188884,0,3,1
53902,4,1,188885,188885,188886,0,1,1
53903,6,1,188891,188891,188892,0,1,5
53904,1,1,188892,188892,188893,0,1,0
53905,1,3,188893,188893,188896,0,3,0
53906,2,3,188895,188896,188899,1,4,0
53907,1,1,188896,188899,188900,3,4,0
53908,1,2,188897,188900,188902,3,5,0
53909,1,3,188898,188902,188905,4,7,0
53910,1,2,188899,188905,188907,6,8,0
53911,4,1,188903,188907,188908,4,5,0
53912,5,3,188908,188908,188911,0,3,0
53913,2,3,188910,188911,188914,1,4,0
53914,5,1,188915,188915,188916,0,1,1
53915,6,1,188921,188921,188922,0,1,5
53916,2,3,188923,188923,188926,0,3,1
53917,5,2,188928,188928,188930,0,2,2
53918,2,3,188930,188930,188933,0,3,0
53919,3,3,188933,188933,188936,0,3,0
53920,2,2,188935,188936,188938,1,3,0
53921,4,2,188939,188939,188941,0,2,1
53922,5,2,188944,188944,188946,0,2,3
53923,3,2,188947,188947,188949,0,2,1
53924,4,3,188951,188951,188954,0,3,2
53925,3,1,188954,188954,188955,0,1,0
53926,1,1,188955,188955,188956,0,1,0
53927,6,2,188961,188961,188963,0,2,5
53928,4,2,188965,188965,188967,0,2,2
53929,3,1,188968,188968,188969,0,1,1
53930,1,1,188969,188969,188970,0,1,0
53931,6,1,188975,188975,188976,0,1,5
53932,4,1,188979,188979,188980,0,1,3
53933,5,3,188984,188984,188987,0,3,4
53934,4,1,188988,188988,188989,0,1,1
53935,2,2,188990,188990,188992,0,2,1
53936,4,3,188994,188994,188997,0,3,2
53937,1,2,188995,188997,188999,2,4,0
53938,1,2,188996,188999,189001,3,5,0
53939,5,1,189001,189001,189002,0,1,0
53940,5,3,189006,189006,189009,0,3,4
53941,1,1,189007,189009,189010,2,3,0
53942,5,3,189012,189012,189015,0,3,2
53943,3,1,189015,189015,189016,0,1,0
53944,4,2,189019,189019,189021,0,2,3
53945,2,2,189021,189021,189023,0,2,0
53946,6,2,189027,189027,189029,0,2,4
53947,5,2,189032,189032,189034,0,2,3
53948,4,2,189036,189036,189038,0,2,2
53949,4,2,189040,189040,189042,0,2,2
53950,6,3,189046,189046,189049,0,3,4
53951,2,2,189048,189049,189051,1,3,0
53952,4,1,189052,189052,189053,0,1,1
53953,6,3,189058,189058,189061,0,3,5
53954,5,2,189063,189063,189065,0,2,2
53955,6,3,189069,189069,189072,0,3,4
53956,5,3,189074,189074,189077,0,3,2
53957,6,2,189080,189080,189082,0,2,3
53958,1,2,189081,189082,189084,1,3,0
53959,1,1,189082,189084,189085,2,3,0
53960,3,3,189085,189085,189088,0,3,0
53961,3,3,189088,189088,189091,0,3,0
53962,6,3,189094,189094,189097,0,3,3
53963,3,3,189097,189097,189100,0,3,0
53964,3,3,189100,189100,189103,0,3,0
53965,2,1,189102,189103,189104,1,2,0
53966,4,1,189106,189106,189107,0,1,2
53967,6,1,189112,189112,189113,0,1,5
53968,5,1,189117,189117,189118,0,1,4
53969,2,2,189119,189119,189121,0,2,1
53970,3,2,189122,189122,189124,0,2,1
53971,1,3,189123,189124,189127,1,4,0
53972,6,3,189129,189129,189132,0,3,2
53973,2,1,189131,189132,189133,1,2,0
53974,2,3,189133,189133,189136,0,3,0
53975,4,1,189137,189137,189138,0,1,1
53976,1,3,189138,189138,189141,0,3,0
53977,2,2,189140,189141,189143,1,3,0
53978,5,3,189145,189145,189148,0,3,2
53979,1,2,189146,189148,189150,2,4,0
53980,5,2,189151,189151,189153,0,2,1
53981,5,3,189156,189156,189159,0,3,3
53982,1,1,189157,189159,189160,2,3,0
53983,5,1,189162,189162,189163,0,1,2
53984,2,3,189164,189164,189167,0,3,1
53985,3,3,189167,189167,189170,0,3,0
53986,1,2,189168,189170,189172,2,4,0
53987,6,1,189174,189174,189175,0,1,2
53988,6,2,189180,189180,189182,0,2,5
53989,1,3,189181,189182,189185,1,4,0
53990,5,1,189186,189186,189187,0,1,1
53991,6,1,189192,189192,189193,0,1,5
53992,2,3,189194,189194,189197,0,3,1
53993,5,3,189199,189199,189202,0,3,2
53994,3,1,189202,189202,189203,0,1,0
53995,2,3,189204,189204,189207,0,3,1
53996,1,3,189205,189207,189210,2,5,0
53997,5,3,189210,189210,189213,0,3,0
53998,2,1,189212,189213,189214,1,2,0
53999,3,2,189215,189215,189217,0,2,1
54000,2,2,189217,189217,189219,0,2,0
54001,4,1,189221,189221,189222,0,1,2
54002,4,3,189225,189225,189228,0,3,3
54003,1,1,189226,189228,189229,2,3,0
54004,4,2,189230,189230,189232,0,2,1
54005,1,1,189231,189232,189233,1,2,0
54006,5,1,189236,189236,189237,0,1,3
54007,5,2,189241,189241,189243,0,2,4
54008,3,1,189244,189244,189245,0,1,1
54009,3,3,189247,189247,189250,0,3,2
54010,6,1,189253,189253,189254,0,1,3
54011,5,1,189258,189258,189259,0,1,4
54012,2,3,189260,189260,189263,0,3,1
54013,3,3,189263,189263,189266,0,3,0
54014,5,1,189268,189268,189269,0,1,2
54015,4,1,189272,189272,189273,0,1,3
54016,2,2,189274,189274,189276,0,2,1
54017,1,1,189275,189276,189277,1,2,0
54018,3,2,189278,189278,189280,0,2,1
54019,1,2,189279,189280,189282,1,3,0
54020,6,3,189285,189285,189288,0,3,3
54021,3,1,189288,189288,189289,0,1,0
54022,2,1,189290,189290,189291,0,1,1
54023,1,3,189291,189291,189294,0,3,0
54024,6,2,189297,189297,189299,0,2,3
54025,6,3,189303,189303,189306,0,3,4
54026,6,1,189309,189309,189310,0,1,3
54027,5,2,189314,189314,189316,0,2,4
54028,6,1,189320,189320,189321,0,1,4
54029,4,2,189324,189324,189326,0,2,3
54030,2,1,189326,189326,189327,0,1,0
54031,2,2,189328,189328,189330,0,2,1
54032,3,3,189331,189331,189334,0,3,1
54033,6,3,189337,189337,189340,0,3,3
54034,6,2,189343,189343,189345,0,2,3
54035,6,3,189349,189349,189352,0,3,4
54036,4,1,189353,189353,189354,0,1,1
54037,4,1,189357,189357,189358,0,1,3
54038,5,3,189362,189362,189365,0,3,4
54039,5,1,189367,189367,189368,0,1,2
54040,2,1,189369,189369,189370,0,1,1
54041,3,1,189372,189372,189373,0,1,2
54042,4,1,189376,189376,189377,0,1,3
54043,6,2,189382,189382,189384,0,2,5
54044,5,3,189387,189387,189390,0,3,3
54045,5,3,189392,189392,189395,0,3,2
54046,2,2,189394,189395,189397,1,3,0
54047,6,3,189400,189400,189403,0,3,3
54048,4,1,189404,189404,189405,0,1,1
54049,1,2,189405,189405,189407,0,2,0
54050,5,1,189410,189410,189411,0,1,3
54051,6,3,189416,189416,189419,0,3,5
54052,1,3,189417,189419,189422,2,5,0
54053,4,3,189421,189422,189425,1,4,0
54054,6,2,189427,189427,189429,0,2,2
54055,3,1,189430,189430,189431,0,1,1
54056,4,1,189434,189434,189435,0,1,3
54057,1,2,189435,189435,189437,0,2,0
54058,3,1,189438,189438,189439,0,1,1
54059,5,3,189443,189443,189446,0,3,4
54060,6,3,189449,189449,189452,0,3,3
54061,2,2,189451,189452,189454,1,3,0
54062,2,2,189453,189454,189456,1,3,0
54063,1,3,189454,189456,189459,2,5,0
54064,4,1,189458,189459,189460,1,2,0
54065,3,3,189461,189461,189464,0,3,1
54066,3,3,189464,189464,189467,0,3,0
54067,5,3,189469,189469,189472,0,3,2
54068,4,3,189473,189473,189476,0,3,1
54069,3,3,189476,189476,189479,0,3,0
54070,4,3,189480,189480,189483,0,3,1
54071,2,3,189482,189483,189486,1,4,0
54072,6,3,189488,189488,189491,0,3,2
54073,2,3,189490,189491,189494,1,4,0
54074,6,2,189496,189496,189498,0,2,2
54075,5,1,189501,189501,189502,0,1,3
54076,5,3,189506,189506,189509,0,3,4
54077,2,3,189508,189509,189512,1,4,0
54078,2,3,189510,189512,189515,2,5,0
54079,3,1,189513,189515,189516,2,3,0
54080,5,1,189518,189518,189519,0,1,2
54081,4,1,189522,189522,189523,0,1,3
54082,2,1,189524,189524,189525,0,1,1
54083,1,1,189525,189525,189526,0,1,0
54084,2,3,189527,189527,189530,0,3,1
54085,1,3,189528,189530,189533,2,5,0
54086,3,2,189531,189533,189535,2,4,0
54087,4,1,189535,189535,189536,0,1,0
54088,4,2,189539,189539,189541,0,2,3
54089,3,3,189542,189542,189545,0,3,1
54090,5,2,189547,189547,189549,0,2,2
54091,2,3,189549,189549,189552,0,3,0
54092,1,2,189550,189552,189554,2,4,0
54093,2,1,189552,189554,189555,2,3,0
54094,2,3,189554,189555,189558,1,4,0
54095,6,1,189560,189560,189561,0,1,2
54096,1,3,189561,189561,189564,0,3,0
54097,1,2,189562,189564,189566,2,4,0
54098,5,1,189567,189567,189568,0,1,1
54099,3,2,189570,189570,189572,0,2,2
54100,5,3,189575,189575,189578,0,3,3
54101,6,2,189581,189581,189583,0,2,3
54102,4,2,189585,189585,189587,0,2,2
54103,5,3,189590,189590,189593,0,3,3
54104,2,3,189592,189593,189596,1,4,0
54105,5,2,189597,189597,189599,0,2,1
54106,4,2,189601,189601,189603,0,2,2
54107,4,2,189605,189605,189607,0,2,2
54108,1,3,189606,189607,189610,1,4,0
54109,1,2,189607,189610,189612,3,5,0
54110,2,2,189609,189612,189614,3,5,0
54111,2,3,189611,189614,189617,3,6,0
54112,1,2,189612,189617,189619,5,7,0
54113,5,2,189617,189619,189621,2,4,0
54114,3,1,189620,189621,189622,1,2,0
54115,6,1,189626,189626,189627,0,1,4
54116,1,2,189627,189627,189629,0,2,0
54117,2,2,189629,189629,189631,0,2,0
54118,3,2,189632,189632,189634,0,2,1
54119,6,2,189638,189638,189640,0,2,4
54120,2,1,189640,189640,189641,0,1,0
54121,4,2,189644,189644,189646,0,2,3
54122,2,1,189646,189646,189647,0,1,0
54123,6,3,189652,189652,189655,0,3,5
54124,2,1,189654,189655,189656,1,2,0
54125,1,1,189655,189656,189657,1,2,0
54126,4,3,189659,189659,189662,0,3,2
54127,6,1,189665,189665,189666,0,1,3
54128,1,3,189666,189666,189669,0,3,0
54129,1,1,189667,189669,189670,2,3,0
54130,5,3,189672,189672,189675,0,3,2
54131,3,2,189675,189675,189677,0,2,0
54132,5,2,189680,189680,189682,0,2,3
54133,1,3,189681,189682,189685,1,4,0
54134,4,2,189685,189685,189687,0,2,0
54135,2,2,189687,189687,189689,0,2,0
54136,2,1,189689,189689,189690,0,1,0
54137,2,2,189691,189691,189693,0,2,1
54138,4,2,189695,189695,189697,0,2,2
54139,2,3,189697,189697,189700,0,3,0
54140,2,2,189699,189700,189702,1,3,0
54141,4,2,189703,189703,189705,0,2,1
54142,6,3,189709,189709,189712,0,3,4
54143,1,2,189710,189712,189714,2,4,0
54144,4,3,189714,189714,189717,0,3,0
54145,5,1,189719,189719,189720,0,1,2
54146,3,2,189722,189722,189724,0,2,2
54147,4,3,189726,189726,189729,0,3,2
54148,3,1,189729,189729,189730,0,1,0
54149,5,3,189734,189734,189737,0,3,4
54150,1,1,189735,189737,189738,2,3,0
54151,2,1,189737,189738,189739,1,2,0
54152,4,1,189741,189741,189742,0,1,2
54153,2,3,189743,189743,189746,0,3,1
54154,3,3,189746,189746,189749,0,3,0
54155,1,2,189747,189749,189751,2,4,0
54156,6,2,189753,189753,189755,0,2,2
54157,3,2,189756,189756,189758,0,2,1
54158,2,3,189758,189758,189761,0,3,0
54159,1,2,189759,189761,189763,2,4,0
54160,3,1,189762,189763,189764,1,2,0
54161,2,1,189764,189764,189765,0,1,0
54162,6,2,189770,189770,189772,0,2,5
54163,1,1,189771,189772,189773,1,2,0
54164,1,2,189772,189773,189775,1,3,0
54165,5,3,189777,189777,189780,0,3,2
54166,1,1,189778,189780,189781,2,3,0
54167,2,3,189780,189781,189784,1,4,0
54168,4,3,189784,189784,189787,0,3,0
54169,1,2,189785,189787,189789,2,4,0
54170,6,2,189791,189791,189793,0,2,2
54171,5,3,189796,189796,189799,0,3,3
54172,4,2,189800,189800,189802,0,2,1
54173,1,2,189801,189802,189804,1,3,0
54174,1,2,189802,189804,189806,2,4,0
54175,3,1,189805,189806,189807,1,2,0
54176,3,1,189808,189808,189809,0,1,1
54177,1,1,189809,189809,189810,0,1,0
54178,3,1,189812,189812,189813,0,1,2
54179,6,1,189818,189818,189819,0,1,5
54180,2,3,189820,189820,189823,0,3,1
54181,2,1,189822,189823,189824,1,2,0
54182,2,3,189824,189824,189827,0,3,0
54183,6,1,189830,189830,189831,0,1,3
54184,3,2,189833,189833,189835,0,2,2
54185,4,2,189837,189837,189839,0,2,2
54186,6,3,189843,189843,189846,0,3,4
54187,2,1,189845,189846,189847,1,2,0
54188,1,2,189846,189847,189849,1,3,0
54189,6,1,189852,189852,189853,0,1,3
54190,6,1,189858,189858,189859,0,1,5
54191,4,3,189862,189862,189865,0,3,3
54192,5,2,189867,189867,189869,0,2,2
54193,2,3,189869,189869,189872,0,3,0
54194,5,1,189874,189874,189875,0,1,2
54195,3,2,189877,189877,189879,0,2,2
54196,4,2,189881,189881,189883,0,2,2
54197,6,1,189887,189887,189888,0,1,4
54198,4,3,189891,189891,189894,0,3,3
54199,4,1,189895,189895,189896,0,1,1
54200,2,2,189897,189897,189899,0,2,1
54201,2,3,189899,189899,189902,0,3,0
54202,5,2,189904,189904,189906,0,2,2
54203,3,1,189907,189907,189908,0,1,1
54204,2,1,189909,189909,189910,0,1,1
54205,3,1,189912,189912,189913,0,1,2
54206,1,3,189913,189913,189916,0,3,0
54207,3,2,189916,189916,189918,0,2,0
54208,4,1,189920,189920,189921,0,1,2
54209,4,3,189924,189924,189927,0,3,3
54210,4,1,189928,189928,189929,0,1,1
54211,5,1,189933,189933,189934,0,1,4
54212,2,3,189935,189935,189938,0,3,1
54213,3,1,189938,189938,189939,0,1,0
54214,6,2,189944,189944,189946,0,2,5
54215,4,3,189948,189948,189951,0,3,2
54216,5,3,189953,189953,189956,0,3,2
54217,6,1,189959,189959,189960,0,1,3
54218,1,1,189960,189960,189961,0,1,0
54219,1,2,189961,189961,189963,0,2,0
54220,5,1,189966,189966,189967,0,1,3
54221,2,1,189968,189968,189969,0,1,1
54222,4,2,189972,189972,189974,0,2,3
54223,1,3,189973,189974,189977,1,4,0
54224,1,3,189974,189977,189980,3,6,0
54225,4,2,189978,189980,189982,2,4,0
54226,1,2,189979,189982,189984,3,5,0
54227,4,2,189983,189984,189986,1,3,0
54228,2,3,189985,189986,189989,1,4,0
54229,1,3,189986,189989,189992,3,6,0
54230,3,1,189989,189992,189993,3,4,0
54231,4,3,189993,189993,189996,0,3,0
54232,4,3,189997,189997,190000,0,3,1
54233,2,1,189999,190000,190001,1,2,0
54234,5,3,190004,190004,190007,0,3,3
54235,1,1,190005,190007,190008,2,3,0
54236,2,1,190007,190008,190009,1,2,0
54237,4,1,190011,190011,190012,0,1,2
54238,1,3,190012,190012,190015,0,3,0
54239,2,3,190014,190015,190018,1,4,0
54240,6,2,190020,190020,190022,0,2,2
54241,1,3,190021,190022,190025,1,4,0
54242,3,2,190024,190025,190027,1,3,0
54243,6,3,190030,190030,190033,0,3,3
54244,4,1,190034,190034,190035,0,1,1
54245,1,1,190035,190035,190036,0,1,0
54246,4,2,190039,190039,190041,0,2,3
54247,4,3,190043,190043,190046,0,3,2
54248,4,3,190047,190047,190050,0,3,1
54249,2,1,190049,190050,190051,1,2,0
54250,2,1,190051,190051,190052,0,1,0
54251,2,1,190053,190053,190054,0,1,1
54252,4,1,190057,190057,190058,0,1,3
54253,6,2,190063,190063,190065,0,2,5
54254,5,2,190068,190068,190070,0,2,3
54255,2,2,190070,190070,190072,0,2,0
54256,6,2,190076,190076,190078,0,2,4
54257,1,1,190077,190078,190079,1,2,0
54258,3,2,190080,190080,190082,0,2,1
54259,4,1,190084,190084,190085,0,1,2
54260,2,2,190086,190086,190088,0,2,1
54261,6,1,190092,190092,190093,0,1,4
54262,6,2,190098,190098,190100,0,2,5
54263,2,3,190100,190100,190103,0,3,0
54264,1,1,190101,190103,190104,2,3,0
54265,4,3,190105,190105,190108,0,3,1
54266,2,1,190107,190108,190109,1,2,0
54267,3,1,190110,190110,190111,0,1,1
54268,4,3,190114,190114,190117,0,3,3
54269,2,1,190116,190117,190118,1,2,0
54270,6,1,190122,190122,190123,0,1,4
54271,2,3,190124,190124,190127,0,3,1
54272,2,3,190126,190127,190130,1,4,0
54273,1,1,190127,190130,190131,3,4,0
54274,5,3,190132,190132,190135,0,3,1
54275,5,2,190137,190137,190139,0,2,2
54276,3,2,190140,190140,190142,0,2,1
54277,6,2,190146,190146,190148,0,2,4
54278,2,3,190148,190148,190151,0,3,0
54279,5,1,190153,190153,190154,0,1,2
54280,5,3,190158,190158,190161,0,3,4
54281,2,2,190160,190161,190163,1,3,0
54282,3,2,190163,190163,190165,0,2,0
54283,6,3,190169,190169,190172,0,3,4
54284,6,1,190175,190175,190176,0,1,3
54285,6,3,190181,190181,190184,0,3,5
54286,2,2,190183,190184,190186,1,3,0
54287,1,1,190184,190186,190187,2,3,0
54288,6,2,190190,190190,190192,0,2,3
54289,3,1,190193,190193,190194,0,1,1
54290,1,1,190194,190194,190195,0,1,0
54291,1,1,190195,190195,190196,0,1,0
54292,5,1,190200,190200,190201,0,1,4
54293,5,2,190205,190205,190207,0,2,4
54294,6,1,190211,190211,190212,0,1,4
54295,1,3,190212,190212,190215,0,3,0
54296,4,2,190216,190216,190218,0,2,1
54297,1,2,190217,190218,190220,1,3,0
54298,5,3,190222,190222,190225,0,3,2
54299,2,1,190224,190225,190226,1,2,0
54300,3,2,190227,190227,190229,0,2,1
54301,3,3,190230,190230,190233,0,3,1
54302,1,2,190231,190233,190235,2,4,0
54303,4,1,190235,190235,190236,0,1,0
54304,4,1,190239,190239,190240,0,1,3
54305,3,2,190242,190242,190244,0,2,2
54306,4,3,190246,190246,190249,0,3,2
54307,5,1,190251,190251,190252,0,1,2
54308,1,1,190252,190252,190253,0,1,0
54309,1,1,190253,190253,190254,0,1,0
54310,5,1,190258,190258,190259,0,1,4
54311,3,1,190261,190261,190262,0,1,2
54312,5,1,190266,190266,190267,0,1,4
54313,4,2,190270,190270,190272,0,2,3
54314,6,2,190276,190276,190278,0,2,4
54315,5,2,190281,190281,190283,0,2,3
54316,4,2,190285,190285,190287,0,2,2
54317,6,2,190291,190291,190293,0,2,4
54318,3,3,190294,190294,190297,0,3,1
54319,4,3,190298,190298,190301,0,3,1
54320,2,2,190300,190301,190303,1,3,0
54321,1,3,190301,190303,190306,2,5,0
54322,6,3,190307,190307,190310,0,3,1
54323,2,2,190309,190310,190312,1,3,0
54324,2,3,190311,190312,190315,1,4,0
54325,4,1,190315,190315,190316,0,1,0
54326,3,1,190318,190318,190319,0,1,2
54327,3,1,190321,190321,190322,0,1,2
54328,3,2,190324,190324,190326,0,2,2
54329,3,3,190327,190327,190330,0,3,1
54330,6,3,190333,190333,190336,0,3,3
54331,2,1,190335,190336,190337,1,2,0
54332,1,3,190336,190337,190340,1,4,0
54333,3,1,190339,190340,190341,1,2,0
54334,4,2,190343,190343,190345,0,2,2
54335,4,1,190347,190347,190348,0,1,2
54336,6,2,190353,190353,190355,0,2,5
54337,6,1,190359,190359,190360,0,1,4
54338,1,2,190360,190360,190362,0,2,0
54339,6,3,190366,190366,190369,0,3,4
54340,5,1,190371,190371,190372,0,1,2
54341,5,1,190376,190376,190377,0,1,4
54342,6,1,190382,190382,190383,0,1,5
54343,6,1,190388,190388,190389,0,1,5
54344,6,2,190394,190394,190396,0,2,5
54345,6,1,190400,190400,190401,0,1,4
54346,5,3,190405,190405,190408,0,3,4
54347,4,3,190409,190409,190412,0,3,1
54348,5,3,190414,190414,190417,0,3,2
54349,3,3,190417,190417,190420,0,3,0
54350,4,3,190421,190421,190424,0,3,1
54351,6,1,190427,190427,190428,0,1,3
54352,4,1,190431,190431,190432,0,1,3
54353,3,3,190434,190434,190437,0,3,2
54354,1,2,190435,190437,190439,2,4,0
54355,5,2,190440,190440,190442,0,2,1
54356,3,3,190443,190443,190446,0,3,1
54357,2,3,190445,190446,190449,1,4,0
54358,6,1,190451,190451,190452,0,1,2
54359,1,3,190452,190452,190455,0,3,0
54360,5,3,190457,190457,190460,0,3,2
54361,5,1,190462,190462,190463,0,1,2
54362,5,1,190467,190467,190468,0,1,4
54363,5,1,190472,190472,190473,0,1,4
54364,5,3,190477,190477,190480,0,3,4
54365,5,2,190482,190482,190484,0,2,2
54366,5,2,190487,190487,190489,0,2,3
54367,4,3,190491,190491,190494,0,3,2
54368,5,3,190496,190496,190499,0,3,2
54369,4,2,190500,190500,190502,0,2,1
54370,2,1,190502,190502,190503,0,1,0
54371,6,1,190508,190508,190509,0,1,5
54372,4,3,190512,190512,190515,0,3,3
54373,2,1,190514,190515,190516,1,2,0
54374,1,3,190515,190516,190519,1,4,0
54375,5,1,190520,190520,190521,0,1,1
54376,4,1,190524,190524,190525,0,1,3
54377,6,2,190530,190530,190532,0,2,5
54378,1,2,190531,190532,190534,1,3,0
54379,2,2,190533,190534,190536,1,3,0
54380,3,3,190536,190536,190539,0,3,0
54381,4,2,190540,190540,190542,0,2,1
54382,1,1,190541,190542,190543,1,2,0
54383,1,3,190542,190543,190546,1,4,0
54384,2,1,190544,190546,190547,2,3,0
54385,5,3,190549,190549,190552,0,3,2
54386,1,2,190550,190552,190554,2,4,0
54387,4,2,190554,190554,190556,0,2,0
54388,4,2,190558,190558,190560,0,2,2
54389,1,3,190559,190560,190563,1,4,0
54390,3,1,190562,190563,190564,1,2,0
54391,5,3,190567,190567,190570,0,3,3
54392,4,1,190571,190571,190572,0,1,1
54393,6,3,190577,190577,190580,0,3,5
54394,4,3,190581,190581,190584,0,3,1
54395,2,2,190583,190584,190586,1,3,0
54396,2,1,190585,190586,190587,1,2,0
54397,3,3,190588,190588,190591,0,3,1
54398,6,3,190594,190594,190597,0,3,3
54399,1,1,190595,190597,190598,2,3,0
54400,2,1,190597,190598,190599,1,2,0
54401,2,3,190599,190599,190602,0,3,0
54402,1,1,190600,190602,190603,2,3,0
54403,6,1,190606,190606,190607,0,1,3
54404,1,2,190607,190607,190609,0,2,0
54405,3,2,190610,190610,190612,0,2,1
54406,3,2,190613,190613,190615,0,2,1
54407,6,3,190619,190619,190622,0,3,4
54408,1,1,190620,190622,190623,2,3,0
54409,6,3,190626,190626,190629,0,3,3
54410,1,3,190627,190629,190632,2,5,0
54411,3,1,190630,190632,190633,2,3,0
54412,6,2,190636,190636,190638,0,2,3
54413,1,2,190637,190638,190640,1,3,0
54414,3,1,190640,190640,190641,0,1,0
54415,1,1,190641,190641,190642,0,1,0
54416,5,1,190646,190646,190647,0,1,4
54417,6,1,190652,190652,190653,0,1,5
54418,1,3,190653,190653,190656,0,3,0
54419,2,2,190655,190656,190658,1,3,0
54420,1,1,190656,190658,190659,2,3,0
54421,2,2,190658,190659,190661,1,3,0
54422,6,2,190664,190664,190666,0,2,3
54423,5,1,190669,190669,190670,0,1,3
54424,1,1,190670,190670,190671,0,1,0
54425,5,3,190675,190675,190678,0,3,4
54426,1,3,190676,190678,190681,2,5,0
54427,4,3,190680,190681,190684,1,4,0
54428,3,1,190683,190684,190685,1,2,0
54429,6,1,190689,190689,190690,0,1,4
54430,2,3,190691,190691,190694,0,3,1
54431,4,3,190695,190695,190698,0,3,1
54432,2,3,190697,190698,190701,1,4,0
54433,5,3,190702,190702,190705,0,3,1
54434,6,3,190708,190708,190711,0,3,3
54435,2,2,190710,190711,190713,1,3,0
54436,6,1,190716,190716,190717,0,1,3
54437,5,2,190721,190721,190723,0,2,4
54438,5,3,190726,190726,190729,0,3,3
54439,5,3,190731,190731,190734,0,3,2
54440,1,2,190732,190734,190736,2,4,0
54441,3,1,190735,190736,190737,1,2,0
54442,5,3,190740,190740,190743,0,3,3
54443,5,2,190745,190745,190747,0,2,2
54444,4,1,190749,190749,190750,0,1,2
54445,1,2,190750,190750,190752,0,2,0
54446,6,2,190756,190756,190758,0,2,4
54447,4,1,190760,190760,190761,0,1,2
54448,4,2,190764,190764,190766,0,2,3
54449,4,3,190768,190768,190771,0,3,2
54450,2,1,190770,190771,190772,1,2,0
54451,4,1,190774,190774,190775,0,1,2
54452,1,3,190775,190775,190778,0,3,0
54453,1,1,190776,190778,190779,2,3,0
54454,5,2,190781,190781,190783,0,2,2
54455,2,2,190783,190783,190785,0,2,0
54456,4,1,190787,190787,190788,0,1,2
54457,6,2,190793,190793,190795,0,2,5
54458,5,3,190798,190798,190801,0,3,3
54459,2,3,190800,190801,190804,1,4,0
54460,3,1,190803,190804,190805,1,2,0
54461,4,2,190807,190807,190809,0,2,2
54462,2,2,190809,190809,190811,0,2,0
54463,1,1,190810,190811,190812,1,2,0
54464,3,3,190813,190813,190816,0,3,1
54465,1,2,190814,190816,190818,2,4,0
54466,5,1,190819,190819,190820,0,1,1
54467,3,2,190822,190822,190824,0,2,2
54468,1,1,190823,190824,190825,1,2,0
54469,5,2,190828,190828,190830,0,2,3
54470,1,3,190829,190830,190833,1,4,0
54471,1,2,190830,190833,190835,3,5,0
54472,1,3,190831,190835,190838,4,7,0
54473,1,1,190832,190838,190839,6,7,0
54474,6,1,190838,190839,190840,1,2,0
54475,3,2,190841,190841,190843,0,2,1
54476,6,2,190847,190847,190849,0,2,4
54477,6,2,190853,190853,190855,0,2,4
54478,1,1,190854,190855,190856,1,2,0
54479,6,3,190860,190860,190863,0,3,4
54480,2,3,190862,190863,190866,1,4,0
54481,6,1,190868,190868,190869,0,1,2
54482,5,3,190873,190873,190876,0,3,4
54483,2,2,190875,190876,190878,1,3,0
54484,2,3,190877,190878,190881,1,4,0
54485,1,1,190878,190881,190882,3,4,0
54486,6,3,190884,190884,190887,0,3,2
54487,4,2,190888,190888,190890,0,2,1
54488,5,1,190893,190893,190894,0,1,3
54489,4,3,190897,190897,190900,0,3,3
54490,3,1,190900,190900,190901,0,1,0
54491,1,1,190901,190901,190902,0,1,0
54492,4,2,190905,190905,190907,0,2,3
54493,2,1,190907,190907,190908,0,1,0
54494,2,1,190909,190909,190910,0,1,1
54495,5,3,190914,190914,190917,0,3,4
54496,5,3,190919,190919,190922,0,3,2
54497,4,3,190923,190923,190926,0,3,1
54498,2,1,190925,190926,190927,1,2,0
54499,3,3,190928,190928,190931,0,3,1
54500,6,3,190934,190934,190937,0,3,3
54501,5,2,190939,190939,190941,0,2,2
54502,5,2,190944,190944,190946,0,2,3
54503,2,1,190946,190946,190947,0,1,0
54504,2,2,190948,190948,190950,0,2,1
54505,2,1,190950,190950,190951,0,1,0
54506,6,1,190956,190956,190957,0,1,5
54507,1,3,190957,190957,190960,0,3,0
54508,4,1,190961,190961,190962,0,1,1
54509,2,3,190963,190963,190966,0,3,1
54510,1,3,190964,190966,190969,2,5,0
54511,3,2,190967,190969,190971,2,4,0
54512,6,1,190973,190973,190974,0,1,2
54513,5,1,190978,190978,190979,0,1,4
54514,2,2,190980,190980,190982,0,2,1
54515,5,1,190985,190985,190986,0,1,3
54516,1,1,190986,190986,190987,0,1,0
54517,6,1,190992,190992,190993,0,1,5
54518,6,3,190998,190998,191001,0,3,5
54519,5,2,191003,191003,191005,0,2,2
54520,2,2,191005,191005,191007,0,2,0
54521,3,1,191008,191008,191009,0,1,1
54522,2,1,191010,191010,191011,0,1,1
54523,3,3,191013,191013,191016,0,3,2
54524,5,1,191018,191018,191019,0,1,2
54525,6,1,191024,191024,191025,0,1,5
54526,5,1,191029,191029,191030,0,1,4
54527,4,1,191033,191033,191034,0,1,3
54528,5,2,191038,191038,191040,0,2,4
54529,2,1,191040,191040,191041,0,1,0
54530,4,1,191044,191044,191045,0,1,3
54531,3,1,191047,191047,191048,0,1,2
54532,2,3,191049,191049,191052,0,3,1
54533,5,3,191054,191054,191057,0,3,2
54534,6,1,191060,191060,191061,0,1,3
54535,1,3,191061,191061,191064,0,3,0
54536,3,3,191064,191064,191067,0,3,0
54537,4,2,191068,191068,191070,0,2,1
54538,6,2,191074,191074,191076,0,2,4
54539,4,3,191078,191078,191081,0,3,2
54540,3,3,191081,191081,191084,0,3,0
54541,6,1,191087,191087,191088,0,1,3
54542,1,2,191088,191088,191090,0,2,0
54543,4,1,191092,191092,191093,0,1,2
54544,1,2,191093,191093,191095,0,2,0
54545,6,2,191099,191099,191101,0,2,4
54546,2,2,191101,191101,191103,0,2,0
54547,6,3,191107,191107,191110,0,3,4
54548,3,1,191110,191110,191111,0,1,0
54549,5,3,191115,191115,191118,0,3,4
54550,5,3,191120,191120,191123,0,3,2
54551,2,1,191122,191123,191124,1,2,0
54552,5,1,191127,191127,191128,0,1,3
54553,6,3,191133,191133,191136,0,3,5
54554,6,2,191139,191139,191141,0,2,3
54555,5,3,191144,191144,191147,0,3,3
54556,1,2,191145,191147,191149,2,4,0
54557,4,2,191149,191149,191151,0,2,0
54558,6,2,191155,191155,191157,0,2,4
54559,3,2,191158,191158,191160,0,2,1
54560,6,1,191164,191164,191165,0,1,4
54561,6,1,191170,191170,191171,0,1,5
54562,6,2,191176,191176,191178,0,2,5
54563,2,1,191178,191178,191179,0,1,0
54564,3,1,191181,191181,191182,0,1,2
54565,1,2,191182,191182,191184,0,2,0
54566,5,1,191187,191187,191188,0,1,3
54567,5,3,191192,191192,191195,0,3,4
54568,4,3,191196,191196,191199,0,3,1
54569,2,3,191198,191199,191202,1,4,0
54570,2,3,191200,191202,191205,2,5,0
54571,3,1,191203,191205,191206,2,3,0
54572,4,3,191207,191207,191210,0,3,1
54573,1,2,191208,191210,191212,2,4,0
54574,4,3,191212,191212,191215,0,3,0
54575,3,3,191215,191215,191218,0,3,0
54576,1,2,191216,191218,191220,2,4,0
54577,1,1,191217,191220,191221,3,4,0
54578,3,2,191220,191221,191223,1,3,0
54579,4,3,191224,191224,191227,0,3,1
54580,4,3,191228,191228,191231,0,3,1
54581,4,1,191232,191232,191233,0,1,1
54582,5,3,191237,191237,191240,0,3,4
54583,4,1,191241,191241,191242,0,1,1
54584,2,3,191243,191243,191246,0,3,1
54585,3,2,191246,191246,191248,0,2,0
54586,1,3,191247,191248,191251,1,4,0
54587,1,1,191248,191251,191252,3,4,0
54588,6,1,191254,191254,191255,0,1,2
54589,6,3,191260,191260,191263,0,3,5
54590,3,2,191263,191263,191265,0,2,0
54591,6,2,191269,191269,191271,0,2,4
54592,1,1,191270,191271,191272,1,2,0
54593,4,3,191274,191274,191277,0,3,2
54594,3,1,191277,191277,191278,0,1,0
54595,3,1,191280,191280,191281,0,1,2
54596,3,2,191283,191283,191285,0,2,2
54597,5,3,191288,191288,191291,0,3,3
54598,6,3,191294,191294,191297,0,3,3
54599,3,3,191297,191297,191300,0,3,0
54600,2,1,191299,191300,191301,1,2,0
54601,3,3,191302,191302,191305,0,3,1
54602,4,2,191306,191306,191308,0,2,1
54603,1,1,191307,191308,191309,1,2,0
54604,5,2,191312,191312,191314,0,2,3
54605,5,3,191317,191317,191320,0,3,3
54606,5,3,191322,191322,191325,0,3,2
54607,3,2,191325,191325,191327,0,2,0
54608,5,2,191330,191330,191332,0,2,3
54609,5,2,191335,191335,191337,0,2,3
54610,2,3,191337,191337,191340,0,3,0
54611,6,1,191343,191343,191344,0,1,3
54612,4,3,191347,191347,191350,0,3,3
54613,2,3,191349,191350,191353,1,4,0
54614,5,3,191354,191354,191357,0,3,1
54615,5,3,191359,191359,191362,0,3,2
54616,4,3,191363,191363,191366,0,3,1
54617,4,1,191367,191367,191368,0,1,1
54618,3,2,191370,191370,191372,0,2,2
54619,4,1,191374,191374,191375,0,1,2
54620,2,1,191376,191376,191377,0,1,1
54621,2,1,191378,191378,191379,0,1,1
54622,5,1,191383,191383,191384,0,1,4
54623,2,1,191385,191385,191386,0,1,1
54624,5,1,191390,191390,191391,0,1,4
54625,5,1,191395,191395,191396,0,1,4
54626,2,1,191397,191397,191398,0,1,1
54627,1,3,191398,191398,191401,0,3,0
54628,3,2,191401,191401,191403,0,2,0
54629,6,3,191407,191407,191410,0,3,4
54630,4,1,191411,191411,191412,0,1,1
54631,5,2,191416,191416,191418,0,2,4
54632,1,1,191417,191418,191419,1,2,0
54633,1,3,191418,191419,191422,1,4,0
54634,1,3,191419,191422,191425,3,6,0
54635,6,2,191425,191425,191427,0,2,0
54636,6,3,191431,191431,191434,0,3,4
54637,5,1,191436,191436,191437,0,1,2
54638,1,1,191437,191437,191438,0,1,0
54639,2,3,191439,191439,191442,0,3,1
54640,6,2,191445,191445,191447,0,2,3
54641,2,1,191447,191447,191448,0,1,0
54642,6,3,191453,191453,191456,0,3,5
54643,6,2,191459,191459,191461,0,2,3
54644,6,2,191465,191465,191467,0,2,4
54645,3,3,191468,191468,191471,0,3,1
54646,6,2,191474,191474,191476,0,2,3
54647,3,1,191477,191477,191478,0,1,1
54648,1,1,191478,191478,191479,0,1,0
54649,1,2,191479,191479,191481,0,2,0
54650,4,3,191483,191483,191486,0,3,2
54651,3,2,191486,191486,191488,0,2,0
54652,2,2,191488,191488,191490,0,2,0
54653,3,2,191491,191491,191493,0,2,1
54654,1,2,191492,191493,191495,1,3,0
54655,5,3,191497,191497,191500,0,3,2
54656,6,1,191503,191503,191504,0,1,3
54657,4,1,191507,191507,191508,0,1,3
54658,3,1,191510,191510,191511,0,1,2
54659,6,2,191516,191516,191518,0,2,5
54660,4,2,191520,191520,191522,0,2,2
54661,3,2,191523,191523,191525,0,2,1
54662,5,3,191528,191528,191531,0,3,3
54663,1,1,191529,191531,191532,2,3,0
54664,1,2,191530,191532,191534,2,4,0
54665,5,3,191535,191535,191538,0,3,1
54666,6,3,191541,191541,191544,0,3,3
54667,6,3,191547,191547,191550,0,3,3
54668,3,2,191550,191550,191552,0,2,0
54669,4,2,191554,191554,191556,0,2,2
54670,5,1,191559,191559,191560,0,1,3
54671,3,3,191562,191562,191565,0,3,2
54672,5,1,191567,191567,191568,0,1,2
54673,3,1,191570,191570,191571,0,1,2
54674,3,1,191573,191573,191574,0,1,2
54675,5,1,191578,191578,191579,0,1,4
54676,3,1,191581,191581,191582,0,1,2
54677,2,3,191583,191583,191586,0,3,1
54678,6,1,191589,191589,191590,0,1,3
54679,4,3,191593,191593,191596,0,3,3
54680,1,2,191594,191596,191598,2,4,0
54681,3,3,191597,191598,191601,1,4,0
54682,2,1,191599,191601,191602,2,3,0
54683,2,2,191601,191602,191604,1,3,0
54684,3,1,191604,191604,191605,0,1,0
54685,5,2,191609,191609,191611,0,2,4
54686,3,1,191612,191612,191613,0,1,1
54687,6,1,191618,191618,191619,0,1,5
54688,2,2,191620,191620,191622,0,2,1
54689,2,3,191622,191622,191625,0,3,0
54690,5,1,191627,191627,191628,0,1,2
54691,4,2,191631,191631,191633,0,2,3
54692,3,3,191634,191634,191637,0,3,1
54693,5,2,191639,191639,191641,0,2,2
54694,1,1,191640,191641,191642,1,2,0
54695,2,3,191642,191642,191645,0,3,0
54696,3,3,191645,191645,191648,0,3,0
54697,3,1,191648,191648,191649,0,1,0
54698,3,1,191651,191651,191652,0,1,2
54699,5,2,191656,191656,191658,0,2,4
54700,6,1,191662,191662,191663,0,1,4
54701,2,1,191664,191664,191665,0,1,1
54702,6,3,191670,191670,191673,0,3,5
54703,6,1,191676,191676,191677,0,1,3
54704,5,2,191681,191681,191683,0,2,4
54705,4,3,191685,191685,191688,0,3,2
54706,5,2,191690,191690,191692,0,2,2
54707,2,2,191692,191692,191694,0,2,0
54708,1,1,191693,191694,191695,1,2,0
54709,5,3,191698,191698,191701,0,3,3
54710,4,1,191702,191702,191703,0,1,1
54711,4,2,191706,191706,191708,0,2,3
54712,2,1,191708,191708,191709,0,1,0
54713,5,1,191713,191713,191714,0,1,4
54714,1,2,191714,191714,191716,0,2,0
54715,4,2,191718,191718,191720,0,2,2
54716,1,1,191719,191720,191721,1,2,0
54717,3,2,191722,191722,191724,0,2,1
54718,1,3,191723,191724,191727,1,4,0
54719,6,1,191729,191729,191730,0,1,2
54720,1,3,191730,191730,191733,0,3,0
54721,3,1,191733,191733,191734,0,1,0
54722,4,2,191737,191737,191739,0,2,3
54723,3,2,191740,191740,191742,0,2,1
54724,6,3,191746,191746,191749,0,3,4
54725,1,2,191747,191749,191751,2,4,0
54726,6,1,191753,191753,191754,0,1,2
54727,5,1,191758,191758,191759,0,1,4
54728,6,3,191764,191764,191767,0,3,5
54729,6,3,191770,191770,191773,0,3,3
54730,2,1,191772,191773,191774,1,2,0
54731,4,3,191776,191776,191779,0,3,2
54732,3,3,191779,191779,191782,0,3,0
54733,1,2,191780,191782,191784,2,4,0
54734,5,1,191785,191785,191786,0,1,1
54735,3,2,191788,191788,191790,0,2,2
54736,3,1,191791,191791,191792,0,1,1
54737,2,2,191793,191793,191795,0,2,1
54738,3,2,191796,191796,191798,0,2,1
54739,6,2,191802,191802,191804,0,2,4
54740,5,1,191807,191807,191808,0,1,3
54741,5,3,191812,191812,191815,0,3,4
54742,1,1,191813,191815,191816,2,3,0
54743,2,3,191815,191816,191819,1,4,0
54744,5,1,191820,191820,191821,0,1,1
54745,1,3,191821,191821,191824,0,3,0
54746,5,2,191826,191826,191828,0,2,2
54747,1,2,191827,191828,191830,1,3,0
54748,1,2,191828,191830,191832,2,4,0
54749,3,2,191831,191832,191834,1,3,0
54750,5,3,191836,191836,191839,0,3,2
54751,1,3,191837,191839,191842,2,5,0
54752,5,1,191842,191842,191843,0,1,0
54753,1,2,191843,191843,191845,0,2,0
54754,3,1,191846,191846,191847,0,1,1
54755,3,2,191849,191849,191851,0,2,2
54756,3,2,191852,191852,191854,0,2,1
54757,6,1,191858,191858,191859,0,1,4
54758,1,3,191859,191859,191862,0,3,0
54759,4,2,191863,191863,191865,0,2,1
54760,5,2,191868,191868,191870,0,2,3
54761,5,3,191873,191873,191876,0,3,3
54762,3,1,191876,191876,191877,0,1,0
54763,4,2,191880,191880,191882,0,2,3
54764,3,1,191883,191883,191884,0,1,1
54765,3,1,191886,191886,191887,0,1,2
54766,1,3,191887,191887,191890,0,3,0
54767,1,3,191888,191890,191893,2,5,0
54768,2,3,191890,191893,191896,3,6,0
54769,3,3,191893,191896,191899,3,6,0
54770,2,2,191895,191899,191901,4,6,0
54771,4,1,191899,191901,191902,2,3,0
54772,3,3,191902,191902,191905,0,3,0
54773,3,3,191905,191905,191908,0,3,0
54774,5,1,191910,191910,191911,0,1,2
54775,2,2,191912,191912,191914,0,2,1
54776,1,2,191913,191914,191916,1,3,0
54777,3,2,191916,191916,191918,0,2,0
54778,1,1,191917,191918,191919,1,2,0
54779,3,3,191920,191920,191923,0,3,1
54780,2,3,191922,191923,191926,1,4,0
54781,6,3,191928,191928,191931,0,3,2
54782,2,2,191930,191931,191933,1,3,0
54783,1,2,191931,191933,191935,2,4,0
54784,2,2,191933,191935,191937,2,4,0
54785,3,2,191936,191937,191939,1,3,0
54786,5,2,191941,191941,191943,0,2,2
54787,1,2,191942,191943,191945,1,3,0
54788,6,1,191948,191948,191949,0,1,3
54789,1,1,191949,191949,191950,0,1,0
54790,3,3,191952,191952,191955,0,3,2
54791,2,2,191954,191955,191957,1,3,0
54792,6,1,191960,191960,191961,0,1,3
54793,6,3,191966,191966,191969,0,3,5
54794,4,1,191970,191970,191971,0,1,1
54795,5,2,191975,191975,191977,0,2,4
54796,5,2,191980,191980,191982,0,2,3
54797,1,1,191981,191982,191983,1,2,0
54798,1,2,191982,191983,191985,1,3,0
54799,4,2,191986,191986,191988,0,2,1
54800,3,1,191989,191989,191990,0,1,1
54801,4,3,191993,191993,191996,0,3,3
54802,5,2,191998,191998,192000,0,2,2
54803,1,3,191999,192000,192003,1,4,0
54804,5,2,192004,192004,192006,0,2,1
54805,6,2,192010,192010,192012,0,2,4
54806,3,2,192013,192013,192015,0,2,1
54807,4,2,192017,192017,192019,0,2,2
54808,6,3,192023,192023,192026,0,3,4
54809,4,2,192027,192027,192029,0,2,1
54810,6,1,192033,192033,192034,0,1,4
54811,6,1,192039,192039,192040,0,1,5
54812,4,1,192043,192043,192044,0,1,3
54813,1,3,192044,192044,192047,0,3,0
54814,4,3,192048,192048,192051,0,3,1
54815,3,1,192051,192051,192052,0,1,0
54816,2,3,192053,192053,192056,0,3,1
54817,3,2,192056,192056,192058,0,2,0
54818,5,2,192061,192061,192063,0,2,3
54819,2,3,192063,192063,192066,0,3,0
54820,3,2,192066,192066,192068,0,2,0
54821,5,1,192071,192071,192072,0,1,3
54822,1,3,192072,192072,192075,0,3,0
54823,1,1,192073,192075,192076,2,3,0
54824,6,3,192079,192079,192082,0,3,3
54825,1,3,192080,192082,192085,2,5,0
54826,6,3,192086,192086,192089,0,3,1
54827,1,3,192087,192089,192092,2,5,0
54828,3,2,192090,192092,192094,2,4,0
54829,5,2,192095,192095,192097,0,2,1
54830,3,2,192098,192098,192100,0,2,1
54831,6,2,192104,192104,192106,0,2,4
54832,3,1,192107,192107,192108,0,1,1
54833,2,1,192109,192109,192110,0,1,1
54834,2,2,192111,192111,192113,0,2,1
54835,4,1,192115,192115,192116,0,1,2
54836,6,1,192121,192121,192122,0,1,5
54837,3,1,192124,192124,192125,0,1,2
54838,5,1,192129,192129,192130,0,1,4
54839,1,2,192130,192130,192132,0,2,0
54840,1,3,192131,192132,192135,1,4,0
54841,6,2,192137,192137,192139,0,2,2
54842,3,2,192140,192140,192142,0,2,1
54843,1,1,192141,192142,192143,1,2,0
54844,5,3,192146,192146,192149,0,3,3
54845,2,1,192148,192149,192150,1,2,0
54846,3,3,192151,192151,192154,0,3,1
54847,2,2,192153,192154,192156,1,3,0
54848,4,2,192157,192157,192159,0,2,1
54849,4,1,192161,192161,192162,0,1,2
54850,6,1,192167,192167,192168,0,1,5
54851,4,2,192171,192171,192173,0,2,3
54852,5,3,192176,192176,192179,0,3,3
54853,6,2,192182,192182,192184,0,2,3
54854,1,1,192183,192184,192185,1,2,0
54855,2,2,192185,192185,192187,0,2,0
54856,1,1,192186,192187,192188,1,2,0
54857,1,2,192187,192188,192190,1,3,0
54858,6,2,192193,192193,192195,0,2,3
54859,4,1,192197,192197,192198,0,1,2
54860,3,3,192200,192200,192203,0,3,2
54861,5,2,192205,192205,192207,0,2,2
54862,3,3,192208,192208,192211,0,3,1
54863,6,3,192214,192214,192217,0,3,3
54864,1,1,192215,192217,192218,2,3,0
54865,6,1,192221,192221,192222,0,1,3
54866,3,2,192224,192224,192226,0,2,2
54867,5,2,192229,192229,192231,0,2,3
54868,2,3,192231,192231,192234,0,3,0
54869,4,3,192235,192235,192238,0,3,1
54870,4,3,192239,192239,192242,0,3,1
54871,1,3,192240,192242,192245,2,5,0
54872,4,2,192244,192245,192247,1,3,0
54873,6,3,192250,192250,192253,0,3,3
54874,3,3,192253,192253,192256,0,3,0
54875,2,1,192255,192256,192257,1,2,0
54876,6,2,192261,192261,192263,0,2,4
54877,2,1,192263,192263,192264,0,1,0
54878,3,1,192266,192266,192267,0,1,2
54879,3,2,192269,192269,192271,0,2,2
54880,2,2,192271,192271,192273,0,2,0
54881,1,1,192272,192273,192274,1,2,0
54882,2,3,192274,192274,192277,0,3,0
54883,6,1,192280,192280,192281,0,1,3
54884,3,3,192283,192283,192286,0,3,2
54885,2,2,192285,192286,192288,1,3,0
54886,5,3,192290,192290,192293,0,3,2
54887,1,3,192291,192293,192296,2,5,0
54888,2,2,192293,192296,192298,3,5,0
54889,3,3,192296,192298,192301,2,5,0
54890,6,1,192302,192302,192303,0,1,1
54891,1,1,192303,192303,192304,0,1,0
54892,3,1,192306,192306,192307,0,1,2
54893,6,2,192312,192312,192314,0,2,5
54894,6,1,192318,192318,192319,0,1,4
54895,4,1,192322,192322,192323,0,1,3
54896,2,3,192324,192324,192327,0,3,1
54897,6,3,192330,192330,192333,0,3,3
54898,1,3,192331,192333,192336,2,5,0
54899,2,3,192333,192336,192339,3,6,0
54900,6,2,192339,192339,192341,0,2,0
54901,6,2,192345,192345,192347,0,2,4
54902,4,2,192349,192349,192351,0,2,2
54903,6,1,192355,192355,192356,0,1,4
54904,2,2,192357,192357,192359,0,2,1
54905,1,3,192358,192359,192362,1,4,0
54906,3,3,192361,192362,192365,1,4,0
54907,1,1,192362,192365,192366,3,4,0
54908,2,2,192364,192366,192368,2,4,0
54909,2,2,192366,192368,192370,2,4,0
54910,5,1,192371,192371,192372,0,1,1
54911,5,3,192376,192376,192379,0,3,4
54912,4,2,192380,192380,192382,0,2,1
54913,6,1,192386,192386,192387,0,1,4
54914,6,3,192392,192392,192395,0,3,5
54915,4,3,192396,192396,192399,0,3,1
54916,1,1,192397,192399,192400,2,3,0
54917,3,1,192400,192400,192401,0,1,0
54918,6,1,192406,192406,192407,0,1,5
54919,5,1,192411,192411,192412,0,1,4
54920,6,2,192417,192417,192419,0,2,5
54921,3,2,192420,192420,192422,0,2,1
54922,1,1,192421,192422,192423,1,2,0
54923,4,2,192425,192425,192427,0,2,2
54924,6,1,192431,192431,192432,0,1,4
54925,4,2,192435,192435,192437,0,2,3
54926,3,2,192438,192438,192440,0,2,1
54927,2,1,192440,192440,192441,0,1,0
54928,1,1,192441,192441,192442,0,1,0
54929,6,1,192447,192447,192448,0,1,5
54930,3,1,192450,192450,192451,0,1,2
54931,2,2,192452,192452,192454,0,2,1
54932,5,3,192457,192457,192460,0,3,3
54933,1,1,192458,192460,192461,2,3,0
54934,3,1,192461,192461,192462,0,1,0
54935,1,1,192462,192462,192463,0,1,0
54936,4,3,192466,192466,192469,0,3,3
54937,5,1,192471,192471,192472,0,1,2
54938,1,3,192472,192472,192475,0,3,0
54939,1,3,192473,192475,192478,2,5,0
54940,6,1,192479,192479,192480,0,1,1
54941,3,2,192482,192482,192484,0,2,2
54942,3,1,192485,192485,192486,0,1,1
54943,2,2,192487,192487,192489,0,2,1
54944,5,2,192492,192492,192494,0,2,3
54945,1,3,192493,192494,192497,1,4,0
54946,4,3,192497,192497,192500,0,3,0
54947,1,3,192498,192500,192503,2,5,0
54948,2,2,192500,192503,192505,3,5,0
54949,2,3,192502,192505,192508,3,6,0
54950,4,1,192506,192508,192509,2,3,0
54951,1,2,192507,192509,192511,2,4,0
54952,5,2,192512,192512,192514,0,2,1
54953,2,2,192514,192514,192516,0,2,0
54954,4,3,192518,192518,192521,0,3,2
54955,6,2,192524,192524,192526,0,2,3
54956,3,3,192527,192527,192530,0,3,1
54957,5,2,192532,192532,192534,0,2,2
54958,6,2,192538,192538,192540,0,2,4
54959,4,3,192542,192542,192545,0,3,2
54960,4,2,192546,192546,192548,0,2,1
54961,4,3,192550,192550,192553,0,3,2
54962,2,1,192552,192553,192554,1,2,0
54963,1,2,192553,192554,192556,1,3,0
54964,2,2,192555,192556,192558,1,3,0
54965,5,3,192560,192560,192563,0,3,2
54966,5,3,192565,192565,192568,0,3,2
54967,2,2,192567,192568,192570,1,3,0
54968,3,2,192570,192570,192572,0,2,0
54969,6,2,192576,192576,192578,0,2,4
54970,2,1,192578,192578,192579,0,1,0
54971,4,3,192582,192582,192585,0,3,3
54972,4,1,192586,192586,192587,0,1,1
54973,3,1,192589,192589,192590,0,1,2
54974,4,1,192593,192593,192594,0,1,3
54975,6,2,192599,192599,192601,0,2,5
54976,1,3,192600,192601,192604,1,4,0
54977,2,3,192602,192604,192607,2,5,0
54978,3,3,192605,192607,192610,2,5,0
54979,6,3,192611,192611,192614,0,3,1
54980,1,1,192612,192614,192615,2,3,0
54981,2,3,192614,192615,192618,1,4,0
54982,6,3,192620,192620,192623,0,3,2
54983,1,3,192621,192623,192626,2,5,0
54984,4,2,192625,192626,192628,1,3,0
54985,5,1,192630,192630,192631,0,1,2
54986,1,1,192631,192631,192632,0,1,0
54987,6,2,192637,192637,192639,0,2,5
54988,4,3,192641,192641,192644,0,3,2
54989,5,3,192646,192646,192649,0,3,2
54990,4,2,192650,192650,192652,0,2,1
54991,2,2,192652,192652,192654,0,2,0
54992,6,1,192658,192658,192659,0,1,4
54993,5,1,192663,192663,192664,0,1,4
54994,3,1,192666,192666,192667,0,1,2
54995,1,2,192667,192667,192669,0,2,0
54996,5,2,192672,192672,192674,0,2,3
54997,4,3,192676,192676,192679,0,3,2
54998,3,3,192679,192679,192682,0,3,0
54999,5,2,192684,192684,192686,0,2,2
55000,2,2,192686,192686,192688,0,2,0
55001,1,1,192687,192688,192689,1,2,0
55002,1,1,192688,192689,192690,1,2,0
55003,2,3,192690,192690,192693,0,3,0
55004,3,3,192693,192693,192696,0,3,0
55005,4,1,192697,192697,192698,0,1,1
55006,4,2,192701,192701,192703,0,2,3
55007,3,2,192704,192704,192706,0,2,1
55008,2,1,192706,192706,192707,0,1,0
55009,3,2,192709,192709,192711,0,2,2
55010,5,1,192714,192714,192715,0,1,3
55011,3,1,192717,192717,192718,0,1,2
55012,5,2,192722,192722,192724,0,2,4
55013,6,1,192728,192728,192729,0,1,4
55014,2,3,192730,192730,192733,0,3,1
55015,2,2,192732,192733,192735,1,3,0
55016,6,3,192738,192738,192741,0,3,3
55017,4,3,192742,192742,192745,0,3,1
55018,1,3,192743,192745,192748,2,5,0
55019,6,1,192749,192749,192750,0,1,1
55020,4,1,192753,192753,192754,0,1,3
55021,6,2,192759,192759,192761,0,2,5
55022,5,2,192764,192764,192766,0,2,3
55023,1,2,192765,192766,192768,1,3,0
55024,1,3,192766,192768,192771,2,5,0
55025,3,2,192769,192771,192773,2,4,0
55026,3,2,192772,192773,192775,1,3,0
55027,4,3,192776,192776,192779,0,3,1
55028,6,1,192782,192782,192783,0,1,3
55029,5,2,192787,192787,192789,0,2,4
55030,2,1,192789,192789,192790,0,1,0
55031,1,1,192790,192790,192791,0,1,0
55032,3,2,192793,192793,192795,0,2,2
55033,3,2,192796,192796,192798,0,2,1
55034,2,1,192798,192798,192799,0,1,0
55035,4,1,192802,192802,192803,0,1,3
55036,3,2,192805,192805,192807,0,2,2
55037,3,2,192808,192808,192810,0,2,1
55038,3,2,192811,192811,192813,0,2,1
55039,4,1,192815,192815,192816,0,1,2
55040,2,2,192817,192817,192819,0,2,1
55041,5,1,192822,192822,192823,0,1,3
55042,3,1,192825,192825,192826,0,1,2
55043,4,2,192829,192829,192831,0,2,3
55044,3,1,192832,192832,192833,0,1,1
55045,4,2,192836,192836,192838,0,2,3
55046,1,1,192837,192838,192839,1,2,0
55047,2,3,192839,192839,192842,0,3,0
55048,1,3,192840,192842,192845,2,5,0
55049,4,3,192844,192845,192848,1,4,0
55050,2,2,192846,192848,192850,2,4,0
55051,4,2,192850,192850,192852,0,2,0
55052,1,3,192851,192852,192855,1,4,0
55053,1,1,192852,192855,192856,3,4,0
55054,6,1,192858,192858,192859,0,1,2
55055,1,1,192859,192859,192860,0,1,0
55056,3,1,192862,192862,192863,0,1,2
55057,6,1,192868,192868,192869,0,1,5
55058,3,2,192871,192871,192873,0,2,2
55059,5,2,192876,192876,192878,0,2,3
55060,3,3,192879,192879,192882,0,3,1
55061,6,2,192885,192885,192887,0,2,3
55062,1,2,192886,192887,192889,1,3,0
55063,4,2,192890,192890,192892,0,2,1
55064,6,2,192896,192896,192898,0,2,4
55065,5,2,192901,192901,192903,0,2,3
55066,3,1,192904,192904,192905,0,1,1
55067,6,3,192910,192910,192913,0,3,5
55068,1,3,192911,192913,192916,2,5,0
55069,6,2,192917,192917,192919,0,2,1
55070,3,2,192920,192920,192922,0,2,1
55071,3,1,192923,192923,192924,0,1,1
55072,3,1,192926,192926,192927,0,1,2
55073,6,3,192932,192932,192935,0,3,5
55074,5,3,192937,192937,192940,0,3,2
55075,5,2,192942,192942,192944,0,2,2
55076,3,1,192945,192945,192946,0,1,1
55077,5,3,192950,192950,192953,0,3,4
55078,3,1,192953,192953,192954,0,1,0
55079,3,3,192956,192956,192959,0,3,2
55080,6,2,192962,192962,192964,0,2,3
55081,2,1,192964,192964,192965,0,1,0
55082,5,1,192969,192969,192970,0,1,4
55083,5,1,192974,192974,192975,0,1,4
55084,1,3,192975,192975,192978,0,3,0
55085,1,3,192976,192978,192981,2,5,0
55086,6,2,192982,192982,192984,0,2,1
55087,2,3,192984,192984,192987,0,3,0
55088,1,2,192985,192987,192989,2,4,0
55089,3,3,192988,192989,192992,1,4,0
55090,2,1,192990,192992,192993,2,3,0
55091,4,2,192994,192994,192996,0,2,1
55092,3,3,192997,192997,193000,0,3,1
55093,1,1,192998,193000,193001,2,3,0
55094,3,1,193001,193001,193002,0,1,0
55095,3,1,193004,193004,193005,0,1,2
55096,5,2,193009,193009,193011,0,2,4
55097,2,2,193011,193011,193013,0,2,0
55098,2,1,193013,193013,193014,0,1,0
55099,4,2,193017,193017,193019,0,2,3
55100,4,1,193021,193021,193022,0,1,2
55101,4,3,193025,193025,193028,0,3,3
55102,4,2,193029,193029,193031,0,2,1
55103,4,2,193033,193033,193035,0,2,2
55104,1,3,193034,193035,193038,1,4,0
55105,5,3,193039,193039,193042,0,3,1
55106,2,1,193041,193042,193043,1,2,0
55107,4,3,193045,193045,193048,0,3,2
55108,1,2,193046,193048,193050,2,4,0
55109,6,2,193052,193052,193054,0,2,2
55110,5,3,193057,193057,193060,0,3,3
55111,2,1,193059,193060,193061,1,2,0
55112,3,3,193062,193062,193065,0,3,1
55113,1,2,193063,193065,193067,2,4,0
55114,1,1,193064,193067,193068,3,4,0
55115,5,2,193069,193069,193071,0,2,1
55116,1,2,193070,193071,193073,1,3,0
55117,6,2,193076,193076,193078,0,2,3
55118,3,1,193079,193079,193080,0,1,1
55119,3,1,193082,193082,193083,0,1,2
55120,2,2,193084,193084,193086,0,2,1
55121,4,2,193088,193088,193090,0,2,2
55122,6,1,193094,193094,193095,0,1,4
55123,4,3,193098,193098,193101,0,3,3
55124,1,1,193099,193101,193102,2,3,0
55125,4,2,193103,193103,193105,0,2,1
55126,5,1,193108,193108,193109,0,1,3
55127,2,1,193110,193110,193111,0,1,1
55128,1,3,193111,193111,193114,0,3,0
55129,6,1,193117,193117,193118,0,1,3
55130,2,3,193119,193119,193122,0,3,1
55131,2,3,193121,193122,193125,1,4,0
55132,1,3,193122,193125,193128,3,6,0
55133,1,1,193123,193128,193129,5,6,0
55134,6,3,193129,193129,193132,0,3,0
55135,2,1,193131,193132,193133,1,2,0
55136,6,2,193137,193137,193139,0,2,4
55137,6,2,193143,193143,193145,0,2,4
55138,2,2,193145,193145,193147,0,2,0
55139,6,3,193151,193151,193154,0,3,4
55140,4,1,193155,193155,193156,0,1,1
55141,3,2,193158,193158,193160,0,2,2
55142,5,3,193163,193163,193166,0,3,3
55143,4,3,193167,193167,193170,0,3,1
55144,2,2,193169,193170,193172,1,3,0
55145,5,3,193174,193174,193177,0,3,2
55146,6,3,193180,193180,193183,0,3,3
55147,4,2,193184,193184,193186,0,2,1
55148,1,1,193185,193186,193187,1,2,0
55149,6,1,193191,193191,193192,0,1,4
55150,1,1,193192,193192,193193,0,1,0
55151,1,3,193193,193193,193196,0,3,0
55152,2,3,193195,193196,193199,1,4,0
55153,1,1,193196,193199,193200,3,4,0
55154,1,3,193197,193200,193203,3,6,0
55155,3,1,193200,193203,193204,3,4,0
55156,1,3,193201,193204,193207,3,6,0
55157,2,1,193203,193207,193208,4,5,0
55158,4,3,193207,193208,193211,1,4,0
55159,5,1,193212,193212,193213,0,1,1
55160,6,2,193218,193218,193220,0,2,5
55161,4,2,193222,193222,193224,0,2,2
55162,3,1,193225,193225,193226,0,1,1
55163,3,1,193228,193228,193229,0,1,2
55164,5,3,193233,193233,193236,0,3,4
55165,3,2,193236,193236,193238,0,2,0
55166,4,1,193240,193240,193241,0,1,2
55167,4,3,193244,193244,193247,0,3,3
55168,6,2,193250,193250,193252,0,2,3
55169,2,3,193252,193252,193255,0,3,0
55170,1,2,193253,193255,193257,2,4,0
55171,6,1,193259,193259,193260,0,1,2
55172,6,3,193265,193265,193268,0,3,5
55173,6,2,193271,193271,193273,0,2,3
55174,4,1,193275,193275,193276,0,1,2
55175,5,3,193280,193280,193283,0,3,4
55176,3,1,193283,193283,193284,0,1,0
55177,4,1,193287,193287,193288,0,1,3
55178,3,1,193290,193290,193291,0,1,2
55179,5,3,193295,193295,193298,0,3,4
55180,1,1,193296,193298,193299,2,3,0
55181,1,3,193297,193299,193302,2,5,0
55182,1,2,193298,193302,193304,4,6,0
55183,3,1,193301,193304,193305,3,4,0
55184,3,3,193304,193305,193308,1,4,0
55185,4,1,193308,193308,193309,0,1,0
55186,5,1,193313,193313,193314,0,1,4
55187,3,1,193316,193316,193317,0,1,2
55188,4,2,193320,193320,193322,0,2,3
55189,1,3,193321,193322,193325,1,4,0
55190,2,2,193323,193325,193327,2,4,0
55191,6,1,193329,193329,193330,0,1,2
55192,3,1,193332,193332,193333,0,1,2
55193,3,3,193335,193335,193338,0,3,2
55194,6,2,193341,193341,193343,0,2,3
55195,2,3,193343,193343,193346,0,3,0
55196,4,2,193347,193347,193349,0,2,1
55197,2,2,193349,193349,193351,0,2,0
55198,2,1,193351,193351,193352,0,1,0
55199,5,3,193356,193356,193359,0,3,4
55200,4,2,193360,193360,193362,0,2,1
55201,3,2,193363,193363,193365,0,2,1
55202,3,2,193366,193366,193368,0,2,1
55203,5,2,193371,193371,193373,0,2,3
55204,2,3,193373,193373,193376,0,3,0
55205,5,3,193378,193378,193381,0,3,2
55206,2,2,193380,193381,193383,1,3,0
55207,4,1,193384,193384,193385,0,1,1
55208,1,2,193385,193385,193387,0,2,0
55209,2,2,193387,193387,193389,0,2,0
55210,5,2,193392,193392,193394,0,2,3
55211,3,1,193395,193395,193396,0,1,1
55212,2,3,193397,193397,193400,0,3,1
55213,5,2,193402,193402,193404,0,2,2
55214,3,1,193405,193405,193406,0,1,1
55215,4,3,193409,193409,193412,0,3,3
55216,5,2,193414,193414,193416,0,2,2
55217,3,3,193417,193417,193420,0,3,1
55218,6,1,193423,193423,193424,0,1,3
55219,4,3,193427,193427,193430,0,3,3
55220,5,3,193432,193432,193435,0,3,2
55221,5,2,193437,193437,193439,0,2,2
55222,6,2,193443,193443,193445,0,2,4
55223,2,1,193445,193445,193446,0,1,0
55224,3,1,193448,193448,193449,0,1,2
55225,5,3,193453,193453,193456,0,3,4
55226,4,3,193457,193457,193460,0,3,1
55227,4,3,193461,193461,193464,0,3,1
55228,5,1,193466,193466,193467,0,1,2
55229,4,3,193470,193470,193473,0,3,3
55230,3,3,193473,193473,193476,0,3,0
55231,3,2,193476,193476,193478,0,2,0
55232,2,2,193478,193478,193480,0,2,0
55233,5,3,193483,193483,193486,0,3,3
55234,3,2,193486,193486,193488,0,2,0
55235,6,3,193492,193492,193495,0,3,4
55236,6,2,193498,193498,193500,0,2,3
55237,2,3,193500,193500,193503,0,3,0
55238,6,2,193506,193506,193508,0,2,3
55239,5,1,193511,193511,193512,0,1,3
55240,4,2,193515,193515,193517,0,2,3
55241,5,2,193520,193520,193522,0,2,3
55242,1,1,193521,193522,193523,1,2,0
55243,1,3,193522,193523,193526,1,4,0
55244,6,1,193528,193528,193529,0,1,2
55245,3,2,193531,193531,193533,0,2,2
55246,1,2,193532,193533,193535,1,3,0
55247,4,3,193536,193536,193539,0,3,1
55248,4,1,193540,193540,193541,0,1,1
55249,3,3,193543,193543,193546,0,3,2
55250,6,2,193549,193549,193551,0,2,3
55251,5,3,193554,193554,193557,0,3,3
55252,5,2,193559,193559,193561,0,2,2
55253,5,3,193564,193564,193567,0,3,3
55254,3,2,193567,193567,193569,0,2,0
55255,4,1,193571,193571,193572,0,1,2
55256,1,3,193572,193572,193575,0,3,0
55257,1,2,193573,193575,193577,2,4,0
55258,3,2,193576,193577,193579,1,3,0
55259,2,2,193578,193579,193581,1,3,0
55260,5,3,193583,193583,193586,0,3,2
55261,2,2,193585,193586,193588,1,3,0
55262,1,2,193586,193588,193590,2,4,0
55263,2,1,193588,193590,193591,2,3,0
55264,3,1,193591,193591,193592,0,1,0
55265,5,3,193596,193596,193599,0,3,4
55266,3,3,193599,193599,193602,0,3,0
55267,5,1,193604,193604,193605,0,1,2
55268,5,1,193609,193609,193610,0,1,4
55269,6,1,193615,193615,193616,0,1,5
55270,1,1,193616,193616,193617,0,1,0
55271,3,1,193619,193619,193620,0,1,2
55272,6,1,193625,193625,193626,0,1,5
55273,6,2,193631,193631,193633,0,2,5
55274,6,1,193637,193637,193638,0,1,4
55275,1,3,193638,193638,193641,0,3,0
55276,6,2,193644,193644,193646,0,2,3
55277,3,2,193647,193647,193649,0,2,1
55278,3,3,193650,193650,193653,0,3,1
55279,2,3,193652,193653,193656,1,4,0
55280,5,3,193657,193657,193660,0,3,1
55281,4,3,193661,193661,193664,0,3,1
55282,5,3,193666,193666,193669,0,3,2
55283,5,2,193671,193671,193673,0,2,2
55284,4,2,193675,193675,193677,0,2,2
55285,6,3,193681,193681,193684,0,3,4
55286,6,1,193687,193687,193688,0,1,3
55287,5,2,193692,193692,193694,0,2,4
55288,4,3,193696,193696,193699,0,3,2
55289,5,1,193701,193701,193702,0,1,2
55290,5,1,193706,193706,193707,0,1,4
55291,1,3,193707,193707,193710,0,3,0
55292,6,2,193713,193713,193715,0,2,3
55293,4,1,193717,193717,193718,0,1,2
55294,2,2,193719,193719,193721,0,2,1
55295,2,1,193721,193721,193722,0,1,0
55296,4,3,193725,193725,193728,0,3,3
55297,5,2,193730,193730,193732,0,2,2
55298,1,2,193731,193732,193734,1,3,0
55299,3,3,193734,193734,193737,0,3,0
55300,5,3,193739,193739,193742,0,3,2
55301,6,2,193745,193745,193747,0,2,3
55302,1,3,193746,193747,193750,1,4,0
55303,1,2,193747,193750,193752,3,5,0
55304,5,2,193752,193752,193754,0,2,0
55305,2,2,193754,193754,193756,0,2,0
55306,4,1,193758,193758,193759,0,1,2
55307,6,3,193764,193764,193767,0,3,5
55308,2,1,193766,193767,193768,1,2,0
55309,6,3,193772,193772,193775,0,3,4
55310,4,3,193776,193776,193779,0,3,1
55311,1,2,193777,193779,193781,2,4,0
55312,3,2,193780,193781,193783,1,3,0
55313,2,1,193782,193783,193784,1,2,0
55314,1,3,193783,193784,193787,1,4,0
55315,2,2,193785,193787,193789,2,4,0
55316,6,3,193791,193791,193794,0,3,2
55317,3,3,193794,193794,193797,0,3,0
55318,3,3,193797,193797,193800,0,3,0
55319,6,2,193803,193803,193805,0,2,3
55320,4,3,193807,193807,193810,0,3,2
55321,2,1,193809,193810,193811,1,2,0
55322,2,2,193811,193811,193813,0,2,0
55323,4,3,193815,193815,193818,0,3,2
55324,5,1,193820,193820,193821,0,1,2
55325,1,3,193821,193821,193824,0,3,0
55326,5,3,193826,193826,193829,0,3,2
55327,6,1,193832,193832,193833,0,1,3
55328,2,2,193834,193834,193836,0,2,1
55329,6,1,193840,193840,193841,0,1,4
55330,3,3,193843,193843,193846,0,3,2
55331,3,2,193846,193846,193848,0,2,0
55332,3,1,193849,193849,193850,0,1,1
55333,3,2,193852,193852,193854,0,2,2
55334,2,3,193854,193854,193857,0,3,0
55335,3,2,193857,193857,193859,0,2,0
55336,2,1,193859,193859,193860,0,1,0
55337,1,1,193860,193860,193861,0,1,0
55338,4,1,193864,193864,193865,0,1,3
55339,3,3,193867,193867,193870,0,3,2
55340,4,3,193871,193871,193874,0,3,1
55341,4,3,193875,193875,193878,0,3,1
55342,6,3,193881,193881,193884,0,3,3
55343,5,3,193886,193886,193889,0,3,2
55344,4,3,193890,193890,193893,0,3,1
55345,1,2,193891,193893,193895,2,4,0
55346,6,3,193897,193897,193900,0,3,2
55347,1,3,193898,193900,193903,2,5,0
55348,4,1,193902,193903,193904,1,2,0
55349,3,3,193905,193905,193908,0,3,1
55350,5,1,193910,193910,193911,0,1,2
55351,2,1,193912,193912,193913,0,1,1
55352,4,1,193916,193916,193917,0,1,3
55353,2,2,193918,193918,193920,0,2,1
55354,3,2,193921,193921,193923,0,2,1
55355,4,2,193925,193925,193927,0,2,2
55356,1,3,193926,193927,193930,1,4,0
55357,5,3,193931,193931,193934,0,3,1
55358,5,3,193936,193936,193939,0,3,2
55359,2,3,193938,193939,193942,1,4,0
55360,6,2,193944,193944,193946,0,2,2
55361,1,3,193945,193946,193949,1,4,0
55362,1,2,193946,193949,193951,3,5,0
55363,1,1,193947,193951,193952,4,5,0
55364,6,3,193953,193953,193956,0,3,1
55365,4,3,193957,193957,193960,0,3,1
55366,3,1,193960,193960,193961,0,1,0
55367,1,1,193961,193961,193962,0,1,0
55368,2,1,193963,193963,193964,0,1,1
55369,6,3,193969,193969,193972,0,3,5
55370,6,3,193975,193975,193978,0,3,3
55371,2,1,193977,193978,193979,1,2,0
55372,1,2,193978,193979,193981,1,3,0
55373,1,2,193979,193981,193983,2,4,0
55374,6,3,193985,193985,193988,0,3,2
55375,1,3,193986,193988,193991,2,5,0
55376,2,1,193988,193991,193992,3,4,0
55377,1,3,193989,193992,193995,3,6,0
55378,3,2,193992,193995,193997,3,5,0
55379,5,3,193997,193997,194000,0,3,0
55380,6,1,194003,194003,194004,0,1,3
55381,6,2,194009,194009,194011,0,2,5
55382,5,1,194014,194014,194015,0,1,3
55383,4,1,194018,194018,194019,0,1,3
55384,1,1,194019,194019,194020,0,1,0
55385,2,3,194021,194021,194024,0,3,1
55386,1,1,194022,194024,194025,2,3,0
55387,5,1,194027,194027,194028,0,1,2
55388,5,1,194032,194032,194033,0,1,4
55389,2,1,194034,194034,194035,0,1,1
55390,4,2,194038,194038,194040,0,2,3
55391,4,2,194042,194042,194044,0,2,2
55392,6,1,194048,194048,194049,0,1,4
55393,1,2,194049,194049,194051,0,2,0
55394,1,3,194050,194051,194054,1,4,0
55395,3,1,194053,194054,194055,1,2,0
55396,2,3,194055,194055,194058,0,3,0
55397,4,2,194059,194059,194061,0,2,1
55398,3,2,194062,194062,194064,0,2,1
55399,3,3,194065,194065,194068,0,3,1
55400,2,1,194067,194068,194069,1,2,0
55401,6,3,194073,194073,194076,0,3,4
55402,2,3,194075,194076,194079,1,4,0
55403,1,3,194076,194079,194082,3,6,0
55404,4,3,194080,194082,194085,2,5,0
55405,1,1,194081,194085,194086,4,5,0
55406,6,3,194087,194087,194090,0,3,1
55407,1,1,194088,194090,194091,2,3,0
55408,6,1,194094,194094,194095,0,1,3
55409,4,3,194098,194098,194101,0,3,3
55410,4,2,194102,194102,194104,0,2,1
55411,3,2,194105,194105,194107,0,2,1
55412,2,1,194107,194107,194108,0,1,0
55413,6,3,194113,194113,194116,0,3,5
55414,6,3,194119,194119,194122,0,3,3
55415,6,2,194125,194125,194127,0,2,3
55416,1,1,194126,194127,194128,1,2,0
55417,6,1,194132,194132,194133,0,1,4
55418,1,3,194133,194133,194136,0,3,0
55419,3,2,194136,194136,194138,0,2,0
55420,5,1,194141,194141,194142,0,1,3
55421,4,2,194145,194145,194147,0,2,3
55422,2,2,194147,194147,194149,0,2,0
55423,1,3,194148,194149,194152,1,4,0
55424,2,3,194150,194152,194155,2,5,0
55425,3,3,194153,194155,194158,2,5,0
55426,4,2,194157,194158,194160,1,3,0
55427,4,2,194161,194161,194163,0,2,1
55428,1,1,194162,194163,194164,1,2,0
55429,4,1,194166,194166,194167,0,1,2
55430,2,1,194168,194168,194169,0,1,1
55431,6,2,194174,194174,194176,0,2,5
55432,1,2,194175,194176,194178,1,3,0
55433,4,2,194179,194179,194181,0,2,1
55434,1,2,194180,194181,194183,1,3,0
55435,3,1,194183,194183,194184,0,1,0
55436,3,1,194186,194186,194187,0,1,2
55437,3,3,194189,194189,194192,0,3,2
55438,5,2,194194,194194,194196,0,2,2
55439,6,3,194200,194200,194203,0,3,4
55440,1,1,194201,194203,194204,2,3,0
55441,2,2,194203,194204,194206,1,3,0
55442,3,2,194206,194206,194208,0,2,0
55443,5,1,194211,194211,194212,0,1,3
55444,5,3,194216,194216,194219,0,3,4
55445,3,2,194219,194219,194221,0,2,0
55446,4,3,194223,194223,194226,0,3,2
55447,5,1,194228,194228,194229,0,1,2
55448,3,1,194231,194231,194232,0,1,2
55449,5,2,194236,194236,194238,0,2,4
55450,3,1,194239,194239,194240,0,1,1
55451,5,3,194244,194244,194247,0,3,4
55452,6,1,194250,194250,194251,0,1,3
55453,3,1,194253,194253,194254,0,1,2
55454,2,1,194255,194255,194256,0,1,1
55455,5,3,194260,194260,194263,0,3,4
55456,2,1,194262,194263,194264,1,2,0
55457,3,1,194265,194265,194266,0,1,1
55458,4,1,194269,194269,194270,0,1,3
55459,5,1,194274,194274,194275,0,1,4
55460,6,3,194280,194280,194283,0,3,5
55461,2,3,194282,194283,194286,1,4,0
55462,3,3,194285,194286,194289,1,4,0
55463,1,3,194286,194289,194292,3,6,0
55464,5,3,194291,194292,194295,1,4,0
55465,6,2,194297,194297,194299,0,2,2
55466,3,3,194300,194300,194303,0,3,1
55467,2,3,194302,194303,194306,1,4,0
55468,4,1,194306,194306,194307,0,1,0
55469,6,3,194312,194312,194315,0,3,5
55470,4,2,194316,194316,194318,0,2,1
55471,4,3,194320,194320,194323,0,3,2
55472,2,1,194322,194323,194324,1,2,0
55473,3,2,194325,194325,194327,0,2,1
55474,5,3,194330,194330,194333,0,3,3
55475,3,2,194333,194333,194335,0,2,0
55476,2,2,194335,194335,194337,0,2,0
55477,4,1,194339,194339,194340,0,1,2
55478,4,3,194343,194343,194346,0,3,3
55479,5,1,194348,194348,194349,0,1,2
55480,6,1,194354,194354,194355,0,1,5
55481,3,3,194357,194357,194360,0,3,2
55482,5,3,194362,194362,194365,0,3,2
55483,6,2,194368,194368,194370,0,2,3
55484,6,3,194374,194374,194377,0,3,4
55485,3,1,194377,194377,194378,0,1,0
55486,3,2,194380,194380,194382,0,2,2
55487,2,3,194382,194382,194385,0,3,0
55488,3,2,194385,194385,194387,0,2,0
55489,5,1,194390,194390,194391,0,1,3
55490,4,3,194394,194394,194397,0,3,3
55491,6,3,194400,194400,194403,0,3,3
55492,3,1,194403,194403,194404,0,1,0
55493,3,3,194406,194406,194409,0,3,2
55494,4,3,194410,194410,194413,0,3,1
55495,2,3,194412,194413,194416,1,4,0
55496,5,1,194417,194417,194418,0,1,1
55497,6,3,194423,194423,194426,0,3,5
55498,2,2,194425,194426,194428,1,3,0
55499,5,3,194430,194430,194433,0,3,2
55500,5,3,194435,194435,194438,0,3,2
55501,5,2,194440,194440,194442,0,2,2
55502,6,1,194446,194446,194447,0,1,4
55503,2,3,194448,194448,194451,0,3,1
55504,5,3,194453,194453,194456,0,3,2
55505,3,3,194456,194456,194459,0,3,0
55506,5,3,194461,194461,194464,0,3,2
55507,2,3,194463,194464,194467,1,4,0
55508,3,2,194466,194467,194469,1,3,0
55509,5,1,194471,194471,194472,0,1,2
55510,6,1,194477,194477,194478,0,1,5
55511,4,2,194481,194481,194483,0,2,3
55512,1,2,194482,194483,194485,1,3,0
55513,1,3,194483,194485,194488,2,5,0
55514,2,3,194485,194488,194491,3,6,0
55515,4,3,194489,194491,194494,2,5,0
55516,5,2,194494,194494,194496,0,2,0
55517,2,1,194496,194496,194497,0,1,0
55518,6,3,194502,194502,194505,0,3,5
55519,3,2,194505,194505,194507,0,2,0
55520,5,2,194510,194510,194512,0,2,3
55521,2,2,194512,194512,194514,0,2,0
55522,6,2,194518,194518,194520,0,2,4
55523,1,2,194519,194520,194522,1,3,0
55524,6,2,194525,194525,194527,0,2,3
55525,4,2,194529,194529,194531,0,2,2
55526,5,3,194534,194534,194537,0,3,3
55527,6,1,194540,194540,194541,0,1,3
55528,2,1,194542,194542,194543,0,1,1
55529,6,2,194548,194548,194550,0,2,5
55530,3,1,194551,194551,194552,0,1,1
55531,5,1,194556,194556,194557,0,1,4
55532,2,1,194558,194558,194559,0,1,1
55533,6,2,194564,194564,194566,0,2,5
55534,2,2,194566,194566,194568,0,2,0
55535,5,3,194571,194571,194574,0,3,3
55536,2,2,194573,194574,194576,1,3,0
55537,1,2,194574,194576,194578,2,4,0
55538,1,3,194575,194578,194581,3,6,0
55539,4,2,194579,194581,194583,2,4,0
55540,1,3,194580,194583,194586,3,6,0
55541,1,1,194581,194586,194587,5,6,0
55542,4,1,194585,194587,194588,2,3,0
55543,1,2,194586,194588,194590,2,4,0
55544,6,2,194592,194592,194594,0,2,2
55545,1,3,194593,194594,194597,1,4,0
55546,1,3,194594,194597,194600,3,6,0
55547,3,3,194597,194600,194603,3,6,0
55548,2,1,194599,194603,194604,4,5,0
55549,4,3,194603,194604,194607,1,4,0
55550,6,3,194609,194609,194612,0,3,2
55551,5,1,194614,194614,194615,0,1,2
55552,3,1,194617,194617,194618,0,1,2
55553,4,2,194621,194621,194623,0,2,3
55554,5,1,194626,194626,194627,0,1,3
55555,5,2,194631,194631,194633,0,2,4
55556,3,1,194634,194634,194635,0,1,1
55557,4,1,194638,194638,194639,0,1,3
55558,6,3,194644,194644,194647,0,3,5
55559,2,1,194646,194647,194648,1,2,0
55560,3,1,194649,194649,194650,0,1,1
55561,4,2,194653,194653,194655,0,2,3
55562,6,2,194659,194659,194661,0,2,4
55563,2,1,194661,194661,194662,0,1,0
55564,6,1,194667,194667,194668,0,1,5
55565,4,1,194671,194671,194672,0,1,3
55566,1,2,194672,194672,194674,0,2,0
55567,3,1,194675,194675,194676,0,1,1
55568,4,3,194679,194679,194682,0,3,3
55569,6,2,194685,194685,194687,0,2,3
55570,3,1,194688,194688,194689,0,1,1
55571,3,1,194691,194691,194692,0,1,2
55572,2,2,194693,194693,194695,0,2,1
55573,4,2,194697,194697,194699,0,2,2
55574,2,2,194699,194699,194701,0,2,0
55575,3,1,194702,194702,194703,0,1,1
55576,6,1,194708,194708,194709,0,1,5
55577,4,1,194712,194712,194713,0,1,3
55578,5,2,194717,194717,194719,0,2,4
55579,3,2,194720,194720,194722,0,2,1
55580,6,1,194726,194726,194727,0,1,4
55581,2,1,194728,194728,194729,0,1,1
55582,4,2,194732,194732,194734,0,2,3
55583,3,2,194735,194735,194737,0,2,1
55584,5,1,194740,194740,194741,0,1,3
55585,2,1,194742,194742,194743,0,1,1
55586,5,1,194747,194747,194748,0,1,4
55587,4,1,194751,194751,194752,0,1,3
55588,5,1,194756,194756,194757,0,1,4
55589,5,1,194761,194761,194762,0,1,4
55590,3,2,194764,194764,194766,0,2,2
55591,5,2,194769,194769,194771,0,2,3
55592,6,2,194775,194775,194777,0,2,4
55593,1,1,194776,194777,194778,1,2,0
55594,2,2,194778,194778,194780,0,2,0
55595,3,1,194781,194781,194782,0,1,1
55596,1,3,194782,194782,194785,0,3,0
55597,1,2,194783,194785,194787,2,4,0
55598,3,1,194786,194787,194788,1,2,0
55599,2,1,194788,194788,194789,0,1,0
55600,5,2,194793,194793,194795,0,2,4
55601,6,1,194799,194799,194800,0,1,4
55602,3,2,194802,194802,194804,0,2,2
55603,3,3,194805,194805,194808,0,3,1
55604,1,2,194806,194808,194810,2,4,0
55605,2,1,194808,194810,194811,2,3,0
55606,3,2,194811,194811,194813,0,2,0
55607,1,3,194812,194813,194816,1,4,0
55608,2,1,194814,194816,194817,2,3,0
55609,1,1,194815,194817,194818,2,3,0
55610,5,3,194820,194820,194823,0,3,2
55611,4,1,194824,194824,194825,0,1,1
55612,2,1,194826,194826,194827,0,1,1
55613,1,1,194827,194827,194828,0,1,0
55614,6,2,194833,194833,194835,0,2,5
55615,1,2,194834,194835,194837,1,3,0
55616,5,2,194839,194839,194841,0,2,2
55617,5,3,194844,194844,194847,0,3,3
55618,3,2,194847,194847,194849,0,2,0
55619,2,2,194849,194849,194851,0,2,0
55620,4,2,194853,194853,194855,0,2,2
55621,2,1,194855,194855,194856,0,1,0
55622,6,2,194861,194861,194863,0,2,5
55623,4,2,194865,194865,194867,0,2,2
55624,1,3,194866,194867,194870,1,4,0
55625,2,2,194868,194870,194872,2,4,0
55626,3,1,194871,194872,194873,1,2,0
55627,1,3,194872,194873,194876,1,4,0
55628,2,3,194874,194876,194879,2,5,0
55629,4,2,194878,194879,194881,1,3,0
55630,1,2,194879,194881,194883,2,4,0
55631,6,1,194885,194885,194886,0,1,2
55632,6,1,194891,194891,194892,0,1,5
55633,1,3,194892,194892,194895,0,3,0
55634,1,2,194893,194895,194897,2,4,0
55635,1,2,194894,194897,194899,3,5,0
55636,2,2,194896,194899,194901,3,5,0
55637,6,3,194902,194902,194905,0,3,1
55638,6,1,194908,194908,194909,0,1,3
55639,1,2,194909,194909,194911,0,2,0
55640,5,2,194914,194914,194916,0,2,3
55641,1,1,194915,194916,194917,1,2,0
55642,3,2,194918,194918,194920,0,2,1
55643,1,1,194919,194920,194921,1,2,0
55644,1,3,194920,194921,194924,1,4,0
55645,1,2,194921,194924,194926,3,5,0
55646,6,2,194927,194927,194929,0,2,1
55647,5,3,194932,194932,194935,0,3,3
55648,5,2,194937,194937,194939,0,2,2
55649,4,3,194941,194941,194944,0,3,2
55650,1,1,194942,194944,194945,2,3,0
55651,2,3,194944,194945,194948,1,4,0
55652,4,1,194948,194948,194949,0,1,0
55653,4,3,194952,194952,194955,0,3,3
55654,2,2,194954,194955,194957,1,3,0
55655,6,2,194960,194960,194962,0,2,3
55656,6,3,194966,194966,194969,0,3,4
55657,2,2,194968,194969,194971,1,3,0
55658,1,3,194969,194971,194974,2,5,0
55659,1,1,194970,194974,194975,4,5,0
55660,3,3,194973,194975,194978,2,5,0
55661,1,2,194974,194978,194980,4,6,0
55662,4,3,194978,194980,194983,2,5,0
55663,1,3,194979,194983,194986,4,7,0
55664,4,2,194983,194986,194988,3,5,0
55665,5,3,194988,194988,194991,0,3,0
55666,2,3,194990,194991,194994,1,4,0
55667,6,3,194996,194996,194999,0,3,2
55668,2,1,194998,194999,195000,1,2,0
55669,1,2,194999,195000,195002,1,3,0
55670,6,1,195005,195005,195006,0,1,3
55671,4,1,195009,195009,195010,0,1,3
55672,4,2,195013,195013,195015,0,2,3
55673,5,1,195018,195018,195019,0,1,3
55674,3,3,195021,195021,195024,0,3,2
55675,1,2,195022,195024,195026,2,4,0
55676,5,1,195027,195027,195028,0,1,1
55677,3,1,195030,195030,195031,0,1,2
55678,4,1,195034,195034,195035,0,1,3
55679,4,1,195038,195038,195039,0,1,3
55680,4,1,195042,195042,195043,0,1,3
55681,1,3,195043,195043,195046,0,3,0
55682,6,3,195049,195049,195052,0,3,3
55683,2,2,195051,195052,195054,1,3,0
55684,6,2,195057,195057,195059,0,2,3
55685,6,3,195063,195063,195066,0,3,4
55686,2,2,195065,195066,195068,1,3,0
55687,6,2,195071,195071,195073,0,2,3
55688,1,2,195072,195073,195075,1,3,0
55689,1,2,195073,195075,195077,2,4,0
55690,4,3,195077,195077,195080,0,3,0
55691,3,1,195080,195080,195081,0,1,0
55692,5,3,195085,195085,195088,0,3,4
55693,1,2,195086,195088,195090,2,4,0
55694,6,1,195092,195092,195093,0,1,2
55695,3,2,195095,195095,195097,0,2,2
55696,6,2,195101,195101,195103,0,2,4
55697,2,3,195103,195103,195106,0,3,0
55698,3,1,195106,195106,195107,0,1,0
55699,3,3,195109,195109,195112,0,3,2
55700,1,1,195110,195112,195113,2,3,0
55701,5,2,195115,195115,195117,0,2,2
55702,1,1,195116,195117,195118,1,2,0
55703,3,1,195119,195119,195120,0,1,1
55704,2,1,195121,195121,195122,0,1,1
55705,1,3,195122,195122,195125,0,3,0
55706,4,3,195126,195126,195129,0,3,1
55707,4,2,195130,195130,195132,0,2,1
55708,3,3,195133,195133,195136,0,3,1
55709,3,1,195136,195136,195137,0,1,0
55710,1,3,195137,195137,195140,0,3,0
55711,2,2,195139,195140,195142,1,3,0
55712,4,2,195143,195143,195145,0,2,1
55713,2,3,195145,195145,195148,0,3,0
55714,4,1,195149,195149,195150,0,1,1
55715,1,1,195150,195150,195151,0,1,0
55716,4,3,195154,195154,195157,0,3,3
55717,1,2,195155,195157,195159,2,4,0
55718,4,2,195159,195159,195161,0,2,0
55719,5,1,195164,195164,195165,0,1,3
55720,2,2,195166,195166,195168,0,2,1
55721,4,1,195170,195170,195171,0,1,2
55722,6,2,195176,195176,195178,0,2,5
55723,4,1,195180,195180,195181,0,1,2
55724,2,3,195182,195182,195185,0,3,1
55725,4,1,195186,195186,195187,0,1,1
55726,1,1,195187,195187,195188,0,1,0
55727,5,1,195192,195192,195193,0,1,4
55728,6,2,195198,195198,195200,0,2,5
55729,4,2,195202,195202,195204,0,2,2
55730,1,2,195203,195204,195206,1,3,0
55731,2,3,195205,195206,195209,1,4,0
55732,6,2,195211,195211,195213,0,2,2
55733,4,2,195215,195215,195217,0,2,2
55734,4,2,195219,195219,195221,0,2,2
55735,5,2,195224,195224,195226,0,2,3
55736,2,3,195226,195226,195229,0,3,0
55737,2,3,195228,195229,195232,1,4,0
55738,3,2,195231,195232,195234,1,3,0
55739,4,1,195235,195235,195236,0,1,1
55740,3,3,195238,195238,195241,0,3,2
55741,6,3,195244,195244,195247,0,3,3
55742,5,2,195249,195249,195251,0,2,2
55743,4,3,195253,195253,195256,0,3,2
55744,1,1,195254,195256,195257,2,3,0
55745,1,1,195255,195257,195258,2,3,0
55746,2,2,195257,195258,195260,1,3,0
55747,2,2,195259,195260,195262,1,3,0
55748,1,2,195260,195262,195264,2,4,0
55749,5,1,195265,195265,195266,0,1,1
55750,5,3,195270,195270,195273,0,3,4
55751,2,2,195272,195273,195275,1,3,0
55752,2,1,195274,195275,195276,1,2,0
55753,5,1,195279,195279,195280,0,1,3
55754,6,3,195285,195285,195288,0,3,5
55755,2,2,195287,195288,195290,1,3,0
55756,6,1,195293,195293,195294,0,1,3
55757,4,2,195297,195297,195299,0,2,3
55758,4,1,195301,195301,195302,0,1,2
55759,3,1,195304,195304,195305,0,1,2
55760,3,3,195307,195307,195310,0,3,2
55761,5,1,195312,195312,195313,0,1,2
55762,1,2,195313,195313,195315,0,2,0
55763,1,3,195314,195315,195318,1,4,0
55764,2,2,195316,195318,195320,2,4,0
55765,3,3,195319,195320,195323,1,4,0
55766,1,2,195320,195323,195325,3,5,0
55767,5,3,195325,195325,195328,0,3,0
55768,2,1,195327,195328,195329,1,2,0
55769,6,2,195333,195333,195335,0,2,4
55770,5,1,195338,195338,195339,0,1,3
55771,6,3,195344,195344,195347,0,3,5
55772,2,1,195346,195347,195348,1,2,0
55773,5,2,195351,195351,195353,0,2,3
55774,3,2,195354,195354,195356,0,2,1
55775,3,2,195357,195357,195359,0,2,1
55776,1,1,195358,195359,195360,1,2,0
55777,6,2,195364,195364,195366,0,2,4
55778,1,3,195365,195366,195369,1,4,0
55779,1,2,195366,195369,195371,3,5,0
55780,5,2,195371,195371,195373,0,2,0
55781,2,3,195373,195373,195376,0,3,0
55782,6,1,195379,195379,195380,0,1,3
55783,5,1,195384,195384,195385,0,1,4
55784,6,1,195390,195390,195391,0,1,5
55785,2,3,195392,195392,195395,0,3,1
55786,5,2,195397,195397,195399,0,2,2
55787,1,2,195398,195399,195401,1,3,0
55788,1,1,195399,195401,195402,2,3,0
55789,4,3,195403,195403,195406,0,3,1
55790,6,1,195409,195409,195410,0,1,3
55791,5,3,195414,195414,195417,0,3,4
55792,4,3,195418,195418,195421,0,3,1
55793,2,2,195420,195421,195423,1,3,0
55794,6,1,195426,195426,195427,0,1,3
55795,3,1,195429,195429,195430,0,1,2
55796,3,1,195432,195432,195433,0,1,2
55797,2,3,195434,195434,195437,0,3,1
55798,4,2,195438,195438,195440,0,2,1
55799,3,1,195441,195441,195442,0,1,1
55800,2,3,195443,195443,195446,0,3,1
55801,4,3,195447,195447,195450,0,3,1
55802,3,2,195450,195450,195452,0,2,0
55803,4,1,195454,195454,195455,0,1,2
55804,4,2,195458,195458,195460,0,2,3
55805,3,2,195461,195461,195463,0,2,1
55806,2,1,195463,195463,195464,0,1,0
55807,2,3,195465,195465,195468,0,3,1
55808,1,2,195466,195468,195470,2,4,0
55809,6,3,195472,195472,195475,0,3,2
55810,6,1,195478,195478,195479,0,1,3
55811,2,3,195480,195480,195483,0,3,1
55812,5,1,195485,195485,195486,0,1,2
55813,2,1,195487,195487,195488,0,1,1
55814,5,2,195492,195492,195494,0,2,4
55815,5,1,195497,195497,195498,0,1,3
55816,4,3,195501,195501,195504,0,3,3
55817,4,2,195505,195505,195507,0,2,1
55818,4,1,195509,195509,195510,0,1,2
55819,5,3,195514,195514,195517,0,3,4
55820,2,1,195516,195517,195518,1,2,0
55821,3,3,195519,195519,195522,0,3,1
55822,1,3,195520,195522,195525,2,5,0
55823,5,1,195525,195525,195526,0,1,0
55824,1,2,195526,195526,195528,0,2,0
55825,2,2,195528,195528,195530,0,2,0
55826,4,3,195532,195532,195535,0,3,2
55827,3,2,195535,195535,195537,0,2,0
55828,4,3,195539,195539,195542,0,3,2
55829,2,2,195541,195542,195544,1,3,0
55830,5,3,195546,195546,195549,0,3,2
55831,4,1,195550,195550,195551,0,1,1
55832,2,2,195552,195552,195554,0,2,1
55833,3,1,195555,195555,195556,0,1,1
55834,4,1,195559,195559,195560,0,1,3
55835,3,3,195562,195562,195565,0,3,2
55836,1,1,195563,195565,195566,2,3,0
55837,3,3,195566,195566,195569,0,3,0
55838,5,2,195571,195571,195573,0,2,2
55839,3,2,195574,195574,195576,0,2,1
55840,5,3,195579,195579,195582,0,3,3
55841,6,2,195585,195585,195587,0,2,3
55842,1,2,195586,195587,195589,1,3,0
55843,6,1,195592,195592,195593,0,1,3
55844,3,3,195595,195595,195598,0,3,2
55845,6,1,195601,195601,195602,0,1,3
55846,1,1,195602,195602,195603,0,1,0
55847,4,2,195606,195606,195608,0,2,3
55848,5,2,195611,195611,195613,0,2,3
55849,5,3,195616,195616,195619,0,3,3
55850,2,1,195618,195619,195620,1,2,0
55851,6,3,195624,195624,195627,0,3,4
55852,4,3,195628,195628,195631,0,3,1
55853,3,1,195631,195631,195632,0,1,0
55854,5,3,195636,195636,195639,0,3,4
55855,2,2,195638,195639,195641,1,3,0
55856,4,3,195642,195642,195645,0,3,1
55857,5,1,195647,195647,195648,0,1,2
55858,4,2,195651,195651,195653,0,2,3
55859,4,2,195655,195655,195657,0,2,2
55860,4,2,195659,195659,195661,0,2,2
55861,5,2,195664,195664,195666,0,2,3
55862,2,2,195666,195666,195668,0,2,0
55863,6,2,195672,195672,195674,0,2,4
55864,1,3,195673,195674,195677,1,4,0
55865,3,2,195676,195677,195679,1,3,0
55866,2,3,195678,195679,195682,1,4,0
55867,6,3,195684,195684,195687,0,3,2
55868,5,1,195689,195689,195690,0,1,2
55869,4,3,195693,195693,195696,0,3,3
55870,1,3,195694,195696,195699,2,5,0
55871,2,2,195696,195699,195701,3,5,0
55872,1,3,195697,195701,195704,4,7,0
55873,3,3,195700,195704,195707,4,7,0
55874,6,3,195706,195707,195710,1,4,0
55875,5,2,195711,195711,195713,0,2,1
55876,6,3,195717,195717,195720,0,3,4
55877,6,1,195723,195723,195724,0,1,3
55878,6,3,195729,195729,195732,0,3,5
55879,5,1,195734,195734,195735,0,1,2
55880,3,1,195737,195737,195738,0,1,2
55881,3,3,195740,195740,195743,0,3,2
55882,4,1,195744,195744,195745,0,1,1
55883,2,2,195746,195746,195748,0,2,1
55884,2,3,195748,195748,195751,0,3,0
55885,3,3,195751,195751,195754,0,3,0
55886,2,3,195753,195754,195757,1,4,0
55887,3,1,195756,195757,195758,1,2,0
55888,3,3,195759,195759,195762,0,3,1
55889,3,2,195762,195762,195764,0,2,0
55890,1,1,195763,195764,195765,1,2,0
55891,5,1,195768,195768,195769,0,1,3
55892,2,2,195770,195770,195772,0,2,1
55893,1,3,195771,195772,195775,1,4,0
55894,1,2,195772,195775,195777,3,5,0
55895,5,1,195777,195777,195778,0,1,0
55896,4,2,195781,195781,195783,0,2,3
55897,1,3,195782,195783,195786,1,4,0
55898,1,3,195783,195786,195789,3,6,0
55899,5,2,195788,195789,195791,1,3,0
55900,3,2,195791,195791,195793,0,2,0
55901,4,3,195795,195795,195798,0,3,2
55902,6,1,195801,195801,195802,0,1,3
55903,5,3,195806,195806,195809,0,3,4
55904,2,2,195808,195809,195811,1,3,0
55905,3,3,195811,195811,195814,0,3,0
55906,1,3,195812,195814,195817,2,5,0
55907,3,3,195815,195817,195820,2,5,0
55908,3,3,195818,195820,195823,2,5,0
55909,1,2,195819,195823,195825,4,6,0
55910,3,3,195822,195825,195828,3,6,0
55911,6,3,195828,195828,195831,0,3,0
55912,2,2,195830,195831,195833,1,3,0
55913,5,3,195835,195835,195838,0,3,2
55914,2,1,195837,195838,195839,1,2,0
55915,4,1,195841,195841,195842,0,1,2
55916,6,1,195847,195847,195848,0,1,5
55917,4,1,195851,195851,195852,0,1,3
55918,3,3,195854,195854,195857,0,3,2
55919,4,2,195858,195858,195860,0,2,1
55920,3,2,195861,195861,195863,0,2,1
55921,2,2,195863,195863,195865,0,2,0
55922,5,1,195868,195868,195869,0,1,3
55923,5,3,195873,195873,195876,0,3,4
55924,3,2,195876,195876,195878,0,2,0
55925,5,1,195881,195881,195882,0,1,3
55926,4,2,195885,195885,195887,0,2,3
55927,2,2,195887,195887,195889,0,2,0
55928,2,1,195889,195889,195890,0,1,0
55929,5,2,195894,195894,195896,0,2,4
55930,1,2,195895,195896,195898,1,3,0
55931,1,3,195896,195898,195901,2,5,0
55932,4,1,195900,195901,195902,1,2,0
55933,3,1,195903,195903,195904,0,1,1
55934,5,1,195908,195908,195909,0,1,4
55935,3,3,195911,195911,195914,0,3,2
55936,6,3,195917,195917,195920,0,3,3
55937,3,3,195920,195920,195923,0,3,0
55938,5,1,195925,195925,195926,0,1,2
55939,2,1,195927,195927,195928,0,1,1
55940,1,2,195928,195928,195930,0,2,0
55941,3,1,195931,195931,195932,0,1,1
55942,6,2,195937,195937,195939,0,2,5
55943,1,3,195938,195939,195942,1,4,0
55944,3,1,195941,195942,195943,1,2,0
55945,4,2,195945,195945,195947,0,2,2
55946,1,2,195946,195947,195949,1,3,0
55947,4,1,195950,195950,195951,0,1,1
55948,2,1,195952,195952,195953,0,1,1
55949,4,3,195956,195956,195959,0,3,3
55950,4,2,195960,195960,195962,0,2,1
55951,6,3,195966,195966,195969,0,3,4
55952,5,1,195971,195971,195972,0,1,2
55953,1,1,195972,195972,195973,0,1,0
55954,3,1,195975,195975,195976,0,1,2
55955,5,3,195980,195980,195983,0,3,4
55956,6,3,195986,195986,195989,0,3,3
55957,5,3,195991,195991,195994,0,3,2
55958,2,3,195993,195994,195997,1,4,0
55959,6,1,195999,195999,196000,0,1,2
55960,2,2,196001,196001,196003,0,2,1
55961,1,2,196002,196003,196005,1,3,0
55962,6,2,196008,196008,196010,0,2,3
55963,6,2,196014,196014,196016,0,2,4
55964,6,2,196020,196020,196022,0,2,4
55965,2,1,196022,196022,196023,0,1,0
55966,2,2,196024,196024,196026,0,2,1
55967,4,2,196028,196028,196030,0,2,2
55968,6,1,196034,196034,196035,0,1,4
55969,3,3,196037,196037,196040,0,3,2
55970,2,3,196039,196040,196043,1,4,0
55971,2,2,196041,196043,196045,2,4,0
55972,1,3,196042,196045,196048,3,6,0
55973,6,1,196048,196048,196049,0,1,0
55974,2,1,196050,196050,196051,0,1,1
55975,1,2,196051,196051,196053,0,2,0
55976,1,2,196052,196053,196055,1,3,0
55977,5,1,196057,196057,196058,0,1,2
55978,5,1,196062,196062,196063,0,1,4
55979,6,1,196068,196068,196069,0,1,5
55980,2,1,196070,196070,196071,0,1,1
55981,3,1,196073,196073,196074,0,1,2
55982,5,2,196078,196078,196080,0,2,4
55983,2,1,196080,196080,196081,0,1,0
55984,2,3,196082,196082,196085,0,3,1
55985,1,3,196083,196085,196088,2,5,0
55986,2,1,196085,196088,196089,3,4,0
55987,5,1,196090,196090,196091,0,1,1
55988,4,1,196094,196094,196095,0,1,3
55989,5,3,196099,196099,196102,0,3,4
55990,4,3,196103,196103,196106,0,3,1
55991,3,1,196106,196106,196107,0,1,0
55992,2,1,196108,196108,196109,0,1,1
55993,3,2,196111,196111,196113,0,2,2
55994,1,3,196112,196113,196116,1,4,0
55995,4,2,196116,196116,196118,0,2,0
55996,6,1,196122,196122,196123,0,1,4
55997,4,3,196126,196126,196129,0,3,3
55998,3,1,196129,196129,196130,0,1,0
55999,2,1,196131,196131,196132,0,1,1
56000,4,2,196135,196135,196137,0,2,3
56001,5,3,196140,196140,196143,0,3,3
56002,6,3,196146,196146,196149,0,3,3
56003,2,2,196148,196149,196151,1,3,0
56004,1,1,196149,196151,196152,2,3,0
56005,1,3,196150,196152,196155,2,5,0
56006,6,2,196156,196156,196158,0,2,1
56007,6,2,196162,196162,196164,0,2,4
56008,4,1,196166,196166,196167,0,1,2
56009,6,3,196172,196172,196175,0,3,5
56010,3,2,196175,196175,196177,0,2,0
56011,2,3,196177,196177,196180,0,3,0
56012,4,1,196181,196181,196182,0,1,1
56013,1,2,196182,196182,196184,0,2,0
56014,5,1,196187,196187,196188,0,1,3
56015,1,2,196188,196188,196190,0,2,0
56016,1,3,196189,196190,196193,1,4,0
56017,5,2,196194,196194,196196,0,2,1
56018,5,3,196199,196199,196202,0,3,3
56019,1,3,196200,196202,196205,2,5,0
56020,2,1,196202,196205,196206,3,4,0
56021,1,2,196203,196206,196208,3,5,0
56022,3,2,196206,196208,196210,2,4,0
56023,6,2,196212,196212,196214,0,2,2
56024,6,1,196218,196218,196219,0,1,4
56025,4,1,196222,196222,196223,0,1,3
56026,1,1,196223,196223,196224,0,1,0
56027,2,1,196225,196225,196226,0,1,1
56028,5,3,196230,196230,196233,0,3,4
56029,1,1,196231,196233,196234,2,3,0
56030,6,1,196237,196237,196238,0,1,3
56031,3,1,196240,196240,196241,0,1,2
56032,5,2,196245,196245,196247,0,2,4
56033,2,1,196247,196247,196248,0,1,0
56034,5,1,196252,196252,196253,0,1,4
56035,3,2,196255,196255,196257,0,2,2
56036,1,3,196256,196257,196260,1,4,0
56037,3,2,196259,196260,196262,1,3,0
56038,6,1,196265,196265,196266,0,1,3
56039,1,3,196266,196266,196269,0,3,0
56040,6,3,196272,196272,196275,0,3,3
56041,4,1,196276,196276,196277,0,1,1
56042,2,2,196278,196278,196280,0,2,1
56043,4,3,196282,196282,196285,0,3,2
56044,4,2,196286,196286,196288,0,2,1
56045,3,1,196289,196289,196290,0,1,1
56046,4,1,196293,196293,196294,0,1,3
56047,5,3,196298,196298,196301,0,3,4
56048,3,3,196301,196301,196304,0,3,0
56049,4,2,196305,196305,196307,0,2,1
56050,4,1,196309,196309,196310,0,1,2
56051,3,3,196312,196312,196315,0,3,2
56052,4,3,196316,196316,196319,0,3,1
56053,6,1,196322,196322,196323,0,1,3
56054,1,3,196323,196323,196326,0,3,0
56055,3,1,196326,196326,196327,0,1,0
56056,3,1,196329,196329,196330,0,1,2
56057,5,1,196334,196334,196335,0,1,4
56058,5,2,196339,196339,196341,0,2,4
56059,4,1,196343,196343,196344,0,1,2
56060,1,1,196344,196344,196345,0,1,0
56061,4,2,196348,196348,196350,0,2,3
56062,4,1,196352,196352,196353,0,1,2
56063,3,2,196355,196355,196357,0,2,2
56064,5,2,196360,196360,196362,0,2,3
56065,5,3,196365,196365,196368,0,3,3
56066,5,2,196370,196370,196372,0,2,2
56067,2,3,196372,196372,196375,0,3,0
56068,2,2,196374,196375,196377,1,3,0
56069,2,3,196376,196377,196380,1,4,0
56070,5,3,196381,196381,196384,0,3,1
56071,5,3,196386,196386,196389,0,3,2
56072,4,2,196390,196390,196392,0,2,1
56073,6,2,196396,196396,196398,0,2,4
56074,2,1,196398,196398,196399,0,1,0
56075,5,1,196403,196403,196404,0,1,4
56076,1,2,196404,196404,196406,0,2,0
56077,3,3,196407,196407,196410,0,3,1
56078,6,1,196413,196413,196414,0,1,3
56079,6,3,196419,196419,196422,0,3,5
56080,3,1,196422,196422,196423,0,1,0
56081,2,2,196424,196424,196426,0,2,1
56082,5,1,196429,196429,196430,0,1,3
56083,3,2,196432,196432,196434,0,2,2
56084,5,2,196437,196437,196439,0,2,3
56085,2,3,196439,196439,196442,0,3,0
56086,2,1,196441,196442,196443,1,2,0
56087,6,2,196447,196447,196449,0,2,4
56088,1,2,196448,196449,196451,1,3,0
56089,3,3,196451,196451,196454,0,3,0
56090,3,3,196454,196454,196457,0,3,0
56091,1,3,196455,196457,196460,2,5,0
56092,6,3,196461,196461,196464,0,3,1
56093,3,3,196464,196464,196467,0,3,0
56094,4,1,196468,196468,196469,0,1,1
56095,5,2,196473,196473,196475,0,2,4
56096,1,1,196474,196475,196476,1,2,0
56097,4,2,196478,196478,196480,0,2,2
56098,6,2,196484,196484,196486,0,2,4
56099,5,2,196489,196489,196491,0,2,3
56100,6,2,196495,196495,196497,0,2,4
56101,6,3,196501,196501,196504,0,3,4
56102,3,1,196504,196504,196505,0,1,0
56103,6,3,196510,196510,196513,0,3,5
56104,5,3,196515,196515,196518,0,3,2
56105,4,3,196519,196519,196522,0,3,1
56106,6,2,196525,196525,196527,0,2,3
56107,6,3,196531,196531,196534,0,3,4
56108,5,1,196536,196536,196537,0,1,2
56109,3,1,196539,196539,196540,0,1,2
56110,2,1,196541,196541,196542,0,1,1
56111,5,2,196546,196546,196548,0,2,4
56112,6,1,196552,196552,196553,0,1,4
56113,2,3,196554,196554,196557,0,3,1
56114,6,2,196560,196560,196562,0,2,3
56115,5,1,196565,196565,196566,0,1,3
56116,4,2,196569,196569,196571,0,2,3
56117,3,1,196572,196572,196573,0,1,1
56118,2,1,196574,196574,196575,0,1,1
56119,3,3,196577,196577,196580,0,3,2
56120,5,3,196582,196582,196585,0,3,2
56121,3,2,196585,196585,196587,0,2,0
56122,6,1,196591,196591,196592,0,1,4
56123,1,1,196592,196592,196593,0,1,0
56124,3,2,196595,196595,196597,0,2,2
56125,3,1,196598,196598,196599,0,1,1
56126,3,2,196601,196601,196603,0,2,2
56127,2,3,196603,196603,196606,0,3,0
56128,6,1,196609,196609,196610,0,1,3
56129,2,3,196611,196611,196614,0,3,1
56130,4,2,196615,196615,196617,0,2,1
56131,1,3,196616,196617,196620,1,4,0
56132,4,2,196620,196620,196622,0,2,0
56133,4,3,196624,196624,196627,0,3,2
56134,4,2,196628,196628,196630,0,2,1
56135,3,2,196631,196631,196633,0,2,1
56136,5,3,196636,196636,196639,0,3,3
56137,3,2,196639,196639,196641,0,2,0
56138,3,3,196642,196642,196645,0,3,1
56139,4,1,196646,196646,196647,0,1,1
56140,3,2,196649,196649,196651,0,2,2
56141,5,1,196654,196654,196655,0,1,3
56142,6,3,196660,196660,196663,0,3,5
56143,2,2,196662,196663,196665,1,3,0
56144,6,2,196668,196668,196670,0,2,3
56145,2,3,196670,196670,196673,0,3,0
56146,1,1,196671,196673,196674,2,3,0
56147,2,2,196673,196674,196676,1,3,0
56148,1,2,196674,196676,196678,2,4,0
56149,2,1,196676,196678,196679,2,3,0
56150,4,2,196680,196680,196682,0,2,1
56151,2,1,196682,196682,196683,0,1,0
56152,5,1,196687,196687,196688,0,1,4
56153,3,1,196690,196690,196691,0,1,2
56154,3,1,196693,196693,196694,0,1,2
56155,4,2,196697,196697,196699,0,2,3
56156,6,1,196703,196703,196704,0,1,4
56157,4,3,196707,196707,196710,0,3,3
56158,4,1,196711,196711,196712,0,1,1
56159,6,1,196717,196717,196718,0,1,5
56160,2,3,196719,196719,196722,0,3,1
56161,5,3,196724,196724,196727,0,3,2
56162,3,2,196727,196727,196729,0,2,0
56163,2,3,196729,196729,196732,0,3,0
56164,6,3,196735,196735,196738,0,3,3
56165,1,3,196736,196738,196741,2,5,0
56166,4,1,196740,196741,196742,1,2,0
56167,5,2,196745,196745,196747,0,2,3
56168,3,2,196748,196748,196750,0,2,1
56169,5,1,196753,196753,196754,0,1,3
56170,6,1,196759,196759,196760,0,1,5
56171,4,1,196763,196763,196764,0,1,3
56172,1,3,196764,196764,196767,0,3,0
56173,5,2,196769,196769,196771,0,2,2
56174,5,2,196774,196774,196776,0,2,3
56175,1,2,196775,196776,196778,1,3,0
56176,4,3,196779,196779,196782,0,3,1
56177,1,2,196780,196782,196784,2,4,0
56178,5,1,196785,196785,196786,0,1,1
56179,4,3,196789,196789,196792,0,3,3
56180,4,2,196793,196793,196795,0,2,1
56181,4,3,196797,196797,196800,0,3,2
56182,2,2,196799,196800,196802,1,3,0
56183,5,1,196804,196804,196805,0,1,2
56184,1,2,196805,196805,196807,0,2,0
56185,1,3,196806,196807,196810,1,4,0
56186,1,3,196807,196810,196813,3,6,0
56187,3,2,196810,196813,196815,3,5,0
56188,2,3,196812,196815,196818,3,6,0
56189,4,2,196816,196818,196820,2,4,0
56190,5,2,196821,196821,196823,0,2,1
56191,3,2,196824,196824,196826,0,2,1
56192,6,3,196830,196830,196833,0,3,4
56193,4,1,196834,196834,196835,0,1,1
56194,5,3,196839,196839,196842,0,3,4
56195,4,2,196843,196843,196845,0,2,1
56196,2,1,196845,196845,196846,0,1,0
56197,2,1,196847,196847,196848,0,1,1
56198,6,2,196853,196853,196855,0,2,5
56199,3,1,196856,196856,196857,0,1,1
56200,4,2,196860,196860,196862,0,2,3
56201,1,2,196861,196862,196864,1,3,0
56202,4,2,196865,196865,196867,0,2,1
56203,4,1,196869,196869,196870,0,1,2
56204,6,2,196875,196875,196877,0,2,5
56205,5,2,196880,196880,196882,0,2,3
56206,3,1,196883,196883,196884,0,1,1
56207,1,1,196884,196884,196885,0,1,0
56208,6,2,196890,196890,196892,0,2,5
56209,1,3,196891,196892,196895,1,4,0
56210,5,3,196896,196896,196899,0,3,1
56211,5,2,196901,196901,196903,0,2,2
56212,3,3,196904,196904,196907,0,3,1
56213,5,3,196909,196909,196912,0,3,2
56214,4,1,196913,196913,196914,0,1,1
56215,6,3,196919,196919,196922,0,3,5
56216,4,3,196923,196923,196926,0,3,1
56217,3,2,196926,196926,196928,0,2,0
56218,4,1,196930,196930,196931,0,1,2
56219,2,2,196932,196932,196934,0,2,1
56220,6,1,196938,196938,196939,0,1,4
56221,1,3,196939,196939,196942,0,3,0
56222,4,3,196943,196943,196946,0,3,1
56223,5,3,196948,196948,196951,0,3,2
56224,1,3,196949,196951,196954,2,5,0
56225,2,2,196951,196954,196956,3,5,0
56226,6,1,196957,196957,196958,0,1,1
56227,3,1,196960,196960,196961,0,1,2
56228,1,1,196961,196961,196962,0,1,0
56229,3,2,196964,196964,196966,0,2,2
56230,2,3,196966,196966,196969,0,3,0
56231,2,3,196968,196969,196972,1,4,0
56232,4,3,196972,196972,196975,0,3,0
56233,6,3,196978,196978,196981,0,3,3
56234,5,3,196983,196983,196986,0,3,2
56235,2,1,196985,196986,196987,1,2,0
56236,4,2,196989,196989,196991,0,2,2
56237,4,1,196993,196993,196994,0,1,2
56238,2,1,196995,196995,196996,0,1,1
56239,6,3,197001,197001,197004,0,3,5
56240,4,2,197005,197005,197007,0,2,1
56241,6,3,197011,197011,197014,0,3,4
56242,3,3,197014,197014,197017,0,3,0
56243,2,1,197016,197017,197018,1,2,0
56244,3,3,197019,197019,197022,0,3,1
56245,4,2,197023,197023,197025,0,2,1
56246,6,2,197029,197029,197031,0,2,4
56247,2,3,197031,197031,197034,0,3,0
56248,1,3,197032,197034,197037,2,5,0
56249,3,3,197035,197037,197040,2,5,0
56250,4,3,197039,197040,197043,1,4,0
56251,1,1,197040,197043,197044,3,4,0
56252,4,3,197044,197044,197047,0,3,0
56253,3,2,197047,197047,197049,0,2,0
56254,4,1,197051,197051,197052,0,1,2
56255,4,2,197055,197055,197057,0,2,3
56256,3,3,197058,197058,197061,0,3,1
56257,2,1,197060,197061,197062,1,2,0
56258,3,2,197063,197063,197065,0,2,1
56259,4,3,197067,197067,197070,0,3,2
56260,6,1,197073,197073,197074,0,1,3
56261,4,2,197077,197077,197079,0,2,3
56262,4,3,197081,197081,197084,0,3,2
56263,3,1,197084,197084,197085,0,1,0
56264,1,1,197085,197085,197086,0,1,0
56265,6,2,197091,197091,197093,0,2,5
56266,6,1,197097,197097,197098,0,1,4
56267,3,3,197100,197100,197103,0,3,2
56268,1,3,197101,197103,197106,2,5,0
56269,3,3,197104,197106,197109,2,5,0
56270,1,3,197105,197109,197112,4,7,0
56271,6,1,197111,197112,197113,1,2,0
56272,2,1,197113,197113,197114,0,1,0
56273,6,2,197119,197119,197121,0,2,5
56274,5,3,197124,197124,197127,0,3,3
56275,1,2,197125,197127,197129,2,4,0
56276,1,1,197126,197129,197130,3,4,0
56277,1,1,197127,197130,197131,3,4,0
56278,3,3,197130,197131,197134,1,4,0
56279,2,2,197132,197134,197136,2,4,0
56280,5,3,197137,197137,197140,0,3,1
56281,6,2,197143,197143,197145,0,2,3
56282,5,2,197148,197148,197150,0,2,3
56283,6,1,197154,197154,197155,0,1,4
56284,3,2,197157,197157,197159,0,2,2
56285,6,2,197163,197163,197165,0,2,4
56286,5,3,197168,197168,197171,0,3,3
56287,3,3,197171,197171,197174,0,3,0
56288,1,2,197172,197174,197176,2,4,0
56289,1,1,197173,197176,197177,3,4,0
56290,3,3,197176,197177,197180,1,4,0
56291,4,3,197180,197180,197183,0,3,0
56292,2,1,197182,197183,197184,1,2,0
56293,5,1,197187,197187,197188,0,1,3
56294,2,2,197189,197189,197191,0,2,1
56295,3,1,197192,197192,197193,0,1,1
56296,3,1,197195,197195,197196,0,1,2
56297,3,1,197198,197198,197199,0,1,2
56298,3,3,197201,197201,197204,0,3,2
56299,6,2,197207,197207,197209,0,2,3
56300,2,1,197209,197209,197210,0,1,0
56301,5,2,197214,197214,197216,0,2,4
56302,3,2,197217,197217,197219,0,2,1
56303,4,1,197221,197221,197222,0,1,2
56304,1,2,197222,197222,197224,0,2,0
56305,6,2,197228,197228,197230,0,2,4
56306,5,2,197233,197233,197235,0,2,3
56307,5,2,197238,197238,197240,0,2,3
56308,3,3,197241,197241,197244,0,3,1
56309,6,2,197247,197247,197249,0,2,3
56310,4,2,197251,197251,197253,0,2,2
56311,4,1,197255,197255,197256,0,1,2
56312,6,1,197261,197261,197262,0,1,5
56313,5,3,197266,197266,197269,0,3,4
56314,4,2,197270,197270,197272,0,2,1
56315,2,3,197272,197272,197275,0,3,0
56316,2,2,197274,197275,197277,1,3,0
56317,4,2,197278,197278,197280,0,2,1
56318,2,1,197280,197280,197281,0,1,0
56319,5,3,197285,197285,197288,0,3,4
56320,4,3,197289,197289,197292,0,3,1
56321,3,1,197292,197292,197293,0,1,0
56322,1,3,197293,197293,197296,0,3,0
56323,3,1,197296,197296,197297,0,1,0
56324,4,3,197300,197300,197303,0,3,3
56325,3,1,197303,197303,197304,0,1,0
56326,4,2,197307,197307,197309,0,2,3
56327,1,2,197308,197309,197311,1,3,0
56328,5,3,197313,197313,197316,0,3,2
56329,6,1,197319,197319,197320,0,1,3
56330,5,2,197324,197324,197326,0,2,4
56331,2,1,197326,197326,197327,0,1,0
56332,1,1,197327,197327,197328,0,1,0
56333,3,3,197330,197330,197333,0,3,2
56334,4,2,197334,197334,197336,0,2,1
56335,6,2,197340,197340,197342,0,2,4
56336,3,2,197343,197343,197345,0,2,1
56337,1,1,197344,197345,197346,1,2,0
56338,6,2,197350,197350,197352,0,2,4
56339,1,2,197351,197352,197354,1,3,0
56340,5,3,197356,197356,197359,0,3,2
56341,6,1,197362,197362,197363,0,1,3
56342,4,1,197366,197366,197367,0,1,3
56343,2,1,197368,197368,197369,0,1,1
56344,6,3,197374,197374,197377,0,3,5
56345,6,2,197380,197380,197382,0,2,3
56346,2,1,197382,197382,197383,0,1,0
56347,2,3,197384,197384,197387,0,3,1
56348,4,3,197388,197388,197391,0,3,1
56349,4,3,197392,197392,197395,0,3,1
56350,3,2,197395,197395,197397,0,2,0
56351,3,2,197398,197398,197400,0,2,1
56352,2,1,197400,197400,197401,0,1,0
56353,1,2,197401,197401,197403,0,2,0
56354,3,3,197404,197404,197407,0,3,1
56355,3,2,197407,197407,197409,0,2,0
56356,5,3,197412,197412,197415,0,3,3
56357,4,1,197416,197416,197417,0,1,1
56358,2,3,197418,197418,197421,0,3,1
56359,2,2,197420,197421,197423,1,3,0
56360,1,1,197421,197423,197424,2,3,0
56361,6,3,197427,197427,197430,0,3,3
56362,6,3,197433,197433,197436,0,3,3
56363,6,1,197439,197439,197440,0,1,3
56364,6,3,197445,197445,197448,0,3,5
56365,5,1,197450,197450,197451,0,1,2
56366,4,2,197454,197454,197456,0,2,3
56367,3,1,197457,197457,197458,0,1,1
56368,6,3,197463,197463,197466,0,3,5
56369,1,1,197464,197466,197467,2,3,0
56370,4,1,197468,197468,197469,0,1,1
56371,6,2,197474,197474,197476,0,2,5
56372,2,1,197476,197476,197477,0,1,0
56373,1,3,197477,197477,197480,0,3,0
56374,1,1,197478,197480,197481,2,3,0
56375,6,1,197484,197484,197485,0,1,3
56376,5,1,197489,197489,197490,0,1,4
56377,4,1,197493,197493,197494,0,1,3
56378,4,1,197497,197497,197498,0,1,3
56379,1,1,197498,197498,197499,0,1,0
56380,3,3,197501,197501,197504,0,3,2
56381,5,3,197506,197506,197509,0,3,2
56382,1,3,197507,197509,197512,2,5,0
56383,6,2,197513,197513,197515,0,2,1
56384,6,1,197519,197519,197520,0,1,4
56385,4,2,197523,197523,197525,0,2,3
56386,2,3,197525,197525,197528,0,3,0
56387,5,2,197530,197530,197532,0,2,2
56388,5,1,197535,197535,197536,0,1,3
56389,6,3,197541,197541,197544,0,3,5
56390,4,1,197545,197545,197546,0,1,1
56391,3,1,197548,197548,197549,0,1,2
56392,1,2,197549,197549,197551,0,2,0
56393,1,3,197550,197551,197554,1,4,0
56394,1,3,197551,197554,197557,3,6,0
56395,1,3,197552,197557,197560,5,8,0
56396,3,3,197555,197560,197563,5,8,0
56397,1,3,197556,197563,197566,7,10,0
56398,4,3,197560,197566,197569,6,9,0
56399,6,1,197566,197569,197570,3,4,0
56400,5,2,197571,197571,197573,0,2,1
56401,3,1,197574,197574,197575,0,1,1
56402,6,1,197580,197580,197581,0,1,5
56403,2,1,197582,197582,197583,0,1,1
56404,3,1,197585,197585,197586,0,1,2
56405,2,2,197587,197587,197589,0,2,1
56406,2,1,197589,197589,197590,0,1,0
56407,5,3,197594,197594,197597,0,3,4
56408,5,1,197599,197599,197600,0,1,2
56409,4,2,197603,197603,197605,0,2,3
56410,6,2,197609,197609,197611,0,2,4
56411,2,1,197611,197611,197612,0,1,0
56412,3,3,197614,197614,197617,0,3,2
56413,3,3,197617,197617,197620,0,3,0
56414,6,1,197623,197623,197624,0,1,3
56415,2,2,197625,197625,197627,0,2,1
56416,1,3,197626,197627,197630,1,4,0
56417,2,1,197628,197630,197631,2,3,0
56418,5,2,197633,197633,197635,0,2,2
56419,2,3,197635,197635,197638,0,3,0
56420,3,2,197638,197638,197640,0,2,0
56421,2,2,197640,197640,197642,0,2,0
56422,6,2,197646,197646,197648,0,2,4
56423,2,2,197648,197648,197650,0,2,0
56424,4,3,197652,197652,197655,0,3,2
56425,1,1,197653,197655,197656,2,3,0
56426,5,3,197658,197658,197661,0,3,2
56427,3,2,197661,197661,197663,0,2,0
56428,1,1,197662,197663,197664,1,2,0
56429,4,2,197666,197666,197668,0,2,2
56430,5,3,197671,197671,197674,0,3,3
56431,2,1,197673,197674,197675,1,2,0
56432,6,3,197679,197679,197682,0,3,4
56433,4,3,197683,197683,197686,0,3,1
56434,3,3,197686,197686,197689,0,3,0
56435,4,1,197690,197690,197691,0,1,1
56436,1,1,197691,197691,197692,0,1,0
56437,6,2,197697,197697,197699,0,2,5
56438,3,1,197700,197700,197701,0,1,1
56439,6,3,197706,197706,197709,0,3,5
56440,4,1,197710,197710,197711,0,1,1
56441,5,3,197715,197715,197718,0,3,4
56442,1,3,197716,197718,197721,2,5,0
56443,3,1,197719,197721,197722,2,3,0
56444,3,1,197722,197722,197723,0,1,0
56445,1,1,197723,197723,197724,0,1,0
56446,5,3,197728,197728,197731,0,3,4
56447,5,2,197733,197733,197735,0,2,2
56448,1,3,197734,197735,197738,1,4,0
56449,2,2,197736,197738,197740,2,4,0
56450,6,1,197742,197742,197743,0,1,2
56451,1,1,197743,197743,197744,0,1,0
56452,6,2,197749,197749,197751,0,2,5
56453,5,3,197754,197754,197757,0,3,3
56454,6,3,197760,197760,197763,0,3,3
56455,5,3,197765,197765,197768,0,3,2
56456,5,3,197770,197770,197773,0,3,2
56457,5,1,197775,197775,197776,0,1,2
56458,4,3,197779,197779,197782,0,3,3
56459,4,2,197783,197783,197785,0,2,1
56460,1,3,197784,197785,197788,1,4,0
56461,4,1,197788,197788,197789,0,1,0
56462,1,2,197789,197789,197791,0,2,0
56463,5,3,197794,197794,197797,0,3,3
56464,4,2,197798,197798,197800,0,2,1
56465,3,1,197801,197801,197802,0,1,1
56466,4,3,197805,197805,197808,0,3,3
56467,4,3,197809,197809,197812,0,3,1
56468,6,1,197815,197815,197816,0,1,3
56469,2,2,197817,197817,197819,0,2,1
56470,2,2,197819,197819,197821,0,2,0
56471,5,3,197824,197824,197827,0,3,3
56472,3,3,197827,197827,197830,0,3,0
56473,2,3,197829,197830,197833,1,4,0
56474,3,1,197832,197833,197834,1,2,0
56475,6,1,197838,197838,197839,0,1,4
56476,5,3,197843,197843,197846,0,3,4
56477,1,2,197844,197846,197848,2,4,0
56478,2,2,197846,197848,197850,2,4,0
56479,4,3,197850,197850,197853,0,3,0
56480,3,1,197853,197853,197854,0,1,0
56481,4,3,197857,197857,197860,0,3,3
56482,1,2,197858,197860,197862,2,4,0
56483,1,3,197859,197862,197865,3,6,0
56484,2,1,197861,197865,197866,4,5,0
56485,5,3,197866,197866,197869,0,3,0
56486,1,2,197867,197869,197871,2,4,0
56487,2,2,197869,197871,197873,2,4,0
56488,2,1,197871,197873,197874,2,3,0
56489,2,1,197873,197874,197875,1,2,0
56490,1,3,197874,197875,197878,1,4,0
56491,4,2,197878,197878,197880,0,2,0
56492,5,3,197883,197883,197886,0,3,3
56493,5,1,197888,197888,197889,0,1,2
56494,6,2,197894,197894,197896,0,2,5
56495,2,3,197896,197896,197899,0,3,0
56496,1,3,197897,197899,197902,2,5,0
56497,2,2,197899,197902,197904,3,5,0
56498,2,3,197901,197904,197907,3,6,0
56499,5,1,197906,197907,197908,1,2,0
56500,2,3,197908,197908,197911,0,3,0
56501,2,1,197910,197911,197912,1,2,0
56502,5,3,197915,197915,197918,0,3,3
56503,3,3,197918,197918,197921,0,3,0
56504,4,3,197922,197922,197925,0,3,1
56505,1,3,197923,197925,197928,2,5,0
56506,1,1,197924,197928,197929,4,5,0
56507,1,3,197925,197929,197932,4,7,0
56508,2,3,197927,197932,197935,5,8,0
56509,2,2,197929,197935,197937,6,8,0
56510,1,1,197930,197937,197938,7,8,0
56511,3,2,197933,197938,197940,5,7,0
56512,4,3,197937,197940,197943,3,6,0
56513,3,3,197940,197943,197946,3,6,0
56514,3,3,197943,197946,197949,3,6,0
56515,2,3,197945,197949,197952,4,7,0
56516,1,3,197946,197952,197955,6,9,0
56517,5,2,197951,197955,197957,4,6,0
56518,3,1,197954,197957,197958,3,4,0
56519,5,2,197959,197959,197961,0,2,1
56520,4,3,197963,197963,197966,0,3,2
56521,4,1,197967,197967,197968,0,1,1
56522,2,2,197969,197969,197971,0,2,1
56523,2,2,197971,197971,197973,0,2,0
56524,2,1,197973,197973,197974,0,1,0
56525,6,3,197979,197979,197982,0,3,5
56526,3,3,197982,197982,197985,0,3,0
56527,1,3,197983,197985,197988,2,5,0
56528,2,2,197985,197988,197990,3,5,0
56529,4,3,197989,197990,197993,1,4,0
56530,1,2,197990,197993,197995,3,5,0
56531,5,2,197995,197995,197997,0,2,0
56532,5,3,198000,198000,198003,0,3,3
56533,5,1,198005,198005,198006,0,1,2
56534,4,2,198009,198009,198011,0,2,3
56535,6,2,198015,198015,198017,0,2,4
56536,1,3,198016,198017,198020,1,4,0
56537,4,3,198020,198020,198023,0,3,0
56538,3,3,198023,198023,198026,0,3,0
56539,2,1,198025,198026,198027,1,2,0
56540,2,1,198027,198027,198028,0,1,0
56541,4,1,198031,198031,198032,0,1,3
56542,6,3,198037,198037,198040,0,3,5
56543,1,2,198038,198040,198042,2,4,0
56544,4,2,198042,198042,198044,0,2,0
56545,2,3,198044,198044,198047,0,3,0
56546,3,1,198047,198047,198048,0,1,0
56547,4,2,198051,198051,198053,0,2,3
56548,3,1,198054,198054,198055,0,1,1
56549,3,1,198057,198057,198058,0,1,2
56550,1,2,198058,198058,198060,0,2,0
56551,6,1,198064,198064,198065,0,1,4
56552,2,2,198066,198066,198068,0,2,1
56553,3,1,198069,198069,198070,0,1,1
56554,4,2,198073,198073,198075,0,2,3
56555,1,3,198074,198075,198078,1,4,0
56556,3,1,198077,198078,198079,1,2,0
56557,1,1,198078,198079,198080,1,2,0
56558,2,1,198080,198080,198081,0,1,0
56559,6,3,198086,198086,198089,0,3,5
56560,5,2,198091,198091,198093,0,2,2
56561,1,1,198092,198093,198094,1,2,0
56562,1,2,198093,198094,198096,1,3,0
56563,5,2,198098,198098,198100,0,2,2
56564,5,3,198103,198103,198106,0,3,3
56565,1,1,198104,198106,198107,2,3,0
56566,2,3,198106,198107,198110,1,4,0
56567,4,3,198110,198110,198113,0,3,0
56568,5,3,198115,198115,198118,0,3,2
56569,4,3,198119,198119,198122,0,3,1
56570,6,2,198125,198125,198127,0,2,3
56571,3,2,198128,198128,198130,0,2,1
56572,2,1,198130,198130,198131,0,1,0
56573,4,2,198134,198134,198136,0,2,3
56574,5,1,198139,198139,198140,0,1,3
56575,3,3,198142,198142,198145,0,3,2
56576,2,3,198144,198145,198148,1,4,0
56577,5,2,198149,198149,198151,0,2,1
56578,5,2,198154,198154,198156,0,2,3
56579,2,3,198156,198156,198159,0,3,0
56580,4,3,198160,198160,198163,0,3,1
56581,1,3,198161,198163,198166,2,5,0
56582,4,2,198165,198166,198168,1,3,0
56583,6,1,198171,198171,198172,0,1,3
56584,2,1,198173,198173,198174,0,1,1
56585,5,2,198178,198178,198180,0,2,4
56586,3,2,198181,198181,198183,0,2,1
56587,3,3,198184,198184,198187,0,3,1
56588,4,1,198188,198188,198189,0,1,1
56589,5,2,198193,198193,198195,0,2,4
56590,1,2,198194,198195,198197,1,3,0
56591,2,2,198196,198197,198199,1,3,0
56592,4,1,198200,198200,198201,0,1,1
56593,1,1,198201,198201,198202,0,1,0
56594,1,1,198202,198202,198203,0,1,0
56595,5,1,198207,198207,198208,0,1,4
56596,1,2,198208,198208,198210,0,2,0
56597,1,1,198209,198210,198211,1,2,0
56598,6,2,198215,198215,198217,0,2,4
56599,6,1,198221,198221,198222,0,1,4
56600,4,1,198225,198225,198226,0,1,3
56601,3,3,198228,198228,198231,0,3,2
56602,1,1,198229,198231,198232,2,3,0
56603,3,2,198232,198232,198234,0,2,0
56604,3,3,198235,198235,198238,0,3,1
56605,6,3,198241,198241,198244,0,3,3
56606,3,1,198244,198244,198245,0,1,0
56607,2,2,198246,198246,198248,0,2,1
56608,5,2,198251,198251,198253,0,2,3
56609,2,3,198253,198253,198256,0,3,0
56610,5,2,198258,198258,198260,0,2,2
56611,2,1,198260,198260,198261,0,1,0
56612,2,1,198262,198262,198263,0,1,1
56613,5,1,198267,198267,198268,0,1,4
56614,4,1,198271,198271,198272,0,1,3
56615,6,2,198277,198277,198279,0,2,5
56616,6,1,198283,198283,198284,0,1,4
56617,3,1,198286,198286,198287,0,1,2
56618,5,1,198291,198291,198292,0,1,4
56619,4,3,198295,198295,198298,0,3,3
56620,6,2,198301,198301,198303,0,2,3
56621,1,1,198302,198303,198304,1,2,0
56622,1,2,198303,198304,198306,1,3,0
56623,1,1,198304,198306,198307,2,3,0
56624,4,3,198308,198308,198311,0,3,1
56625,4,1,198312,198312,198313,0,1,1
56626,4,1,198316,198316,198317,0,1,3
56627,5,2,198321,198321,198323,0,2,4
56628,3,2,198324,198324,198326,0,2,1
56629,2,1,198326,198326,198327,0,1,0
56630,2,2,198328,198328,198330,0,2,1
56631,5,1,198333,198333,198334,0,1,3
56632,4,1,198337,198337,198338,0,1,3
56633,3,1,198340,198340,198341,0,1,2
56634,5,3,198345,198345,198348,0,3,4
56635,4,3,198349,198349,198352,0,3,1
56636,6,2,198355,198355,198357,0,2,3
56637,3,3,198358,198358,198361,0,3,1
56638,4,1,198362,198362,198363,0,1,1
56639,2,1,198364,198364,198365,0,1,1
56640,3,2,198367,198367,198369,0,2,2
56641,1,2,198368,198369,198371,1,3,0
56642,3,2,198371,198371,198373,0,2,0
56643,5,3,198376,198376,198379,0,3,3
56644,2,1,198378,198379,198380,1,2,0
56645,2,1,198380,198380,198381,0,1,0
56646,3,1,198383,198383,198384,0,1,2
56647,6,1,198389,198389,198390,0,1,5
56648,1,3,198390,198390,198393,0,3,0
56649,4,3,198394,198394,198397,0,3,1
56650,4,3,198398,198398,198401,0,3,1
56651,2,2,198400,198401,198403,1,3,0
56652,2,2,198402,198403,198405,1,3,0
56653,5,1,198407,198407,198408,0,1,2
56654,6,3,198413,198413,198416,0,3,5
56655,2,3,198415,198416,198419,1,4,0
56656,5,2,198420,198420,198422,0,2,1
56657,1,3,198421,198422,198425,1,4,0
56658,3,1,198424,198425,198426,1,2,0
56659,5,3,198429,198429,198432,0,3,3
56660,4,1,198433,198433,198434,0,1,1
56661,5,1,198438,198438,198439,0,1,4
56662,5,2,198443,198443,198445,0,2,4
56663,4,1,198447,198447,198448,0,1,2
56664,1,2,198448,198448,198450,0,2,0
56665,4,3,198452,198452,198455,0,3,2
56666,5,2,198457,198457,198459,0,2,2
56667,3,1,198460,198460,198461,0,1,1
56668,2,2,198462,198462,198464,0,2,1
56669,3,3,198465,198465,198468,0,3,1
56670,3,3,198468,198468,198471,0,3,0
56671,1,3,198469,198471,198474,2,5,0
56672,6,3,198475,198475,198478,0,3,1
56673,2,1,198477,198478,198479,1,2,0
56674,1,1,198478,198479,198480,1,2,0
56675,1,3,198479,198480,198483,1,4,0
56676,5,2,198484,198484,198486,0,2,1
56677,3,2,198487,198487,198489,0,2,1
56678,2,2,198489,198489,198491,0,2,0
56679,5,1,198494,198494,198495,0,1,3
56680,5,2,198499,198499,198501,0,2,4
56681,6,3,198505,198505,198508,0,3,4
56682,1,3,198506,198508,198511,2,5,0
56683,1,2,198507,198511,198513,4,6,0
56684,5,2,198512,198513,198515,1,3,0
56685,4,2,198516,198516,198518,0,2,1
56686,6,1,198522,198522,198523,0,1,4
56687,3,2,198525,198525,198527,0,2,2
56688,5,2,198530,198530,198532,0,2,3
56689,5,1,198535,198535,198536,0,1,3
56690,4,2,198539,198539,198541,0,2,3
56691,6,1,198545,198545,198546,0,1,4
56692,4,1,198549,198549,198550,0,1,3
56693,4,1,198553,198553,198554,0,1,3
56694,5,3,198558,198558,198561,0,3,4
56695,4,3,198562,198562,198565,0,3,1
56696,3,3,198565,198565,198568,0,3,0
56697,3,3,198568,198568,198571,0,3,0
56698,2,2,198570,198571,198573,1,3,0
56699,3,2,198573,198573,198575,0,2,0
56700,4,1,198577,198577,198578,0,1,2
56701,2,2,198579,198579,198581,0,2,1
56702,2,2,198581,198581,198583,0,2,0
56703,3,3,198584,198584,198587,0,3,1
56704,4,2,198588,198588,198590,0,2,1
56705,2,2,198590,198590,198592,0,2,0
56706,2,1,198592,198592,198593,0,1,0
56707,2,1,198594,198594,198595,0,1,1
56708,6,2,198600,198600,198602,0,2,5
56709,6,3,198606,198606,198609,0,3,4
56710,6,1,198612,198612,198613,0,1,3
56711,6,1,198618,198618,198619,0,1,5
56712,5,2,198623,198623,198625,0,2,4
56713,6,3,198629,198629,198632,0,3,4
56714,5,1,198634,198634,198635,0,1,2
56715,5,2,198639,198639,198641,0,2,4
56716,5,2,198644,198644,198646,0,2,3
56717,2,1,198646,198646,198647,0,1,0
56718,6,3,198652,198652,198655,0,3,5
56719,5,1,198657,198657,198658,0,1,2
56720,5,2,198662,198662,198664,0,2,4
56721,6,3,198668,198668,198671,0,3,4
56722,4,2,198672,198672,198674,0,2,1
56723,5,1,198677,198677,198678,0,1,3
56724,3,2,198680,198680,198682,0,2,2
56725,3,1,198683,198683,198684,0,1,1
56726,4,3,198687,198687,198690,0,3,3
56727,4,1,198691,198691,198692,0,1,1
56728,2,3,198693,198693,198696,0,3,1
56729,1,1,198694,198696,198697,2,3,0
56730,1,3,198695,198697,198700,2,5,0
56731,3,1,198698,198700,198701,2,3,0
56732,6,1,198704,198704,198705,0,1,3
56733,6,3,198710,198710,198713,0,3,5
56734,4,1,198714,198714,198715,0,1,1
56735,5,1,198719,198719,198720,0,1,4
56736,4,3,198723,198723,198726,0,3,3
56737,4,2,198727,198727,198729,0,2,1
56738,3,1,198730,198730,198731,0,1,1
56739,1,2,198731,198731,198733,0,2,0
56740,1,3,198732,198733,198736,1,4,0
56741,6,2,198738,198738,198740,0,2,2
56742,5,3,198743,198743,198746,0,3,3
56743,2,1,198745,198746,198747,1,2,0
56744,6,3,198751,198751,198754,0,3,4
56745,6,1,198757,198757,198758,0,1,3
56746,1,1,198758,198758,198759,0,1,0
56747,3,2,198761,198761,198763,0,2,2
56748,3,2,198764,198764,198766,0,2,1
56749,6,3,198770,198770,198773,0,3,4
56750,6,3,198776,198776,198779,0,3,3
56751,4,2,198780,198780,198782,0,2,1
56752,6,3,198786,198786,198789,0,3,4
56753,4,2,198790,198790,198792,0,2,1
56754,3,2,198793,198793,198795,0,2,1
56755,1,2,198794,198795,198797,1,3,0
56756,1,2,198795,198797,198799,2,4,0
56757,4,3,198799,198799,198802,0,3,0
56758,6,3,198805,198805,198808,0,3,3
56759,5,1,198810,198810,198811,0,1,2
56760,2,2,198812,198812,198814,0,2,1
56761,5,2,198817,198817,198819,0,2,3
56762,3,3,198820,198820,198823,0,3,1
56763,6,2,198826,198826,198828,0,2,3
56764,3,1,198829,198829,198830,0,1,1
56765,1,1,198830,198830,198831,0,1,0
56766,6,3,198836,198836,198839,0,3,5
56767,4,3,198840,198840,198843,0,3,1
56768,5,2,198845,198845,198847,0,2,2
56769,4,2,198849,198849,198851,0,2,2
56770,3,3,198852,198852,198855,0,3,1
56771,2,1,198854,198855,198856,1,2,0
56772,1,3,198855,198856,198859,1,4,0
56773,3,1,198858,198859,198860,1,2,0
56774,5,2,198863,198863,198865,0,2,3
56775,5,3,198868,198868,198871,0,3,3
56776,3,3,198871,198871,198874,0,3,0
56777,6,1,198877,198877,198878,0,1,3
56778,1,1,198878,198878,198879,0,1,0
56779,4,2,198882,198882,198884,0,2,3
56780,5,3,198887,198887,198890,0,3,3
56781,6,3,198893,198893,198896,0,3,3
56782,4,2,198897,198897,198899,0,2,1
56783,2,1,198899,198899,198900,0,1,0
56784,4,2,198903,198903,198905,0,2,3
56785,1,2,198904,198905,198907,1,3,0
56786,6,3,198910,198910,198913,0,3,3
56787,3,1,198913,198913,198914,0,1,0
56788,6,2,198919,198919,198921,0,2,5
56789,4,2,198923,198923,198925,0,2,2
56790,3,3,198926,198926,198929,0,3,1
56791,6,1,198932,198932,198933,0,1,3
56792,3,3,198935,198935,198938,0,3,2
56793,5,2,198940,198940,198942,0,2,2
56794,3,3,198943,198943,198946,0,3,1
56795,6,2,198949,198949,198951,0,2,3
56796,3,3,198952,198952,198955,0,3,1
56797,1,3,198953,198955,198958,2,5,0
56798,2,3,198955,198958,198961,3,6,0
56799,5,1,198960,198961,198962,1,2,0
56800,6,2,198966,198966,198968,0,2,4
56801,1,3,198967,198968,198971,1,4,0
56802,5,2,198972,198972,198974,0,2,1
56803,2,1,198974,198974,198975,0,1,0
56804,5,3,198979,198979,198982,0,3,4
56805,5,3,198984,198984,198987,0,3,2
56806,1,2,198985,198987,198989,2,4,0
56807,5,1,198990,198990,198991,0,1,1
56808,6,3,198996,198996,198999,0,3,5
56809,3,3,198999,198999,199002,0,3,0
56810,5,2,199004,199004,199006,0,2,2
56811,6,2,199010,199010,199012,0,2,4
56812,1,3,199011,199012,199015,1,4,0
56813,1,1,199012,199015,199016,3,4,0
56814,2,2,199014,199016,199018,2,4,0
56815,6,3,199020,199020,199023,0,3,2
56816,5,1,199025,199025,199026,0,1,2
56817,2,3,199027,199027,199030,0,3,1
56818,3,2,199030,199030,199032,0,2,0
56819,5,3,199035,199035,199038,0,3,3
56820,4,1,199039,199039,199040,0,1,1
56821,4,1,199043,199043,199044,0,1,3
56822,4,3,199047,199047,199050,0,3,3
56823,4,3,199051,199051,199054,0,3,1
56824,1,2,199052,199054,199056,2,4,0
56825,2,1,199054,199056,199057,2,3,0
56826,1,3,199055,199057,199060,2,5,0
56827,1,1,199056,199060,199061,4,5,0
56828,2,3,199058,199061,199064,3,6,0
56829,4,3,199062,199064,199067,2,5,0
56830,5,2,199067,199067,199069,0,2,0
56831,1,1,199068,199069,199070,1,2,0
56832,5,2,199073,199073,199075,0,2,3
56833,4,3,199077,199077,199080,0,3,2
56834,1,2,199078,199080,199082,2,4,0
56835,3,1,199081,199082,199083,1,2,0
56836,2,1,199083,199083,199084,0,1,0
56837,2,3,199085,199085,199088,0,3,1
56838,5,2,199090,199090,199092,0,2,2
56839,4,3,199094,199094,199097,0,3,2
56840,1,3,199095,199097,199100,2,5,0
56841,6,3,199101,199101,199104,0,3,1
56842,4,3,199105,199105,199108,0,3,1
56843,1,2,199106,199108,199110,2,4,0
56844,2,1,199108,199110,199111,2,3,0
56845,6,1,199114,199114,199115,0,1,3
56846,4,2,199118,199118,199120,0,2,3
56847,5,1,199123,199123,199124,0,1,3
56848,5,1,199128,199128,199129,0,1,4
56849,1,3,199129,199129,199132,0,3,0
56850,4,3,199133,199133,199136,0,3,1
56851,6,1,199139,199139,199140,0,1,3
56852,4,3,199143,199143,199146,0,3,3
56853,3,1,199146,199146,199147,0,1,0
56854,2,2,199148,199148,199150,0,2,1
56855,1,2,199149,199150,199152,1,3,0
56856,3,2,199152,199152,199154,0,2,0
56857,2,1,199154,199154,199155,0,1,0
56858,2,2,199156,199156,199158,0,2,1
56859,5,3,199161,199161,199164,0,3,3
56860,4,1,199165,199165,199166,0,1,1
56861,3,2,199168,199168,199170,0,2,2
56862,2,3,199170,199170,199173,0,3,0
56863,3,1,199173,199173,199174,0,1,0
56864,3,2,199176,199176,199178,0,2,2
56865,2,3,199178,199178,199181,0,3,0
56866,2,1,199180,199181,199182,1,2,0
56867,6,1,199186,199186,199187,0,1,4
56868,1,1,199187,199187,199188,0,1,0
56869,3,3,199190,199190,199193,0,3,2
56870,2,2,199192,199193,199195,1,3,0
56871,2,3,199194,199195,199198,1,4,0
56872,3,1,199197,199198,199199,1,2,0
56873,1,1,199198,199199,199200,1,2,0
56874,1,3,199199,199200,199203,1,4,0
56875,5,2,199204,199204,199206,0,2,1
56876,4,3,199208,199208,199211,0,3,2
56877,6,3,199214,199214,199217,0,3,3
56878,1,3,199215,199217,199220,2,5,0
56879,5,1,199220,199220,199221,0,1,0
56880,6,2,199226,199226,199228,0,2,5
56881,1,1,199227,199228,199229,1,2,0
56882,5,2,199232,199232,199234,0,2,3
56883,4,3,199236,199236,199239,0,3,2
56884,6,3,199242,199242,199245,0,3,3
56885,4,2,199246,199246,199248,0,2,1
56886,5,1,199251,199251,199252,0,1,3
56887,3,3,199254,199254,199257,0,3,2
56888,3,3,199257,199257,199260,0,3,0
56889,6,2,199263,199263,199265,0,2,3
56890,1,2,199264,199265,199267,1,3,0
56891,2,2,199266,199267,199269,1,3,0
56892,4,2,199270,199270,199272,0,2,1
56893,1,3,199271,199272,199275,1,4,0
56894,6,1,199277,199277,199278,0,1,2
56895,5,2,199282,199282,199284,0,2,4
56896,2,1,199284,199284,199285,0,1,0
56897,6,2,199290,199290,199292,0,2,5
56898,6,3,199296,199296,199299,0,3,4
56899,6,2,199302,199302,199304,0,2,3
56900,4,3,199306,199306,199309,0,3,2
56901,2,3,199308,199309,199312,1,4,0
56902,6,1,199314,199314,199315,0,1,2
56903,3,3,199317,199317,199320,0,3,2
56904,2,2,199319,199320,199322,1,3,0
56905,4,1,199323,199323,199324,0,1,1
56906,3,1,199326,199326,199327,0,1,2
56907,2,2,199328,199328,199330,0,2,1
56908,3,2,199331,199331,199333,0,2,1
56909,6,1,199337,199337,199338,0,1,4
56910,5,2,199342,199342,199344,0,2,4
56911,4,1,199346,199346,199347,0,1,2
56912,2,3,199348,199348,199351,0,3,1
56913,4,3,199352,199352,199355,0,3,1
56914,1,1,199353,199355,199356,2,3,0
56915,5,3,199358,199358,199361,0,3,2
56916,6,3,199364,199364,199367,0,3,3
56917,2,3,199366,199367,199370,1,4,0
56918,4,3,199370,199370,199373,0,3,0
56919,2,1,199372,199373,199374,1,2,0
56920,5,1,199377,199377,199378,0,1,3
56921,5,2,199382,199382,199384,0,2,4
56922,4,1,199386,199386,199387,0,1,2
56923,6,3,199392,199392,199395,0,3,5
56924,6,3,199398,199398,199401,0,3,3
56925,2,1,199400,199401,199402,1,2,0
56926,1,3,199401,199402,199405,1,4,0
56927,4,2,199405,199405,199407,0,2,0
56928,5,2,199410,199410,199412,0,2,3
56929,6,2,199416,199416,199418,0,2,4
56930,5,1,199421,199421,199422,0,1,3
56931,5,2,199426,199426,199428,0,2,4
56932,5,1,199431,199431,199432,0,1,3
56933,3,3,199434,199434,199437,0,3,2
56934,5,3,199439,199439,199442,0,3,2
56935,5,1,199444,199444,199445,0,1,2
56936,5,3,199449,199449,199452,0,3,4
56937,4,1,199453,199453,199454,0,1,1
56938,3,3,199456,199456,199459,0,3,2
56939,3,3,199459,199459,199462,0,3,0
56940,5,2,199464,199464,199466,0,2,2
56941,2,3,199466,199466,199469,0,3,0
56942,3,1,199469,199469,199470,0,1,0
56943,5,1,199474,199474,199475,0,1,4
56944,6,3,199480,199480,199483,0,3,5
56945,1,2,199481,199483,199485,2,4,0
56946,4,3,199485,199485,199488,0,3,0
56947,5,2,199490,199490,199492,0,2,2
56948,5,2,199495,199495,199497,0,2,3
56949,2,1,199497,199497,199498,0,1,0
56950,3,1,199500,199500,199501,0,1,2
56951,1,3,199501,199501,199504,0,3,0
56952,1,1,199502,199504,199505,2,3,0
56953,3,3,199505,199505,199508,0,3,0
56954,3,1,199508,199508,199509,0,1,0
56955,5,3,199513,199513,199516,0,3,4
56956,5,2,199518,199518,199520,0,2,2
56957,6,1,199524,199524,199525,0,1,4
56958,6,3,199530,199530,199533,0,3,5
56959,6,1,199536,199536,199537,0,1,3
56960,4,2,199540,199540,199542,0,2,3
56961,1,3,199541,199542,199545,1,4,0
56962,4,3,199545,199545,199548,0,3,0
56963,3,1,199548,199548,199549,0,1,0
56964,5,1,199553,199553,199554,0,1,4
56965,1,2,199554,199554,199556,0,2,0
56966,1,1,199555,199556,199557,1,2,0
56967,6,1,199561,199561,199562,0,1,4
56968,2,1,199563,199563,199564,0,1,1
56969,1,2,199564,199564,199566,0,2,0
56970,4,2,199568,199568,199570,0,2,2
56971,4,3,199572,199572,199575,0,3,2
56972,3,1,199575,199575,199576,0,1,0
56973,2,2,199577,199577,199579,0,2,1
56974,1,2,199578,199579,199581,1,3,0
56975,4,1,199582,199582,199583,0,1,1
56976,3,1,199585,199585,199586,0,1,2
56977,1,2,199586,199586,199588,0,2,0
56978,5,2,199591,199591,199593,0,2,3
56979,2,1,199593,199593,199594,0,1,0
56980,5,2,199598,199598,199600,0,2,4
56981,1,3,199599,199600,199603,1,4,0
56982,2,3,199601,199603,199606,2,5,0
56983,3,1,199604,199606,199607,2,3,0
56984,5,2,199609,199609,199611,0,2,2
56985,4,3,199613,199613,199616,0,3,2
56986,3,3,199616,199616,199619,0,3,0
56987,6,1,199622,199622,199623,0,1,3
56988,2,1,199624,199624,199625,0,1,1
56989,1,2,199625,199625,199627,0,2,0
56990,6,1,199631,199631,199632,0,1,4
56991,3,3,199634,199634,199637,0,3,2
56992,2,2,199636,199637,199639,1,3,0
56993,1,2,199637,199639,199641,2,4,0
56994,1,2,199638,199641,199643,3,5,0
56995,6,2,199644,199644,199646,0,2,1
56996,3,3,199647,199647,199650,0,3,1
56997,1,1,199648,199650,199651,2,3,0
56998,4,3,199652,199652,199655,0,3,1
56999,1,1,199653,199655,199656,2,3,0
57000,6,2,199659,199659,199661,0,2,3
57001,6,2,199665,199665,199667,0,2,4
57002,6,3,199671,199671,199674,0,3,4
57003,1,1,199672,199674,199675,2,3,0
57004,1,3,199673,199675,199678,2,5,0
57005,3,1,199676,199678,199679,2,3,0
57006,1,3,199677,199679,199682,2,5,0
57007,3,3,199680,199682,199685,2,5,0
57008,4,2,199684,199685,199687,1,3,0
57009,4,3,199688,199688,199691,0,3,1
57010,5,2,199693,199693,199695,0,2,2
57011,1,1,199694,199695,199696,1,2,0
57012,6,2,199700,199700,199702,0,2,4
57013,2,3,199702,199702,199705,0,3,0
57014,3,1,199705,199705,199706,0,1,0
57015,6,3,199711,199711,199714,0,3,5
57016,3,3,199714,199714,199717,0,3,0
57017,2,3,199716,199717,199720,1,4,0
57018,1,3,199717,199720,199723,3,6,0
57019,6,1,199723,199723,199724,0,1,0
57020,3,1,199726,199726,199727,0,1,2
57021,4,1,199730,199730,199731,0,1,3
57022,3,1,199733,199733,199734,0,1,2
57023,4,1,199737,199737,199738,0,1,3
57024,3,1,199740,199740,199741,0,1,2
57025,6,1,199746,199746,199747,0,1,5
57026,5,2,199751,199751,199753,0,2,4
57027,6,3,199757,199757,199760,0,3,4
57028,6,2,199763,199763,199765,0,2,3
57029,1,3,199764,199765,199768,1,4,0
57030,6,3,199770,199770,199773,0,3,2
57031,5,2,199775,199775,199777,0,2,2
57032,2,3,199777,199777,199780,0,3,0
57033,5,2,199782,199782,199784,0,2,2
57034,6,3,199788,199788,199791,0,3,4
57035,4,1,199792,199792,199793,0,1,1
57036,4,1,199796,199796,199797,0,1,3
57037,3,2,199799,199799,199801,0,2,2
57038,2,2,199801,199801,199803,0,2,0
57039,2,3,199803,199803,199806,0,3,0
57040,1,2,199804,199806,199808,2,4,0
57041,1,2,199805,199808,199810,3,5,0
57042,6,2,199811,199811,199813,0,2,1
57043,6,2,199817,199817,199819,0,2,4
57044,3,1,199820,199820,199821,0,1,1
57045,5,1,199825,199825,199826,0,1,4
57046,3,1,199828,199828,199829,0,1,2
57047,2,3,199830,199830,199833,0,3,1
57048,1,1,199831,199833,199834,2,3,0
57049,5,2,199836,199836,199838,0,2,2
57050,6,1,199842,199842,199843,0,1,4
57051,6,1,199848,199848,199849,0,1,5
57052,5,2,199853,199853,199855,0,2,4
57053,5,2,199858,199858,199860,0,2,3
57054,5,2,199863,199863,199865,0,2,3
57055,5,3,199868,199868,199871,0,3,3
57056,3,3,199871,199871,199874,0,3,0
57057,5,1,199876,199876,199877,0,1,2
57058,5,1,199881,199881,199882,0,1,4
57059,5,1,199886,199886,199887,0,1,4
57060,3,3,199889,199889,199892,0,3,2
57061,1,1,199890,199892,199893,2,3,0
57062,5,3,199895,199895,199898,0,3,2
57063,6,2,199901,199901,199903,0,2,3
57064,5,2,199906,199906,199908,0,2,3
57065,4,2,199910,199910,199912,0,2,2
57066,4,1,199914,199914,199915,0,1,2
57067,1,3,199915,199915,199918,0,3,0
57068,1,3,199916,199918,199921,2,5,0
57069,5,3,199921,199921,199924,0,3,0
57070,1,1,199922,199924,199925,2,3,0
57071,2,3,199924,199925,199928,1,4,0
57072,5,2,199929,199929,199931,0,2,1
57073,1,1,199930,199931,199932,1,2,0
57074,5,2,199935,199935,199937,0,2,3
57075,6,2,199941,199941,199943,0,2,4
57076,4,3,199945,199945,199948,0,3,2
57077,1,2,199946,199948,199950,2,4,0
57078,3,3,199949,199950,199953,1,4,0
57079,3,1,199952,199953,199954,1,2,0
57080,3,1,199955,199955,199956,0,1,1
57081,3,3,199958,199958,199961,0,3,2
57082,6,2,199964,199964,199966,0,2,3
57083,6,2,199970,199970,199972,0,2,4
57084,1,1,199971,199972,199973,1,2,0
57085,1,3,199972,199973,199976,1,4,0
57086,2,1,199974,199976,199977,2,3,0
57087,3,1,199977,199977,199978,0,1,0
57088,1,3,199978,199978,199981,0,3,0
57089,6,3,199984,199984,199987,0,3,3
57090,5,3,199989,199989,199992,0,3,2
57091,3,1,199992,199992,199993,0,1,0
57092,6,1,199998,199998,199999,0,1,5
57093,3,1,200001,200001,200002,0,1,2
57094,3,2,200004,200004,200006,0,2,2
57095,1,2,200005,200006,200008,1,3,0
57096,5,1,200010,200010,200011,0,1,2
57097,2,2,200012,200012,200014,0,2,1
57098,1,3,200013,200014,200017,1,4,0
57099,4,3,200017,200017,200020,0,3,0
57100,3,3,200020,200020,200023,0,3,0
57101,4,2,200024,200024,200026,0,2,1
57102,5,2,200029,200029,200031,0,2,3
57103,1,3,200030,200031,200034,1,4,0
57104,3,2,200033,200034,200036,1,3,0
57105,1,3,200034,200036,200039,2,5,0
57106,4,1,200038,200039,200040,1,2,0
57107,1,3,200039,200040,200043,1,4,0
57108,6,1,200045,200045,200046,0,1,2
57109,4,3,200049,200049,200052,0,3,3
57110,6,1,200055,200055,200056,0,1,3
57111,6,2,200061,200061,200063,0,2,5
57112,2,3,200063,200063,200066,0,3,0
57113,5,2,200068,200068,200070,0,2,2
57114,1,1,200069,200070,200071,1,2,0
57115,2,2,200071,200071,200073,0,2,0
57116,2,2,200073,200073,200075,0,2,0
57117,5,3,200078,200078,200081,0,3,3
57118,1,2,200079,200081,200083,2,4,0
57119,4,1,200083,200083,200084,0,1,0
57120,5,2,200088,200088,200090,0,2,4
57121,1,1,200089,200090,200091,1,2,0
57122,3,2,200092,200092,200094,0,2,1
57123,1,1,200093,200094,200095,1,2,0
57124,6,3,200099,200099,200102,0,3,4
57125,3,1,200102,200102,200103,0,1,0
57126,2,2,200104,200104,200106,0,2,1
57127,2,1,200106,200106,200107,0,1,0
57128,5,2,200111,200111,200113,0,2,4
57129,5,3,200116,200116,200119,0,3,3
57130,3,3,200119,200119,200122,0,3,0
57131,3,3,200122,200122,200125,0,3,0
57132,5,1,200127,200127,200128,0,1,2
57133,1,1,200128,200128,200129,0,1,0
57134,1,3,200129,200129,200132,0,3,0
57135,6,1,200135,200135,200136,0,1,3
57136,4,2,200139,200139,200141,0,2,3
57137,2,1,200141,200141,200142,0,1,0
57138,1,2,200142,200142,200144,0,2,0
57139,2,2,200144,200144,200146,0,2,0
57140,6,1,200150,200150,200151,0,1,4
57141,6,1,200156,200156,200157,0,1,5
57142,4,2,200160,200160,200162,0,2,3
57143,5,3,200165,200165,200168,0,3,3
57144,1,3,200166,200168,200171,2,5,0
57145,5,2,200171,200171,200173,0,2,0
57146,5,3,200176,200176,200179,0,3,3
57147,5,2,200181,200181,200183,0,2,2
57148,5,3,200186,200186,200189,0,3,3
57149,5,1,200191,200191,200192,0,1,2
57150,4,1,200195,200195,200196,0,1,3
57151,2,3,200197,200197,200200,0,3,1
57152,2,3,200199,200200,200203,1,4,0
57153,4,1,200203,200203,200204,0,1,0
57154,5,3,200208,200208,200211,0,3,4
57155,6,2,200214,200214,200216,0,2,3
57156,6,1,200220,200220,200221,0,1,4
57157,2,3,200222,200222,200225,0,3,1
57158,1,2,200223,200225,200227,2,4,0
57159,6,3,200229,200229,200232,0,3,2
57160,4,1,200233,200233,200234,0,1,1
57161,3,3,200236,200236,200239,0,3,2
57162,5,2,200241,200241,200243,0,2,2
57163,4,1,200245,200245,200246,0,1,2
57164,1,2,200246,200246,200248,0,2,0
57165,5,3,200251,200251,200254,0,3,3
57166,5,3,200256,200256,200259,0,3,2
57167,1,1,200257,200259,200260,2,3,0
57168,3,1,200260,200260,200261,0,1,0
57169,6,3,200266,200266,200269,0,3,5
57170,2,1,200268,200269,200270,1,2,0
57171,3,3,200271,200271,200274,0,3,1
57172,1,2,200272,200274,200276,2,4,0
57173,4,3,200276,200276,200279,0,3,0
57174,1,2,200277,200279,200281,2,4,0
57175,5,2,200282,200282,200284,0,2,1
57176,5,1,200287,200287,200288,0,1,3
57177,4,3,200291,200291,200294,0,3,3
57178,4,1,200295,200295,200296,0,1,1
57179,3,2,200298,200298,200300,0,2,2
57180,3,3,200301,200301,200304,0,3,1
57181,4,3,200305,200305,200308,0,3,1
57182,6,3,200311,200311,200314,0,3,3
57183,5,3,200316,200316,200319,0,3,2
57184,4,2,200320,200320,200322,0,2,1
57185,1,1,200321,200322,200323,1,2,0
57186,5,1,200326,200326,200327,0,1,3
57187,6,3,200332,200332,200335,0,3,5
57188,5,1,200337,200337,200338,0,1,2
57189,6,3,200343,200343,200346,0,3,5
57190,6,3,200349,200349,200352,0,3,3
57191,1,3,200350,200352,200355,2,5,0
57192,1,1,200351,200355,200356,4,5,0
57193,6,2,200357,200357,200359,0,2,1
57194,6,2,200363,200363,200365,0,2,4
57195,1,2,200364,200365,200367,1,3,0
57196,6,2,200370,200370,200372,0,2,3
57197,4,1,200374,200374,200375,0,1,2
57198,4,2,200378,200378,200380,0,2,3
57199,4,1,200382,200382,200383,0,1,2
57200,4,3,200386,200386,200389,0,3,3
57201,6,1,200392,200392,200393,0,1,3
57202,3,2,200395,200395,200397,0,2,2
57203,2,3,200397,200397,200400,0,3,0
57204,2,2,200399,200400,200402,1,3,0
57205,4,2,200403,200403,200405,0,2,1
57206,1,3,200404,200405,200408,1,4,0
57207,6,1,200410,200410,200411,0,1,2
57208,1,2,200411,200411,200413,0,2,0
57209,2,1,200413,200413,200414,0,1,0
57210,1,2,200414,200414,200416,0,2,0
57211,3,1,200417,200417,200418,0,1,1
57212,4,3,200421,200421,200424,0,3,3
57213,1,2,200422,200424,200426,2,4,0
57214,1,3,200423,200426,200429,3,6,0
57215,3,3,200426,200429,200432,3,6,0
57216,1,3,200427,200432,200435,5,8,0
57217,6,1,200433,200435,200436,2,3,0
57218,5,1,200438,200438,200439,0,1,2
57219,6,2,200444,200444,200446,0,2,5
57220,2,3,200446,200446,200449,0,3,0
57221,2,1,200448,200449,200450,1,2,0
57222,6,2,200454,200454,200456,0,2,4
57223,3,2,200457,200457,200459,0,2,1
57224,5,3,200462,200462,200465,0,3,3
57225,4,1,200466,200466,200467,0,1,1
57226,3,1,200469,200469,200470,0,1,2
57227,3,1,200472,200472,200473,0,1,2
57228,1,2,200473,200473,200475,0,2,0
57229,5,1,200478,200478,200479,0,1,3
57230,5,2,200483,200483,200485,0,2,4
57231,1,3,200484,200485,200488,1,4,0
57232,1,2,200485,200488,200490,3,5,0
57233,4,2,200489,200490,200492,1,3,0
57234,5,3,200494,200494,200497,0,3,2
57235,1,3,200495,200497,200500,2,5,0
57236,5,2,200500,200500,200502,0,2,0
57237,5,3,200505,200505,200508,0,3,3
57238,1,1,200506,200508,200509,2,3,0
57239,2,2,200508,200509,200511,1,3,0
57240,6,1,200514,200514,200515,0,1,3
57241,4,3,200518,200518,200521,0,3,3
57242,1,1,200519,200521,200522,2,3,0
57243,5,3,200524,200524,200527,0,3,2
57244,5,2,200529,200529,200531,0,2,2
57245,4,1,200533,200533,200534,0,1,2
57246,2,2,200535,200535,200537,0,2,1
57247,5,3,200540,200540,200543,0,3,3
57248,1,1,200541,200543,200544,2,3,0
57249,5,2,200546,200546,200548,0,2,2
57250,2,3,200548,200548,200551,0,3,0
57251,4,3,200552,200552,200555,0,3,1
57252,2,3,200554,200555,200558,1,4,0
57253,4,2,200558,200558,200560,0,2,0
57254,5,2,200563,200563,200565,0,2,3
57255,2,3,200565,200565,200568,0,3,0
57256,2,1,200567,200568,200569,1,2,0
57257,2,3,200569,200569,200572,0,3,0
57258,2,1,200571,200572,200573,1,2,0
57259,6,3,200577,200577,200580,0,3,4
57260,6,3,200583,200583,200586,0,3,3
57261,6,1,200589,200589,200590,0,1,3
57262,2,1,200591,200591,200592,0,1,1
57263,4,3,200595,200595,200598,0,3,3
57264,5,3,200600,200600,200603,0,3,2
57265,5,3,200605,200605,200608,0,3,2
57266,3,2,200608,200608,200610,0,2,0
57267,6,2,200614,200614,200616,0,2,4
57268,6,1,200620,200620,200621,0,1,4
57269,5,1,200625,200625,200626,0,1,4
57270,5,3,200630,200630,200633,0,3,4
57271,3,1,200633,200633,200634,0,1,0
57272,6,1,200639,200639,200640,0,1,5
57273,2,3,200641,200641,200644,0,3,1
57274,4,2,200645,200645,200647,0,2,1
57275,4,3,200649,200649,200652,0,3,2
57276,5,2,200654,200654,200656,0,2,2
57277,3,1,200657,200657,200658,0,1,1
57278,1,2,200658,200658,200660,0,2,0
57279,3,3,200661,200661,200664,0,3,1
57280,3,1,200664,200664,200665,0,1,0
57281,5,2,200669,200669,200671,0,2,4
57282,4,2,200673,200673,200675,0,2,2
57283,4,2,200677,200677,200679,0,2,2
57284,4,1,200681,200681,200682,0,1,2
57285,1,2,200682,200682,200684,0,2,0
57286,1,3,200683,200684,200687,1,4,0
57287,3,2,200686,200687,200689,1,3,0
57288,2,1,200688,200689,200690,1,2,0
57289,1,2,200689,200690,200692,1,3,0
57290,3,2,200692,200692,200694,0,2,0
57291,4,2,200696,200696,200698,0,2,2
57292,3,2,200699,200699,200701,0,2,1
57293,3,1,200702,200702,200703,0,1,1
57294,2,3,200704,200704,200707,0,3,1
57295,4,1,200708,200708,200709,0,1,1
57296,2,1,200710,200710,200711,0,1,1
57297,2,3,200712,200712,200715,0,3,1
57298,6,1,200718,200718,200719,0,1,3
57299,1,2,200719,200719,200721,0,2,0
57300,5,2,200724,200724,200726,0,2,3
57301,2,1,200726,200726,200727,0,1,0
57302,2,2,200728,200728,200730,0,2,1
57303,1,3,200729,200730,200733,1,4,0
57304,1,2,200730,200733,200735,3,5,0
57305,2,1,200732,200735,200736,3,4,0
57306,1,3,200733,200736,200739,3,6,0
57307,1,1,200734,200739,200740,5,6,0
57308,3,2,200737,200740,200742,3,5,0
57309,6,1,200743,200743,200744,0,1,1
57310,2,1,200745,200745,200746,0,1,1
57311,6,3,200751,200751,200754,0,3,5
57312,2,2,200753,200754,200756,1,3,0
57313,6,3,200759,200759,200762,0,3,3
57314,2,3,200761,200762,200765,1,4,0
57315,6,3,200767,200767,200770,0,3,2
57316,6,2,200773,200773,200775,0,2,3
57317,3,3,200776,200776,200779,0,3,1
57318,1,3,200777,200779,200782,2,5,0
57319,6,2,200783,200783,200785,0,2,1
57320,1,2,200784,200785,200787,1,3,0
57321,1,3,200785,200787,200790,2,5,0
57322,2,1,200787,200790,200791,3,4,0
57323,5,3,200792,200792,200795,0,3,1
57324,2,1,200794,200795,200796,1,2,0
57325,3,1,200797,200797,200798,0,1,1
57326,2,2,200799,200799,200801,0,2,1
57327,4,3,200803,200803,200806,0,3,2
57328,6,1,200809,200809,200810,0,1,3
57329,1,2,200810,200810,200812,0,2,0
57330,3,3,200813,200813,200816,0,3,1
57331,4,3,200817,200817,200820,0,3,1
57332,4,1,200821,200821,200822,0,1,1
57333,2,3,200823,200823,200826,0,3,1
57334,6,3,200829,200829,200832,0,3,3
57335,2,2,200831,200832,200834,1,3,0
57336,1,3,200832,200834,200837,2,5,0
57337,6,3,200838,200838,200841,0,3,1
57338,6,2,200844,200844,200846,0,2,3
57339,5,2,200849,200849,200851,0,2,3
57340,3,3,200852,200852,200855,0,3,1
57341,5,3,200857,200857,200860,0,3,2
57342,4,1,200861,200861,200862,0,1,1
57343,2,1,200863,200863,200864,0,1,1
57344,3,2,200866,200866,200868,0,2,2
57345,2,1,200868,200868,200869,0,1,0
57346,4,3,200872,200872,200875,0,3,3
57347,5,2,200877,200877,200879,0,2,2
57348,5,3,200882,200882,200885,0,3,3
57349,5,1,200887,200887,200888,0,1,2
57350,2,3,200889,200889,200892,0,3,1
57351,6,3,200895,200895,200898,0,3,3
57352,5,1,200900,200900,200901,0,1,2
57353,4,1,200904,200904,200905,0,1,3
57354,6,3,200910,200910,200913,0,3,5
57355,5,1,200915,200915,200916,0,1,2
57356,5,1,200920,200920,200921,0,1,4
57357,4,2,200924,200924,200926,0,2,3
57358,1,1,200925,200926,200927,1,2,0
57359,3,3,200928,200928,200931,0,3,1
57360,5,1,200933,200933,200934,0,1,2
57361,2,2,200935,200935,200937,0,2,1
57362,4,1,200939,200939,200940,0,1,2
57363,5,3,200944,200944,200947,0,3,4
57364,6,2,200950,200950,200952,0,2,3
57365,1,3,200951,200952,200955,1,4,0
57366,3,2,200954,200955,200957,1,3,0
57367,6,1,200960,200960,200961,0,1,3
57368,6,1,200966,200966,200967,0,1,5
57369,2,2,200968,200968,200970,0,2,1
57370,4,3,200972,200972,200975,0,3,2
57371,5,2,200977,200977,200979,0,2,2
57372,6,3,200983,200983,200986,0,3,4
57373,1,1,200984,200986,200987,2,3,0
57374,2,2,200986,200987,200989,1,3,0
57375,1,2,200987,200989,200991,2,4,0
57376,4,1,200991,200991,200992,0,1,0
57377,5,3,200996,200996,200999,0,3,4
57378,4,3,201000,201000,201003,0,3,1
57379,3,2,201003,201003,201005,0,2,0
57380,4,2,201007,201007,201009,0,2,2
57381,4,3,201011,201011,201014,0,3,2
57382,5,1,201016,201016,201017,0,1,2
57383,6,3,201022,201022,201025,0,3,5
57384,2,2,201024,201025,201027,1,3,0
57385,3,2,201027,201027,201029,0,2,0
57386,2,1,201029,201029,201030,0,1,0
57387,5,1,201034,201034,201035,0,1,4
57388,4,2,201038,201038,201040,0,2,3
57389,6,3,201044,201044,201047,0,3,4
57390,2,3,201046,201047,201050,1,4,0
57391,3,3,201049,201050,201053,1,4,0
57392,1,1,201050,201053,201054,3,4,0
57393,4,1,201054,201054,201055,0,1,0
57394,2,1,201056,201056,201057,0,1,1
57395,5,1,201061,201061,201062,0,1,4
57396,5,1,201066,201066,201067,0,1,4
57397,5,2,201071,201071,201073,0,2,4
57398,4,3,201075,201075,201078,0,3,2
57399,5,1,201080,201080,201081,0,1,2
57400,3,1,201083,201083,201084,0,1,2
57401,4,3,201087,201087,201090,0,3,3
57402,4,1,201091,201091,201092,0,1,1
57403,1,2,201092,201092,201094,0,2,0
57404,3,1,201095,201095,201096,0,1,1
57405,2,2,201097,201097,201099,0,2,1
57406,2,2,201099,201099,201101,0,2,0
57407,2,2,201101,201101,201103,0,2,0
57408,4,3,201105,201105,201108,0,3,2
57409,4,1,201109,201109,201110,0,1,1
57410,3,1,201112,201112,201113,0,1,2
57411,3,3,201115,201115,201118,0,3,2
57412,1,1,201116,201118,201119,2,3,0
57413,5,3,201121,201121,201124,0,3,2
57414,5,1,201126,201126,201127,0,1,2
57415,4,2,201130,201130,201132,0,2,3
57416,1,2,201131,201132,201134,1,3,0
57417,2,3,201133,201134,201137,1,4,0
57418,4,3,201137,201137,201140,0,3,0
57419,3,1,201140,201140,201141,0,1,0
57420,1,2,201141,201141,201143,0,2,0
57421,4,3,201145,201145,201148,0,3,2
57422,6,2,201151,201151,201153,0,2,3
57423,4,2,201155,201155,201157,0,2,2
57424,5,2,201160,201160,201162,0,2,3
57425,4,3,201164,201164,201167,0,3,2
57426,6,3,201170,201170,201173,0,3,3
57427,1,2,201171,201173,201175,2,4,0
57428,3,1,201174,201175,201176,1,2,0
57429,2,1,201176,201176,201177,0,1,0
57430,1,1,201177,201177,201178,0,1,0
57431,3,1,201180,201180,201181,0,1,2
57432,6,1,201186,201186,201187,0,1,5
57433,1,3,201187,201187,201190,0,3,0
57434,5,3,201192,201192,201195,0,3,2
57435,5,1,201197,201197,201198,0,1,2
57436,3,2,201200,201200,201202,0,2,2
57437,3,2,201203,201203,201205,0,2,1
57438,6,2,201209,201209,201211,0,2,4
57439,5,1,201214,201214,201215,0,1,3
57440,5,1,201219,201219,201220,0,1,4
57441,4,1,201223,201223,201224,0,1,3
57442,6,3,201229,201229,201232,0,3,5
57443,1,2,201230,201232,201234,2,4,0
57444,2,3,201232,201234,201237,2,5,0
57445,3,1,201235,201237,201238,2,3,0
57446,1,2,201236,201238,201240,2,4,0
57447,6,1,201242,201242,201243,0,1,2
57448,4,3,201246,201246,201249,0,3,3
57449,3,2,201249,201249,201251,0,2,0
57450,2,1,201251,201251,201252,0,1,0
57451,1,1,201252,201252,201253,0,1,0
57452,3,1,201255,201255,201256,0,1,2
57453,3,3,201258,201258,201261,0,3,2
57454,2,3,201260,201261,201264,1,4,0
57455,3,1,201263,201264,201265,1,2,0
57456,2,2,201265,201265,201267,0,2,0
57457,5,3,201270,201270,201273,0,3,3
57458,4,1,201274,201274,201275,0,1,1
57459,4,1,201278,201278,201279,0,1,3
57460,3,2,201281,201281,201283,0,2,2
57461,6,3,201287,201287,201290,0,3,4
57462,2,2,201289,201290,201292,1,3,0
57463,5,2,201294,201294,201296,0,2,2
57464,5,1,201299,201299,201300,0,1,3
57465,4,1,201303,201303,201304,0,1,3
57466,1,2,201304,201304,201306,0,2,0
57467,2,1,201306,201306,201307,0,1,0
57468,6,2,201312,201312,201314,0,2,5
57469,6,2,201318,201318,201320,0,2,4
57470,5,3,201323,201323,201326,0,3,3
57471,2,1,201325,201326,201327,1,2,0
57472,2,1,201327,201327,201328,0,1,0
57473,6,3,201333,201333,201336,0,3,5
57474,5,1,201338,201338,201339,0,1,2
57475,1,1,201339,201339,201340,0,1,0
57476,5,2,201344,201344,201346,0,2,4
57477,5,1,201349,201349,201350,0,1,3
57478,5,3,201354,201354,201357,0,3,4
57479,5,1,201359,201359,201360,0,1,2
57480,3,1,201362,201362,201363,0,1,2
57481,4,1,201366,201366,201367,0,1,3
57482,3,3,201369,201369,201372,0,3,2
57483,4,1,201373,201373,201374,0,1,1
57484,6,3,201379,201379,201382,0,3,5
57485,6,1,201385,201385,201386,0,1,3
57486,6,1,201391,201391,201392,0,1,5
57487,2,3,201393,201393,201396,0,3,1
57488,6,3,201399,201399,201402,0,3,3
57489,5,1,201404,201404,201405,0,1,2
57490,4,2,201408,201408,201410,0,2,3
57491,6,1,201414,201414,201415,0,1,4
57492,4,2,201418,201418,201420,0,2,3
57493,6,3,201424,201424,201427,0,3,4
57494,2,3,201426,201427,201430,1,4,0
57495,1,2,201427,201430,201432,3,5,0
57496,4,1,201431,201432,201433,1,2,0
57497,5,3,201436,201436,201439,0,3,3
57498,5,1,201441,201441,201442,0,1,2
57499,1,1,201442,201442,201443,0,1,0
57500,2,1,201444,201444,201445,0,1,1
57501,6,2,201450,201450,201452,0,2,5
57502,1,2,201451,201452,201454,1,3,0
57503,4,1,201455,201455,201456,0,1,1
57504,3,2,201458,201458,201460,0,2,2
57505,4,1,201462,201462,201463,0,1,2
57506,4,2,201466,201466,201468,0,2,3
57507,1,2,201467,201468,201470,1,3,0
57508,1,1,201468,201470,201471,2,3,0
57509,6,2,201474,201474,201476,0,2,3
57510,3,1,201477,201477,201478,0,1,1
57511,3,1,201480,201480,201481,0,1,2
57512,2,3,201482,201482,201485,0,3,1
57513,2,3,201484,201485,201488,1,4,0
57514,1,3,201485,201488,201491,3,6,0
57515,6,2,201491,201491,201493,0,2,0
57516,6,1,201497,201497,201498,0,1,4
57517,4,1,201501,201501,201502,0,1,3
57518,2,1,201503,201503,201504,0,1,1
57519,6,1,201509,201509,201510,0,1,5
57520,1,1,201510,201510,201511,0,1,0
57521,4,1,201514,201514,201515,0,1,3
57522,2,3,201516,201516,201519,0,3,1
57523,3,1,201519,201519,201520,0,1,0
57524,1,2,201520,201520,201522,0,2,0
57525,2,3,201522,201522,201525,0,3,0
57526,1,2,201523,201525,201527,2,4,0
57527,5,3,201528,201528,201531,0,3,1
57528,3,1,201531,201531,201532,0,1,0
57529,3,3,201534,201534,201537,0,3,2
57530,4,3,201538,201538,201541,0,3,1
57531,3,3,201541,201541,201544,0,3,0
57532,2,2,201543,201544,201546,1,3,0
57533,1,1,201544,201546,201547,2,3,0
57534,4,2,201548,201548,201550,0,2,1
57535,5,2,201553,201553,201555,0,2,3
57536,5,3,201558,201558,201561,0,3,3
57537,5,3,201563,201563,201566,0,3,2
57538,3,3,201566,201566,201569,0,3,0
57539,4,1,201570,201570,201571,0,1,1
57540,6,2,201576,201576,201578,0,2,5
57541,3,2,201579,201579,201581,0,2,1
57542,4,2,201583,201583,201585,0,2,2
57543,2,1,201585,201585,201586,0,1,0
57544,1,3,201586,201586,201589,0,3,0
57545,4,3,201590,201590,201593,0,3,1
57546,2,1,201592,201593,201594,1,2,0
57547,3,3,201595,201595,201598,0,3,1
57548,6,3,201601,201601,201604,0,3,3
57549,1,2,201602,201604,201606,2,4,0
57550,4,2,201606,201606,201608,0,2,0
57551,1,3,201607,201608,201611,1,4,0
57552,5,3,201612,201612,201615,0,3,1
57553,1,2,201613,201615,201617,2,4,0
57554,2,2,201615,201617,201619,2,4,0
57555,4,1,201619,201619,201620,0,1,0
57556,1,1,201620,201620,201621,0,1,0
57557,3,3,201623,201623,201626,0,3,2
57558,3,2,201626,201626,201628,0,2,0
57559,4,3,201630,201630,201633,0,3,2
57560,2,3,201632,201633,201636,1,4,0
57561,5,2,201637,201637,201639,0,2,1
57562,5,1,201642,201642,201643,0,1,3
57563,1,3,201643,201643,201646,0,3,0
57564,3,1,201646,201646,201647,0,1,0
57565,3,1,201649,201649,201650,0,1,2
57566,1,1,201650,201650,201651,0,1,0
57567,3,3,201653,201653,201656,0,3,2
57568,3,2,201656,201656,201658,0,2,0
57569,2,3,201658,201658,201661,0,3,0
57570,1,3,201659,201661,201664,2,5,0
57571,5,1,201664,201664,201665,0,1,0
57572,5,3,201669,201669,201672,0,3,4
57573,1,2,201670,201672,201674,2,4,0
57574,1,3,201671,201674,201677,3,6,0
57575,1,1,201672,201677,201678,5,6,0
57576,4,1,201676,201678,201679,2,3,0
57577,3,2,201679,201679,201681,0,2,0
57578,2,3,201681,201681,201684,0,3,0
57579,2,1,201683,201684,201685,1,2,0
57580,1,2,201684,201685,201687,1,3,0
57581,2,1,201686,201687,201688,1,2,0
57582,2,2,201688,201688,201690,0,2,0
57583,2,3,201690,201690,201693,0,3,0
57584,3,1,201693,201693,201694,0,1,0
57585,5,3,201698,201698,201701,0,3,4
57586,4,1,201702,201702,201703,0,1,1
57587,5,3,201707,201707,201710,0,3,4
57588,2,3,201709,201710,201713,1,4,0
57589,3,3,201712,201713,201716,1,4,0
57590,1,2,201713,201716,201718,3,5,0
57591,4,1,201717,201718,201719,1,2,0
57592,1,1,201718,201719,201720,1,2,0
57593,6,3,201724,201724,201727,0,3,4
57594,6,1,201730,201730,201731,0,1,3
57595,5,1,201735,201735,201736,0,1,4
57596,1,3,201736,201736,201739,0,3,0
57597,3,2,201739,201739,201741,0,2,0
57598,3,3,201742,201742,201745,0,3,1
57599,5,3,201747,201747,201750,0,3,2
57600,5,1,201752,201752,201753,0,1,2
57601,3,1,201755,201755,201756,0,1,2
57602,5,1,201760,201760,201761,0,1,4
57603,3,3,201763,201763,201766,0,3,2
57604,3,3,201766,201766,201769,0,3,0
57605,3,1,201769,201769,201770,0,1,0
57606,1,3,201770,201770,201773,0,3,0
57607,2,2,201772,201773,201775,1,3,0
57608,4,1,201776,201776,201777,0,1,1
57609,5,2,201781,201781,201783,0,2,4
57610,2,2,201783,201783,201785,0,2,0
57611,3,2,201786,201786,201788,0,2,1
57612,3,3,201789,201789,201792,0,3,1
57613,5,2,201794,201794,201796,0,2,2
57614,4,1,201798,201798,201799,0,1,2
57615,3,2,201801,201801,201803,0,2,2
57616,3,3,201804,201804,201807,0,3,1
57617,2,2,201806,201807,201809,1,3,0
57618,6,1,201812,201812,201813,0,1,3
57619,5,2,201817,201817,201819,0,2,4
57620,4,2,201821,201821,201823,0,2,2
57621,3,1,201824,201824,201825,0,1,1
57622,5,2,201829,201829,201831,0,2,4
57623,2,1,201831,201831,201832,0,1,0
57624,1,2,201832,201832,201834,0,2,0
57625,5,3,201837,201837,201840,0,3,3
57626,3,2,201840,201840,201842,0,2,0
57627,5,3,201845,201845,201848,0,3,3
57628,3,2,201848,201848,201850,0,2,0
57629,4,2,201852,201852,201854,0,2,2
57630,6,1,201858,201858,201859,0,1,4
57631,5,3,201863,201863,201866,0,3,4
57632,4,1,201867,201867,201868,0,1,1
57633,5,2,201872,201872,201874,0,2,4
57634,4,2,201876,201876,201878,0,2,2
57635,4,1,201880,201880,201881,0,1,2
57636,2,3,201882,201882,201885,0,3,1
57637,5,3,201887,201887,201890,0,3,2
57638,6,1,201893,201893,201894,0,1,3
57639,2,2,201895,201895,201897,0,2,1
57640,5,1,201900,201900,201901,0,1,3
57641,4,2,201904,201904,201906,0,2,3
57642,3,3,201907,201907,201910,0,3,1
57643,5,3,201912,201912,201915,0,3,2
57644,2,1,201914,201915,201916,1,2,0
57645,2,1,201916,201916,201917,0,1,0
57646,2,1,201918,201918,201919,0,1,1
57647,3,3,201921,201921,201924,0,3,2
57648,6,3,201927,201927,201930,0,3,3
57649,1,3,201928,201930,201933,2,5,0
57650,4,1,201932,201933,201934,1,2,0
57651,4,1,201936,201936,201937,0,1,2
57652,6,1,201942,201942,201943,0,1,5
57653,2,3,201944,201944,201947,0,3,1
57654,4,1,201948,201948,201949,0,1,1
57655,3,2,201951,201951,201953,0,2,2
57656,2,3,201953,201953,201956,0,3,0
57657,2,1,201955,201956,201957,1,2,0
57658,1,2,201956,201957,201959,1,3,0
57659,2,3,201958,201959,201962,1,4,0
57660,6,2,201964,201964,201966,0,2,2
57661,2,1,201966,201966,201967,0,1,0
57662,4,1,201970,201970,201971,0,1,3
57663,2,3,201972,201972,201975,0,3,1
57664,4,1,201976,201976,201977,0,1,1
57665,4,1,201980,201980,201981,0,1,3
57666,5,1,201985,201985,201986,0,1,4
57667,3,1,201988,201988,201989,0,1,2
57668,2,1,201990,201990,201991,0,1,1
57669,2,2,201992,201992,201994,0,2,1
57670,3,3,201995,201995,201998,0,3,1
57671,1,1,201996,201998,201999,2,3,0
57672,1,3,201997,201999,202002,2,5,0
57673,2,3,201999,202002,202005,3,6,0
57674,2,1,202001,202005,202006,4,5,0
57675,6,2,202007,202007,202009,0,2,1
57676,3,1,202010,202010,202011,0,1,1
57677,6,2,202016,202016,202018,0,2,5
57678,5,1,202021,202021,202022,0,1,3
57679,2,3,202023,202023,202026,0,3,1
57680,5,3,202028,202028,202031,0,3,2
57681,1,2,202029,202031,202033,2,4,0
57682,5,1,202034,202034,202035,0,1,1
57683,5,3,202039,202039,202042,0,3,4
57684,2,2,202041,202042,202044,1,3,0
57685,6,3,202047,202047,202050,0,3,3
57686,1,1,202048,202050,202051,2,3,0
57687,2,3,202050,202051,202054,1,4,0
57688,1,1,202051,202054,202055,3,4,0
57689,3,3,202054,202055,202058,1,4,0
57690,1,2,202055,202058,202060,3,5,0
57691,4,2,202059,202060,202062,1,3,0
57692,4,3,202063,202063,202066,0,3,1
57693,1,1,202064,202066,202067,2,3,0
57694,3,2,202067,202067,202069,0,2,0
57695,5,1,202072,202072,202073,0,1,3
57696,4,2,202076,202076,202078,0,2,3
57697,1,3,202077,202078,202081,1,4,0
57698,3,2,202080,202081,202083,1,3,0
57699,6,3,202086,202086,202089,0,3,3
57700,2,2,202088,202089,202091,1,3,0
57701,4,3,202092,202092,202095,0,3,1
57702,4,2,202096,202096,202098,0,2,1
57703,3,3,202099,202099,202102,0,3,1
57704,5,3,202104,202104,202107,0,3,2
57705,3,3,202107,202107,202110,0,3,0
57706,5,3,202112,202112,202115,0,3,2
57707,5,2,202117,202117,202119,0,2,2
57708,6,2,202123,202123,202125,0,2,4
57709,1,3,202124,202125,202128,1,4,0
57710,1,3,202125,202128,202131,3,6,0
57711,2,2,202127,202131,202133,4,6,0
57712,3,2,202130,202133,202135,3,5,0
57713,2,1,202132,202135,202136,3,4,0
57714,6,1,202138,202138,202139,0,1,2
57715,5,2,202143,202143,202145,0,2,4
57716,3,3,202146,202146,202149,0,3,1
57717,6,3,202152,202152,202155,0,3,3
57718,3,3,202155,202155,202158,0,3,0
57719,6,2,202161,202161,202163,0,2,3
57720,5,3,202166,202166,202169,0,3,3
57721,3,2,202169,202169,202171,0,2,0
57722,6,1,202175,202175,202176,0,1,4
57723,5,2,202180,202180,202182,0,2,4
57724,6,3,202186,202186,202189,0,3,4
57725,5,1,202191,202191,202192,0,1,2
57726,3,3,202194,202194,202197,0,3,2
57727,4,3,202198,202198,202201,0,3,1
57728,4,1,202202,202202,202203,0,1,1
57729,4,3,202206,202206,202209,0,3,3
57730,6,2,202212,202212,202214,0,2,3
57731,6,3,202218,202218,202221,0,3,4
57732,2,3,202220,202221,202224,1,4,0
57733,4,3,202224,202224,202227,0,3,0
57734,2,1,202226,202227,202228,1,2,0
57735,5,2,202231,202231,202233,0,2,3
57736,4,2,202235,202235,202237,0,2,2
57737,6,3,202241,202241,202244,0,3,4
57738,6,2,202247,202247,202249,0,2,3
57739,1,2,202248,202249,202251,1,3,0
57740,5,2,202253,202253,202255,0,2,2
57741,1,2,202254,202255,202257,1,3,0
57742,1,2,202255,202257,202259,2,4,0
57743,5,1,202260,202260,202261,0,1,1
57744,2,3,202262,202262,202265,0,3,1
57745,4,1,202266,202266,202267,0,1,1
57746,2,2,202268,202268,202270,0,2,1
57747,4,2,202272,202272,202274,0,2,2
57748,6,2,202278,202278,202280,0,2,4
57749,4,1,202282,202282,202283,0,1,2
57750,4,2,202286,202286,202288,0,2,3
57751,5,2,202291,202291,202293,0,2,3
57752,6,3,202297,202297,202300,0,3,4
57753,6,2,202303,202303,202305,0,2,3
57754,4,1,202307,202307,202308,0,1,2
57755,4,1,202311,202311,202312,0,1,3
57756,3,3,202314,202314,202317,0,3,2
57757,2,2,202316,202317,202319,1,3,0
57758,2,1,202318,202319,202320,1,2,0
57759,3,1,202321,202321,202322,0,1,1
57760,2,2,202323,202323,202325,0,2,1
57761,6,2,202329,202329,202331,0,2,4
57762,1,1,202330,202331,202332,1,2,0
57763,4,2,202334,202334,202336,0,2,2
57764,1,2,202335,202336,202338,1,3,0
57765,3,3,202338,202338,202341,0,3,0
57766,5,1,202343,202343,202344,0,1,2
57767,6,3,202349,202349,202352,0,3,5
57768,4,1,202353,202353,202354,0,1,1
57769,3,2,202356,202356,202358,0,2,2
57770,5,1,202361,202361,202362,0,1,3
57771,5,1,202366,202366,202367,0,1,4
57772,4,2,202370,202370,202372,0,2,3
57773,6,3,202376,202376,202379,0,3,4
57774,5,2,202381,202381,202383,0,2,2
57775,1,1,202382,202383,202384,1,2,0
57776,6,3,202388,202388,202391,0,3,4
57777,2,3,202390,202391,202394,1,4,0
57778,5,1,202395,202395,202396,0,1,1
57779,1,2,202396,202396,202398,0,2,0
57780,4,3,202400,202400,202403,0,3,2
57781,3,3,202403,202403,202406,0,3,0
57782,3,1,202406,202406,202407,0,1,0
57783,4,1,202410,202410,202411,0,1,3
57784,6,2,202416,202416,202418,0,2,5
57785,2,1,202418,202418,202419,0,1,0
57786,5,3,202423,202423,202426,0,3,4
57787,4,1,202427,202427,202428,0,1,1
57788,4,2,202431,202431,202433,0,2,3
57789,2,1,202433,202433,202434,0,1,0
57790,1,3,202434,202434,202437,0,3,0
57791,3,3,202437,202437,202440,0,3,0
57792,5,2,202442,202442,202444,0,2,2
57793,3,1,202445,202445,202446,0,1,1
57794,2,3,202447,202447,202450,0,3,1
57795,5,3,202452,202452,202455,0,3,2
57796,5,2,202457,202457,202459,0,2,2
57797,5,1,202462,202462,202463,0,1,3
57798,6,1,202468,202468,202469,0,1,5
57799,5,2,202473,202473,202475,0,2,4
57800,2,3,202475,202475,202478,0,3,0
57801,4,1,202479,202479,202480,0,1,1
57802,5,3,202484,202484,202487,0,3,4
57803,4,1,202488,202488,202489,0,1,1
57804,4,2,202492,202492,202494,0,2,3
57805,3,1,202495,202495,202496,0,1,1
57806,3,1,202498,202498,202499,0,1,2
57807,5,3,202503,202503,202506,0,3,4
57808,3,1,202506,202506,202507,0,1,0
57809,1,1,202507,202507,202508,0,1,0
57810,2,1,202509,202509,202510,0,1,1
57811,1,2,202510,202510,202512,0,2,0
57812,1,3,202511,202512,202515,1,4,0
57813,3,3,202514,202515,202518,1,4,0
57814,1,3,202515,202518,202521,3,6,0
57815,4,1,202519,202521,202522,2,3,0
57816,1,1,202520,202522,202523,2,3,0
57817,1,1,202521,202523,202524,2,3,0
57818,1,2,202522,202524,202526,2,4,0
57819,4,2,202526,202526,202528,0,2,0
57820,3,1,202529,202529,202530,0,1,1
57821,1,1,202530,202530,202531,0,1,0
57822,1,3,202531,202531,202534,0,3,0
57823,6,2,202537,202537,202539,0,2,3
57824,3,3,202540,202540,202543,0,3,1
57825,4,2,202544,202544,202546,0,2,1
57826,5,2,202549,202549,202551,0,2,3
57827,6,1,202555,202555,202556,0,1,4
57828,4,3,202559,202559,202562,0,3,3
57829,4,2,202563,202563,202565,0,2,1
57830,1,2,202564,202565,202567,1,3,0
57831,5,3,202569,202569,202572,0,3,2
57832,5,3,202574,202574,202577,0,3,2
57833,3,1,202577,202577,202578,0,1,0
57834,5,2,202582,202582,202584,0,2,4
57835,6,1,202588,202588,202589,0,1,4
57836,4,1,202592,202592,202593,0,1,3
57837,2,3,202594,202594,202597,0,3,1
57838,2,3,202596,202597,202600,1,4,0
57839,4,1,202600,202600,202601,0,1,0
57840,1,3,202601,202601,202604,0,3,0
57841,2,1,202603,202604,202605,1,2,0
57842,4,2,202607,202607,202609,0,2,2
57843,5,2,202612,202612,202614,0,2,3
57844,5,1,202617,202617,202618,0,1,3
57845,1,2,202618,202618,202620,0,2,0
57846,1,3,202619,202620,202623,1,4,0
57847,3,2,202622,202623,202625,1,3,0
57848,6,2,202628,202628,202630,0,2,3
57849,6,1,202634,202634,202635,0,1,4
57850,2,1,202636,202636,202637,0,1,1
57851,3,1,202639,202639,202640,0,1,2
57852,2,3,202641,202641,202644,0,3,1
57853,4,3,202645,202645,202648,0,3,1
57854,2,1,202647,202648,202649,1,2,0
57855,6,1,202653,202653,202654,0,1,4
57856,3,1,202656,202656,202657,0,1,2
57857,2,2,202658,202658,202660,0,2,1
57858,2,3,202660,202660,202663,0,3,0
57859,5,3,202665,202665,202668,0,3,2
57860,4,1,202669,202669,202670,0,1,1
57861,5,2,202674,202674,202676,0,2,4
57862,2,1,202676,202676,202677,0,1,0
57863,4,1,202680,202680,202681,0,1,3
57864,3,2,202683,202683,202685,0,2,2
57865,5,1,202688,202688,202689,0,1,3
57866,2,2,202690,202690,202692,0,2,1
57867,1,3,202691,202692,202695,1,4,0
57868,6,3,202697,202697,202700,0,3,2
57869,4,1,202701,202701,202702,0,1,1
57870,6,2,202707,202707,202709,0,2,5
57871,4,1,202711,202711,202712,0,1,2
57872,2,3,202713,202713,202716,0,3,1
57873,3,1,202716,202716,202717,0,1,0
57874,6,2,202722,202722,202724,0,2,5
57875,6,1,202728,202728,202729,0,1,4
57876,4,1,202732,202732,202733,0,1,3
57877,2,1,202734,202734,202735,0,1,1
57878,2,1,202736,202736,202737,0,1,1
57879,6,2,202742,202742,202744,0,2,5
57880,6,3,202748,202748,202751,0,3,4
57881,4,2,202752,202752,202754,0,2,1
57882,1,3,202753,202754,202757,1,4,0
57883,6,1,202759,202759,202760,0,1,2
57884,3,2,202762,202762,202764,0,2,2
57885,5,3,202767,202767,202770,0,3,3
57886,3,3,202770,202770,202773,0,3,0
57887,5,3,202775,202775,202778,0,3,2
57888,4,1,202779,202779,202780,0,1,1
57889,2,1,202781,202781,202782,0,1,1
57890,5,2,202786,202786,202788,0,2,4
57891,1,3,202787,202788,202791,1,4,0
57892,1,2,202788,202791,202793,3,5,0
57893,4,3,202792,202793,202796,1,4,0
57894,5,3,202797,202797,202800,0,3,1
57895,3,3,202800,202800,202803,0,3,0
57896,5,1,202805,202805,202806,0,1,2
57897,2,3,202807,202807,202810,0,3,1
57898,1,1,202808,202810,202811,2,3,0
57899,4,2,202812,202812,202814,0,2,1
57900,5,1,202817,202817,202818,0,1,3
57901,1,1,202818,202818,202819,0,1,0
57902,3,1,202821,202821,202822,0,1,2
57903,2,2,202823,202823,202825,0,2,1
57904,2,1,202825,202825,202826,0,1,0
57905,3,1,202828,202828,202829,0,1,2
57906,1,1,202829,202829,202830,0,1,0
57907,3,3,202832,202832,202835,0,3,2
57908,1,3,202833,202835,202838,2,5,0
57909,2,3,202835,202838,202841,3,6,0
57910,1,2,202836,202841,202843,5,7,0
57911,2,2,202838,202843,202845,5,7,0
57912,6,3,202844,202845,202848,1,4,0
57913,2,2,202846,202848,202850,2,4,0
57914,5,3,202851,202851,202854,0,3,1
57915,1,2,202852,202854,202856,2,4,0
57916,2,1,202854,202856,202857,2,3,0
57917,6,3,202860,202860,202863,0,3,3
57918,6,1,202866,202866,202867,0,1,3
57919,3,1,202869,202869,202870,0,1,2
57920,3,3,202872,202872,202875,0,3,2
57921,1,3,202873,202875,202878,2,5,0
57922,5,3,202878,202878,202881,0,3,0
57923,4,3,202882,202882,202885,0,3,1
57924,1,1,202883,202885,202886,2,3,0
57925,2,2,202885,202886,202888,1,3,0
57926,4,2,202889,202889,202891,0,2,1
57927,5,3,202894,202894,202897,0,3,3
57928,1,1,202895,202897,202898,2,3,0
57929,6,1,202901,202901,202902,0,1,3
57930,3,2,202904,202904,202906,0,2,2
57931,3,3,202907,202907,202910,0,3,1
57932,1,2,202908,202910,202912,2,4,0
57933,3,1,202911,202912,202913,1,2,0
57934,5,1,202916,202916,202917,0,1,3
57935,2,1,202918,202918,202919,0,1,1
57936,6,3,202924,202924,202927,0,3,5
57937,6,2,202930,202930,202932,0,2,3
57938,6,1,202936,202936,202937,0,1,4
57939,1,1,202937,202937,202938,0,1,0
57940,3,3,202940,202940,202943,0,3,2
57941,4,2,202944,202944,202946,0,2,1
57942,1,1,202945,202946,202947,1,2,0
57943,3,1,202948,202948,202949,0,1,1
57944,3,2,202951,202951,202953,0,2,2
57945,4,3,202955,202955,202958,0,3,2
57946,1,1,202956,202958,202959,2,3,0
57947,3,1,202959,202959,202960,0,1,0
57948,3,1,202962,202962,202963,0,1,2
57949,4,2,202966,202966,202968,0,2,3
57950,3,1,202969,202969,202970,0,1,1
57951,3,1,202972,202972,202973,0,1,2
57952,4,3,202976,202976,202979,0,3,3
57953,5,2,202981,202981,202983,0,2,2
57954,3,2,202984,202984,202986,0,2,1
57955,5,2,202989,202989,202991,0,2,3
57956,6,1,202995,202995,202996,0,1,4
57957,6,1,203001,203001,203002,0,1,5
57958,1,3,203002,203002,203005,0,3,0
57959,2,1,203004,203005,203006,1,2,0
57960,3,2,203007,203007,203009,0,2,1
57961,1,2,203008,203009,203011,1,3,0
57962,5,3,203013,203013,203016,0,3,2
57963,1,3,203014,203016,203019,2,5,0
57964,3,3,203017,203019,203022,2,5,0
57965,2,3,203019,203022,203025,3,6,0
57966,6,1,203025,203025,203026,0,1,0
57967,4,3,203029,203029,203032,0,3,3
57968,4,2,203033,203033,203035,0,2,1
57969,6,3,203039,203039,203042,0,3,4
57970,2,2,203041,203042,203044,1,3,0
57971,6,2,203047,203047,203049,0,2,3
57972,5,3,203052,203052,203055,0,3,3
57973,4,1,203056,203056,203057,0,1,1
57974,5,2,203061,203061,203063,0,2,4
57975,2,1,203063,203063,203064,0,1,0
57976,6,3,203069,203069,203072,0,3,5
57977,4,1,203073,203073,203074,0,1,1
57978,4,2,203077,203077,203079,0,2,3
57979,5,1,203082,203082,203083,0,1,3
57980,2,2,203084,203084,203086,0,2,1
57981,3,2,203087,203087,203089,0,2,1
57982,5,2,203092,203092,203094,0,2,3
57983,5,1,203097,203097,203098,0,1,3
57984,5,2,203102,203102,203104,0,2,4
57985,6,1,203108,203108,203109,0,1,4
57986,5,2,203113,203113,203115,0,2,4
57987,6,2,203119,203119,203121,0,2,4
57988,6,1,203125,203125,203126,0,1,4
57989,5,2,203130,203130,203132,0,2,4
57990,3,3,203133,203133,203136,0,3,1
57991,2,1,203135,203136,203137,1,2,0
57992,2,1,203137,203137,203138,0,1,0
57993,1,1,203138,203138,203139,0,1,0
57994,2,3,203140,203140,203143,0,3,1
57995,2,2,203142,203143,203145,1,3,0
57996,2,2,203144,203145,203147,1,3,0
57997,6,3,203150,203150,203153,0,3,3
57998,4,3,203154,203154,203157,0,3,1
57999,3,3,203157,203157,203160,0,3,0
58000,6,2,203163,203163,203165,0,2,3
58001,1,3,203164,203165,203168,1,4,0
58002,3,2,203167,203168,203170,1,3,0
58003,2,1,203169,203170,203171,1,2,0
58004,4,3,203173,203173,203176,0,3,2
58005,3,3,203176,203176,203179,0,3,0
58006,5,1,203181,203181,203182,0,1,2
58007,6,2,203187,203187,203189,0,2,5
58008,1,3,203188,203189,203192,1,4,0
58009,5,2,203193,203193,203195,0,2,1
58010,6,3,203199,203199,203202,0,3,4
58011,5,1,203204,203204,203205,0,1,2
58012,4,3,203208,203208,203211,0,3,3
58013,5,1,203213,203213,203214,0,1,2
58014,6,1,203219,203219,203220,0,1,5
58015,3,2,203222,203222,203224,0,2,2
58016,4,2,203226,203226,203228,0,2,2
58017,1,3,203227,203228,203231,1,4,0
58018,6,1,203233,203233,203234,0,1,2
58019,4,3,203237,203237,203240,0,3,3
58020,1,3,203238,203240,203243,2,5,0
58021,2,1,203240,203243,203244,3,4,0
58022,6,3,203246,203246,203249,0,3,2
58023,2,3,203248,203249,203252,1,4,0
58024,1,2,203249,203252,203254,3,5,0
58025,5,3,203254,203254,203257,0,3,0
58026,6,3,203260,203260,203263,0,3,3
58027,5,3,203265,203265,203268,0,3,2
58028,6,2,203271,203271,203273,0,2,3
58029,1,3,203272,203273,203276,1,4,0
58030,4,2,203276,203276,203278,0,2,0
58031,1,1,203277,203278,203279,1,2,0
58032,3,2,203280,203280,203282,0,2,1
58033,4,2,203284,203284,203286,0,2,2
58034,5,1,203289,203289,203290,0,1,3
58035,3,1,203292,203292,203293,0,1,2
58036,2,3,203294,203294,203297,0,3,1
58037,3,3,203297,203297,203300,0,3,0
58038,5,3,203302,203302,203305,0,3,2
58039,6,2,203308,203308,203310,0,2,3
58040,3,2,203311,203311,203313,0,2,1
58041,4,2,203315,203315,203317,0,2,2
58042,2,2,203317,203317,203319,0,2,0
58043,5,3,203322,203322,203325,0,3,3
58044,4,3,203326,203326,203329,0,3,1
58045,1,2,203327,203329,203331,2,4,0
58046,4,3,203331,203331,203334,0,3,0
58047,1,1,203332,203334,203335,2,3,0
58048,1,1,203333,203335,203336,2,3,0
58049,2,2,203335,203336,203338,1,3,0
58050,4,1,203339,203339,203340,0,1,1
58051,6,3,203345,203345,203348,0,3,5
58052,4,2,203349,203349,203351,0,2,1
58053,5,3,203354,203354,203357,0,3,3
58054,4,2,203358,203358,203360,0,2,1
58055,6,2,203364,203364,203366,0,2,4
58056,6,2,203370,203370,203372,0,2,4
58057,2,2,203372,203372,203374,0,2,0
58058,6,1,203378,203378,203379,0,1,4
58059,4,3,203382,203382,203385,0,3,3
58060,4,2,203386,203386,203388,0,2,1
58061,5,1,203391,203391,203392,0,1,3
58062,3,3,203394,203394,203397,0,3,2
58063,6,2,203400,203400,203402,0,2,3
58064,1,2,203401,203402,203404,1,3,0
58065,1,2,203402,203404,203406,2,4,0
58066,1,1,203403,203406,203407,3,4,0
58067,1,3,203404,203407,203410,3,6,0
58068,6,2,203410,203410,203412,0,2,0
58069,6,3,203416,203416,203419,0,3,4
58070,1,3,203417,203419,203422,2,5,0
58071,3,2,203420,203422,203424,2,4,0
58072,4,3,203424,203424,203427,0,3,0
58073,2,3,203426,203427,203430,1,4,0
58074,6,1,203432,203432,203433,0,1,2
58075,4,3,203436,203436,203439,0,3,3
58076,1,3,203437,203439,203442,2,5,0
58077,3,1,203440,203442,203443,2,3,0
58078,5,3,203445,203445,203448,0,3,2
58079,4,2,203449,203449,203451,0,2,1
58080,4,1,203453,203453,203454,0,1,2
58081,5,1,203458,203458,203459,0,1,4
58082,2,3,203460,203460,203463,0,3,1
58083,4,2,203464,203464,203466,0,2,1
58084,5,1,203469,203469,203470,0,1,3
58085,4,2,203473,203473,203475,0,2,3
58086,1,2,203474,203475,203477,1,3,0
58087,2,2,203476,203477,203479,1,3,0
58088,5,2,203481,203481,203483,0,2,2
58089,4,2,203485,203485,203487,0,2,2
58090,4,1,203489,203489,203490,0,1,2
58091,5,3,203494,203494,203497,0,3,4
58092,3,3,203497,203497,203500,0,3,0
58093,4,3,203501,203501,203504,0,3,1
58094,4,1,203505,203505,203506,0,1,1
58095,2,2,203507,203507,203509,0,2,1
58096,1,2,203508,203509,203511,1,3,0
58097,5,2,203513,203513,203515,0,2,2
58098,6,2,203519,203519,203521,0,2,4
58099,5,2,203524,203524,203526,0,2,3
58100,3,3,203527,203527,203530,0,3,1
58101,1,1,203528,203530,203531,2,3,0
58102,5,3,203533,203533,203536,0,3,2
58103,2,3,203535,203536,203539,1,4,0
58104,4,1,203539,203539,203540,0,1,0
58105,2,2,203541,203541,203543,0,2,1
58106,1,3,203542,203543,203546,1,4,0
58107,2,2,203544,203546,203548,2,4,0
58108,5,3,203549,203549,203552,0,3,1
58109,1,2,203550,203552,203554,2,4,0
58110,5,2,203555,203555,203557,0,2,1
58111,3,1,203558,203558,203559,0,1,1
58112,3,2,203561,203561,203563,0,2,2
58113,4,3,203565,203565,203568,0,3,2
58114,3,1,203568,203568,203569,0,1,0
58115,3,2,203571,203571,203573,0,2,2
58116,4,1,203575,203575,203576,0,1,2
58117,5,2,203580,203580,203582,0,2,4
58118,4,3,203584,203584,203587,0,3,2
58119,6,2,203590,203590,203592,0,2,3
58120,1,2,203591,203592,203594,1,3,0
58121,2,3,203593,203594,203597,1,4,0
58122,1,3,203594,203597,203600,3,6,0
58123,1,1,203595,203600,203601,5,6,0
58124,5,3,203600,203601,203604,1,4,0
58125,6,2,203606,203606,203608,0,2,2
58126,2,3,203608,203608,203611,0,3,0
58127,5,2,203613,203613,203615,0,2,2
58128,4,2,203617,203617,203619,0,2,2
58129,4,1,203621,203621,203622,0,1,2
58130,3,2,203624,203624,203626,0,2,2
58131,5,3,203629,203629,203632,0,3,3
58132,6,2,203635,203635,203637,0,2,3
58133,3,3,203638,203638,203641,0,3,1
58134,2,1,203640,203641,203642,1,2,0
58135,3,2,203643,203643,203645,0,2,1
58136,4,2,203647,203647,203649,0,2,2
58137,3,2,203650,203650,203652,0,2,1
58138,5,2,203655,203655,203657,0,2,3
58139,4,3,203659,203659,203662,0,3,2
58140,1,3,203660,203662,203665,2,5,0
58141,6,3,203666,203666,203669,0,3,1
58142,3,3,203669,203669,203672,0,3,0
58143,4,2,203673,203673,203675,0,2,1
58144,2,2,203675,203675,203677,0,2,0
58145,4,1,203679,203679,203680,0,1,2
58146,5,3,203684,203684,203687,0,3,4
58147,1,2,203685,203687,203689,2,4,0
58148,6,1,203691,203691,203692,0,1,2
58149,5,1,203696,203696,203697,0,1,4
58150,2,2,203698,203698,203700,0,2,1
58151,4,2,203702,203702,203704,0,2,2
58152,3,2,203705,203705,203707,0,2,1
58153,4,2,203709,203709,203711,0,2,2
58154,5,2,203714,203714,203716,0,2,3
58155,4,3,203718,203718,203721,0,3,2
58156,2,3,203720,203721,203724,1,4,0
58157,5,2,203725,203725,203727,0,2,1
58158,5,1,203730,203730,203731,0,1,3
58159,5,3,203735,203735,203738,0,3,4
58160,4,3,203739,203739,203742,0,3,1
58161,1,1,203740,203742,203743,2,3,0
58162,5,1,203745,203745,203746,0,1,2
58163,5,3,203750,203750,203753,0,3,4
58164,1,2,203751,203753,203755,2,4,0
58165,4,3,203755,203755,203758,0,3,0
58166,6,3,203761,203761,203764,0,3,3
58167,3,1,203764,203764,203765,0,1,0
58168,1,3,203765,203765,203768,0,3,0
58169,3,1,203768,203768,203769,0,1,0
58170,3,3,203771,203771,203774,0,3,2
58171,4,2,203775,203775,203777,0,2,1
58172,6,3,203781,203781,203784,0,3,4
58173,4,1,203785,203785,203786,0,1,1
58174,1,2,203786,203786,203788,0,2,0
58175,6,1,203792,203792,203793,0,1,4
58176,5,3,203797,203797,203800,0,3,4
58177,1,3,203798,203800,203803,2,5,0
58178,3,2,203801,203803,203805,2,4,0
58179,5,3,203806,203806,203809,0,3,1
58180,4,2,203810,203810,203812,0,2,1
58181,6,3,203816,203816,203819,0,3,4
58182,2,2,203818,203819,203821,1,3,0
58183,2,1,203820,203821,203822,1,2,0
58184,3,1,203823,203823,203824,0,1,1
58185,1,3,203824,203824,203827,0,3,0
58186,3,1,203827,203827,203828,0,1,0
58187,6,1,203833,203833,203834,0,1,5
58188,2,2,203835,203835,203837,0,2,1
58189,5,3,203840,203840,203843,0,3,3
58190,2,2,203842,203843,203845,1,3,0
58191,5,2,203847,203847,203849,0,2,2
58192,3,1,203850,203850,203851,0,1,1
58193,6,2,203856,203856,203858,0,2,5
58194,1,3,203857,203858,203861,1,4,0
58195,4,3,203861,203861,203864,0,3,0
58196,2,3,203863,203864,203867,1,4,0
58197,6,1,203869,203869,203870,0,1,2
58198,3,3,203872,203872,203875,0,3,2
58199,3,2,203875,203875,203877,0,2,0
58200,6,1,203881,203881,203882,0,1,4
58201,6,2,203887,203887,203889,0,2,5
58202,6,1,203893,203893,203894,0,1,4
58203,2,2,203895,203895,203897,0,2,1
58204,6,2,203901,203901,203903,0,2,4
58205,2,1,203903,203903,203904,0,1,0
58206,5,1,203908,203908,203909,0,1,4
58207,3,3,203911,203911,203914,0,3,2
58208,6,1,203917,203917,203918,0,1,3
58209,2,2,203919,203919,203921,0,2,1
58210,2,1,203921,203921,203922,0,1,0
58211,3,2,203924,203924,203926,0,2,2
58212,1,1,203925,203926,203927,1,2,0
58213,6,1,203931,203931,203932,0,1,4
58214,3,2,203934,203934,203936,0,2,2
58215,6,2,203940,203940,203942,0,2,4
58216,4,2,203944,203944,203946,0,2,2
58217,6,2,203950,203950,203952,0,2,4
58218,3,1,203953,203953,203954,0,1,1
58219,1,1,203954,203954,203955,0,1,0
58220,2,3,203956,203956,203959,0,3,1
58221,4,3,203960,203960,203963,0,3,1
58222,3,3,203963,203963,203966,0,3,0
58223,1,1,203964,203966,203967,2,3,0
58224,6,1,203970,203970,203971,0,1,3
58225,3,3,203973,203973,203976,0,3,2
58226,2,2,203975,203976,203978,1,3,0
58227,2,3,203977,203978,203981,1,4,0
58228,6,1,203983,203983,203984,0,1,2
58229,3,2,203986,203986,203988,0,2,2
58230,3,2,203989,203989,203991,0,2,1
58231,6,2,203995,203995,203997,0,2,4
58232,4,3,203999,203999,204002,0,3,2
58233,3,3,204002,204002,204005,0,3,0
58234,5,2,204007,204007,204009,0,2,2
58235,4,2,204011,204011,204013,0,2,2
58236,5,1,204016,204016,204017,0,1,3
58237,2,1,204018,204018,204019,0,1,1
58238,6,2,204024,204024,204026,0,2,5
58239,3,1,204027,204027,204028,0,1,1
58240,4,3,204031,204031,204034,0,3,3
58241,3,2,204034,204034,204036,0,2,0
58242,6,3,204040,204040,204043,0,3,4
58243,6,3,204046,204046,204049,0,3,3
58244,2,3,204048,204049,204052,1,4,0
58245,1,2,204049,204052,204054,3,5,0
58246,5,3,204054,204054,204057,0,3,0
58247,6,3,204060,204060,204063,0,3,3
58248,5,1,204065,204065,204066,0,1,2
58249,3,3,204068,204068,204071,0,3,2
58250,3,2,204071,204071,204073,0,2,0
58251,1,3,204072,204073,204076,1,4,0
58252,2,3,204074,204076,204079,2,5,0
58253,6,1,204080,204080,204081,0,1,1
58254,5,1,204085,204085,204086,0,1,4
58255,2,2,204087,204087,204089,0,2,1
58256,3,2,204090,204090,204092,0,2,1
58257,2,3,204092,204092,204095,0,3,0
58258,2,2,204094,204095,204097,1,3,0
58259,2,1,204096,204097,204098,1,2,0
58260,6,2,204102,204102,204104,0,2,4
58261,2,1,204104,204104,204105,0,1,0
58262,1,2,204105,204105,204107,0,2,0
58263,6,1,204111,204111,204112,0,1,4
58264,2,2,204113,204113,204115,0,2,1
58265,2,1,204115,204115,204116,0,1,0
58266,3,3,204118,204118,204121,0,3,2
58267,2,2,204120,204121,204123,1,3,0
58268,2,2,204122,204123,204125,1,3,0
58269,5,3,204127,204127,204130,0,3,2
58270,4,2,204131,204131,204133,0,2,1
58271,6,2,204137,204137,204139,0,2,4
58272,4,1,204141,204141,204142,0,1,2
58273,2,2,204143,204143,204145,0,2,1
58274,4,1,204147,204147,204148,0,1,2
58275,5,1,204152,204152,204153,0,1,4
58276,5,2,204157,204157,204159,0,2,4
58277,6,1,204163,204163,204164,0,1,4
58278,3,2,204166,204166,204168,0,2,2
58279,5,3,204171,204171,204174,0,3,3
58280,1,2,204172,204174,204176,2,4,0
58281,1,1,204173,204176,204177,3,4,0
58282,5,1,204178,204178,204179,0,1,1
58283,3,3,204181,204181,204184,0,3,2
58284,4,1,204185,204185,204186,0,1,1
58285,3,2,204188,204188,204190,0,2,2
58286,3,2,204191,204191,204193,0,2,1
58287,3,2,204194,204194,204196,0,2,1
58288,5,3,204199,204199,204202,0,3,3
58289,5,3,204204,204204,204207,0,3,2
58290,2,2,204206,204207,204209,1,3,0
58291,6,3,204212,204212,204215,0,3,3
58292,3,3,204215,204215,204218,0,3,0
58293,5,2,204220,204220,204222,0,2,2
58294,5,1,204225,204225,204226,0,1,3
58295,1,3,204226,204226,204229,0,3,0
58296,1,2,204227,204229,204231,2,4,0
58297,4,3,204231,204231,204234,0,3,0
58298,3,2,204234,204234,204236,0,2,0
58299,4,2,204238,204238,204240,0,2,2
58300,4,2,204242,204242,204244,0,2,2
58301,6,1,204248,204248,204249,0,1,4
58302,2,1,204250,204250,204251,0,1,1
58303,2,1,204252,204252,204253,0,1,1
58304,3,3,204255,204255,204258,0,3,2
58305,5,2,204260,204260,204262,0,2,2
58306,1,3,204261,204262,204265,1,4,0
58307,2,1,204263,204265,204266,2,3,0
58308,6,3,204269,204269,204272,0,3,3
58309,2,1,204271,204272,204273,1,2,0
58310,2,3,204273,204273,204276,0,3,0
58311,6,3,204279,204279,204282,0,3,3
58312,2,2,204281,204282,204284,1,3,0
58313,4,1,204285,204285,204286,0,1,1
58314,3,2,204288,204288,204290,0,2,2
58315,1,1,204289,204290,204291,1,2,0
58316,1,1,204290,204291,204292,1,2,0
58317,6,1,204296,204296,204297,0,1,4
58318,1,3,204297,204297,204300,0,3,0
58319,3,2,204300,204300,204302,0,2,0
58320,4,2,204304,204304,204306,0,2,2
58321,2,1,204306,204306,204307,0,1,0
58322,2,3,204308,204308,204311,0,3,1
58323,2,1,204310,204311,204312,1,2,0
58324,2,3,204312,204312,204315,0,3,0
58325,2,2,204314,204315,204317,1,3,0
58326,5,1,204319,204319,204320,0,1,2
58327,2,3,204321,204321,204324,0,3,1
58328,5,2,204326,204326,204328,0,2,2
58329,1,3,204327,204328,204331,1,4,0
58330,1,1,204328,204331,204332,3,4,0
58331,4,2,204332,204332,204334,0,2,0
58332,6,2,204338,204338,204340,0,2,4
58333,3,3,204341,204341,204344,0,3,1
58334,5,2,204346,204346,204348,0,2,2
58335,3,2,204349,204349,204351,0,2,1
58336,5,2,204354,204354,204356,0,2,3
58337,1,3,204355,204356,204359,1,4,0
58338,6,2,204361,204361,204363,0,2,2
58339,1,2,204362,204363,204365,1,3,0
58340,4,2,204366,204366,204368,0,2,1
58341,4,2,204370,204370,204372,0,2,2
58342,1,3,204371,204372,204375,1,4,0
58343,2,2,204373,204375,204377,2,4,0
58344,4,2,204377,204377,204379,0,2,0
58345,1,2,204378,204379,204381,1,3,0
58346,3,3,204381,204381,204384,0,3,0
58347,3,2,204384,204384,204386,0,2,0
58348,3,2,204387,204387,204389,0,2,1
58349,2,1,204389,204389,204390,0,1,0
58350,6,2,204395,204395,204397,0,2,5
58351,5,1,204400,204400,204401,0,1,3
58352,2,1,204402,204402,204403,0,1,1
58353,1,3,204403,204403,204406,0,3,0
58354,6,2,204409,204409,204411,0,2,3
58355,2,1,204411,204411,204412,0,1,0
58356,2,3,204413,204413,204416,0,3,1
58357,5,3,204418,204418,204421,0,3,2
58358,6,3,204424,204424,204427,0,3,3
58359,4,1,204428,204428,204429,0,1,1
58360,5,1,204433,204433,204434,0,1,4
58361,6,2,204439,204439,204441,0,2,5
58362,1,1,204440,204441,204442,1,2,0
58363,2,3,204442,204442,204445,0,3,0
58364,4,2,204446,204446,204448,0,2,1
58365,5,3,204451,204451,204454,0,3,3
58366,1,1,204452,204454,204455,2,3,0
58367,3,3,204455,204455,204458,0,3,0
58368,3,2,204458,204458,204460,0,2,0
58369,3,1,204461,204461,204462,0,1,1
58370,6,2,204467,204467,204469,0,2,5
58371,1,3,204468,204469,204472,1,4,0
58372,1,2,204469,204472,204474,3,5,0
58373,1,2,204470,204474,204476,4,6,0
58374,4,2,204474,204476,204478,2,4,0
58375,5,1,204479,204479,204480,0,1,1
58376,3,1,204482,204482,204483,0,1,2
58377,6,2,204488,204488,204490,0,2,5
58378,3,3,204491,204491,204494,0,3,1
58379,5,2,204496,204496,204498,0,2,2
58380,3,1,204499,204499,204500,0,1,1
58381,6,2,204505,204505,204507,0,2,5
58382,3,3,204508,204508,204511,0,3,1
58383,4,2,204512,204512,204514,0,2,1
58384,2,1,204514,204514,204515,0,1,0
58385,1,2,204515,204515,204517,0,2,0
58386,4,3,204519,204519,204522,0,3,2
58387,5,1,204524,204524,204525,0,1,2
58388,6,2,204530,204530,204532,0,2,5
58389,4,1,204534,204534,204535,0,1,2
58390,2,2,204536,204536,204538,0,2,1
58391,1,3,204537,204538,204541,1,4,0
58392,5,2,204542,204542,204544,0,2,1
58393,2,1,204544,204544,204545,0,1,0
58394,3,1,204547,204547,204548,0,1,2
58395,4,1,204551,204551,204552,0,1,3
58396,1,3,204552,204552,204555,0,3,0
58397,3,1,204555,204555,204556,0,1,0
58398,4,3,204559,204559,204562,0,3,3
58399,1,3,204560,204562,204565,2,5,0
58400,4,2,204564,204565,204567,1,3,0
58401,5,3,204569,204569,204572,0,3,2
58402,1,2,204570,204572,204574,2,4,0
58403,6,2,204576,204576,204578,0,2,2
58404,4,3,204580,204580,204583,0,3,2
58405,3,3,204583,204583,204586,0,3,0
58406,5,1,204588,204588,204589,0,1,2
58407,6,3,204594,204594,204597,0,3,5
58408,4,2,204598,204598,204600,0,2,1
58409,2,3,204600,204600,204603,0,3,0
58410,3,3,204603,204603,204606,0,3,0
58411,1,1,204604,204606,204607,2,3,0
58412,2,2,204606,204607,204609,1,3,0
58413,1,3,204607,204609,204612,2,5,0
58414,1,3,204608,204612,204615,4,7,0
58415,2,3,204610,204615,204618,5,8,0
58416,1,3,204611,204618,204621,7,10,0
58417,6,2,204617,204621,204623,4,6,0
58418,3,3,204620,204623,204626,3,6,0
58419,6,2,204626,204626,204628,0,2,0
58420,3,2,204629,204629,204631,0,2,1
58421,5,2,204634,204634,204636,0,2,3
58422,5,2,204639,204639,204641,0,2,3
58423,4,2,204643,204643,204645,0,2,2
58424,5,3,204648,204648,204651,0,3,3
58425,2,3,204650,204651,204654,1,4,0
58426,5,2,204655,204655,204657,0,2,1
58427,1,3,204656,204657,204660,1,4,0
58428,4,1,204660,204660,204661,0,1,0
58429,1,2,204661,204661,204663,0,2,0
58430,3,2,204664,204664,204666,0,2,1
58431,1,2,204665,204666,204668,1,3,0
58432,6,2,204671,204671,204673,0,2,3
58433,5,1,204676,204676,204677,0,1,3
58434,3,1,204679,204679,204680,0,1,2
58435,2,2,204681,204681,204683,0,2,1
58436,4,1,204685,204685,204686,0,1,2
58437,1,3,204686,204686,204689,0,3,0
58438,5,1,204691,204691,204692,0,1,2
58439,5,1,204696,204696,204697,0,1,4
58440,1,3,204697,204697,204700,0,3,0
58441,1,2,204698,204700,204702,2,4,0
58442,4,1,204702,204702,204703,0,1,0
58443,6,1,204708,204708,204709,0,1,5
58444,6,3,204714,204714,204717,0,3,5
58445,1,3,204715,204717,204720,2,5,0
58446,6,1,204721,204721,204722,0,1,1
58447,4,1,204725,204725,204726,0,1,3
58448,4,2,204729,204729,204731,0,2,3
58449,6,1,204735,204735,204736,0,1,4
58450,4,3,204739,204739,204742,0,3,3
58451,5,3,204744,204744,204747,0,3,2
58452,2,3,204746,204747,204750,1,4,0
58453,2,2,204748,204750,204752,2,4,0
58454,6,3,204754,204754,204757,0,3,2
58455,2,2,204756,204757,204759,1,3,0
58456,3,2,204759,204759,204761,0,2,0
58457,1,2,204760,204761,204763,1,3,0
58458,4,2,204764,204764,204766,0,2,1
58459,5,1,204769,204769,204770,0,1,3
58460,5,3,204774,204774,204777,0,3,4
58461,4,3,204778,204778,204781,0,3,1
58462,4,2,204782,204782,204784,0,2,1
58463,6,2,204788,204788,204790,0,2,4
58464,6,3,204794,204794,204797,0,3,4
58465,6,3,204800,204800,204803,0,3,3
58466,5,3,204805,204805,204808,0,3,2
58467,6,2,204811,204811,204813,0,2,3
58468,1,3,204812,204813,204816,1,4,0
58469,6,3,204818,204818,204821,0,3,2
58470,5,2,204823,204823,204825,0,2,2
58471,4,1,204827,204827,204828,0,1,2
58472,2,2,204829,204829,204831,0,2,1
58473,2,3,204831,204831,204834,0,3,0
58474,2,3,204833,204834,204837,1,4,0
58475,1,2,204834,204837,204839,3,5,0
58476,2,2,204836,204839,204841,3,5,0
58477,2,1,204838,204841,204842,3,4,0
58478,5,2,204843,204843,204845,0,2,1
58479,4,2,204847,204847,204849,0,2,2
58480,3,3,204850,204850,204853,0,3,1
58481,4,2,204854,204854,204856,0,2,1
58482,4,1,204858,204858,204859,0,1,2
58483,4,1,204862,204862,204863,0,1,3
58484,5,2,204867,204867,204869,0,2,4
58485,1,1,204868,204869,204870,1,2,0
58486,1,1,204869,204870,204871,1,2,0
58487,2,1,204871,204871,204872,0,1,0
58488,6,3,204877,204877,204880,0,3,5
58489,6,1,204883,204883,204884,0,1,3
58490,2,3,204885,204885,204888,0,3,1
58491,4,3,204889,204889,204892,0,3,1
58492,3,3,204892,204892,204895,0,3,0
58493,3,1,204895,204895,204896,0,1,0
58494,3,1,204898,204898,204899,0,1,2
58495,5,3,204903,204903,204906,0,3,4
58496,4,3,204907,204907,204910,0,3,1
58497,2,3,204909,204910,204913,1,4,0
58498,3,3,204912,204913,204916,1,4,0
58499,2,1,204914,204916,204917,2,3,0
58500,5,1,204919,204919,204920,0,1,2
58501,3,3,204922,204922,204925,0,3,2
58502,2,3,204924,204925,204928,1,4,0
58503,3,3,204927,204928,204931,1,4,0
58504,3,1,204930,204931,204932,1,2,0
58505,6,2,204936,204936,204938,0,2,4
58506,1,3,204937,204938,204941,1,4,0
58507,3,3,204940,204941,204944,1,4,0
58508,6,3,204946,204946,204949,0,3,2
58509,5,1,204951,204951,204952,0,1,2
58510,5,3,204956,204956,204959,0,3,4
58511,1,3,204957,204959,204962,2,5,0
58512,4,3,204961,204962,204965,1,4,0
58513,3,1,204964,204965,204966,1,2,0
58514,6,3,204970,204970,204973,0,3,4
58515,3,3,204973,204973,204976,0,3,0
58516,2,3,204975,204976,204979,1,4,0
58517,3,1,204978,204979,204980,1,2,0
58518,2,3,204980,204980,204983,0,3,0
58519,5,1,204985,204985,204986,0,1,2
58520,1,1,204986,204986,204987,0,1,0
58521,4,2,204990,204990,204992,0,2,3
58522,4,3,204994,204994,204997,0,3,2
58523,4,2,204998,204998,205000,0,2,1
58524,2,3,205000,205000,205003,0,3,0
58525,1,3,205001,205003,205006,2,5,0
58526,4,1,205005,205006,205007,1,2,0
58527,3,1,205008,205008,205009,0,1,1
58528,3,1,205011,205011,205012,0,1,2
58529,4,2,205015,205015,205017,0,2,3
58530,5,1,205020,205020,205021,0,1,3
58531,4,3,205024,205024,205027,0,3,3
58532,2,1,205026,205027,205028,1,2,0
58533,2,2,205028,205028,205030,0,2,0
58534,1,2,205029,205030,205032,1,3,0
58535,1,3,205030,205032,205035,2,5,0
58536,1,3,205031,205035,205038,4,7,0
58537,5,3,205036,205038,205041,2,5,0
58538,5,1,205041,205041,205042,0,1,0
58539,3,1,205044,205044,205045,0,1,2
58540,6,3,205050,205050,205053,0,3,5
58541,6,3,205056,205056,205059,0,3,3
58542,4,3,205060,205060,205063,0,3,1
58543,5,1,205065,205065,205066,0,1,2
58544,6,2,205071,205071,205073,0,2,5
58545,1,3,205072,205073,205076,1,4,0
58546,6,1,205078,205078,205079,0,1,2
58547,3,1,205081,205081,205082,0,1,2
58548,6,1,205087,205087,205088,0,1,5
58549,2,1,205089,205089,205090,0,1,1
58550,6,1,205095,205095,205096,0,1,5
58551,4,3,205099,205099,205102,0,3,3
58552,3,3,205102,205102,205105,0,3,0
58553,1,2,205103,205105,205107,2,4,0
58554,1,2,205104,205107,205109,3,5,0
58555,3,3,205107,205109,205112,2,5,0
58556,3,2,205110,205112,205114,2,4,0
58557,4,2,205114,205114,205116,0,2,0
58558,1,1,205115,205116,205117,1,2,0
58559,3,2,205118,205118,205120,0,2,1
58560,5,1,205123,205123,205124,0,1,3
58561,3,1,205126,205126,205127,0,1,2
58562,3,2,205129,205129,205131,0,2,2
58563,4,3,205133,205133,205136,0,3,2
58564,1,1,205134,205136,205137,2,3,0
58565,6,1,205140,205140,205141,0,1,3
58566,6,2,205146,205146,205148,0,2,5
58567,6,1,205152,205152,205153,0,1,4
58568,4,2,205156,205156,205158,0,2,3
58569,5,1,205161,205161,205162,0,1,3
58570,3,2,205164,205164,205166,0,2,2
58571,5,2,205169,205169,205171,0,2,3
58572,6,1,205175,205175,205176,0,1,4
58573,4,3,205179,205179,205182,0,3,3
58574,3,2,205182,205182,205184,0,2,0
58575,2,3,205184,205184,205187,0,3,0
58576,4,2,205188,205188,205190,0,2,1
58577,6,3,205194,205194,205197,0,3,4
58578,5,2,205199,205199,205201,0,2,2
58579,2,1,205201,205201,205202,0,1,0
58580,5,1,205206,205206,205207,0,1,4
58581,2,1,205208,205208,205209,0,1,1
58582,3,1,205211,205211,205212,0,1,2
58583,1,2,205212,205212,205214,0,2,0
58584,5,2,205217,205217,205219,0,2,3
58585,5,1,205222,205222,205223,0,1,3
58586,5,3,205227,205227,205230,0,3,4
58587,2,3,205229,205230,205233,1,4,0
58588,2,1,205231,205233,205234,2,3,0
58589,1,3,205232,205234,205237,2,5,0
58590,1,2,205233,205237,205239,4,6,0
58591,6,2,205239,205239,205241,0,2,0
58592,2,2,205241,205241,205243,0,2,0
58593,2,1,205243,205243,205244,0,1,0
58594,2,2,205245,205245,205247,0,2,1
58595,2,1,205247,205247,205248,0,1,0
58596,1,3,205248,205248,205251,0,3,0
58597,3,1,205251,205251,205252,0,1,0
58598,4,1,205255,205255,205256,0,1,3
58599,5,1,205260,205260,205261,0,1,4
58600,3,3,205263,205263,205266,0,3,2
58601,5,1,205268,205268,205269,0,1,2
58602,2,2,205270,205270,205272,0,2,1
58603,6,2,205276,205276,205278,0,2,4
58604,5,3,205281,205281,205284,0,3,3
58605,1,2,205282,205284,205286,2,4,0
58606,4,1,205286,205286,205287,0,1,0
58607,2,1,205288,205288,205289,0,1,1
58608,3,1,205291,205291,205292,0,1,2
58609,2,2,205293,205293,205295,0,2,1
58610,5,3,205298,205298,205301,0,3,3
58611,4,2,205302,205302,205304,0,2,1
58612,2,2,205304,205304,205306,0,2,0
58613,4,2,205308,205308,205310,0,2,2
58614,2,2,205310,205310,205312,0,2,0
58615,3,2,205313,205313,205315,0,2,1
58616,4,2,205317,205317,205319,0,2,2
58617,6,2,205323,205323,205325,0,2,4
58618,4,3,205327,205327,205330,0,3,2
58619,2,1,205329,205330,205331,1,2,0
58620,1,2,205330,205331,205333,1,3,0
58621,6,1,205336,205336,205337,0,1,3
58622,3,3,205339,205339,205342,0,3,2
58623,1,3,205340,205342,205345,2,5,0
58624,5,2,205345,205345,205347,0,2,0
58625,1,1,205346,205347,205348,1,2,0
58626,2,1,205348,205348,205349,0,1,0
58627,6,1,205354,205354,205355,0,1,5
58628,4,3,205358,205358,205361,0,3,3
58629,2,2,205360,205361,205363,1,3,0
58630,5,2,205365,205365,205367,0,2,2
58631,1,1,205366,205367,205368,1,2,0
58632,5,3,205371,205371,205374,0,3,3
58633,2,3,205373,205374,205377,1,4,0
58634,4,3,205377,205377,205380,0,3,0
58635,2,2,205379,205380,205382,1,3,0
58636,5,1,205384,205384,205385,0,1,2
58637,2,1,205386,205386,205387,0,1,1
58638,6,3,205392,205392,205395,0,3,5
58639,1,1,205393,205395,205396,2,3,0
58640,6,1,205399,205399,205400,0,1,3
58641,1,1,205400,205400,205401,0,1,0
58642,6,1,205406,205406,205407,0,1,5
58643,2,2,205408,205408,205410,0,2,1
58644,6,3,205414,205414,205417,0,3,4
58645,4,3,205418,205418,205421,0,3,1
58646,6,3,205424,205424,205427,0,3,3
58647,2,2,205426,205427,205429,1,3,0
58648,2,2,205428,205429,205431,1,3,0
58649,4,3,205432,205432,205435,0,3,1
58650,3,3,205435,205435,205438,0,3,0
58651,2,3,205437,205438,205441,1,4,0
58652,2,2,205439,205441,205443,2,4,0
58653,6,1,205445,205445,205446,0,1,2
58654,2,1,205447,205447,205448,0,1,1
58655,6,1,205453,205453,205454,0,1,5
58656,4,2,205457,205457,205459,0,2,3
58657,4,1,205461,205461,205462,0,1,2
58658,5,3,205466,205466,205469,0,3,4
58659,6,3,205472,205472,205475,0,3,3
58660,3,2,205475,205475,205477,0,2,0
58661,3,2,205478,205478,205480,0,2,1
58662,6,3,205484,205484,205487,0,3,4
58663,3,1,205487,205487,205488,0,1,0
58664,1,3,205488,205488,205491,0,3,0
58665,6,1,205494,205494,205495,0,1,3
58666,5,1,205499,205499,205500,0,1,4
58667,6,3,205505,205505,205508,0,3,5
58668,6,3,205511,205511,205514,0,3,3
58669,5,3,205516,205516,205519,0,3,2
58670,1,1,205517,205519,205520,2,3,0
58671,6,3,205523,205523,205526,0,3,3
58672,5,1,205528,205528,205529,0,1,2
58673,1,3,205529,205529,205532,0,3,0
58674,3,2,205532,205532,205534,0,2,0
58675,2,3,205534,205534,205537,0,3,0
58676,6,3,205540,205540,205543,0,3,3
58677,4,1,205544,205544,205545,0,1,1
58678,2,1,205546,205546,205547,0,1,1
58679,2,2,205548,205548,205550,0,2,1
58680,2,2,205550,205550,205552,0,2,0
58681,3,1,205553,205553,205554,0,1,1
58682,6,2,205559,205559,205561,0,2,5
58683,5,3,205564,205564,205567,0,3,3
58684,6,1,205570,205570,205571,0,1,3
58685,4,2,205574,205574,205576,0,2,3
58686,5,2,205579,205579,205581,0,2,3
58687,6,1,205585,205585,205586,0,1,4
58688,6,2,205591,205591,205593,0,2,5
58689,1,2,205592,205593,205595,1,3,0
58690,2,3,205594,205595,205598,1,4,0
58691,4,2,205598,205598,205600,0,2,0
58692,1,1,205599,205600,205601,1,2,0
58693,2,2,205601,205601,205603,0,2,0
58694,4,2,205605,205605,205607,0,2,2
58695,1,1,205606,205607,205608,1,2,0
58696,1,3,205607,205608,205611,1,4,0
58697,5,2,205612,205612,205614,0,2,1
58698,5,3,205617,205617,205620,0,3,3
58699,3,3,205620,205620,205623,0,3,0
58700,3,2,205623,205623,205625,0,2,0
58701,5,2,205628,205628,205630,0,2,3
58702,3,2,205631,205631,205633,0,2,1
58703,1,2,205632,205633,205635,1,3,0
58704,6,1,205638,205638,205639,0,1,3
58705,4,3,205642,205642,205645,0,3,3
58706,5,3,205647,205647,205650,0,3,2
58707,6,2,205653,205653,205655,0,2,3
58708,5,2,205658,205658,205660,0,2,3
58709,1,2,205659,205660,205662,1,3,0
58710,3,3,205662,205662,205665,0,3,0
58711,5,2,205667,205667,205669,0,2,2
58712,2,2,205669,205669,205671,0,2,0
58713,2,2,205671,205671,205673,0,2,0
58714,2,3,205673,205673,205676,0,3,0
58715,2,3,205675,205676,205679,1,4,0
58716,6,1,205681,205681,205682,0,1,2
58717,5,2,205686,205686,205688,0,2,4
58718,6,1,205692,205692,205693,0,1,4
58719,4,3,205696,205696,205699,0,3,3
58720,6,3,205702,205702,205705,0,3,3
58721,4,2,205706,205706,205708,0,2,1
58722,3,1,205709,205709,205710,0,1,1
58723,1,1,205710,205710,205711,0,1,0
58724,2,3,205712,205712,205715,0,3,1
58725,1,3,205713,205715,205718,2,5,0
58726,5,3,205718,205718,205721,0,3,0
58727,4,2,205722,205722,205724,0,2,1
58728,6,1,205728,205728,205729,0,1,4
58729,5,3,205733,205733,205736,0,3,4
58730,2,2,205735,205736,205738,1,3,0
58731,6,1,205741,205741,205742,0,1,3
58732,6,1,205747,205747,205748,0,1,5
58733,1,1,205748,205748,205749,0,1,0
58734,6,3,205754,205754,205757,0,3,5
58735,6,1,205760,205760,205761,0,1,3
58736,4,1,205764,205764,205765,0,1,3
58737,3,3,205767,205767,205770,0,3,2
58738,3,3,205770,205770,205773,0,3,0
58739,4,3,205774,205774,205777,0,3,1
58740,5,2,205779,205779,205781,0,2,2
58741,6,1,205785,205785,205786,0,1,4
58742,1,2,205786,205786,205788,0,2,0
58743,5,2,205791,205791,205793,0,2,3
58744,1,2,205792,205793,205795,1,3,0
58745,5,2,205797,205797,205799,0,2,2
58746,5,1,205802,205802,205803,0,1,3
58747,2,2,205804,205804,205806,0,2,1
58748,4,2,205808,205808,205810,0,2,2
58749,5,2,205813,205813,205815,0,2,3
58750,2,1,205815,205815,205816,0,1,0
58751,5,2,205820,205820,205822,0,2,4
58752,1,3,205821,205822,205825,1,4,0
58753,4,1,205825,205825,205826,0,1,0
58754,5,3,205830,205830,205833,0,3,4
58755,4,2,205834,205834,205836,0,2,1
58756,5,1,205839,205839,205840,0,1,3
58757,3,2,205842,205842,205844,0,2,2
58758,1,3,205843,205844,205847,1,4,0
58759,4,1,205847,205847,205848,0,1,0
58760,4,2,205851,205851,205853,0,2,3
58761,2,1,205853,205853,205854,0,1,0
58762,4,1,205857,205857,205858,0,1,3
58763,1,1,205858,205858,205859,0,1,0
58764,3,3,205861,205861,205864,0,3,2
58765,5,1,205866,205866,205867,0,1,2
58766,3,1,205869,205869,205870,0,1,2
58767,2,2,205871,205871,205873,0,2,1
58768,4,1,205875,205875,205876,0,1,2
58769,5,2,205880,205880,205882,0,2,4
58770,1,2,205881,205882,205884,1,3,0
58771,2,1,205883,205884,205885,1,2,0
58772,1,3,205884,205885,205888,1,4,0
58773,6,1,205890,205890,205891,0,1,2
58774,6,1,205896,205896,205897,0,1,5
58775,2,1,205898,205898,205899,0,1,1
58776,6,2,205904,205904,205906,0,2,5
58777,5,1,205909,205909,205910,0,1,3
58778,6,1,205915,205915,205916,0,1,5
58779,3,3,205918,205918,205921,0,3,2
58780,5,3,205923,205923,205926,0,3,2
58781,5,1,205928,205928,205929,0,1,2
58782,1,2,205929,205929,205931,0,2,0
58783,3,2,205932,205932,205934,0,2,1
58784,4,1,205936,205936,205937,0,1,2
58785,6,2,205942,205942,205944,0,2,5
58786,5,3,205947,205947,205950,0,3,3
58787,3,1,205950,205950,205951,0,1,0
58788,4,2,205954,205954,205956,0,2,3
58789,2,3,205956,205956,205959,0,3,0
58790,4,3,205960,205960,205963,0,3,1
58791,1,1,205961,205963,205964,2,3,0
58792,3,2,205964,205964,205966,0,2,0
58793,3,2,205967,205967,205969,0,2,1
58794,6,2,205973,205973,205975,0,2,4
58795,6,2,205979,205979,205981,0,2,4
58796,4,2,205983,205983,205985,0,2,2
58797,2,3,205985,205985,205988,0,3,0
58798,4,1,205989,205989,205990,0,1,1
58799,6,1,205995,205995,205996,0,1,5
58800,1,1,205996,205996,205997,0,1,0
58801,1,1,205997,205997,205998,0,1,0
58802,3,2,206000,206000,206002,0,2,2
58803,1,2,206001,206002,206004,1,3,0
58804,4,1,206005,206005,206006,0,1,1
58805,5,3,206010,206010,206013,0,3,4
58806,2,1,206012,206013,206014,1,2,0
58807,4,2,206016,206016,206018,0,2,2
58808,3,3,206019,206019,206022,0,3,1
58809,4,1,206023,206023,206024,0,1,1
58810,2,1,206025,206025,206026,0,1,1
58811,5,3,206030,206030,206033,0,3,4
58812,2,2,206032,206033,206035,1,3,0
58813,5,1,206037,206037,206038,0,1,2
58814,4,3,206041,206041,206044,0,3,3
58815,4,2,206045,206045,206047,0,2,1
58816,1,1,206046,206047,206048,1,2,0
58817,5,1,206051,206051,206052,0,1,3
58818,5,2,206056,206056,206058,0,2,4
58819,3,2,206059,206059,206061,0,2,1
58820,4,3,206063,206063,206066,0,3,2
58821,4,3,206067,206067,206070,0,3,1
58822,2,2,206069,206070,206072,1,3,0
58823,1,3,206070,206072,206075,2,5,0
58824,5,3,206075,206075,206078,0,3,0
58825,3,2,206078,206078,206080,0,2,0
58826,2,1,206080,206080,206081,0,1,0
58827,2,3,206082,206082,206085,0,3,1
58828,5,2,206087,206087,206089,0,2,2
58829,6,3,206093,206093,206096,0,3,4
58830,2,2,206095,206096,206098,1,3,0
58831,3,2,206098,206098,206100,0,2,0
58832,6,2,206104,206104,206106,0,2,4
58833,3,3,206107,206107,206110,0,3,1
58834,1,2,206108,206110,206112,2,4,0
58835,2,2,206110,206112,206114,2,4,0
58836,5,1,206115,206115,206116,0,1,1
58837,5,2,206120,206120,206122,0,2,4
58838,1,1,206121,206122,206123,1,2,0
58839,1,3,206122,206123,206126,1,4,0
58840,5,1,206127,206127,206128,0,1,1
58841,6,3,206133,206133,206136,0,3,5
58842,3,1,206136,206136,206137,0,1,0
58843,1,1,206137,206137,206138,0,1,0
58844,6,1,206143,206143,206144,0,1,5
58845,1,2,206144,206144,206146,0,2,0
58846,3,1,206147,206147,206148,0,1,1
58847,2,1,206149,206149,206150,0,1,1
58848,6,1,206155,206155,206156,0,1,5
58849,4,3,206159,206159,206162,0,3,3
58850,2,1,206161,206162,206163,1,2,0
58851,5,1,206166,206166,206167,0,1,3
58852,5,3,206171,206171,206174,0,3,4
58853,5,3,206176,206176,206179,0,3,2
58854,6,1,206182,206182,206183,0,1,3
58855,4,1,206186,206186,206187,0,1,3
58856,5,1,206191,206191,206192,0,1,4
58857,2,1,206193,206193,206194,0,1,1
58858,6,1,206199,206199,206200,0,1,5
58859,1,3,206200,206200,206203,0,3,0
58860,4,1,206204,206204,206205,0,1,1
58861,6,1,206210,206210,206211,0,1,5
58862,2,3,206212,206212,206215,0,3,1
58863,2,1,206214,206215,206216,1,2,0
58864,3,2,206217,206217,206219,0,2,1
58865,5,2,206222,206222,206224,0,2,3
58866,5,1,206227,206227,206228,0,1,3
58867,2,2,206229,206229,206231,0,2,1
58868,6,3,206235,206235,206238,0,3,4
58869,4,3,206239,206239,206242,0,3,1
58870,6,1,206245,206245,206246,0,1,3
58871,3,3,206248,206248,206251,0,3,2
58872,3,2,206251,206251,206253,0,2,0
58873,2,3,206253,206253,206256,0,3,0
58874,6,3,206259,206259,206262,0,3,3
58875,3,2,206262,206262,206264,0,2,0
58876,6,2,206268,206268,206270,0,2,4
58877,2,3,206270,206270,206273,0,3,0
58878,3,2,206273,206273,206275,0,2,0
58879,2,3,206275,206275,206278,0,3,0
58880,4,3,206279,206279,206282,0,3,1
58881,4,3,206283,206283,206286,0,3,1
58882,6,1,206289,206289,206290,0,1,3
58883,3,3,206292,206292,206295,0,3,2
58884,2,3,206294,206295,206298,1,4,0
58885,1,2,206295,206298,206300,3,5,0
58886,4,1,206299,206300,206301,1,2,0
58887,4,3,206303,206303,206306,0,3,2
58888,1,3,206304,206306,206309,2,5,0
58889,4,1,206308,206309,206310,1,2,0
58890,5,1,206313,206313,206314,0,1,3
58891,2,3,206315,206315,206318,0,3,1
58892,1,3,206316,206318,206321,2,5,0
58893,3,2,206319,206321,206323,2,4,0
58894,1,2,206320,206323,206325,3,5,0
58895,1,3,206321,206325,206328,4,7,0
58896,3,3,206324,206328,206331,4,7,0
58897,1,1,206325,206331,206332,6,7,0
58898,6,2,206331,206332,206334,1,3,0
58899,4,2,206335,206335,206337,0,2,1
58900,1,2,206336,206337,206339,1,3,0
58901,1,2,206337,206339,206341,2,4,0
58902,5,3,206342,206342,206345,0,3,1
58903,4,3,206346,206346,206349,0,3,1
58904,4,1,206350,206350,206351,0,1,1
58905,2,1,206352,206352,206353,0,1,1
58906,2,3,206354,206354,206357,0,3,1
58907,2,3,206356,206357,206360,1,4,0
58908,2,1,206358,206360,206361,2,3,0
58909,4,2,206362,206362,206364,0,2,1
58910,5,2,206367,206367,206369,0,2,3
58911,4,3,206371,206371,206374,0,3,2
58912,1,2,206372,206374,206376,2,4,0
58913,1,1,206373,206376,206377,3,4,0
58914,1,1,206374,206377,206378,3,4,0
58915,4,3,206378,206378,206381,0,3,0
58916,1,3,206379,206381,206384,2,5,0
58917,1,2,206380,206384,206386,4,6,0
58918,5,1,206385,206386,206387,1,2,0
58919,6,2,206391,206391,206393,0,2,4
58920,6,1,206397,206397,206398,0,1,4
58921,2,2,206399,206399,206401,0,2,1
58922,3,3,206402,206402,206405,0,3,1
58923,6,3,206408,206408,206411,0,3,3
58924,6,2,206414,206414,206416,0,2,3
58925,1,1,206415,206416,206417,1,2,0
58926,4,3,206419,206419,206422,0,3,2
58927,2,1,206421,206422,206423,1,2,0
58928,4,2,206425,206425,206427,0,2,2
58929,5,1,206430,206430,206431,0,1,3
58930,5,2,206435,206435,206437,0,2,4
58931,2,2,206437,206437,206439,0,2,0
58932,3,2,206440,206440,206442,0,2,1
58933,6,2,206446,206446,206448,0,2,4
58934,3,3,206449,206449,206452,0,3,1
58935,2,1,206451,206452,206453,1,2,0
58936,6,2,206457,206457,206459,0,2,4
58937,5,3,206462,206462,206465,0,3,3
58938,5,3,206467,206467,206470,0,3,2
58939,5,1,206472,206472,206473,0,1,2
58940,5,3,206477,206477,206480,0,3,4
58941,3,2,206480,206480,206482,0,2,0
58942,6,3,206486,206486,206489,0,3,4
58943,5,1,206491,206491,206492,0,1,2
58944,1,3,206492,206492,206495,0,3,0
58945,5,3,206497,206497,206500,0,3,2
58946,4,3,206501,206501,206504,0,3,1
58947,4,1,206505,206505,206506,0,1,1
58948,3,1,206508,206508,206509,0,1,2
58949,3,2,206511,206511,206513,0,2,2
58950,3,1,206514,206514,206515,0,1,1
58951,6,3,206520,206520,206523,0,3,5
58952,4,2,206524,206524,206526,0,2,1
58953,6,1,206530,206530,206531,0,1,4
58954,6,2,206536,206536,206538,0,2,5
58955,6,3,206542,206542,206545,0,3,4
58956,4,1,206546,206546,206547,0,1,1
58957,4,3,206550,206550,206553,0,3,3
58958,1,2,206551,206553,206555,2,4,0
58959,2,3,206553,206555,206558,2,5,0
58960,2,2,206555,206558,206560,3,5,0
58961,5,3,206560,206560,206563,0,3,0
58962,1,3,206561,206563,206566,2,5,0
58963,5,2,206566,206566,206568,0,2,0
58964,2,2,206568,206568,206570,0,2,0
58965,1,3,206569,206570,206573,1,4,0
58966,5,3,206574,206574,206577,0,3,1
58967,4,1,206578,206578,206579,0,1,1
58968,1,2,206579,206579,206581,0,2,0
58969,1,3,206580,206581,206584,1,4,0
58970,1,2,206581,206584,206586,3,5,0
58971,2,1,206583,206586,206587,3,4,0
58972,6,1,206589,206589,206590,0,1,2
58973,4,3,206593,206593,206596,0,3,3
58974,4,3,206597,206597,206600,0,3,1
58975,1,2,206598,206600,206602,2,4,0
58976,5,2,206603,206603,206605,0,2,1
58977,6,1,206609,206609,206610,0,1,4
58978,5,3,206614,206614,206617,0,3,4
58979,1,1,206615,206617,206618,2,3,0
58980,3,2,206618,206618,206620,0,2,0
58981,1,1,206619,206620,206621,1,2,0
58982,4,1,206623,206623,206624,0,1,2
58983,5,2,206628,206628,206630,0,2,4
58984,1,3,206629,206630,206633,1,4,0
58985,6,3,206635,206635,206638,0,3,2
58986,4,2,206639,206639,206641,0,2,1
58987,6,3,206645,206645,206648,0,3,4
58988,4,2,206649,206649,206651,0,2,1
58989,2,3,206651,206651,206654,0,3,0
58990,4,3,206655,206655,206658,0,3,1
58991,6,1,206661,206661,206662,0,1,3
58992,3,1,206664,206664,206665,0,1,2
58993,5,2,206669,206669,206671,0,2,4
58994,6,3,206675,206675,206678,0,3,4
58995,5,1,206680,206680,206681,0,1,2
58996,3,1,206683,206683,206684,0,1,2
58997,4,1,206687,206687,206688,0,1,3
58998,2,1,206689,206689,206690,0,1,1
58999,6,3,206695,206695,206698,0,3,5
59000,6,1,206701,206701,206702,0,1,3
59001,3,3,206704,206704,206707,0,3,2
59002,5,1,206709,206709,206710,0,1,2
59003,2,3,206711,206711,206714,0,3,1
59004,5,1,206716,206716,206717,0,1,2
59005,1,2,206717,206717,206719,0,2,0
59006,1,3,206718,206719,206722,1,4,0
59007,3,1,206721,206722,206723,1,2,0
59008,6,3,206727,206727,206730,0,3,4
59009,5,3,206732,206732,206735,0,3,2
59010,1,3,206733,206735,206738,2,5,0
59011,3,3,206736,206738,206741,2,5,0
59012,2,2,206738,206741,206743,3,5,0
59013,6,1,206744,206744,206745,0,1,1
59014,1,2,206745,206745,206747,0,2,0
59015,1,1,206746,206747,206748,1,2,0
59016,3,1,206749,206749,206750,0,1,1
59017,3,1,206752,206752,206753,0,1,2
59018,5,2,206757,206757,206759,0,2,4
59019,3,1,206760,206760,206761,0,1,1
59020,4,1,206764,206764,206765,0,1,3
59021,3,1,206767,206767,206768,0,1,2
59022,5,2,206772,206772,206774,0,2,4
59023,3,3,206775,206775,206778,0,3,1
59024,6,2,206781,206781,206783,0,2,3
59025,3,2,206784,206784,206786,0,2,1
59026,4,3,206788,206788,206791,0,3,2
59027,6,1,206794,206794,206795,0,1,3
59028,2,1,206796,206796,206797,0,1,1
59029,4,2,206800,206800,206802,0,2,3
59030,6,3,206806,206806,206809,0,3,4
59031,1,2,206807,206809,206811,2,4,0
59032,1,2,206808,206811,206813,3,5,0
59033,3,3,206811,206813,206816,2,5,0
59034,1,1,206812,206816,206817,4,5,0
59035,5,2,206817,206817,206819,0,2,0
59036,2,2,206819,206819,206821,0,2,0
59037,4,2,206823,206823,206825,0,2,2
59038,5,2,206828,206828,206830,0,2,3
59039,5,3,206833,206833,206836,0,3,3
59040,1,3,206834,206836,206839,2,5,0
59041,5,1,206839,206839,206840,0,1,0
59042,6,1,206845,206845,206846,0,1,5
59043,5,3,206850,206850,206853,0,3,4
59044,5,1,206855,206855,206856,0,1,2
59045,3,2,206858,206858,206860,0,2,2
59046,4,3,206862,206862,206865,0,3,2
59047,1,3,206863,206865,206868,2,5,0
59048,6,1,206869,206869,206870,0,1,1
59049,1,2,206870,206870,206872,0,2,0
59050,3,3,206873,206873,206876,0,3,1
59051,3,3,206876,206876,206879,0,3,0
59052,3,3,206879,206879,206882,0,3,0
59053,2,3,206881,206882,206885,1,4,0
59054,3,1,206884,206885,206886,1,2,0
59055,5,2,206889,206889,206891,0,2,3
59056,4,3,206893,206893,206896,0,3,2
59057,2,2,206895,206896,206898,1,3,0
59058,5,2,206900,206900,206902,0,2,2
59059,3,1,206903,206903,206904,0,1,1
59060,1,2,206904,206904,206906,0,2,0
59061,3,2,206907,206907,206909,0,2,1
59062,5,1,206912,206912,206913,0,1,3
59063,4,3,206916,206916,206919,0,3,3
59064,6,3,206922,206922,206925,0,3,3
59065,6,2,206928,206928,206930,0,2,3
59066,4,3,206932,206932,206935,0,3,2
59067,3,2,206935,206935,206937,0,2,0
59068,2,3,206937,206937,206940,0,3,0
59069,1,2,206938,206940,206942,2,4,0
59070,6,3,206944,206944,206947,0,3,2
59071,4,1,206948,206948,206949,0,1,1
59072,2,1,206950,206950,206951,0,1,1
59073,3,1,206953,206953,206954,0,1,2
59074,4,3,206957,206957,206960,0,3,3
59075,6,2,206963,206963,206965,0,2,3
59076,2,1,206965,206965,206966,0,1,0
59077,5,3,206970,206970,206973,0,3,4
59078,4,3,206974,206974,206977,0,3,1
59079,2,1,206976,206977,206978,1,2,0
59080,2,3,206978,206978,206981,0,3,0
59081,2,2,206980,206981,206983,1,3,0
59082,4,1,206984,206984,206985,0,1,1
59083,5,3,206989,206989,206992,0,3,4
59084,5,2,206994,206994,206996,0,2,2
59085,5,2,206999,206999,207001,0,2,3
59086,2,2,207001,207001,207003,0,2,0
59087,3,1,207004,207004,207005,0,1,1
59088,6,1,207010,207010,207011,0,1,5
59089,6,3,207016,207016,207019,0,3,5
59090,3,3,207019,207019,207022,0,3,0
59091,5,3,207024,207024,207027,0,3,2
59092,1,2,207025,207027,207029,2,4,0
59093,3,2,207028,207029,207031,1,3,0
59094,3,2,207031,207031,207033,0,2,0
59095,5,2,207036,207036,207038,0,2,3
59096,6,3,207042,207042,207045,0,3,4
59097,1,3,207043,207045,207048,2,5,0
59098,1,2,207044,207048,207050,4,6,0
59099,2,3,207046,207050,207053,4,7,0
59100,1,2,207047,207053,207055,6,8,0
59101,1,3,207048,207055,207058,7,10,0
59102,1,3,207049,207058,207061,9,12,0
59103,4,1,207053,207061,207062,8,9,0
59104,4,3,207057,207062,207065,5,8,0
59105,4,3,207061,207065,207068,4,7,0
59106,1,2,207062,207068,207070,6,8,0
59107,1,2,207063,207070,207072,7,9,0
59108,3,2,207066,207072,207074,6,8,0
59109,3,1,207069,207074,207075,5,6,0
59110,4,3,207073,207075,207078,2,5,0
59111,4,2,207077,207078,207080,1,3,0
59112,2,2,207079,207080,207082,1,3,0
59113,6,2,207085,207085,207087,0,2,3
59114,4,3,207089,207089,207092,0,3,2
59115,1,1,207090,207092,207093,2,3,0
59116,6,2,207096,207096,207098,0,2,3
59117,2,2,207098,207098,207100,0,2,0
59118,6,1,207104,207104,207105,0,1,4
59119,2,3,207106,207106,207109,0,3,1
59120,2,1,207108,207109,207110,1,2,0
59121,5,1,207113,207113,207114,0,1,3
59122,2,3,207115,207115,207118,0,3,1
59123,5,1,207120,207120,207121,0,1,2
59124,4,1,207124,207124,207125,0,1,3
59125,3,1,207127,207127,207128,0,1,2
59126,6,2,207133,207133,207135,0,2,5
59127,3,2,207136,207136,207138,0,2,1
59128,3,2,207139,207139,207141,0,2,1
59129,1,1,207140,207141,207142,1,2,0
59130,3,1,207143,207143,207144,0,1,1
59131,3,1,207146,207146,207147,0,1,2
59132,2,2,207148,207148,207150,0,2,1
59133,3,1,207151,207151,207152,0,1,1
59134,5,2,207156,207156,207158,0,2,4
59135,2,1,207158,207158,207159,0,1,0
59136,6,2,207164,207164,207166,0,2,5
59137,5,2,207169,207169,207171,0,2,3
59138,6,2,207175,207175,207177,0,2,4
59139,6,1,207181,207181,207182,0,1,4
59140,6,1,207187,207187,207188,0,1,5
59141,1,1,207188,207188,207189,0,1,0
59142,3,3,207191,207191,207194,0,3,2
59143,6,1,207197,207197,207198,0,1,3
59144,3,3,207200,207200,207203,0,3,2
59145,2,2,207202,207203,207205,1,3,0
59146,6,2,207208,207208,207210,0,2,3
59147,2,2,207210,207210,207212,0,2,0
59148,1,2,207211,207212,207214,1,3,0
59149,3,3,207214,207214,207217,0,3,0
59150,3,1,207217,207217,207218,0,1,0
59151,3,2,207220,207220,207222,0,2,2
59152,5,1,207225,207225,207226,0,1,3
59153,6,3,207231,207231,207234,0,3,5
59154,5,1,207236,207236,207237,0,1,2
59155,3,1,207239,207239,207240,0,1,2
59156,6,3,207245,207245,207248,0,3,5
59157,6,3,207251,207251,207254,0,3,3
59158,1,2,207252,207254,207256,2,4,0
59159,3,2,207255,207256,207258,1,3,0
59160,2,1,207257,207258,207259,1,2,0
59161,5,2,207262,207262,207264,0,2,3
59162,2,2,207264,207264,207266,0,2,0
59163,1,1,207265,207266,207267,1,2,0
59164,5,1,207270,207270,207271,0,1,3
59165,6,3,207276,207276,207279,0,3,5
59166,6,3,207282,207282,207285,0,3,3
59167,3,2,207285,207285,207287,0,2,0
59168,2,1,207287,207287,207288,0,1,0
59169,5,2,207292,207292,207294,0,2,4
59170,4,3,207296,207296,207299,0,3,2
59171,6,2,207302,207302,207304,0,2,3
59172,2,2,207304,207304,207306,0,2,0
59173,6,3,207310,207310,207313,0,3,4
59174,5,3,207315,207315,207318,0,3,2
59175,1,1,207316,207318,207319,2,3,0
59176,1,2,207317,207319,207321,2,4,0
59177,4,2,207321,207321,207323,0,2,0
59178,3,3,207324,207324,207327,0,3,1
59179,1,3,207325,207327,207330,2,5,0
59180,2,1,207327,207330,207331,3,4,0
59181,3,3,207330,207331,207334,1,4,0
59182,3,2,207333,207334,207336,1,3,0
59183,1,2,207334,207336,207338,2,4,0
59184,2,3,207336,207338,207341,2,5,0
59185,3,3,207339,207341,207344,2,5,0
59186,5,2,207344,207344,207346,0,2,0
59187,2,3,207346,207346,207349,0,3,0
59188,2,1,207348,207349,207350,1,2,0
59189,5,1,207353,207353,207354,0,1,3
59190,5,1,207358,207358,207359,0,1,4
59191,6,1,207364,207364,207365,0,1,5
59192,5,2,207369,207369,207371,0,2,4
59193,3,1,207372,207372,207373,0,1,1
59194,6,1,207378,207378,207379,0,1,5
59195,1,2,207379,207379,207381,0,2,0
59196,6,2,207385,207385,207387,0,2,4
59197,1,3,207386,207387,207390,1,4,0
59198,5,1,207391,207391,207392,0,1,1
59199,1,2,207392,207392,207394,0,2,0
59200,2,2,207394,207394,207396,0,2,0
59201,1,1,207395,207396,207397,1,2,0
59202,3,3,207398,207398,207401,0,3,1
59203,1,1,207399,207401,207402,2,3,0
59204,1,2,207400,207402,207404,2,4,0
59205,4,2,207404,207404,207406,0,2,0
59206,6,2,207410,207410,207412,0,2,4
59207,3,3,207413,207413,207416,0,3,1
59208,4,1,207417,207417,207418,0,1,1
59209,5,1,207422,207422,207423,0,1,4
59210,5,3,207427,207427,207430,0,3,4
59211,6,2,207433,207433,207435,0,2,3
59212,6,3,207439,207439,207442,0,3,4
59213,5,1,207444,207444,207445,0,1,2
59214,2,2,207446,207446,207448,0,2,1
59215,5,3,207451,207451,207454,0,3,3
59216,1,1,207452,207454,207455,2,3,0
59217,3,1,207455,207455,207456,0,1,0
59218,4,1,207459,207459,207460,0,1,3
59219,4,3,207463,207463,207466,0,3,3
59220,6,1,207469,207469,207470,0,1,3
59221,2,1,207471,207471,207472,0,1,1
59222,6,2,207477,207477,207479,0,2,5
59223,1,2,207478,207479,207481,1,3,0
59224,3,3,207481,207481,207484,0,3,0
59225,4,3,207485,207485,207488,0,3,1
59226,2,2,207487,207488,207490,1,3,0
59227,4,1,207491,207491,207492,0,1,1
59228,5,2,207496,207496,207498,0,2,4
59229,1,2,207497,207498,207500,1,3,0
59230,1,1,207498,207500,207501,2,3,0
59231,4,1,207502,207502,207503,0,1,1
59232,2,1,207504,207504,207505,0,1,1
59233,4,1,207508,207508,207509,0,1,3
59234,4,2,207512,207512,207514,0,2,3
59235,6,3,207518,207518,207521,0,3,4
59236,5,3,207523,207523,207526,0,3,2
59237,3,2,207526,207526,207528,0,2,0
59238,3,1,207529,207529,207530,0,1,1
59239,5,3,207534,207534,207537,0,3,4
59240,2,2,207536,207537,207539,1,3,0
59241,5,2,207541,207541,207543,0,2,2
59242,3,2,207544,207544,207546,0,2,1
59243,6,1,207550,207550,207551,0,1,4
59244,4,3,207554,207554,207557,0,3,3
59245,2,2,207556,207557,207559,1,3,0
59246,5,1,207561,207561,207562,0,1,2
59247,3,3,207564,207564,207567,0,3,2
59248,3,2,207567,207567,207569,0,2,0
59249,2,1,207569,207569,207570,0,1,0
59250,5,3,207574,207574,207577,0,3,4
59251,3,2,207577,207577,207579,0,2,0
59252,2,2,207579,207579,207581,0,2,0
59253,4,3,207583,207583,207586,0,3,2
59254,6,1,207589,207589,207590,0,1,3
59255,6,2,207595,207595,207597,0,2,5
59256,5,2,207600,207600,207602,0,2,3
59257,5,3,207605,207605,207608,0,3,3
59258,6,3,207611,207611,207614,0,3,3
59259,4,1,207615,207615,207616,0,1,1
59260,4,2,207619,207619,207621,0,2,3
59261,2,1,207621,207621,207622,0,1,0
59262,2,1,207623,207623,207624,0,1,1
59263,2,3,207625,207625,207628,0,3,1
59264,6,2,207631,207631,207633,0,2,3
59265,5,3,207636,207636,207639,0,3,3
59266,5,1,207641,207641,207642,0,1,2
59267,2,1,207643,207643,207644,0,1,1
59268,1,3,207644,207644,207647,0,3,0
59269,4,3,207648,207648,207651,0,3,1
59270,6,2,207654,207654,207656,0,2,3
59271,5,1,207659,207659,207660,0,1,3
59272,3,2,207662,207662,207664,0,2,2
59273,2,2,207664,207664,207666,0,2,0
59274,6,2,207670,207670,207672,0,2,4
59275,3,1,207673,207673,207674,0,1,1
59276,2,2,207675,207675,207677,0,2,1
59277,6,1,207681,207681,207682,0,1,4
59278,6,1,207687,207687,207688,0,1,5
59279,4,1,207691,207691,207692,0,1,3
59280,4,2,207695,207695,207697,0,2,3
59281,6,2,207701,207701,207703,0,2,4
59282,6,1,207707,207707,207708,0,1,4
59283,5,1,207712,207712,207713,0,1,4
59284,2,1,207714,207714,207715,0,1,1
59285,4,1,207718,207718,207719,0,1,3
59286,6,1,207724,207724,207725,0,1,5
59287,2,2,207726,207726,207728,0,2,1
59288,4,3,207730,207730,207733,0,3,2
59289,3,3,207733,207733,207736,0,3,0
59290,5,1,207738,207738,207739,0,1,2
59291,5,3,207743,207743,207746,0,3,4
59292,5,2,207748,207748,207750,0,2,2
59293,4,1,207752,207752,207753,0,1,2
59294,4,2,207756,207756,207758,0,2,3
59295,4,3,207760,207760,207763,0,3,2
59296,1,3,207761,207763,207766,2,5,0
59297,3,2,207764,207766,207768,2,4,0
59298,5,1,207769,207769,207770,0,1,1
59299,4,1,207773,207773,207774,0,1,3
59300,5,3,207778,207778,207781,0,3,4
59301,5,3,207783,207783,207786,0,3,2
59302,6,3,207789,207789,207792,0,3,3
59303,2,2,207791,207792,207794,1,3,0
59304,5,1,207796,207796,207797,0,1,2
59305,5,1,207801,207801,207802,0,1,4
59306,5,2,207806,207806,207808,0,2,4
59307,3,2,207809,207809,207811,0,2,1
59308,3,3,207812,207812,207815,0,3,1
59309,6,1,207818,207818,207819,0,1,3
59310,3,2,207821,207821,207823,0,2,2
59311,5,2,207826,207826,207828,0,2,3
59312,2,1,207828,207828,207829,0,1,0
59313,4,2,207832,207832,207834,0,2,3
59314,3,2,207835,207835,207837,0,2,1
59315,6,3,207841,207841,207844,0,3,4
59316,6,3,207847,207847,207850,0,3,3
59317,2,1,207849,207850,207851,1,2,0
59318,1,1,207850,207851,207852,1,2,0
59319,4,2,207854,207854,207856,0,2,2
59320,6,3,207860,207860,207863,0,3,4
59321,6,1,207866,207866,207867,0,1,3
59322,5,2,207871,207871,207873,0,2,4
59323,3,2,207874,207874,207876,0,2,1
59324,6,1,207880,207880,207881,0,1,4
59325,1,3,207881,207881,207884,0,3,0
59326,1,3,207882,207884,207887,2,5,0
59327,3,3,207885,207887,207890,2,5,0
59328,2,2,207887,207890,207892,3,5,0
59329,2,1,207889,207892,207893,3,4,0
59330,2,3,207891,207893,207896,2,5,0
59331,5,2,207896,207896,207898,0,2,0
59332,5,3,207901,207901,207904,0,3,3
59333,6,3,207907,207907,207910,0,3,3
59334,5,2,207912,207912,207914,0,2,2
59335,1,1,207913,207914,207915,1,2,0
59336,5,1,207918,207918,207919,0,1,3
59337,3,3,207921,207921,207924,0,3,2
59338,5,2,207926,207926,207928,0,2,2
59339,1,2,207927,207928,207930,1,3,0
59340,5,1,207932,207932,207933,0,1,2
59341,5,2,207937,207937,207939,0,2,4
59342,4,2,207941,207941,207943,0,2,2
59343,6,1,207947,207947,207948,0,1,4
59344,1,1,207948,207948,207949,0,1,0
59345,3,3,207951,207951,207954,0,3,2
59346,2,2,207953,207954,207956,1,3,0
59347,6,2,207959,207959,207961,0,2,3
59348,2,3,207961,207961,207964,0,3,0
59349,3,2,207964,207964,207966,0,2,0
59350,6,2,207970,207970,207972,0,2,4
59351,2,3,207972,207972,207975,0,3,0
59352,2,3,207974,207975,207978,1,4,0
59353,3,1,207977,207978,207979,1,2,0
59354,3,2,207980,207980,207982,0,2,1
59355,1,3,207981,207982,207985,1,4,0
59356,6,3,207987,207987,207990,0,3,2
59357,4,3,207991,207991,207994,0,3,1
59358,2,2,207993,207994,207996,1,3,0
59359,2,2,207995,207996,207998,1,3,0
59360,2,2,207997,207998,208000,1,3,0
59361,5,2,208002,208002,208004,0,2,2
59362,6,1,208008,208008,208009,0,1,4
59363,3,2,208011,208011,208013,0,2,2
59364,4,3,208015,208015,208018,0,3,2
59365,5,1,208020,208020,208021,0,1,2
59366,2,3,208022,208022,208025,0,3,1
59367,4,2,208026,208026,208028,0,2,1
59368,6,3,208032,208032,208035,0,3,4
59369,1,2,208033,208035,208037,2,4,0
59370,4,1,208037,208037,208038,0,1,0
59371,2,1,208039,208039,208040,0,1,1
59372,2,3,208041,208041,208044,0,3,1
59373,2,2,208043,208044,208046,1,3,0
59374,3,1,208046,208046,208047,0,1,0
59375,5,2,208051,208051,208053,0,2,4
59376,6,2,208057,208057,208059,0,2,4
59377,2,2,208059,208059,208061,0,2,0
59378,5,2,208064,208064,208066,0,2,3
59379,6,1,208070,208070,208071,0,1,4
59380,5,3,208075,208075,208078,0,3,4
59381,2,2,208077,208078,208080,1,3,0
59382,3,2,208080,208080,208082,0,2,0
59383,6,3,208086,208086,208089,0,3,4
59384,2,1,208088,208089,208090,1,2,0
59385,2,3,208090,208090,208093,0,3,0
59386,4,3,208094,208094,208097,0,3,1
59387,6,3,208100,208100,208103,0,3,3
59388,4,2,208104,208104,208106,0,2,1
59389,2,2,208106,208106,208108,0,2,0
59390,4,2,208110,208110,208112,0,2,2
59391,5,1,208115,208115,208116,0,1,3
59392,6,1,208121,208121,208122,0,1,5
59393,5,3,208126,208126,208129,0,3,4
59394,1,2,208127,208129,208131,2,4,0
59395,4,3,208131,208131,208134,0,3,0
59396,3,3,208134,208134,208137,0,3,0
59397,6,2,208140,208140,208142,0,2,3
59398,6,3,208146,208146,208149,0,3,4
59399,6,2,208152,208152,208154,0,2,3
59400,4,1,208156,208156,208157,0,1,2
59401,5,3,208161,208161,208164,0,3,4
59402,2,2,208163,208164,208166,1,3,0
59403,3,2,208166,208166,208168,0,2,0
59404,6,1,208172,208172,208173,0,1,4
59405,6,1,208178,208178,208179,0,1,5
59406,3,3,208181,208181,208184,0,3,2
59407,6,1,208187,208187,208188,0,1,3
59408,6,3,208193,208193,208196,0,3,5
59409,5,2,208198,208198,208200,0,2,2
59410,3,2,208201,208201,208203,0,2,1
59411,4,2,208205,208205,208207,0,2,2
59412,2,3,208207,208207,208210,0,3,0
59413,2,2,208209,208210,208212,1,3,0
59414,6,2,208215,208215,208217,0,2,3
59415,2,1,208217,208217,208218,0,1,0
59416,3,2,208220,208220,208222,0,2,2
59417,1,3,208221,208222,208225,1,4,0
59418,3,3,208224,208225,208228,1,4,0
59419,2,2,208226,208228,208230,2,4,0
59420,6,2,208232,208232,208234,0,2,2
59421,3,2,208235,208235,208237,0,2,1
59422,4,2,208239,208239,208241,0,2,2
59423,1,1,208240,208241,208242,1,2,0
59424,5,3,208245,208245,208248,0,3,3
59425,1,3,208246,208248,208251,2,5,0
59426,5,3,208251,208251,208254,0,3,0
59427,5,3,208256,208256,208259,0,3,2
59428,4,3,208260,208260,208263,0,3,1
59429,6,3,208266,208266,208269,0,3,3
59430,6,3,208272,208272,208275,0,3,3
59431,1,2,208273,208275,208277,2,4,0
59432,2,1,208275,208277,208278,2,3,0
59433,2,2,208277,208278,208280,1,3,0
59434,3,1,208280,208280,208281,0,1,0
59435,2,3,208282,208282,208285,0,3,1
59436,3,3,208285,208285,208288,0,3,0
59437,4,3,208289,208289,208292,0,3,1
59438,4,2,208293,208293,208295,0,2,1
59439,4,1,208297,208297,208298,0,1,2
59440,1,1,208298,208298,208299,0,1,0
59441,2,3,208300,208300,208303,0,3,1
59442,5,3,208305,208305,208308,0,3,2
59443,5,3,208310,208310,208313,0,3,2
59444,1,2,208311,208313,208315,2,4,0
59445,1,1,208312,208315,208316,3,4,0
59446,4,3,208316,208316,208319,0,3,0
59447,4,1,208320,208320,208321,0,1,1
59448,4,3,208324,208324,208327,0,3,3
59449,6,1,208330,208330,208331,0,1,3
59450,1,3,208331,208331,208334,0,3,0
59451,4,2,208335,208335,208337,0,2,1
59452,5,2,208340,208340,208342,0,2,3
59453,6,1,208346,208346,208347,0,1,4
59454,2,1,208348,208348,208349,0,1,1
59455,5,1,208353,208353,208354,0,1,4
59456,4,3,208357,208357,208360,0,3,3
59457,5,3,208362,208362,208365,0,3,2
59458,1,1,208363,208365,208366,2,3,0
59459,2,2,208365,208366,208368,1,3,0
59460,4,1,208369,208369,208370,0,1,1
59461,3,1,208372,208372,208373,0,1,2
59462,2,2,208374,208374,208376,0,2,1
59463,1,2,208375,208376,208378,1,3,0
59464,4,1,208379,208379,208380,0,1,1
59465,1,3,208380,208380,208383,0,3,0
59466,5,2,208385,208385,208387,0,2,2
59467,5,1,208390,208390,208391,0,1,3
59468,1,3,208391,208391,208394,0,3,0
59469,6,3,208397,208397,208400,0,3,3
59470,3,1,208400,208400,208401,0,1,0
59471,4,1,208404,208404,208405,0,1,3
59472,6,1,208410,208410,208411,0,1,5
59473,4,1,208414,208414,208415,0,1,3
59474,5,2,208419,208419,208421,0,2,4
59475,1,3,208420,208421,208424,1,4,0
59476,1,1,208421,208424,208425,3,4,0
59477,5,3,208426,208426,208429,0,3,1
59478,6,3,208432,208432,208435,0,3,3
59479,3,1,208435,208435,208436,0,1,0
59480,5,2,208440,208440,208442,0,2,4
59481,5,2,208445,208445,208447,0,2,3
59482,1,3,208446,208447,208450,1,4,0
59483,3,3,208449,208450,208453,1,4,0
59484,2,3,208451,208453,208456,2,5,0
59485,6,1,208457,208457,208458,0,1,1
59486,1,1,208458,208458,208459,0,1,0
59487,4,1,208462,208462,208463,0,1,3
59488,6,2,208468,208468,208470,0,2,5
59489,1,2,208469,208470,208472,1,3,0
59490,3,1,208472,208472,208473,0,1,0
59491,5,3,208477,208477,208480,0,3,4
59492,5,3,208482,208482,208485,0,3,2
59493,4,2,208486,208486,208488,0,2,1
59494,1,3,208487,208488,208491,1,4,0
59495,4,3,208491,208491,208494,0,3,0
59496,1,1,208492,208494,208495,2,3,0
59497,5,3,208497,208497,208500,0,3,2
59498,6,2,208503,208503,208505,0,2,3
59499,5,3,208508,208508,208511,0,3,3
59500,4,2,208512,208512,208514,0,2,1
59501,6,1,208518,208518,208519,0,1,4
59502,5,2,208523,208523,208525,0,2,4
59503,3,3,208526,208526,208529,0,3,1
59504,6,1,208532,208532,208533,0,1,3
59505,1,2,208533,208533,208535,0,2,0
59506,2,3,208535,208535,208538,0,3,0
59507,4,3,208539,208539,208542,0,3,1
59508,3,2,208542,208542,208544,0,2,0
59509,4,1,208546,208546,208547,0,1,2
59510,2,2,208548,208548,208550,0,2,1
59511,4,1,208552,208552,208553,0,1,2
59512,6,1,208558,208558,208559,0,1,5
59513,4,3,208562,208562,208565,0,3,3
59514,6,1,208568,208568,208569,0,1,3
59515,1,3,208569,208569,208572,0,3,0
59516,5,1,208574,208574,208575,0,1,2
59517,2,1,208576,208576,208577,0,1,1
59518,2,1,208578,208578,208579,0,1,1
59519,3,1,208581,208581,208582,0,1,2
59520,4,3,208585,208585,208588,0,3,3
59521,3,2,208588,208588,208590,0,2,0
59522,4,2,208592,208592,208594,0,2,2
59523,5,2,208597,208597,208599,0,2,3
59524,6,3,208603,208603,208606,0,3,4
59525,4,3,208607,208607,208610,0,3,1
59526,3,1,208610,208610,208611,0,1,0
59527,2,1,208612,208612,208613,0,1,1
59528,6,2,208618,208618,208620,0,2,5
59529,4,2,208622,208622,208624,0,2,2
59530,1,2,208623,208624,208626,1,3,0
59531,2,3,208625,208626,208629,1,4,0
59532,6,1,208631,208631,208632,0,1,2
59533,3,1,208634,208634,208635,0,1,2
59534,3,3,208637,208637,208640,0,3,2
59535,6,2,208643,208643,208645,0,2,3
59536,2,3,208645,208645,208648,0,3,0
59537,4,2,208649,208649,208651,0,2,1
59538,1,1,208650,208651,208652,1,2,0
59539,6,3,208656,208656,208659,0,3,4
59540,6,2,208662,208662,208664,0,2,3
59541,1,1,208663,208664,208665,1,2,0
59542,5,3,208668,208668,208671,0,3,3
59543,6,2,208674,208674,208676,0,2,3
59544,1,2,208675,208676,208678,1,3,0
59545,4,1,208679,208679,208680,0,1,1
59546,6,1,208685,208685,208686,0,1,5
59547,1,1,208686,208686,208687,0,1,0
59548,6,2,208692,208692,208694,0,2,5
59549,6,3,208698,208698,208701,0,3,4
59550,5,3,208703,208703,208706,0,3,2
59551,3,2,208706,208706,208708,0,2,0
59552,3,3,208709,208709,208712,0,3,1
59553,4,3,208713,208713,208716,0,3,1
59554,3,1,208716,208716,208717,0,1,0
59555,2,2,208718,208718,208720,0,2,1
59556,1,2,208719,208720,208722,1,3,0
59557,1,3,208720,208722,208725,2,5,0
59558,1,2,208721,208725,208727,4,6,0
59559,2,3,208723,208727,208730,4,7,0
59560,4,1,208727,208730,208731,3,4,0
59561,2,3,208729,208731,208734,2,5,0
59562,5,1,208734,208734,208735,0,1,0
59563,5,1,208739,208739,208740,0,1,4
59564,6,3,208745,208745,208748,0,3,5
59565,6,3,208751,208751,208754,0,3,3
59566,1,3,208752,208754,208757,2,5,0
59567,6,3,208758,208758,208761,0,3,1
59568,5,1,208763,208763,208764,0,1,2
59569,5,3,208768,208768,208771,0,3,4
59570,5,3,208773,208773,208776,0,3,2
59571,2,3,208775,208776,208779,1,4,0
59572,2,3,208777,208779,208782,2,5,0
59573,1,2,208778,208782,208784,4,6,0
59574,6,1,208784,208784,208785,0,1,0
59575,5,3,208789,208789,208792,0,3,4
59576,4,1,208793,208793,208794,0,1,1
59577,5,2,208798,208798,208800,0,2,4
59578,3,1,208801,208801,208802,0,1,1
59579,6,3,208807,208807,208810,0,3,5
59580,5,1,208812,208812,208813,0,1,2
59581,6,2,208818,208818,208820,0,2,5
59582,1,1,208819,208820,208821,1,2,0
59583,2,2,208821,208821,208823,0,2,0
59584,1,3,208822,208823,208826,1,4,0
59585,4,2,208826,208826,208828,0,2,0
59586,2,3,208828,208828,208831,0,3,0
59587,2,3,208830,208831,208834,1,4,0
59588,1,2,208831,208834,208836,3,5,0
59589,3,3,208834,208836,208839,2,5,0
59590,5,3,208839,208839,208842,0,3,0
59591,3,3,208842,208842,208845,0,3,0
59592,6,2,208848,208848,208850,0,2,3
59593,4,3,208852,208852,208855,0,3,2
59594,1,3,208853,208855,208858,2,5,0
59595,6,2,208859,208859,208861,0,2,1
59596,5,3,208864,208864,208867,0,3,3
59597,3,1,208867,208867,208868,0,1,0
59598,1,1,208868,208868,208869,0,1,0
59599,6,3,208874,208874,208877,0,3,5
59600,2,1,208876,208877,208878,1,2,0
59601,1,1,208877,208878,208879,1,2,0
59602,5,2,208882,208882,208884,0,2,3
59603,2,2,208884,208884,208886,0,2,0
59604,6,3,208890,208890,208893,0,3,4
59605,3,3,208893,208893,208896,0,3,0
59606,6,3,208899,208899,208902,0,3,3
59607,6,1,208905,208905,208906,0,1,3
59608,3,2,208908,208908,208910,0,2,2
59609,4,1,208912,208912,208913,0,1,2
59610,4,1,208916,208916,208917,0,1,3
59611,1,3,208917,208917,208920,0,3,0
59612,5,3,208922,208922,208925,0,3,2
59613,6,2,208928,208928,208930,0,2,3
59614,4,2,208932,208932,208934,0,2,2
59615,1,3,208933,208934,208937,1,4,0
59616,1,1,208934,208937,208938,3,4,0
59617,3,3,208937,208938,208941,1,4,0
59618,6,1,208943,208943,208944,0,1,2
59619,1,1,208944,208944,208945,0,1,0
59620,2,1,208946,208946,208947,0,1,1
59621,2,2,208948,208948,208950,0,2,1
59622,2,2,208950,208950,208952,0,2,0
59623,6,1,208956,208956,208957,0,1,4
59624,6,1,208962,208962,208963,0,1,5
59625,3,2,208965,208965,208967,0,2,2
59626,3,3,208968,208968,208971,0,3,1
59627,6,1,208974,208974,208975,0,1,3
59628,2,3,208976,208976,208979,0,3,1
59629,6,2,208982,208982,208984,0,2,3
59630,5,2,208987,208987,208989,0,2,3
59631,5,3,208992,208992,208995,0,3,3
59632,6,2,208998,208998,209000,0,2,3
59633,5,2,209003,209003,209005,0,2,3
59634,2,2,209005,209005,209007,0,2,0
59635,5,2,209010,209010,209012,0,2,3
59636,5,1,209015,209015,209016,0,1,3
59637,6,2,209021,209021,209023,0,2,5
59638,5,1,209026,209026,209027,0,1,3
59639,3,3,209029,209029,209032,0,3,2
59640,6,2,209035,209035,209037,0,2,3
59641,3,2,209038,209038,209040,0,2,1
59642,5,3,209043,209043,209046,0,3,3
59643,2,3,209045,209046,209049,1,4,0
59644,6,2,209051,209051,209053,0,2,2
59645,2,2,209053,209053,209055,0,2,0
59646,4,1,209057,209057,209058,0,1,2
59647,5,3,209062,209062,209065,0,3,4
59648,4,3,209066,209066,209069,0,3,1
59649,6,3,209072,209072,209075,0,3,3
59650,4,2,209076,209076,209078,0,2,1
59651,2,2,209078,209078,209080,0,2,0
59652,4,3,209082,209082,209085,0,3,2
59653,1,2,209083,209085,209087,2,4,0
59654,1,3,209084,209087,209090,3,6,0
59655,3,2,209087,209090,209092,3,5,0
59656,4,1,209091,209092,209093,1,2,0
59657,4,3,209095,209095,209098,0,3,2
59658,5,1,209100,209100,209101,0,1,2
59659,6,3,209106,209106,209109,0,3,5
59660,3,1,209109,209109,209110,0,1,0
59661,5,1,209114,209114,209115,0,1,4
59662,1,2,209115,209115,209117,0,2,0
59663,4,3,209119,209119,209122,0,3,2
59664,6,1,209125,209125,209126,0,1,3
59665,1,1,209126,209126,209127,0,1,0
59666,2,2,209128,209128,209130,0,2,1
59667,2,3,209130,209130,209133,0,3,0
59668,5,1,209135,209135,209136,0,1,2
59669,5,3,209140,209140,209143,0,3,4
59670,1,2,209141,209143,209145,2,4,0
59671,2,2,209143,209145,209147,2,4,0
59672,6,3,209149,209149,209152,0,3,2
59673,4,3,209153,209153,209156,0,3,1
59674,5,2,209158,209158,209160,0,2,2
59675,1,3,209159,209160,209163,1,4,0
59676,3,1,209162,209163,209164,1,2,0
59677,2,3,209164,209164,209167,0,3,0
59678,5,3,209169,209169,209172,0,3,2
59679,4,1,209173,209173,209174,0,1,1
59680,2,2,209175,209175,209177,0,2,1
59681,1,2,209176,209177,209179,1,3,0
59682,2,3,209178,209179,209182,1,4,0
59683,6,3,209184,209184,209187,0,3,2
59684,1,2,209185,209187,209189,2,4,0
59685,1,3,209186,209189,209192,3,6,0
59686,3,2,209189,209192,209194,3,5,0
59687,2,2,209191,209194,209196,3,5,0
59688,3,2,209194,209196,209198,2,4,0
59689,4,1,209198,209198,209199,0,1,0
59690,6,1,209204,209204,209205,0,1,5
59691,3,2,209207,209207,209209,0,2,2
59692,5,3,209212,209212,209215,0,3,3
59693,4,3,209216,209216,209219,0,3,1
59694,3,2,209219,209219,209221,0,2,0
59695,2,2,209221,209221,209223,0,2,0
59696,2,3,209223,209223,209226,0,3,0
59697,6,3,209229,209229,209232,0,3,3
59698,2,3,209231,209232,209235,1,4,0
59699,6,2,209237,209237,209239,0,2,2
59700,6,1,209243,209243,209244,0,1,4
59701,4,2,209247,209247,209249,0,2,3
59702,4,3,209251,209251,209254,0,3,2
59703,2,1,209253,209254,209255,1,2,0
59704,1,2,209254,209255,209257,1,3,0
59705,1,2,209255,209257,209259,2,4,0
59706,5,2,209260,209260,209262,0,2,1
59707,6,2,209266,209266,209268,0,2,4
59708,5,1,209271,209271,209272,0,1,3
59709,3,2,209274,209274,209276,0,2,2
59710,5,1,209279,209279,209280,0,1,3
59711,2,3,209281,209281,209284,0,3,1
59712,3,1,209284,209284,209285,0,1,0
59713,1,2,209285,209285,209287,0,2,0
59714,5,2,209290,209290,209292,0,2,3
59715,6,1,209296,209296,209297,0,1,4
59716,1,1,209297,209297,209298,0,1,0
59717,2,1,209299,209299,209300,0,1,1
59718,2,2,209301,209301,209303,0,2,1
59719,2,2,209303,209303,209305,0,2,0
59720,1,2,209304,209305,209307,1,3,0
59721,1,3,209305,209307,209310,2,5,0
59722,4,3,209309,209310,209313,1,4,0
59723,3,3,209312,209313,209316,1,4,0
59724,2,3,209314,209316,209319,2,5,0
59725,6,1,209320,209320,209321,0,1,1
59726,5,2,209325,209325,209327,0,2,4
59727,2,1,209327,209327,209328,0,1,0
59728,6,3,209333,209333,209336,0,3,5
59729,4,1,209337,209337,209338,0,1,1
59730,3,3,209340,209340,209343,0,3,2
59731,6,1,209346,209346,209347,0,1,3
59732,6,3,209352,209352,209355,0,3,5
59733,3,3,209355,209355,209358,0,3,0
59734,3,1,209358,209358,209359,0,1,0
59735,6,3,209364,209364,209367,0,3,5
59736,5,2,209369,209369,209371,0,2,2
59737,6,3,209375,209375,209378,0,3,4
59738,3,2,209378,209378,209380,0,2,0
59739,2,1,209380,209380,209381,0,1,0
59740,1,2,209381,209381,209383,0,2,0
59741,1,1,209382,209383,209384,1,2,0
59742,2,2,209384,209384,209386,0,2,0
59743,1,1,209385,209386,209387,1,2,0
59744,4,3,209389,209389,209392,0,3,2
59745,4,3,209393,209393,209396,0,3,1
59746,2,3,209395,209396,209399,1,4,0
59747,1,1,209396,209399,209400,3,4,0
59748,4,1,209400,209400,209401,0,1,0
59749,5,1,209405,209405,209406,0,1,4
59750,6,3,209411,209411,209414,0,3,5
59751,6,2,209417,209417,209419,0,2,3
59752,5,1,209422,209422,209423,0,1,3
59753,5,1,209427,209427,209428,0,1,4
59754,6,2,209433,209433,209435,0,2,5
59755,2,3,209435,209435,209438,0,3,0
59756,4,2,209439,209439,209441,0,2,1
59757,2,3,209441,209441,209444,0,3,0
59758,2,1,209443,209444,209445,1,2,0
59759,3,1,209446,209446,209447,0,1,1
59760,3,1,209449,209449,209450,0,1,2
59761,6,3,209455,209455,209458,0,3,5
59762,4,1,209459,209459,209460,0,1,1
59763,4,1,209463,209463,209464,0,1,3
59764,4,3,209467,209467,209470,0,3,3
59765,2,2,209469,209470,209472,1,3,0
59766,6,1,209475,209475,209476,0,1,3
59767,2,3,209477,209477,209480,0,3,1
59768,2,1,209479,209480,209481,1,2,0
59769,5,2,209484,209484,209486,0,2,3
59770,4,1,209488,209488,209489,0,1,2
59771,3,2,209491,209491,209493,0,2,2
59772,5,3,209496,209496,209499,0,3,3
59773,1,3,209497,209499,209502,2,5,0
59774,3,1,209500,209502,209503,2,3,0
59775,1,3,209501,209503,209506,2,5,0
59776,6,3,209507,209507,209510,0,3,1
59777,4,1,209511,209511,209512,0,1,1
59778,1,1,209512,209512,209513,0,1,0
59779,5,3,209517,209517,209520,0,3,4
59780,5,3,209522,209522,209525,0,3,2
59781,2,1,209524,209525,209526,1,2,0
59782,2,1,209526,209526,209527,0,1,0
59783,6,1,209532,209532,209533,0,1,5
59784,2,1,209534,209534,209535,0,1,1
59785,1,1,209535,209535,209536,0,1,0
59786,1,1,209536,209536,209537,0,1,0
59787,6,3,209542,209542,209545,0,3,5
59788,5,2,209547,209547,209549,0,2,2
59789,2,3,209549,209549,209552,0,3,0
59790,3,2,209552,209552,209554,0,2,0
59791,6,3,209558,209558,209561,0,3,4
59792,1,3,209559,209561,209564,2,5,0
59793,3,2,209562,209564,209566,2,4,0
59794,4,3,209566,209566,209569,0,3,0
59795,1,3,209567,209569,209572,2,5,0
59796,2,2,209569,209572,209574,3,5,0
59797,5,2,209574,209574,209576,0,2,0
59798,6,1,209580,209580,209581,0,1,4
59799,3,2,209583,209583,209585,0,2,2
59800,5,1,209588,209588,209589,0,1,3
59801,6,1,209594,209594,209595,0,1,5
59802,1,3,209595,209595,209598,0,3,0
59803,1,2,209596,209598,209600,2,4,0
59804,4,3,209600,209600,209603,0,3,0
59805,6,2,209606,209606,209608,0,2,3
59806,4,2,209610,209610,209612,0,2,2
59807,6,2,209616,209616,209618,0,2,4
59808,4,2,209620,209620,209622,0,2,2
59809,3,1,209623,209623,209624,0,1,1
59810,4,2,209627,209627,209629,0,2,3
59811,5,3,209632,209632,209635,0,3,3
59812,6,1,209638,209638,209639,0,1,3
59813,4,2,209642,209642,209644,0,2,3
59814,3,2,209645,209645,209647,0,2,1
59815,2,2,209647,209647,209649,0,2,0
59816,1,2,209648,209649,209651,1,3,0
59817,3,1,209651,209651,209652,0,1,0
59818,2,1,209653,209653,209654,0,1,1
59819,1,1,209654,209654,209655,0,1,0
59820,5,3,209659,209659,209662,0,3,4
59821,1,3,209660,209662,209665,2,5,0
59822,6,3,209666,209666,209669,0,3,1
59823,6,1,209672,209672,209673,0,1,3
59824,4,2,209676,209676,209678,0,2,3
59825,1,2,209677,209678,209680,1,3,0
59826,2,1,209679,209680,209681,1,2,0
59827,5,1,209684,209684,209685,0,1,3
59828,2,2,209686,209686,209688,0,2,1
59829,3,2,209689,209689,209691,0,2,1
59830,3,3,209692,209692,209695,0,3,1
59831,3,3,209695,209695,209698,0,3,0
59832,6,3,209701,209701,209704,0,3,3
59833,1,3,209702,209704,209707,2,5,0
59834,2,2,209704,209707,209709,3,5,0
59835,4,3,209708,209709,209712,1,4,0
59836,4,1,209712,209712,209713,0,1,0
59837,1,3,209713,209713,209716,0,3,0
59838,1,1,209714,209716,209717,2,3,0
59839,5,3,209719,209719,209722,0,3,2
59840,5,2,209724,209724,209726,0,2,2
59841,1,1,209725,209726,209727,1,2,0
59842,4,3,209729,209729,209732,0,3,2
59843,6,2,209735,209735,209737,0,2,3
59844,3,2,209738,209738,209740,0,2,1
59845,4,3,209742,209742,209745,0,3,2
59846,5,2,209747,209747,209749,0,2,2
59847,6,1,209753,209753,209754,0,1,4
59848,1,3,209754,209754,209757,0,3,0
59849,4,1,209758,209758,209759,0,1,1
59850,1,2,209759,209759,209761,0,2,0
59851,6,2,209765,209765,209767,0,2,4
59852,2,2,209767,209767,209769,0,2,0
59853,4,2,209771,209771,209773,0,2,2
59854,4,3,209775,209775,209778,0,3,2
59855,3,1,209778,209778,209779,0,1,0
59856,1,1,209779,209779,209780,0,1,0
59857,1,3,209780,209780,209783,0,3,0
59858,3,3,209783,209783,209786,0,3,0
59859,1,3,209784,209786,209789,2,5,0
59860,4,2,209788,209789,209791,1,3,0
59861,1,2,209789,209791,209793,2,4,0
59862,5,1,209794,209794,209795,0,1,1
59863,6,1,209800,209800,209801,0,1,5
59864,3,2,209803,209803,209805,0,2,2
59865,6,1,209809,209809,209810,0,1,4
59866,6,1,209815,209815,209816,0,1,5
59867,5,2,209820,209820,209822,0,2,4
59868,3,1,209823,209823,209824,0,1,1
59869,4,1,209827,209827,209828,0,1,3
59870,2,3,209829,209829,209832,0,3,1
59871,3,2,209832,209832,209834,0,2,0
59872,5,2,209837,209837,209839,0,2,3
59873,3,1,209840,209840,209841,0,1,1
59874,2,1,209842,209842,209843,0,1,1
59875,1,3,209843,209843,209846,0,3,0
59876,2,1,209845,209846,209847,1,2,0
59877,2,2,209847,209847,209849,0,2,0
59878,5,1,209852,209852,209853,0,1,3
59879,4,2,209856,209856,209858,0,2,3
59880,4,3,209860,209860,209863,0,3,2
59881,5,1,209865,209865,209866,0,1,2
59882,1,3,209866,209866,209869,0,3,0
59883,2,1,209868,209869,209870,1,2,0
59884,5,1,209873,209873,209874,0,1,3
59885,1,3,209874,209874,209877,0,3,0
59886,3,2,209877,209877,209879,0,2,0
59887,2,1,209879,209879,209880,0,1,0
59888,3,2,209882,209882,209884,0,2,2
59889,3,1,209885,209885,209886,0,1,1
59890,6,3,209891,209891,209894,0,3,5
59891,2,2,209893,209894,209896,1,3,0
59892,5,1,209898,209898,209899,0,1,2
59893,5,3,209903,209903,209906,0,3,4
59894,4,2,209907,209907,209909,0,2,1
59895,1,3,209908,209909,209912,1,4,0
59896,2,1,209910,209912,209913,2,3,0
59897,4,1,209914,209914,209915,0,1,1
59898,5,3,209919,209919,209922,0,3,4
59899,5,2,209924,209924,209926,0,2,2
59900,2,3,209926,209926,209929,0,3,0
59901,6,1,209932,209932,209933,0,1,3
59902,4,3,209936,209936,209939,0,3,3
59903,3,1,209939,209939,209940,0,1,0
59904,6,3,209945,209945,209948,0,3,5
59905,6,2,209951,209951,209953,0,2,3
59906,3,2,209954,209954,209956,0,2,1
59907,5,2,209959,209959,209961,0,2,3
59908,2,1,209961,209961,209962,0,1,0
59909,4,3,209965,209965,209968,0,3,3
59910,5,1,209970,209970,209971,0,1,2
59911,6,3,209976,209976,209979,0,3,5
59912,5,1,209981,209981,209982,0,1,2
59913,5,1,209986,209986,209987,0,1,4
59914,5,1,209991,209991,209992,0,1,4
59915,4,2,209995,209995,209997,0,2,3
59916,6,1,210001,210001,210002,0,1,4
59917,3,1,210004,210004,210005,0,1,2
59918,2,2,210006,210006,210008,0,2,1
59919,1,3,210007,210008,210011,1,4,0
59920,5,3,210012,210012,210015,0,3,1
59921,2,2,210014,210015,210017,1,3,0
59922,2,2,210016,210017,210019,1,3,0
59923,4,3,210020,210020,210023,0,3,1
59924,2,1,210022,210023,210024,1,2,0
59925,4,3,210026,210026,210029,0,3,2
59926,2,2,210028,210029,210031,1,3,0
59927,1,1,210029,210031,210032,2,3,0
59928,1,2,210030,210032,210034,2,4,0
59929,6,1,210036,210036,210037,0,1,2
59930,5,3,210041,210041,210044,0,3,4
59931,5,2,210046,210046,210048,0,2,2
59932,4,2,210050,210050,210052,0,2,2
59933,4,2,210054,210054,210056,0,2,2
59934,6,1,210060,210060,210061,0,1,4
59935,2,1,210062,210062,210063,0,1,1
59936,6,2,210068,210068,210070,0,2,5
59937,6,1,210074,210074,210075,0,1,4
59938,6,1,210080,210080,210081,0,1,5
59939,1,2,210081,210081,210083,0,2,0
59940,6,3,210087,210087,210090,0,3,4
59941,4,2,210091,210091,210093,0,2,1
59942,6,3,210097,210097,210100,0,3,4
59943,1,3,210098,210100,210103,2,5,0
59944,5,2,210103,210103,210105,0,2,0
59945,1,2,210104,210105,210107,1,3,0
59946,5,2,210109,210109,210111,0,2,2
59947,3,1,210112,210112,210113,0,1,1
59948,1,3,210113,210113,210116,0,3,0
59949,5,2,210118,210118,210120,0,2,2
59950,1,3,210119,210120,210123,1,4,0
59951,5,1,210124,210124,210125,0,1,1
59952,1,2,210125,210125,210127,0,2,0
59953,2,3,210127,210127,210130,0,3,0
59954,3,3,210130,210130,210133,0,3,0
59955,6,3,210136,210136,210139,0,3,3
59956,2,1,210138,210139,210140,1,2,0
59957,4,2,210142,210142,210144,0,2,2
59958,6,2,210148,210148,210150,0,2,4
59959,5,3,210153,210153,210156,0,3,3
59960,2,2,210155,210156,210158,1,3,0
59961,1,2,210156,210158,210160,2,4,0
59962,2,1,210158,210160,210161,2,3,0
59963,1,2,210159,210161,210163,2,4,0
59964,2,1,210161,210163,210164,2,3,0
59965,1,3,210162,210164,210167,2,5,0
59966,1,1,210163,210167,210168,4,5,0
59967,2,2,210165,210168,210170,3,5,0
59968,6,3,210171,210171,210174,0,3,1
59969,2,3,210173,210174,210177,1,4,0
59970,6,1,210179,210179,210180,0,1,2
59971,2,1,210181,210181,210182,0,1,1
59972,1,3,210182,210182,210185,0,3,0
59973,4,3,210186,210186,210189,0,3,1
59974,2,2,210188,210189,210191,1,3,0
59975,2,3,210190,210191,210194,1,4,0
59976,5,1,210195,210195,210196,0,1,1
59977,1,1,210196,210196,210197,0,1,0
59978,2,2,210198,210198,210200,0,2,1
59979,3,1,210201,210201,210202,0,1,1
59980,5,3,210206,210206,210209,0,3,4
59981,2,3,210208,210209,210212,1,4,0
59982,5,3,210213,210213,210216,0,3,1
59983,4,3,210217,210217,210220,0,3,1
59984,5,1,210222,210222,210223,0,1,2
59985,5,3,210227,210227,210230,0,3,4
59986,2,2,210229,210230,210232,1,3,0
59987,3,3,210232,210232,210235,0,3,0
59988,3,3,210235,210235,210238,0,3,0
59989,3,2,210238,210238,210240,0,2,0
59990,2,2,210240,210240,210242,0,2,0
59991,1,3,210241,210242,210245,1,4,0
59992,6,1,210247,210247,210248,0,1,2
59993,5,2,210252,210252,210254,0,2,4
59994,2,2,210254,210254,210256,0,2,0
59995,3,2,210257,210257,210259,0,2,1
59996,4,3,210261,210261,210264,0,3,2
59997,5,3,210266,210266,210269,0,3,2
59998,5,2,210271,210271,210273,0,2,2
59999,1,1,210272,210273,210274,1,2,0
60000,1,3,210273,210274,210277,1,4,0
60001,2,2,210275,210277,210279,2,4,0
60002,5,1,210280,210280,210281,0,1,1
60003,5,2,210285,210285,210287,0,2,4
60004,3,3,210288,210288,210291,0,3,1
60005,2,1,210290,210291,210292,1,2,0
60006,6,3,210296,210296,210299,0,3,4
60007,6,1,210302,210302,210303,0,1,3
60008,4,3,210306,210306,210309,0,3,3
60009,2,2,210308,210309,210311,1,3,0
60010,4,2,210312,210312,210314,0,2,1
60011,3,2,210315,210315,210317,0,2,1
60012,3,3,210318,210318,210321,0,3,1
60013,6,2,210324,210324,210326,0,2,3
60014,5,3,210329,210329,210332,0,3,3
60015,3,3,210332,210332,210335,0,3,0
60016,4,3,210336,210336,210339,0,3,1
60017,3,2,210339,210339,210341,0,2,0
60018,4,1,210343,210343,210344,0,1,2
60019,2,2,210345,210345,210347,0,2,1
60020,1,2,210346,210347,210349,1,3,0
60021,5,3,210351,210351,210354,0,3,2
60022,4,3,210355,210355,210358,0,3,1
60023,5,3,210360,210360,210363,0,3,2
60024,3,1,210363,210363,210364,0,1,0
60025,2,1,210365,210365,210366,0,1,1
60026,6,2,210371,210371,210373,0,2,5
60027,5,2,210376,210376,210378,0,2,3
60028,5,3,210381,210381,210384,0,3,3
60029,3,1,210384,210384,210385,0,1,0
60030,3,3,210387,210387,210390,0,3,2
60031,5,1,210392,210392,210393,0,1,2
60032,3,1,210395,210395,210396,0,1,2
60033,2,1,210397,210397,210398,0,1,1
60034,5,1,210402,210402,210403,0,1,4
60035,4,1,210406,210406,210407,0,1,3
60036,6,3,210412,210412,210415,0,3,5
60037,5,2,210417,210417,210419,0,2,2
60038,4,3,210421,210421,210424,0,3,2
60039,4,1,210425,210425,210426,0,1,1
60040,2,3,210427,210427,210430,0,3,1
60041,4,2,210431,210431,210433,0,2,1
60042,4,3,210435,210435,210438,0,3,2
60043,5,2,210440,210440,210442,0,2,2
60044,4,3,210444,210444,210447,0,3,2
60045,5,2,210449,210449,210451,0,2,2
60046,3,2,210452,210452,210454,0,2,1
60047,4,3,210456,210456,210459,0,3,2
60048,2,3,210458,210459,210462,1,4,0
60049,1,3,210459,210462,210465,3,6,0
60050,4,2,210463,210465,210467,2,4,0
60051,1,3,210464,210467,210470,3,6,0
60052,3,2,210467,210470,210472,3,5,0
60053,5,2,210472,210472,210474,0,2,0
60054,6,3,210478,210478,210481,0,3,4
60055,1,1,210479,210481,210482,2,3,0
60056,5,2,210484,210484,210486,0,2,2
60057,3,2,210487,210487,210489,0,2,1
60058,6,1,210493,210493,210494,0,1,4
60059,4,2,210497,210497,210499,0,2,3
60060,5,3,210502,210502,210505,0,3,3
60061,1,3,210503,210505,210508,2,5,0
60062,6,1,210509,210509,210510,0,1,1
60063,6,1,210515,210515,210516,0,1,5
60064,6,1,210521,210521,210522,0,1,5
60065,4,2,210525,210525,210527,0,2,3
60066,6,1,210531,210531,210532,0,1,4
60067,1,2,210532,210532,210534,0,2,0
60068,5,2,210537,210537,210539,0,2,3
60069,6,1,210543,210543,210544,0,1,4
60070,6,3,210549,210549,210552,0,3,5
60071,1,1,210550,210552,210553,2,3,0
60072,4,3,210554,210554,210557,0,3,1
60073,6,2,210560,210560,210562,0,2,3
60074,5,3,210565,210565,210568,0,3,3
60075,6,3,210571,210571,210574,0,3,3
60076,2,2,210573,210574,210576,1,3,0
60077,5,3,210578,210578,210581,0,3,2
60078,3,3,210581,210581,210584,0,3,0
60079,3,1,210584,210584,210585,0,1,0
60080,2,2,210586,210586,210588,0,2,1
60081,2,2,210588,210588,210590,0,2,0
60082,2,1,210590,210590,210591,0,1,0
60083,2,1,210592,210592,210593,0,1,1
60084,4,2,210596,210596,210598,0,2,3
60085,4,1,210600,210600,210601,0,1,2
60086,1,1,210601,210601,210602,0,1,0
60087,1,2,210602,210602,210604,0,2,0
60088,2,1,210604,210604,210605,0,1,0
60089,4,2,210608,210608,210610,0,2,3
60090,6,1,210614,210614,210615,0,1,4
60091,3,1,210617,210617,210618,0,1,2
60092,1,2,210618,210618,210620,0,2,0
60093,5,1,210623,210623,210624,0,1,3
60094,6,3,210629,210629,210632,0,3,5
60095,6,3,210635,210635,210638,0,3,3
60096,3,2,210638,210638,210640,0,2,0
60097,4,1,210642,210642,210643,0,1,2
60098,1,2,210643,210643,210645,0,2,0
60099,1,3,210644,210645,210648,1,4,0
60100,5,1,210649,210649,210650,0,1,1
60101,2,2,210651,210651,210653,0,2,1
60102,6,3,210657,210657,210660,0,3,4
60103,4,3,210661,210661,210664,0,3,1
60104,6,2,210667,210667,210669,0,2,3
60105,5,1,210672,210672,210673,0,1,3
60106,4,3,210676,210676,210679,0,3,3
60107,1,2,210677,210679,210681,2,4,0
60108,6,1,210683,210683,210684,0,1,2
60109,1,2,210684,210684,210686,0,2,0
60110,2,3,210686,210686,210689,0,3,0
60111,5,1,210691,210691,210692,0,1,2
60112,4,2,210695,210695,210697,0,2,3
60113,5,3,210700,210700,210703,0,3,3
60114,4,2,210704,210704,210706,0,2,1
60115,4,1,210708,210708,210709,0,1,2
60116,4,3,210712,210712,210715,0,3,3
60117,5,1,210717,210717,210718,0,1,2
60118,2,3,210719,210719,210722,0,3,1
60119,1,1,210720,210722,210723,2,3,0
60120,1,2,210721,210723,210725,2,4,0
60121,2,2,210723,210725,210727,2,4,0
60122,3,3,210726,210727,210730,1,4,0
60123,2,3,210728,210730,210733,2,5,0
60124,1,1,210729,210733,210734,4,5,0
60125,4,3,210733,210734,210737,1,4,0
60126,3,1,210736,210737,210738,1,2,0
60127,3,2,210739,210739,210741,0,2,1
60128,2,1,210741,210741,210742,0,1,0
60129,2,1,210743,210743,210744,0,1,1
60130,2,2,210745,210745,210747,0,2,1
60131,3,1,210748,210748,210749,0,1,1
60132,6,2,210754,210754,210756,0,2,5
60133,1,1,210755,210756,210757,1,2,0
60134,6,2,210761,210761,210763,0,2,4
60135,4,3,210765,210765,210768,0,3,2
60136,1,2,210766,210768,210770,2,4,0
60137,3,3,210769,210770,210773,1,4,0
60138,3,2,210772,210773,210775,1,3,0
60139,6,3,210778,210778,210781,0,3,3
60140,4,2,210782,210782,210784,0,2,1
60141,5,2,210787,210787,210789,0,2,3
60142,2,2,210789,210789,210791,0,2,0
60143,4,1,210793,210793,210794,0,1,2
60144,1,3,210794,210794,210797,0,3,0
60145,2,3,210796,210797,210800,1,4,0
60146,3,3,210799,210800,210803,1,4,0
60147,4,2,210803,210803,210805,0,2,0
60148,3,3,210806,210806,210809,0,3,1
60149,5,3,210811,210811,210814,0,3,2
60150,4,3,210815,210815,210818,0,3,1
60151,4,3,210819,210819,210822,0,3,1
60152,1,2,210820,210822,210824,2,4,0
60153,3,1,210823,210824,210825,1,2,0
60154,2,1,210825,210825,210826,0,1,0
60155,3,2,210828,210828,210830,0,2,2
60156,2,2,210830,210830,210832,0,2,0
60157,6,2,210836,210836,210838,0,2,4
60158,3,2,210839,210839,210841,0,2,1
60159,6,1,210845,210845,210846,0,1,4
60160,5,3,210850,210850,210853,0,3,4
60161,2,1,210852,210853,210854,1,2,0
60162,6,1,210858,210858,210859,0,1,4
60163,1,1,210859,210859,210860,0,1,0
60164,1,2,210860,210860,210862,0,2,0
60165,5,1,210865,210865,210866,0,1,3
60166,4,3,210869,210869,210872,0,3,3
60167,6,3,210875,210875,210878,0,3,3
60168,2,1,210877,210878,210879,1,2,0
60169,6,2,210883,210883,210885,0,2,4
60170,2,3,210885,210885,210888,0,3,0
60171,5,2,210890,210890,210892,0,2,2
60172,4,1,210894,210894,210895,0,1,2
60173,1,1,210895,210895,210896,0,1,0
60174,4,3,210899,210899,210902,0,3,3
60175,2,2,210901,210902,210904,1,3,0
60176,6,1,210907,210907,210908,0,1,3
60177,1,2,210908,210908,210910,0,2,0
60178,1,3,210909,210910,210913,1,4,0
60179,2,3,210911,210913,210916,2,5,0
60180,5,1,210916,210916,210917,0,1,0
60181,3,3,210919,210919,210922,0,3,2
60182,4,3,210923,210923,210926,0,3,1
60183,1,2,210924,210926,210928,2,4,0
60184,5,2,210929,210929,210931,0,2,1
60185,1,1,210930,210931,210932,1,2,0
60186,6,1,210936,210936,210937,0,1,4
60187,3,3,210939,210939,210942,0,3,2
60188,5,1,210944,210944,210945,0,1,2
60189,5,3,210949,210949,210952,0,3,4
60190,1,1,210950,210952,210953,2,3,0
60191,1,1,210951,210953,210954,2,3,0
60192,3,1,210954,210954,210955,0,1,0
60193,1,2,210955,210955,210957,0,2,0
60194,3,1,210958,210958,210959,0,1,1
60195,1,3,210959,210959,210962,0,3,0
60196,4,2,210963,210963,210965,0,2,1
60197,1,2,210964,210965,210967,1,3,0
60198,6,1,210970,210970,210971,0,1,3
60199,5,3,210975,210975,210978,0,3,4
60200,3,2,210978,210978,210980,0,2,0
60201,5,2,210983,210983,210985,0,2,3
60202,4,1,210987,210987,210988,0,1,2
60203,1,1,210988,210988,210989,0,1,0
60204,6,1,210994,210994,210995,0,1,5
60205,4,3,210998,210998,211001,0,3,3
60206,2,3,211000,211001,211004,1,4,0
60207,5,2,211005,211005,211007,0,2,1
60208,6,2,211011,211011,211013,0,2,4
60209,1,1,211012,211013,211014,1,2,0
60210,5,2,211017,211017,211019,0,2,3
60211,2,3,211019,211019,211022,0,3,0
60212,4,2,211023,211023,211025,0,2,1
60213,1,3,211024,211025,211028,1,4,0
60214,4,3,211028,211028,211031,0,3,0
60215,3,2,211031,211031,211033,0,2,0
60216,4,2,211035,211035,211037,0,2,2
60217,6,2,211041,211041,211043,0,2,4
60218,2,3,211043,211043,211046,0,3,0
60219,2,2,211045,211046,211048,1,3,0
60220,5,3,211050,211050,211053,0,3,2
60221,3,1,211053,211053,211054,0,1,0
60222,5,1,211058,211058,211059,0,1,4
60223,3,1,211061,211061,211062,0,1,2
60224,1,3,211062,211062,211065,0,3,0
60225,1,2,211063,211065,211067,2,4,0
60226,2,1,211065,211067,211068,2,3,0
60227,1,3,211066,211068,211071,2,5,0
60228,4,3,211070,211071,211074,1,4,0
60229,1,3,211071,211074,211077,3,6,0
60230,1,3,211072,211077,211080,5,8,0
60231,3,2,211075,211080,211082,5,7,0
60232,4,1,211079,211082,211083,3,4,0
60233,6,1,211085,211085,211086,0,1,2
60234,3,3,211088,211088,211091,0,3,2
60235,4,2,211092,211092,211094,0,2,1
60236,6,2,211098,211098,211100,0,2,4
60237,6,2,211104,211104,211106,0,2,4
60238,1,1,211105,211106,211107,1,2,0
60239,5,1,211110,211110,211111,0,1,3
60240,1,3,211111,211111,211114,0,3,0
60241,4,1,211115,211115,211116,0,1,1
60242,3,2,211118,211118,211120,0,2,2
60243,1,3,211119,211120,211123,1,4,0
60244,5,2,211124,211124,211126,0,2,1
60245,2,3,211126,211126,211129,0,3,0
60246,2,2,211128,211129,211131,1,3,0
60247,1,2,211129,211131,211133,2,4,0
60248,1,2,211130,211133,211135,3,5,0
60249,1,3,211131,211135,211138,4,7,0
60250,4,3,211135,211138,211141,3,6,0
60251,1,1,211136,211141,211142,5,6,0
60252,4,1,211140,211142,211143,2,3,0
60253,4,3,211144,211144,211147,0,3,1
60254,5,1,211149,211149,211150,0,1,2
60255,6,1,211155,211155,211156,0,1,5
60256,5,1,211160,211160,211161,0,1,4
60257,5,2,211165,211165,211167,0,2,4
60258,5,2,211170,211170,211172,0,2,3
60259,5,1,211175,211175,211176,0,1,3
60260,2,2,211177,211177,211179,0,2,1
60261,1,2,211178,211179,211181,1,3,0
60262,1,1,211179,211181,211182,2,3,0
60263,3,2,211182,211182,211184,0,2,0
60264,4,2,211186,211186,211188,0,2,2
60265,3,2,211189,211189,211191,0,2,1
60266,3,3,211192,211192,211195,0,3,1
60267,5,2,211197,211197,211199,0,2,2
60268,6,1,211203,211203,211204,0,1,4
60269,2,2,211205,211205,211207,0,2,1
60270,2,3,211207,211207,211210,0,3,0
60271,5,3,211212,211212,211215,0,3,2
60272,6,2,211218,211218,211220,0,2,3
60273,2,1,211220,211220,211221,0,1,0
60274,2,3,211222,211222,211225,0,3,1
60275,2,2,211224,211225,211227,1,3,0
60276,5,3,211229,211229,211232,0,3,2
60277,3,3,211232,211232,211235,0,3,0
60278,6,1,211238,211238,211239,0,1,3
60279,5,2,211243,211243,211245,0,2,4
60280,6,1,211249,211249,211250,0,1,4
60281,1,3,211250,211250,211253,0,3,0
60282,2,2,211252,211253,211255,1,3,0
60283,3,3,211255,211255,211258,0,3,0
60284,5,2,211260,211260,211262,0,2,2
60285,1,2,211261,211262,211264,1,3,0
60286,6,2,211267,211267,211269,0,2,3
60287,1,2,211268,211269,211271,1,3,0
60288,2,1,211270,211271,211272,1,2,0
60289,4,2,211274,211274,211276,0,2,2
60290,4,1,211278,211278,211279,0,1,2
60291,6,3,211284,211284,211287,0,3,5
60292,2,2,211286,211287,211289,1,3,0
60293,4,2,211290,211290,211292,0,2,1
60294,5,2,211295,211295,211297,0,2,3
60295,4,3,211299,211299,211302,0,3,2
60296,3,3,211302,211302,211305,0,3,0
60297,6,3,211308,211308,211311,0,3,3
60298,5,2,211313,211313,211315,0,2,2
60299,3,2,211316,211316,211318,0,2,1
60300,6,1,211322,211322,211323,0,1,4
60301,1,3,211323,211323,211326,0,3,0
60302,2,3,211325,211326,211329,1,4,0
60303,1,3,211326,211329,211332,3,6,0
60304,3,1,211329,211332,211333,3,4,0
60305,1,1,211330,211333,211334,3,4,0
60306,3,1,211333,211334,211335,1,2,0
60307,6,1,211339,211339,211340,0,1,4
60308,2,3,211341,211341,211344,0,3,1
60309,6,2,211347,211347,211349,0,2,3
60310,1,1,211348,211349,211350,1,2,0
60311,2,1,211350,211350,211351,0,1,0
60312,2,1,211352,211352,211353,0,1,1
60313,1,3,211353,211353,211356,0,3,0
60314,6,2,211359,211359,211361,0,2,3
60315,6,1,211365,211365,211366,0,1,4
60316,2,1,211367,211367,211368,0,1,1
60317,4,3,211371,211371,211374,0,3,3
60318,1,2,211372,211374,211376,2,4,0
60319,5,2,211377,211377,211379,0,2,1
60320,2,3,211379,211379,211382,0,3,0
60321,1,2,211380,211382,211384,2,4,0
60322,5,3,211385,211385,211388,0,3,1
60323,6,1,211391,211391,211392,0,1,3
60324,1,1,211392,211392,211393,0,1,0
60325,5,1,211397,211397,211398,0,1,4
60326,4,3,211401,211401,211404,0,3,3
60327,5,3,211406,211406,211409,0,3,2
60328,3,3,211409,211409,211412,0,3,0
60329,6,2,211415,211415,211417,0,2,3
60330,5,1,211420,211420,211421,0,1,3
60331,2,3,211422,211422,211425,0,3,1
60332,3,3,211425,211425,211428,0,3,0
60333,4,3,211429,211429,211432,0,3,1
60334,6,3,211435,211435,211438,0,3,3
60335,1,3,211436,211438,211441,2,5,0
60336,4,3,211440,211441,211444,1,4,0
60337,3,3,211443,211444,211447,1,4,0
60338,2,3,211445,211447,211450,2,5,0
60339,1,2,211446,211450,211452,4,6,0
60340,3,3,211449,211452,211455,3,6,0
60341,5,3,211454,211455,211458,1,4,0
60342,6,1,211460,211460,211461,0,1,2
60343,5,2,211465,211465,211467,0,2,4
60344,3,1,211468,211468,211469,0,1,1
60345,6,1,211474,211474,211475,0,1,5
60346,4,1,211478,211478,211479,0,1,3
60347,6,1,211484,211484,211485,0,1,5
60348,2,1,211486,211486,211487,0,1,1
60349,1,1,211487,211487,211488,0,1,0
60350,5,2,211492,211492,211494,0,2,4
60351,2,2,211494,211494,211496,0,2,0
60352,1,2,211495,211496,211498,1,3,0
60353,3,2,211498,211498,211500,0,2,0
60354,5,1,211503,211503,211504,0,1,3
60355,4,2,211507,211507,211509,0,2,3
60356,3,3,211510,211510,211513,0,3,1
60357,5,2,211515,211515,211517,0,2,2
60358,6,3,211521,211521,211524,0,3,4
60359,6,3,211527,211527,211530,0,3,3
60360,6,1,211533,211533,211534,0,1,3
60361,1,1,211534,211534,211535,0,1,0
60362,6,1,211540,211540,211541,0,1,5
60363,2,1,211542,211542,211543,0,1,1
60364,2,3,211544,211544,211547,0,3,1
60365,4,3,211548,211548,211551,0,3,1
60366,2,3,211550,211551,211554,1,4,0
60367,4,2,211554,211554,211556,0,2,0
60368,6,2,211560,211560,211562,0,2,4
60369,6,1,211566,211566,211567,0,1,4
60370,2,2,211568,211568,211570,0,2,1
60371,4,3,211572,211572,211575,0,3,2
60372,1,3,211573,211575,211578,2,5,0
60373,5,2,211578,211578,211580,0,2,0
60374,5,2,211583,211583,211585,0,2,3
60375,1,3,211584,211585,211588,1,4,0
60376,1,2,211585,211588,211590,3,5,0
60377,5,1,211590,211590,211591,0,1,0
60378,2,2,211592,211592,211594,0,2,1
60379,1,1,211593,211594,211595,1,2,0
60380,2,1,211595,211595,211596,0,1,0
60381,2,2,211597,211597,211599,0,2,1
60382,4,3,211601,211601,211604,0,3,2
60383,1,3,211602,211604,211607,2,5,0
60384,5,3,211607,211607,211610,0,3,0
60385,1,2,211608,211610,211612,2,4,0
60386,1,3,211609,211612,211615,3,6,0
60387,4,2,211613,211615,211617,2,4,0
60388,5,3,211618,211618,211621,0,3,1
60389,3,1,211621,211621,211622,0,1,0
60390,6,1,211627,211627,211628,0,1,5
60391,2,3,211629,211629,211632,0,3,1
60392,5,3,211634,211634,211637,0,3,2
60393,3,1,211637,211637,211638,0,1,0
60394,2,3,211639,211639,211642,0,3,1
60395,5,1,211644,211644,211645,0,1,2
60396,5,1,211649,211649,211650,0,1,4
60397,5,3,211654,211654,211657,0,3,4
60398,5,2,211659,211659,211661,0,2,2
60399,3,1,211662,211662,211663,0,1,1
60400,6,1,211668,211668,211669,0,1,5
60401,2,3,211670,211670,211673,0,3,1
60402,6,2,211676,211676,211678,0,2,3
60403,5,3,211681,211681,211684,0,3,3
60404,1,2,211682,211684,211686,2,4,0
60405,1,2,211683,211686,211688,3,5,0
60406,3,1,211686,211688,211689,2,3,0
60407,6,1,211692,211692,211693,0,1,3
60408,3,1,211695,211695,211696,0,1,2
60409,3,2,211698,211698,211700,0,2,2
60410,6,3,211704,211704,211707,0,3,4
60411,1,3,211705,211707,211710,2,5,0
60412,1,1,211706,211710,211711,4,5,0
60413,6,3,211712,211712,211715,0,3,1
60414,1,1,211713,211715,211716,2,3,0
60415,1,1,211714,211716,211717,2,3,0
60416,4,1,211718,211718,211719,0,1,1
60417,2,2,211720,211720,211722,0,2,1
60418,1,3,211721,211722,211725,1,4,0
60419,4,3,211725,211725,211728,0,3,0
60420,5,2,211730,211730,211732,0,2,2
60421,6,3,211736,211736,211739,0,3,4
60422,4,2,211740,211740,211742,0,2,1
60423,1,3,211741,211742,211745,1,4,0
60424,2,1,211743,211745,211746,2,3,0
60425,4,2,211747,211747,211749,0,2,1
60426,5,3,211752,211752,211755,0,3,3
60427,3,1,211755,211755,211756,0,1,0
60428,4,2,211759,211759,211761,0,2,3
60429,4,3,211763,211763,211766,0,3,2
60430,4,1,211767,211767,211768,0,1,1
60431,4,2,211771,211771,211773,0,2,3
60432,4,2,211775,211775,211777,0,2,2
60433,1,2,211776,211777,211779,1,3,0
60434,4,3,211780,211780,211783,0,3,1
60435,4,1,211784,211784,211785,0,1,1
60436,1,1,211785,211785,211786,0,1,0
60437,4,3,211789,211789,211792,0,3,3
60438,3,2,211792,211792,211794,0,2,0
60439,3,2,211795,211795,211797,0,2,1
60440,3,3,211798,211798,211801,0,3,1
60441,4,2,211802,211802,211804,0,2,1
60442,2,3,211804,211804,211807,0,3,0
60443,4,2,211808,211808,211810,0,2,1
60444,2,3,211810,211810,211813,0,3,0
60445,5,3,211815,211815,211818,0,3,2
60446,2,3,211817,211818,211821,1,4,0
60447,6,3,211823,211823,211826,0,3,2
60448,2,1,211825,211826,211827,1,2,0
60449,2,2,211827,211827,211829,0,2,0
60450,6,3,211833,211833,211836,0,3,4
60451,4,3,211837,211837,211840,0,3,1
60452,5,3,211842,211842,211845,0,3,2
60453,1,3,211843,211845,211848,2,5,0
60454,2,3,211845,211848,211851,3,6,0
60455,4,2,211849,211851,211853,2,4,0
60456,2,2,211851,211853,211855,2,4,0
60457,1,1,211852,211855,211856,3,4,0
60458,3,1,211855,211856,211857,1,2,0
60459,3,2,211858,211858,211860,0,2,1
60460,6,1,211864,211864,211865,0,1,4
60461,1,1,211865,211865,211866,0,1,0
60462,5,1,211870,211870,211871,0,1,4
60463,2,3,211872,211872,211875,0,3,1
60464,2,1,211874,211875,211876,1,2,0
60465,1,3,211875,211876,211879,1,4,0
60466,4,3,211879,211879,211882,0,3,0
60467,1,1,211880,211882,211883,2,3,0
60468,4,2,211884,211884,211886,0,2,1
60469,6,3,211890,211890,211893,0,3,4
60470,4,2,211894,211894,211896,0,2,1
60471,5,1,211899,211899,211900,0,1,3
60472,6,2,211905,211905,211907,0,2,5
60473,3,2,211908,211908,211910,0,2,1
60474,4,3,211912,211912,211915,0,3,2
60475,1,3,211913,211915,211918,2,5,0
60476,6,3,211919,211919,211922,0,3,1
60477,6,2,211925,211925,211927,0,2,3
60478,1,1,211926,211927,211928,1,2,0
60479,1,1,211927,211928,211929,1,2,0
60480,3,1,211930,211930,211931,0,1,1
60481,6,3,211936,211936,211939,0,3,5
60482,1,3,211937,211939,211942,2,5,0
60483,6,3,211943,211943,211946,0,3,1
60484,5,2,211948,211948,211950,0,2,2
60485,6,1,211954,211954,211955,0,1,4
60486,4,2,211958,211958,211960,0,2,3
60487,3,1,211961,211961,211962,0,1,1
60488,6,1,211967,211967,211968,0,1,5
60489,2,1,211969,211969,211970,0,1,1
60490,4,2,211973,211973,211975,0,2,3
60491,3,3,211976,211976,211979,0,3,1
60492,5,1,211981,211981,211982,0,1,2
60493,4,3,211985,211985,211988,0,3,3
60494,5,1,211990,211990,211991,0,1,2
60495,4,3,211994,211994,211997,0,3,3
60496,3,1,211997,211997,211998,0,1,0
60497,6,1,212003,212003,212004,0,1,5
60498,4,1,212007,212007,212008,0,1,3
60499,2,1,212009,212009,212010,0,1,1
60500,1,1,212010,212010,212011,0,1,0
60501,1,2,212011,212011,212013,0,2,0
60502,6,3,212017,212017,212020,0,3,4
60503,5,1,212022,212022,212023,0,1,2
60504,5,2,212027,212027,212029,0,2,4
60505,3,3,212030,212030,212033,0,3,1
60506,2,1,212032,212033,212034,1,2,0
60507,5,1,212037,212037,212038,0,1,3
60508,6,2,212043,212043,212045,0,2,5
60509,1,1,212044,212045,212046,1,2,0
60510,2,3,212046,212046,212049,0,3,0
60511,3,2,212049,212049,212051,0,2,0
60512,5,2,212054,212054,212056,0,2,3
60513,4,1,212058,212058,212059,0,1,2
60514,2,1,212060,212060,212061,0,1,1
60515,1,1,212061,212061,212062,0,1,0
60516,3,3,212064,212064,212067,0,3,2
60517,6,2,212070,212070,212072,0,2,3
60518,2,2,212072,212072,212074,0,2,0
60519,6,3,212078,212078,212081,0,3,4
60520,3,1,212081,212081,212082,0,1,0
60521,4,2,212085,212085,212087,0,2,3
60522,6,1,212091,212091,212092,0,1,4
60523,6,3,212097,212097,212100,0,3,5
60524,3,2,212100,212100,212102,0,2,0
60525,6,1,212106,212106,212107,0,1,4
60526,1,3,212107,212107,212110,0,3,0
60527,5,1,212112,212112,212113,0,1,2
60528,5,3,212117,212117,212120,0,3,4
60529,4,1,212121,212121,212122,0,1,1
60530,6,3,212127,212127,212130,0,3,5
60531,6,1,212133,212133,212134,0,1,3
60532,1,1,212134,212134,212135,0,1,0
60533,3,1,212137,212137,212138,0,1,2
60534,2,3,212139,212139,212142,0,3,1
60535,1,3,212140,212142,212145,2,5,0
60536,6,3,212146,212146,212149,0,3,1
60537,5,2,212151,212151,212153,0,2,2
60538,6,2,212157,212157,212159,0,2,4
60539,2,1,212159,212159,212160,0,1,0
60540,5,1,212164,212164,212165,0,1,4
60541,3,3,212167,212167,212170,0,3,2
60542,3,1,212170,212170,212171,0,1,0
60543,4,1,212174,212174,212175,0,1,3
60544,3,1,212177,212177,212178,0,1,2
60545,4,3,212181,212181,212184,0,3,3
60546,2,1,212183,212184,212185,1,2,0
60547,1,2,212184,212185,212187,1,3,0
60548,3,2,212187,212187,212189,0,2,0
60549,6,1,212193,212193,212194,0,1,4
60550,2,3,212195,212195,212198,0,3,1
60551,6,1,212201,212201,212202,0,1,3
60552,3,1,212204,212204,212205,0,1,2
60553,5,2,212209,212209,212211,0,2,4
60554,5,1,212214,212214,212215,0,1,3
60555,5,1,212219,212219,212220,0,1,4
60556,2,1,212221,212221,212222,0,1,1
60557,3,3,212224,212224,212227,0,3,2
60558,4,1,212228,212228,212229,0,1,1
60559,5,3,212233,212233,212236,0,3,4
60560,1,2,212234,212236,212238,2,4,0
60561,6,2,212240,212240,212242,0,2,2
60562,2,3,212242,212242,212245,0,3,0
60563,1,2,212243,212245,212247,2,4,0
60564,3,3,212246,212247,212250,1,4,0
60565,4,1,212250,212250,212251,0,1,0
60566,1,2,212251,212251,212253,0,2,0
60567,3,2,212254,212254,212256,0,2,1
60568,4,1,212258,212258,212259,0,1,2
60569,3,3,212261,212261,212264,0,3,2
60570,5,2,212266,212266,212268,0,2,2
60571,3,2,212269,212269,212271,0,2,1
60572,2,2,212271,212271,212273,0,2,0
60573,3,3,212274,212274,212277,0,3,1
60574,1,1,212275,212277,212278,2,3,0
60575,1,2,212276,212278,212280,2,4,0
60576,3,1,212279,212280,212281,1,2,0
60577,4,3,212283,212283,212286,0,3,2
60578,3,2,212286,212286,212288,0,2,0
60579,1,3,212287,212288,212291,1,4,0
60580,1,2,212288,212291,212293,3,5,0
60581,2,1,212290,212293,212294,3,4,0
60582,6,2,212296,212296,212298,0,2,2
60583,6,1,212302,212302,212303,0,1,4
60584,4,3,212306,212306,212309,0,3,3
60585,1,1,212307,212309,212310,2,3,0
60586,5,3,212312,212312,212315,0,3,2
60587,1,2,212313,212315,212317,2,4,0
60588,3,2,212316,212317,212319,1,3,0
60589,1,2,212317,212319,212321,2,4,0
60590,6,2,212323,212323,212325,0,2,2
60591,4,2,212327,212327,212329,0,2,2
60592,5,1,212332,212332,212333,0,1,3
60593,5,1,212337,212337,212338,0,1,4
60594,5,1,212342,212342,212343,0,1,4
60595,2,2,212344,212344,212346,0,2,1
60596,6,3,212350,212350,212353,0,3,4
60597,1,3,212351,212353,212356,2,5,0
60598,3,1,212354,212356,212357,2,3,0
60599,3,1,212357,212357,212358,0,1,0
60600,4,3,212361,212361,212364,0,3,3
60601,1,2,212362,212364,212366,2,4,0
60602,3,2,212365,212366,212368,1,3,0
60603,4,1,212369,212369,212370,0,1,1
60604,4,2,212373,212373,212375,0,2,3
60605,6,3,212379,212379,212382,0,3,4
60606,2,1,212381,212382,212383,1,2,0
60607,5,3,212386,212386,212389,0,3,3
60608,6,1,212392,212392,212393,0,1,3
60609,1,1,212393,212393,212394,0,1,0
60610,6,3,212399,212399,212402,0,3,5
60611,6,2,212405,212405,212407,0,2,3
60612,2,1,212407,212407,212408,0,1,0
60613,3,2,212410,212410,212412,0,2,2
60614,6,2,212416,212416,212418,0,2,4
60615,4,1,212420,212420,212421,0,1,2
60616,4,1,212424,212424,212425,0,1,3
60617,5,3,212429,212429,212432,0,3,4
60618,6,1,212435,212435,212436,0,1,3
60619,2,2,212437,212437,212439,0,2,1
60620,6,3,212443,212443,212446,0,3,4
60621,5,1,212448,212448,212449,0,1,2
60622,6,3,212454,212454,212457,0,3,5
60623,2,2,212456,212457,212459,1,3,0
60624,4,2,212460,212460,212462,0,2,1
60625,3,2,212463,212463,212465,0,2,1
60626,5,2,212468,212468,212470,0,2,3
60627,5,2,212473,212473,212475,0,2,3
60628,5,2,212478,212478,212480,0,2,3
60629,6,1,212484,212484,212485,0,1,4
60630,1,3,212485,212485,212488,0,3,0
60631,5,2,212490,212490,212492,0,2,2
60632,3,3,212493,212493,212496,0,3,1
60633,4,1,212497,212497,212498,0,1,1
60634,6,2,212503,212503,212505,0,2,5
60635,4,1,212507,212507,212508,0,1,2
60636,6,3,212513,212513,212516,0,3,5
60637,1,3,212514,212516,212519,2,5,0
60638,6,2,212520,212520,212522,0,2,1
60639,6,2,212526,212526,212528,0,2,4
60640,5,1,212531,212531,212532,0,1,3
60641,5,3,212536,212536,212539,0,3,4
60642,1,2,212537,212539,212541,2,4,0
60643,2,1,212539,212541,212542,2,3,0
60644,2,3,212541,212542,212545,1,4,0
60645,6,1,212547,212547,212548,0,1,2
60646,1,3,212548,212548,212551,0,3,0
60647,5,2,212553,212553,212555,0,2,2
60648,6,3,212559,212559,212562,0,3,4
60649,6,2,212565,212565,212567,0,2,3
60650,3,3,212568,212568,212571,0,3,1
60651,2,1,212570,212571,212572,1,2,0
60652,4,2,212574,212574,212576,0,2,2
60653,3,2,212577,212577,212579,0,2,1
60654,4,2,212581,212581,212583,0,2,2
60655,4,1,212585,212585,212586,0,1,2
60656,6,2,212591,212591,212593,0,2,5
60657,2,1,212593,212593,212594,0,1,0
60658,5,3,212598,212598,212601,0,3,4
60659,4,2,212602,212602,212604,0,2,1
60660,1,2,212603,212604,212606,1,3,0
60661,6,1,212609,212609,212610,0,1,3
60662,3,3,212612,212612,212615,0,3,2
60663,2,1,212614,212615,212616,1,2,0
60664,4,3,212618,212618,212621,0,3,2
60665,3,1,212621,212621,212622,0,1,0
60666,3,1,212624,212624,212625,0,1,2
60667,6,1,212630,212630,212631,0,1,5
60668,4,2,212634,212634,212636,0,2,3
60669,2,1,212636,212636,212637,0,1,0
60670,3,2,212639,212639,212641,0,2,2
60671,3,1,212642,212642,212643,0,1,1
60672,3,1,212645,212645,212646,0,1,2
60673,3,1,212648,212648,212649,0,1,2
60674,3,3,212651,212651,212654,0,3,2
60675,3,3,212654,212654,212657,0,3,0
60676,2,2,212656,212657,212659,1,3,0
60677,4,3,212660,212660,212663,0,3,1
60678,1,2,212661,212663,212665,2,4,0
60679,3,2,212664,212665,212667,1,3,0
60680,4,2,212668,212668,212670,0,2,1
60681,1,1,212669,212670,212671,1,2,0
60682,5,1,212674,212674,212675,0,1,3
60683,1,3,212675,212675,212678,0,3,0
60684,5,3,212680,212680,212683,0,3,2
60685,6,3,212686,212686,212689,0,3,3
60686,5,2,212691,212691,212693,0,2,2
60687,2,2,212693,212693,212695,0,2,0
60688,6,1,212699,212699,212700,0,1,4
60689,6,2,212705,212705,212707,0,2,5
60690,1,1,212706,212707,212708,1,2,0
60691,3,2,212709,212709,212711,0,2,1
60692,1,3,212710,212711,212714,1,4,0
60693,1,3,212711,212714,212717,3,6,0
60694,3,3,212714,212717,212720,3,6,0
60695,4,1,212718,212720,212721,2,3,0
60696,6,3,212724,212724,212727,0,3,3
60697,2,1,212726,212727,212728,1,2,0
60698,2,1,212728,212728,212729,0,1,0
60699,4,1,212732,212732,212733,0,1,3
60700,4,2,212736,212736,212738,0,2,3
60701,2,1,212738,212738,212739,0,1,0
60702,1,3,212739,212739,212742,0,3,0
60703,5,1,212744,212744,212745,0,1,2
60704,3,2,212747,212747,212749,0,2,2
60705,5,2,212752,212752,212754,0,2,3
60706,5,3,212757,212757,212760,0,3,3
60707,5,1,212762,212762,212763,0,1,2
60708,1,2,212763,212763,212765,0,2,0
60709,5,2,212768,212768,212770,0,2,3
60710,1,2,212769,212770,212772,1,3,0
60711,1,1,212770,212772,212773,2,3,0
60712,4,1,212774,212774,212775,0,1,1
60713,6,2,212780,212780,212782,0,2,5
60714,6,2,212786,212786,212788,0,2,4
60715,6,1,212792,212792,212793,0,1,4
60716,1,2,212793,212793,212795,0,2,0
60717,3,1,212796,212796,212797,0,1,1
60718,3,2,212799,212799,212801,0,2,2
60719,1,2,212800,212801,212803,1,3,0
60720,2,3,212802,212803,212806,1,4,0
60721,2,3,212804,212806,212809,2,5,0
60722,5,3,212809,212809,212812,0,3,0
60723,6,3,212815,212815,212818,0,3,3
60724,4,1,212819,212819,212820,0,1,1
60725,2,3,212821,212821,212824,0,3,1
60726,5,2,212826,212826,212828,0,2,2
60727,6,3,212832,212832,212835,0,3,4
60728,4,1,212836,212836,212837,0,1,1
60729,1,1,212837,212837,212838,0,1,0
60730,4,2,212841,212841,212843,0,2,3
60731,6,1,212847,212847,212848,0,1,4
60732,6,3,212853,212853,212856,0,3,5
60733,1,3,212854,212856,212859,2,5,0
60734,3,1,212857,212859,212860,2,3,0
60735,4,2,212861,212861,212863,0,2,1
60736,2,1,212863,212863,212864,0,1,0
60737,6,3,212869,212869,212872,0,3,5
60738,5,1,212874,212874,212875,0,1,2
60739,2,1,212876,212876,212877,0,1,1
60740,6,2,212882,212882,212884,0,2,5
60741,4,2,212886,212886,212888,0,2,2
60742,6,1,212892,212892,212893,0,1,4
60743,6,3,212898,212898,212901,0,3,5
60744,1,1,212899,212901,212902,2,3,0
60745,3,3,212902,212902,212905,0,3,0
60746,5,3,212907,212907,212910,0,3,2
60747,4,3,212911,212911,212914,0,3,1
60748,3,1,212914,212914,212915,0,1,0
60749,2,1,212916,212916,212917,0,1,1
60750,6,2,212922,212922,212924,0,2,5
60751,5,1,212927,212927,212928,0,1,3
60752,2,2,212929,212929,212931,0,2,1
60753,1,3,212930,212931,212934,1,4,0
60754,3,2,212933,212934,212936,1,3,0
60755,2,3,212935,212936,212939,1,4,0
60756,1,2,212936,212939,212941,3,5,0
60757,1,1,212937,212941,212942,4,5,0
60758,1,2,212938,212942,212944,4,6,0
60759,5,3,212943,212944,212947,1,4,0
60760,5,1,212948,212948,212949,0,1,1
60761,4,1,212952,212952,212953,0,1,3
60762,1,1,212953,212953,212954,0,1,0
60763,5,3,212958,212958,212961,0,3,4
60764,4,1,212962,212962,212963,0,1,1
60765,5,3,212967,212967,212970,0,3,4
60766,5,3,212972,212972,212975,0,3,2
60767,6,2,212978,212978,212980,0,2,3
60768,5,1,212983,212983,212984,0,1,3
60769,5,1,212988,212988,212989,0,1,4
60770,5,1,212993,212993,212994,0,1,4
60771,2,3,212995,212995,212998,0,3,1
60772,4,3,212999,212999,213002,0,3,1
60773,4,1,213003,213003,213004,0,1,1
60774,1,2,213004,213004,213006,0,2,0
60775,5,2,213009,213009,213011,0,2,3
60776,4,3,213013,213013,213016,0,3,2
60777,3,2,213016,213016,213018,0,2,0
60778,5,2,213021,213021,213023,0,2,3
60779,5,2,213026,213026,213028,0,2,3
60780,5,3,213031,213031,213034,0,3,3
60781,4,3,213035,213035,213038,0,3,1
60782,2,3,213037,213038,213041,1,4,0
60783,6,3,213043,213043,213046,0,3,2
60784,6,3,213049,213049,213052,0,3,3
60785,5,1,213054,213054,213055,0,1,2
60786,2,1,213056,213056,213057,0,1,1
60787,2,1,213058,213058,213059,0,1,1
60788,4,1,213062,213062,213063,0,1,3
60789,4,3,213066,213066,213069,0,3,3
60790,4,3,213070,213070,213073,0,3,1
60791,3,2,213073,213073,213075,0,2,0
60792,4,2,213077,213077,213079,0,2,2
60793,1,3,213078,213079,213082,1,4,0
60794,4,3,213082,213082,213085,0,3,0
60795,5,3,213087,213087,213090,0,3,2
60796,1,3,213088,213090,213093,2,5,0
60797,3,2,213091,213093,213095,2,4,0
60798,5,2,213096,213096,213098,0,2,1
60799,4,1,213100,213100,213101,0,1,2
60800,3,2,213103,213103,213105,0,2,2
60801,4,2,213107,213107,213109,0,2,2
60802,2,2,213109,213109,213111,0,2,0
60803,5,1,213114,213114,213115,0,1,3
60804,1,3,213115,213115,213118,0,3,0
60805,4,2,213119,213119,213121,0,2,1
60806,1,3,213120,213121,213124,1,4,0
60807,4,3,213124,213124,213127,0,3,0
60808,1,1,213125,213127,213128,2,3,0
60809,5,1,213130,213130,213131,0,1,2
60810,4,2,213134,213134,213136,0,2,3
60811,4,2,213138,213138,213140,0,2,2
60812,3,1,213141,213141,213142,0,1,1
60813,3,1,213144,213144,213145,0,1,2
60814,2,2,213146,213146,213148,0,2,1
60815,3,2,213149,213149,213151,0,2,1
60816,2,1,213151,213151,213152,0,1,0
60817,3,2,213154,213154,213156,0,2,2
60818,3,3,213157,213157,213160,0,3,1
60819,6,1,213163,213163,213164,0,1,3
60820,3,3,213166,213166,213169,0,3,2
60821,2,3,213168,213169,213172,1,4,0
60822,4,2,213172,213172,213174,0,2,0
60823,1,2,213173,213174,213176,1,3,0
60824,5,2,213178,213178,213180,0,2,2
60825,2,1,213180,213180,213181,0,1,0
60826,6,3,213186,213186,213189,0,3,5
60827,3,3,213189,213189,213192,0,3,0
60828,4,3,213193,213193,213196,0,3,1
60829,2,2,213195,213196,213198,1,3,0
60830,3,3,213198,213198,213201,0,3,0
60831,2,1,213200,213201,213202,1,2,0
60832,3,3,213203,213203,213206,0,3,1
60833,5,1,213208,213208,213209,0,1,2
60834,1,3,213209,213209,213212,0,3,0
60835,1,2,213210,213212,213214,2,4,0
60836,1,2,213211,213214,213216,3,5,0
60837,4,1,213215,213216,213217,1,2,0
60838,3,1,213218,213218,213219,0,1,1
60839,6,3,213224,213224,213227,0,3,5
60840,4,3,213228,213228,213231,0,3,1
60841,6,2,213234,213234,213236,0,2,3
60842,5,1,213239,213239,213240,0,1,3
60843,5,3,213244,213244,213247,0,3,4
60844,4,1,213248,213248,213249,0,1,1
60845,5,2,213253,213253,213255,0,2,4
60846,1,2,213254,213255,213257,1,3,0
60847,2,1,213256,213257,213258,1,2,0
60848,2,3,213258,213258,213261,0,3,0
60849,5,1,213263,213263,213264,0,1,2
60850,5,1,213268,213268,213269,0,1,4
60851,1,3,213269,213269,213272,0,3,0
60852,5,2,213274,213274,213276,0,2,2
60853,6,1,213280,213280,213281,0,1,4
60854,6,2,213286,213286,213288,0,2,5
60855,2,1,213288,213288,213289,0,1,0
60856,2,3,213290,213290,213293,0,3,1
60857,4,2,213294,213294,213296,0,2,1
60858,5,1,213299,213299,213300,0,1,3
60859,1,3,213300,213300,213303,0,3,0
60860,1,2,213301,213303,213305,2,4,0
60861,4,2,213305,213305,213307,0,2,0
60862,6,3,213311,213311,213314,0,3,4
60863,4,2,213315,213315,213317,0,2,1
60864,3,3,213318,213318,213321,0,3,1
60865,3,3,213321,213321,213324,0,3,0
60866,5,2,213326,213326,213328,0,2,2
60867,4,2,213330,213330,213332,0,2,2
60868,4,1,213334,213334,213335,0,1,2
60869,5,1,213339,213339,213340,0,1,4
60870,6,1,213345,213345,213346,0,1,5
60871,2,2,213347,213347,213349,0,2,1
60872,5,1,213352,213352,213353,0,1,3
60873,3,1,213355,213355,213356,0,1,2
60874,5,3,213360,213360,213363,0,3,4
60875,5,3,213365,213365,213368,0,3,2
60876,3,2,213368,213368,213370,0,2,0
60877,5,2,213373,213373,213375,0,2,3
60878,1,3,213374,213375,213378,1,4,0
60879,5,2,213379,213379,213381,0,2,1
60880,4,3,213383,213383,213386,0,3,2
60881,5,1,213388,213388,213389,0,1,2
60882,6,2,213394,213394,213396,0,2,5
60883,6,2,213400,213400,213402,0,2,4
60884,5,2,213405,213405,213407,0,2,3
60885,2,3,213407,213407,213410,0,3,0
60886,1,3,213408,213410,213413,2,5,0
60887,2,1,213410,213413,213414,3,4,0
60888,3,1,213413,213414,213415,1,2,0
60889,2,3,213415,213415,213418,0,3,0
60890,3,2,213418,213418,213420,0,2,0
60891,3,2,213421,213421,213423,0,2,1
60892,3,2,213424,213424,213426,0,2,1
60893,1,1,213425,213426,213427,1,2,0
60894,3,2,213428,213428,213430,0,2,1
60895,5,2,213433,213433,213435,0,2,3
60896,5,2,213438,213438,213440,0,2,3
60897,4,2,213442,213442,213444,0,2,2
60898,4,2,213446,213446,213448,0,2,2
60899,3,3,213449,213449,213452,0,3,1
60900,2,1,213451,213452,213453,1,2,0
60901,6,2,213457,213457,213459,0,2,4
60902,1,1,213458,213459,213460,1,2,0
60903,3,2,213461,213461,213463,0,2,1
60904,5,1,213466,213466,213467,0,1,3
60905,5,1,213471,213471,213472,0,1,4
60906,6,2,213477,213477,213479,0,2,5
60907,1,2,213478,213479,213481,1,3,0
60908,1,2,213479,213481,213483,2,4,0
60909,6,2,213485,213485,213487,0,2,2
60910,4,3,213489,213489,213492,0,3,2
60911,3,3,213492,213492,213495,0,3,0
60912,1,2,213493,213495,213497,2,4,0
60913,5,3,213498,213498,213501,0,3,1
60914,3,1,213501,213501,213502,0,1,0
60915,5,2,213506,213506,213508,0,2,4
60916,4,1,213510,213510,213511,0,1,2
60917,1,3,213511,213511,213514,0,3,0
60918,1,1,213512,213514,213515,2,3,0
60919,1,1,213513,213515,213516,2,3,0
60920,5,1,213518,213518,213519,0,1,2
60921,3,1,213521,213521,213522,0,1,2
60922,6,2,213527,213527,213529,0,2,5
60923,1,2,213528,213529,213531,1,3,0
60924,6,2,213534,213534,213536,0,2,3
60925,3,1,213537,213537,213538,0,1,1
60926,3,1,213540,213540,213541,0,1,2
60927,2,3,213542,213542,213545,0,3,1
60928,5,2,213547,213547,213549,0,2,2
60929,2,1,213549,213549,213550,0,1,0
60930,1,1,213550,213550,213551,0,1,0
60931,4,1,213554,213554,213555,0,1,3
60932,4,1,213558,213558,213559,0,1,3
60933,6,3,213564,213564,213567,0,3,5
60934,4,1,213568,213568,213569,0,1,1
60935,5,2,213573,213573,213575,0,2,4
60936,5,1,213578,213578,213579,0,1,3
60937,2,1,213580,213580,213581,0,1,1
60938,3,2,213583,213583,213585,0,2,2
60939,2,1,213585,213585,213586,0,1,0
60940,6,2,213591,213591,213593,0,2,5
60941,6,3,213597,213597,213600,0,3,4
60942,1,1,213598,213600,213601,2,3,0
60943,4,1,213602,213602,213603,0,1,1
60944,3,3,213605,213605,213608,0,3,2
60945,3,1,213608,213608,213609,0,1,0
60946,1,2,213609,213609,213611,0,2,0
60947,6,2,213615,213615,213617,0,2,4
60948,5,1,213620,213620,213621,0,1,3
60949,2,1,213622,213622,213623,0,1,1
60950,2,1,213624,213624,213625,0,1,1
60951,1,1,213625,213625,213626,0,1,0
60952,6,3,213631,213631,213634,0,3,5
60953,1,1,213632,213634,213635,2,3,0
60954,3,2,213635,213635,213637,0,2,0
60955,1,3,213636,213637,213640,1,4,0
60956,6,3,213642,213642,213645,0,3,2
60957,6,1,213648,213648,213649,0,1,3
60958,6,1,213654,213654,213655,0,1,5
60959,5,3,213659,213659,213662,0,3,4
60960,3,1,213662,213662,213663,0,1,0
60961,2,2,213664,213664,213666,0,2,1
60962,5,3,213669,213669,213672,0,3,3
60963,3,2,213672,213672,213674,0,2,0
60964,2,2,213674,213674,213676,0,2,0
60965,4,1,213678,213678,213679,0,1,2
60966,6,3,213684,213684,213687,0,3,5
60967,1,1,213685,213687,213688,2,3,0
60968,4,1,213689,213689,213690,0,1,1
60969,1,3,213690,213690,213693,0,3,0
60970,4,2,213694,213694,213696,0,2,1
60971,4,2,213698,213698,213700,0,2,2
60972,5,2,213703,213703,213705,0,2,3
60973,2,2,213705,213705,213707,0,2,0
60974,5,3,213710,213710,213713,0,3,3
60975,2,3,213712,213713,213716,1,4,0
60976,5,1,213717,213717,213718,0,1,1
60977,1,2,213718,213718,213720,0,2,0
60978,3,2,213721,213721,213723,0,2,1
60979,3,1,213724,213724,213725,0,1,1
60980,3,3,213727,213727,213730,0,3,2
60981,1,2,213728,213730,213732,2,4,0
60982,2,2,213730,213732,213734,2,4,0
60983,6,3,213736,213736,213739,0,3,2
60984,3,1,213739,213739,213740,0,1,0
60985,3,2,213742,213742,213744,0,2,2
60986,5,2,213747,213747,213749,0,2,3
60987,4,3,213751,213751,213754,0,3,2
60988,2,2,213753,213754,213756,1,3,0
60989,3,3,213756,213756,213759,0,3,0
60990,4,3,213760,213760,213763,0,3,1
60991,1,3,213761,213763,213766,2,5,0
60992,5,2,213766,213766,213768,0,2,0
60993,3,1,213769,213769,213770,0,1,1
60994,5,1,213774,213774,213775,0,1,4
60995,5,2,213779,213779,213781,0,2,4
60996,4,1,213783,213783,213784,0,1,2
60997,5,3,213788,213788,213791,0,3,4
60998,3,1,213791,213791,213792,0,1,0
60999,1,1,213792,213792,213793,0,1,0
61000,5,2,213797,213797,213799,0,2,4
61001,3,2,213800,213800,213802,0,2,1
61002,6,1,213806,213806,213807,0,1,4
61003,5,1,213811,213811,213812,0,1,4
61004,3,3,213814,213814,213817,0,3,2
61005,4,3,213818,213818,213821,0,3,1
61006,6,1,213824,213824,213825,0,1,3
61007,4,2,213828,213828,213830,0,2,3
61008,3,1,213831,213831,213832,0,1,1
61009,5,1,213836,213836,213837,0,1,4
61010,3,1,213839,213839,213840,0,1,2
61011,4,2,213843,213843,213845,0,2,3
61012,2,2,213845,213845,213847,0,2,0
61013,3,1,213848,213848,213849,0,1,1
61014,6,1,213854,213854,213855,0,1,5
61015,6,2,213860,213860,213862,0,2,5
61016,5,1,213865,213865,213866,0,1,3
61017,4,1,213869,213869,213870,0,1,3
61018,6,2,213875,213875,213877,0,2,5
61019,5,3,213880,213880,213883,0,3,3
61020,2,2,213882,213883,213885,1,3,0
61021,4,2,213886,213886,213888,0,2,1
61022,3,2,213889,213889,213891,0,2,1
61023,2,1,213891,213891,213892,0,1,0
61024,5,2,213896,213896,213898,0,2,4
61025,2,3,213898,213898,213901,0,3,0
61026,5,2,213903,213903,213905,0,2,2
61027,4,2,213907,213907,213909,0,2,2
61028,4,1,213911,213911,213912,0,1,2
61029,6,3,213917,213917,213920,0,3,5
61030,5,2,213922,213922,213924,0,2,2
61031,1,3,213923,213924,213927,1,4,0
61032,5,2,213928,213928,213930,0,2,1
61033,1,3,213929,213930,213933,1,4,0
61034,2,3,213931,213933,213936,2,5,0
61035,5,1,213936,213936,213937,0,1,0
61036,2,2,213938,213938,213940,0,2,1
61037,6,1,213944,213944,213945,0,1,4
61038,3,1,213947,213947,213948,0,1,2
61039,1,2,213948,213948,213950,0,2,0
61040,2,3,213950,213950,213953,0,3,0
61041,3,3,213953,213953,213956,0,3,0
61042,5,2,213958,213958,213960,0,2,2
61043,3,2,213961,213961,213963,0,2,1
61044,2,1,213963,213963,213964,0,1,0
61045,4,3,213967,213967,213970,0,3,3
61046,3,3,213970,213970,213973,0,3,0
61047,4,2,213974,213974,213976,0,2,1
61048,3,1,213977,213977,213978,0,1,1
61049,2,2,213979,213979,213981,0,2,1
61050,1,3,213980,213981,213984,1,4,0
61051,4,1,213984,213984,213985,0,1,0
61052,5,3,213989,213989,213992,0,3,4
61053,1,1,213990,213992,213993,2,3,0
61054,5,3,213995,213995,213998,0,3,2
61055,3,3,213998,213998,214001,0,3,0
61056,3,2,214001,214001,214003,0,2,0
61057,2,1,214003,214003,214004,0,1,0
61058,6,1,214009,214009,214010,0,1,5
61059,3,3,214012,214012,214015,0,3,2
61060,6,2,214018,214018,214020,0,2,3
61061,1,1,214019,214020,214021,1,2,0
61062,5,1,214024,214024,214025,0,1,3
61063,1,3,214025,214025,214028,0,3,0
61064,5,3,214030,214030,214033,0,3,2
61065,6,3,214036,214036,214039,0,3,3
61066,1,2,214037,214039,214041,2,4,0
61067,4,1,214041,214041,214042,0,1,0
61068,5,3,214046,214046,214049,0,3,4
61069,3,1,214049,214049,214050,0,1,0
61070,2,1,214051,214051,214052,0,1,1
61071,6,2,214057,214057,214059,0,2,5
61072,1,2,214058,214059,214061,1,3,0
61073,1,1,214059,214061,214062,2,3,0
61074,2,2,214061,214062,214064,1,3,0
61075,2,1,214063,214064,214065,1,2,0
61076,5,1,214068,214068,214069,0,1,3
61077,1,3,214069,214069,214072,0,3,0
61078,4,3,214073,214073,214076,0,3,1
61079,5,1,214078,214078,214079,0,1,2
61080,1,3,214079,214079,214082,0,3,0
61081,2,3,214081,214082,214085,1,4,0
61082,1,2,214082,214085,214087,3,5,0
61083,5,1,214087,214087,214088,0,1,0
61084,4,3,214091,214091,214094,0,3,3
61085,6,2,214097,214097,214099,0,2,3
61086,6,3,214103,214103,214106,0,3,4
61087,1,1,214104,214106,214107,2,3,0
61088,6,2,214110,214110,214112,0,2,3
61089,4,1,214114,214114,214115,0,1,2
61090,5,1,214119,214119,214120,0,1,4
61091,1,3,214120,214120,214123,0,3,0
61092,2,1,214122,214123,214124,1,2,0
61093,5,1,214127,214127,214128,0,1,3
61094,4,3,214131,214131,214134,0,3,3
61095,6,3,214137,214137,214140,0,3,3
61096,6,2,214143,214143,214145,0,2,3
61097,4,1,214147,214147,214148,0,1,2
61098,2,2,214149,214149,214151,0,2,1
61099,2,1,214151,214151,214152,0,1,0
61100,4,2,214155,214155,214157,0,2,3
61101,3,3,214158,214158,214161,0,3,1
61102,5,1,214163,214163,214164,0,1,2
61103,6,3,214169,214169,214172,0,3,5
61104,3,2,214172,214172,214174,0,2,0
61105,3,2,214175,214175,214177,0,2,1
61106,2,3,214177,214177,214180,0,3,0
61107,6,1,214183,214183,214184,0,1,3
61108,4,1,214187,214187,214188,0,1,3
61109,6,2,214193,214193,214195,0,2,5
61110,2,1,214195,214195,214196,0,1,0
61111,1,1,214196,214196,214197,0,1,0
61112,4,3,214200,214200,214203,0,3,3
61113,5,2,214205,214205,214207,0,2,2
61114,2,1,214207,214207,214208,0,1,0
61115,1,2,214208,214208,214210,0,2,0
61116,4,1,214212,214212,214213,0,1,2
61117,2,3,214214,214214,214217,0,3,1
61118,4,2,214218,214218,214220,0,2,1
61119,6,2,214224,214224,214226,0,2,4
61120,3,2,214227,214227,214229,0,2,1
61121,2,2,214229,214229,214231,0,2,0
61122,6,1,214235,214235,214236,0,1,4
61123,6,1,214241,214241,214242,0,1,5
61124,6,3,214247,214247,214250,0,3,5
61125,1,1,214248,214250,214251,2,3,0
61126,6,3,214254,214254,214257,0,3,3
61127,4,3,214258,214258,214261,0,3,1
61128,6,3,214264,214264,214267,0,3,3
61129,6,3,214270,214270,214273,0,3,3
61130,5,2,214275,214275,214277,0,2,2
61131,5,2,214280,214280,214282,0,2,3
61132,2,3,214282,214282,214285,0,3,0
61133,2,1,214284,214285,214286,1,2,0
61134,1,3,214285,214286,214289,1,4,0
61135,2,1,214287,214289,214290,2,3,0
61136,2,3,214289,214290,214293,1,4,0
61137,3,3,214292,214293,214296,1,4,0
61138,6,3,214298,214298,214301,0,3,2
61139,2,1,214300,214301,214302,1,2,0
61140,6,1,214306,214306,214307,0,1,4
61141,5,2,214311,214311,214313,0,2,4
61142,4,1,214315,214315,214316,0,1,2
61143,1,1,214316,214316,214317,0,1,0
61144,1,2,214317,214317,214319,0,2,0
61145,6,2,214323,214323,214325,0,2,4
61146,5,1,214328,214328,214329,0,1,3
61147,2,3,214330,214330,214333,0,3,1
61148,6,2,214336,214336,214338,0,2,3
61149,2,3,214338,214338,214341,0,3,0
61150,4,3,214342,214342,214345,0,3,1
61151,6,2,214348,214348,214350,0,2,3
61152,2,1,214350,214350,214351,0,1,0
61153,1,1,214351,214351,214352,0,1,0
61154,4,3,214355,214355,214358,0,3,3
61155,2,1,214357,214358,214359,1,2,0
61156,5,1,214362,214362,214363,0,1,3
61157,3,1,214365,214365,214366,0,1,2
61158,1,1,214366,214366,214367,0,1,0
61159,4,3,214370,214370,214373,0,3,3
61160,2,3,214372,214373,214376,1,4,0
61161,4,1,214376,214376,214377,0,1,0
61162,2,1,214378,214378,214379,0,1,1
61163,4,3,214382,214382,214385,0,3,3
61164,2,1,214384,214385,214386,1,2,0
61165,1,2,214385,214386,214388,1,3,0
61166,4,3,214389,214389,214392,0,3,1
61167,6,1,214395,214395,214396,0,1,3
61168,1,1,214396,214396,214397,0,1,0
61169,5,2,214401,214401,214403,0,2,4
61170,4,3,214405,214405,214408,0,3,2
61171,6,3,214411,214411,214414,0,3,3
61172,1,1,214412,214414,214415,2,3,0
61173,4,1,214416,214416,214417,0,1,1
61174,5,1,214421,214421,214422,0,1,4
61175,3,3,214424,214424,214427,0,3,2
61176,3,3,214427,214427,214430,0,3,0
61177,5,2,214432,214432,214434,0,2,2
61178,1,1,214433,214434,214435,1,2,0
61179,3,1,214436,214436,214437,0,1,1
61180,2,1,214438,214438,214439,0,1,1
61181,3,2,214441,214441,214443,0,2,2
61182,1,3,214442,214443,214446,1,4,0
61183,2,3,214444,214446,214449,2,5,0
61184,4,3,214448,214449,214452,1,4,0
61185,4,3,214452,214452,214455,0,3,0
61186,6,2,214458,214458,214460,0,2,3
61187,5,3,214463,214463,214466,0,3,3
61188,4,2,214467,214467,214469,0,2,1
61189,2,2,214469,214469,214471,0,2,0
61190,3,3,214472,214472,214475,0,3,1
61191,4,2,214476,214476,214478,0,2,1
61192,6,1,214482,214482,214483,0,1,4
61193,1,3,214483,214483,214486,0,3,0
61194,3,2,214486,214486,214488,0,2,0
61195,5,2,214491,214491,214493,0,2,3
61196,5,3,214496,214496,214499,0,3,3
61197,3,1,214499,214499,214500,0,1,0
61198,6,3,214505,214505,214508,0,3,5
61199,5,3,214510,214510,214513,0,3,2
61200,1,2,214511,214513,214515,2,4,0
61201,5,2,214516,214516,214518,0,2,1
61202,4,2,214520,214520,214522,0,2,2
61203,1,1,214521,214522,214523,1,2,0
61204,3,2,214524,214524,214526,0,2,1
61205,4,2,214528,214528,214530,0,2,2
61206,1,2,214529,214530,214532,1,3,0
61207,6,1,214535,214535,214536,0,1,3
61208,4,1,214539,214539,214540,0,1,3
61209,6,2,214545,214545,214547,0,2,5
61210,1,2,214546,214547,214549,1,3,0
61211,3,1,214549,214549,214550,0,1,0
61212,3,3,214552,214552,214555,0,3,2
61213,5,1,214557,214557,214558,0,1,2
61214,4,2,214561,214561,214563,0,2,3
61215,3,3,214564,214564,214567,0,3,1
61216,1,1,214565,214567,214568,2,3,0
61217,6,2,214571,214571,214573,0,2,3
61218,2,2,214573,214573,214575,0,2,0
61219,6,1,214579,214579,214580,0,1,4
61220,2,2,214581,214581,214583,0,2,1
61221,3,1,214584,214584,214585,0,1,1
61222,5,1,214589,214589,214590,0,1,4
61223,6,3,214595,214595,214598,0,3,5
61224,3,1,214598,214598,214599,0,1,0
61225,6,2,214604,214604,214606,0,2,5
61226,6,3,214610,214610,214613,0,3,4
61227,2,2,214612,214613,214615,1,3,0
61228,6,1,214618,214618,214619,0,1,3
61229,2,3,214620,214620,214623,0,3,1
61230,2,3,214622,214623,214626,1,4,0
61231,1,2,214623,214626,214628,3,5,0
61232,6,2,214629,214629,214631,0,2,1
61233,1,2,214630,214631,214633,1,3,0
61234,5,2,214635,214635,214637,0,2,2
61235,3,2,214638,214638,214640,0,2,1
61236,5,3,214643,214643,214646,0,3,3
61237,4,3,214647,214647,214650,0,3,1
61238,5,3,214652,214652,214655,0,3,2
61239,4,2,214656,214656,214658,0,2,1
61240,1,3,214657,214658,214661,1,4,0
61241,1,3,214658,214661,214664,3,6,0
61242,5,3,214663,214664,214667,1,4,0
61243,1,1,214664,214667,214668,3,4,0
61244,1,1,214665,214668,214669,3,4,0
61245,6,2,214671,214671,214673,0,2,2
61246,1,3,214672,214673,214676,1,4,0
61247,4,2,214676,214676,214678,0,2,0
61248,4,1,214680,214680,214681,0,1,2
61249,2,2,214682,214682,214684,0,2,1
61250,3,3,214685,214685,214688,0,3,1
61251,3,3,214688,214688,214691,0,3,0
61252,1,1,214689,214691,214692,2,3,0
61253,3,2,214692,214692,214694,0,2,0
61254,5,1,214697,214697,214698,0,1,3
61255,5,1,214702,214702,214703,0,1,4
61256,3,2,214705,214705,214707,0,2,2
61257,3,3,214708,214708,214711,0,3,1
61258,4,1,214712,214712,214713,0,1,1
61259,5,3,214717,214717,214720,0,3,4
61260,5,1,214722,214722,214723,0,1,2
61261,5,1,214727,214727,214728,0,1,4
61262,6,2,214733,214733,214735,0,2,5
61263,1,3,214734,214735,214738,1,4,0
61264,6,3,214740,214740,214743,0,3,2
61265,1,1,214741,214743,214744,2,3,0
61266,3,2,214744,214744,214746,0,2,0
61267,2,2,214746,214746,214748,0,2,0
61268,1,2,214747,214748,214750,1,3,0
61269,2,1,214749,214750,214751,1,2,0
61270,2,2,214751,214751,214753,0,2,0
61271,3,3,214754,214754,214757,0,3,1
61272,5,2,214759,214759,214761,0,2,2
61273,3,1,214762,214762,214763,0,1,1
61274,4,1,214766,214766,214767,0,1,3
61275,6,2,214772,214772,214774,0,2,5
61276,4,2,214776,214776,214778,0,2,2
61277,5,2,214781,214781,214783,0,2,3
61278,4,1,214785,214785,214786,0,1,2
61279,4,3,214789,214789,214792,0,3,3
61280,5,3,214794,214794,214797,0,3,2
61281,5,3,214799,214799,214802,0,3,2
61282,2,2,214801,214802,214804,1,3,0
61283,5,2,214806,214806,214808,0,2,2
61284,5,1,214811,214811,214812,0,1,3
61285,2,3,214813,214813,214816,0,3,1
61286,6,2,214819,214819,214821,0,2,3
61287,3,1,214822,214822,214823,0,1,1
61288,2,1,214824,214824,214825,0,1,1
61289,1,2,214825,214825,214827,0,2,0
61290,5,1,214830,214830,214831,0,1,3
61291,1,2,214831,214831,214833,0,2,0
61292,1,3,214832,214833,214836,1,4,0
61293,1,2,214833,214836,214838,3,5,0
61294,4,1,214837,214838,214839,1,2,0
61295,5,1,214842,214842,214843,0,1,3
61296,5,3,214847,214847,214850,0,3,4
61297,4,2,214851,214851,214853,0,2,1
61298,1,3,214852,214853,214856,1,4,0
61299,3,3,214855,214856,214859,1,4,0
61300,4,1,214859,214859,214860,0,1,0
61301,2,3,214861,214861,214864,0,3,1
61302,5,1,214866,214866,214867,0,1,2
61303,4,3,214870,214870,214873,0,3,3
61304,5,3,214875,214875,214878,0,3,2
61305,4,2,214879,214879,214881,0,2,1
61306,6,3,214885,214885,214888,0,3,4
61307,4,1,214889,214889,214890,0,1,1
61308,2,3,214891,214891,214894,0,3,1
61309,1,1,214892,214894,214895,2,3,0
61310,1,1,214893,214895,214896,2,3,0
61311,2,1,214895,214896,214897,1,2,0
61312,6,2,214901,214901,214903,0,2,4
61313,6,1,214907,214907,214908,0,1,4
61314,2,1,214909,214909,214910,0,1,1
61315,4,3,214913,214913,214916,0,3,3
61316,4,3,214917,214917,214920,0,3,1
61317,3,2,214920,214920,214922,0,2,0
61318,4,3,214924,214924,214927,0,3,2
61319,6,2,214930,214930,214932,0,2,3
61320,6,2,214936,214936,214938,0,2,4
61321,6,2,214942,214942,214944,0,2,4
61322,2,3,214944,214944,214947,0,3,0
61323,3,1,214947,214947,214948,0,1,0
61324,3,3,214950,214950,214953,0,3,2
61325,2,3,214952,214953,214956,1,4,0
61326,4,3,214956,214956,214959,0,3,0
61327,5,2,214961,214961,214963,0,2,2
61328,6,2,214967,214967,214969,0,2,4
61329,3,2,214970,214970,214972,0,2,1
61330,4,3,214974,214974,214977,0,3,2
61331,1,1,214975,214977,214978,2,3,0
61332,2,3,214977,214978,214981,1,4,0
61333,2,3,214979,214981,214984,2,5,0
61334,1,3,214980,214984,214987,4,7,0
61335,3,2,214983,214987,214989,4,6,0
61336,1,3,214984,214989,214992,5,8,0
61337,5,1,214989,214992,214993,3,4,0
61338,5,2,214994,214994,214996,0,2,1
61339,2,1,214996,214996,214997,0,1,0
61340,6,2,215002,215002,215004,0,2,5
61341,6,2,215008,215008,215010,0,2,4
61342,6,1,215014,215014,215015,0,1,4
61343,6,3,215020,215020,215023,0,3,5
61344,1,3,215021,215023,215026,2,5,0
61345,1,1,215022,215026,215027,4,5,0
61346,6,3,215028,215028,215031,0,3,1
61347,3,1,215031,215031,215032,0,1,0
61348,4,3,215035,215035,215038,0,3,3
61349,6,3,215041,215041,215044,0,3,3
61350,4,1,215045,215045,215046,0,1,1
61351,3,1,215048,215048,215049,0,1,2
61352,6,1,215054,215054,215055,0,1,5
61353,6,2,215060,215060,215062,0,2,5
61354,2,2,215062,215062,215064,0,2,0
61355,1,2,215063,215064,215066,1,3,0
61356,5,3,215068,215068,215071,0,3,2
61357,5,1,215073,215073,215074,0,1,2
61358,2,1,215075,215075,215076,0,1,1
61359,6,3,215081,215081,215084,0,3,5
61360,1,2,215082,215084,215086,2,4,0
61361,2,2,215084,215086,215088,2,4,0
61362,5,3,215089,215089,215092,0,3,1
61363,6,1,215095,215095,215096,0,1,3
61364,2,1,215097,215097,215098,0,1,1
61365,6,3,215103,215103,215106,0,3,5
61366,2,2,215105,215106,215108,1,3,0
61367,1,1,215106,215108,215109,2,3,0
61368,3,2,215109,215109,215111,0,2,0
61369,2,1,215111,215111,215112,0,1,0
61370,3,3,215114,215114,215117,0,3,2
61371,6,1,215120,215120,215121,0,1,3
61372,4,1,215124,215124,215125,0,1,3
61373,3,1,215127,215127,215128,0,1,2
61374,2,2,215129,215129,215131,0,2,1
61375,5,1,215134,215134,215135,0,1,3
61376,4,3,215138,215138,215141,0,3,3
61377,5,1,215143,215143,215144,0,1,2
61378,5,1,215148,215148,215149,0,1,4
61379,5,2,215153,215153,215155,0,2,4
61380,2,1,215155,215155,215156,0,1,0
61381,3,1,215158,215158,215159,0,1,2
61382,2,1,215160,215160,215161,0,1,1
61383,2,2,215162,215162,215164,0,2,1
61384,1,1,215163,215164,215165,1,2,0
61385,4,1,215167,215167,215168,0,1,2
61386,3,3,215170,215170,215173,0,3,2
61387,3,1,215173,215173,215174,0,1,0
61388,6,2,215179,215179,215181,0,2,5
61389,4,1,215183,215183,215184,0,1,2
61390,5,1,215188,215188,215189,0,1,4
61391,3,1,215191,215191,215192,0,1,2
61392,5,3,215196,215196,215199,0,3,4
61393,2,2,215198,215199,215201,1,3,0
61394,5,2,215203,215203,215205,0,2,2
61395,6,2,215209,215209,215211,0,2,4
61396,2,1,215211,215211,215212,0,1,0
61397,2,2,215213,215213,215215,0,2,1
61398,5,3,215218,215218,215221,0,3,3
61399,6,2,215224,215224,215226,0,2,3
61400,3,3,215227,215227,215230,0,3,1
61401,5,3,215232,215232,215235,0,3,2
61402,4,3,215236,215236,215239,0,3,1
61403,6,2,215242,215242,215244,0,2,3
61404,6,1,215248,215248,215249,0,1,4
61405,3,3,215251,215251,215254,0,3,2
61406,2,1,215253,215254,215255,1,2,0
61407,6,1,215259,215259,215260,0,1,4
61408,2,3,215261,215261,215264,0,3,1
61409,5,3,215266,215266,215269,0,3,2
61410,6,1,215272,215272,215273,0,1,3
61411,1,1,215273,215273,215274,0,1,0
61412,2,2,215275,215275,215277,0,2,1
61413,5,3,215280,215280,215283,0,3,3
61414,2,3,215282,215283,215286,1,4,0
61415,5,2,215287,215287,215289,0,2,1
61416,6,3,215293,215293,215296,0,3,4
61417,2,3,215295,215296,215299,1,4,0
61418,4,1,215299,215299,215300,0,1,0
61419,4,3,215303,215303,215306,0,3,3
61420,3,2,215306,215306,215308,0,2,0
61421,3,3,215309,215309,215312,0,3,1
61422,3,1,215312,215312,215313,0,1,0
61423,1,2,215313,215313,215315,0,2,0
61424,1,1,215314,215315,215316,1,2,0
61425,3,3,215317,215317,215320,0,3,1
61426,5,3,215322,215322,215325,0,3,2
61427,2,2,215324,215325,215327,1,3,0
61428,6,3,215330,215330,215333,0,3,3
61429,3,3,215333,215333,215336,0,3,0
61430,3,2,215336,215336,215338,0,2,0
61431,3,3,215339,215339,215342,0,3,1
61432,6,3,215345,215345,215348,0,3,3
61433,2,1,215347,215348,215349,1,2,0
61434,4,3,215351,215351,215354,0,3,2
61435,6,1,215357,215357,215358,0,1,3
61436,1,3,215358,215358,215361,0,3,0
61437,2,3,215360,215361,215364,1,4,0
61438,4,3,215364,215364,215367,0,3,0
61439,2,1,215366,215367,215368,1,2,0
61440,6,1,215372,215372,215373,0,1,4
61441,1,3,215373,215373,215376,0,3,0
61442,1,2,215374,215376,215378,2,4,0
61443,4,3,215378,215378,215381,0,3,0
61444,3,1,215381,215381,215382,0,1,0
61445,5,1,215386,215386,215387,0,1,4
61446,1,3,215387,215387,215390,0,3,0
61447,4,3,215391,215391,215394,0,3,1
61448,5,1,215396,215396,215397,0,1,2
61449,2,3,215398,215398,215401,0,3,1
61450,5,2,215403,215403,215405,0,2,2
61451,6,1,215409,215409,215410,0,1,4
61452,4,3,215413,215413,215416,0,3,3
61453,4,2,215417,215417,215419,0,2,1
61454,2,3,215419,215419,215422,0,3,0
61455,6,2,215425,215425,215427,0,2,3
61456,2,2,215427,215427,215429,0,2,0
61457,5,3,215432,215432,215435,0,3,3
61458,5,3,215437,215437,215440,0,3,2
61459,6,1,215443,215443,215444,0,1,3
61460,4,3,215447,215447,215450,0,3,3
61461,4,3,215451,215451,215454,0,3,1
61462,1,1,215452,215454,215455,2,3,0
61463,2,2,215454,215455,215457,1,3,0
61464,3,2,215457,215457,215459,0,2,0
61465,2,2,215459,215459,215461,0,2,0
61466,1,3,215460,215461,215464,1,4,0
61467,3,3,215463,215464,215467,1,4,0
61468,5,2,215468,215468,215470,0,2,1
61469,4,1,215472,215472,215473,0,1,2
61470,5,2,215477,215477,215479,0,2,4
61471,5,1,215482,215482,215483,0,1,3
61472,5,3,215487,215487,215490,0,3,4
61473,6,2,215493,215493,215495,0,2,3
61474,2,2,215495,215495,215497,0,2,0
61475,2,1,215497,215497,215498,0,1,0
61476,5,1,215502,215502,215503,0,1,4
61477,6,3,215508,215508,215511,0,3,5
61478,4,2,215512,215512,215514,0,2,1
61479,6,1,215518,215518,215519,0,1,4
61480,1,2,215519,215519,215521,0,2,0
61481,1,1,215520,215521,215522,1,2,0
61482,1,1,215521,215522,215523,1,2,0
61483,3,1,215524,215524,215525,0,1,1
61484,2,3,215526,215526,215529,0,3,1
61485,5,2,215531,215531,215533,0,2,2
61486,5,2,215536,215536,215538,0,2,3
61487,4,2,215540,215540,215542,0,2,2
61488,2,1,215542,215542,215543,0,1,0
61489,6,2,215548,215548,215550,0,2,5
61490,6,2,215554,215554,215556,0,2,4
61491,5,2,215559,215559,215561,0,2,3
61492,1,3,215560,215561,215564,1,4,0
61493,6,2,215566,215566,215568,0,2,2
61494,2,3,215568,215568,215571,0,3,0
61495,1,1,215569,215571,215572,2,3,0
61496,1,3,215570,215572,215575,2,5,0
61497,3,1,215573,215575,215576,2,3,0
61498,2,1,215575,215576,215577,1,2,0
61499,4,2,215579,215579,215581,0,2,2
61500,1,3,215580,215581,215584,1,4,0
61501,5,1,215585,215585,215586,0,1,1
61502,4,3,215589,215589,215592,0,3,3
61503,1,2,215590,215592,215594,2,4,0
61504,4,1,215594,215594,215595,0,1,0
61505,2,3,215596,215596,215599,0,3,1
61506,2,2,215598,215599,215601,1,3,0
61507,4,2,215602,215602,215604,0,2,1
61508,5,1,215607,215607,215608,0,1,3
61509,5,3,215612,215612,215615,0,3,4
61510,6,3,215618,215618,215621,0,3,3
61511,1,2,215619,215621,215623,2,4,0
61512,2,1,215621,215623,215624,2,3,0
61513,1,1,215622,215624,215625,2,3,0
61514,3,3,215625,215625,215628,0,3,0
61515,5,1,215630,215630,215631,0,1,2
61516,6,3,215636,215636,215639,0,3,5
61517,4,3,215640,215640,215643,0,3,1
61518,3,1,215643,215643,215644,0,1,0
61519,2,3,215645,215645,215648,0,3,1
61520,1,2,215646,215648,215650,2,4,0
61521,2,2,215648,215650,215652,2,4,0
61522,2,3,215650,215652,215655,2,5,0
61523,2,2,215652,215655,215657,3,5,0
61524,1,3,215653,215657,215660,4,7,0
61525,2,2,215655,215660,215662,5,7,0
61526,3,1,215658,215662,215663,4,5,0
61527,1,2,215659,215663,215665,4,6,0
61528,3,1,215662,215665,215666,3,4,0
61529,1,3,215663,215666,215669,3,6,0
61530,4,2,215667,215669,215671,2,4,0
61531,4,1,215671,215671,215672,0,1,0
61532,1,1,215672,215672,215673,0,1,0
61533,3,2,215675,215675,215677,0,2,2
61534,2,2,215677,215677,215679,0,2,0
61535,5,2,215682,215682,215684,0,2,3
61536,5,1,215687,215687,215688,0,1,3
61537,3,1,215690,215690,215691,0,1,2
61538,3,1,215693,215693,215694,0,1,2
61539,1,2,215694,215694,215696,0,2,0
61540,5,2,215699,215699,215701,0,2,3
61541,4,1,215703,215703,215704,0,1,2
61542,4,1,215707,215707,215708,0,1,3
61543,2,3,215709,215709,215712,0,3,1
61544,2,1,215711,215712,215713,1,2,0
61545,1,1,215712,215713,215714,1,2,0
61546,4,3,215716,215716,215719,0,3,2
61547,4,3,215720,215720,215723,0,3,1
61548,4,2,215724,215724,215726,0,2,1
61549,2,1,215726,215726,215727,0,1,0
61550,3,1,215729,215729,215730,0,1,2
61551,6,3,215735,215735,215738,0,3,5
61552,5,1,215740,215740,215741,0,1,2
61553,4,3,215744,215744,215747,0,3,3
61554,4,1,215748,215748,215749,0,1,1
61555,4,1,215752,215752,215753,0,1,3
61556,6,1,215758,215758,215759,0,1,5
61557,4,2,215762,215762,215764,0,2,3
61558,3,1,215765,215765,215766,0,1,1
61559,4,1,215769,215769,215770,0,1,3
61560,3,2,215772,215772,215774,0,2,2
61561,1,2,215773,215774,215776,1,3,0
61562,2,1,215775,215776,215777,1,2,0
61563,2,1,215777,215777,215778,0,1,0
61564,5,2,215782,215782,215784,0,2,4
61565,6,2,215788,215788,215790,0,2,4
61566,4,1,215792,215792,215793,0,1,2
61567,1,1,215793,215793,215794,0,1,0
61568,6,3,215799,215799,215802,0,3,5
61569,5,2,215804,215804,215806,0,2,2
61570,2,1,215806,215806,215807,0,1,0
61571,6,1,215812,215812,215813,0,1,5
61572,2,2,215814,215814,215816,0,2,1
61573,1,2,215815,215816,215818,1,3,0
61574,2,1,215817,215818,215819,1,2,0
61575,6,2,215823,215823,215825,0,2,4
61576,1,2,215824,215825,215827,1,3,0
61577,3,3,215827,215827,215830,0,3,0
61578,5,3,215832,215832,215835,0,3,2
61579,4,3,215836,215836,215839,0,3,1
61580,4,1,215840,215840,215841,0,1,1
61581,4,2,215844,215844,215846,0,2,3
61582,3,1,215847,215847,215848,0,1,1
61583,1,2,215848,215848,215850,0,2,0
61584,1,1,215849,215850,215851,1,2,0
61585,4,3,215853,215853,215856,0,3,2
61586,4,1,215857,215857,215858,0,1,1
61587,3,1,215860,215860,215861,0,1,2
61588,2,3,215862,215862,215865,0,3,1
61589,6,3,215868,215868,215871,0,3,3
61590,4,1,215872,215872,215873,0,1,1
61591,4,3,215876,215876,215879,0,3,3
61592,1,1,215877,215879,215880,2,3,0
61593,1,1,215878,215880,215881,2,3,0
61594,2,1,215880,215881,215882,1,2,0
61595,4,3,215884,215884,215887,0,3,2
61596,4,2,215888,215888,215890,0,2,1
61597,2,1,215890,215890,215891,0,1,0
61598,2,2,215892,215892,215894,0,2,1
61599,3,2,215895,215895,215897,0,2,1
61600,3,3,215898,215898,215901,0,3,1
61601,6,3,215904,215904,215907,0,3,3
61602,1,1,215905,215907,215908,2,3,0
61603,6,2,215911,215911,215913,0,2,3
61604,1,3,215912,215913,215916,1,4,0
61605,1,1,215913,215916,215917,3,4,0
61606,1,3,215914,215917,215920,3,6,0
61607,5,2,215919,215920,215922,1,3,0
61608,3,3,215922,215922,215925,0,3,0
61609,5,2,215927,215927,215929,0,2,2
61610,4,1,215931,215931,215932,0,1,2
61611,5,2,215936,215936,215938,0,2,4
61612,6,2,215942,215942,215944,0,2,4
61613,5,3,215947,215947,215950,0,3,3
61614,3,1,215950,215950,215951,0,1,0
61615,2,2,215952,215952,215954,0,2,1
61616,5,1,215957,215957,215958,0,1,3
61617,4,2,215961,215961,215963,0,2,3
61618,4,2,215965,215965,215967,0,2,2
61619,5,2,215970,215970,215972,0,2,3
61620,1,2,215971,215972,215974,1,3,0
61621,4,2,215975,215975,215977,0,2,1
61622,1,2,215976,215977,215979,1,3,0
61623,6,3,215982,215982,215985,0,3,3
61624,6,2,215988,215988,215990,0,2,3
61625,2,1,215990,215990,215991,0,1,0
61626,5,1,215995,215995,215996,0,1,4
61627,6,3,216001,216001,216004,0,3,5
61628,2,2,216003,216004,216006,1,3,0
61629,3,1,216006,216006,216007,0,1,0
61630,4,1,216010,216010,216011,0,1,3
61631,6,3,216016,216016,216019,0,3,5
61632,6,3,216022,216022,216025,0,3,3
61633,1,3,216023,216025,216028,2,5,0
61634,2,1,216025,216028,216029,3,4,0
61635,5,3,216030,216030,216033,0,3,1
61636,6,1,216036,216036,216037,0,1,3
61637,4,3,216040,216040,216043,0,3,3
61638,3,3,216043,216043,216046,0,3,0
61639,3,2,216046,216046,216048,0,2,0
61640,3,3,216049,216049,216052,0,3,1
61641,1,1,216050,216052,216053,2,3,0
61642,3,2,216053,216053,216055,0,2,0
61643,4,1,216057,216057,216058,0,1,2
61644,6,2,216063,216063,216065,0,2,5
61645,4,3,216067,216067,216070,0,3,2
61646,1,1,216068,216070,216071,2,3,0
61647,6,2,216074,216074,216076,0,2,3
61648,6,2,216080,216080,216082,0,2,4
61649,4,3,216084,216084,216087,0,3,2
61650,1,3,216085,216087,216090,2,5,0
61651,1,3,216086,216090,216093,4,7,0
61652,6,1,216092,216093,216094,1,2,0
61653,3,2,216095,216095,216097,0,2,1
61654,6,3,216101,216101,216104,0,3,4
61655,1,1,216102,216104,216105,2,3,0
61656,2,3,216104,216105,216108,1,4,0
61657,3,3,216107,216108,216111,1,4,0
61658,3,1,216110,216111,216112,1,2,0
61659,5,1,216115,216115,216116,0,1,3
61660,4,3,216119,216119,216122,0,3,3
61661,6,2,216125,216125,216127,0,2,3
61662,2,2,216127,216127,216129,0,2,0
61663,4,3,216131,216131,216134,0,3,2
61664,6,1,216137,216137,216138,0,1,3
61665,2,2,216139,216139,216141,0,2,1
61666,6,2,216145,216145,216147,0,2,4
61667,2,1,216147,216147,216148,0,1,0
61668,1,2,216148,216148,216150,0,2,0
61669,5,2,216153,216153,216155,0,2,3
61670,3,3,216156,216156,216159,0,3,1
61671,6,1,216162,216162,216163,0,1,3
61672,2,2,216164,216164,216166,0,2,1
61673,5,3,216169,216169,216172,0,3,3
61674,1,2,216170,216172,216174,2,4,0
61675,2,2,216172,216174,216176,2,4,0
61676,5,2,216177,216177,216179,0,2,1
61677,6,2,216183,216183,216185,0,2,4
61678,5,3,216188,216188,216191,0,3,3
61679,2,3,216190,216191,216194,1,4,0
61680,1,3,216191,216194,216197,3,6,0
61681,2,3,216193,216197,216200,4,7,0
61682,3,3,216196,216200,216203,4,7,0
61683,5,3,216201,216203,216206,2,5,0
61684,3,3,216204,216206,216209,2,5,0
61685,2,1,216206,216209,216210,3,4,0
61686,1,3,216207,216210,216213,3,6,0
61687,1,1,216208,216213,216214,5,6,0
61688,3,3,216211,216214,216217,3,6,0
61689,2,1,216213,216217,216218,4,5,0
61690,6,1,216219,216219,216220,0,1,1
61691,2,3,216221,216221,216224,0,3,1
61692,1,3,216222,216224,216227,2,5,0
61693,2,3,216224,216227,216230,3,6,0
61694,1,2,216225,216230,216232,5,7,0
61695,6,1,216231,216232,216233,1,2,0
61696,3,2,216234,216234,216236,0,2,1
61697,4,2,216238,216238,216240,0,2,2
61698,2,2,216240,216240,216242,0,2,0
61699,2,2,216242,216242,216244,0,2,0
61700,3,1,216245,216245,216246,0,1,1
61701,4,3,216249,216249,216252,0,3,3
61702,2,3,216251,216252,216255,1,4,0
61703,5,2,216256,216256,216258,0,2,1
61704,6,2,216262,216262,216264,0,2,4
61705,3,2,216265,216265,216267,0,2,1
61706,4,3,216269,216269,216272,0,3,2
61707,5,3,216274,216274,216277,0,3,2
61708,2,1,216276,216277,216278,1,2,0
61709,2,1,216278,216278,216279,0,1,0
61710,6,1,216284,216284,216285,0,1,5
61711,5,1,216289,216289,216290,0,1,4
61712,1,1,216290,216290,216291,0,1,0
61713,5,3,216295,216295,216298,0,3,4
61714,1,2,216296,216298,216300,2,4,0
61715,4,2,216300,216300,216302,0,2,0
61716,3,1,216303,216303,216304,0,1,1
61717,6,3,216309,216309,216312,0,3,5
61718,5,1,216314,216314,216315,0,1,2
61719,2,2,216316,216316,216318,0,2,1
61720,2,2,216318,216318,216320,0,2,0
61721,5,3,216323,216323,216326,0,3,3
61722,6,1,216329,216329,216330,0,1,3
61723,4,3,216333,216333,216336,0,3,3
61724,3,2,216336,216336,216338,0,2,0
61725,1,3,216337,216338,216341,1,4,0
61726,4,3,216341,216341,216344,0,3,0
61727,3,3,216344,216344,216347,0,3,0
61728,4,3,216348,216348,216351,0,3,1
61729,3,1,216351,216351,216352,0,1,0
61730,2,3,216353,216353,216356,0,3,1
61731,3,2,216356,216356,216358,0,2,0
61732,3,2,216359,216359,216361,0,2,1
61733,3,1,216362,216362,216363,0,1,1
61734,5,1,216367,216367,216368,0,1,4
61735,6,2,216373,216373,216375,0,2,5
61736,2,2,216375,216375,216377,0,2,0
61737,3,2,216378,216378,216380,0,2,1
61738,2,1,216380,216380,216381,0,1,0
61739,1,2,216381,216381,216383,0,2,0
61740,4,2,216385,216385,216387,0,2,2
61741,1,2,216386,216387,216389,1,3,0
61742,3,3,216389,216389,216392,0,3,0
61743,1,3,216390,216392,216395,2,5,0
61744,2,2,216392,216395,216397,3,5,0
61745,5,2,216397,216397,216399,0,2,0
61746,3,2,216400,216400,216402,0,2,1
61747,4,3,216404,216404,216407,0,3,2
61748,4,2,216408,216408,216410,0,2,1
61749,3,3,216411,216411,216414,0,3,1
61750,5,2,216416,216416,216418,0,2,2
61751,6,1,216422,216422,216423,0,1,4
61752,5,1,216427,216427,216428,0,1,4
61753,4,3,216431,216431,216434,0,3,3
61754,4,3,216435,216435,216438,0,3,1
61755,2,2,216437,216438,216440,1,3,0
61756,4,3,216441,216441,216444,0,3,1
61757,3,3,216444,216444,216447,0,3,0
61758,6,2,216450,216450,216452,0,2,3
61759,4,1,216454,216454,216455,0,1,2
61760,1,1,216455,216455,216456,0,1,0
61761,6,1,216461,216461,216462,0,1,5
61762,4,3,216465,216465,216468,0,3,3
61763,2,3,216467,216468,216471,1,4,0
61764,6,1,216473,216473,216474,0,1,2
61765,4,3,216477,216477,216480,0,3,3
61766,3,2,216480,216480,216482,0,2,0
61767,6,1,216486,216486,216487,0,1,4
61768,5,1,216491,216491,216492,0,1,4
61769,4,1,216495,216495,216496,0,1,3
61770,6,3,216501,216501,216504,0,3,5
61771,4,3,216505,216505,216508,0,3,1
61772,1,1,216506,216508,216509,2,3,0
61773,4,2,216510,216510,216512,0,2,1
61774,6,3,216516,216516,216519,0,3,4
61775,5,1,216521,216521,216522,0,1,2
61776,1,1,216522,216522,216523,0,1,0
61777,2,1,216524,216524,216525,0,1,1
61778,1,3,216525,216525,216528,0,3,0
61779,3,3,216528,216528,216531,0,3,0
61780,3,3,216531,216531,216534,0,3,0
61781,6,3,216537,216537,216540,0,3,3
61782,4,2,216541,216541,216543,0,2,1
61783,5,2,216546,216546,216548,0,2,3
61784,6,2,216552,216552,216554,0,2,4
61785,6,2,216558,216558,216560,0,2,4
61786,5,2,216563,216563,216565,0,2,3
61787,6,3,216569,216569,216572,0,3,4
61788,3,2,216572,216572,216574,0,2,0
61789,2,1,216574,216574,216575,0,1,0
61790,1,1,216575,216575,216576,0,1,0
61791,1,2,216576,216576,216578,0,2,0
61792,4,3,216580,216580,216583,0,3,2
61793,2,1,216582,216583,216584,1,2,0
61794,6,3,216588,216588,216591,0,3,4
61795,3,3,216591,216591,216594,0,3,0
61796,4,1,216595,216595,216596,0,1,1
61797,1,3,216596,216596,216599,0,3,0
61798,4,3,216600,216600,216603,0,3,1
61799,1,2,216601,216603,216605,2,4,0
61800,2,1,216603,216605,216606,2,3,0
61801,4,2,216607,216607,216609,0,2,1
61802,4,1,216611,216611,216612,0,1,2
61803,3,2,216614,216614,216616,0,2,2
61804,2,2,216616,216616,216618,0,2,0
61805,3,3,216619,216619,216622,0,3,1
61806,2,2,216621,216622,216624,1,3,0
61807,5,3,216626,216626,216629,0,3,2
61808,3,3,216629,216629,216632,0,3,0
61809,3,1,216632,216632,216633,0,1,0
61810,2,3,216634,216634,216637,0,3,1
61811,5,3,216639,216639,216642,0,3,2
61812,5,2,216644,216644,216646,0,2,2
61813,1,2,216645,216646,216648,1,3,0
61814,4,2,216649,216649,216651,0,2,1
61815,1,2,216650,216651,216653,1,3,0
61816,6,2,216656,216656,216658,0,2,3
61817,4,3,216660,216660,216663,0,3,2
61818,4,1,216664,216664,216665,0,1,1
61819,5,2,216669,216669,216671,0,2,4
61820,2,2,216671,216671,216673,0,2,0
61821,4,1,216675,216675,216676,0,1,2
61822,2,3,216677,216677,216680,0,3,1
61823,3,3,216680,216680,216683,0,3,0
61824,2,1,216682,216683,216684,1,2,0
61825,3,2,216685,216685,216687,0,2,1
61826,3,3,216688,216688,216691,0,3,1
61827,5,1,216693,216693,216694,0,1,2
61828,3,2,216696,216696,216698,0,2,2
61829,6,2,216702,216702,216704,0,2,4
61830,4,1,216706,216706,216707,0,1,2
61831,1,3,216707,216707,216710,0,3,0
61832,4,2,216711,216711,216713,0,2,1
61833,5,2,216716,216716,216718,0,2,3
61834,5,3,216721,216721,216724,0,3,3
61835,6,2,216727,216727,216729,0,2,3
61836,4,2,216731,216731,216733,0,2,2
61837,2,2,216733,216733,216735,0,2,0
61838,2,1,216735,216735,216736,0,1,0
61839,4,3,216739,216739,216742,0,3,3
61840,3,1,216742,216742,216743,0,1,0
61841,6,1,216748,216748,216749,0,1,5
61842,1,1,216749,216749,216750,0,1,0
61843,4,1,216753,216753,216754,0,1,3
61844,2,3,216755,216755,216758,0,3,1
61845,1,2,216756,216758,216760,2,4,0
61846,3,2,216759,216760,216762,1,3,0
61847,1,2,216760,216762,216764,2,4,0
61848,2,3,216762,216764,216767,2,5,0
61849,1,2,216763,216767,216769,4,6,0
61850,4,2,216767,216769,216771,2,4,0
61851,6,2,216773,216773,216775,0,2,2
61852,5,1,216778,216778,216779,0,1,3
61853,3,1,216781,216781,216782,0,1,2
61854,1,3,216782,216782,216785,0,3,0
61855,1,3,216783,216785,216788,2,5,0
61856,5,2,216788,216788,216790,0,2,0
61857,5,3,216793,216793,216796,0,3,3
61858,5,3,216798,216798,216801,0,3,2
61859,2,1,216800,216801,216802,1,2,0
61860,1,3,216801,216802,216805,1,4,0
61861,5,3,216806,216806,216809,0,3,1
61862,6,3,216812,216812,216815,0,3,3
61863,5,1,216817,216817,216818,0,1,2
61864,6,3,216823,216823,216826,0,3,5
61865,5,3,216828,216828,216831,0,3,2
61866,1,2,216829,216831,216833,2,4,0
61867,5,3,216834,216834,216837,0,3,1
61868,1,3,216835,216837,216840,2,5,0
61869,2,2,216837,216840,216842,3,5,0
61870,2,2,216839,216842,216844,3,5,0
61871,4,2,216843,216844,216846,1,3,0
61872,5,1,216848,216848,216849,0,1,2
61873,2,2,216850,216850,216852,0,2,1
61874,1,3,216851,216852,216855,1,4,0
61875,5,1,216856,216856,216857,0,1,1
61876,3,1,216859,216859,216860,0,1,2
61877,2,2,216861,216861,216863,0,2,1
61878,6,2,216867,216867,216869,0,2,4
61879,4,2,216871,216871,216873,0,2,2
61880,3,1,216874,216874,216875,0,1,1
61881,4,1,216878,216878,216879,0,1,3
61882,2,1,216880,216880,216881,0,1,1
61883,6,2,216886,216886,216888,0,2,5
61884,6,3,216892,216892,216895,0,3,4
61885,3,3,216895,216895,216898,0,3,0
61886,3,2,216898,216898,216900,0,2,0
61887,2,3,216900,216900,216903,0,3,0
61888,5,3,216905,216905,216908,0,3,2
61889,5,3,216910,216910,216913,0,3,2
61890,3,3,216913,216913,216916,0,3,0
61891,1,3,216914,216916,216919,2,5,0
61892,2,1,216916,216919,216920,3,4,0
61893,5,3,216921,216921,216924,0,3,1
61894,6,3,216927,216927,216930,0,3,3
61895,3,1,216930,216930,216931,0,1,0
61896,6,1,216936,216936,216937,0,1,5
61897,5,1,216941,216941,216942,0,1,4
61898,1,3,216942,216942,216945,0,3,0
61899,6,1,216948,216948,216949,0,1,3
61900,2,3,216950,216950,216953,0,3,1
61901,1,3,216951,216953,216956,2,5,0
61902,5,2,216956,216956,216958,0,2,0
61903,2,3,216958,216958,216961,0,3,0
61904,3,3,216961,216961,216964,0,3,0
61905,6,3,216967,216967,216970,0,3,3
61906,4,1,216971,216971,216972,0,1,1
61907,1,2,216972,216972,216974,0,2,0
61908,2,1,216974,216974,216975,0,1,0
61909,3,3,216977,216977,216980,0,3,2
61910,4,3,216981,216981,216984,0,3,1
61911,4,1,216985,216985,216986,0,1,1
61912,6,2,216991,216991,216993,0,2,5
61913,2,1,216993,216993,216994,0,1,0
61914,1,2,216994,216994,216996,0,2,0
61915,5,1,216999,216999,217000,0,1,3
61916,6,2,217005,217005,217007,0,2,5
61917,1,2,217006,217007,217009,1,3,0
61918,5,2,217011,217011,217013,0,2,2
61919,6,2,217017,217017,217019,0,2,4
61920,5,2,217022,217022,217024,0,2,3
61921,5,1,217027,217027,217028,0,1,3
61922,5,1,217032,217032,217033,0,1,4
61923,2,2,217034,217034,217036,0,2,1
61924,4,2,217038,217038,217040,0,2,2
61925,1,2,217039,217040,217042,1,3,0
61926,2,2,217041,217042,217044,1,3,0
61927,4,1,217045,217045,217046,0,1,1
61928,4,3,217049,217049,217052,0,3,3
61929,5,3,217054,217054,217057,0,3,2
61930,1,1,217055,217057,217058,2,3,0
61931,6,3,217061,217061,217064,0,3,3
61932,5,3,217066,217066,217069,0,3,2
61933,4,1,217070,217070,217071,0,1,1
61934,1,1,217071,217071,217072,0,1,0
61935,5,2,217076,217076,217078,0,2,4
61936,6,1,217082,217082,217083,0,1,4
61937,4,2,217086,217086,217088,0,2,3
61938,1,3,217087,217088,217091,1,4,0
61939,6,3,217093,217093,217096,0,3,2
61940,5,1,217098,217098,217099,0,1,2
61941,6,2,217104,217104,217106,0,2,5
61942,3,2,217107,217107,217109,0,2,1
61943,2,2,217109,217109,217111,0,2,0
61944,3,2,217112,217112,217114,0,2,1
61945,6,3,217118,217118,217121,0,3,4
61946,1,1,217119,217121,217122,2,3,0
61947,5,2,217124,217124,217126,0,2,2
61948,3,1,217127,217127,217128,0,1,1
61949,2,3,217129,217129,217132,0,3,1
61950,4,2,217133,217133,217135,0,2,1
61951,4,3,217137,217137,217140,0,3,2
61952,1,1,217138,217140,217141,2,3,0
61953,2,2,217140,217141,217143,1,3,0
61954,1,3,217141,217143,217146,2,5,0
61955,5,3,217146,217146,217149,0,3,0
61956,4,2,217150,217150,217152,0,2,1
61957,6,1,217156,217156,217157,0,1,4
61958,4,3,217160,217160,217163,0,3,3
61959,5,1,217165,217165,217166,0,1,2
61960,6,3,217171,217171,217174,0,3,5
61961,1,2,217172,217174,217176,2,4,0
61962,3,2,217175,217176,217178,1,3,0
61963,3,3,217178,217178,217181,0,3,0
61964,2,2,217180,217181,217183,1,3,0
61965,3,3,217183,217183,217186,0,3,0
61966,4,3,217187,217187,217190,0,3,1
61967,4,3,217191,217191,217194,0,3,1
61968,2,3,217193,217194,217197,1,4,0
61969,2,3,217195,217197,217200,2,5,0
61970,2,3,217197,217200,217203,3,6,0
61971,6,1,217203,217203,217204,0,1,0
61972,5,2,217208,217208,217210,0,2,4
61973,3,1,217211,217211,217212,0,1,1
61974,5,3,217216,217216,217219,0,3,4
61975,1,3,217217,217219,217222,2,5,0
61976,2,1,217219,217222,217223,3,4,0
61977,1,3,217220,217223,217226,3,6,0
61978,2,1,217222,217226,217227,4,5,0
61979,5,1,217227,217227,217228,0,1,0
61980,4,1,217231,217231,217232,0,1,3
61981,4,2,217235,217235,217237,0,2,3
61982,6,1,217241,217241,217242,0,1,4
61983,1,1,217242,217242,217243,0,1,0
61984,6,3,217248,217248,217251,0,3,5
61985,4,1,217252,217252,217253,0,1,1
61986,4,1,217256,217256,217257,0,1,3
61987,6,3,217262,217262,217265,0,3,5
61988,1,2,217263,217265,217267,2,4,0
61989,6,2,217269,217269,217271,0,2,2
61990,2,3,217271,217271,217274,0,3,0
61991,4,3,217275,217275,217278,0,3,1
61992,4,1,217279,217279,217280,0,1,1
61993,6,1,217285,217285,217286,0,1,5
61994,5,1,217290,217290,217291,0,1,4
61995,4,1,217294,217294,217295,0,1,3
61996,2,3,217296,217296,217299,0,3,1
61997,3,1,217299,217299,217300,0,1,0
61998,2,2,217301,217301,217303,0,2,1
61999,4,2,217305,217305,217307,0,2,2
62000,2,3,217307,217307,217310,0,3,0
62001,4,2,217311,217311,217313,0,2,1
62002,6,1,217317,217317,217318,0,1,4
62003,4,1,217321,217321,217322,0,1,3
62004,6,1,217327,217327,217328,0,1,5
62005,5,1,217332,217332,217333,0,1,4
62006,4,3,217336,217336,217339,0,3,3
62007,3,3,217339,217339,217342,0,3,0
62008,3,3,217342,217342,217345,0,3,0
62009,5,3,217347,217347,217350,0,3,2
62010,3,3,217350,217350,217353,0,3,0
62011,2,1,217352,217353,217354,1,2,0
62012,4,2,217356,217356,217358,0,2,2
62013,2,3,217358,217358,217361,0,3,0
62014,2,2,217360,217361,217363,1,3,0
62015,1,2,217361,217363,217365,2,4,0
62016,5,3,217366,217366,217369,0,3,1
62017,2,2,217368,217369,217371,1,3,0
62018,6,3,217374,217374,217377,0,3,3
62019,5,1,217379,217379,217380,0,1,2
62020,2,1,217381,217381,217382,0,1,1
62021,5,2,217386,217386,217388,0,2,4
62022,2,2,217388,217388,217390,0,2,0
62023,1,3,217389,217390,217393,1,4,0
62024,2,2,217391,217393,217395,2,4,0
62025,3,1,217394,217395,217396,1,2,0
62026,6,2,217400,217400,217402,0,2,4
62027,2,1,217402,217402,217403,0,1,0
62028,2,1,217404,217404,217405,0,1,1
62029,4,1,217408,217408,217409,0,1,3
62030,4,2,217412,217412,217414,0,2,3
62031,2,1,217414,217414,217415,0,1,0
62032,2,1,217416,217416,217417,0,1,1
62033,2,3,217418,217418,217421,0,3,1
62034,1,3,217419,217421,217424,2,5,0
62035,2,3,217421,217424,217427,3,6,0
62036,6,2,217427,217427,217429,0,2,0
62037,4,1,217431,217431,217432,0,1,2
62038,5,1,217436,217436,217437,0,1,4
62039,6,1,217442,217442,217443,0,1,5
62040,5,3,217447,217447,217450,0,3,4
62041,4,3,217451,217451,217454,0,3,1
62042,2,1,217453,217454,217455,1,2,0
62043,5,2,217458,217458,217460,0,2,3
62044,3,1,217461,217461,217462,0,1,1
62045,6,3,217467,217467,217470,0,3,5
62046,6,3,217473,217473,217476,0,3,3
62047,6,1,217479,217479,217480,0,1,3
62048,3,2,217482,217482,217484,0,2,2
62049,4,1,217486,217486,217487,0,1,2
62050,3,2,217489,217489,217491,0,2,2
62051,5,3,217494,217494,217497,0,3,3
62052,3,2,217497,217497,217499,0,2,0
62053,4,3,217501,217501,217504,0,3,2
62054,3,3,217504,217504,217507,0,3,0
62055,4,2,217508,217508,217510,0,2,1
62056,4,1,217512,217512,217513,0,1,2
62057,5,1,217517,217517,217518,0,1,4
62058,1,2,217518,217518,217520,0,2,0
62059,1,3,217519,217520,217523,1,4,0
62060,5,3,217524,217524,217527,0,3,1
62061,4,2,217528,217528,217530,0,2,1
62062,2,2,217530,217530,217532,0,2,0
62063,1,3,217531,217532,217535,1,4,0
62064,5,1,217536,217536,217537,0,1,1
62065,6,2,217542,217542,217544,0,2,5
62066,5,3,217547,217547,217550,0,3,3
62067,3,3,217550,217550,217553,0,3,0
62068,1,1,217551,217553,217554,2,3,0
62069,5,2,217556,217556,217558,0,2,2
62070,5,3,217561,217561,217564,0,3,3
62071,3,2,217564,217564,217566,0,2,0
62072,6,1,217570,217570,217571,0,1,4
62073,2,1,217572,217572,217573,0,1,1
62074,4,3,217576,217576,217579,0,3,3
62075,2,2,217578,217579,217581,1,3,0
62076,6,3,217584,217584,217587,0,3,3
62077,5,3,217589,217589,217592,0,3,2
62078,5,2,217594,217594,217596,0,2,2
62079,1,3,217595,217596,217599,1,4,0
62080,4,1,217599,217599,217600,0,1,0
62081,3,1,217602,217602,217603,0,1,2
62082,2,1,217604,217604,217605,0,1,1
62083,6,3,217610,217610,217613,0,3,5
62084,1,2,217611,217613,217615,2,4,0
62085,2,1,217613,217615,217616,2,3,0
62086,1,3,217614,217616,217619,2,5,0
62087,1,2,217615,217619,217621,4,6,0
62088,5,1,217620,217621,217622,1,2,0
62089,2,3,217622,217622,217625,0,3,0
62090,6,1,217628,217628,217629,0,1,3
62091,2,3,217630,217630,217633,0,3,1
62092,3,2,217633,217633,217635,0,2,0
62093,6,1,217639,217639,217640,0,1,4
62094,5,2,217644,217644,217646,0,2,4
62095,6,3,217650,217650,217653,0,3,4
62096,4,1,217654,217654,217655,0,1,1
62097,4,1,217658,217658,217659,0,1,3
62098,1,3,217659,217659,217662,0,3,0
62099,3,3,217662,217662,217665,0,3,0
62100,3,3,217665,217665,217668,0,3,0
62101,6,2,217671,217671,217673,0,2,3
62102,2,1,217673,217673,217674,0,1,0
62103,2,2,217675,217675,217677,0,2,1
62104,2,2,217677,217677,217679,0,2,0
62105,6,3,217683,217683,217686,0,3,4
62106,3,3,217686,217686,217689,0,3,0
62107,2,1,217688,217689,217690,1,2,0
62108,1,3,217689,217690,217693,1,4,0
62109,2,1,217691,217693,217694,2,3,0
62110,4,2,217695,217695,217697,0,2,1
62111,3,2,217698,217698,217700,0,2,1
62112,5,2,217703,217703,217705,0,2,3
62113,5,2,217708,217708,217710,0,2,3
62114,2,1,217710,217710,217711,0,1,0
62115,4,2,217714,217714,217716,0,2,3
62116,3,1,217717,217717,217718,0,1,1
62117,5,3,217722,217722,217725,0,3,4
62118,2,2,217724,217725,217727,1,3,0
62119,5,3,217729,217729,217732,0,3,2
62120,6,2,217735,217735,217737,0,2,3
62121,2,1,217737,217737,217738,0,1,0
62122,2,3,217739,217739,217742,0,3,1
62123,6,1,217745,217745,217746,0,1,3
62124,3,2,217748,217748,217750,0,2,2
62125,3,2,217751,217751,217753,0,2,1
62126,2,3,217753,217753,217756,0,3,0
62127,4,1,217757,217757,217758,0,1,1
62128,3,1,217760,217760,217761,0,1,2
62129,5,2,217765,217765,217767,0,2,4
62130,6,3,217771,217771,217774,0,3,4
62131,5,3,217776,217776,217779,0,3,2
62132,1,3,217777,217779,217782,2,5,0
62133,3,1,217780,217782,217783,2,3,0
62134,3,1,217783,217783,217784,0,1,0
62135,4,2,217787,217787,217789,0,2,3
62136,3,1,217790,217790,217791,0,1,1
62137,5,3,217795,217795,217798,0,3,4
62138,6,2,217801,217801,217803,0,2,3
62139,2,2,217803,217803,217805,0,2,0
62140,3,2,217806,217806,217808,0,2,1
62141,6,2,217812,217812,217814,0,2,4
62142,6,3,217818,217818,217821,0,3,4
62143,5,3,217823,217823,217826,0,3,2
62144,6,3,217829,217829,217832,0,3,3
62145,2,2,217831,217832,217834,1,3,0
62146,4,3,217835,217835,217838,0,3,1
62147,1,2,217836,217838,217840,2,4,0
62148,5,2,217841,217841,217843,0,2,1
62149,6,2,217847,217847,217849,0,2,4
62150,6,1,217853,217853,217854,0,1,4
62151,3,3,217856,217856,217859,0,3,2
62152,4,3,217860,217860,217863,0,3,1
62153,6,3,217866,217866,217869,0,3,3
62154,5,2,217871,217871,217873,0,2,2
62155,6,1,217877,217877,217878,0,1,4
62156,5,2,217882,217882,217884,0,2,4
62157,4,3,217886,217886,217889,0,3,2
62158,4,3,217890,217890,217893,0,3,1
62159,3,2,217893,217893,217895,0,2,0
62160,2,2,217895,217895,217897,0,2,0
62161,4,3,217899,217899,217902,0,3,2
62162,5,1,217904,217904,217905,0,1,2
62163,6,1,217910,217910,217911,0,1,5
62164,2,2,217912,217912,217914,0,2,1
62165,4,1,217916,217916,217917,0,1,2
62166,5,2,217921,217921,217923,0,2,4
62167,2,3,217923,217923,217926,0,3,0
62168,5,1,217928,217928,217929,0,1,2
62169,4,1,217932,217932,217933,0,1,3
62170,6,3,217938,217938,217941,0,3,5
62171,1,1,217939,217941,217942,2,3,0
62172,4,3,217943,217943,217946,0,3,1
62173,5,1,217948,217948,217949,0,1,2
62174,5,1,217953,217953,217954,0,1,4
62175,1,1,217954,217954,217955,0,1,0
62176,1,3,217955,217955,217958,0,3,0
62177,3,3,217958,217958,217961,0,3,0
62178,1,1,217959,217961,217962,2,3,0
62179,3,2,217962,217962,217964,0,2,0
62180,4,1,217966,217966,217967,0,1,2
62181,6,1,217972,217972,217973,0,1,5
62182,6,2,217978,217978,217980,0,2,5
62183,4,2,217982,217982,217984,0,2,2
62184,6,3,217988,217988,217991,0,3,4
62185,6,3,217994,217994,217997,0,3,3
62186,4,3,217998,217998,218001,0,3,1
62187,3,3,218001,218001,218004,0,3,0
62188,2,3,218003,218004,218007,1,4,0
62189,5,2,218008,218008,218010,0,2,1
62190,6,3,218014,218014,218017,0,3,4
62191,1,2,218015,218017,218019,2,4,0
62192,3,3,218018,218019,218022,1,4,0
62193,3,1,218021,218022,218023,1,2,0
62194,4,1,218025,218025,218026,0,1,2
62195,3,1,218028,218028,218029,0,1,2
62196,4,1,218032,218032,218033,0,1,3
62197,6,1,218038,218038,218039,0,1,5
62198,6,3,218044,218044,218047,0,3,5
62199,3,3,218047,218047,218050,0,3,0
62200,4,1,218051,218051,218052,0,1,1
62201,4,3,218055,218055,218058,0,3,3
62202,2,3,218057,218058,218061,1,4,0
62203,6,2,218063,218063,218065,0,2,2
62204,1,3,218064,218065,218068,1,4,0
62205,3,2,218067,218068,218070,1,3,0
62206,4,2,218071,218071,218073,0,2,1
62207,2,2,218073,218073,218075,0,2,0
62208,5,1,218078,218078,218079,0,1,3
62209,6,1,218084,218084,218085,0,1,5
62210,4,3,218088,218088,218091,0,3,3
62211,6,3,218094,218094,218097,0,3,3
62212,2,1,218096,218097,218098,1,2,0
62213,6,3,218102,218102,218105,0,3,4
62214,3,2,218105,218105,218107,0,2,0
62215,5,2,218110,218110,218112,0,2,3
62216,5,1,218115,218115,218116,0,1,3
62217,6,1,218121,218121,218122,0,1,5
62218,6,3,218127,218127,218130,0,3,5
62219,1,2,218128,218130,218132,2,4,0
62220,3,2,218131,218132,218134,1,3,0
62221,4,1,218135,218135,218136,0,1,1
62222,5,3,218140,218140,218143,0,3,4
62223,3,1,218143,218143,218144,0,1,0
62224,2,2,218145,218145,218147,0,2,1
62225,2,1,218147,218147,218148,0,1,0
62226,2,3,218149,218149,218152,0,3,1
62227,4,1,218153,218153,218154,0,1,1
62228,4,1,218157,218157,218158,0,1,3
62229,6,1,218163,218163,218164,0,1,5
62230,3,3,218166,218166,218169,0,3,2
62231,2,1,218168,218169,218170,1,2,0
62232,5,1,218173,218173,218174,0,1,3
62233,5,1,218178,218178,218179,0,1,4
62234,3,1,218181,218181,218182,0,1,2
62235,2,3,218183,218183,218186,0,3,1
62236,1,2,218184,218186,218188,2,4,0
62237,6,1,218190,218190,218191,0,1,2
62238,4,3,218194,218194,218197,0,3,3
62239,3,1,218197,218197,218198,0,1,0
62240,5,1,218202,218202,218203,0,1,4
62241,2,2,218204,218204,218206,0,2,1
62242,5,2,218209,218209,218211,0,2,3
62243,6,3,218215,218215,218218,0,3,4
62244,3,1,218218,218218,218219,0,1,0
62245,6,2,218224,218224,218226,0,2,5
62246,1,3,218225,218226,218229,1,4,0
62247,4,2,218229,218229,218231,0,2,0
62248,6,3,218235,218235,218238,0,3,4
62249,6,3,218241,218241,218244,0,3,3
62250,3,3,218244,218244,218247,0,3,0
62251,5,2,218249,218249,218251,0,2,2
62252,3,3,218252,218252,218255,0,3,1
62253,5,1,218257,218257,218258,0,1,2
62254,2,2,218259,218259,218261,0,2,1
62255,4,3,218263,218263,218266,0,3,2
62256,4,2,218267,218267,218269,0,2,1
62257,6,3,218273,218273,218276,0,3,4
62258,4,1,218277,218277,218278,0,1,1
62259,4,2,218281,218281,218283,0,2,3
62260,4,1,218285,218285,218286,0,1,2
62261,5,2,218290,218290,218292,0,2,4
62262,4,2,218294,218294,218296,0,2,2
62263,5,2,218299,218299,218301,0,2,3
62264,1,1,218300,218301,218302,1,2,0
62265,6,2,218306,218306,218308,0,2,4
62266,5,3,218311,218311,218314,0,3,3
62267,6,2,218317,218317,218319,0,2,3
62268,4,2,218321,218321,218323,0,2,2
62269,4,1,218325,218325,218326,0,1,2
62270,3,2,218328,218328,218330,0,2,2
62271,3,3,218331,218331,218334,0,3,1
62272,1,1,218332,218334,218335,2,3,0
62273,3,3,218335,218335,218338,0,3,0
62274,1,2,218336,218338,218340,2,4,0
62275,5,3,218341,218341,218344,0,3,1
62276,3,3,218344,218344,218347,0,3,0
62277,4,2,218348,218348,218350,0,2,1
62278,4,3,218352,218352,218355,0,3,2
62279,1,3,218353,218355,218358,2,5,0
62280,2,1,218355,218358,218359,3,4,0
62281,4,2,218359,218359,218361,0,2,0
62282,6,1,218365,218365,218366,0,1,4
62283,4,3,218369,218369,218372,0,3,3
62284,4,3,218373,218373,218376,0,3,1
62285,5,1,218378,218378,218379,0,1,2
62286,3,1,218381,218381,218382,0,1,2
62287,2,2,218383,218383,218385,0,2,1
62288,1,2,218384,218385,218387,1,3,0
62289,6,2,218390,218390,218392,0,2,3
62290,2,1,218392,218392,218393,0,1,0
62291,2,3,218394,218394,218397,0,3,1
62292,5,2,218399,218399,218401,0,2,2
62293,2,3,218401,218401,218404,0,3,0
62294,4,3,218405,218405,218408,0,3,1
62295,6,2,218411,218411,218413,0,2,3
62296,3,1,218414,218414,218415,0,1,1
62297,5,1,218419,218419,218420,0,1,4
62298,3,3,218422,218422,218425,0,3,2
62299,2,3,218424,218425,218428,1,4,0
62300,1,3,218425,218428,218431,3,6,0
62301,5,2,218430,218431,218433,1,3,0
62302,4,3,218434,218434,218437,0,3,1
62303,6,2,218440,218440,218442,0,2,3
62304,4,2,218444,218444,218446,0,2,2
62305,4,1,218448,218448,218449,0,1,2
62306,1,1,218449,218449,218450,0,1,0
62307,2,3,218451,218451,218454,0,3,1
62308,6,2,218457,218457,218459,0,2,3
62309,6,1,218463,218463,218464,0,1,4
62310,4,1,218467,218467,218468,0,1,3
62311,2,3,218469,218469,218472,0,3,1
62312,3,2,218472,218472,218474,0,2,0
62313,5,1,218477,218477,218478,0,1,3
62314,4,1,218481,218481,218482,0,1,3
62315,4,2,218485,218485,218487,0,2,3
62316,4,1,218489,218489,218490,0,1,2
62317,5,1,218494,218494,218495,0,1,4
62318,6,3,218500,218500,218503,0,3,5
62319,2,1,218502,218503,218504,1,2,0
62320,2,3,218504,218504,218507,0,3,0
62321,3,2,218507,218507,218509,0,2,0
62322,2,3,218509,218509,218512,0,3,0
62323,2,3,218511,218512,218515,1,4,0
62324,5,3,218516,218516,218519,0,3,1
62325,1,3,218517,218519,218522,2,5,0
62326,4,2,218521,218522,218524,1,3,0
62327,2,1,218523,218524,218525,1,2,0
62328,1,3,218524,218525,218528,1,4,0
62329,1,2,218525,218528,218530,3,5,0
62330,2,3,218527,218530,218533,3,6,0
62331,2,1,218529,218533,218534,4,5,0
62332,6,1,218535,218535,218536,0,1,1
62333,3,3,218538,218538,218541,0,3,2
62334,3,3,218541,218541,218544,0,3,0
62335,6,2,218547,218547,218549,0,2,3
62336,6,3,218553,218553,218556,0,3,4
62337,2,1,218555,218556,218557,1,2,0
62338,3,2,218558,218558,218560,0,2,1
62339,4,1,218562,218562,218563,0,1,2
62340,6,2,218568,218568,218570,0,2,5
62341,4,1,218572,218572,218573,0,1,2
62342,3,2,218575,218575,218577,0,2,2
62343,4,2,218579,218579,218581,0,2,2
62344,2,3,218581,218581,218584,0,3,0
62345,3,1,218584,218584,218585,0,1,0
62346,4,1,218588,218588,218589,0,1,3
62347,4,1,218592,218592,218593,0,1,3
62348,5,1,218597,218597,218598,0,1,4
62349,5,1,218602,218602,218603,0,1,4
62350,1,2,218603,218603,218605,0,2,0
62351,1,3,218604,218605,218608,1,4,0
62352,3,2,218607,218608,218610,1,3,0
62353,4,3,218611,218611,218614,0,3,1
62354,6,1,218617,218617,218618,0,1,3
62355,6,1,218623,218623,218624,0,1,5
62356,2,2,218625,218625,218627,0,2,1
62357,4,1,218629,218629,218630,0,1,2
62358,6,2,218635,218635,218637,0,2,5
62359,5,3,218640,218640,218643,0,3,3
62360,3,3,218643,218643,218646,0,3,0
62361,4,3,218647,218647,218650,0,3,1
62362,2,3,218649,218650,218653,1,4,0
62363,2,2,218651,218653,218655,2,4,0
62364,5,1,218656,218656,218657,0,1,1
62365,1,2,218657,218657,218659,0,2,0
62366,6,3,218663,218663,218666,0,3,4
62367,5,2,218668,218668,218670,0,2,2
62368,6,1,218674,218674,218675,0,1,4
62369,1,3,218675,218675,218678,0,3,0
62370,5,2,218680,218680,218682,0,2,2
62371,6,3,218686,218686,218689,0,3,4
62372,3,3,218689,218689,218692,0,3,0
62373,6,2,218695,218695,218697,0,2,3
62374,1,3,218696,218697,218700,1,4,0
62375,1,1,218697,218700,218701,3,4,0
62376,4,1,218701,218701,218702,0,1,0
62377,1,2,218702,218702,218704,0,2,0
62378,5,3,218707,218707,218710,0,3,3
62379,1,2,218708,218710,218712,2,4,0
62380,5,2,218713,218713,218715,0,2,1
62381,1,1,218714,218715,218716,1,2,0
62382,2,1,218716,218716,218717,0,1,0
62383,1,1,218717,218717,218718,0,1,0
62384,6,2,218723,218723,218725,0,2,5
62385,1,3,218724,218725,218728,1,4,0
62386,4,2,218728,218728,218730,0,2,0
62387,1,3,218729,218730,218733,1,4,0
62388,3,1,218732,218733,218734,1,2,0
62389,2,2,218734,218734,218736,0,2,0
62390,5,1,218739,218739,218740,0,1,3
62391,1,2,218740,218740,218742,0,2,0
62392,3,3,218743,218743,218746,0,3,1
62393,3,2,218746,218746,218748,0,2,0
62394,3,3,218749,218749,218752,0,3,1
62395,2,2,218751,218752,218754,1,3,0
62396,4,2,218755,218755,218757,0,2,1
62397,5,1,218760,218760,218761,0,1,3
62398,2,2,218762,218762,218764,0,2,1
62399,6,1,218768,218768,218769,0,1,4
62400,2,1,218770,218770,218771,0,1,1
62401,2,3,218772,218772,218775,0,3,1
62402,6,2,218778,218778,218780,0,2,3
62403,2,3,218780,218780,218783,0,3,0
62404,2,3,218782,218783,218786,1,4,0
62405,1,1,218783,218786,218787,3,4,0
62406,6,2,218789,218789,218791,0,2,2
62407,3,2,218792,218792,218794,0,2,1
62408,5,1,218797,218797,218798,0,1,3
62409,4,3,218801,218801,218804,0,3,3
62410,1,3,218802,218804,218807,2,5,0
62411,2,1,218804,218807,218808,3,4,0
62412,2,2,218806,218808,218810,2,4,0
62413,6,2,218812,218812,218814,0,2,2
62414,3,2,218815,218815,218817,0,2,1
62415,5,3,218820,218820,218823,0,3,3
62416,1,2,218821,218823,218825,2,4,0
62417,6,3,218827,218827,218830,0,3,2
62418,6,3,218833,218833,218836,0,3,3
62419,3,2,218836,218836,218838,0,2,0
62420,1,2,218837,218838,218840,1,3,0
62421,1,2,218838,218840,218842,2,4,0
62422,1,1,218839,218842,218843,3,4,0
62423,4,3,218843,218843,218846,0,3,0
62424,5,1,218848,218848,218849,0,1,2
62425,5,3,218853,218853,218856,0,3,4
62426,6,1,218859,218859,218860,0,1,3
62427,4,2,218863,218863,218865,0,2,3
62428,1,3,218864,218865,218868,1,4,0
62429,2,2,218866,218868,218870,2,4,0
62430,2,1,218868,218870,218871,2,3,0
62431,5,3,218873,218873,218876,0,3,2
62432,6,3,218879,218879,218882,0,3,3
62433,6,1,218885,218885,218886,0,1,3
62434,5,2,218890,218890,218892,0,2,4
62435,1,2,218891,218892,218894,1,3,0
62436,5,1,218896,218896,218897,0,1,2
62437,1,1,218897,218897,218898,0,1,0
62438,4,1,218901,218901,218902,0,1,3
62439,4,3,218905,218905,218908,0,3,3
62440,1,1,218906,218908,218909,2,3,0
62441,4,2,218910,218910,218912,0,2,1
62442,3,2,218913,218913,218915,0,2,1
62443,2,1,218915,218915,218916,0,1,0
62444,4,1,218919,218919,218920,0,1,3
62445,6,3,218925,218925,218928,0,3,5
62446,6,3,218931,218931,218934,0,3,3
62447,4,3,218935,218935,218938,0,3,1
62448,1,1,218936,218938,218939,2,3,0
62449,4,3,218940,218940,218943,0,3,1
62450,1,3,218941,218943,218946,2,5,0
62451,6,2,218947,218947,218949,0,2,1
62452,5,1,218952,218952,218953,0,1,3
62453,2,3,218954,218954,218957,0,3,1
62454,4,2,218958,218958,218960,0,2,1
62455,5,3,218963,218963,218966,0,3,3
62456,1,2,218964,218966,218968,2,4,0
62457,6,1,218970,218970,218971,0,1,2
62458,1,3,218971,218971,218974,0,3,0
62459,1,2,218972,218974,218976,2,4,0
62460,2,3,218974,218976,218979,2,5,0
62461,6,1,218980,218980,218981,0,1,1
62462,5,1,218985,218985,218986,0,1,4
62463,5,3,218990,218990,218993,0,3,4
62464,6,2,218996,218996,218998,0,2,3
62465,3,2,218999,218999,219001,0,2,1
62466,4,2,219003,219003,219005,0,2,2
62467,6,3,219009,219009,219012,0,3,4
62468,5,2,219014,219014,219016,0,2,2
62469,3,1,219017,219017,219018,0,1,1
62470,1,1,219018,219018,219019,0,1,0
62471,4,1,219022,219022,219023,0,1,3
62472,3,3,219025,219025,219028,0,3,2
62473,5,2,219030,219030,219032,0,2,2
62474,5,3,219035,219035,219038,0,3,3
62475,1,3,219036,219038,219041,2,5,0
62476,3,1,219039,219041,219042,2,3,0
62477,5,1,219044,219044,219045,0,1,2
62478,1,3,219045,219045,219048,0,3,0
62479,1,3,219046,219048,219051,2,5,0
62480,1,2,219047,219051,219053,4,6,0
62481,4,2,219051,219053,219055,2,4,0
62482,1,2,219052,219055,219057,3,5,0
62483,4,1,219056,219057,219058,1,2,0
62484,4,2,219060,219060,219062,0,2,2
62485,5,2,219065,219065,219067,0,2,3
62486,1,2,219066,219067,219069,1,3,0
62487,3,1,219069,219069,219070,0,1,0
62488,6,1,219075,219075,219076,0,1,5
62489,2,1,219077,219077,219078,0,1,1
62490,6,1,219083,219083,219084,0,1,5
62491,4,2,219087,219087,219089,0,2,3
62492,1,1,219088,219089,219090,1,2,0
62493,1,2,219089,219090,219092,1,3,0
62494,6,3,219095,219095,219098,0,3,3
62495,1,1,219096,219098,219099,2,3,0
62496,1,1,219097,219099,219100,2,3,0
62497,4,3,219101,219101,219104,0,3,1
62498,1,3,219102,219104,219107,2,5,0
62499,3,1,219105,219107,219108,2,3,0
62500,2,1,219107,219108,219109,1,2,0
62501,2,3,219109,219109,219112,0,3,0
62502,5,3,219114,219114,219117,0,3,2
62503,3,3,219117,219117,219120,0,3,0
62504,1,2,219118,219120,219122,2,4,0
62505,1,3,219119,219122,219125,3,6,0
62506,3,2,219122,219125,219127,3,5,0
62507,1,3,219123,219127,219130,4,7,0
62508,5,1,219128,219130,219131,2,3,0
62509,1,2,219129,219131,219133,2,4,0
62510,5,1,219134,219134,219135,0,1,1
62511,5,3,219139,219139,219142,0,3,4
62512,5,1,219144,219144,219145,0,1,2
62513,6,3,219150,219150,219153,0,3,5
62514,6,3,219156,219156,219159,0,3,3
62515,5,2,219161,219161,219163,0,2,2
62516,4,3,219165,219165,219168,0,3,2
62517,5,1,219170,219170,219171,0,1,2
62518,5,2,219175,219175,219177,0,2,4
62519,4,2,219179,219179,219181,0,2,2
62520,4,2,219183,219183,219185,0,2,2
62521,2,3,219185,219185,219188,0,3,0
62522,1,1,219186,219188,219189,2,3,0
62523,6,3,219192,219192,219195,0,3,3
62524,2,2,219194,219195,219197,1,3,0
62525,4,3,219198,219198,219201,0,3,1
62526,1,1,219199,219201,219202,2,3,0
62527,2,3,219201,219202,219205,1,4,0
62528,2,1,219203,219205,219206,2,3,0
62529,1,1,219204,219206,219207,2,3,0
62530,1,2,219205,219207,219209,2,4,0
62531,4,2,219209,219209,219211,0,2,0
62532,2,1,219211,219211,219212,0,1,0
62533,1,2,219212,219212,219214,0,2,0
62534,1,3,219213,219214,219217,1,4,0
62535,4,3,219217,219217,219220,0,3,0
62536,3,2,219220,219220,219222,0,2,0
62537,4,2,219224,219224,219226,0,2,2
62538,3,2,219227,219227,219229,0,2,1
62539,5,3,219232,219232,219235,0,3,3
62540,6,3,219238,219238,219241,0,3,3
62541,2,2,219240,219241,219243,1,3,0
62542,5,2,219245,219245,219247,0,2,2
62543,2,2,219247,219247,219249,0,2,0
62544,6,1,219253,219253,219254,0,1,4
62545,2,1,219255,219255,219256,0,1,1
62546,6,3,219261,219261,219264,0,3,5
62547,1,1,219262,219264,219265,2,3,0
62548,3,2,219265,219265,219267,0,2,0
62549,5,2,219270,219270,219272,0,2,3
62550,5,1,219275,219275,219276,0,1,3
62551,4,1,219279,219279,219280,0,1,3
62552,3,1,219282,219282,219283,0,1,2
62553,2,3,219284,219284,219287,0,3,1
62554,1,1,219285,219287,219288,2,3,0
62555,5,3,219290,219290,219293,0,3,2
62556,6,2,219296,219296,219298,0,2,3
62557,6,2,219302,219302,219304,0,2,4
62558,4,1,219306,219306,219307,0,1,2
62559,6,1,219312,219312,219313,0,1,5
62560,2,2,219314,219314,219316,0,2,1
62561,4,2,219318,219318,219320,0,2,2
62562,4,2,219322,219322,219324,0,2,2
62563,5,2,219327,219327,219329,0,2,3
62564,6,2,219333,219333,219335,0,2,4
62565,4,2,219337,219337,219339,0,2,2
62566,2,2,219339,219339,219341,0,2,0
62567,5,2,219344,219344,219346,0,2,3
62568,2,3,219346,219346,219349,0,3,0
62569,2,3,219348,219349,219352,1,4,0
62570,3,1,219351,219352,219353,1,2,0
62571,4,3,219355,219355,219358,0,3,2
62572,6,3,219361,219361,219364,0,3,3
62573,1,3,219362,219364,219367,2,5,0
62574,1,3,219363,219367,219370,4,7,0
62575,4,1,219367,219370,219371,3,4,0
62576,3,2,219370,219371,219373,1,3,0
62577,1,1,219371,219373,219374,2,3,0
62578,4,3,219375,219375,219378,0,3,1
62579,3,3,219378,219378,219381,0,3,0
62580,3,1,219381,219381,219382,0,1,0
62581,6,3,219387,219387,219390,0,3,5
62582,6,1,219393,219393,219394,0,1,3
62583,2,2,219395,219395,219397,0,2,1
62584,1,2,219396,219397,219399,1,3,0
62585,5,2,219401,219401,219403,0,2,2
62586,4,2,219405,219405,219407,0,2,2
62587,3,3,219408,219408,219411,0,3,1
62588,2,3,219410,219411,219414,1,4,0
62589,6,2,219416,219416,219418,0,2,2
62590,4,2,219420,219420,219422,0,2,2
62591,2,2,219422,219422,219424,0,2,0
62592,3,3,219425,219425,219428,0,3,1
62593,1,2,219426,219428,219430,2,4,0
62594,2,2,219428,219430,219432,2,4,0
62595,6,2,219434,219434,219436,0,2,2
62596,2,2,219436,219436,219438,0,2,0
62597,1,3,219437,219438,219441,1,4,0
62598,6,1,219443,219443,219444,0,1,2
62599,2,3,219445,219445,219448,0,3,1
62600,1,3,219446,219448,219451,2,5,0
62601,1,3,219447,219451,219454,4,7,0
62602,4,3,219451,219454,219457,3,6,0
62603,3,2,219454,219457,219459,3,5,0
62604,5,1,219459,219459,219460,0,1,0
62605,1,1,219460,219460,219461,0,1,0
62606,4,1,219464,219464,219465,0,1,3
62607,5,3,219469,219469,219472,0,3,4
62608,4,3,219473,219473,219476,0,3,1
62609,6,2,219479,219479,219481,0,2,3
62610,2,2,219481,219481,219483,0,2,0
62611,6,2,219487,219487,219489,0,2,4
62612,2,1,219489,219489,219490,0,1,0
62613,6,3,219495,219495,219498,0,3,5
62614,2,2,219497,219498,219500,1,3,0
62615,6,1,219503,219503,219504,0,1,3
62616,6,2,219509,219509,219511,0,2,5
62617,3,1,219512,219512,219513,0,1,1
62618,6,2,219518,219518,219520,0,2,5
62619,2,3,219520,219520,219523,0,3,0
62620,2,3,219522,219523,219526,1,4,0
62621,4,1,219526,219526,219527,0,1,0
62622,4,2,219530,219530,219532,0,2,3
62623,6,3,219536,219536,219539,0,3,4
62624,6,2,219542,219542,219544,0,2,3
62625,2,1,219544,219544,219545,0,1,0
62626,6,3,219550,219550,219553,0,3,5
62627,3,2,219553,219553,219555,0,2,0
62628,2,3,219555,219555,219558,0,3,0
62629,6,1,219561,219561,219562,0,1,3
62630,5,3,219566,219566,219569,0,3,4
62631,5,3,219571,219571,219574,0,3,2
62632,3,2,219574,219574,219576,0,2,0
62633,3,1,219577,219577,219578,0,1,1
62634,1,2,219578,219578,219580,0,2,0
62635,1,2,219579,219580,219582,1,3,0
62636,3,3,219582,219582,219585,0,3,0
62637,3,2,219585,219585,219587,0,2,0
62638,5,2,219590,219590,219592,0,2,3
62639,3,1,219593,219593,219594,0,1,1
62640,6,3,219599,219599,219602,0,3,5
62641,3,1,219602,219602,219603,0,1,0
62642,2,3,219604,219604,219607,0,3,1
62643,3,1,219607,219607,219608,0,1,0
62644,2,2,219609,219609,219611,0,2,1
62645,1,3,219610,219611,219614,1,4,0
62646,2,3,219612,219614,219617,2,5,0
62647,5,3,219617,219617,219620,0,3,0
62648,6,3,219623,219623,219626,0,3,3
62649,2,2,219625,219626,219628,1,3,0
62650,3,1,219628,219628,219629,0,1,0
62651,1,3,219629,219629,219632,0,3,0
62652,2,1,219631,219632,219633,1,2,0
62653,6,1,219637,219637,219638,0,1,4
62654,6,3,219643,219643,219646,0,3,5
62655,6,3,219649,219649,219652,0,3,3
62656,5,1,219654,219654,219655,0,1,2
62657,5,2,219659,219659,219661,0,2,4
62658,5,1,219664,219664,219665,0,1,3
62659,5,1,219669,219669,219670,0,1,4
62660,1,3,219670,219670,219673,0,3,0
62661,4,1,219674,219674,219675,0,1,1
62662,5,2,219679,219679,219681,0,2,4
62663,4,3,219683,219683,219686,0,3,2
62664,1,1,219684,219686,219687,2,3,0
62665,6,3,219690,219690,219693,0,3,3
62666,6,1,219696,219696,219697,0,1,3
62667,6,3,219702,219702,219705,0,3,5
62668,5,3,219707,219707,219710,0,3,2
62669,2,2,219709,219710,219712,1,3,0
62670,1,3,219710,219712,219715,2,5,0
62671,2,2,219712,219715,219717,3,5,0
62672,3,3,219715,219717,219720,2,5,0
62673,6,1,219721,219721,219722,0,1,1
62674,2,2,219723,219723,219725,0,2,1
62675,4,3,219727,219727,219730,0,3,2
62676,3,2,219730,219730,219732,0,2,0
62677,5,1,219735,219735,219736,0,1,3
62678,4,2,219739,219739,219741,0,2,3
62679,1,3,219740,219741,219744,1,4,0
62680,3,3,219743,219744,219747,1,4,0
62681,5,2,219748,219748,219750,0,2,1
62682,5,3,219753,219753,219756,0,3,3
62683,2,2,219755,219756,219758,1,3,0
62684,6,1,219761,219761,219762,0,1,3
62685,6,1,219767,219767,219768,0,1,5
62686,3,2,219770,219770,219772,0,2,2
62687,6,2,219776,219776,219778,0,2,4
62688,1,2,219777,219778,219780,1,3,0
62689,5,1,219782,219782,219783,0,1,2
62690,4,2,219786,219786,219788,0,2,3
62691,6,3,219792,219792,219795,0,3,4
62692,6,3,219798,219798,219801,0,3,3
62693,1,2,219799,219801,219803,2,4,0
62694,4,3,219803,219803,219806,0,3,0
62695,3,2,219806,219806,219808,0,2,0
62696,3,2,219809,219809,219811,0,2,1
62697,2,2,219811,219811,219813,0,2,0
62698,4,3,219815,219815,219818,0,3,2
62699,2,3,219817,219818,219821,1,4,0
62700,6,1,219823,219823,219824,0,1,2
62701,4,2,219827,219827,219829,0,2,3
62702,4,2,219831,219831,219833,0,2,2
62703,2,3,219833,219833,219836,0,3,0
62704,1,2,219834,219836,219838,2,4,0
62705,6,2,219840,219840,219842,0,2,2
62706,2,3,219842,219842,219845,0,3,0
62707,6,3,219848,219848,219851,0,3,3
62708,3,1,219851,219851,219852,0,1,0
62709,2,2,219853,219853,219855,0,2,1
62710,2,1,219855,219855,219856,0,1,0
62711,2,2,219857,219857,219859,0,2,1
62712,6,3,219863,219863,219866,0,3,4
62713,2,2,219865,219866,219868,1,3,0
62714,1,1,219866,219868,219869,2,3,0
62715,6,1,219872,219872,219873,0,1,3
62716,5,3,219877,219877,219880,0,3,4
62717,6,3,219883,219883,219886,0,3,3
62718,1,2,219884,219886,219888,2,4,0
62719,6,3,219890,219890,219893,0,3,2
62720,2,2,219892,219893,219895,1,3,0
62721,3,3,219895,219895,219898,0,3,0
62722,5,3,219900,219900,219903,0,3,2
62723,6,1,219906,219906,219907,0,1,3
62724,4,2,219910,219910,219912,0,2,3
62725,1,3,219911,219912,219915,1,4,0
62726,2,3,219913,219915,219918,2,5,0
62727,4,1,219917,219918,219919,1,2,0
62728,4,3,219921,219921,219924,0,3,2
62729,1,3,219922,219924,219927,2,5,0
62730,1,2,219923,219927,219929,4,6,0
62731,5,3,219928,219929,219932,1,4,0
62732,6,2,219934,219934,219936,0,2,2
62733,4,1,219938,219938,219939,0,1,2
62734,6,2,219944,219944,219946,0,2,5
62735,6,3,219950,219950,219953,0,3,4
62736,3,2,219953,219953,219955,0,2,0
62737,3,1,219956,219956,219957,0,1,1
62738,3,1,219959,219959,219960,0,1,2
62739,3,2,219962,219962,219964,0,2,2
62740,3,1,219965,219965,219966,0,1,1
62741,6,2,219971,219971,219973,0,2,5
62742,2,3,219973,219973,219976,0,3,0
62743,4,3,219977,219977,219980,0,3,1
62744,1,1,219978,219980,219981,2,3,0
62745,3,1,219981,219981,219982,0,1,0
62746,2,3,219983,219983,219986,0,3,1
62747,4,3,219987,219987,219990,0,3,1
62748,4,3,219991,219991,219994,0,3,1
62749,3,2,219994,219994,219996,0,2,0
62750,4,1,219998,219998,219999,0,1,2
62751,2,1,220000,220000,220001,0,1,1
62752,1,3,220001,220001,220004,0,3,0
62753,3,3,220004,220004,220007,0,3,0
62754,2,2,220006,220007,220009,1,3,0
62755,5,2,220011,220011,220013,0,2,2
62756,5,2,220016,220016,220018,0,2,3
62757,2,1,220018,220018,220019,0,1,0
62758,6,1,220024,220024,220025,0,1,5
62759,4,3,220028,220028,220031,0,3,3
62760,3,1,220031,220031,220032,0,1,0
62761,6,2,220037,220037,220039,0,2,5
62762,5,2,220042,220042,220044,0,2,3
62763,4,1,220046,220046,220047,0,1,2
62764,6,3,220052,220052,220055,0,3,5
62765,5,3,220057,220057,220060,0,3,2
62766,1,1,220058,220060,220061,2,3,0
62767,2,1,220060,220061,220062,1,2,0
62768,4,2,220064,220064,220066,0,2,2
62769,1,2,220065,220066,220068,1,3,0
62770,5,3,220070,220070,220073,0,3,2
62771,5,1,220075,220075,220076,0,1,2
62772,5,1,220080,220080,220081,0,1,4
62773,4,1,220084,220084,220085,0,1,3
62774,3,2,220087,220087,220089,0,2,2
62775,1,3,220088,220089,220092,1,4,0
62776,2,3,220090,220092,220095,2,5,0
62777,3,2,220093,220095,220097,2,4,0
62778,1,2,220094,220097,220099,3,5,0
62779,4,2,220098,220099,220101,1,3,0
62780,5,2,220103,220103,220105,0,2,2
62781,4,1,220107,220107,220108,0,1,2
62782,2,2,220109,220109,220111,0,2,1
62783,1,3,220110,220111,220114,1,4,0
62784,2,1,220112,220114,220115,2,3,0
62785,5,3,220117,220117,220120,0,3,2
62786,2,2,220119,220120,220122,1,3,0
62787,6,1,220125,220125,220126,0,1,3
62788,1,3,220126,220126,220129,0,3,0
62789,3,1,220129,220129,220130,0,1,0
62790,6,3,220135,220135,220138,0,3,5
62791,4,3,220139,220139,220142,0,3,1
62792,3,1,220142,220142,220143,0,1,0
62793,3,1,220145,220145,220146,0,1,2
62794,3,3,220148,220148,220151,0,3,2
62795,4,1,220152,220152,220153,0,1,1
62796,6,2,220158,220158,220160,0,2,5
62797,3,3,220161,220161,220164,0,3,1
62798,3,2,220164,220164,220166,0,2,0
62799,5,3,220169,220169,220172,0,3,3
62800,1,3,220170,220172,220175,2,5,0
62801,4,3,220174,220175,220178,1,4,0
62802,5,2,220179,220179,220181,0,2,1
62803,1,3,220180,220181,220184,1,4,0
62804,4,2,220184,220184,220186,0,2,0
62805,4,3,220188,220188,220191,0,3,2
62806,3,3,220191,220191,220194,0,3,0
62807,4,1,220195,220195,220196,0,1,1
62808,1,2,220196,220196,220198,0,2,0
62809,6,3,220202,220202,220205,0,3,4
62810,4,1,220206,220206,220207,0,1,1
62811,6,1,220212,220212,220213,0,1,5
62812,6,2,220218,220218,220220,0,2,5
62813,4,2,220222,220222,220224,0,2,2
62814,6,1,220228,220228,220229,0,1,4
62815,4,2,220232,220232,220234,0,2,3
62816,2,2,220234,220234,220236,0,2,0
62817,1,1,220235,220236,220237,1,2,0
62818,1,2,220236,220237,220239,1,3,0
62819,6,1,220242,220242,220243,0,1,3
62820,6,2,220248,220248,220250,0,2,5
62821,6,3,220254,220254,220257,0,3,4
62822,3,2,220257,220257,220259,0,2,0
62823,6,3,220263,220263,220266,0,3,4
62824,1,1,220264,220266,220267,2,3,0
62825,6,2,220270,220270,220272,0,2,3
62826,4,1,220274,220274,220275,0,1,2
62827,3,1,220277,220277,220278,0,1,2
62828,1,3,220278,220278,220281,0,3,0
62829,3,3,220281,220281,220284,0,3,0
62830,1,2,220282,220284,220286,2,4,0
62831,1,2,220283,220286,220288,3,5,0
62832,4,3,220287,220288,220291,1,4,0
62833,4,2,220291,220291,220293,0,2,0
62834,3,1,220294,220294,220295,0,1,1
62835,5,3,220299,220299,220302,0,3,4
62836,1,2,220300,220302,220304,2,4,0
62837,6,1,220306,220306,220307,0,1,2
62838,4,1,220310,220310,220311,0,1,3
62839,1,3,220311,220311,220314,0,3,0
62840,2,3,220313,220314,220317,1,4,0
62841,2,3,220315,220317,220320,2,5,0
62842,1,2,220316,220320,220322,4,6,0
62843,4,2,220320,220322,220324,2,4,0
62844,3,2,220323,220324,220326,1,3,0
62845,5,3,220328,220328,220331,0,3,2
62846,2,1,220330,220331,220332,1,2,0
62847,4,2,220334,220334,220336,0,2,2
62848,2,1,220336,220336,220337,0,1,0
62849,2,1,220338,220338,220339,0,1,1
62850,2,3,220340,220340,220343,0,3,1
62851,5,2,220345,220345,220347,0,2,2
62852,2,3,220347,220347,220350,0,3,0
62853,2,2,220349,220350,220352,1,3,0
62854,2,1,220351,220352,220353,1,2,0
62855,4,2,220355,220355,220357,0,2,2
62856,1,3,220356,220357,220360,1,4,0
62857,6,2,220362,220362,220364,0,2,2
62858,1,3,220363,220364,220367,1,4,0
62859,5,2,220368,220368,220370,0,2,1
62860,5,2,220373,220373,220375,0,2,3
62861,2,3,220375,220375,220378,0,3,0
62862,3,2,220378,220378,220380,0,2,0
62863,1,1,220379,220380,220381,1,2,0
62864,5,2,220384,220384,220386,0,2,3
62865,2,2,220386,220386,220388,0,2,0
62866,1,2,220387,220388,220390,1,3,0
62867,5,3,220392,220392,220395,0,3,2
62868,2,1,220394,220395,220396,1,2,0
62869,2,2,220396,220396,220398,0,2,0
62870,1,2,220397,220398,220400,1,3,0
62871,1,1,220398,220400,220401,2,3,0
62872,2,3,220400,220401,220404,1,4,0
62873,4,2,220404,220404,220406,0,2,0
62874,3,1,220407,220407,220408,0,1,1
62875,6,3,220413,220413,220416,0,3,5
62876,2,2,220415,220416,220418,1,3,0
62877,3,2,220418,220418,220420,0,2,0
62878,4,1,220422,220422,220423,0,1,2
62879,4,2,220426,220426,220428,0,2,3
62880,6,1,220432,220432,220433,0,1,4
62881,3,2,220435,220435,220437,0,2,2
62882,5,3,220440,220440,220443,0,3,3
62883,2,1,220442,220443,220444,1,2,0
62884,5,1,220447,220447,220448,0,1,3
62885,3,2,220450,220450,220452,0,2,2
62886,3,3,220453,220453,220456,0,3,1
62887,1,3,220454,220456,220459,2,5,0
62888,4,2,220458,220459,220461,1,3,0
62889,2,2,220460,220461,220463,1,3,0
62890,2,2,220462,220463,220465,1,3,0
62891,4,1,220466,220466,220467,0,1,1
62892,5,2,220471,220471,220473,0,2,4
62893,2,3,220473,220473,220476,0,3,0
62894,6,3,220479,220479,220482,0,3,3
62895,4,3,220483,220483,220486,0,3,1
62896,4,3,220487,220487,220490,0,3,1
62897,5,2,220492,220492,220494,0,2,2
62898,4,3,220496,220496,220499,0,3,2
62899,5,1,220501,220501,220502,0,1,2
62900,1,2,220502,220502,220504,0,2,0
62901,6,1,220508,220508,220509,0,1,4
62902,5,3,220513,220513,220516,0,3,4
62903,6,1,220519,220519,220520,0,1,3
62904,4,3,220523,220523,220526,0,3,3
62905,6,3,220529,220529,220532,0,3,3
62906,6,2,220535,220535,220537,0,2,3
62907,6,1,220541,220541,220542,0,1,4
62908,2,2,220543,220543,220545,0,2,1
62909,5,3,220548,220548,220551,0,3,3
62910,2,3,220550,220551,220554,1,4,0
62911,2,2,220552,220554,220556,2,4,0
62912,2,3,220554,220556,220559,2,5,0
62913,1,1,220555,220559,220560,4,5,0
62914,3,1,220558,220560,220561,2,3,0
62915,1,1,220559,220561,220562,2,3,0
62916,1,2,220560,220562,220564,2,4,0
62917,4,2,220564,220564,220566,0,2,0
62918,6,1,220570,220570,220571,0,1,4
62919,2,2,220572,220572,220574,0,2,1
62920,1,1,220573,220574,220575,1,2,0
62921,1,1,220574,220575,220576,1,2,0
62922,6,1,220580,220580,220581,0,1,4
62923,1,1,220581,220581,220582,0,1,0
62924,6,1,220587,220587,220588,0,1,5
62925,6,1,220593,220593,220594,0,1,5
62926,2,1,220595,220595,220596,0,1,1
62927,4,1,220599,220599,220600,0,1,3
62928,1,2,220600,220600,220602,0,2,0
62929,5,2,220605,220605,220607,0,2,3
62930,5,2,220610,220610,220612,0,2,3
62931,5,1,220615,220615,220616,0,1,3
62932,1,3,220616,220616,220619,0,3,0
62933,4,1,220620,220620,220621,0,1,1
62934,1,3,220621,220621,220624,0,3,0
62935,1,2,220622,220624,220626,2,4,0
62936,6,3,220628,220628,220631,0,3,2
62937,5,2,220633,220633,220635,0,2,2
62938,1,1,220634,220635,220636,1,2,0
62939,1,2,220635,220636,220638,1,3,0
62940,5,1,220640,220640,220641,0,1,2
62941,1,2,220641,220641,220643,0,2,0
62942,4,3,220645,220645,220648,0,3,2
62943,2,3,220647,220648,220651,1,4,0
62944,5,2,220652,220652,220654,0,2,1
62945,1,3,220653,220654,220657,1,4,0
62946,1,1,220654,220657,220658,3,4,0
62947,4,2,220658,220658,220660,0,2,0
62948,1,2,220659,220660,220662,1,3,0
62949,2,1,220661,220662,220663,1,2,0
62950,6,3,220667,220667,220670,0,3,4
62951,1,3,220668,220670,220673,2,5,0
62952,3,1,220671,220673,220674,2,3,0
62953,4,1,220675,220675,220676,0,1,1
62954,6,2,220681,220681,220683,0,2,5
62955,5,2,220686,220686,220688,0,2,3
62956,5,3,220691,220691,220694,0,3,3
62957,6,3,220697,220697,220700,0,3,3
62958,5,2,220702,220702,220704,0,2,2
62959,4,3,220706,220706,220709,0,3,2
62960,5,1,220711,220711,220712,0,1,2
62961,6,3,220717,220717,220720,0,3,5
62962,3,2,220720,220720,220722,0,2,0
62963,6,1,220726,220726,220727,0,1,4
62964,3,3,220729,220729,220732,0,3,2
62965,4,1,220733,220733,220734,0,1,1
62966,4,3,220737,220737,220740,0,3,3
62967,3,1,220740,220740,220741,0,1,0
62968,4,3,220744,220744,220747,0,3,3
62969,6,1,220750,220750,220751,0,1,3
62970,6,3,220756,220756,220759,0,3,5
62971,1,2,220757,220759,220761,2,4,0
62972,6,1,220763,220763,220764,0,1,2
62973,6,1,220769,220769,220770,0,1,5
62974,2,2,220771,220771,220773,0,2,1
62975,1,3,220772,220773,220776,1,4,0
62976,4,2,220776,220776,220778,0,2,0
62977,6,3,220782,220782,220785,0,3,4
62978,4,2,220786,220786,220788,0,2,1
62979,3,3,220789,220789,220792,0,3,1
62980,5,1,220794,220794,220795,0,1,2
62981,4,2,220798,220798,220800,0,2,3
62982,5,2,220803,220803,220805,0,2,3
62983,1,2,220804,220805,220807,1,3,0
62984,6,1,220810,220810,220811,0,1,3
62985,6,3,220816,220816,220819,0,3,5
62986,3,3,220819,220819,220822,0,3,0
62987,4,3,220823,220823,220826,0,3,1
62988,6,2,220829,220829,220831,0,2,3
62989,3,1,220832,220832,220833,0,1,1
62990,3,3,220835,220835,220838,0,3,2
62991,6,2,220841,220841,220843,0,2,3
62992,3,3,220844,220844,220847,0,3,1
62993,1,2,220845,220847,220849,2,4,0
62994,5,2,220850,220850,220852,0,2,1
62995,6,1,220856,220856,220857,0,1,4
62996,4,1,220860,220860,220861,0,1,3
62997,3,3,220863,220863,220866,0,3,2
62998,4,3,220867,220867,220870,0,3,1
62999,6,3,220873,220873,220876,0,3,3
63000,6,2,220879,220879,220881,0,2,3
63001,5,3,220884,220884,220887,0,3,3
63002,2,3,220886,220887,220890,1,4,0
63003,3,1,220889,220890,220891,1,2,0
63004,2,2,220891,220891,220893,0,2,0
63005,2,1,220893,220893,220894,0,1,0
63006,6,3,220899,220899,220902,0,3,5
63007,5,2,220904,220904,220906,0,2,2
63008,3,2,220907,220907,220909,0,2,1
63009,4,1,220911,220911,220912,0,1,2
63010,4,3,220915,220915,220918,0,3,3
63011,1,2,220916,220918,220920,2,4,0
63012,2,1,220918,220920,220921,2,3,0
63013,4,1,220922,220922,220923,0,1,1
63014,2,1,220924,220924,220925,0,1,1
63015,3,2,220927,220927,220929,0,2,2
63016,6,2,220933,220933,220935,0,2,4
63017,6,2,220939,220939,220941,0,2,4
63018,4,2,220943,220943,220945,0,2,2
63019,1,2,220944,220945,220947,1,3,0
63020,3,1,220947,220947,220948,0,1,0
63021,1,3,220948,220948,220951,0,3,0
63022,1,2,220949,220951,220953,2,4,0
63023,3,3,220952,220953,220956,1,4,0
63024,6,1,220958,220958,220959,0,1,2
63025,3,2,220961,220961,220963,0,2,2
63026,2,1,220963,220963,220964,0,1,0
63027,5,1,220968,220968,220969,0,1,4
63028,5,3,220973,220973,220976,0,3,4
63029,5,3,220978,220978,220981,0,3,2
63030,6,2,220984,220984,220986,0,2,3
63031,2,2,220986,220986,220988,0,2,0
63032,3,2,220989,220989,220991,0,2,1
63033,1,3,220990,220991,220994,1,4,0
63034,5,3,220995,220995,220998,0,3,1
63035,1,1,220996,220998,220999,2,3,0
63036,2,2,220998,220999,221001,1,3,0
63037,2,3,221000,221001,221004,1,4,0
63038,1,2,221001,221004,221006,3,5,0
63039,1,3,221002,221006,221009,4,7,0
63040,5,1,221007,221009,221010,2,3,0
63041,2,2,221009,221010,221012,1,3,0
63042,3,2,221012,221012,221014,0,2,0
63043,4,3,221016,221016,221019,0,3,2
63044,4,3,221020,221020,221023,0,3,1
63045,1,2,221021,221023,221025,2,4,0
63046,3,1,221024,221025,221026,1,2,0
63047,3,2,221027,221027,221029,0,2,1
63048,5,2,221032,221032,221034,0,2,3
63049,4,3,221036,221036,221039,0,3,2
63050,2,1,221038,221039,221040,1,2,0
63051,1,1,221039,221040,221041,1,2,0
63052,4,1,221043,221043,221044,0,1,2
63053,3,3,221046,221046,221049,0,3,2
63054,4,3,221050,221050,221053,0,3,1
63055,2,3,221052,221053,221056,1,4,0
63056,5,3,221057,221057,221060,0,3,1
63057,3,1,221060,221060,221061,0,1,0
63058,1,1,221061,221061,221062,0,1,0
63059,4,1,221065,221065,221066,0,1,3
63060,3,3,221068,221068,221071,0,3,2
63061,4,1,221072,221072,221073,0,1,1
63062,1,2,221073,221073,221075,0,2,0
63063,3,3,221076,221076,221079,0,3,1
63064,3,1,221079,221079,221080,0,1,0
63065,3,2,221082,221082,221084,0,2,2
63066,6,1,221088,221088,221089,0,1,4
63067,1,1,221089,221089,221090,0,1,0
63068,6,3,221095,221095,221098,0,3,5
63069,1,1,221096,221098,221099,2,3,0
63070,2,2,221098,221099,221101,1,3,0
63071,1,3,221099,221101,221104,2,5,0
63072,5,1,221104,221104,221105,0,1,0
63073,6,3,221110,221110,221113,0,3,5
63074,5,1,221115,221115,221116,0,1,2
63075,4,2,221119,221119,221121,0,2,3
63076,3,1,221122,221122,221123,0,1,1
63077,4,3,221126,221126,221129,0,3,3
63078,1,1,221127,221129,221130,2,3,0
63079,4,2,221131,221131,221133,0,2,1
63080,1,1,221132,221133,221134,1,2,0
63081,2,1,221134,221134,221135,0,1,0
63082,5,2,221139,221139,221141,0,2,4
63083,2,3,221141,221141,221144,0,3,0
63084,6,1,221147,221147,221148,0,1,3
63085,3,1,221150,221150,221151,0,1,2
63086,3,2,221153,221153,221155,0,2,2
63087,6,1,221159,221159,221160,0,1,4
63088,2,3,221161,221161,221164,0,3,1
63089,4,3,221165,221165,221168,0,3,1
63090,6,2,221171,221171,221173,0,2,3
63091,3,3,221174,221174,221177,0,3,1
63092,5,1,221179,221179,221180,0,1,2
63093,3,1,221182,221182,221183,0,1,2
63094,4,1,221186,221186,221187,0,1,3
63095,6,1,221192,221192,221193,0,1,5
63096,4,3,221196,221196,221199,0,3,3
63097,5,1,221201,221201,221202,0,1,2
63098,1,1,221202,221202,221203,0,1,0
63099,5,3,221207,221207,221210,0,3,4
63100,4,3,221211,221211,221214,0,3,1
63101,6,2,221217,221217,221219,0,2,3
63102,4,3,221221,221221,221224,0,3,2
63103,3,2,221224,221224,221226,0,2,0
63104,6,3,221230,221230,221233,0,3,4
63105,5,1,221235,221235,221236,0,1,2
63106,1,3,221236,221236,221239,0,3,0
63107,3,3,221239,221239,221242,0,3,0
63108,3,2,221242,221242,221244,0,2,0
63109,6,3,221248,221248,221251,0,3,4
63110,5,1,221253,221253,221254,0,1,2
63111,1,3,221254,221254,221257,0,3,0
63112,1,2,221255,221257,221259,2,4,0
63113,6,1,221261,221261,221262,0,1,2
63114,2,1,221263,221263,221264,0,1,1
63115,4,1,221267,221267,221268,0,1,3
63116,2,3,221269,221269,221272,0,3,1
63117,6,1,221275,221275,221276,0,1,3
63118,6,2,221281,221281,221283,0,2,5
63119,4,1,221285,221285,221286,0,1,2
63120,4,2,221289,221289,221291,0,2,3
63121,1,3,221290,221291,221294,1,4,0
63122,1,3,221291,221294,221297,3,6,0
63123,1,2,221292,221297,221299,5,7,0
63124,2,3,221294,221299,221302,5,8,0
63125,4,1,221298,221302,221303,4,5,0
63126,1,1,221299,221303,221304,4,5,0
63127,5,3,221304,221304,221307,0,3,0
63128,6,1,221310,221310,221311,0,1,3
63129,4,2,221314,221314,221316,0,2,3
63130,3,2,221317,221317,221319,0,2,1
63131,3,1,221320,221320,221321,0,1,1
63132,5,3,221325,221325,221328,0,3,4
63133,5,3,221330,221330,221333,0,3,2
63134,3,1,221333,221333,221334,0,1,0
63135,2,1,221335,221335,221336,0,1,1
63136,5,1,221340,221340,221341,0,1,4
63137,4,1,221344,221344,221345,0,1,3
63138,5,1,221349,221349,221350,0,1,4
63139,4,1,221353,221353,221354,0,1,3
63140,5,3,221358,221358,221361,0,3,4
63141,3,1,221361,221361,221362,0,1,0
63142,1,2,221362,221362,221364,0,2,0
63143,5,3,221367,221367,221370,0,3,3
63144,5,3,221372,221372,221375,0,3,2
63145,5,1,221377,221377,221378,0,1,2
63146,4,3,221381,221381,221384,0,3,3
63147,2,1,221383,221384,221385,1,2,0
63148,1,3,221384,221385,221388,1,4,0
63149,6,3,221390,221390,221393,0,3,2
63150,5,2,221395,221395,221397,0,2,2
63151,3,3,221398,221398,221401,0,3,1
63152,1,3,221399,221401,221404,2,5,0
63153,2,2,221401,221404,221406,3,5,0
63154,5,3,221406,221406,221409,0,3,0
63155,3,1,221409,221409,221410,0,1,0
63156,4,1,221413,221413,221414,0,1,3
63157,1,3,221414,221414,221417,0,3,0
63158,6,3,221420,221420,221423,0,3,3
63159,5,3,221425,221425,221428,0,3,2
63160,4,1,221429,221429,221430,0,1,1
63161,6,3,221435,221435,221438,0,3,5
63162,1,3,221436,221438,221441,2,5,0
63163,1,2,221437,221441,221443,4,6,0
63164,3,3,221440,221443,221446,3,6,0
63165,5,3,221445,221446,221449,1,4,0
63166,6,3,221451,221451,221454,0,3,2
63167,3,1,221454,221454,221455,0,1,0
63168,6,3,221460,221460,221463,0,3,5
63169,2,3,221462,221463,221466,1,4,0
63170,1,1,221463,221466,221467,3,4,0
63171,2,1,221465,221467,221468,2,3,0
63172,5,3,221470,221470,221473,0,3,2
63173,5,1,221475,221475,221476,0,1,2
63174,3,1,221478,221478,221479,0,1,2
63175,5,3,221483,221483,221486,0,3,4
63176,4,2,221487,221487,221489,0,2,1
63177,2,1,221489,221489,221490,0,1,0
63178,6,2,221495,221495,221497,0,2,5
63179,2,3,221497,221497,221500,0,3,0
63180,4,2,221501,221501,221503,0,2,1
63181,5,1,221506,221506,221507,0,1,3
63182,3,2,221509,221509,221511,0,2,2
63183,1,2,221510,221511,221513,1,3,0
63184,6,3,221516,221516,221519,0,3,3
63185,5,3,221521,221521,221524,0,3,2
63186,6,2,221527,221527,221529,0,2,3
63187,4,3,221531,221531,221534,0,3,2
63188,5,3,221536,221536,221539,0,3,2
63189,6,2,221542,221542,221544,0,2,3
63190,3,2,221545,221545,221547,0,2,1
63191,2,1,221547,221547,221548,0,1,0
63192,1,3,221548,221548,221551,0,3,0
63193,1,1,221549,221551,221552,2,3,0
63194,6,3,221555,221555,221558,0,3,3
63195,3,2,221558,221558,221560,0,2,0
63196,3,2,221561,221561,221563,0,2,1
63197,1,3,221562,221563,221566,1,4,0
63198,4,2,221566,221566,221568,0,2,0
63199,3,2,221569,221569,221571,0,2,1
63200,3,2,221572,221572,221574,0,2,1
63201,4,2,221576,221576,221578,0,2,2
63202,4,2,221580,221580,221582,0,2,2
63203,6,3,221586,221586,221589,0,3,4
63204,5,3,221591,221591,221594,0,3,2
63205,6,2,221597,221597,221599,0,2,3
63206,3,2,221600,221600,221602,0,2,1
63207,5,3,221605,221605,221608,0,3,3
63208,2,1,221607,221608,221609,1,2,0
63209,3,1,221610,221610,221611,0,1,1
63210,2,1,221612,221612,221613,0,1,1
63211,1,1,221613,221613,221614,0,1,0
63212,6,2,221619,221619,221621,0,2,5
63213,6,2,221625,221625,221627,0,2,4
63214,3,3,221628,221628,221631,0,3,1
63215,6,3,221634,221634,221637,0,3,3
63216,2,2,221636,221637,221639,1,3,0
63217,2,2,221638,221639,221641,1,3,0
63218,4,3,221642,221642,221645,0,3,1
63219,3,2,221645,221645,221647,0,2,0
63220,6,3,221651,221651,221654,0,3,4
63221,4,2,221655,221655,221657,0,2,1
63222,6,3,221661,221661,221664,0,3,4
63223,3,2,221664,221664,221666,0,2,0
63224,2,2,221666,221666,221668,0,2,0
63225,5,1,221671,221671,221672,0,1,3
63226,3,3,221674,221674,221677,0,3,2
63227,6,1,221680,221680,221681,0,1,3
63228,3,2,221683,221683,221685,0,2,2
63229,5,1,221688,221688,221689,0,1,3
63230,1,1,221689,221689,221690,0,1,0
63231,1,1,221690,221690,221691,0,1,0
63232,1,2,221691,221691,221693,0,2,0
63233,4,1,221695,221695,221696,0,1,2
63234,3,3,221698,221698,221701,0,3,2
63235,4,3,221702,221702,221705,0,3,1
63236,2,1,221704,221705,221706,1,2,0
63237,5,3,221709,221709,221712,0,3,3
63238,1,3,221710,221712,221715,2,5,0
63239,2,2,221712,221715,221717,3,5,0
63240,4,3,221716,221717,221720,1,4,0
63241,2,3,221718,221720,221723,2,5,0
63242,4,2,221722,221723,221725,1,3,0
63243,6,3,221728,221728,221731,0,3,3
63244,2,3,221730,221731,221734,1,4,0
63245,5,1,221735,221735,221736,0,1,1
63246,1,1,221736,221736,221737,0,1,0
63247,4,2,221740,221740,221742,0,2,3
63248,3,1,221743,221743,221744,0,1,1
63249,1,2,221744,221744,221746,0,2,0
63250,2,3,221746,221746,221749,0,3,0
63251,1,3,221747,221749,221752,2,5,0
63252,6,1,221753,221753,221754,0,1,1
63253,4,1,221757,221757,221758,0,1,3
63254,4,3,221761,221761,221764,0,3,3
63255,4,1,221765,221765,221766,0,1,1
63256,4,2,221769,221769,221771,0,2,3
63257,6,3,221775,221775,221778,0,3,4
63258,6,3,221781,221781,221784,0,3,3
63259,1,2,221782,221784,221786,2,4,0
63260,1,1,221783,221786,221787,3,4,0
63261,1,1,221784,221787,221788,3,4,0
63262,3,1,221787,221788,221789,1,2,0
63263,1,1,221788,221789,221790,1,2,0
63264,4,3,221792,221792,221795,0,3,2
63265,3,2,221795,221795,221797,0,2,0
63266,4,3,221799,221799,221802,0,3,2
63267,6,2,221805,221805,221807,0,2,3
63268,5,3,221810,221810,221813,0,3,3
63269,4,1,221814,221814,221815,0,1,1
63270,2,2,221816,221816,221818,0,2,1
63271,5,2,221821,221821,221823,0,2,3
63272,2,3,221823,221823,221826,0,3,0
63273,3,3,221826,221826,221829,0,3,0
63274,2,2,221828,221829,221831,1,3,0
63275,4,3,221832,221832,221835,0,3,1
63276,1,1,221833,221835,221836,2,3,0
63277,1,3,221834,221836,221839,2,5,0
63278,3,1,221837,221839,221840,2,3,0
63279,3,3,221840,221840,221843,0,3,0
63280,5,2,221845,221845,221847,0,2,2
63281,5,1,221850,221850,221851,0,1,3
63282,2,3,221852,221852,221855,0,3,1
63283,1,1,221853,221855,221856,2,3,0
63284,5,3,221858,221858,221861,0,3,2
63285,3,2,221861,221861,221863,0,2,0
63286,4,3,221865,221865,221868,0,3,2
63287,3,3,221868,221868,221871,0,3,0
63288,1,3,221869,221871,221874,2,5,0
63289,1,2,221870,221874,221876,4,6,0
63290,5,1,221875,221876,221877,1,2,0
63291,3,2,221878,221878,221880,0,2,1
63292,2,2,221880,221880,221882,0,2,0
63293,4,2,221884,221884,221886,0,2,2
63294,6,3,221890,221890,221893,0,3,4
63295,3,2,221893,221893,221895,0,2,0
63296,4,2,221897,221897,221899,0,2,2
63297,4,1,221901,221901,221902,0,1,2
63298,1,2,221902,221902,221904,0,2,0
63299,5,2,221907,221907,221909,0,2,3
63300,5,2,221912,221912,221914,0,2,3
63301,1,2,221913,221914,221916,1,3,0
63302,1,3,221914,221916,221919,2,5,0
63303,5,2,221919,221919,221921,0,2,0
63304,4,2,221923,221923,221925,0,2,2
63305,3,1,221926,221926,221927,0,1,1
63306,4,1,221930,221930,221931,0,1,3
63307,6,3,221936,221936,221939,0,3,5
63308,1,2,221937,221939,221941,2,4,0
63309,4,3,221941,221941,221944,0,3,0
63310,3,1,221944,221944,221945,0,1,0
63311,4,2,221948,221948,221950,0,2,3
63312,2,2,221950,221950,221952,0,2,0
63313,5,1,221955,221955,221956,0,1,3
63314,6,3,221961,221961,221964,0,3,5
63315,6,2,221967,221967,221969,0,2,3
63316,1,3,221968,221969,221972,1,4,0
63317,5,2,221973,221973,221975,0,2,1
63318,4,3,221977,221977,221980,0,3,2
63319,2,3,221979,221980,221983,1,4,0
63320,3,1,221982,221983,221984,1,2,0
63321,2,3,221984,221984,221987,0,3,0
63322,1,3,221985,221987,221990,2,5,0
63323,5,1,221990,221990,221991,0,1,0
63324,1,3,221991,221991,221994,0,3,0
63325,2,2,221993,221994,221996,1,3,0
63326,5,1,221998,221998,221999,0,1,2
63327,5,1,222003,222003,222004,0,1,4
63328,1,2,222004,222004,222006,0,2,0
63329,5,3,222009,222009,222012,0,3,3
63330,4,2,222013,222013,222015,0,2,1
63331,6,2,222019,222019,222021,0,2,4
63332,5,2,222024,222024,222026,0,2,3
63333,4,3,222028,222028,222031,0,3,2
63334,1,3,222029,222031,222034,2,5,0
63335,1,1,222030,222034,222035,4,5,0
63336,1,2,222031,222035,222037,4,6,0
63337,4,2,222035,222037,222039,2,4,0
63338,6,1,222041,222041,222042,0,1,2
63339,1,2,222042,222042,222044,0,2,0
63340,2,1,222044,222044,222045,0,1,0
63341,4,1,222048,222048,222049,0,1,3
63342,4,2,222052,222052,222054,0,2,3
63343,6,2,222058,222058,222060,0,2,4
63344,2,2,222060,222060,222062,0,2,0
63345,2,2,222062,222062,222064,0,2,0
63346,2,1,222064,222064,222065,0,1,0
63347,1,3,222065,222065,222068,0,3,0
63348,6,2,222071,222071,222073,0,2,3
63349,3,1,222074,222074,222075,0,1,1
63350,2,1,222076,222076,222077,0,1,1
63351,2,2,222078,222078,222080,0,2,1
63352,4,2,222082,222082,222084,0,2,2
63353,2,3,222084,222084,222087,0,3,0
63354,1,2,222085,222087,222089,2,4,0
63355,5,3,222090,222090,222093,0,3,1
63356,5,2,222095,222095,222097,0,2,2
63357,4,2,222099,222099,222101,0,2,2
63358,6,2,222105,222105,222107,0,2,4
63359,2,1,222107,222107,222108,0,1,0
63360,3,3,222110,222110,222113,0,3,2
63361,6,3,222116,222116,222119,0,3,3
63362,1,2,222117,222119,222121,2,4,0
63363,2,3,222119,222121,222124,2,5,0
63364,2,2,222121,222124,222126,3,5,0
63365,2,3,222123,222126,222129,3,6,0
63366,5,1,222128,222129,222130,1,2,0
63367,4,2,222132,222132,222134,0,2,2
63368,5,3,222137,222137,222140,0,3,3
63369,4,3,222141,222141,222144,0,3,1
63370,3,3,222144,222144,222147,0,3,0
63371,6,3,222150,222150,222153,0,3,3
63372,2,3,222152,222153,222156,1,4,0
63373,3,1,222155,222156,222157,1,2,0
63374,4,1,222159,222159,222160,0,1,2
63375,3,1,222162,222162,222163,0,1,2
63376,1,1,222163,222163,222164,0,1,0
63377,6,3,222169,222169,222172,0,3,5
63378,2,2,222171,222172,222174,1,3,0
63379,3,2,222174,222174,222176,0,2,0
63380,6,2,222180,222180,222182,0,2,4
63381,6,3,222186,222186,222189,0,3,4
63382,4,3,222190,222190,222193,0,3,1
63383,4,2,222194,222194,222196,0,2,1
63384,5,1,222199,222199,222200,0,1,3
63385,1,2,222200,222200,222202,0,2,0
63386,3,3,222203,222203,222206,0,3,1
63387,3,2,222206,222206,222208,0,2,0
63388,5,1,222211,222211,222212,0,1,3
63389,1,3,222212,222212,222215,0,3,0
63390,4,1,222216,222216,222217,0,1,1
63391,5,2,222221,222221,222223,0,2,4
63392,3,2,222224,222224,222226,0,2,1
63393,5,1,222229,222229,222230,0,1,3
63394,6,1,222235,222235,222236,0,1,5
63395,5,1,222240,222240,222241,0,1,4
63396,4,3,222244,222244,222247,0,3,3
63397,6,2,222250,222250,222252,0,2,3
63398,3,2,222253,222253,222255,0,2,1
63399,5,2,222258,222258,222260,0,2,3
63400,3,3,222261,222261,222264,0,3,1
63401,5,3,222266,222266,222269,0,3,2
63402,4,3,222270,222270,222273,0,3,1
63403,5,2,222275,222275,222277,0,2,2
63404,1,3,222276,222277,222280,1,4,0
63405,3,1,222279,222280,222281,1,2,0
63406,6,2,222285,222285,222287,0,2,4
63407,6,3,222291,222291,222294,0,3,4
63408,6,3,222297,222297,222300,0,3,3
63409,6,2,222303,222303,222305,0,2,3
63410,5,2,222308,222308,222310,0,2,3
63411,5,2,222313,222313,222315,0,2,3
63412,1,2,222314,222315,222317,1,3,0
63413,5,2,222319,222319,222321,0,2,2
63414,1,3,222320,222321,222324,1,4,0
63415,6,1,222326,222326,222327,0,1,2
63416,4,3,222330,222330,222333,0,3,3
63417,2,2,222332,222333,222335,1,3,0
63418,2,1,222334,222335,222336,1,2,0
63419,2,2,222336,222336,222338,0,2,0
63420,2,3,222338,222338,222341,0,3,0
63421,6,3,222344,222344,222347,0,3,3
63422,2,2,222346,222347,222349,1,3,0
63423,4,1,222350,222350,222351,0,1,1
63424,1,3,222351,222351,222354,0,3,0
63425,4,3,222355,222355,222358,0,3,1
63426,6,3,222361,222361,222364,0,3,3
63427,6,1,222367,222367,222368,0,1,3
63428,4,1,222371,222371,222372,0,1,3
63429,2,1,222373,222373,222374,0,1,1
63430,5,1,222378,222378,222379,0,1,4
63431,6,2,222384,222384,222386,0,2,5
63432,3,1,222387,222387,222388,0,1,1
63433,2,2,222389,222389,222391,0,2,1
63434,3,1,222392,222392,222393,0,1,1
63435,2,1,222394,222394,222395,0,1,1
63436,2,3,222396,222396,222399,0,3,1
63437,1,2,222397,222399,222401,2,4,0
63438,6,3,222403,222403,222406,0,3,2
63439,2,2,222405,222406,222408,1,3,0
63440,6,3,222411,222411,222414,0,3,3
63441,3,1,222414,222414,222415,0,1,0
63442,4,2,222418,222418,222420,0,2,3
63443,5,3,222423,222423,222426,0,3,3
63444,1,3,222424,222426,222429,2,5,0
63445,1,1,222425,222429,222430,4,5,0
63446,5,2,222430,222430,222432,0,2,0
63447,6,1,222436,222436,222437,0,1,4
63448,6,1,222442,222442,222443,0,1,5
63449,4,2,222446,222446,222448,0,2,3
63450,2,1,222448,222448,222449,0,1,0
63451,3,3,222451,222451,222454,0,3,2
63452,3,3,222454,222454,222457,0,3,0
63453,6,2,222460,222460,222462,0,2,3
63454,1,1,222461,222462,222463,1,2,0
63455,5,3,222466,222466,222469,0,3,3
63456,2,3,222468,222469,222472,1,4,0
63457,6,3,222474,222474,222477,0,3,2
63458,2,3,222476,222477,222480,1,4,0
63459,5,1,222481,222481,222482,0,1,1
63460,5,2,222486,222486,222488,0,2,4
63461,4,1,222490,222490,222491,0,1,2
63462,5,2,222495,222495,222497,0,2,4
63463,6,3,222501,222501,222504,0,3,4
63464,2,3,222503,222504,222507,1,4,0
63465,2,3,222505,222507,222510,2,5,0
63466,6,1,222511,222511,222512,0,1,1
63467,2,3,222513,222513,222516,0,3,1
63468,2,3,222515,222516,222519,1,4,0
63469,3,2,222518,222519,222521,1,3,0
63470,5,2,222523,222523,222525,0,2,2
63471,3,1,222526,222526,222527,0,1,1
63472,6,2,222532,222532,222534,0,2,5
63473,3,1,222535,222535,222536,0,1,1
63474,2,2,222537,222537,222539,0,2,1
63475,2,1,222539,222539,222540,0,1,0
63476,1,2,222540,222540,222542,0,2,0
63477,3,2,222543,222543,222545,0,2,1
63478,5,1,222548,222548,222549,0,1,3
63479,5,1,222553,222553,222554,0,1,4
63480,6,1,222559,222559,222560,0,1,5
63481,1,1,222560,222560,222561,0,1,0
63482,5,1,222565,222565,222566,0,1,4
63483,1,2,222566,222566,222568,0,2,0
63484,4,2,222570,222570,222572,0,2,2
63485,3,2,222573,222573,222575,0,2,1
63486,3,1,222576,222576,222577,0,1,1
63487,1,2,222577,222577,222579,0,2,0
63488,1,2,222578,222579,222581,1,3,0
63489,6,2,222584,222584,222586,0,2,3
63490,2,1,222586,222586,222587,0,1,0
63491,2,2,222588,222588,222590,0,2,1
63492,6,3,222594,222594,222597,0,3,4
63493,6,3,222600,222600,222603,0,3,3
63494,3,3,222603,222603,222606,0,3,0
63495,3,3,222606,222606,222609,0,3,0
63496,3,1,222609,222609,222610,0,1,0
63497,3,1,222612,222612,222613,0,1,2
63498,3,2,222615,222615,222617,0,2,2
63499,2,1,222617,222617,222618,0,1,0
63500,4,3,222621,222621,222624,0,3,3
63501,3,3,222624,222624,222627,0,3,0
63502,5,2,222629,222629,222631,0,2,2
63503,4,1,222633,222633,222634,0,1,2
63504,3,3,222636,222636,222639,0,3,2
63505,6,3,222642,222642,222645,0,3,3
63506,1,3,222643,222645,222648,2,5,0
63507,4,1,222647,222648,222649,1,2,0
63508,6,2,222653,222653,222655,0,2,4
63509,6,2,222659,222659,222661,0,2,4
63510,5,1,222664,222664,222665,0,1,3
63511,2,1,222666,222666,222667,0,1,1
63512,2,3,222668,222668,222671,0,3,1
63513,1,1,222669,222671,222672,2,3,0
63514,1,2,222670,222672,222674,2,4,0
63515,6,3,222676,222676,222679,0,3,2
63516,4,2,222680,222680,222682,0,2,1
63517,6,3,222686,222686,222689,0,3,4
63518,3,1,222689,222689,222690,0,1,0
63519,5,3,222694,222694,222697,0,3,4
63520,6,2,222700,222700,222702,0,2,3
63521,6,2,222706,222706,222708,0,2,4
63522,5,2,222711,222711,222713,0,2,3
63523,6,1,222717,222717,222718,0,1,4
63524,5,2,222722,222722,222724,0,2,4
63525,4,2,222726,222726,222728,0,2,2
63526,2,3,222728,222728,222731,0,3,0
63527,3,2,222731,222731,222733,0,2,0
63528,3,1,222734,222734,222735,0,1,1
63529,6,1,222740,222740,222741,0,1,5
63530,5,1,222745,222745,222746,0,1,4
63531,5,2,222750,222750,222752,0,2,4
63532,5,1,222755,222755,222756,0,1,3
63533,3,1,222758,222758,222759,0,1,2
63534,5,2,222763,222763,222765,0,2,4
63535,5,2,222768,222768,222770,0,2,3
63536,3,1,222771,222771,222772,0,1,1
63537,5,2,222776,222776,222778,0,2,4
63538,6,1,222782,222782,222783,0,1,4
63539,2,1,222784,222784,222785,0,1,1
63540,6,2,222790,222790,222792,0,2,5
63541,2,1,222792,222792,222793,0,1,0
63542,5,3,222797,222797,222800,0,3,4
63543,4,3,222801,222801,222804,0,3,1
63544,4,3,222805,222805,222808,0,3,1
63545,6,2,222811,222811,222813,0,2,3
63546,2,3,222813,222813,222816,0,3,0
63547,4,1,222817,222817,222818,0,1,1
63548,5,3,222822,222822,222825,0,3,4
63549,1,1,222823,222825,222826,2,3,0
63550,3,1,222826,222826,222827,0,1,0
63551,6,1,222832,222832,222833,0,1,5
63552,4,2,222836,222836,222838,0,2,3
63553,3,2,222839,222839,222841,0,2,1
63554,5,1,222844,222844,222845,0,1,3
63555,2,2,222846,222846,222848,0,2,1
63556,2,2,222848,222848,222850,0,2,0
63557,5,3,222853,222853,222856,0,3,3
63558,6,3,222859,222859,222862,0,3,3
63559,4,2,222863,222863,222865,0,2,1
63560,3,3,222866,222866,222869,0,3,1
63561,2,3,222868,222869,222872,1,4,0
63562,6,3,222874,222874,222877,0,3,2
63563,6,1,222880,222880,222881,0,1,3
63564,3,1,222883,222883,222884,0,1,2
63565,2,3,222885,222885,222888,0,3,1
63566,1,1,222886,222888,222889,2,3,0
63567,1,3,222887,222889,222892,2,5,0
63568,4,3,222891,222892,222895,1,4,0
63569,4,3,222895,222895,222898,0,3,0
63570,4,2,222899,222899,222901,0,2,1
63571,4,1,222903,222903,222904,0,1,2
63572,4,3,222907,222907,222910,0,3,3
63573,4,3,222911,222911,222914,0,3,1
63574,3,1,222914,222914,222915,0,1,0
63575,4,3,222918,222918,222921,0,3,3
63576,4,2,222922,222922,222924,0,2,1
63577,5,2,222927,222927,222929,0,2,3
63578,3,1,222930,222930,222931,0,1,1
63579,5,1,222935,222935,222936,0,1,4
63580,3,2,222938,222938,222940,0,2,2
63581,4,3,222942,222942,222945,0,3,2
63582,1,3,222943,222945,222948,2,5,0
63583,6,1,222949,222949,222950,0,1,1
63584,5,3,222954,222954,222957,0,3,4
63585,3,3,222957,222957,222960,0,3,0
63586,5,1,222962,222962,222963,0,1,2
63587,6,2,222968,222968,222970,0,2,5
63588,6,1,222974,222974,222975,0,1,4
63589,5,1,222979,222979,222980,0,1,4
63590,5,2,222984,222984,222986,0,2,4
63591,2,2,222986,222986,222988,0,2,0
63592,5,2,222991,222991,222993,0,2,3
63593,3,3,222994,222994,222997,0,3,1
63594,2,3,222996,222997,223000,1,4,0
63595,4,3,223000,223000,223003,0,3,0
63596,2,1,223002,223003,223004,1,2,0
63597,2,3,223004,223004,223007,0,3,0
63598,1,2,223005,223007,223009,2,4,0
63599,4,3,223009,223009,223012,0,3,0
63600,2,2,223011,223012,223014,1,3,0
63601,2,2,223013,223014,223016,1,3,0
63602,2,1,223015,223016,223017,1,2,0
63603,3,3,223018,223018,223021,0,3,1
63604,4,2,223022,223022,223024,0,2,1
63605,3,1,223025,223025,223026,0,1,1
63606,1,1,223026,223026,223027,0,1,0
63607,5,3,223031,223031,223034,0,3,4
63608,4,2,223035,223035,223037,0,2,1
63609,6,3,223041,223041,223044,0,3,4
63610,6,3,223047,223047,223050,0,3,3
63611,5,2,223052,223052,223054,0,2,2
63612,3,2,223055,223055,223057,0,2,1
63613,5,3,223060,223060,223063,0,3,3
63614,6,3,223066,223066,223069,0,3,3
63615,6,3,223072,223072,223075,0,3,3
63616,2,2,223074,223075,223077,1,3,0
63617,2,3,223076,223077,223080,1,4,0
63618,5,1,223081,223081,223082,0,1,1
63619,3,3,223084,223084,223087,0,3,2
63620,5,2,223089,223089,223091,0,2,2
63621,1,3,223090,223091,223094,1,4,0
63622,3,3,223093,223094,223097,1,4,0
63623,5,2,223098,223098,223100,0,2,1
63624,6,1,223104,223104,223105,0,1,4
63625,4,1,223108,223108,223109,0,1,3
63626,6,1,223114,223114,223115,0,1,5
63627,3,3,223117,223117,223120,0,3,2
63628,3,3,223120,223120,223123,0,3,0
63629,4,1,223124,223124,223125,0,1,1
63630,3,1,223127,223127,223128,0,1,2
63631,3,2,223130,223130,223132,0,2,2
63632,6,2,223136,223136,223138,0,2,4
63633,6,3,223142,223142,223145,0,3,4
63634,4,1,223146,223146,223147,0,1,1
63635,5,2,223151,223151,223153,0,2,4
63636,4,2,223155,223155,223157,0,2,2
63637,1,1,223156,223157,223158,1,2,0
63638,3,1,223159,223159,223160,0,1,1
63639,4,3,223163,223163,223166,0,3,3
63640,4,2,223167,223167,223169,0,2,1
63641,3,1,223170,223170,223171,0,1,1
63642,5,1,223175,223175,223176,0,1,4
63643,3,1,223178,223178,223179,0,1,2
63644,5,1,223183,223183,223184,0,1,4
63645,2,3,223185,223185,223188,0,3,1
63646,4,1,223189,223189,223190,0,1,1
63647,3,1,223192,223192,223193,0,1,2
63648,1,3,223193,223193,223196,0,3,0
63649,1,2,223194,223196,223198,2,4,0
63650,4,1,223198,223198,223199,0,1,0
63651,6,1,223204,223204,223205,0,1,5
63652,1,3,223205,223205,223208,0,3,0
63653,2,3,223207,223208,223211,1,4,0
63654,1,1,223208,223211,223212,3,4,0
63655,5,2,223213,223213,223215,0,2,1
63656,3,1,223216,223216,223217,0,1,1
63657,1,2,223217,223217,223219,0,2,0
63658,3,3,223220,223220,223223,0,3,1
63659,1,1,223221,223223,223224,2,3,0
63660,2,2,223223,223224,223226,1,3,0
63661,6,1,223229,223229,223230,0,1,3
63662,2,1,223231,223231,223232,0,1,1
63663,4,3,223235,223235,223238,0,3,3
63664,4,3,223239,223239,223242,0,3,1
63665,2,1,223241,223242,223243,1,2,0
63666,3,2,223244,223244,223246,0,2,1
63667,2,3,223246,223246,223249,0,3,0
63668,2,2,223248,223249,223251,1,3,0
63669,2,1,223250,223251,223252,1,2,0
63670,2,1,223252,223252,223253,0,1,0
63671,5,2,223257,223257,223259,0,2,4
63672,1,3,223258,223259,223262,1,4,0
63673,6,2,223264,223264,223266,0,2,2
63674,2,1,223266,223266,223267,0,1,0
63675,5,1,223271,223271,223272,0,1,4
63676,2,3,223273,223273,223276,0,3,1
63677,1,1,223274,223276,223277,2,3,0
63678,1,1,223275,223277,223278,2,3,0
63679,6,3,223281,223281,223284,0,3,3
63680,5,3,223286,223286,223289,0,3,2
63681,6,1,223292,223292,223293,0,1,3
63682,2,3,223294,223294,223297,0,3,1
63683,4,2,223298,223298,223300,0,2,1
63684,3,2,223301,223301,223303,0,2,1
63685,3,2,223304,223304,223306,0,2,1
63686,2,1,223306,223306,223307,0,1,0
63687,5,1,223311,223311,223312,0,1,4
63688,6,2,223317,223317,223319,0,2,5
63689,1,1,223318,223319,223320,1,2,0
63690,2,2,223320,223320,223322,0,2,0
63691,1,1,223321,223322,223323,1,2,0
63692,5,3,223326,223326,223329,0,3,3
63693,5,2,223331,223331,223333,0,2,2
63694,1,1,223332,223333,223334,1,2,0
63695,5,3,223337,223337,223340,0,3,3
63696,6,1,223343,223343,223344,0,1,3
63697,4,2,223347,223347,223349,0,2,3
63698,6,1,223353,223353,223354,0,1,4
63699,4,2,223357,223357,223359,0,2,3
63700,6,1,223363,223363,223364,0,1,4
63701,5,1,223368,223368,223369,0,1,4
63702,6,1,223374,223374,223375,0,1,5
63703,1,2,223375,223375,223377,0,2,0
63704,6,2,223381,223381,223383,0,2,4
63705,6,3,223387,223387,223390,0,3,4
63706,3,1,223390,223390,223391,0,1,0
63707,3,1,223393,223393,223394,0,1,2
63708,1,1,223394,223394,223395,0,1,0
63709,2,1,223396,223396,223397,0,1,1
63710,2,1,223398,223398,223399,0,1,1
63711,6,1,223404,223404,223405,0,1,5
63712,4,1,223408,223408,223409,0,1,3
63713,5,2,223413,223413,223415,0,2,4
63714,1,2,223414,223415,223417,1,3,0
63715,3,3,223417,223417,223420,0,3,0
63716,5,1,223422,223422,223423,0,1,2
63717,3,2,223425,223425,223427,0,2,2
63718,3,3,223428,223428,223431,0,3,1
63719,5,2,223433,223433,223435,0,2,2
63720,6,1,223439,223439,223440,0,1,4
63721,5,1,223444,223444,223445,0,1,4
63722,1,3,223445,223445,223448,0,3,0
63723,3,1,223448,223448,223449,0,1,0
63724,2,1,223450,223450,223451,0,1,1
63725,1,3,223451,223451,223454,0,3,0
63726,5,1,223456,223456,223457,0,1,2
63727,4,1,223460,223460,223461,0,1,3
63728,6,3,223466,223466,223469,0,3,5
63729,5,3,223471,223471,223474,0,3,2
63730,2,1,223473,223474,223475,1,2,0
63731,4,3,223477,223477,223480,0,3,2
63732,4,1,223481,223481,223482,0,1,1
63733,6,1,223487,223487,223488,0,1,5
63734,4,1,223491,223491,223492,0,1,3
63735,3,3,223494,223494,223497,0,3,2
63736,6,2,223500,223500,223502,0,2,3
63737,4,2,223504,223504,223506,0,2,2
63738,1,1,223505,223506,223507,1,2,0
63739,4,3,223509,223509,223512,0,3,2
63740,5,1,223514,223514,223515,0,1,2
63741,1,3,223515,223515,223518,0,3,0
63742,3,2,223518,223518,223520,0,2,0
63743,6,1,223524,223524,223525,0,1,4
63744,4,3,223528,223528,223531,0,3,3
63745,1,1,223529,223531,223532,2,3,0
63746,4,3,223533,223533,223536,0,3,1
63747,5,2,223538,223538,223540,0,2,2
63748,4,3,223542,223542,223545,0,3,2
63749,4,2,223546,223546,223548,0,2,1
63750,5,3,223551,223551,223554,0,3,3
63751,6,2,223557,223557,223559,0,2,3
63752,5,3,223562,223562,223565,0,3,3
63753,2,2,223564,223565,223567,1,3,0
63754,4,2,223568,223568,223570,0,2,1
63755,3,1,223571,223571,223572,0,1,1
63756,4,3,223575,223575,223578,0,3,3
63757,4,1,223579,223579,223580,0,1,1
63758,2,2,223581,223581,223583,0,2,1
63759,3,1,223584,223584,223585,0,1,1
63760,2,3,223586,223586,223589,0,3,1
63761,1,3,223587,223589,223592,2,5,0
63762,2,2,223589,223592,223594,3,5,0
63763,5,2,223594,223594,223596,0,2,0
63764,1,1,223595,223596,223597,1,2,0
63765,6,3,223601,223601,223604,0,3,4
63766,2,3,223603,223604,223607,1,4,0
63767,4,1,223607,223607,223608,0,1,0
63768,4,3,223611,223611,223614,0,3,3
63769,5,1,223616,223616,223617,0,1,2
63770,3,3,223619,223619,223622,0,3,2
63771,2,1,223621,223622,223623,1,2,0
63772,5,3,223626,223626,223629,0,3,3
63773,5,1,223631,223631,223632,0,1,2
63774,1,3,223632,223632,223635,0,3,0
63775,3,2,223635,223635,223637,0,2,0
63776,2,1,223637,223637,223638,0,1,0
63777,4,3,223641,223641,223644,0,3,3
63778,5,3,223646,223646,223649,0,3,2
63779,6,3,223652,223652,223655,0,3,3
63780,1,2,223653,223655,223657,2,4,0
63781,3,2,223656,223657,223659,1,3,0
63782,4,2,223660,223660,223662,0,2,1
63783,6,2,223666,223666,223668,0,2,4
63784,5,3,223671,223671,223674,0,3,3
63785,1,1,223672,223674,223675,2,3,0
63786,5,1,223677,223677,223678,0,1,2
63787,5,1,223682,223682,223683,0,1,4
63788,4,2,223686,223686,223688,0,2,3
63789,5,2,223691,223691,223693,0,2,3
63790,5,2,223696,223696,223698,0,2,3
63791,5,2,223701,223701,223703,0,2,3
63792,1,1,223702,223703,223704,1,2,0
63793,2,2,223704,223704,223706,0,2,0
63794,4,3,223708,223708,223711,0,3,2
63795,5,1,223713,223713,223714,0,1,2
63796,3,1,223716,223716,223717,0,1,2
63797,3,3,223719,223719,223722,0,3,2
63798,3,2,223722,223722,223724,0,2,0
63799,2,3,223724,223724,223727,0,3,0
63800,3,2,223727,223727,223729,0,2,0
63801,1,1,223728,223729,223730,1,2,0
63802,4,2,223732,223732,223734,0,2,2
63803,6,1,223738,223738,223739,0,1,4
63804,1,1,223739,223739,223740,0,1,0
63805,3,3,223742,223742,223745,0,3,2
63806,5,3,223747,223747,223750,0,3,2
63807,3,2,223750,223750,223752,0,2,0
63808,4,3,223754,223754,223757,0,3,2
63809,2,1,223756,223757,223758,1,2,0
63810,6,3,223762,223762,223765,0,3,4
63811,2,2,223764,223765,223767,1,3,0
63812,5,2,223769,223769,223771,0,2,2
63813,3,3,223772,223772,223775,0,3,1
63814,5,2,223777,223777,223779,0,2,2
63815,3,1,223780,223780,223781,0,1,1
63816,4,3,223784,223784,223787,0,3,3
63817,4,2,223788,223788,223790,0,2,1
63818,1,1,223789,223790,223791,1,2,0
63819,2,2,223791,223791,223793,0,2,0
63820,5,3,223796,223796,223799,0,3,3
63821,2,3,223798,223799,223802,1,4,0
63822,6,2,223804,223804,223806,0,2,2
63823,4,2,223808,223808,223810,0,2,2
63824,3,1,223811,223811,223812,0,1,1
63825,6,2,223817,223817,223819,0,2,5
63826,3,3,223820,223820,223823,0,3,1
63827,1,2,223821,223823,223825,2,4,0
63828,4,1,223825,223825,223826,0,1,0
63829,6,1,223831,223831,223832,0,1,5
63830,5,2,223836,223836,223838,0,2,4
63831,1,2,223837,223838,223840,1,3,0
63832,6,1,223843,223843,223844,0,1,3
63833,5,1,223848,223848,223849,0,1,4
63834,5,3,223853,223853,223856,0,3,4
63835,6,3,223859,223859,223862,0,3,3
63836,2,1,223861,223862,223863,1,2,0
63837,6,1,223867,223867,223868,0,1,4
63838,4,1,223871,223871,223872,0,1,3
63839,1,2,223872,223872,223874,0,2,0
63840,1,1,223873,223874,223875,1,2,0
63841,5,1,223878,223878,223879,0,1,3
63842,3,2,223881,223881,223883,0,2,2
63843,5,2,223886,223886,223888,0,2,3
63844,5,3,223891,223891,223894,0,3,3
63845,5,3,223896,223896,223899,0,3,2
63846,3,2,223899,223899,223901,0,2,0
63847,4,3,223903,223903,223906,0,3,2
63848,3,2,223906,223906,223908,0,2,0
63849,6,1,223912,223912,223913,0,1,4
63850,5,2,223917,223917,223919,0,2,4
63851,3,2,223920,223920,223922,0,2,1
63852,3,2,223923,223923,223925,0,2,1
63853,2,3,223925,223925,223928,0,3,0
63854,6,3,223931,223931,223934,0,3,3
63855,3,3,223934,223934,223937,0,3,0
63856,1,2,223935,223937,223939,2,4,0
63857,6,3,223941,223941,223944,0,3,2
63858,3,3,223944,223944,223947,0,3,0
63859,2,3,223946,223947,223950,1,4,0
63860,2,1,223948,223950,223951,2,3,0
63861,6,3,223954,223954,223957,0,3,3
63862,5,2,223959,223959,223961,0,2,2
63863,2,2,223961,223961,223963,0,2,0
63864,6,2,223967,223967,223969,0,2,4
63865,5,1,223972,223972,223973,0,1,3
63866,1,1,223973,223973,223974,0,1,0
63867,6,1,223979,223979,223980,0,1,5
63868,3,1,223982,223982,223983,0,1,2
63869,1,1,223983,223983,223984,0,1,0
63870,5,1,223988,223988,223989,0,1,4
63871,4,1,223992,223992,223993,0,1,3
63872,4,1,223996,223996,223997,0,1,3
63873,2,3,223998,223998,224001,0,3,1
63874,3,1,224001,224001,224002,0,1,0
63875,6,3,224007,224007,224010,0,3,5
63876,4,2,224011,224011,224013,0,2,1
63877,3,3,224014,224014,224017,0,3,1
63878,2,1,224016,224017,224018,1,2,0
63879,3,3,224019,224019,224022,0,3,1
63880,2,2,224021,224022,224024,1,3,0
63881,3,3,224024,224024,224027,0,3,0
63882,3,1,224027,224027,224028,0,1,0
63883,1,1,224028,224028,224029,0,1,0
63884,5,2,224033,224033,224035,0,2,4
63885,3,2,224036,224036,224038,0,2,1
63886,5,2,224041,224041,224043,0,2,3
63887,2,1,224043,224043,224044,0,1,0
63888,6,1,224049,224049,224050,0,1,5
63889,5,1,224054,224054,224055,0,1,4
63890,6,3,224060,224060,224063,0,3,5
63891,2,2,224062,224063,224065,1,3,0
63892,6,3,224068,224068,224071,0,3,3
63893,3,3,224071,224071,224074,0,3,0
63894,4,1,224075,224075,224076,0,1,1
63895,5,3,224080,224080,224083,0,3,4
63896,1,3,224081,224083,224086,2,5,0
63897,3,3,224084,224086,224089,2,5,0
63898,5,3,224089,224089,224092,0,3,0
63899,4,3,224093,224093,224096,0,3,1
63900,4,3,224097,224097,224100,0,3,1
63901,4,1,224101,224101,224102,0,1,1
63902,4,1,224105,224105,224106,0,1,3
63903,1,3,224106,224106,224109,0,3,0
63904,2,2,224108,224109,224111,1,3,0
63905,1,2,224109,224111,224113,2,4,0
63906,3,3,224112,224113,224116,1,4,0
63907,1,2,224113,224116,224118,3,5,0
63908,3,1,224116,224118,224119,2,3,0
63909,3,2,224119,224119,224121,0,2,0
63910,5,1,224124,224124,224125,0,1,3
63911,2,3,224126,224126,224129,0,3,1
63912,2,3,224128,224129,224132,1,4,0
63913,6,1,224134,224134,224135,0,1,2
63914,3,3,224137,224137,224140,0,3,2
63915,2,2,224139,224140,224142,1,3,0
63916,4,3,224143,224143,224146,0,3,1
63917,2,3,224145,224146,224149,1,4,0
63918,4,2,224149,224149,224151,0,2,0
63919,2,3,224151,224151,224154,0,3,0
63920,1,2,224152,224154,224156,2,4,0
63921,4,1,224156,224156,224157,0,1,0
63922,4,1,224160,224160,224161,0,1,3
63923,6,1,224166,224166,224167,0,1,5
63924,1,1,224167,224167,224168,0,1,0
63925,1,2,224168,224168,224170,0,2,0
63926,3,3,224171,224171,224174,0,3,1
63927,4,1,224175,224175,224176,0,1,1
63928,4,2,224179,224179,224181,0,2,3
63929,2,2,224181,224181,224183,0,2,0
63930,4,1,224185,224185,224186,0,1,2
63931,6,1,224191,224191,224192,0,1,5
63932,1,1,224192,224192,224193,0,1,0
63933,3,2,224195,224195,224197,0,2,2
63934,3,3,224198,224198,224201,0,3,1
63935,6,2,224204,224204,224206,0,2,3
63936,3,3,224207,224207,224210,0,3,1
63937,4,2,224211,224211,224213,0,2,1
63938,5,2,224216,224216,224218,0,2,3
63939,6,1,224222,224222,224223,0,1,4
63940,1,2,224223,224223,224225,0,2,0
63941,4,1,224227,224227,224228,0,1,2
63942,5,3,224232,224232,224235,0,3,4
63943,1,1,224233,224235,224236,2,3,0
63944,4,1,224237,224237,224238,0,1,1
63945,6,3,224243,224243,224246,0,3,5
63946,5,2,224248,224248,224250,0,2,2
63947,6,1,224254,224254,224255,0,1,4
63948,3,1,224257,224257,224258,0,1,2
63949,6,2,224263,224263,224265,0,2,5
63950,2,2,224265,224265,224267,0,2,0
63951,1,1,224266,224267,224268,1,2,0
63952,3,1,224269,224269,224270,0,1,1
63953,5,1,224274,224274,224275,0,1,4
63954,1,3,224275,224275,224278,0,3,0
63955,6,1,224281,224281,224282,0,1,3
63956,4,3,224285,224285,224288,0,3,3
63957,4,1,224289,224289,224290,0,1,1
63958,5,3,224294,224294,224297,0,3,4
63959,6,1,224300,224300,224301,0,1,3
63960,1,3,224301,224301,224304,0,3,0
63961,2,2,224303,224304,224306,1,3,0
63962,4,2,224307,224307,224309,0,2,1
63963,3,1,224310,224310,224311,0,1,1
63964,5,3,224315,224315,224318,0,3,4
63965,6,2,224321,224321,224323,0,2,3
63966,4,3,224325,224325,224328,0,3,2
63967,6,2,224331,224331,224333,0,2,3
63968,3,2,224334,224334,224336,0,2,1
63969,5,1,224339,224339,224340,0,1,3
63970,5,1,224344,224344,224345,0,1,4
63971,1,3,224345,224345,224348,0,3,0
63972,3,3,224348,224348,224351,0,3,0
63973,2,1,224350,224351,224352,1,2,0
63974,6,3,224356,224356,224359,0,3,4
63975,6,3,224362,224362,224365,0,3,3
63976,2,2,224364,224365,224367,1,3,0
63977,3,2,224367,224367,224369,0,2,0
63978,4,2,224371,224371,224373,0,2,2
63979,2,3,224373,224373,224376,0,3,0
63980,6,2,224379,224379,224381,0,2,3
63981,2,2,224381,224381,224383,0,2,0
63982,3,3,224384,224384,224387,0,3,1
63983,6,3,224390,224390,224393,0,3,3
63984,5,2,224395,224395,224397,0,2,2
63985,2,2,224397,224397,224399,0,2,0
63986,5,3,224402,224402,224405,0,3,3
63987,1,1,224403,224405,224406,2,3,0
63988,2,1,224405,224406,224407,1,2,0
63989,2,1,224407,224407,224408,0,1,0
63990,6,1,224413,224413,224414,0,1,5
63991,2,3,224415,224415,224418,0,3,1
63992,2,2,224417,224418,224420,1,3,0
63993,6,2,224423,224423,224425,0,2,3
63994,3,3,224426,224426,224429,0,3,1
63995,2,3,224428,224429,224432,1,4,0
63996,3,3,224431,224432,224435,1,4,0
63997,6,1,224437,224437,224438,0,1,2
63998,4,1,224441,224441,224442,0,1,3
63999,3,3,224444,224444,224447,0,3,2
64000,2,3,224446,224447,224450,1,4,0
64001,5,2,224451,224451,224453,0,2,1
64002,4,3,224455,224455,224458,0,3,2
64003,3,3,224458,224458,224461,0,3,0
64004,3,1,224461,224461,224462,0,1,0
64005,2,2,224463,224463,224465,0,2,1
64006,3,2,224466,224466,224468,0,2,1
64007,6,1,224472,224472,224473,0,1,4
64008,6,3,224478,224478,224481,0,3,5
64009,5,1,224483,224483,224484,0,1,2
64010,1,1,224484,224484,224485,0,1,0
64011,5,1,224489,224489,224490,0,1,4
64012,6,2,224495,224495,224497,0,2,5
64013,2,1,224497,224497,224498,0,1,0
64014,5,1,224502,224502,224503,0,1,4
64015,5,2,224507,224507,224509,0,2,4
64016,1,1,224508,224509,224510,1,2,0
64017,2,3,224510,224510,224513,0,3,0
64018,5,3,224515,224515,224518,0,3,2
64019,3,3,224518,224518,224521,0,3,0
64020,1,3,224519,224521,224524,2,5,0
64021,6,1,224525,224525,224526,0,1,1
64022,5,1,224530,224530,224531,0,1,4
64023,5,2,224535,224535,224537,0,2,4
64024,3,1,224538,224538,224539,0,1,1
64025,3,3,224541,224541,224544,0,3,2
64026,2,2,224543,224544,224546,1,3,0
64027,6,3,224549,224549,224552,0,3,3
64028,5,2,224554,224554,224556,0,2,2
64029,2,2,224556,224556,224558,0,2,0
64030,4,1,224560,224560,224561,0,1,2
64031,1,3,224561,224561,224564,0,3,0
64032,2,1,224563,224564,224565,1,2,0
64033,5,1,224568,224568,224569,0,1,3
64034,6,3,224574,224574,224577,0,3,5
64035,4,1,224578,224578,224579,0,1,1
64036,4,2,224582,224582,224584,0,2,3
64037,1,3,224583,224584,224587,1,4,0
64038,3,3,224586,224587,224590,1,4,0
64039,6,2,224592,224592,224594,0,2,2
64040,2,3,224594,224594,224597,0,3,0
64041,2,2,224596,224597,224599,1,3,0
64042,3,3,224599,224599,224602,0,3,0
64043,5,3,224604,224604,224607,0,3,2
64044,2,3,224606,224607,224610,1,4,0
64045,4,2,224610,224610,224612,0,2,0
64046,5,1,224615,224615,224616,0,1,3
64047,5,2,224620,224620,224622,0,2,4
64048,6,2,224626,224626,224628,0,2,4
64049,3,2,224629,224629,224631,0,2,1
64050,6,2,224635,224635,224637,0,2,4
64051,3,3,224638,224638,224641,0,3,1
64052,1,1,224639,224641,224642,2,3,0
64053,3,2,224642,224642,224644,0,2,0
64054,3,1,224645,224645,224646,0,1,1
64055,6,2,224651,224651,224653,0,2,5
64056,6,2,224657,224657,224659,0,2,4
64057,2,2,224659,224659,224661,0,2,0
64058,5,3,224664,224664,224667,0,3,3
64059,3,2,224667,224667,224669,0,2,0
64060,4,1,224671,224671,224672,0,1,2
64061,2,1,224673,224673,224674,0,1,1
64062,2,1,224675,224675,224676,0,1,1
64063,4,3,224679,224679,224682,0,3,3
64064,6,2,224685,224685,224687,0,2,3
64065,3,2,224688,224688,224690,0,2,1
64066,1,2,224689,224690,224692,1,3,0
64067,2,3,224691,224692,224695,1,4,0
64068,1,1,224692,224695,224696,3,4,0
64069,4,3,224696,224696,224699,0,3,0
64070,3,3,224699,224699,224702,0,3,0
64071,3,2,224702,224702,224704,0,2,0
64072,5,2,224707,224707,224709,0,2,3
64073,4,2,224711,224711,224713,0,2,2
64074,2,3,224713,224713,224716,0,3,0
64075,3,2,224716,224716,224718,0,2,0
64076,5,3,224721,224721,224724,0,3,3
64077,6,2,224727,224727,224729,0,2,3
64078,5,3,224732,224732,224735,0,3,3
64079,4,2,224736,224736,224738,0,2,1
64080,6,2,224742,224742,224744,0,2,4
64081,1,3,224743,224744,224747,1,4,0
64082,6,3,224749,224749,224752,0,3,2
64083,3,1,224752,224752,224753,0,1,0
64084,4,2,224756,224756,224758,0,2,3
64085,3,2,224759,224759,224761,0,2,1
64086,1,2,224760,224761,224763,1,3,0
64087,1,2,224761,224763,224765,2,4,0
64088,2,3,224763,224765,224768,2,5,0
64089,6,2,224769,224769,224771,0,2,1
64090,1,3,224770,224771,224774,1,4,0
64091,4,2,224774,224774,224776,0,2,0
64092,4,3,224778,224778,224781,0,3,2
64093,4,2,224782,224782,224784,0,2,1
64094,1,1,224783,224784,224785,1,2,0
64095,4,1,224787,224787,224788,0,1,2
64096,6,2,224793,224793,224795,0,2,5
64097,4,2,224797,224797,224799,0,2,2
64098,4,2,224801,224801,224803,0,2,2
64099,1,1,224802,224803,224804,1,2,0
64100,5,1,224807,224807,224808,0,1,3
64101,6,1,224813,224813,224814,0,1,5
64102,2,1,224815,224815,224816,0,1,1
64103,3,1,224818,224818,224819,0,1,2
64104,2,3,224820,224820,224823,0,3,1
64105,2,3,224822,224823,224826,1,4,0
64106,3,2,224825,224826,224828,1,3,0
64107,3,3,224828,224828,224831,0,3,0
64108,1,1,224829,224831,224832,2,3,0
64109,6,1,224835,224835,224836,0,1,3
64110,4,1,224839,224839,224840,0,1,3
64111,5,3,224844,224844,224847,0,3,4
64112,6,2,224850,224850,224852,0,2,3
64113,1,3,224851,224852,224855,1,4,0
64114,6,2,224857,224857,224859,0,2,2
64115,5,3,224862,224862,224865,0,3,3
64116,5,2,224867,224867,224869,0,2,2
64117,6,1,224873,224873,224874,0,1,4
64118,2,2,224875,224875,224877,0,2,1
64119,6,2,224881,224881,224883,0,2,4
64120,6,3,224887,224887,224890,0,3,4
64121,4,3,224891,224891,224894,0,3,1
64122,5,1,224896,224896,224897,0,1,2
64123,5,3,224901,224901,224904,0,3,4
64124,4,1,224905,224905,224906,0,1,1
64125,4,3,224909,224909,224912,0,3,3
64126,6,1,224915,224915,224916,0,1,3
64127,3,2,224918,224918,224920,0,2,2
64128,2,1,224920,224920,224921,0,1,0
64129,4,2,224924,224924,224926,0,2,3
64130,6,2,224930,224930,224932,0,2,4
64131,4,3,224934,224934,224937,0,3,2
64132,3,3,224937,224937,224940,0,3,0
64133,5,1,224942,224942,224943,0,1,2
64134,6,1,224948,224948,224949,0,1,5
64135,2,2,224950,224950,224952,0,2,1
64136,3,1,224953,224953,224954,0,1,1
64137,1,2,224954,224954,224956,0,2,0
64138,4,1,224958,224958,224959,0,1,2
64139,2,2,224960,224960,224962,0,2,1
64140,2,3,224962,224962,224965,0,3,0
64141,4,1,224966,224966,224967,0,1,1
64142,1,1,224967,224967,224968,0,1,0
64143,3,1,224970,224970,224971,0,1,2
64144,2,2,224972,224972,224974,0,2,1
64145,4,3,224976,224976,224979,0,3,2
64146,5,1,224981,224981,224982,0,1,2
64147,6,3,224987,224987,224990,0,3,5
64148,3,2,224990,224990,224992,0,2,0
64149,6,2,224996,224996,224998,0,2,4
64150,3,2,224999,224999,225001,0,2,1
64151,2,1,225001,225001,225002,0,1,0
64152,3,1,225004,225004,225005,0,1,2
64153,5,3,225009,225009,225012,0,3,4
64154,6,3,225015,225015,225018,0,3,3
64155,2,1,225017,225018,225019,1,2,0
64156,2,3,225019,225019,225022,0,3,0
64157,2,1,225021,225022,225023,1,2,0
64158,2,1,225023,225023,225024,0,1,0
64159,6,3,225029,225029,225032,0,3,5
64160,2,3,225031,225032,225035,1,4,0
64161,3,3,225034,225035,225038,1,4,0
64162,1,2,225035,225038,225040,3,5,0
64163,1,1,225036,225040,225041,4,5,0
64164,4,3,225040,225041,225044,1,4,0
64165,2,2,225042,225044,225046,2,4,0
64166,6,2,225048,225048,225050,0,2,2
64167,3,2,225051,225051,225053,0,2,1
64168,5,2,225056,225056,225058,0,2,3
64169,5,3,225061,225061,225064,0,3,3
64170,1,2,225062,225064,225066,2,4,0
64171,1,2,225063,225066,225068,3,5,0
64172,4,2,225067,225068,225070,1,3,0
64173,5,2,225072,225072,225074,0,2,2
64174,6,2,225078,225078,225080,0,2,4
64175,5,2,225083,225083,225085,0,2,3
64176,5,3,225088,225088,225091,0,3,3
64177,2,2,225090,225091,225093,1,3,0
64178,3,3,225093,225093,225096,0,3,0
64179,5,3,225098,225098,225101,0,3,2
64180,2,3,225100,225101,225104,1,4,0
64181,3,1,225103,225104,225105,1,2,0
64182,4,3,225107,225107,225110,0,3,2
64183,6,2,225113,225113,225115,0,2,3
64184,3,3,225116,225116,225119,0,3,1
64185,6,3,225122,225122,225125,0,3,3
64186,6,3,225128,225128,225131,0,3,3
64187,6,3,225134,225134,225137,0,3,3
64188,1,3,225135,225137,225140,2,5,0
64189,2,1,225137,225140,225141,3,4,0
64190,1,2,225138,225141,225143,3,5,0
64191,5,3,225143,225143,225146,0,3,0
64192,3,3,225146,225146,225149,0,3,0
64193,1,3,225147,225149,225152,2,5,0
64194,3,1,225150,225152,225153,2,3,0
64195,5,3,225155,225155,225158,0,3,2
64196,1,2,225156,225158,225160,2,4,0
64197,2,1,225158,225160,225161,2,3,0
64198,1,3,225159,225161,225164,2,5,0
64199,3,3,225162,225164,225167,2,5,0
64200,4,2,225166,225167,225169,1,3,0
64201,3,2,225169,225169,225171,0,2,0
64202,3,2,225172,225172,225174,0,2,1
64203,4,3,225176,225176,225179,0,3,2
64204,4,3,225180,225180,225183,0,3,1
64205,1,2,225181,225183,225185,2,4,0
64206,4,2,225185,225185,225187,0,2,0
64207,2,2,225187,225187,225189,0,2,0
64208,1,1,225188,225189,225190,1,2,0
64209,6,3,225194,225194,225197,0,3,4
64210,3,2,225197,225197,225199,0,2,0
64211,3,3,225200,225200,225203,0,3,1
64212,5,2,225205,225205,225207,0,2,2
64213,5,3,225210,225210,225213,0,3,3
64214,4,3,225214,225214,225217,0,3,1
64215,4,1,225218,225218,225219,0,1,1
64216,5,2,225223,225223,225225,0,2,4
64217,1,2,225224,225225,225227,1,3,0
64218,2,1,225226,225227,225228,1,2,0
64219,4,3,225230,225230,225233,0,3,2
64220,3,1,225233,225233,225234,0,1,0
64221,1,3,225234,225234,225237,0,3,0
64222,1,1,225235,225237,225238,2,3,0
64223,5,2,225240,225240,225242,0,2,2
64224,3,2,225243,225243,225245,0,2,1
64225,4,1,225247,225247,225248,0,1,2
64226,6,1,225253,225253,225254,0,1,5
64227,2,3,225255,225255,225258,0,3,1
64228,3,2,225258,225258,225260,0,2,0
64229,2,3,225260,225260,225263,0,3,0
64230,2,3,225262,225263,225266,1,4,0
64231,1,2,225263,225266,225268,3,5,0
64232,6,3,225269,225269,225272,0,3,1
64233,1,2,225270,225272,225274,2,4,0
64234,4,3,225274,225274,225277,0,3,0
64235,6,3,225280,225280,225283,0,3,3
64236,3,3,225283,225283,225286,0,3,0
64237,5,1,225288,225288,225289,0,1,2
64238,6,2,225294,225294,225296,0,2,5
64239,6,2,225300,225300,225302,0,2,4
64240,3,3,225303,225303,225306,0,3,1
64241,5,2,225308,225308,225310,0,2,2
64242,2,3,225310,225310,225313,0,3,0
64243,3,2,225313,225313,225315,0,2,0
64244,3,2,225316,225316,225318,0,2,1
64245,6,2,225322,225322,225324,0,2,4
64246,2,2,225324,225324,225326,0,2,0
64247,1,3,225325,225326,225329,1,4,0
64248,5,2,225330,225330,225332,0,2,1
64249,2,3,225332,225332,225335,0,3,0
64250,2,2,225334,225335,225337,1,3,0
64251,5,1,225339,225339,225340,0,1,2
64252,3,3,225342,225342,225345,0,3,2
64253,4,2,225346,225346,225348,0,2,1
64254,4,1,225350,225350,225351,0,1,2
64255,6,1,225356,225356,225357,0,1,5
64256,2,1,225358,225358,225359,0,1,1
64257,1,1,225359,225359,225360,0,1,0
64258,2,2,225361,225361,225363,0,2,1
64259,1,2,225362,225363,225365,1,3,0
64260,6,2,225368,225368,225370,0,2,3
64261,1,2,225369,225370,225372,1,3,0
64262,3,2,225372,225372,225374,0,2,0
64263,6,2,225378,225378,225380,0,2,4
64264,3,2,225381,225381,225383,0,2,1
64265,6,1,225387,225387,225388,0,1,4
64266,3,3,225390,225390,225393,0,3,2
64267,1,1,225391,225393,225394,2,3,0
64268,4,2,225395,225395,225397,0,2,1
64269,2,1,225397,225397,225398,0,1,0
64270,5,3,225402,225402,225405,0,3,4
64271,3,2,225405,225405,225407,0,2,0
64272,1,1,225406,225407,225408,1,2,0
64273,5,3,225411,225411,225414,0,3,3
64274,3,1,225414,225414,225415,0,1,0
64275,5,2,225419,225419,225421,0,2,4
64276,4,3,225423,225423,225426,0,3,2
64277,2,1,225425,225426,225427,1,2,0
64278,5,2,225430,225430,225432,0,2,3
64279,1,2,225431,225432,225434,1,3,0
64280,3,3,225434,225434,225437,0,3,0
64281,6,2,225440,225440,225442,0,2,3
64282,4,2,225444,225444,225446,0,2,2
64283,3,3,225447,225447,225450,0,3,1
64284,2,3,225449,225450,225453,1,4,0
64285,3,3,225452,225453,225456,1,4,0
64286,1,2,225453,225456,225458,3,5,0
64287,3,1,225456,225458,225459,2,3,0
64288,2,1,225458,225459,225460,1,2,0
64289,4,1,225462,225462,225463,0,1,2
64290,6,2,225468,225468,225470,0,2,5
64291,3,3,225471,225471,225474,0,3,1
64292,4,2,225475,225475,225477,0,2,1
64293,3,2,225478,225478,225480,0,2,1
64294,6,3,225484,225484,225487,0,3,4
64295,1,1,225485,225487,225488,2,3,0
64296,4,3,225489,225489,225492,0,3,1
64297,6,3,225495,225495,225498,0,3,3
64298,2,3,225497,225498,225501,1,4,0
64299,3,3,225500,225501,225504,1,4,0
64300,3,1,225503,225504,225505,1,2,0
64301,3,2,225506,225506,225508,0,2,1
64302,2,2,225508,225508,225510,0,2,0
64303,2,3,225510,225510,225513,0,3,0
64304,3,2,225513,225513,225515,0,2,0
64305,3,2,225516,225516,225518,0,2,1
64306,1,1,225517,225518,225519,1,2,0
64307,1,3,225518,225519,225522,1,4,0
64308,3,1,225521,225522,225523,1,2,0
64309,2,1,225523,225523,225524,0,1,0
64310,4,3,225527,225527,225530,0,3,3
64311,1,1,225528,225530,225531,2,3,0
64312,6,1,225534,225534,225535,0,1,3
64313,2,2,225536,225536,225538,0,2,1
64314,3,2,225539,225539,225541,0,2,1
64315,2,3,225541,225541,225544,0,3,0
64316,2,1,225543,225544,225545,1,2,0
64317,2,2,225545,225545,225547,0,2,0
64318,3,3,225548,225548,225551,0,3,1
64319,6,2,225554,225554,225556,0,2,3
64320,2,2,225556,225556,225558,0,2,0
64321,2,1,225558,225558,225559,0,1,0
64322,6,3,225564,225564,225567,0,3,5
64323,5,3,225569,225569,225572,0,3,2
64324,2,3,225571,225572,225575,1,4,0
64325,3,3,225574,225575,225578,1,4,0
64326,5,3,225579,225579,225582,0,3,1
64327,1,2,225580,225582,225584,2,4,0
64328,1,3,225581,225584,225587,3,6,0
64329,6,2,225587,225587,225589,0,2,0
64330,5,1,225592,225592,225593,0,1,3
64331,5,3,225597,225597,225600,0,3,4
64332,5,3,225602,225602,225605,0,3,2
64333,4,1,225606,225606,225607,0,1,1
64334,6,1,225612,225612,225613,0,1,5
64335,1,1,225613,225613,225614,0,1,0
64336,6,3,225619,225619,225622,0,3,5
64337,5,1,225624,225624,225625,0,1,2
64338,2,3,225626,225626,225629,0,3,1
64339,3,2,225629,225629,225631,0,2,0
64340,6,2,225635,225635,225637,0,2,4
64341,3,1,225638,225638,225639,0,1,1
64342,3,2,225641,225641,225643,0,2,2
64343,6,2,225647,225647,225649,0,2,4
64344,2,2,225649,225649,225651,0,2,0
64345,1,3,225650,225651,225654,1,4,0
64346,5,3,225655,225655,225658,0,3,1
64347,2,1,225657,225658,225659,1,2,0
64348,6,3,225663,225663,225666,0,3,4
64349,3,2,225666,225666,225668,0,2,0
64350,1,2,225667,225668,225670,1,3,0
64351,3,2,225670,225670,225672,0,2,0
64352,6,3,225676,225676,225679,0,3,4
64353,3,2,225679,225679,225681,0,2,0
64354,6,2,225685,225685,225687,0,2,4
64355,3,3,225688,225688,225691,0,3,1
64356,4,2,225692,225692,225694,0,2,1
64357,3,1,225695,225695,225696,0,1,1
64358,6,3,225701,225701,225704,0,3,5
64359,6,3,225707,225707,225710,0,3,3
64360,1,2,225708,225710,225712,2,4,0
64361,6,1,225714,225714,225715,0,1,2
64362,3,3,225717,225717,225720,0,3,2
64363,2,1,225719,225720,225721,1,2,0
64364,6,2,225725,225725,225727,0,2,4
64365,6,1,225731,225731,225732,0,1,4
64366,4,1,225735,225735,225736,0,1,3
64367,1,3,225736,225736,225739,0,3,0
64368,5,2,225741,225741,225743,0,2,2
64369,5,1,225746,225746,225747,0,1,3
64370,6,1,225752,225752,225753,0,1,5
64371,5,2,225757,225757,225759,0,2,4
64372,4,2,225761,225761,225763,0,2,2
64373,4,2,225765,225765,225767,0,2,2
64374,5,1,225770,225770,225771,0,1,3
64375,4,1,225774,225774,225775,0,1,3
64376,1,3,225775,225775,225778,0,3,0
64377,2,1,225777,225778,225779,1,2,0
64378,5,2,225782,225782,225784,0,2,3
64379,6,3,225788,225788,225791,0,3,4
64380,1,2,225789,225791,225793,2,4,0
64381,6,3,225795,225795,225798,0,3,2
64382,1,2,225796,225798,225800,2,4,0
64383,6,3,225802,225802,225805,0,3,2
64384,2,3,225804,225805,225808,1,4,0
64385,3,2,225807,225808,225810,1,3,0
64386,5,3,225812,225812,225815,0,3,2
64387,6,2,225818,225818,225820,0,2,3
64388,6,1,225824,225824,225825,0,1,4
64389,1,3,225825,225825,225828,0,3,0
64390,4,1,225829,225829,225830,0,1,1
64391,4,2,225833,225833,225835,0,2,3
64392,1,3,225834,225835,225838,1,4,0
64393,2,1,225836,225838,225839,2,3,0
64394,5,2,225841,225841,225843,0,2,2
64395,3,3,225844,225844,225847,0,3,1
64396,3,1,225847,225847,225848,0,1,0
64397,2,1,225849,225849,225850,0,1,1
64398,3,2,225852,225852,225854,0,2,2
64399,1,2,225853,225854,225856,1,3,0
64400,1,2,225854,225856,225858,2,4,0
64401,2,3,225856,225858,225861,2,5,0
64402,5,2,225861,225861,225863,0,2,0
64403,1,3,225862,225863,225866,1,4,0
64404,1,1,225863,225866,225867,3,4,0
64405,2,1,225865,225867,225868,2,3,0
64406,2,1,225867,225868,225869,1,2,0
64407,5,3,225872,225872,225875,0,3,3
64408,5,2,225877,225877,225879,0,2,2
64409,2,2,225879,225879,225881,0,2,0
64410,2,2,225881,225881,225883,0,2,0
64411,3,1,225884,225884,225885,0,1,1
64412,5,2,225889,225889,225891,0,2,4
64413,3,1,225892,225892,225893,0,1,1
64414,1,3,225893,225893,225896,0,3,0
64415,3,3,225896,225896,225899,0,3,0
64416,1,1,225897,225899,225900,2,3,0
64417,1,2,225898,225900,225902,2,4,0
64418,3,2,225901,225902,225904,1,3,0
64419,3,2,225904,225904,225906,0,2,0
64420,3,2,225907,225907,225909,0,2,1
64421,1,3,225908,225909,225912,1,4,0
64422,5,1,225913,225913,225914,0,1,1
64423,1,3,225914,225914,225917,0,3,0
64424,5,3,225919,225919,225922,0,3,2
64425,1,3,225920,225922,225925,2,5,0
64426,3,1,225923,225925,225926,2,3,0
64427,5,1,225928,225928,225929,0,1,2
64428,5,2,225933,225933,225935,0,2,4
64429,5,3,225938,225938,225941,0,3,3
64430,2,1,225940,225941,225942,1,2,0
64431,2,1,225942,225942,225943,0,1,0
64432,4,1,225946,225946,225947,0,1,3
64433,4,1,225950,225950,225951,0,1,3
64434,1,1,225951,225951,225952,0,1,0
64435,6,1,225957,225957,225958,0,1,5
64436,2,1,225959,225959,225960,0,1,1
64437,6,1,225965,225965,225966,0,1,5
64438,4,2,225969,225969,225971,0,2,3
64439,1,1,225970,225971,225972,1,2,0
64440,3,1,225973,225973,225974,0,1,1
64441,1,1,225974,225974,225975,0,1,0
64442,1,1,225975,225975,225976,0,1,0
64443,3,2,225978,225978,225980,0,2,2
64444,6,2,225984,225984,225986,0,2,4
64445,5,2,225989,225989,225991,0,2,3
64446,5,1,225994,225994,225995,0,1,3
64447,6,2,226000,226000,226002,0,2,5
64448,6,2,226006,226006,226008,0,2,4
64449,2,1,226008,226008,226009,0,1,0
64450,1,3,226009,226009,226012,0,3,0
64451,5,2,226014,226014,226016,0,2,2
64452,3,1,226017,226017,226018,0,1,1
64453,6,2,226023,226023,226025,0,2,5
64454,2,3,226025,226025,226028,0,3,0
64455,3,1,226028,226028,226029,0,1,0
64456,6,2,226034,226034,226036,0,2,5
64457,3,1,226037,226037,226038,0,1,1
64458,5,2,226042,226042,226044,0,2,4
64459,1,2,226043,226044,226046,1,3,0
64460,2,3,226045,226046,226049,1,4,0
64461,3,2,226048,226049,226051,1,3,0
64462,3,2,226051,226051,226053,0,2,0
64463,3,3,226054,226054,226057,0,3,1
64464,1,2,226055,226057,226059,2,4,0
64465,4,1,226059,226059,226060,0,1,0
64466,3,2,226062,226062,226064,0,2,2
64467,5,3,226067,226067,226070,0,3,3
64468,3,3,226070,226070,226073,0,3,0
64469,1,1,226071,226073,226074,2,3,0
64470,3,2,226074,226074,226076,0,2,0
64471,3,2,226077,226077,226079,0,2,1
64472,2,1,226079,226079,226080,0,1,0
64473,2,1,226081,226081,226082,0,1,1
64474,6,1,226087,226087,226088,0,1,5
64475,6,3,226093,226093,226096,0,3,5
64476,1,1,226094,226096,226097,2,3,0
64477,1,2,226095,226097,226099,2,4,0
64478,5,3,226100,226100,226103,0,3,1
64479,5,3,226105,226105,226108,0,3,2
64480,2,2,226107,226108,226110,1,3,0
64481,3,3,226110,226110,226113,0,3,0
64482,5,1,226115,226115,226116,0,1,2
64483,6,3,226121,226121,226124,0,3,5
64484,2,2,226123,226124,226126,1,3,0
64485,6,3,226129,226129,226132,0,3,3
64486,4,3,226133,226133,226136,0,3,1
64487,3,1,226136,226136,226137,0,1,0
64488,2,3,226138,226138,226141,0,3,1
64489,4,1,226142,226142,226143,0,1,1
64490,1,2,226143,226143,226145,0,2,0
64491,6,1,226149,226149,226150,0,1,4
64492,1,3,226150,226150,226153,0,3,0
64493,2,2,226152,226153,226155,1,3,0
64494,4,2,226156,226156,226158,0,2,1
64495,5,3,226161,226161,226164,0,3,3
64496,6,3,226167,226167,226170,0,3,3
64497,2,2,226169,226170,226172,1,3,0
64498,1,3,226170,226172,226175,2,5,0
64499,1,2,226171,226175,226177,4,6,0
64500,6,2,226177,226177,226179,0,2,0
64501,3,3,226180,226180,226183,0,3,1
64502,1,3,226181,226183,226186,2,5,0
64503,3,2,226184,226186,226188,2,4,0
64504,3,1,226187,226188,226189,1,2,0
64505,2,3,226189,226189,226192,0,3,0
64506,4,1,226193,226193,226194,0,1,1
64507,3,3,226196,226196,226199,0,3,2
64508,2,2,226198,226199,226201,1,3,0
64509,3,3,226201,226201,226204,0,3,0
64510,2,2,226203,226204,226206,1,3,0
64511,5,2,226208,226208,226210,0,2,2
64512,6,1,226214,226214,226215,0,1,4
64513,1,3,226215,226215,226218,0,3,0
64514,1,1,226216,226218,226219,2,3,0
64515,4,2,226220,226220,226222,0,2,1
64516,3,3,226223,226223,226226,0,3,1
64517,5,2,226228,226228,226230,0,2,2
64518,5,1,226233,226233,226234,0,1,3
64519,4,1,226237,226237,226238,0,1,3
64520,2,1,226239,226239,226240,0,1,1
64521,2,1,226241,226241,226242,0,1,1
64522,5,2,226246,226246,226248,0,2,4
64523,1,1,226247,226248,226249,1,2,0
64524,2,1,226249,226249,226250,0,1,0
64525,5,2,226254,226254,226256,0,2,4
64526,2,1,226256,226256,226257,0,1,0
64527,5,1,226261,226261,226262,0,1,4
64528,5,3,226266,226266,226269,0,3,4
64529,4,2,226270,226270,226272,0,2,1
64530,1,2,226271,226272,226274,1,3,0
64531,1,2,226272,226274,226276,2,4,0
64532,6,2,226278,226278,226280,0,2,2
64533,2,1,226280,226280,226281,0,1,0
64534,5,2,226285,226285,226287,0,2,4
64535,1,1,226286,226287,226288,1,2,0
64536,1,3,226287,226288,226291,1,4,0
64537,6,1,226293,226293,226294,0,1,2
64538,3,3,226296,226296,226299,0,3,2
64539,5,2,226301,226301,226303,0,2,2
64540,2,3,226303,226303,226306,0,3,0
64541,5,2,226308,226308,226310,0,2,2
64542,5,2,226313,226313,226315,0,2,3
64543,5,1,226318,226318,226319,0,1,3
64544,1,1,226319,226319,226320,0,1,0
64545,2,1,226321,226321,226322,0,1,1
64546,5,1,226326,226326,226327,0,1,4
64547,2,3,226328,226328,226331,0,3,1
64548,6,3,226334,226334,226337,0,3,3
64549,6,1,226340,226340,226341,0,1,3
64550,6,3,226346,226346,226349,0,3,5
64551,6,2,226352,226352,226354,0,2,3
64552,4,2,226356,226356,226358,0,2,2
64553,1,2,226357,226358,226360,1,3,0
64554,3,3,226360,226360,226363,0,3,0
64555,3,3,226363,226363,226366,0,3,0
64556,1,2,226364,226366,226368,2,4,0
64557,3,3,226367,226368,226371,1,4,0
64558,5,3,226372,226372,226375,0,3,1
64559,6,2,226378,226378,226380,0,2,3
64560,1,1,226379,226380,226381,1,2,0
64561,4,3,226383,226383,226386,0,3,2
64562,4,3,226387,226387,226390,0,3,1
64563,6,3,226393,226393,226396,0,3,3
64564,1,2,226394,226396,226398,2,4,0
64565,4,2,226398,226398,226400,0,2,0
64566,2,1,226400,226400,226401,0,1,0
64567,1,2,226401,226401,226403,0,2,0
64568,2,2,226403,226403,226405,0,2,0
64569,6,1,226409,226409,226410,0,1,4
64570,4,1,226413,226413,226414,0,1,3
64571,5,1,226418,226418,226419,0,1,4
64572,3,2,226421,226421,226423,0,2,2
64573,6,2,226427,226427,226429,0,2,4
64574,5,2,226432,226432,226434,0,2,3
64575,5,1,226437,226437,226438,0,1,3
64576,4,3,226441,226441,226444,0,3,3
64577,3,2,226444,226444,226446,0,2,0
64578,6,2,226450,226450,226452,0,2,4
64579,4,3,226454,226454,226457,0,3,2
64580,6,1,226460,226460,226461,0,1,3
64581,5,1,226465,226465,226466,0,1,4
64582,5,1,226470,226470,226471,0,1,4
64583,6,3,226476,226476,226479,0,3,5
64584,6,2,226482,226482,226484,0,2,3
64585,5,2,226487,226487,226489,0,2,3
64586,4,2,226491,226491,226493,0,2,2
64587,1,2,226492,226493,226495,1,3,0
64588,4,3,226496,226496,226499,0,3,1
64589,2,1,226498,226499,226500,1,2,0
64590,2,3,226500,226500,226503,0,3,0
64591,4,1,226504,226504,226505,0,1,1
64592,3,2,226507,226507,226509,0,2,2
64593,6,3,226513,226513,226516,0,3,4
64594,3,1,226516,226516,226517,0,1,0
64595,4,2,226520,226520,226522,0,2,3
64596,2,1,226522,226522,226523,0,1,0
64597,1,2,226523,226523,226525,0,2,0
64598,5,2,226528,226528,226530,0,2,3
64599,4,3,226532,226532,226535,0,3,2
64600,2,2,226534,226535,226537,1,3,0
64601,4,3,226538,226538,226541,0,3,1
64602,2,2,226540,226541,226543,1,3,0
64603,3,3,226543,226543,226546,0,3,0
64604,2,2,226545,226546,226548,1,3,0
64605,2,3,226547,226548,226551,1,4,0
64606,3,2,226550,226551,226553,1,3,0
64607,6,1,226556,226556,226557,0,1,3
64608,3,1,226559,226559,226560,0,1,2
64609,1,3,226560,226560,226563,0,3,0
64610,5,2,226565,226565,226567,0,2,2
64611,1,1,226566,226567,226568,1,2,0
64612,4,1,226570,226570,226571,0,1,2
64613,3,3,226573,226573,226576,0,3,2
64614,1,1,226574,226576,226577,2,3,0
64615,1,1,226575,226577,226578,2,3,0
64616,1,1,226576,226578,226579,2,3,0
64617,6,2,226582,226582,226584,0,2,3
64618,5,2,226587,226587,226589,0,2,3
64619,1,3,226588,226589,226592,1,4,0
64620,4,3,226592,226592,226595,0,3,0
64621,1,2,226593,226595,226597,2,4,0
64622,4,1,226597,226597,226598,0,1,0
64623,1,2,226598,226598,226600,0,2,0
64624,6,2,226604,226604,226606,0,2,4
64625,4,3,226608,226608,226611,0,3,2
64626,4,3,226612,226612,226615,0,3,1
64627,3,1,226615,226615,226616,0,1,0
64628,2,2,226617,226617,226619,0,2,1
64629,4,2,226621,226621,226623,0,2,2
64630,6,2,226627,226627,226629,0,2,4
64631,4,2,226631,226631,226633,0,2,2
64632,6,1,226637,226637,226638,0,1,4
64633,1,2,226638,226638,226640,0,2,0
64634,5,1,226643,226643,226644,0,1,3
64635,4,1,226647,226647,226648,0,1,3
64636,1,3,226648,226648,226651,0,3,0
64637,2,1,226650,226651,226652,1,2,0
64638,4,1,226654,226654,226655,0,1,2
64639,2,3,226656,226656,226659,0,3,1
64640,4,2,226660,226660,226662,0,2,1
64641,2,3,226662,226662,226665,0,3,0
64642,3,2,226665,226665,226667,0,2,0
64643,6,1,226671,226671,226672,0,1,4
64644,6,2,226677,226677,226679,0,2,5
64645,6,2,226683,226683,226685,0,2,4
64646,6,1,226689,226689,226690,0,1,4
64647,6,2,226695,226695,226697,0,2,5
64648,2,2,226697,226697,226699,0,2,0
64649,3,1,226700,226700,226701,0,1,1
64650,4,1,226704,226704,226705,0,1,3
64651,1,2,226705,226705,226707,0,2,0
64652,3,3,226708,226708,226711,0,3,1
64653,5,1,226713,226713,226714,0,1,2
64654,1,1,226714,226714,226715,0,1,0
64655,3,1,226717,226717,226718,0,1,2
64656,2,2,226719,226719,226721,0,2,1
64657,1,1,226720,226721,226722,1,2,0
64658,5,1,226725,226725,226726,0,1,3
64659,5,1,226730,226730,226731,0,1,4
64660,2,1,226732,226732,226733,0,1,1
64661,1,2,226733,226733,226735,0,2,0
64662,1,2,226734,226735,226737,1,3,0
64663,1,2,226735,226737,226739,2,4,0
64664,2,1,226737,226739,226740,2,3,0
64665,6,3,226743,226743,226746,0,3,3
64666,4,2,226747,226747,226749,0,2,1
64667,4,2,226751,226751,226753,0,2,2
64668,2,2,226753,226753,226755,0,2,0
64669,1,1,226754,226755,226756,1,2,0
64670,1,2,226755,226756,226758,1,3,0
64671,2,3,226757,226758,226761,1,4,0
64672,3,3,226760,226761,226764,1,4,0
64673,1,2,226761,226764,226766,3,5,0
64674,1,3,226762,226766,226769,4,7,0
64675,6,2,226768,226769,226771,1,3,0
64676,6,3,226774,226774,226777,0,3,3
64677,4,3,226778,226778,226781,0,3,1
64678,4,2,226782,226782,226784,0,2,1
64679,4,3,226786,226786,226789,0,3,2
64680,4,3,226790,226790,226793,0,3,1
64681,3,3,226793,226793,226796,0,3,0
64682,4,3,226797,226797,226800,0,3,1
64683,5,3,226802,226802,226805,0,3,2
64684,2,1,226804,226805,226806,1,2,0
64685,6,3,226810,226810,226813,0,3,4
64686,1,3,226811,226813,226816,2,5,0
64687,1,2,226812,226816,226818,4,6,0
64688,5,3,226817,226818,226821,1,4,0
64689,4,2,226821,226821,226823,0,2,0
64690,6,2,226827,226827,226829,0,2,4
64691,2,2,226829,226829,226831,0,2,0
64692,1,2,226830,226831,226833,1,3,0
64693,6,1,226836,226836,226837,0,1,3
64694,4,2,226840,226840,226842,0,2,3
64695,2,2,226842,226842,226844,0,2,0
64696,1,1,226843,226844,226845,1,2,0
64697,6,1,226849,226849,226850,0,1,4
64698,3,1,226852,226852,226853,0,1,2
64699,1,3,226853,226853,226856,0,3,0
64700,6,2,226859,226859,226861,0,2,3
64701,5,2,226864,226864,226866,0,2,3
64702,4,1,226868,226868,226869,0,1,2
64703,3,3,226871,226871,226874,0,3,2
64704,5,1,226876,226876,226877,0,1,2
64705,1,3,226877,226877,226880,0,3,0
64706,6,1,226883,226883,226884,0,1,3
64707,2,2,226885,226885,226887,0,2,1
64708,1,3,226886,226887,226890,1,4,0
64709,5,2,226891,226891,226893,0,2,1
64710,1,1,226892,226893,226894,1,2,0
64711,6,2,226898,226898,226900,0,2,4
64712,5,1,226903,226903,226904,0,1,3
64713,6,2,226909,226909,226911,0,2,5
64714,3,3,226912,226912,226915,0,3,1
64715,4,1,226916,226916,226917,0,1,1
64716,5,1,226921,226921,226922,0,1,4
64717,3,1,226924,226924,226925,0,1,2
64718,5,1,226929,226929,226930,0,1,4
64719,6,1,226935,226935,226936,0,1,5
64720,2,3,226937,226937,226940,0,3,1
64721,3,2,226940,226940,226942,0,2,0
64722,6,2,226946,226946,226948,0,2,4
64723,6,2,226952,226952,226954,0,2,4
64724,6,1,226958,226958,226959,0,1,4
64725,5,2,226963,226963,226965,0,2,4
64726,2,2,226965,226965,226967,0,2,0
64727,1,3,226966,226967,226970,1,4,0
64728,5,1,226971,226971,226972,0,1,1
64729,6,1,226977,226977,226978,0,1,5
64730,1,1,226978,226978,226979,0,1,0
64731,3,2,226981,226981,226983,0,2,2
64732,4,1,226985,226985,226986,0,1,2
64733,5,3,226990,226990,226993,0,3,4
64734,5,2,226995,226995,226997,0,2,2
64735,6,2,227001,227001,227003,0,2,4
64736,3,3,227004,227004,227007,0,3,1
64737,2,2,227006,227007,227009,1,3,0
64738,2,1,227008,227009,227010,1,2,0
64739,5,3,227013,227013,227016,0,3,3
64740,1,3,227014,227016,227019,2,5,0
64741,3,2,227017,227019,227021,2,4,0
64742,1,1,227018,227021,227022,3,4,0
64743,1,2,227019,227022,227024,3,5,0
64744,4,2,227023,227024,227026,1,3,0
64745,6,2,227029,227029,227031,0,2,3
64746,6,2,227035,227035,227037,0,2,4
64747,3,3,227038,227038,227041,0,3,1
64748,5,2,227043,227043,227045,0,2,2
64749,6,1,227049,227049,227050,0,1,4
64750,5,2,227054,227054,227056,0,2,4
64751,4,3,227058,227058,227061,0,3,2
64752,2,3,227060,227061,227064,1,4,0
64753,3,1,227063,227064,227065,1,2,0
64754,6,1,227069,227069,227070,0,1,4
64755,3,1,227072,227072,227073,0,1,2
64756,1,2,227073,227073,227075,0,2,0
64757,3,1,227076,227076,227077,0,1,1
64758,4,3,227080,227080,227083,0,3,3
64759,4,1,227084,227084,227085,0,1,1
64760,1,3,227085,227085,227088,0,3,0
64761,5,1,227090,227090,227091,0,1,2
64762,2,2,227092,227092,227094,0,2,1
64763,1,2,227093,227094,227096,1,3,0
64764,4,1,227097,227097,227098,0,1,1
64765,3,3,227100,227100,227103,0,3,2
64766,3,3,227103,227103,227106,0,3,0
64767,3,3,227106,227106,227109,0,3,0
64768,6,1,227112,227112,227113,0,1,3
64769,5,3,227117,227117,227120,0,3,4
64770,1,3,227118,227120,227123,2,5,0
64771,1,2,227119,227123,227125,4,6,0
64772,2,1,227121,227125,227126,4,5,0
64773,3,1,227124,227126,227127,2,3,0
64774,4,1,227128,227128,227129,0,1,1
64775,4,3,227132,227132,227135,0,3,3
64776,6,2,227138,227138,227140,0,2,3
64777,2,1,227140,227140,227141,0,1,0
64778,6,1,227146,227146,227147,0,1,5
64779,6,1,227152,227152,227153,0,1,5
64780,3,1,227155,227155,227156,0,1,2
64781,5,3,227160,227160,227163,0,3,4
64782,5,3,227165,227165,227168,0,3,2
64783,6,3,227171,227171,227174,0,3,3
64784,2,3,227173,227174,227177,1,4,0
64785,5,3,227178,227178,227181,0,3,1
64786,6,3,227184,227184,227187,0,3,3
64787,3,1,227187,227187,227188,0,1,0
64788,3,1,227190,227190,227191,0,1,2
64789,1,3,227191,227191,227194,0,3,0
64790,1,2,227192,227194,227196,2,4,0
64791,2,1,227194,227196,227197,2,3,0
64792,2,3,227196,227197,227200,1,4,0
64793,2,2,227198,227200,227202,2,4,0
64794,1,3,227199,227202,227205,3,6,0
64795,5,2,227204,227205,227207,1,3,0
64796,3,1,227207,227207,227208,0,1,0
64797,3,3,227210,227210,227213,0,3,2
64798,4,2,227214,227214,227216,0,2,1
64799,4,3,227218,227218,227221,0,3,2
64800,3,3,227221,227221,227224,0,3,0
64801,1,1,227222,227224,227225,2,3,0
64802,5,2,227227,227227,227229,0,2,2
64803,4,3,227231,227231,227234,0,3,2
64804,5,1,227236,227236,227237,0,1,2
64805,1,1,227237,227237,227238,0,1,0
64806,6,2,227243,227243,227245,0,2,5
64807,5,2,227248,227248,227250,0,2,3
64808,6,1,227254,227254,227255,0,1,4
64809,5,2,227259,227259,227261,0,2,4
64810,2,1,227261,227261,227262,0,1,0
64811,5,3,227266,227266,227269,0,3,4
64812,5,3,227271,227271,227274,0,3,2
64813,2,3,227273,227274,227277,1,4,0
64814,3,1,227276,227277,227278,1,2,0
64815,4,2,227280,227280,227282,0,2,2
64816,6,2,227286,227286,227288,0,2,4
64817,2,1,227288,227288,227289,0,1,0
64818,3,1,227291,227291,227292,0,1,2
64819,4,2,227295,227295,227297,0,2,3
64820,6,1,227301,227301,227302,0,1,4
64821,5,2,227306,227306,227308,0,2,4
64822,1,3,227307,227308,227311,1,4,0
64823,1,2,227308,227311,227313,3,5,0
64824,5,3,227313,227313,227316,0,3,0
64825,2,3,227315,227316,227319,1,4,0
64826,2,1,227317,227319,227320,2,3,0
64827,4,3,227321,227321,227324,0,3,1
64828,3,2,227324,227324,227326,0,2,0
64829,4,1,227328,227328,227329,0,1,2
64830,5,1,227333,227333,227334,0,1,4
64831,1,2,227334,227334,227336,0,2,0
64832,5,1,227339,227339,227340,0,1,3
64833,5,3,227344,227344,227347,0,3,4
64834,4,3,227348,227348,227351,0,3,1
64835,5,3,227353,227353,227356,0,3,2
64836,6,1,227359,227359,227360,0,1,3
64837,6,3,227365,227365,227368,0,3,5
64838,5,1,227370,227370,227371,0,1,2
64839,2,3,227372,227372,227375,0,3,1
64840,6,1,227378,227378,227379,0,1,3
64841,4,3,227382,227382,227385,0,3,3
64842,4,2,227386,227386,227388,0,2,1
64843,4,1,227390,227390,227391,0,1,2
64844,1,3,227391,227391,227394,0,3,0
64845,4,3,227395,227395,227398,0,3,1
64846,2,3,227397,227398,227401,1,4,0
64847,2,2,227399,227401,227403,2,4,0
64848,1,2,227400,227403,227405,3,5,0
64849,5,1,227405,227405,227406,0,1,0
64850,4,1,227409,227409,227410,0,1,3
64851,1,3,227410,227410,227413,0,3,0
64852,2,1,227412,227413,227414,1,2,0
64853,1,2,227413,227414,227416,1,3,0
64854,2,3,227415,227416,227419,1,4,0
64855,5,2,227420,227420,227422,0,2,1
64856,5,1,227425,227425,227426,0,1,3
64857,6,2,227431,227431,227433,0,2,5
64858,1,1,227432,227433,227434,1,2,0
64859,6,3,227438,227438,227441,0,3,4
64860,2,3,227440,227441,227444,1,4,0
64861,3,1,227443,227444,227445,1,2,0
64862,4,3,227447,227447,227450,0,3,2
64863,1,1,227448,227450,227451,2,3,0
64864,4,3,227452,227452,227455,0,3,1
64865,1,1,227453,227455,227456,2,3,0
64866,3,2,227456,227456,227458,0,2,0
64867,6,2,227462,227462,227464,0,2,4
64868,2,1,227464,227464,227465,0,1,0
64869,1,3,227465,227465,227468,0,3,0
64870,5,2,227470,227470,227472,0,2,2
64871,5,3,227475,227475,227478,0,3,3
64872,4,2,227479,227479,227481,0,2,1
64873,5,2,227484,227484,227486,0,2,3
64874,5,1,227489,227489,227490,0,1,3
64875,2,3,227491,227491,227494,0,3,1
64876,4,1,227495,227495,227496,0,1,1
64877,4,3,227499,227499,227502,0,3,3
64878,3,3,227502,227502,227505,0,3,0
64879,3,3,227505,227505,227508,0,3,0
64880,1,1,227506,227508,227509,2,3,0
64881,5,1,227511,227511,227512,0,1,2
64882,2,1,227513,227513,227514,0,1,1
64883,4,3,227517,227517,227520,0,3,3
64884,4,1,227521,227521,227522,0,1,1
64885,1,3,227522,227522,227525,0,3,0
64886,4,3,227526,227526,227529,0,3,1
64887,5,3,227531,227531,227534,0,3,2
64888,4,3,227535,227535,227538,0,3,1
64889,3,2,227538,227538,227540,0,2,0
64890,3,1,227541,227541,227542,0,1,1
64891,2,3,227543,227543,227546,0,3,1
64892,3,1,227546,227546,227547,0,1,0
64893,3,1,227549,227549,227550,0,1,2
64894,4,1,227553,227553,227554,0,1,3
64895,6,3,227559,227559,227562,0,3,5
64896,6,2,227565,227565,227567,0,2,3
64897,4,1,227569,227569,227570,0,1,2
64898,5,2,227574,227574,227576,0,2,4
64899,5,2,227579,227579,227581,0,2,3
64900,4,3,227583,227583,227586,0,3,2
64901,5,2,227588,227588,227590,0,2,2
64902,2,3,227590,227590,227593,0,3,0
64903,1,2,227591,227593,227595,2,4,0
64904,1,3,227592,227595,227598,3,6,0
64905,2,1,227594,227598,227599,4,5,0
64906,3,2,227597,227599,227601,2,4,0
64907,5,1,227602,227602,227603,0,1,1
64908,4,2,227606,227606,227608,0,2,3
64909,6,3,227612,227612,227615,0,3,4
64910,6,2,227618,227618,227620,0,2,3
64911,3,1,227621,227621,227622,0,1,1
64912,4,1,227625,227625,227626,0,1,3
64913,2,1,227627,227627,227628,0,1,1
64914,1,1,227628,227628,227629,0,1,0
64915,6,2,227634,227634,227636,0,2,5
64916,1,3,227635,227636,227639,1,4,0
64917,6,1,227641,227641,227642,0,1,2
64918,5,1,227646,227646,227647,0,1,4
64919,2,1,227648,227648,227649,0,1,1
64920,3,3,227651,227651,227654,0,3,2
64921,1,2,227652,227654,227656,2,4,0
64922,4,2,227656,227656,227658,0,2,0
64923,3,1,227659,227659,227660,0,1,1
64924,3,1,227662,227662,227663,0,1,2
64925,6,1,227668,227668,227669,0,1,5
64926,5,3,227673,227673,227676,0,3,4
64927,1,1,227674,227676,227677,2,3,0
64928,6,3,227680,227680,227683,0,3,3
64929,6,3,227686,227686,227689,0,3,3
64930,1,3,227687,227689,227692,2,5,0
64931,3,1,227690,227692,227693,2,3,0
64932,2,2,227692,227693,227695,1,3,0
64933,5,2,227697,227697,227699,0,2,2
64934,5,3,227702,227702,227705,0,3,3
64935,2,2,227704,227705,227707,1,3,0
64936,5,1,227709,227709,227710,0,1,2
64937,2,3,227711,227711,227714,0,3,1
64938,6,1,227717,227717,227718,0,1,3
64939,6,1,227723,227723,227724,0,1,5
64940,1,2,227724,227724,227726,0,2,0
64941,4,2,227728,227728,227730,0,2,2
64942,4,2,227732,227732,227734,0,2,2
64943,1,2,227733,227734,227736,1,3,0
64944,1,1,227734,227736,227737,2,3,0
64945,1,3,227735,227737,227740,2,5,0
64946,2,1,227737,227740,227741,3,4,0
64947,5,1,227742,227742,227743,0,1,1
64948,2,3,227744,227744,227747,0,3,1
64949,4,2,227748,227748,227750,0,2,1
64950,1,2,227749,227750,227752,1,3,0
64951,4,3,227753,227753,227756,0,3,1
64952,4,1,227757,227757,227758,0,1,1
64953,3,1,227760,227760,227761,0,1,2
64954,3,1,227763,227763,227764,0,1,2
64955,6,3,227769,227769,227772,0,3,5
64956,4,3,227773,227773,227776,0,3,1
64957,1,2,227774,227776,227778,2,4,0
64958,4,1,227778,227778,227779,0,1,0
64959,6,2,227784,227784,227786,0,2,5
64960,5,1,227789,227789,227790,0,1,3
64961,5,2,227794,227794,227796,0,2,4
64962,4,3,227798,227798,227801,0,3,2
64963,3,2,227801,227801,227803,0,2,0
64964,6,2,227807,227807,227809,0,2,4
64965,3,2,227810,227810,227812,0,2,1
64966,1,2,227811,227812,227814,1,3,0
64967,4,3,227815,227815,227818,0,3,1
64968,2,1,227817,227818,227819,1,2,0
64969,4,3,227821,227821,227824,0,3,2
64970,3,1,227824,227824,227825,0,1,0
64971,3,3,227827,227827,227830,0,3,2
64972,3,2,227830,227830,227832,0,2,0
64973,5,2,227835,227835,227837,0,2,3
64974,2,1,227837,227837,227838,0,1,0
64975,1,3,227838,227838,227841,0,3,0
64976,5,3,227843,227843,227846,0,3,2
64977,3,2,227846,227846,227848,0,2,0
64978,4,2,227850,227850,227852,0,2,2
64979,2,2,227852,227852,227854,0,2,0
64980,1,3,227853,227854,227857,1,4,0
64981,4,2,227857,227857,227859,0,2,0
64982,1,2,227858,227859,227861,1,3,0
64983,3,3,227861,227861,227864,0,3,0
64984,5,3,227866,227866,227869,0,3,2
64985,2,2,227868,227869,227871,1,3,0
64986,1,1,227869,227871,227872,2,3,0
64987,2,1,227871,227872,227873,1,2,0
64988,4,2,227875,227875,227877,0,2,2
64989,4,3,227879,227879,227882,0,3,2
64990,5,1,227884,227884,227885,0,1,2
64991,3,3,227887,227887,227890,0,3,2
64992,5,1,227892,227892,227893,0,1,2
64993,2,2,227894,227894,227896,0,2,1
64994,5,1,227899,227899,227900,0,1,3
64995,4,1,227903,227903,227904,0,1,3
64996,5,2,227908,227908,227910,0,2,4
64997,5,1,227913,227913,227914,0,1,3
64998,6,1,227919,227919,227920,0,1,5
64999,5,2,227924,227924,227926,0,2,4
65000,2,2,227926,227926,227928,0,2,0
65001,4,3,227930,227930,227933,0,3,2
65002,6,2,227936,227936,227938,0,2,3
65003,5,2,227941,227941,227943,0,2,3
65004,1,2,227942,227943,227945,1,3,0
65005,2,3,227944,227945,227948,1,4,0
65006,5,2,227949,227949,227951,0,2,1
65007,6,1,227955,227955,227956,0,1,4
65008,1,1,227956,227956,227957,0,1,0
65009,6,1,227962,227962,227963,0,1,5
65010,6,3,227968,227968,227971,0,3,5
65011,3,2,227971,227971,227973,0,2,0
65012,3,2,227974,227974,227976,0,2,1
65013,3,2,227977,227977,227979,0,2,1
65014,2,1,227979,227979,227980,0,1,0
65015,1,3,227980,227980,227983,0,3,0
65016,4,2,227984,227984,227986,0,2,1
65017,1,1,227985,227986,227987,1,2,0
65018,5,3,227990,227990,227993,0,3,3
65019,3,1,227993,227993,227994,0,1,0
65020,3,2,227996,227996,227998,0,2,2
65021,4,1,228000,228000,228001,0,1,2
65022,5,1,228005,228005,228006,0,1,4
65023,3,1,228008,228008,228009,0,1,2
65024,3,2,228011,228011,228013,0,2,2
65025,5,2,228016,228016,228018,0,2,3
65026,1,2,228017,228018,228020,1,3,0
65027,1,3,228018,228020,228023,2,5,0
65028,2,2,228020,228023,228025,3,5,0
65029,6,1,228026,228026,228027,0,1,1
65030,2,2,228028,228028,228030,0,2,1
65031,3,2,228031,228031,228033,0,2,1
65032,5,1,228036,228036,228037,0,1,3
65033,4,2,228040,228040,228042,0,2,3
65034,5,2,228045,228045,228047,0,2,3
65035,5,2,228050,228050,228052,0,2,3
65036,5,2,228055,228055,228057,0,2,3
65037,4,1,228059,228059,228060,0,1,2
65038,1,2,228060,228060,228062,0,2,0
65039,5,3,228065,228065,228068,0,3,3
65040,1,2,228066,228068,228070,2,4,0
65041,2,3,228068,228070,228073,2,5,0
65042,4,2,228072,228073,228075,1,3,0
65043,5,2,228077,228077,228079,0,2,2
65044,5,1,228082,228082,228083,0,1,3
65045,3,1,228085,228085,228086,0,1,2
65046,6,1,228091,228091,228092,0,1,5
65047,1,2,228092,228092,228094,0,2,0
65048,3,3,228095,228095,228098,0,3,1
65049,2,3,228097,228098,228101,1,4,0
65050,1,1,228098,228101,228102,3,4,0
65051,2,2,228100,228102,228104,2,4,0
65052,6,1,228106,228106,228107,0,1,2
65053,5,1,228111,228111,228112,0,1,4
65054,4,2,228115,228115,228117,0,2,3
65055,2,3,228117,228117,228120,0,3,0
65056,6,3,228123,228123,228126,0,3,3
65057,1,2,228124,228126,228128,2,4,0
65058,4,2,228128,228128,228130,0,2,0
65059,4,1,228132,228132,228133,0,1,2
65060,6,1,228138,228138,228139,0,1,5
65061,6,2,228144,228144,228146,0,2,5
65062,3,2,228147,228147,228149,0,2,1
65063,2,1,228149,228149,228150,0,1,0
65064,5,2,228154,228154,228156,0,2,4
65065,6,1,228160,228160,228161,0,1,4
65066,4,1,228164,228164,228165,0,1,3
65067,5,2,228169,228169,228171,0,2,4
65068,4,1,228173,228173,228174,0,1,2
65069,5,2,228178,228178,228180,0,2,4
65070,4,1,228182,228182,228183,0,1,2
65071,5,2,228187,228187,228189,0,2,4
65072,5,2,228192,228192,228194,0,2,3
65073,4,2,228196,228196,228198,0,2,2
65074,3,3,228199,228199,228202,0,3,1
65075,4,2,228203,228203,228205,0,2,1
65076,5,2,228208,228208,228210,0,2,3
65077,2,3,228210,228210,228213,0,3,0
65078,4,2,228214,228214,228216,0,2,1
65079,3,2,228217,228217,228219,0,2,1
65080,6,1,228223,228223,228224,0,1,4
65081,4,3,228227,228227,228230,0,3,3
65082,5,1,228232,228232,228233,0,1,2
65083,2,2,228234,228234,228236,0,2,1
65084,2,1,228236,228236,228237,0,1,0
65085,5,3,228241,228241,228244,0,3,4
65086,6,2,228247,228247,228249,0,2,3
65087,3,2,228250,228250,228252,0,2,1
65088,3,1,228253,228253,228254,0,1,1
65089,2,2,228255,228255,228257,0,2,1
65090,3,3,228258,228258,228261,0,3,1
65091,4,3,228262,228262,228265,0,3,1
65092,4,1,228266,228266,228267,0,1,1
65093,6,2,228272,228272,228274,0,2,5
65094,2,1,228274,228274,228275,0,1,0
65095,5,2,228279,228279,228281,0,2,4
65096,2,3,228281,228281,228284,0,3,0
65097,5,1,228286,228286,228287,0,1,2
65098,6,1,228292,228292,228293,0,1,5
65099,6,2,228298,228298,228300,0,2,5
65100,2,2,228300,228300,228302,0,2,0
65101,3,3,228303,228303,228306,0,3,1
65102,2,1,228305,228306,228307,1,2,0
65103,2,2,228307,228307,228309,0,2,0
65104,6,2,228313,228313,228315,0,2,4
65105,5,1,228318,228318,228319,0,1,3
65106,4,1,228322,228322,228323,0,1,3
65107,4,2,228326,228326,228328,0,2,3
65108,5,3,228331,228331,228334,0,3,3
65109,2,1,228333,228334,228335,1,2,0
65110,6,3,228339,228339,228342,0,3,4
65111,6,2,228345,228345,228347,0,2,3
65112,4,1,228349,228349,228350,0,1,2
65113,3,1,228352,228352,228353,0,1,2
65114,5,3,228357,228357,228360,0,3,4
65115,1,3,228358,228360,228363,2,5,0
65116,5,1,228363,228363,228364,0,1,0
65117,2,2,228365,228365,228367,0,2,1
65118,2,3,228367,228367,228370,0,3,0
65119,4,2,228371,228371,228373,0,2,1
65120,3,1,228374,228374,228375,0,1,1
65121,1,1,228375,228375,228376,0,1,0
65122,6,1,228381,228381,228382,0,1,5
65123,3,3,228384,228384,228387,0,3,2
65124,4,2,228388,228388,228390,0,2,1
65125,4,3,228392,228392,228395,0,3,2
65126,2,3,228394,228395,228398,1,4,0
65127,6,2,228400,228400,228402,0,2,2
65128,1,3,228401,228402,228405,1,4,0
65129,6,2,228407,228407,228409,0,2,2
65130,3,1,228410,228410,228411,0,1,1
65131,4,3,228414,228414,228417,0,3,3
65132,6,2,228420,228420,228422,0,2,3
65133,6,2,228426,228426,228428,0,2,4
65134,4,3,228430,228430,228433,0,3,2
65135,6,1,228436,228436,228437,0,1,3
65136,2,3,228438,228438,228441,0,3,1
65137,1,1,228439,228441,228442,2,3,0
65138,1,3,228440,228442,228445,2,5,0
65139,5,3,228445,228445,228448,0,3,0
65140,4,3,228449,228449,228452,0,3,1
65141,1,1,228450,228452,228453,2,3,0
65142,1,3,228451,228453,228456,2,5,0
65143,6,2,228457,228457,228459,0,2,1
65144,3,1,228460,228460,228461,0,1,1
65145,3,2,228463,228463,228465,0,2,2
65146,1,2,228464,228465,228467,1,3,0
65147,4,1,228468,228468,228469,0,1,1
65148,1,3,228469,228469,228472,0,3,0
65149,6,2,228475,228475,228477,0,2,3
65150,2,1,228477,228477,228478,0,1,0
65151,4,2,228481,228481,228483,0,2,3
65152,1,2,228482,228483,228485,1,3,0
65153,6,3,228488,228488,228491,0,3,3
65154,5,2,228493,228493,228495,0,2,2
65155,5,3,228498,228498,228501,0,3,3
65156,5,2,228503,228503,228505,0,2,2
65157,6,2,228509,228509,228511,0,2,4
65158,4,2,228513,228513,228515,0,2,2
65159,1,2,228514,228515,228517,1,3,0
65160,5,1,228519,228519,228520,0,1,2
65161,2,2,228521,228521,228523,0,2,1
65162,2,3,228523,228523,228526,0,3,0
65163,1,1,228524,228526,228527,2,3,0
65164,6,1,228530,228530,228531,0,1,3
65165,4,3,228534,228534,228537,0,3,3
65166,5,2,228539,228539,228541,0,2,2
65167,1,3,228540,228541,228544,1,4,0
65168,5,3,228545,228545,228548,0,3,1
65169,5,2,228550,228550,228552,0,2,2
65170,6,1,228556,228556,228557,0,1,4
65171,1,3,228557,228557,228560,0,3,0
65172,4,1,228561,228561,228562,0,1,1
65173,6,2,228567,228567,228569,0,2,5
65174,1,3,228568,228569,228572,1,4,0
65175,5,1,228573,228573,228574,0,1,1
65176,6,2,228579,228579,228581,0,2,5
65177,5,3,228584,228584,228587,0,3,3
65178,2,2,228586,228587,228589,1,3,0
65179,1,1,228587,228589,228590,2,3,0
65180,1,2,228588,228590,228592,2,4,0
65181,5,2,228593,228593,228595,0,2,1
65182,5,2,228598,228598,228600,0,2,3
65183,4,2,228602,228602,228604,0,2,2
65184,5,1,228607,228607,228608,0,1,3
65185,2,3,228609,228609,228612,0,3,1
65186,3,2,228612,228612,228614,0,2,0
65187,2,1,228614,228614,228615,0,1,0
65188,4,2,228618,228618,228620,0,2,3
65189,1,2,228619,228620,228622,1,3,0
65190,1,3,228620,228622,228625,2,5,0
65191,6,1,228626,228626,228627,0,1,1
65192,2,2,228628,228628,228630,0,2,1
65193,1,1,228629,228630,228631,1,2,0
65194,6,3,228635,228635,228638,0,3,4
65195,1,3,228636,228638,228641,2,5,0
65196,2,1,228638,228641,228642,3,4,0
65197,6,2,228644,228644,228646,0,2,2
65198,1,1,228645,228646,228647,1,2,0
65199,1,1,228646,228647,228648,1,2,0
65200,1,1,228647,228648,228649,1,2,0
65201,2,3,228649,228649,228652,0,3,0
65202,2,2,228651,228652,228654,1,3,0
65203,6,3,228657,228657,228660,0,3,3
65204,4,1,228661,228661,228662,0,1,1
65205,3,2,228664,228664,228666,0,2,2
65206,6,2,228670,228670,228672,0,2,4
65207,4,1,228674,228674,228675,0,1,2
65208,1,2,228675,228675,228677,0,2,0
65209,4,1,228679,228679,228680,0,1,2
65210,3,3,228682,228682,228685,0,3,2
65211,5,1,228687,228687,228688,0,1,2
65212,5,1,228692,228692,228693,0,1,4
65213,1,3,228693,228693,228696,0,3,0
65214,3,1,228696,228696,228697,0,1,0
65215,5,1,228701,228701,228702,0,1,4
65216,6,1,228707,228707,228708,0,1,5
65217,6,2,228713,228713,228715,0,2,5
65218,2,3,228715,228715,228718,0,3,0
65219,5,1,228720,228720,228721,0,1,2
65220,6,3,228726,228726,228729,0,3,5
65221,5,3,228731,228731,228734,0,3,2
65222,3,3,228734,228734,228737,0,3,0
65223,5,3,228739,228739,228742,0,3,2
65224,5,3,228744,228744,228747,0,3,2
65225,4,2,228748,228748,228750,0,2,1
65226,6,1,228754,228754,228755,0,1,4
65227,1,2,228755,228755,228757,0,2,0
65228,2,2,228757,228757,228759,0,2,0
65229,1,1,228758,228759,228760,1,2,0
65230,5,3,228763,228763,228766,0,3,3
65231,4,3,228767,228767,228770,0,3,1
65232,2,1,228769,228770,228771,1,2,0
65233,1,3,228770,228771,228774,1,4,0
65234,4,2,228774,228774,228776,0,2,0
65235,2,1,228776,228776,228777,0,1,0
65236,5,1,228781,228781,228782,0,1,4
65237,1,2,228782,228782,228784,0,2,0
65238,6,3,228788,228788,228791,0,3,4
65239,4,1,228792,228792,228793,0,1,1
65240,6,2,228798,228798,228800,0,2,5
65241,6,1,228804,228804,228805,0,1,4
65242,4,3,228808,228808,228811,0,3,3
65243,3,3,228811,228811,228814,0,3,0
65244,1,1,228812,228814,228815,2,3,0
65245,6,1,228818,228818,228819,0,1,3
65246,4,1,228822,228822,228823,0,1,3
65247,4,3,228826,228826,228829,0,3,3
65248,4,2,228830,228830,228832,0,2,1
65249,4,1,228834,228834,228835,0,1,2
65250,4,2,228838,228838,228840,0,2,3
65251,3,2,228841,228841,228843,0,2,1
65252,5,3,228846,228846,228849,0,3,3
65253,2,1,228848,228849,228850,1,2,0
65254,1,1,228849,228850,228851,1,2,0
65255,6,2,228855,228855,228857,0,2,4
65256,3,3,228858,228858,228861,0,3,1
65257,3,1,228861,228861,228862,0,1,0
65258,1,1,228862,228862,228863,0,1,0
65259,2,3,228864,228864,228867,0,3,1
65260,4,3,228868,228868,228871,0,3,1
65261,1,2,228869,228871,228873,2,4,0
65262,3,3,228872,228873,228876,1,4,0
65263,2,3,228874,228876,228879,2,5,0
65264,2,1,228876,228879,228880,3,4,0
65265,1,1,228877,228880,228881,3,4,0
65266,2,1,228879,228881,228882,2,3,0
65267,3,2,228882,228882,228884,0,2,0
65268,1,1,228883,228884,228885,1,2,0
65269,1,1,228884,228885,228886,1,2,0
65270,1,1,228885,228886,228887,1,2,0
65271,1,2,228886,228887,228889,1,3,0
65272,5,2,228891,228891,228893,0,2,2
65273,1,3,228892,228893,228896,1,4,0
65274,4,3,228896,228896,228899,0,3,0
65275,3,1,228899,228899,228900,0,1,0
65276,1,2,228900,228900,228902,0,2,0
65277,2,1,228902,228902,228903,0,1,0
65278,2,1,228904,228904,228905,0,1,1
65279,5,3,228909,228909,228912,0,3,4
65280,4,3,228913,228913,228916,0,3,1
65281,1,1,228914,228916,228917,2,3,0
65282,3,3,228917,228917,228920,0,3,0
65283,4,3,228921,228921,228924,0,3,1
65284,5,2,228926,228926,228928,0,2,2
65285,2,2,228928,228928,228930,0,2,0
65286,2,3,228930,228930,228933,0,3,0
65287,4,3,228934,228934,228937,0,3,1
65288,5,3,228939,228939,228942,0,3,2
65289,4,1,228943,228943,228944,0,1,1
65290,1,2,228944,228944,228946,0,2,0
65291,4,1,228948,228948,228949,0,1,2
65292,3,3,228951,228951,228954,0,3,2
65293,5,2,228956,228956,228958,0,2,2
65294,3,1,228959,228959,228960,0,1,1
65295,3,1,228962,228962,228963,0,1,2
65296,2,1,228964,228964,228965,0,1,1
65297,2,1,228966,228966,228967,0,1,1
65298,5,3,228971,228971,228974,0,3,4
65299,5,1,228976,228976,228977,0,1,2
65300,4,2,228980,228980,228982,0,2,3
65301,2,2,228982,228982,228984,0,2,0
65302,4,1,228986,228986,228987,0,1,2
65303,6,3,228992,228992,228995,0,3,5
65304,1,3,228993,228995,228998,2,5,0
65305,1,3,228994,228998,229001,4,7,0
65306,5,2,228999,229001,229003,2,4,0
65307,3,3,229002,229003,229006,1,4,0
65308,1,3,229003,229006,229009,3,6,0
65309,3,2,229006,229009,229011,3,5,0
65310,4,1,229010,229011,229012,1,2,0
65311,5,2,229015,229015,229017,0,2,3
65312,5,1,229020,229020,229021,0,1,3
65313,4,3,229024,229024,229027,0,3,3
65314,4,1,229028,229028,229029,0,1,1
65315,4,3,229032,229032,229035,0,3,3
65316,6,3,229038,229038,229041,0,3,3
65317,5,2,229043,229043,229045,0,2,2
65318,5,2,229048,229048,229050,0,2,3
65319,4,2,229052,229052,229054,0,2,2
65320,4,2,229056,229056,229058,0,2,2
65321,6,2,229062,229062,229064,0,2,4
65322,6,1,229068,229068,229069,0,1,4
65323,2,2,229070,229070,229072,0,2,1
65324,2,2,229072,229072,229074,0,2,0
65325,6,3,229078,229078,229081,0,3,4
65326,6,2,229084,229084,229086,0,2,3
65327,5,1,229089,229089,229090,0,1,3
65328,4,3,229093,229093,229096,0,3,3
65329,4,2,229097,229097,229099,0,2,1
65330,3,1,229100,229100,229101,0,1,1
65331,2,1,229102,229102,229103,0,1,1
65332,5,3,229107,229107,229110,0,3,4
65333,1,2,229108,229110,229112,2,4,0
65334,1,2,229109,229112,229114,3,5,0
65335,4,2,229113,229114,229116,1,3,0
65336,2,2,229115,229116,229118,1,3,0
65337,2,2,229117,229118,229120,1,3,0
65338,2,2,229119,229120,229122,1,3,0
65339,3,2,229122,229122,229124,0,2,0
65340,3,3,229125,229125,229128,0,3,1
65341,5,1,229130,229130,229131,0,1,2
65342,4,3,229134,229134,229137,0,3,3
65343,1,3,229135,229137,229140,2,5,0
65344,5,2,229140,229140,229142,0,2,0
65345,4,2,229144,229144,229146,0,2,2
65346,1,2,229145,229146,229148,1,3,0
65347,5,1,229150,229150,229151,0,1,2
65348,6,2,229156,229156,229158,0,2,5
65349,4,2,229160,229160,229162,0,2,2
65350,5,3,229165,229165,229168,0,3,3
65351,1,1,229166,229168,229169,2,3,0
65352,1,1,229167,229169,229170,2,3,0
65353,2,2,229169,229170,229172,1,3,0
65354,4,2,229173,229173,229175,0,2,1
65355,3,1,229176,229176,229177,0,1,1
65356,5,3,229181,229181,229184,0,3,4
65357,5,3,229186,229186,229189,0,3,2
65358,6,1,229192,229192,229193,0,1,3
65359,4,3,229196,229196,229199,0,3,3
65360,3,2,229199,229199,229201,0,2,0
65361,3,2,229202,229202,229204,0,2,1
65362,5,2,229207,229207,229209,0,2,3
65363,1,1,229208,229209,229210,1,2,0
65364,1,3,229209,229210,229213,1,4,0
65365,6,1,229215,229215,229216,0,1,2
65366,5,1,229220,229220,229221,0,1,4
65367,3,3,229223,229223,229226,0,3,2
65368,6,2,229229,229229,229231,0,2,3
65369,5,3,229234,229234,229237,0,3,3
65370,4,3,229238,229238,229241,0,3,1
65371,1,1,229239,229241,229242,2,3,0
65372,2,1,229241,229242,229243,1,2,0
65373,4,3,229245,229245,229248,0,3,2
65374,5,3,229250,229250,229253,0,3,2
65375,3,3,229253,229253,229256,0,3,0
65376,4,1,229257,229257,229258,0,1,1
65377,3,1,229260,229260,229261,0,1,2
65378,2,1,229262,229262,229263,0,1,1
65379,5,3,229267,229267,229270,0,3,4
65380,2,3,229269,229270,229273,1,4,0
65381,3,1,229272,229273,229274,1,2,0
65382,5,1,229277,229277,229278,0,1,3
65383,2,3,229279,229279,229282,0,3,1
65384,3,3,229282,229282,229285,0,3,0
65385,4,2,229286,229286,229288,0,2,1
65386,1,2,229287,229288,229290,1,3,0
65387,2,3,229289,229290,229293,1,4,0
65388,5,1,229294,229294,229295,0,1,1
65389,5,1,229299,229299,229300,0,1,4
65390,3,1,229302,229302,229303,0,1,2
65391,6,2,229308,229308,229310,0,2,5
65392,4,2,229312,229312,229314,0,2,2
65393,5,3,229317,229317,229320,0,3,3
65394,4,1,229321,229321,229322,0,1,1
65395,6,3,229327,229327,229330,0,3,5
65396,4,2,229331,229331,229333,0,2,1
65397,1,3,229332,229333,229336,1,4,0
65398,4,3,229336,229336,229339,0,3,0
65399,4,2,229340,229340,229342,0,2,1
65400,2,1,229342,229342,229343,0,1,0
65401,6,1,229348,229348,229349,0,1,5
65402,3,2,229351,229351,229353,0,2,2
65403,6,1,229357,229357,229358,0,1,4
65404,1,3,229358,229358,229361,0,3,0
65405,1,3,229359,229361,229364,2,5,0
65406,3,1,229362,229364,229365,2,3,0
65407,3,2,229365,229365,229367,0,2,0
65408,1,3,229366,229367,229370,1,4,0
65409,6,3,229372,229372,229375,0,3,2
65410,6,2,229378,229378,229380,0,2,3
65411,4,2,229382,229382,229384,0,2,2
65412,4,2,229386,229386,229388,0,2,2
65413,4,1,229390,229390,229391,0,1,2
65414,3,2,229393,229393,229395,0,2,2
65415,1,1,229394,229395,229396,1,2,0
65416,3,3,229397,229397,229400,0,3,1
65417,6,1,229403,229403,229404,0,1,3
65418,3,1,229406,229406,229407,0,1,2
65419,6,3,229412,229412,229415,0,3,5
65420,3,1,229415,229415,229416,0,1,0
65421,2,2,229417,229417,229419,0,2,1
65422,4,2,229421,229421,229423,0,2,2
65423,4,3,229425,229425,229428,0,3,2
65424,1,1,229426,229428,229429,2,3,0
65425,3,3,229429,229429,229432,0,3,0
65426,2,1,229431,229432,229433,1,2,0
65427,5,2,229436,229436,229438,0,2,3
65428,5,3,229441,229441,229444,0,3,3
65429,1,3,229442,229444,229447,2,5,0
65430,2,2,229444,229447,229449,3,5,0
65431,5,3,229449,229449,229452,0,3,0
65432,6,3,229455,229455,229458,0,3,3
65433,2,1,229457,229458,229459,1,2,0
65434,4,2,229461,229461,229463,0,2,2
65435,5,1,229466,229466,229467,0,1,3
65436,5,3,229471,229471,229474,0,3,4
65437,4,3,229475,229475,229478,0,3,1
65438,3,3,229478,229478,229481,0,3,0
65439,6,2,229484,229484,229486,0,2,3
65440,2,2,229486,229486,229488,0,2,0
65441,5,3,229491,229491,229494,0,3,3
65442,3,2,229494,229494,229496,0,2,0
65443,6,1,229500,229500,229501,0,1,4
65444,3,2,229503,229503,229505,0,2,2
65445,6,3,229509,229509,229512,0,3,4
65446,6,3,229515,229515,229518,0,3,3
65447,6,3,229521,229521,229524,0,3,3
65448,6,3,229527,229527,229530,0,3,3
65449,2,2,229529,229530,229532,1,3,0
65450,2,2,229531,229532,229534,1,3,0
65451,6,2,229537,229537,229539,0,2,3
65452,2,1,229539,229539,229540,0,1,0
65453,3,3,229542,229542,229545,0,3,2
65454,2,1,229544,229545,229546,1,2,0
65455,2,1,229546,229546,229547,0,1,0
65456,2,3,229548,229548,229551,0,3,1
65457,2,2,229550,229551,229553,1,3,0
65458,1,2,229551,229553,229555,2,4,0
65459,2,2,229553,229555,229557,2,4,0
65460,1,2,229554,229557,229559,3,5,0
65461,3,3,229557,229559,229562,2,5,0
65462,1,2,229558,229562,229564,4,6,0
65463,6,1,229564,229564,229565,0,1,0
65464,3,2,229567,229567,229569,0,2,2
65465,5,3,229572,229572,229575,0,3,3
65466,5,2,229577,229577,229579,0,2,2
65467,3,1,229580,229580,229581,0,1,1
65468,5,2,229585,229585,229587,0,2,4
65469,5,3,229590,229590,229593,0,3,3
65470,6,1,229596,229596,229597,0,1,3
65471,6,1,229602,229602,229603,0,1,5
65472,2,2,229604,229604,229606,0,2,1
65473,4,3,229608,229608,229611,0,3,2
65474,6,2,229614,229614,229616,0,2,3
65475,3,2,229617,229617,229619,0,2,1
65476,6,2,229623,229623,229625,0,2,4
65477,4,2,229627,229627,229629,0,2,2
65478,4,2,229631,229631,229633,0,2,2
65479,1,3,229632,229633,229636,1,4,0
65480,3,1,229635,229636,229637,1,2,0
65481,1,3,229636,229637,229640,1,4,0
65482,2,3,229638,229640,229643,2,5,0
65483,1,1,229639,229643,229644,4,5,0
65484,4,3,229643,229644,229647,1,4,0
65485,6,1,229649,229649,229650,0,1,2
65486,1,3,229650,229650,229653,0,3,0
65487,2,1,229652,229653,229654,1,2,0
65488,1,2,229653,229654,229656,1,3,0
65489,6,3,229659,229659,229662,0,3,3
65490,3,3,229662,229662,229665,0,3,0
65491,5,3,229667,229667,229670,0,3,2
65492,4,3,229671,229671,229674,0,3,1
65493,3,2,229674,229674,229676,0,2,0
65494,1,1,229675,229676,229677,1,2,0
65495,1,1,229676,229677,229678,1,2,0
65496,2,3,229678,229678,229681,0,3,0
65497,5,3,229683,229683,229686,0,3,2
65498,2,3,229685,229686,229689,1,4,0
65499,4,1,229689,229689,229690,0,1,0
65500,6,3,229695,229695,229698,0,3,5
65501,4,3,229699,229699,229702,0,3,1
65502,6,2,229705,229705,229707,0,2,3
65503,6,2,229711,229711,229713,0,2,4
65504,6,2,229717,229717,229719,0,2,4
65505,5,3,229722,229722,229725,0,3,3
65506,2,3,229724,229725,229728,1,4,0
65507,1,2,229725,229728,229730,3,5,0
65508,2,1,229727,229730,229731,3,4,0
65509,2,1,229729,229731,229732,2,3,0
65510,2,1,229731,229732,229733,1,2,0
65511,5,1,229736,229736,229737,0,1,3
65512,1,2,229737,229737,229739,0,2,0
65513,6,1,229743,229743,229744,0,1,4
65514,3,1,229746,229746,229747,0,1,2
65515,5,2,229751,229751,229753,0,2,4
65516,4,3,229755,229755,229758,0,3,2
65517,4,2,229759,229759,229761,0,2,1
65518,2,1,229761,229761,229762,0,1,0
65519,5,1,229766,229766,229767,0,1,4
65520,5,2,229771,229771,229773,0,2,4
65521,4,3,229775,229775,229778,0,3,2
65522,2,2,229777,229778,229780,1,3,0
65523,5,2,229782,229782,229784,0,2,2
65524,6,1,229788,229788,229789,0,1,4
65525,1,3,229789,229789,229792,0,3,0
65526,5,1,229794,229794,229795,0,1,2
65527,4,1,229798,229798,229799,0,1,3
65528,1,1,229799,229799,229800,0,1,0
65529,6,2,229805,229805,229807,0,2,5
65530,2,3,229807,229807,229810,0,3,0
65531,1,2,229808,229810,229812,2,4,0
65532,3,3,229811,229812,229815,1,4,0
65533,5,2,229816,229816,229818,0,2,1
65534,5,2,229821,229821,229823,0,2,3
65535,4,1,229825,229825,229826,0,1,2
65536,6,1,229831,229831,229832,0,1,5
65537,3,1,229834,229834,229835,0,1,2
65538,6,2,229840,229840,229842,0,2,5
65539,2,2,229842,229842,229844,0,2,0
65540,1,3,229843,229844,229847,1,4,0
65541,3,1,229846,229847,229848,1,2,0
65542,2,3,229848,229848,229851,0,3,0
65543,5,2,229853,229853,229855,0,2,2
65544,3,3,229856,229856,229859,0,3,1
65545,5,3,229861,229861,229864,0,3,2
65546,1,1,229862,229864,229865,2,3,0
65547,1,2,229863,229865,229867,2,4,0
65548,4,3,229867,229867,229870,0,3,0
65549,6,1,229873,229873,229874,0,1,3
65550,2,2,229875,229875,229877,0,2,1
65551,3,1,229878,229878,229879,0,1,1
65552,4,3,229882,229882,229885,0,3,3
65553,6,2,229888,229888,229890,0,2,3
65554,6,3,229894,229894,229897,0,3,4
65555,4,2,229898,229898,229900,0,2,1
65556,5,2,229903,229903,229905,0,2,3
65557,1,1,229904,229905,229906,1,2,0
65558,5,3,229909,229909,229912,0,3,3
65559,4,3,229913,229913,229916,0,3,1
65560,5,2,229918,229918,229920,0,2,2
65561,2,3,229920,229920,229923,0,3,0
65562,4,3,229924,229924,229927,0,3,1
65563,6,3,229930,229930,229933,0,3,3
65564,5,1,229935,229935,229936,0,1,2
65565,2,2,229937,229937,229939,0,2,1
65566,6,2,229943,229943,229945,0,2,4
65567,6,3,229949,229949,229952,0,3,4
65568,1,3,229950,229952,229955,2,5,0
65569,1,2,229951,229955,229957,4,6,0
65570,6,1,229957,229957,229958,0,1,0
65571,2,1,229959,229959,229960,0,1,1
65572,4,2,229963,229963,229965,0,2,3
65573,5,2,229968,229968,229970,0,2,3
65574,3,1,229971,229971,229972,0,1,1
65575,5,2,229976,229976,229978,0,2,4
65576,1,2,229977,229978,229980,1,3,0
65577,2,2,229979,229980,229982,1,3,0
65578,2,2,229981,229982,229984,1,3,0
65579,3,1,229984,229984,229985,0,1,0
65580,6,2,229990,229990,229992,0,2,5
65581,5,1,229995,229995,229996,0,1,3
65582,4,3,229999,229999,230002,0,3,3
65583,2,1,230001,230002,230003,1,2,0
65584,2,3,230003,230003,230006,0,3,0
65585,3,2,230006,230006,230008,0,2,0
65586,2,2,230008,230008,230010,0,2,0
65587,2,1,230010,230010,230011,0,1,0
65588,1,3,230011,230011,230014,0,3,0
65589,2,2,230013,230014,230016,1,3,0
65590,2,1,230015,230016,230017,1,2,0
65591,3,2,230018,230018,230020,0,2,1
65592,2,1,230020,230020,230021,0,1,0
65593,4,2,230024,230024,230026,0,2,3
65594,6,2,230030,230030,230032,0,2,4
65595,6,1,230036,230036,230037,0,1,4
65596,4,3,230040,230040,230043,0,3,3
65597,6,2,230046,230046,230048,0,2,3
65598,1,2,230047,230048,230050,1,3,0
65599,4,3,230051,230051,230054,0,3,1
65600,5,1,230056,230056,230057,0,1,2
65601,1,2,230057,230057,230059,0,2,0
65602,6,3,230063,230063,230066,0,3,4
65603,6,3,230069,230069,230072,0,3,3
65604,4,3,230073,230073,230076,0,3,1
65605,5,3,230078,230078,230081,0,3,2
65606,1,3,230079,230081,230084,2,5,0
65607,2,2,230081,230084,230086,3,5,0
65608,4,3,230085,230086,230089,1,4,0
65609,3,3,230088,230089,230092,1,4,0
65610,1,2,230089,230092,230094,3,5,0
65611,3,1,230092,230094,230095,2,3,0
65612,2,2,230094,230095,230097,1,3,0
65613,4,3,230098,230098,230101,0,3,1
65614,6,3,230104,230104,230107,0,3,3
65615,3,1,230107,230107,230108,0,1,0
65616,6,3,230113,230113,230116,0,3,5
65617,2,1,230115,230116,230117,1,2,0
65618,3,3,230118,230118,230121,0,3,1
65619,2,2,230120,230121,230123,1,3,0
65620,2,1,230122,230123,230124,1,2,0
65621,2,2,230124,230124,230126,0,2,0
65622,5,1,230129,230129,230130,0,1,3
65623,6,1,230135,230135,230136,0,1,5
65624,2,1,230137,230137,230138,0,1,1
65625,6,3,230143,230143,230146,0,3,5
65626,2,1,230145,230146,230147,1,2,0
65627,2,3,230147,230147,230150,0,3,0
65628,4,2,230151,230151,230153,0,2,1
65629,6,1,230157,230157,230158,0,1,4
65630,2,3,230159,230159,230162,0,3,1
65631,4,2,230163,230163,230165,0,2,1
65632,6,2,230169,230169,230171,0,2,4
65633,5,2,230174,230174,230176,0,2,3
65634,2,2,230176,230176,230178,0,2,0
65635,2,2,230178,230178,230180,0,2,0
65636,1,3,230179,230180,230183,1,4,0
65637,4,2,230183,230183,230185,0,2,0
65638,6,2,230189,230189,230191,0,2,4
65639,4,1,230193,230193,230194,0,1,2
65640,1,3,230194,230194,230197,0,3,0
65641,4,3,230198,230198,230201,0,3,1
65642,6,3,230204,230204,230207,0,3,3
65643,3,3,230207,230207,230210,0,3,0
65644,4,1,230211,230211,230212,0,1,1
65645,5,2,230216,230216,230218,0,2,4
65646,6,1,230222,230222,230223,0,1,4
65647,2,2,230224,230224,230226,0,2,1
65648,2,3,230226,230226,230229,0,3,0
65649,6,1,230232,230232,230233,0,1,3
65650,1,2,230233,230233,230235,0,2,0
65651,5,2,230238,230238,230240,0,2,3
65652,5,1,230243,230243,230244,0,1,3
65653,5,3,230248,230248,230251,0,3,4
65654,4,1,230252,230252,230253,0,1,1
65655,2,2,230254,230254,230256,0,2,1
65656,1,1,230255,230256,230257,1,2,0
65657,2,1,230257,230257,230258,0,1,0
65658,1,3,230258,230258,230261,0,3,0
65659,4,3,230262,230262,230265,0,3,1
65660,2,3,230264,230265,230268,1,4,0
65661,2,3,230266,230268,230271,2,5,0
65662,3,2,230269,230271,230273,2,4,0
65663,3,1,230272,230273,230274,1,2,0
65664,5,3,230277,230277,230280,0,3,3
65665,6,2,230283,230283,230285,0,2,3
65666,2,1,230285,230285,230286,0,1,0
65667,1,2,230286,230286,230288,0,2,0
65668,2,3,230288,230288,230291,0,3,0
65669,2,3,230290,230291,230294,1,4,0
65670,2,1,230292,230294,230295,2,3,0
65671,6,2,230298,230298,230300,0,2,3
65672,6,1,230304,230304,230305,0,1,4
65673,5,1,230309,230309,230310,0,1,4
65674,5,3,230314,230314,230317,0,3,4
65675,2,2,230316,230317,230319,1,3,0
65676,2,3,230318,230319,230322,1,4,0
65677,2,3,230320,230322,230325,2,5,0
65678,1,3,230321,230325,230328,4,7,0
65679,1,2,230322,230328,230330,6,8,0
65680,5,3,230327,230330,230333,3,6,0
65681,3,2,230330,230333,230335,3,5,0
65682,4,1,230334,230335,230336,1,2,0
65683,4,1,230338,230338,230339,0,1,2
65684,4,3,230342,230342,230345,0,3,3
65685,3,3,230345,230345,230348,0,3,0
65686,4,2,230349,230349,230351,0,2,1
65687,5,3,230354,230354,230357,0,3,3
65688,4,1,230358,230358,230359,0,1,1
65689,5,1,230363,230363,230364,0,1,4
65690,6,2,230369,230369,230371,0,2,5
65691,3,2,230372,230372,230374,0,2,1
65692,6,2,230378,230378,230380,0,2,4
65693,4,2,230382,230382,230384,0,2,2
65694,3,3,230385,230385,230388,0,3,1
65695,6,3,230391,230391,230394,0,3,3
65696,3,2,230394,230394,230396,0,2,0
65697,1,3,230395,230396,230399,1,4,0
65698,2,1,230397,230399,230400,2,3,0
65699,1,1,230398,230400,230401,2,3,0
65700,2,1,230400,230401,230402,1,2,0
65701,5,3,230405,230405,230408,0,3,3
65702,6,2,230411,230411,230413,0,2,3
65703,1,3,230412,230413,230416,1,4,0
65704,6,1,230418,230418,230419,0,1,2
65705,4,1,230422,230422,230423,0,1,3
65706,5,3,230427,230427,230430,0,3,4
65707,4,2,230431,230431,230433,0,2,1
65708,4,2,230435,230435,230437,0,2,2
65709,3,3,230438,230438,230441,0,3,1
65710,1,1,230439,230441,230442,2,3,0
65711,1,3,230440,230442,230445,2,5,0
65712,5,1,230445,230445,230446,0,1,0
65713,6,3,230451,230451,230454,0,3,5
65714,1,1,230452,230454,230455,2,3,0
65715,6,1,230458,230458,230459,0,1,3
65716,1,3,230459,230459,230462,0,3,0
65717,3,2,230462,230462,230464,0,2,0
65718,3,1,230465,230465,230466,0,1,1
65719,4,1,230469,230469,230470,0,1,3
65720,2,3,230471,230471,230474,0,3,1
65721,2,3,230473,230474,230477,1,4,0
65722,5,2,230478,230478,230480,0,2,1
65723,5,2,230483,230483,230485,0,2,3
65724,5,2,230488,230488,230490,0,2,3
65725,2,1,230490,230490,230491,0,1,0
65726,6,1,230496,230496,230497,0,1,5
65727,6,3,230502,230502,230505,0,3,5
65728,4,2,230506,230506,230508,0,2,1
65729,1,1,230507,230508,230509,1,2,0
65730,3,1,230510,230510,230511,0,1,1
65731,2,3,230512,230512,230515,0,3,1
65732,2,3,230514,230515,230518,1,4,0
65733,6,1,230520,230520,230521,0,1,2
65734,4,2,230524,230524,230526,0,2,3
65735,1,3,230525,230526,230529,1,4,0
65736,1,2,230526,230529,230531,3,5,0
65737,1,2,230527,230531,230533,4,6,0
65738,1,1,230528,230533,230534,5,6,0
65739,3,3,230531,230534,230537,3,6,0
65740,1,1,230532,230537,230538,5,6,0
65741,5,1,230537,230538,230539,1,2,0
65742,1,3,230538,230539,230542,1,4,0
65743,1,2,230539,230542,230544,3,5,0
65744,4,1,230543,230544,230545,1,2,0
65745,1,3,230544,230545,230548,1,4,0
65746,5,3,230549,230549,230552,0,3,1
65747,5,1,230554,230554,230555,0,1,2
65748,6,1,230560,230560,230561,0,1,5
65749,6,1,230566,230566,230567,0,1,5
65750,3,3,230569,230569,230572,0,3,2
65751,3,1,230572,230572,230573,0,1,0
65752,6,1,230578,230578,230579,0,1,5
65753,4,3,230582,230582,230585,0,3,3
65754,2,1,230584,230585,230586,1,2,0
65755,4,3,230588,230588,230591,0,3,2
65756,4,1,230592,230592,230593,0,1,1
65757,1,3,230593,230593,230596,0,3,0
65758,6,3,230599,230599,230602,0,3,3
65759,5,2,230604,230604,230606,0,2,2
65760,1,2,230605,230606,230608,1,3,0
65761,1,2,230606,230608,230610,2,4,0
65762,4,1,230610,230610,230611,0,1,0
65763,4,2,230614,230614,230616,0,2,3
65764,4,3,230618,230618,230621,0,3,2
65765,3,2,230621,230621,230623,0,2,0
65766,2,1,230623,230623,230624,0,1,0
65767,4,2,230627,230627,230629,0,2,3
65768,2,2,230629,230629,230631,0,2,0
65769,4,3,230633,230633,230636,0,3,2
65770,6,2,230639,230639,230641,0,2,3
65771,3,3,230642,230642,230645,0,3,1
65772,6,2,230648,230648,230650,0,2,3
65773,1,1,230649,230650,230651,1,2,0
65774,5,3,230654,230654,230657,0,3,3
65775,1,1,230655,230657,230658,2,3,0
65776,5,1,230660,230660,230661,0,1,2
65777,1,3,230661,230661,230664,0,3,0
65778,2,1,230663,230664,230665,1,2,0
65779,5,2,230668,230668,230670,0,2,3
65780,1,2,230669,230670,230672,1,3,0
65781,6,1,230675,230675,230676,0,1,3
65782,2,3,230677,230677,230680,0,3,1
65783,6,2,230683,230683,230685,0,2,3
65784,6,2,230689,230689,230691,0,2,4
65785,6,1,230695,230695,230696,0,1,4
65786,2,3,230697,230697,230700,0,3,1
65787,2,2,230699,230700,230702,1,3,0
65788,3,3,230702,230702,230705,0,3,0
65789,4,3,230706,230706,230709,0,3,1
65790,6,2,230712,230712,230714,0,2,3
65791,5,3,230717,230717,230720,0,3,3
65792,1,1,230718,230720,230721,2,3,0
65793,4,1,230722,230722,230723,0,1,1
65794,3,1,230725,230725,230726,0,1,2
65795,6,3,230731,230731,230734,0,3,5
65796,6,3,230737,230737,230740,0,3,3
65797,2,2,230739,230740,230742,1,3,0
65798,1,3,230740,230742,230745,2,5,0
65799,1,2,230741,230745,230747,4,6,0
65800,2,2,230743,230747,230749,4,6,0
65801,4,2,230747,230749,230751,2,4,0
65802,5,3,230752,230752,230755,0,3,1
65803,4,2,230756,230756,230758,0,2,1
65804,1,2,230757,230758,230760,1,3,0
65805,1,3,230758,230760,230763,2,5,0
65806,6,2,230764,230764,230766,0,2,1
65807,4,1,230768,230768,230769,0,1,2
65808,4,3,230772,230772,230775,0,3,3
65809,4,1,230776,230776,230777,0,1,1
65810,4,3,230780,230780,230783,0,3,3
65811,1,1,230781,230783,230784,2,3,0
65812,6,1,230787,230787,230788,0,1,3
65813,5,1,230792,230792,230793,0,1,4
65814,1,2,230793,230793,230795,0,2,0
65815,5,1,230798,230798,230799,0,1,3
65816,5,2,230803,230803,230805,0,2,4
65817,3,1,230806,230806,230807,0,1,1
65818,1,1,230807,230807,230808,0,1,0
65819,4,3,230811,230811,230814,0,3,3
65820,6,2,230817,230817,230819,0,2,3
65821,4,2,230821,230821,230823,0,2,2
65822,3,2,230824,230824,230826,0,2,1
65823,5,1,230829,230829,230830,0,1,3
65824,2,1,230831,230831,230832,0,1,1
65825,5,3,230836,230836,230839,0,3,4
65826,1,1,230837,230839,230840,2,3,0
65827,4,3,230841,230841,230844,0,3,1
65828,4,3,230845,230845,230848,0,3,1
65829,2,3,230847,230848,230851,1,4,0
65830,5,2,230852,230852,230854,0,2,1
65831,6,2,230858,230858,230860,0,2,4
65832,6,3,230864,230864,230867,0,3,4
65833,3,2,230867,230867,230869,0,2,0
65834,1,3,230868,230869,230872,1,4,0
65835,1,2,230869,230872,230874,3,5,0
65836,4,1,230873,230874,230875,1,2,0
65837,2,3,230875,230875,230878,0,3,0
65838,3,3,230878,230878,230881,0,3,0
65839,3,2,230881,230881,230883,0,2,0
65840,1,2,230882,230883,230885,1,3,0
65841,1,2,230883,230885,230887,2,4,0
65842,3,1,230886,230887,230888,1,2,0
65843,6,3,230892,230892,230895,0,3,4
65844,3,3,230895,230895,230898,0,3,0
65845,3,1,230898,230898,230899,0,1,0
65846,5,2,230903,230903,230905,0,2,4
65847,2,3,230905,230905,230908,0,3,0
65848,1,3,230906,230908,230911,2,5,0
65849,5,3,230911,230911,230914,0,3,0
65850,1,3,230912,230914,230917,2,5,0
65851,3,2,230915,230917,230919,2,4,0
65852,2,3,230917,230919,230922,2,5,0
65853,5,2,230922,230922,230924,0,2,0
65854,5,2,230927,230927,230929,0,2,3
65855,1,3,230928,230929,230932,1,4,0
65856,3,2,230931,230932,230934,1,3,0
65857,4,3,230935,230935,230938,0,3,1
65858,3,3,230938,230938,230941,0,3,0
65859,3,2,230941,230941,230943,0,2,0
65860,3,1,230944,230944,230945,0,1,1
65861,2,3,230946,230946,230949,0,3,1
65862,1,2,230947,230949,230951,2,4,0
65863,3,2,230950,230951,230953,1,3,0
65864,3,1,230953,230953,230954,0,1,0
65865,5,2,230958,230958,230960,0,2,4
65866,2,1,230960,230960,230961,0,1,0
65867,4,1,230964,230964,230965,0,1,3
65868,4,2,230968,230968,230970,0,2,3
65869,3,2,230971,230971,230973,0,2,1
65870,3,3,230974,230974,230977,0,3,1
65871,4,1,230978,230978,230979,0,1,1
65872,4,2,230982,230982,230984,0,2,3
65873,6,2,230988,230988,230990,0,2,4
65874,1,3,230989,230990,230993,1,4,0
65875,1,3,230990,230993,230996,3,6,0
65876,4,2,230994,230996,230998,2,4,0
65877,1,3,230995,230998,231001,3,6,0
65878,4,3,230999,231001,231004,2,5,0
65879,1,3,231000,231004,231007,4,7,0
65880,4,2,231004,231007,231009,3,5,0
65881,1,1,231005,231009,231010,4,5,0
65882,1,2,231006,231010,231012,4,6,0
65883,6,2,231012,231012,231014,0,2,0
65884,4,2,231016,231016,231018,0,2,2
65885,4,2,231020,231020,231022,0,2,2
65886,3,2,231023,231023,231025,0,2,1
65887,1,3,231024,231025,231028,1,4,0
65888,5,2,231029,231029,231031,0,2,1
65889,4,1,231033,231033,231034,0,1,2
65890,3,2,231036,231036,231038,0,2,2
65891,5,1,231041,231041,231042,0,1,3
65892,3,1,231044,231044,231045,0,1,2
65893,6,1,231050,231050,231051,0,1,5
65894,1,2,231051,231051,231053,0,2,0
65895,4,2,231055,231055,231057,0,2,2
65896,2,3,231057,231057,231060,0,3,0
65897,2,3,231059,231060,231063,1,4,0
65898,2,2,231061,231063,231065,2,4,0
65899,3,2,231064,231065,231067,1,3,0
65900,6,2,231070,231070,231072,0,2,3
65901,4,3,231074,231074,231077,0,3,2
65902,2,3,231076,231077,231080,1,4,0
65903,6,1,231082,231082,231083,0,1,2
65904,3,3,231085,231085,231088,0,3,2
65905,6,2,231091,231091,231093,0,2,3
65906,3,1,231094,231094,231095,0,1,1
65907,2,3,231096,231096,231099,0,3,1
65908,1,1,231097,231099,231100,2,3,0
65909,2,3,231099,231100,231103,1,4,0
65910,4,2,231103,231103,231105,0,2,0
65911,5,2,231108,231108,231110,0,2,3
65912,3,2,231111,231111,231113,0,2,1
65913,1,1,231112,231113,231114,1,2,0
65914,2,1,231114,231114,231115,0,1,0
65915,2,1,231116,231116,231117,0,1,1
65916,6,3,231122,231122,231125,0,3,5
65917,2,3,231124,231125,231128,1,4,0
65918,2,1,231126,231128,231129,2,3,0
65919,2,3,231128,231129,231132,1,4,0
65920,1,1,231129,231132,231133,3,4,0
65921,3,2,231132,231133,231135,1,3,0
65922,6,3,231138,231138,231141,0,3,3
65923,6,2,231144,231144,231146,0,2,3
65924,3,3,231147,231147,231150,0,3,1
65925,3,3,231150,231150,231153,0,3,0
65926,2,2,231152,231153,231155,1,3,0
65927,2,3,231154,231155,231158,1,4,0
65928,1,2,231155,231158,231160,3,5,0
65929,5,3,231160,231160,231163,0,3,0
65930,5,2,231165,231165,231167,0,2,2
65931,4,1,231169,231169,231170,0,1,2
65932,4,3,231173,231173,231176,0,3,3
65933,3,1,231176,231176,231177,0,1,0
65934,3,3,231179,231179,231182,0,3,2
65935,4,2,231183,231183,231185,0,2,1
65936,4,3,231187,231187,231190,0,3,2
65937,6,2,231193,231193,231195,0,2,3
65938,3,3,231196,231196,231199,0,3,1
65939,3,1,231199,231199,231200,0,1,0
65940,1,1,231200,231200,231201,0,1,0
65941,6,2,231206,231206,231208,0,2,5
65942,4,3,231210,231210,231213,0,3,2
65943,4,2,231214,231214,231216,0,2,1
65944,2,3,231216,231216,231219,0,3,0
65945,4,1,231220,231220,231221,0,1,1
65946,5,2,231225,231225,231227,0,2,4
65947,4,2,231229,231229,231231,0,2,2
65948,1,1,231230,231231,231232,1,2,0
65949,6,1,231236,231236,231237,0,1,4
65950,3,1,231239,231239,231240,0,1,2
65951,5,2,231244,231244,231246,0,2,4
65952,6,1,231250,231250,231251,0,1,4
65953,6,3,231256,231256,231259,0,3,5
65954,2,1,231258,231259,231260,1,2,0
65955,3,1,231261,231261,231262,0,1,1
65956,3,2,231264,231264,231266,0,2,2
65957,6,2,231270,231270,231272,0,2,4
65958,1,2,231271,231272,231274,1,3,0
65959,3,2,231274,231274,231276,0,2,0
65960,1,2,231275,231276,231278,1,3,0
65961,3,3,231278,231278,231281,0,3,0
65962,1,2,231279,231281,231283,2,4,0
65963,4,3,231283,231283,231286,0,3,0
65964,3,3,231286,231286,231289,0,3,0
65965,3,1,231289,231289,231290,0,1,0
65966,5,2,231294,231294,231296,0,2,4
65967,3,3,231297,231297,231300,0,3,1
65968,5,1,231302,231302,231303,0,1,2
65969,3,2,231305,231305,231307,0,2,2
65970,2,2,231307,231307,231309,0,2,0
65971,2,2,231309,231309,231311,0,2,0
65972,2,2,231311,231311,231313,0,2,0
65973,4,1,231315,231315,231316,0,1,2
65974,5,3,231320,231320,231323,0,3,4
65975,6,2,231326,231326,231328,0,2,3
65976,3,3,231329,231329,231332,0,3,1
65977,2,3,231331,231332,231335,1,4,0
65978,2,2,231333,231335,231337,2,4,0
65979,1,3,231334,231337,231340,3,6,0
65980,6,3,231340,231340,231343,0,3,0
65981,3,1,231343,231343,231344,0,1,0
65982,2,2,231345,231345,231347,0,2,1
65983,6,2,231351,231351,231353,0,2,4
65984,5,3,231356,231356,231359,0,3,3
65985,5,1,231361,231361,231362,0,1,2
65986,3,2,231364,231364,231366,0,2,2
65987,6,3,231370,231370,231373,0,3,4
65988,5,2,231375,231375,231377,0,2,2
65989,2,2,231377,231377,231379,0,2,0
65990,1,1,231378,231379,231380,1,2,0
65991,1,1,231379,231380,231381,1,2,0
65992,1,2,231380,231381,231383,1,3,0
65993,6,3,231386,231386,231389,0,3,3
65994,2,1,231388,231389,231390,1,2,0
65995,6,2,231394,231394,231396,0,2,4
65996,5,2,231399,231399,231401,0,2,3
65997,4,1,231403,231403,231404,0,1,2
65998,2,1,231405,231405,231406,0,1,1
65999,1,3,231406,231406,231409,0,3,0
66000,3,3,231409,231409,231412,0,3,0
66001,4,1,231413,231413,231414,0,1,1
66002,4,3,231417,231417,231420,0,3,3
66003,5,3,231422,231422,231425,0,3,2
66004,4,3,231426,231426,231429,0,3,1
66005,6,2,231432,231432,231434,0,2,3
66006,2,1,231434,231434,231435,0,1,0
66007,4,3,231438,231438,231441,0,3,3
66008,1,3,231439,231441,231444,2,5,0
66009,5,2,231444,231444,231446,0,2,0
66010,2,2,231446,231446,231448,0,2,0
66011,2,2,231448,231448,231450,0,2,0
66012,3,1,231451,231451,231452,0,1,1
66013,2,2,231453,231453,231455,0,2,1
66014,3,3,231456,231456,231459,0,3,1
66015,5,2,231461,231461,231463,0,2,2
66016,1,3,231462,231463,231466,1,4,0
66017,3,1,231465,231466,231467,1,2,0
66018,6,2,231471,231471,231473,0,2,4
66019,1,3,231472,231473,231476,1,4,0
66020,6,3,231478,231478,231481,0,3,2
66021,2,3,231480,231481,231484,1,4,0
66022,1,3,231481,231484,231487,3,6,0
66023,5,2,231486,231487,231489,1,3,0
66024,4,2,231490,231490,231492,0,2,1
66025,6,3,231496,231496,231499,0,3,4
66026,1,3,231497,231499,231502,2,5,0
66027,4,2,231501,231502,231504,1,3,0
66028,6,1,231507,231507,231508,0,1,3
66029,3,1,231510,231510,231511,0,1,2
66030,6,3,231516,231516,231519,0,3,5
66031,1,3,231517,231519,231522,2,5,0
66032,2,3,231519,231522,231525,3,6,0
66033,2,1,231521,231525,231526,4,5,0
66034,6,2,231527,231527,231529,0,2,1
66035,1,3,231528,231529,231532,1,4,0
66036,5,3,231533,231533,231536,0,3,1
66037,5,1,231538,231538,231539,0,1,2
66038,5,1,231543,231543,231544,0,1,4
66039,4,2,231547,231547,231549,0,2,3
66040,1,2,231548,231549,231551,1,3,0
66041,2,3,231550,231551,231554,1,4,0
66042,1,3,231551,231554,231557,3,6,0
66043,1,2,231552,231557,231559,5,7,0
66044,3,3,231555,231559,231562,4,7,0
66045,1,2,231556,231562,231564,6,8,0
66046,1,3,231557,231564,231567,7,10,0
66047,6,2,231563,231567,231569,4,6,0
66048,5,3,231568,231569,231572,1,4,0
66049,2,2,231570,231572,231574,2,4,0
66050,2,1,231572,231574,231575,2,3,0
66051,4,2,231576,231576,231578,0,2,1
66052,4,1,231580,231580,231581,0,1,2
66053,5,3,231585,231585,231588,0,3,4
66054,3,1,231588,231588,231589,0,1,0
66055,1,3,231589,231589,231592,0,3,0
66056,5,3,231594,231594,231597,0,3,2
66057,1,2,231595,231597,231599,2,4,0
66058,5,2,231600,231600,231602,0,2,1
66059,1,1,231601,231602,231603,1,2,0
66060,5,2,231606,231606,231608,0,2,3
66061,6,1,231612,231612,231613,0,1,4
66062,3,3,231615,231615,231618,0,3,2
66063,1,2,231616,231618,231620,2,4,0
66064,2,3,231618,231620,231623,2,5,0
66065,3,3,231621,231623,231626,2,5,0
66066,3,3,231624,231626,231629,2,5,0
66067,2,2,231626,231629,231631,3,5,0
66068,3,1,231629,231631,231632,2,3,0
66069,3,1,231632,231632,231633,0,1,0
66070,2,2,231634,231634,231636,0,2,1
66071,3,3,231637,231637,231640,0,3,1
66072,2,1,231639,231640,231641,1,2,0
66073,5,3,231644,231644,231647,0,3,3
66074,1,1,231645,231647,231648,2,3,0
66075,4,1,231649,231649,231650,0,1,1
66076,1,2,231650,231650,231652,0,2,0
66077,6,2,231656,231656,231658,0,2,4
66078,2,2,231658,231658,231660,0,2,0
66079,2,2,231660,231660,231662,0,2,0
66080,3,3,231663,231663,231666,0,3,1
66081,2,3,231665,231666,231669,1,4,0
66082,5,2,231670,231670,231672,0,2,1
66083,4,2,231674,231674,231676,0,2,2
66084,2,3,231676,231676,231679,0,3,0
66085,4,2,231680,231680,231682,0,2,1
66086,5,2,231685,231685,231687,0,2,3
66087,5,2,231690,231690,231692,0,2,3
66088,4,3,231694,231694,231697,0,3,2
66089,1,2,231695,231697,231699,2,4,0
66090,5,3,231700,231700,231703,0,3,1
66091,2,2,231702,231703,231705,1,3,0
66092,6,3,231708,231708,231711,0,3,3
66093,5,2,231713,231713,231715,0,2,2
66094,2,1,231715,231715,231716,0,1,0
66095,4,3,231719,231719,231722,0,3,3
66096,1,2,231720,231722,231724,2,4,0
66097,1,2,231721,231724,231726,3,5,0
66098,1,2,231722,231726,231728,4,6,0
66099,2,1,231724,231728,231729,4,5,0
66100,6,1,231730,231730,231731,0,1,1
66101,3,3,231733,231733,231736,0,3,2
66102,4,1,231737,231737,231738,0,1,1
66103,1,2,231738,231738,231740,0,2,0
66104,2,1,231740,231740,231741,0,1,0
66105,2,2,231742,231742,231744,0,2,1
66106,2,3,231744,231744,231747,0,3,0
66107,5,2,231749,231749,231751,0,2,2
66108,6,3,231755,231755,231758,0,3,4
66109,3,2,231758,231758,231760,0,2,0
66110,4,2,231762,231762,231764,0,2,2
66111,3,3,231765,231765,231768,0,3,1
66112,5,2,231770,231770,231772,0,2,2
66113,2,2,231772,231772,231774,0,2,0
66114,2,2,231774,231774,231776,0,2,0
66115,4,1,231778,231778,231779,0,1,2
66116,3,3,231781,231781,231784,0,3,2
66117,1,2,231782,231784,231786,2,4,0
66118,4,3,231786,231786,231789,0,3,0
66119,2,3,231788,231789,231792,1,4,0
66120,4,3,231792,231792,231795,0,3,0
66121,1,3,231793,231795,231798,2,5,0
66122,2,3,231795,231798,231801,3,6,0
66123,5,2,231800,231801,231803,1,3,0
66124,2,2,231802,231803,231805,1,3,0
66125,4,1,231806,231806,231807,0,1,1
66126,6,3,231812,231812,231815,0,3,5
66127,4,3,231816,231816,231819,0,3,1
66128,5,2,231821,231821,231823,0,2,2
66129,4,1,231825,231825,231826,0,1,2
66130,4,2,231829,231829,231831,0,2,3
66131,3,3,231832,231832,231835,0,3,1
66132,2,3,231834,231835,231838,1,4,0
66133,3,3,231837,231838,231841,1,4,0
66134,4,1,231841,231841,231842,0,1,0
66135,2,3,231843,231843,231846,0,3,1
66136,5,2,231848,231848,231850,0,2,2
66137,2,3,231850,231850,231853,0,3,0
66138,1,1,231851,231853,231854,2,3,0
66139,1,3,231852,231854,231857,2,5,0
66140,3,1,231855,231857,231858,2,3,0
66141,2,2,231857,231858,231860,1,3,0
66142,3,1,231860,231860,231861,0,1,0
66143,1,2,231861,231861,231863,0,2,0
66144,4,3,231865,231865,231868,0,3,2
66145,1,2,231866,231868,231870,2,4,0
66146,1,1,231867,231870,231871,3,4,0
66147,3,2,231870,231871,231873,1,3,0
66148,1,2,231871,231873,231875,2,4,0
66149,1,2,231872,231875,231877,3,5,0
66150,2,3,231874,231877,231880,3,6,0
66151,6,1,231880,231880,231881,0,1,0
66152,3,3,231883,231883,231886,0,3,2
66153,3,2,231886,231886,231888,0,2,0
66154,6,1,231892,231892,231893,0,1,4
66155,6,2,231898,231898,231900,0,2,5
66156,3,3,231901,231901,231904,0,3,1
66157,2,3,231903,231904,231907,1,4,0
66158,6,2,231909,231909,231911,0,2,2
66159,6,2,231915,231915,231917,0,2,4
66160,6,3,231921,231921,231924,0,3,4
66161,6,1,231927,231927,231928,0,1,3
66162,3,1,231930,231930,231931,0,1,2
66163,4,1,231934,231934,231935,0,1,3
66164,1,1,231935,231935,231936,0,1,0
66165,1,3,231936,231936,231939,0,3,0
66166,6,3,231942,231942,231945,0,3,3
66167,3,1,231945,231945,231946,0,1,0
66168,5,1,231950,231950,231951,0,1,4
66169,2,3,231952,231952,231955,0,3,1
66170,4,3,231956,231956,231959,0,3,1
66171,5,3,231961,231961,231964,0,3,2
66172,3,3,231964,231964,231967,0,3,0
66173,6,2,231970,231970,231972,0,2,3
66174,1,2,231971,231972,231974,1,3,0
66175,2,3,231973,231974,231977,1,4,0
66176,2,1,231975,231977,231978,2,3,0
66177,2,2,231977,231978,231980,1,3,0
66178,5,3,231982,231982,231985,0,3,2
66179,2,1,231984,231985,231986,1,2,0
66180,3,3,231987,231987,231990,0,3,1
66181,4,3,231991,231991,231994,0,3,1
66182,3,3,231994,231994,231997,0,3,0
66183,1,1,231995,231997,231998,2,3,0
66184,6,2,232001,232001,232003,0,2,3
66185,2,1,232003,232003,232004,0,1,0
66186,1,1,232004,232004,232005,0,1,0
66187,6,3,232010,232010,232013,0,3,5
66188,2,2,232012,232013,232015,1,3,0
66189,5,3,232017,232017,232020,0,3,2
66190,1,3,232018,232020,232023,2,5,0
66191,6,1,232024,232024,232025,0,1,1
66192,4,3,232028,232028,232031,0,3,3
66193,5,1,232033,232033,232034,0,1,2
66194,5,1,232038,232038,232039,0,1,4
66195,1,2,232039,232039,232041,0,2,0
66196,5,2,232044,232044,232046,0,2,3
66197,4,1,232048,232048,232049,0,1,2
66198,1,3,232049,232049,232052,0,3,0
66199,5,2,232054,232054,232056,0,2,2
66200,5,2,232059,232059,232061,0,2,3
66201,2,3,232061,232061,232064,0,3,0
66202,6,2,232067,232067,232069,0,2,3
66203,1,1,232068,232069,232070,1,2,0
66204,3,2,232071,232071,232073,0,2,1
66205,1,1,232072,232073,232074,1,2,0
66206,1,2,232073,232074,232076,1,3,0
66207,1,1,232074,232076,232077,2,3,0
66208,5,1,232079,232079,232080,0,1,2
66209,6,1,232085,232085,232086,0,1,5
66210,5,2,232090,232090,232092,0,2,4
66211,6,3,232096,232096,232099,0,3,4
66212,4,3,232100,232100,232103,0,3,1
66213,1,2,232101,232103,232105,2,4,0
66214,1,1,232102,232105,232106,3,4,0
66215,1,2,232103,232106,232108,3,5,0
66216,3,3,232106,232108,232111,2,5,0
66217,2,1,232108,232111,232112,3,4,0
66218,2,1,232110,232112,232113,2,3,0
66219,3,2,232113,232113,232115,0,2,0
66220,4,2,232117,232117,232119,0,2,2
66221,3,1,232120,232120,232121,0,1,1
66222,2,1,232122,232122,232123,0,1,1
66223,2,1,232124,232124,232125,0,1,1
66224,5,2,232129,232129,232131,0,2,4
66225,3,3,232132,232132,232135,0,3,1
66226,6,3,232138,232138,232141,0,3,3
66227,5,1,232143,232143,232144,0,1,2
66228,6,3,232149,232149,232152,0,3,5
66229,1,2,232150,232152,232154,2,4,0
66230,2,3,232152,232154,232157,2,5,0
66231,4,3,232156,232157,232160,1,4,0
66232,6,1,232162,232162,232163,0,1,2
66233,1,3,232163,232163,232166,0,3,0
66234,3,2,232166,232166,232168,0,2,0
66235,5,3,232171,232171,232174,0,3,3
66236,4,3,232175,232175,232178,0,3,1
66237,1,3,232176,232178,232181,2,5,0
66238,1,3,232177,232181,232184,4,7,0
66239,4,3,232181,232184,232187,3,6,0
66240,3,2,232184,232187,232189,3,5,0
66241,1,1,232185,232189,232190,4,5,0
66242,4,1,232189,232190,232191,1,2,0
66243,3,2,232192,232192,232194,0,2,1
66244,6,2,232198,232198,232200,0,2,4
66245,1,1,232199,232200,232201,1,2,0
66246,2,2,232201,232201,232203,0,2,0
66247,1,1,232202,232203,232204,1,2,0
66248,2,2,232204,232204,232206,0,2,0
66249,5,1,232209,232209,232210,0,1,3
66250,5,3,232214,232214,232217,0,3,4
66251,2,2,232216,232217,232219,1,3,0
66252,6,1,232222,232222,232223,0,1,3
66253,6,3,232228,232228,232231,0,3,5
66254,3,3,232231,232231,232234,0,3,0
66255,4,1,232235,232235,232236,0,1,1
66256,5,2,232240,232240,232242,0,2,4
66257,2,1,232242,232242,232243,0,1,0
66258,5,2,232247,232247,232249,0,2,4
66259,6,3,232253,232253,232256,0,3,4
66260,1,2,232254,232256,232258,2,4,0
66261,1,1,232255,232258,232259,3,4,0
66262,5,3,232260,232260,232263,0,3,1
66263,6,1,232266,232266,232267,0,1,3
66264,2,1,232268,232268,232269,0,1,1
66265,3,1,232271,232271,232272,0,1,2
66266,6,1,232277,232277,232278,0,1,5
66267,6,2,232283,232283,232285,0,2,5
66268,6,3,232289,232289,232292,0,3,4
66269,1,1,232290,232292,232293,2,3,0
66270,2,2,232292,232293,232295,1,3,0
66271,2,2,232294,232295,232297,1,3,0
66272,3,3,232297,232297,232300,0,3,0
66273,3,3,232300,232300,232303,0,3,0
66274,1,3,232301,232303,232306,2,5,0
66275,1,2,232302,232306,232308,4,6,0
66276,1,1,232303,232308,232309,5,6,0
66277,1,1,232304,232309,232310,5,6,0
66278,5,3,232309,232310,232313,1,4,0
66279,1,2,232310,232313,232315,3,5,0
66280,4,3,232314,232315,232318,1,4,0
66281,5,3,232319,232319,232322,0,3,1
66282,1,1,232320,232322,232323,2,3,0
66283,5,1,232325,232325,232326,0,1,2
66284,6,2,232331,232331,232333,0,2,5
66285,1,1,232332,232333,232334,1,2,0
66286,3,1,232335,232335,232336,0,1,1
66287,3,3,232338,232338,232341,0,3,2
66288,2,1,232340,232341,232342,1,2,0
66289,2,2,232342,232342,232344,0,2,0
66290,2,3,232344,232344,232347,0,3,0
66291,6,1,232350,232350,232351,0,1,3
66292,2,3,232352,232352,232355,0,3,1
66293,3,1,232355,232355,232356,0,1,0
66294,1,1,232356,232356,232357,0,1,0
66295,1,2,232357,232357,232359,0,2,0
66296,5,1,232362,232362,232363,0,1,3
66297,5,3,232367,232367,232370,0,3,4
66298,5,2,232372,232372,232374,0,2,2
66299,1,3,232373,232374,232377,1,4,0
66300,6,2,232379,232379,232381,0,2,2
66301,3,3,232382,232382,232385,0,3,1
66302,1,1,232383,232385,232386,2,3,0
66303,4,2,232387,232387,232389,0,2,1
66304,1,1,232388,232389,232390,1,2,0
66305,1,3,232389,232390,232393,1,4,0
66306,1,1,232390,232393,232394,3,4,0
66307,4,1,232394,232394,232395,0,1,0
66308,4,1,232398,232398,232399,0,1,3
66309,1,2,232399,232399,232401,0,2,0
66310,6,1,232405,232405,232406,0,1,4
66311,1,2,232406,232406,232408,0,2,0
66312,5,2,232411,232411,232413,0,2,3
66313,4,3,232415,232415,232418,0,3,2
66314,3,2,232418,232418,232420,0,2,0
66315,3,1,232421,232421,232422,0,1,1
66316,2,2,232423,232423,232425,0,2,1
66317,1,3,232424,232425,232428,1,4,0
66318,6,2,232430,232430,232432,0,2,2
66319,2,1,232432,232432,232433,0,1,0
66320,6,2,232438,232438,232440,0,2,5
66321,1,3,232439,232440,232443,1,4,0
66322,4,2,232443,232443,232445,0,2,0
66323,4,2,232447,232447,232449,0,2,2
66324,6,3,232453,232453,232456,0,3,4
66325,3,1,232456,232456,232457,0,1,0
66326,1,1,232457,232457,232458,0,1,0
66327,3,3,232460,232460,232463,0,3,2
66328,3,1,232463,232463,232464,0,1,0
66329,3,3,232466,232466,232469,0,3,2
66330,2,2,232468,232469,232471,1,3,0
66331,3,3,232471,232471,232474,0,3,0
66332,3,3,232474,232474,232477,0,3,0
66333,6,1,232480,232480,232481,0,1,3
66334,1,1,232481,232481,232482,0,1,0
66335,4,1,232485,232485,232486,0,1,3
66336,2,3,232487,232487,232490,0,3,1
66337,1,2,232488,232490,232492,2,4,0
66338,1,2,232489,232492,232494,3,5,0
66339,5,1,232494,232494,232495,0,1,0
66340,5,3,232499,232499,232502,0,3,4
66341,3,2,232502,232502,232504,0,2,0
66342,2,2,232504,232504,232506,0,2,0
66343,5,1,232509,232509,232510,0,1,3
66344,5,2,232514,232514,232516,0,2,4
66345,1,1,232515,232516,232517,1,2,0
66346,5,1,232520,232520,232521,0,1,3
66347,3,2,232523,232523,232525,0,2,2
66348,3,1,232526,232526,232527,0,1,1
66349,3,1,232529,232529,232530,0,1,2
66350,4,1,232533,232533,232534,0,1,3
66351,4,2,232537,232537,232539,0,2,3
66352,4,3,232541,232541,232544,0,3,2
66353,2,1,232543,232544,232545,1,2,0
66354,4,2,232547,232547,232549,0,2,2
66355,4,2,232551,232551,232553,0,2,2
66356,5,3,232556,232556,232559,0,3,3
66357,4,1,232560,232560,232561,0,1,1
66358,6,3,232566,232566,232569,0,3,5
66359,2,3,232568,232569,232572,1,4,0
66360,5,3,232573,232573,232576,0,3,1
66361,6,3,232579,232579,232582,0,3,3
66362,4,2,232583,232583,232585,0,2,1
66363,3,3,232586,232586,232589,0,3,1
66364,1,3,232587,232589,232592,2,5,0
66365,4,2,232591,232592,232594,1,3,0
66366,4,1,232595,232595,232596,0,1,1
66367,2,3,232597,232597,232600,0,3,1
66368,1,3,232598,232600,232603,2,5,0
66369,1,1,232599,232603,232604,4,5,0
66370,1,3,232600,232604,232607,4,7,0
66371,5,3,232605,232607,232610,2,5,0
66372,3,1,232608,232610,232611,2,3,0
66373,2,1,232610,232611,232612,1,2,0
66374,6,3,232616,232616,232619,0,3,4
66375,1,3,232617,232619,232622,2,5,0
66376,2,3,232619,232622,232625,3,6,0
66377,2,1,232621,232625,232626,4,5,0
66378,3,2,232624,232626,232628,2,4,0
66379,6,3,232630,232630,232633,0,3,2
66380,2,1,232632,232633,232634,1,2,0
66381,3,1,232635,232635,232636,0,1,1
66382,3,2,232638,232638,232640,0,2,2
66383,2,3,232640,232640,232643,0,3,0
66384,2,3,232642,232643,232646,1,4,0
66385,4,2,232646,232646,232648,0,2,0
66386,3,3,232649,232649,232652,0,3,1
66387,5,2,232654,232654,232656,0,2,2
66388,6,2,232660,232660,232662,0,2,4
66389,4,2,232664,232664,232666,0,2,2
66390,6,1,232670,232670,232671,0,1,4
66391,4,3,232674,232674,232677,0,3,3
66392,5,1,232679,232679,232680,0,1,2
66393,4,2,232683,232683,232685,0,2,3
66394,4,3,232687,232687,232690,0,3,2
66395,3,1,232690,232690,232691,0,1,0
66396,2,2,232692,232692,232694,0,2,1
66397,2,1,232694,232694,232695,0,1,0
66398,3,2,232697,232697,232699,0,2,2
66399,5,2,232702,232702,232704,0,2,3
66400,6,2,232708,232708,232710,0,2,4
66401,5,2,232713,232713,232715,0,2,3
66402,2,1,232715,232715,232716,0,1,0
66403,4,3,232719,232719,232722,0,3,3
66404,4,3,232723,232723,232726,0,3,1
66405,2,3,232725,232726,232729,1,4,0
66406,5,3,232730,232730,232733,0,3,1
66407,6,1,232736,232736,232737,0,1,3
66408,4,2,232740,232740,232742,0,2,3
66409,2,1,232742,232742,232743,0,1,0
66410,3,2,232745,232745,232747,0,2,2
66411,1,2,232746,232747,232749,1,3,0
66412,6,2,232752,232752,232754,0,2,3
66413,2,3,232754,232754,232757,0,3,0
66414,4,1,232758,232758,232759,0,1,1
66415,5,3,232763,232763,232766,0,3,4
66416,2,2,232765,232766,232768,1,3,0
66417,1,1,232766,232768,232769,2,3,0
66418,1,2,232767,232769,232771,2,4,0
66419,5,1,232772,232772,232773,0,1,1
66420,2,2,232774,232774,232776,0,2,1
66421,5,3,232779,232779,232782,0,3,3
66422,4,3,232783,232783,232786,0,3,1
66423,4,3,232787,232787,232790,0,3,1
66424,4,1,232791,232791,232792,0,1,1
66425,6,1,232797,232797,232798,0,1,5
66426,2,3,232799,232799,232802,0,3,1
66427,2,1,232801,232802,232803,1,2,0
66428,3,2,232804,232804,232806,0,2,1
66429,2,1,232806,232806,232807,0,1,0
66430,5,3,232811,232811,232814,0,3,4
66431,3,3,232814,232814,232817,0,3,0
66432,6,3,232820,232820,232823,0,3,3
66433,5,1,232825,232825,232826,0,1,2
66434,3,3,232828,232828,232831,0,3,2
66435,3,3,232831,232831,232834,0,3,0
66436,5,2,232836,232836,232838,0,2,2
66437,5,1,232841,232841,232842,0,1,3
66438,6,3,232847,232847,232850,0,3,5
66439,2,2,232849,232850,232852,1,3,0
66440,4,3,232853,232853,232856,0,3,1
66441,2,2,232855,232856,232858,1,3,0
66442,1,3,232856,232858,232861,2,5,0
66443,2,2,232858,232861,232863,3,5,0
66444,2,2,232860,232863,232865,3,5,0
66445,4,2,232864,232865,232867,1,3,0
66446,6,1,232870,232870,232871,0,1,3
66447,5,3,232875,232875,232878,0,3,4
66448,3,3,232878,232878,232881,0,3,0
66449,4,2,232882,232882,232884,0,2,1
66450,3,2,232885,232885,232887,0,2,1
66451,4,3,232889,232889,232892,0,3,2
66452,2,2,232891,232892,232894,1,3,0
66453,1,2,232892,232894,232896,2,4,0
66454,3,2,232895,232896,232898,1,3,0
66455,6,2,232901,232901,232903,0,2,3
66456,1,3,232902,232903,232906,1,4,0
66457,3,3,232905,232906,232909,1,4,0
66458,5,3,232910,232910,232913,0,3,1
66459,5,2,232915,232915,232917,0,2,2
66460,3,1,232918,232918,232919,0,1,1
66461,1,1,232919,232919,232920,0,1,0
66462,3,2,232922,232922,232924,0,2,2
66463,4,2,232926,232926,232928,0,2,2
66464,6,3,232932,232932,232935,0,3,4
66465,5,3,232937,232937,232940,0,3,2
66466,2,3,232939,232940,232943,1,4,0
66467,1,2,232940,232943,232945,3,5,0
66468,1,1,232941,232945,232946,4,5,0
66469,3,2,232944,232946,232948,2,4,0
66470,6,2,232950,232950,232952,0,2,2
66471,6,1,232956,232956,232957,0,1,4
66472,1,3,232957,232957,232960,0,3,0
66473,3,1,232960,232960,232961,0,1,0
66474,1,2,232961,232961,232963,0,2,0
66475,2,3,232963,232963,232966,0,3,0
66476,1,3,232964,232966,232969,2,5,0
66477,6,1,232970,232970,232971,0,1,1
66478,4,1,232974,232974,232975,0,1,3
66479,2,3,232976,232976,232979,0,3,1
66480,6,3,232982,232982,232985,0,3,3
66481,2,2,232984,232985,232987,1,3,0
66482,1,2,232985,232987,232989,2,4,0
66483,3,1,232988,232989,232990,1,2,0
66484,2,3,232990,232990,232993,0,3,0
66485,5,2,232995,232995,232997,0,2,2
66486,3,3,232998,232998,233001,0,3,1
66487,1,2,232999,233001,233003,2,4,0
66488,1,1,233000,233003,233004,3,4,0
66489,5,3,233005,233005,233008,0,3,1
66490,3,2,233008,233008,233010,0,2,0
66491,2,3,233010,233010,233013,0,3,0
66492,1,2,233011,233013,233015,2,4,0
66493,6,3,233017,233017,233020,0,3,2
66494,6,2,233023,233023,233025,0,2,3
66495,5,3,233028,233028,233031,0,3,3
66496,5,1,233033,233033,233034,0,1,2
66497,2,3,233035,233035,233038,0,3,1
66498,3,1,233038,233038,233039,0,1,0
66499,1,1,233039,233039,233040,0,1,0
66500,6,1,233045,233045,233046,0,1,5
66501,1,1,233046,233046,233047,0,1,0
66502,5,2,233051,233051,233053,0,2,4
66503,1,3,233052,233053,233056,1,4,0
66504,2,3,233054,233056,233059,2,5,0
66505,1,1,233055,233059,233060,4,5,0
66506,3,3,233058,233060,233063,2,5,0
66507,5,3,233063,233063,233066,0,3,0
66508,3,1,233066,233066,233067,0,1,0
66509,2,2,233068,233068,233070,0,2,1
66510,6,3,233074,233074,233077,0,3,4
66511,5,1,233079,233079,233080,0,1,2
66512,3,1,233082,233082,233083,0,1,2
66513,1,3,233083,233083,233086,0,3,0
66514,6,1,233089,233089,233090,0,1,3
66515,6,2,233095,233095,233097,0,2,5
66516,4,3,233099,233099,233102,0,3,2
66517,2,1,233101,233102,233103,1,2,0
66518,3,2,233104,233104,233106,0,2,1
66519,6,1,233110,233110,233111,0,1,4
66520,6,1,233116,233116,233117,0,1,5
66521,1,2,233117,233117,233119,0,2,0
66522,6,1,233123,233123,233124,0,1,4
66523,1,1,233124,233124,233125,0,1,0
66524,2,2,233126,233126,233128,0,2,1
66525,1,2,233127,233128,233130,1,3,0
66526,2,1,233129,233130,233131,1,2,0
66527,2,2,233131,233131,233133,0,2,0
66528,6,1,233137,233137,233138,0,1,4
66529,1,1,233138,233138,233139,0,1,0
66530,6,2,233144,233144,233146,0,2,5
66531,2,2,233146,233146,233148,0,2,0
66532,6,3,233152,233152,233155,0,3,4
66533,5,2,233157,233157,233159,0,2,2
66534,1,1,233158,233159,233160,1,2,0
66535,5,1,233163,233163,233164,0,1,3
66536,2,1,233165,233165,233166,0,1,1
66537,3,2,233168,233168,233170,0,2,2
66538,6,3,233174,233174,233177,0,3,4
66539,1,1,233175,233177,233178,2,3,0
66540,2,1,233177,233178,233179,1,2,0
66541,5,3,233182,233182,233185,0,3,3
66542,5,2,233187,233187,233189,0,2,2
66543,6,2,233193,233193,233195,0,2,4
66544,5,3,233198,233198,233201,0,3,3
66545,5,2,233203,233203,233205,0,2,2
66546,6,2,233209,233209,233211,0,2,4
66547,6,3,233215,233215,233218,0,3,4
66548,5,2,233220,233220,233222,0,2,2
66549,2,3,233222,233222,233225,0,3,0
66550,2,2,233224,233225,233227,1,3,0
66551,1,3,233225,233227,233230,2,5,0
66552,2,3,233227,233230,233233,3,6,0
66553,6,3,233233,233233,233236,0,3,0
66554,5,2,233238,233238,233240,0,2,2
66555,2,1,233240,233240,233241,0,1,0
66556,2,2,233242,233242,233244,0,2,1
66557,6,2,233248,233248,233250,0,2,4
66558,4,2,233252,233252,233254,0,2,2
66559,6,2,233258,233258,233260,0,2,4
66560,4,2,233262,233262,233264,0,2,2
66561,2,3,233264,233264,233267,0,3,0
66562,4,3,233268,233268,233271,0,3,1
66563,2,3,233270,233271,233274,1,4,0
66564,2,1,233272,233274,233275,2,3,0
66565,3,2,233275,233275,233277,0,2,0
66566,4,3,233279,233279,233282,0,3,2
66567,1,2,233280,233282,233284,2,4,0
66568,5,1,233285,233285,233286,0,1,1
66569,1,1,233286,233286,233287,0,1,0
66570,6,3,233292,233292,233295,0,3,5
66571,1,2,233293,233295,233297,2,4,0
66572,5,2,233298,233298,233300,0,2,1
66573,1,1,233299,233300,233301,1,2,0
66574,2,1,233301,233301,233302,0,1,0
66575,6,3,233307,233307,233310,0,3,5
66576,1,1,233308,233310,233311,2,3,0
66577,5,2,233313,233313,233315,0,2,2
66578,3,2,233316,233316,233318,0,2,1
66579,3,3,233319,233319,233322,0,3,1
66580,1,2,233320,233322,233324,2,4,0
66581,2,3,233322,233324,233327,2,5,0
66582,1,2,233323,233327,233329,4,6,0
66583,1,2,233324,233329,233331,5,7,0
66584,3,2,233327,233331,233333,4,6,0
66585,1,1,233328,233333,233334,5,6,0
66586,4,2,233332,233334,233336,2,4,0
66587,4,2,233336,233336,233338,0,2,0
66588,3,3,233339,233339,233342,0,3,1
66589,4,3,233343,233343,233346,0,3,1
66590,4,2,233347,233347,233349,0,2,1
66591,5,1,233352,233352,233353,0,1,3
66592,4,2,233356,233356,233358,0,2,3
66593,2,1,233358,233358,233359,0,1,0
66594,2,3,233360,233360,233363,0,3,1
66595,4,2,233364,233364,233366,0,2,1
66596,3,2,233367,233367,233369,0,2,1
66597,4,3,233371,233371,233374,0,3,2
66598,6,2,233377,233377,233379,0,2,3
66599,4,3,233381,233381,233384,0,3,2
66600,2,3,233383,233384,233387,1,4,0
66601,4,2,233387,233387,233389,0,2,0
66602,3,2,233390,233390,233392,0,2,1
66603,6,1,233396,233396,233397,0,1,4
66604,5,1,233401,233401,233402,0,1,4
66605,4,1,233405,233405,233406,0,1,3
66606,2,3,233407,233407,233410,0,3,1
66607,6,3,233413,233413,233416,0,3,3
66608,6,1,233419,233419,233420,0,1,3
66609,6,1,233425,233425,233426,0,1,5
66610,2,2,233427,233427,233429,0,2,1
66611,1,2,233428,233429,233431,1,3,0
66612,6,2,233434,233434,233436,0,2,3
66613,4,3,233438,233438,233441,0,3,2
66614,6,1,233444,233444,233445,0,1,3
66615,5,1,233449,233449,233450,0,1,4
66616,1,2,233450,233450,233452,0,2,0
66617,5,1,233455,233455,233456,0,1,3
66618,2,1,233457,233457,233458,0,1,1
66619,3,1,233460,233460,233461,0,1,2
66620,3,3,233463,233463,233466,0,3,2
66621,2,3,233465,233466,233469,1,4,0
66622,1,3,233466,233469,233472,3,6,0
66623,1,3,233467,233472,233475,5,8,0
66624,4,3,233471,233475,233478,4,7,0
66625,5,2,233476,233478,233480,2,4,0
66626,5,3,233481,233481,233484,0,3,1
66627,1,3,233482,233484,233487,2,5,0
66628,4,1,233486,233487,233488,1,2,0
66629,5,3,233491,233491,233494,0,3,3
66630,6,1,233497,233497,233498,0,1,3
66631,3,2,233500,233500,233502,0,2,2
66632,2,2,233502,233502,233504,0,2,0
66633,5,2,233507,233507,233509,0,2,3
66634,6,1,233513,233513,233514,0,1,4
66635,5,1,233518,233518,233519,0,1,4
66636,5,3,233523,233523,233526,0,3,4
66637,4,2,233527,233527,233529,0,2,1
66638,3,3,233530,233530,233533,0,3,1
66639,4,1,233534,233534,233535,0,1,1
66640,4,1,233538,233538,233539,0,1,3
66641,3,3,233541,233541,233544,0,3,2
66642,3,1,233544,233544,233545,0,1,0
66643,6,3,233550,233550,233553,0,3,5
66644,5,2,233555,233555,233557,0,2,2
66645,2,3,233557,233557,233560,0,3,0
66646,6,2,233563,233563,233565,0,2,3
66647,2,2,233565,233565,233567,0,2,0
66648,2,1,233567,233567,233568,0,1,0
66649,5,1,233572,233572,233573,0,1,4
66650,3,2,233575,233575,233577,0,2,2
66651,4,1,233579,233579,233580,0,1,2
66652,5,1,233584,233584,233585,0,1,4
66653,4,1,233588,233588,233589,0,1,3
66654,1,2,233589,233589,233591,0,2,0
66655,4,1,233593,233593,233594,0,1,2
66656,5,2,233598,233598,233600,0,2,4
66657,2,3,233600,233600,233603,0,3,0
66658,4,1,233604,233604,233605,0,1,1
66659,4,2,233608,233608,233610,0,2,3
66660,3,3,233611,233611,233614,0,3,1
66661,1,1,233612,233614,233615,2,3,0
66662,2,1,233614,233615,233616,1,2,0
66663,4,1,233618,233618,233619,0,1,2
66664,2,1,233620,233620,233621,0,1,1
66665,2,2,233622,233622,233624,0,2,1
66666,5,2,233627,233627,233629,0,2,3
66667,3,1,233630,233630,233631,0,1,1
66668,3,2,233633,233633,233635,0,2,2
66669,3,3,233636,233636,233639,0,3,1
66670,5,3,233641,233641,233644,0,3,2
66671,1,1,233642,233644,233645,2,3,0
66672,2,1,233644,233645,233646,1,2,0
66673,1,2,233645,233646,233648,1,3,0
66674,6,2,233651,233651,233653,0,2,3
66675,3,1,233654,233654,233655,0,1,1
66676,1,1,233655,233655,233656,0,1,0
66677,6,1,233661,233661,233662,0,1,5
66678,5,2,233666,233666,233668,0,2,4
66679,5,3,233671,233671,233674,0,3,3
66680,1,1,233672,233674,233675,2,3,0
66681,1,2,233673,233675,233677,2,4,0
66682,2,3,233675,233677,233680,2,5,0
66683,6,1,233681,233681,233682,0,1,1
66684,3,1,233684,233684,233685,0,1,2
66685,6,1,233690,233690,233691,0,1,5
66686,1,3,233691,233691,233694,0,3,0
66687,1,1,233692,233694,233695,2,3,0
66688,2,2,233694,233695,233697,1,3,0
66689,4,1,233698,233698,233699,0,1,1
66690,5,3,233703,233703,233706,0,3,4
66691,5,1,233708,233708,233709,0,1,2
66692,5,3,233713,233713,233716,0,3,4
66693,2,3,233715,233716,233719,1,4,0
66694,4,1,233719,233719,233720,0,1,0
66695,3,1,233722,233722,233723,0,1,2
66696,5,2,233727,233727,233729,0,2,4
66697,2,2,233729,233729,233731,0,2,0
66698,5,2,233734,233734,233736,0,2,3
66699,1,1,233735,233736,233737,1,2,0
66700,4,2,233739,233739,233741,0,2,2
66701,4,1,233743,233743,233744,0,1,2
66702,1,2,233744,233744,233746,0,2,0
66703,1,3,233745,233746,233749,1,4,0
66704,5,2,233750,233750,233752,0,2,1
66705,6,3,233756,233756,233759,0,3,4
66706,2,1,233758,233759,233760,1,2,0
66707,2,2,233760,233760,233762,0,2,0
66708,5,1,233765,233765,233766,0,1,3
66709,2,1,233767,233767,233768,0,1,1
66710,3,3,233770,233770,233773,0,3,2
66711,2,2,233772,233773,233775,1,3,0
66712,6,3,233778,233778,233781,0,3,3
66713,5,3,233783,233783,233786,0,3,2
66714,4,2,233787,233787,233789,0,2,1
66715,5,2,233792,233792,233794,0,2,3
66716,4,1,233796,233796,233797,0,1,2
66717,4,2,233800,233800,233802,0,2,3
66718,2,1,233802,233802,233803,0,1,0
66719,3,2,233805,233805,233807,0,2,2
66720,4,2,233809,233809,233811,0,2,2
66721,3,2,233812,233812,233814,0,2,1
66722,2,1,233814,233814,233815,0,1,0
66723,3,2,233817,233817,233819,0,2,2
66724,1,3,233818,233819,233822,1,4,0
66725,5,2,233823,233823,233825,0,2,1
66726,5,2,233828,233828,233830,0,2,3
66727,5,3,233833,233833,233836,0,3,3
66728,5,2,233838,233838,233840,0,2,2
66729,3,1,233841,233841,233842,0,1,1
66730,6,2,233847,233847,233849,0,2,5
66731,4,1,233851,233851,233852,0,1,2
66732,2,3,233853,233853,233856,0,3,1
66733,1,1,233854,233856,233857,2,3,0
66734,4,3,233858,233858,233861,0,3,1
66735,1,3,233859,233861,233864,2,5,0
66736,6,2,233865,233865,233867,0,2,1
66737,4,3,233869,233869,233872,0,3,2
66738,2,2,233871,233872,233874,1,3,0
66739,4,1,233875,233875,233876,0,1,1
66740,3,1,233878,233878,233879,0,1,2
66741,1,2,233879,233879,233881,0,2,0
66742,2,3,233881,233881,233884,0,3,0
66743,4,2,233885,233885,233887,0,2,1
66744,4,1,233889,233889,233890,0,1,2
66745,5,3,233894,233894,233897,0,3,4
66746,4,1,233898,233898,233899,0,1,1
66747,1,2,233899,233899,233901,0,2,0
66748,6,1,233905,233905,233906,0,1,4
66749,3,3,233908,233908,233911,0,3,2
66750,3,2,233911,233911,233913,0,2,0
66751,2,3,233913,233913,233916,0,3,0
66752,5,3,233918,233918,233921,0,3,2
66753,1,2,233919,233921,233923,2,4,0
66754,3,2,233922,233923,233925,1,3,0
66755,4,1,233926,233926,233927,0,1,1
66756,5,2,233931,233931,233933,0,2,4
66757,1,1,233932,233933,233934,1,2,0
66758,5,2,233937,233937,233939,0,2,3
66759,6,3,233943,233943,233946,0,3,4
66760,3,3,233946,233946,233949,0,3,0
66761,6,1,233952,233952,233953,0,1,3
66762,6,2,233958,233958,233960,0,2,5
66763,5,1,233963,233963,233964,0,1,3
66764,2,2,233965,233965,233967,0,2,1
66765,1,3,233966,233967,233970,1,4,0
66766,5,1,233971,233971,233972,0,1,1
66767,1,1,233972,233972,233973,0,1,0
66768,2,1,233974,233974,233975,0,1,1
66769,3,3,233977,233977,233980,0,3,2
66770,1,2,233978,233980,233982,2,4,0
66771,3,3,233981,233982,233985,1,4,0
66772,3,3,233984,233985,233988,1,4,0
66773,4,1,233988,233988,233989,0,1,0
66774,3,3,233991,233991,233994,0,3,2
66775,1,1,233992,233994,233995,2,3,0
66776,6,2,233998,233998,234000,0,2,3
66777,4,2,234002,234002,234004,0,2,2
66778,1,3,234003,234004,234007,1,4,0
66779,4,2,234007,234007,234009,0,2,0
66780,5,3,234012,234012,234015,0,3,3
66781,2,3,234014,234015,234018,1,4,0
66782,1,2,234015,234018,234020,3,5,0
66783,1,3,234016,234020,234023,4,7,0
66784,2,1,234018,234023,234024,5,6,0
66785,5,3,234023,234024,234027,1,4,0
66786,4,2,234027,234027,234029,0,2,0
66787,2,3,234029,234029,234032,0,3,0
66788,4,1,234033,234033,234034,0,1,1
66789,2,1,234035,234035,234036,0,1,1
66790,2,1,234037,234037,234038,0,1,1
66791,1,3,234038,234038,234041,0,3,0
66792,6,1,234044,234044,234045,0,1,3
66793,6,1,234050,234050,234051,0,1,5
66794,2,1,234052,234052,234053,0,1,1
66795,2,3,234054,234054,234057,0,3,1
66796,5,3,234059,234059,234062,0,3,2
66797,4,2,234063,234063,234065,0,2,1
66798,4,1,234067,234067,234068,0,1,2
66799,6,3,234073,234073,234076,0,3,5
66800,1,3,234074,234076,234079,2,5,0
66801,6,1,234080,234080,234081,0,1,1
66802,3,1,234083,234083,234084,0,1,2
66803,3,1,234086,234086,234087,0,1,2
66804,1,2,234087,234087,234089,0,2,0
66805,4,1,234091,234091,234092,0,1,2
66806,1,1,234092,234092,234093,0,1,0
66807,2,2,234094,234094,234096,0,2,1
66808,1,3,234095,234096,234099,1,4,0
66809,1,3,234096,234099,234102,3,6,0
66810,5,2,234101,234102,234104,1,3,0
66811,1,2,234102,234104,234106,2,4,0
66812,2,3,234104,234106,234109,2,5,0
66813,6,2,234110,234110,234112,0,2,1
66814,3,1,234113,234113,234114,0,1,1
66815,2,2,234115,234115,234117,0,2,1
66816,4,3,234119,234119,234122,0,3,2
66817,3,1,234122,234122,234123,0,1,0
66818,2,2,234124,234124,234126,0,2,1
66819,6,1,234130,234130,234131,0,1,4
66820,2,1,234132,234132,234133,0,1,1
66821,1,1,234133,234133,234134,0,1,0
66822,3,3,234136,234136,234139,0,3,2
66823,6,2,234142,234142,234144,0,2,3
66824,3,2,234145,234145,234147,0,2,1
66825,6,1,234151,234151,234152,0,1,4
66826,4,2,234155,234155,234157,0,2,3
66827,4,2,234159,234159,234161,0,2,2
66828,3,2,234162,234162,234164,0,2,1
66829,2,1,234164,234164,234165,0,1,0
66830,2,1,234166,234166,234167,0,1,1
66831,1,1,234167,234167,234168,0,1,0
66832,2,2,234169,234169,234171,0,2,1
66833,2,2,234171,234171,234173,0,2,0
66834,3,1,234174,234174,234175,0,1,1
66835,1,2,234175,234175,234177,0,2,0
66836,2,2,234177,234177,234179,0,2,0
66837,5,1,234182,234182,234183,0,1,3
66838,4,2,234186,234186,234188,0,2,3
66839,2,1,234188,234188,234189,0,1,0
66840,5,2,234193,234193,234195,0,2,4
66841,1,1,234194,234195,234196,1,2,0
66842,3,2,234197,234197,234199,0,2,1
66843,3,2,234200,234200,234202,0,2,1
66844,3,2,234203,234203,234205,0,2,1
66845,6,3,234209,234209,234212,0,3,4
66846,3,1,234212,234212,234213,0,1,0
66847,4,2,234216,234216,234218,0,2,3
66848,6,1,234222,234222,234223,0,1,4
66849,5,1,234227,234227,234228,0,1,4
66850,4,2,234231,234231,234233,0,2,3
66851,1,1,234232,234233,234234,1,2,0
66852,4,3,234236,234236,234239,0,3,2
66853,4,2,234240,234240,234242,0,2,1
66854,4,1,234244,234244,234245,0,1,2
66855,4,2,234248,234248,234250,0,2,3
66856,4,3,234252,234252,234255,0,3,2
66857,1,1,234253,234255,234256,2,3,0
66858,4,1,234257,234257,234258,0,1,1
66859,1,3,234258,234258,234261,0,3,0
66860,1,2,234259,234261,234263,2,4,0
66861,4,3,234263,234263,234266,0,3,0
66862,5,3,234268,234268,234271,0,3,2
66863,6,3,234274,234274,234277,0,3,3
66864,5,3,234279,234279,234282,0,3,2
66865,1,2,234280,234282,234284,2,4,0
66866,5,1,234285,234285,234286,0,1,1
66867,4,3,234289,234289,234292,0,3,3
66868,4,2,234293,234293,234295,0,2,1
66869,4,3,234297,234297,234300,0,3,2
66870,6,3,234303,234303,234306,0,3,3
66871,1,2,234304,234306,234308,2,4,0
66872,3,3,234307,234308,234311,1,4,0
66873,5,1,234312,234312,234313,0,1,1
66874,6,1,234318,234318,234319,0,1,5
66875,6,3,234324,234324,234327,0,3,5
66876,2,2,234326,234327,234329,1,3,0
66877,3,1,234329,234329,234330,0,1,0
66878,5,3,234334,234334,234337,0,3,4
66879,4,1,234338,234338,234339,0,1,1
66880,1,2,234339,234339,234341,0,2,0
66881,3,2,234342,234342,234344,0,2,1
66882,2,3,234344,234344,234347,0,3,0
66883,6,3,234350,234350,234353,0,3,3
66884,2,3,234352,234353,234356,1,4,0
66885,2,3,234354,234356,234359,2,5,0
66886,3,3,234357,234359,234362,2,5,0
66887,1,1,234358,234362,234363,4,5,0
66888,5,1,234363,234363,234364,0,1,0
66889,1,2,234364,234364,234366,0,2,0
66890,2,1,234366,234366,234367,0,1,0
66891,2,3,234368,234368,234371,0,3,1
66892,4,1,234372,234372,234373,0,1,1
66893,5,1,234377,234377,234378,0,1,4
66894,6,1,234383,234383,234384,0,1,5
66895,2,3,234385,234385,234388,0,3,1
66896,4,1,234389,234389,234390,0,1,1
66897,4,3,234393,234393,234396,0,3,3
66898,5,1,234398,234398,234399,0,1,2
66899,1,2,234399,234399,234401,0,2,0
66900,2,1,234401,234401,234402,0,1,0
66901,3,2,234404,234404,234406,0,2,2
66902,2,1,234406,234406,234407,0,1,0
66903,5,2,234411,234411,234413,0,2,4
66904,5,3,234416,234416,234419,0,3,3
66905,5,2,234421,234421,234423,0,2,2
66906,1,1,234422,234423,234424,1,2,0
66907,5,2,234427,234427,234429,0,2,3
66908,2,2,234429,234429,234431,0,2,0
66909,1,3,234430,234431,234434,1,4,0
66910,5,2,234435,234435,234437,0,2,1
66911,2,2,234437,234437,234439,0,2,0
66912,1,2,234438,234439,234441,1,3,0
66913,6,3,234444,234444,234447,0,3,3
66914,1,3,234445,234447,234450,2,5,0
66915,3,3,234448,234450,234453,2,5,0
66916,1,2,234449,234453,234455,4,6,0
66917,6,1,234455,234455,234456,0,1,0
66918,4,1,234459,234459,234460,0,1,3
66919,2,1,234461,234461,234462,0,1,1
66920,4,3,234465,234465,234468,0,3,3
66921,4,3,234469,234469,234472,0,3,1
66922,6,2,234475,234475,234477,0,2,3
66923,2,1,234477,234477,234478,0,1,0
66924,4,1,234481,234481,234482,0,1,3
66925,3,3,234484,234484,234487,0,3,2
66926,2,2,234486,234487,234489,1,3,0
66927,5,2,234491,234491,234493,0,2,2
66928,1,2,234492,234493,234495,1,3,0
66929,1,2,234493,234495,234497,2,4,0
66930,1,2,234494,234497,234499,3,5,0
66931,4,1,234498,234499,234500,1,2,0
66932,2,1,234500,234500,234501,0,1,0
66933,4,2,234504,234504,234506,0,2,3
66934,2,1,234506,234506,234507,0,1,0
66935,5,3,234511,234511,234514,0,3,4
66936,4,1,234515,234515,234516,0,1,1
66937,6,2,234521,234521,234523,0,2,5
66938,6,1,234527,234527,234528,0,1,4
66939,6,3,234533,234533,234536,0,3,5
66940,1,2,234534,234536,234538,2,4,0
66941,3,2,234537,234538,234540,1,3,0
66942,6,1,234543,234543,234544,0,1,3
66943,4,2,234547,234547,234549,0,2,3
66944,2,2,234549,234549,234551,0,2,0
66945,3,1,234552,234552,234553,0,1,1
66946,2,1,234554,234554,234555,0,1,1
66947,5,3,234559,234559,234562,0,3,4
66948,3,2,234562,234562,234564,0,2,0
66949,2,3,234564,234564,234567,0,3,0
66950,3,1,234567,234567,234568,0,1,0
66951,5,3,234572,234572,234575,0,3,4
66952,6,3,234578,234578,234581,0,3,3
66953,5,1,234583,234583,234584,0,1,2
66954,5,1,234588,234588,234589,0,1,4
66955,1,3,234589,234589,234592,0,3,0
66956,2,1,234591,234592,234593,1,2,0
66957,1,3,234592,234593,234596,1,4,0
66958,3,1,234595,234596,234597,1,2,0
66959,3,1,234598,234598,234599,0,1,1
66960,5,1,234603,234603,234604,0,1,4
66961,5,3,234608,234608,234611,0,3,4
66962,4,1,234612,234612,234613,0,1,1
66963,1,2,234613,234613,234615,0,2,0
66964,2,2,234615,234615,234617,0,2,0
66965,3,1,234618,234618,234619,0,1,1
66966,6,1,234624,234624,234625,0,1,5
66967,5,1,234629,234629,234630,0,1,4
66968,5,1,234634,234634,234635,0,1,4
66969,5,3,234639,234639,234642,0,3,4
66970,4,1,234643,234643,234644,0,1,1
66971,4,2,234647,234647,234649,0,2,3
66972,5,3,234652,234652,234655,0,3,3
66973,4,2,234656,234656,234658,0,2,1
66974,5,2,234661,234661,234663,0,2,3
66975,6,2,234667,234667,234669,0,2,4
66976,4,3,234671,234671,234674,0,3,2
66977,3,2,234674,234674,234676,0,2,0
66978,5,2,234679,234679,234681,0,2,3
66979,4,1,234683,234683,234684,0,1,2
66980,1,2,234684,234684,234686,0,2,0
66981,6,1,234690,234690,234691,0,1,4
66982,4,2,234694,234694,234696,0,2,3
66983,4,1,234698,234698,234699,0,1,2
66984,5,3,234703,234703,234706,0,3,4
66985,3,1,234706,234706,234707,0,1,0
66986,6,1,234712,234712,234713,0,1,5
66987,3,3,234715,234715,234718,0,3,2
66988,6,2,234721,234721,234723,0,2,3
66989,5,2,234726,234726,234728,0,2,3
66990,2,1,234728,234728,234729,0,1,0
66991,4,1,234732,234732,234733,0,1,3
66992,1,1,234733,234733,234734,0,1,0
66993,6,2,234739,234739,234741,0,2,5
66994,6,3,234745,234745,234748,0,3,4
66995,4,1,234749,234749,234750,0,1,1
66996,3,3,234752,234752,234755,0,3,2
66997,4,1,234756,234756,234757,0,1,1
66998,6,3,234762,234762,234765,0,3,5
66999,3,3,234765,234765,234768,0,3,0
67000,1,3,234766,234768,234771,2,5,0
67001,4,2,234770,234771,234773,1,3,0
67002,2,3,234772,234773,234776,1,4,0
67003,4,3,234776,234776,234779,0,3,0
67004,6,3,234782,234782,234785,0,3,3
67005,2,3,234784,234785,234788,1,4,0
67006,4,2,234788,234788,234790,0,2,0
67007,3,3,234791,234791,234794,0,3,1
67008,4,3,234795,234795,234798,0,3,1
67009,3,1,234798,234798,234799,0,1,0
67010,6,3,234804,234804,234807,0,3,5
67011,1,3,234805,234807,234810,2,5,0
67012,3,2,234808,234810,234812,2,4,0
67013,6,3,234814,234814,234817,0,3,2
67014,5,3,234819,234819,234822,0,3,2
67015,2,3,234821,234822,234825,1,4,0
67016,3,2,234824,234825,234827,1,3,0
67017,4,1,234828,234828,234829,0,1,1
67018,3,2,234831,234831,234833,0,2,2
67019,2,2,234833,234833,234835,0,2,0
67020,5,3,234838,234838,234841,0,3,3
67021,6,2,234844,234844,234846,0,2,3
67022,5,2,234849,234849,234851,0,2,3
67023,4,1,234853,234853,234854,0,1,2
67024,2,2,234855,234855,234857,0,2,1
67025,6,2,234861,234861,234863,0,2,4
67026,4,3,234865,234865,234868,0,3,2
67027,3,2,234868,234868,234870,0,2,0
67028,5,3,234873,234873,234876,0,3,3
67029,2,3,234875,234876,234879,1,4,0
67030,6,1,234881,234881,234882,0,1,2
67031,4,1,234885,234885,234886,0,1,3
67032,4,2,234889,234889,234891,0,2,3
67033,1,2,234890,234891,234893,1,3,0
67034,1,2,234891,234893,234895,2,4,0
67035,1,2,234892,234895,234897,3,5,0
67036,3,3,234895,234897,234900,2,5,0
67037,6,3,234901,234901,234904,0,3,1
67038,1,3,234902,234904,234907,2,5,0
67039,4,3,234906,234907,234910,1,4,0
67040,2,2,234908,234910,234912,2,4,0
67041,2,2,234910,234912,234914,2,4,0
67042,5,2,234915,234915,234917,0,2,1
67043,4,3,234919,234919,234922,0,3,2
67044,5,2,234924,234924,234926,0,2,2
67045,3,1,234927,234927,234928,0,1,1
67046,2,1,234929,234929,234930,0,1,1
67047,3,1,234932,234932,234933,0,1,2
67048,1,2,234933,234933,234935,0,2,0
67049,1,3,234934,234935,234938,1,4,0
67050,6,3,234940,234940,234943,0,3,2
67051,4,1,234944,234944,234945,0,1,1
67052,5,3,234949,234949,234952,0,3,4
67053,4,2,234953,234953,234955,0,2,1
67054,1,1,234954,234955,234956,1,2,0
67055,5,2,234959,234959,234961,0,2,3
67056,5,3,234964,234964,234967,0,3,3
67057,4,1,234968,234968,234969,0,1,1
67058,6,2,234974,234974,234976,0,2,5
67059,5,2,234979,234979,234981,0,2,3
67060,5,3,234984,234984,234987,0,3,3
67061,6,2,234990,234990,234992,0,2,3
67062,2,1,234992,234992,234993,0,1,0
67063,6,3,234998,234998,235001,0,3,5
67064,6,1,235004,235004,235005,0,1,3
67065,2,2,235006,235006,235008,0,2,1
67066,1,1,235007,235008,235009,1,2,0
67067,3,2,235010,235010,235012,0,2,1
67068,5,2,235015,235015,235017,0,2,3
67069,6,1,235021,235021,235022,0,1,4
67070,2,1,235023,235023,235024,0,1,1
67071,3,3,235026,235026,235029,0,3,2
67072,3,1,235029,235029,235030,0,1,0
67073,5,1,235034,235034,235035,0,1,4
67074,1,1,235035,235035,235036,0,1,0
67075,3,3,235038,235038,235041,0,3,2
67076,4,1,235042,235042,235043,0,1,1
67077,6,2,235048,235048,235050,0,2,5
67078,1,2,235049,235050,235052,1,3,0
67079,2,2,235051,235052,235054,1,3,0
67080,3,2,235054,235054,235056,0,2,0
67081,1,3,235055,235056,235059,1,4,0
67082,6,1,235061,235061,235062,0,1,2
67083,4,2,235065,235065,235067,0,2,3
67084,3,3,235068,235068,235071,0,3,1
67085,2,1,235070,235071,235072,1,2,0
67086,6,3,235076,235076,235079,0,3,4
67087,2,1,235078,235079,235080,1,2,0
67088,5,3,235083,235083,235086,0,3,3
67089,6,1,235089,235089,235090,0,1,3
67090,6,2,235095,235095,235097,0,2,5
67091,4,2,235099,235099,235101,0,2,2
67092,2,1,235101,235101,235102,0,1,0
67093,6,2,235107,235107,235109,0,2,5
67094,2,2,235109,235109,235111,0,2,0
67095,4,1,235113,235113,235114,0,1,2
67096,6,3,235119,235119,235122,0,3,5
67097,1,2,235120,235122,235124,2,4,0
67098,4,3,235124,235124,235127,0,3,0
67099,1,2,235125,235127,235129,2,4,0
67100,1,3,235126,235129,235132,3,6,0
67101,1,2,235127,235132,235134,5,7,0
67102,2,2,235129,235134,235136,5,7,0
67103,4,3,235133,235136,235139,3,6,0
67104,5,2,235138,235139,235141,1,3,0
67105,4,2,235142,235142,235144,0,2,1
67106,4,2,235146,235146,235148,0,2,2
67107,3,1,235149,235149,235150,0,1,1
67108,2,3,235151,235151,235154,0,3,1
67109,3,3,235154,235154,235157,0,3,0
67110,3,3,235157,235157,235160,0,3,0
67111,2,3,235159,235160,235163,1,4,0
67112,3,3,235162,235163,235166,1,4,0
67113,1,3,235163,235166,235169,3,6,0
67114,3,3,235166,235169,235172,3,6,0
67115,6,3,235172,235172,235175,0,3,0
67116,6,3,235178,235178,235181,0,3,3
67117,4,2,235182,235182,235184,0,2,1
67118,4,2,235186,235186,235188,0,2,2
67119,2,3,235188,235188,235191,0,3,0
67120,6,1,235194,235194,235195,0,1,3
67121,4,3,235198,235198,235201,0,3,3
67122,5,1,235203,235203,235204,0,1,2
67123,6,2,235209,235209,235211,0,2,5
67124,3,1,235212,235212,235213,0,1,1
67125,5,3,235217,235217,235220,0,3,4
67126,3,2,235220,235220,235222,0,2,0
67127,4,3,235224,235224,235227,0,3,2
67128,2,2,235226,235227,235229,1,3,0
67129,3,2,235229,235229,235231,0,2,0
67130,5,3,235234,235234,235237,0,3,3
67131,6,2,235240,235240,235242,0,2,3
67132,5,3,235245,235245,235248,0,3,3
67133,4,1,235249,235249,235250,0,1,1
67134,6,3,235255,235255,235258,0,3,5
67135,5,1,235260,235260,235261,0,1,2
67136,2,2,235262,235262,235264,0,2,1
67137,5,3,235267,235267,235270,0,3,3
67138,5,2,235272,235272,235274,0,2,2
67139,2,2,235274,235274,235276,0,2,0
67140,2,1,235276,235276,235277,0,1,0
67141,6,3,235282,235282,235285,0,3,5
67142,5,2,235287,235287,235289,0,2,2
67143,2,2,235289,235289,235291,0,2,0
67144,6,3,235295,235295,235298,0,3,4
67145,1,2,235296,235298,235300,2,4,0
67146,2,2,235298,235300,235302,2,4,0
67147,6,3,235304,235304,235307,0,3,2
67148,5,1,235309,235309,235310,0,1,2
67149,6,2,235315,235315,235317,0,2,5
67150,5,1,235320,235320,235321,0,1,3
67151,4,2,235324,235324,235326,0,2,3
67152,3,1,235327,235327,235328,0,1,1
67153,1,1,235328,235328,235329,0,1,0
67154,6,2,235334,235334,235336,0,2,5
67155,6,2,235340,235340,235342,0,2,4
67156,5,2,235345,235345,235347,0,2,3
67157,1,3,235346,235347,235350,1,4,0
67158,4,1,235350,235350,235351,0,1,0
67159,5,3,235355,235355,235358,0,3,4
67160,2,2,235357,235358,235360,1,3,0
67161,6,2,235363,235363,235365,0,2,3
67162,1,1,235364,235365,235366,1,2,0
67163,1,2,235365,235366,235368,1,3,0
67164,4,2,235369,235369,235371,0,2,1
67165,3,3,235372,235372,235375,0,3,1
67166,3,3,235375,235375,235378,0,3,0
67167,3,3,235378,235378,235381,0,3,0
67168,3,1,235381,235381,235382,0,1,0
67169,4,3,235385,235385,235388,0,3,3
67170,5,1,235390,235390,235391,0,1,2
67171,4,3,235394,235394,235397,0,3,3
67172,1,1,235395,235397,235398,2,3,0
67173,1,3,235396,235398,235401,2,5,0
67174,4,2,235400,235401,235403,1,3,0
67175,5,1,235405,235405,235406,0,1,2
67176,1,3,235406,235406,235409,0,3,0
67177,4,3,235410,235410,235413,0,3,1
67178,3,1,235413,235413,235414,0,1,0
67179,3,3,235416,235416,235419,0,3,2
67180,6,1,235422,235422,235423,0,1,3
67181,3,2,235425,235425,235427,0,2,2
67182,2,3,235427,235427,235430,0,3,0
67183,6,3,235433,235433,235436,0,3,3
67184,3,2,235436,235436,235438,0,2,0
67185,5,3,235441,235441,235444,0,3,3
67186,6,3,235447,235447,235450,0,3,3
67187,2,2,235449,235450,235452,1,3,0
67188,2,1,235451,235452,235453,1,2,0
67189,2,2,235453,235453,235455,0,2,0
67190,3,3,235456,235456,235459,0,3,1
67191,6,3,235462,235462,235465,0,3,3
67192,6,1,235468,235468,235469,0,1,3
67193,3,2,235471,235471,235473,0,2,2
67194,6,3,235477,235477,235480,0,3,4
67195,4,3,235481,235481,235484,0,3,1
67196,1,3,235482,235484,235487,2,5,0
67197,6,1,235488,235488,235489,0,1,1
67198,3,2,235491,235491,235493,0,2,2
67199,3,1,235494,235494,235495,0,1,1
67200,3,3,235497,235497,235500,0,3,2
67201,5,3,235502,235502,235505,0,3,2
67202,1,1,235503,235505,235506,2,3,0
67203,2,3,235505,235506,235509,1,4,0
67204,5,1,235510,235510,235511,0,1,1
67205,2,1,235512,235512,235513,0,1,1
67206,2,2,235514,235514,235516,0,2,1
67207,6,2,235520,235520,235522,0,2,4
67208,5,1,235525,235525,235526,0,1,3
67209,3,1,235528,235528,235529,0,1,2
67210,5,2,235533,235533,235535,0,2,4
67211,1,1,235534,235535,235536,1,2,0
67212,2,1,235536,235536,235537,0,1,0
67213,5,3,235541,235541,235544,0,3,4
67214,6,1,235547,235547,235548,0,1,3
67215,3,3,235550,235550,235553,0,3,2
67216,4,2,235554,235554,235556,0,2,1
67217,4,2,235558,235558,235560,0,2,2
67218,6,1,235564,235564,235565,0,1,4
67219,1,3,235565,235565,235568,0,3,0
67220,6,2,235571,235571,235573,0,2,3
67221,2,2,235573,235573,235575,0,2,0
67222,3,2,235576,235576,235578,0,2,1
67223,2,2,235578,235578,235580,0,2,0
67224,4,1,235582,235582,235583,0,1,2
67225,4,1,235586,235586,235587,0,1,3
67226,1,3,235587,235587,235590,0,3,0
67227,4,3,235591,235591,235594,0,3,1
67228,5,3,235596,235596,235599,0,3,2
67229,6,1,235602,235602,235603,0,1,3
67230,3,2,235605,235605,235607,0,2,2
67231,6,3,235611,235611,235614,0,3,4
67232,4,3,235615,235615,235618,0,3,1
67233,3,2,235618,235618,235620,0,2,0
67234,5,1,235623,235623,235624,0,1,3
67235,4,2,235627,235627,235629,0,2,3
67236,2,2,235629,235629,235631,0,2,0
67237,3,1,235632,235632,235633,0,1,1
67238,1,3,235633,235633,235636,0,3,0
67239,3,3,235636,235636,235639,0,3,0
67240,1,3,235637,235639,235642,2,5,0
67241,6,3,235643,235643,235646,0,3,1
67242,1,2,235644,235646,235648,2,4,0
67243,3,2,235647,235648,235650,1,3,0
67244,2,3,235649,235650,235653,1,4,0
67245,3,1,235652,235653,235654,1,2,0
67246,4,2,235656,235656,235658,0,2,2
67247,5,1,235661,235661,235662,0,1,3
67248,2,1,235663,235663,235664,0,1,1
67249,3,2,235666,235666,235668,0,2,2
67250,6,1,235672,235672,235673,0,1,4
67251,4,1,235676,235676,235677,0,1,3
67252,4,2,235680,235680,235682,0,2,3
67253,1,2,235681,235682,235684,1,3,0
67254,4,2,235685,235685,235687,0,2,1
67255,3,3,235688,235688,235691,0,3,1
67256,2,2,235690,235691,235693,1,3,0
67257,2,3,235692,235693,235696,1,4,0
67258,3,2,235695,235696,235698,1,3,0
67259,2,2,235697,235698,235700,1,3,0
67260,1,1,235698,235700,235701,2,3,0
67261,4,3,235702,235702,235705,0,3,1
67262,1,2,235703,235705,235707,2,4,0
67263,2,1,235705,235707,235708,2,3,0
67264,3,3,235708,235708,235711,0,3,0
67265,1,3,235709,235711,235714,2,5,0
67266,6,3,235715,235715,235718,0,3,1
67267,4,3,235719,235719,235722,0,3,1
67268,5,3,235724,235724,235727,0,3,2
67269,2,2,235726,235727,235729,1,3,0
67270,5,3,235731,235731,235734,0,3,2
67271,3,1,235734,235734,235735,0,1,0
67272,3,2,235737,235737,235739,0,2,2
67273,2,3,235739,235739,235742,0,3,0
67274,5,3,235744,235744,235747,0,3,2
67275,5,3,235749,235749,235752,0,3,2
67276,3,3,235752,235752,235755,0,3,0
67277,6,1,235758,235758,235759,0,1,3
67278,5,2,235763,235763,235765,0,2,4
67279,5,3,235768,235768,235771,0,3,3
67280,4,3,235772,235772,235775,0,3,1
67281,3,3,235775,235775,235778,0,3,0
67282,4,1,235779,235779,235780,0,1,1
67283,4,2,235783,235783,235785,0,2,3
67284,2,3,235785,235785,235788,0,3,0
67285,3,2,235788,235788,235790,0,2,0
67286,1,1,235789,235790,235791,1,2,0
67287,2,1,235791,235791,235792,0,1,0
67288,2,3,235793,235793,235796,0,3,1
67289,1,2,235794,235796,235798,2,4,0
67290,1,1,235795,235798,235799,3,4,0
67291,6,1,235801,235801,235802,0,1,2
67292,5,2,235806,235806,235808,0,2,4
67293,5,2,235811,235811,235813,0,2,3
67294,3,3,235814,235814,235817,0,3,1
67295,4,1,235818,235818,235819,0,1,1
67296,3,2,235821,235821,235823,0,2,2
67297,2,3,235823,235823,235826,0,3,0
67298,6,2,235829,235829,235831,0,2,3
67299,1,1,235830,235831,235832,1,2,0
67300,2,1,235832,235832,235833,0,1,0
67301,2,1,235834,235834,235835,0,1,1
67302,2,1,235836,235836,235837,0,1,1
67303,1,1,235837,235837,235838,0,1,0
67304,2,1,235839,235839,235840,0,1,1
67305,2,1,235841,235841,235842,0,1,1
67306,2,2,235843,235843,235845,0,2,1
67307,5,3,235848,235848,235851,0,3,3
67308,2,2,235850,235851,235853,1,3,0
67309,1,3,235851,235853,235856,2,5,0
67310,2,3,235853,235856,235859,3,6,0
67311,5,1,235858,235859,235860,1,2,0
67312,5,1,235863,235863,235864,0,1,3
67313,6,2,235869,235869,235871,0,2,5
67314,6,2,235875,235875,235877,0,2,4
67315,5,2,235880,235880,235882,0,2,3
67316,3,1,235883,235883,235884,0,1,1
67317,1,3,235884,235884,235887,0,3,0
67318,4,1,235888,235888,235889,0,1,1
67319,2,2,235890,235890,235892,0,2,1
67320,6,2,235896,235896,235898,0,2,4
67321,6,2,235902,235902,235904,0,2,4
67322,2,2,235904,235904,235906,0,2,0
67323,1,1,235905,235906,235907,1,2,0
67324,2,1,235907,235907,235908,0,1,0
67325,6,1,235913,235913,235914,0,1,5
67326,4,3,235917,235917,235920,0,3,3
67327,2,3,235919,235920,235923,1,4,0
67328,6,1,235925,235925,235926,0,1,2
67329,6,3,235931,235931,235934,0,3,5
67330,6,2,235937,235937,235939,0,2,3
67331,3,3,235940,235940,235943,0,3,1
67332,4,3,235944,235944,235947,0,3,1
67333,2,2,235946,235947,235949,1,3,0
67334,2,3,235948,235949,235952,1,4,0
67335,1,3,235949,235952,235955,3,6,0
67336,4,3,235953,235955,235958,2,5,0
67337,2,1,235955,235958,235959,3,4,0
67338,6,1,235961,235961,235962,0,1,2
67339,4,3,235965,235965,235968,0,3,3
67340,5,3,235970,235970,235973,0,3,2
67341,1,3,235971,235973,235976,2,5,0
67342,3,1,235974,235976,235977,2,3,0
67343,5,1,235979,235979,235980,0,1,2
67344,5,1,235984,235984,235985,0,1,4
67345,6,1,235990,235990,235991,0,1,5
67346,1,2,235991,235991,235993,0,2,0
67347,4,3,235995,235995,235998,0,3,2
67348,1,3,235996,235998,236001,2,5,0
67349,6,1,236002,236002,236003,0,1,1
67350,5,3,236007,236007,236010,0,3,4
67351,6,1,236013,236013,236014,0,1,3
67352,5,3,236018,236018,236021,0,3,4
67353,3,2,236021,236021,236023,0,2,0
67354,3,2,236024,236024,236026,0,2,1
67355,5,3,236029,236029,236032,0,3,3
67356,6,2,236035,236035,236037,0,2,3
67357,1,1,236036,236037,236038,1,2,0
67358,6,2,236042,236042,236044,0,2,4
67359,3,3,236045,236045,236048,0,3,1
67360,3,1,236048,236048,236049,0,1,0
67361,4,1,236052,236052,236053,0,1,3
67362,1,1,236053,236053,236054,0,1,0
67363,1,2,236054,236054,236056,0,2,0
67364,6,1,236060,236060,236061,0,1,4
67365,4,2,236064,236064,236066,0,2,3
67366,1,2,236065,236066,236068,1,3,0
67367,6,1,236071,236071,236072,0,1,3
67368,5,1,236076,236076,236077,0,1,4
67369,5,1,236081,236081,236082,0,1,4
67370,1,1,236082,236082,236083,0,1,0
67371,1,3,236083,236083,236086,0,3,0
67372,6,1,236089,236089,236090,0,1,3
67373,3,3,236092,236092,236095,0,3,2
67374,6,2,236098,236098,236100,0,2,3
67375,1,1,236099,236100,236101,1,2,0
67376,4,1,236103,236103,236104,0,1,2
67377,4,1,236107,236107,236108,0,1,3
67378,1,1,236108,236108,236109,0,1,0
67379,1,1,236109,236109,236110,0,1,0
67380,1,1,236110,236110,236111,0,1,0
67381,3,3,236113,236113,236116,0,3,2
67382,2,3,236115,236116,236119,1,4,0
67383,3,2,236118,236119,236121,1,3,0
67384,5,3,236123,236123,236126,0,3,2
67385,5,1,236128,236128,236129,0,1,2
67386,6,1,236134,236134,236135,0,1,5
67387,6,1,236140,236140,236141,0,1,5
67388,3,2,236143,236143,236145,0,2,2
67389,4,2,236147,236147,236149,0,2,2
67390,3,3,236150,236150,236153,0,3,1
67391,2,2,236152,236153,236155,1,3,0
67392,3,3,236155,236155,236158,0,3,0
67393,3,3,236158,236158,236161,0,3,0
67394,4,2,236162,236162,236164,0,2,1
67395,2,2,236164,236164,236166,0,2,0
67396,3,1,236167,236167,236168,0,1,1
67397,4,3,236171,236171,236174,0,3,3
67398,4,2,236175,236175,236177,0,2,1
67399,5,2,236180,236180,236182,0,2,3
67400,4,2,236184,236184,236186,0,2,2
67401,1,1,236185,236186,236187,1,2,0
67402,4,2,236189,236189,236191,0,2,2
67403,3,1,236192,236192,236193,0,1,1
67404,4,3,236196,236196,236199,0,3,3
67405,1,3,236197,236199,236202,2,5,0
67406,2,2,236199,236202,236204,3,5,0
67407,6,1,236205,236205,236206,0,1,1
67408,5,1,236210,236210,236211,0,1,4
67409,3,1,236213,236213,236214,0,1,2
67410,3,3,236216,236216,236219,0,3,2
67411,4,3,236220,236220,236223,0,3,1
67412,3,1,236223,236223,236224,0,1,0
67413,6,2,236229,236229,236231,0,2,5
67414,1,2,236230,236231,236233,1,3,0
67415,1,3,236231,236233,236236,2,5,0
67416,1,2,236232,236236,236238,4,6,0
67417,1,3,236233,236238,236241,5,8,0
67418,1,1,236234,236241,236242,7,8,0
67419,1,2,236235,236242,236244,7,9,0
67420,4,3,236239,236244,236247,5,8,0
67421,1,1,236240,236247,236248,7,8,0
67422,2,1,236242,236248,236249,6,7,0
67423,6,3,236248,236249,236252,1,4,0
67424,3,2,236251,236252,236254,1,3,0
67425,3,2,236254,236254,236256,0,2,0
67426,5,1,236259,236259,236260,0,1,3
67427,3,2,236262,236262,236264,0,2,2
67428,4,2,236266,236266,236268,0,2,2
67429,4,3,236270,236270,236273,0,3,2
67430,6,3,236276,236276,236279,0,3,3
67431,2,1,236278,236279,236280,1,2,0
67432,6,2,236284,236284,236286,0,2,4
67433,5,2,236289,236289,236291,0,2,3
67434,2,2,236291,236291,236293,0,2,0
67435,1,2,236292,236293,236295,1,3,0
67436,3,2,236295,236295,236297,0,2,0
67437,6,3,236301,236301,236304,0,3,4
67438,4,3,236305,236305,236308,0,3,1
67439,5,3,236310,236310,236313,0,3,2
67440,6,1,236316,236316,236317,0,1,3
67441,2,1,236318,236318,236319,0,1,1
67442,1,2,236319,236319,236321,0,2,0
67443,2,3,236321,236321,236324,0,3,0
67444,5,3,236326,236326,236329,0,3,2
67445,2,1,236328,236329,236330,1,2,0
67446,6,2,236334,236334,236336,0,2,4
67447,1,2,236335,236336,236338,1,3,0
67448,5,2,236340,236340,236342,0,2,2
67449,5,3,236345,236345,236348,0,3,3
67450,6,3,236351,236351,236354,0,3,3
67451,1,3,236352,236354,236357,2,5,0
67452,3,3,236355,236357,236360,2,5,0
67453,5,1,236360,236360,236361,0,1,0
67454,1,1,236361,236361,236362,0,1,0
67455,1,3,236362,236362,236365,0,3,0
67456,5,1,236367,236367,236368,0,1,2
67457,3,3,236370,236370,236373,0,3,2
67458,4,2,236374,236374,236376,0,2,1
67459,6,1,236380,236380,236381,0,1,4
67460,2,3,236382,236382,236385,0,3,1
67461,6,1,236388,236388,236389,0,1,3
67462,4,3,236392,236392,236395,0,3,3
67463,2,2,236394,236395,236397,1,3,0
67464,6,2,236400,236400,236402,0,2,3
67465,5,1,236405,236405,236406,0,1,3
67466,4,3,236409,236409,236412,0,3,3
67467,2,3,236411,236412,236415,1,4,0
67468,1,2,236412,236415,236417,3,5,0
67469,3,3,236415,236417,236420,2,5,0
67470,1,2,236416,236420,236422,4,6,0
67471,5,3,236421,236422,236425,1,4,0
67472,1,1,236422,236425,236426,3,4,0
67473,2,3,236424,236426,236429,2,5,0
67474,1,3,236425,236429,236432,4,7,0
67475,5,1,236430,236432,236433,2,3,0
67476,4,2,236434,236434,236436,0,2,1
67477,4,2,236438,236438,236440,0,2,2
67478,6,2,236444,236444,236446,0,2,4
67479,1,1,236445,236446,236447,1,2,0
67480,2,2,236447,236447,236449,0,2,0
67481,5,1,236452,236452,236453,0,1,3
67482,6,3,236458,236458,236461,0,3,5
67483,2,3,236460,236461,236464,1,4,0
67484,1,2,236461,236464,236466,3,5,0
67485,3,2,236464,236466,236468,2,4,0
67486,5,2,236469,236469,236471,0,2,1
67487,6,3,236475,236475,236478,0,3,4
67488,2,3,236477,236478,236481,1,4,0
67489,3,2,236480,236481,236483,1,3,0
67490,3,3,236483,236483,236486,0,3,0
67491,6,3,236489,236489,236492,0,3,3
67492,3,3,236492,236492,236495,0,3,0
67493,3,1,236495,236495,236496,0,1,0
67494,1,2,236496,236496,236498,0,2,0
67495,4,1,236500,236500,236501,0,1,2
67496,6,1,236506,236506,236507,0,1,5
67497,2,1,236508,236508,236509,0,1,1
67498,5,3,236513,236513,236516,0,3,4
67499,1,2,236514,236516,236518,2,4,0
67500,1,3,236515,236518,236521,3,6,0
67501,5,3,236520,236521,236524,1,4,0
67502,5,1,236525,236525,236526,0,1,1
67503,3,2,236528,236528,236530,0,2,2
67504,6,1,236534,236534,236535,0,1,4
67505,1,3,236535,236535,236538,0,3,0
67506,5,1,236540,236540,236541,0,1,2
67507,3,2,236543,236543,236545,0,2,2
67508,4,3,236547,236547,236550,0,3,2
67509,2,2,236549,236550,236552,1,3,0
67510,4,3,236553,236553,236556,0,3,1
67511,2,3,236555,236556,236559,1,4,0
67512,1,2,236556,236559,236561,3,5,0
67513,4,2,236560,236561,236563,1,3,0
67514,6,1,236566,236566,236567,0,1,3
67515,1,1,236567,236567,236568,0,1,0
67516,6,3,236573,236573,236576,0,3,5
67517,6,1,236579,236579,236580,0,1,3
67518,6,1,236585,236585,236586,0,1,5
67519,2,1,236587,236587,236588,0,1,1
67520,2,3,236589,236589,236592,0,3,1
67521,1,1,236590,236592,236593,2,3,0
67522,2,1,236592,236593,236594,1,2,0
67523,4,1,236596,236596,236597,0,1,2
67524,3,3,236599,236599,236602,0,3,2
67525,6,3,236605,236605,236608,0,3,3
67526,4,1,236609,236609,236610,0,1,1
67527,4,3,236613,236613,236616,0,3,3
67528,6,1,236619,236619,236620,0,1,3
67529,3,1,236622,236622,236623,0,1,2
67530,1,3,236623,236623,236626,0,3,0
67531,5,1,236628,236628,236629,0,1,2
67532,6,1,236634,236634,236635,0,1,5
67533,1,1,236635,236635,236636,0,1,0
67534,3,1,236638,236638,236639,0,1,2
67535,6,2,236644,236644,236646,0,2,5
67536,2,1,236646,236646,236647,0,1,0
67537,5,1,236651,236651,236652,0,1,4
67538,2,1,236653,236653,236654,0,1,1
67539,6,1,236659,236659,236660,0,1,5
67540,6,2,236665,236665,236667,0,2,5
67541,3,3,236668,236668,236671,0,3,1
67542,5,1,236673,236673,236674,0,1,2
67543,4,2,236677,236677,236679,0,2,3
67544,2,3,236679,236679,236682,0,3,0
67545,3,3,236682,236682,236685,0,3,0
67546,5,2,236687,236687,236689,0,2,2
67547,6,1,236693,236693,236694,0,1,4
67548,1,3,236694,236694,236697,0,3,0
67549,4,3,236698,236698,236701,0,3,1
67550,4,1,236702,236702,236703,0,1,1
67551,4,1,236706,236706,236707,0,1,3
67552,1,1,236707,236707,236708,0,1,0
67553,3,2,236710,236710,236712,0,2,2
67554,1,2,236711,236712,236714,1,3,0
67555,2,3,236713,236714,236717,1,4,0
67556,4,3,236717,236717,236720,0,3,0
67557,2,1,236719,236720,236721,1,2,0
67558,2,2,236721,236721,236723,0,2,0
67559,1,2,236722,236723,236725,1,3,0
67560,2,1,236724,236725,236726,1,2,0
67561,2,1,236726,236726,236727,0,1,0
67562,2,3,236728,236728,236731,0,3,1
67563,6,2,236734,236734,236736,0,2,3
67564,5,2,236739,236739,236741,0,2,3
67565,6,3,236745,236745,236748,0,3,4
67566,5,1,236750,236750,236751,0,1,2
67567,4,1,236754,236754,236755,0,1,3
67568,3,2,236757,236757,236759,0,2,2
67569,5,2,236762,236762,236764,0,2,3
67570,2,3,236764,236764,236767,0,3,0
67571,3,1,236767,236767,236768,0,1,0
67572,5,2,236772,236772,236774,0,2,4
67573,1,1,236773,236774,236775,1,2,0
67574,5,2,236778,236778,236780,0,2,3
67575,6,2,236784,236784,236786,0,2,4
67576,4,2,236788,236788,236790,0,2,2
67577,5,1,236793,236793,236794,0,1,3
67578,4,1,236797,236797,236798,0,1,3
67579,2,1,236799,236799,236800,0,1,1
67580,3,1,236802,236802,236803,0,1,2
67581,5,2,236807,236807,236809,0,2,4
67582,1,2,236808,236809,236811,1,3,0
67583,5,3,236813,236813,236816,0,3,2
67584,3,3,236816,236816,236819,0,3,0
67585,4,1,236820,236820,236821,0,1,1
67586,5,3,236825,236825,236828,0,3,4
67587,1,3,236826,236828,236831,2,5,0
67588,3,2,236829,236831,236833,2,4,0
67589,3,3,236832,236833,236836,1,4,0
67590,1,2,236833,236836,236838,3,5,0
67591,4,3,236837,236838,236841,1,4,0
67592,3,3,236840,236841,236844,1,4,0
67593,6,2,236846,236846,236848,0,2,2
67594,6,1,236852,236852,236853,0,1,4
67595,4,3,236856,236856,236859,0,3,3
67596,4,2,236860,236860,236862,0,2,1
67597,3,2,236863,236863,236865,0,2,1
67598,5,1,236868,236868,236869,0,1,3
67599,5,1,236873,236873,236874,0,1,4
67600,2,2,236875,236875,236877,0,2,1
67601,2,2,236877,236877,236879,0,2,0
67602,5,1,236882,236882,236883,0,1,3
67603,3,2,236885,236885,236887,0,2,2
67604,1,3,236886,236887,236890,1,4,0
67605,1,1,236887,236890,236891,3,4,0
67606,2,1,236889,236891,236892,2,3,0
67607,2,3,236891,236892,236895,1,4,0
67608,6,1,236897,236897,236898,0,1,2
67609,1,2,236898,236898,236900,0,2,0
67610,2,2,236900,236900,236902,0,2,0
67611,1,3,236901,236902,236905,1,4,0
67612,6,2,236907,236907,236909,0,2,2
67613,5,2,236912,236912,236914,0,2,3
67614,1,2,236913,236914,236916,1,3,0
67615,5,1,236918,236918,236919,0,1,2
67616,3,3,236921,236921,236924,0,3,2
67617,5,3,236926,236926,236929,0,3,2
67618,6,3,236932,236932,236935,0,3,3
67619,4,1,236936,236936,236937,0,1,1
67620,6,1,236942,236942,236943,0,1,5
67621,3,3,236945,236945,236948,0,3,2
67622,4,1,236949,236949,236950,0,1,1
67623,2,1,236951,236951,236952,0,1,1
67624,1,2,236952,236952,236954,0,2,0
67625,5,1,236957,236957,236958,0,1,3
67626,1,3,236958,236958,236961,0,3,0
67627,5,1,236963,236963,236964,0,1,2
67628,4,2,236967,236967,236969,0,2,3
67629,3,1,236970,236970,236971,0,1,1
67630,1,1,236971,236971,236972,0,1,0
67631,1,2,236972,236972,236974,0,2,0
67632,6,3,236978,236978,236981,0,3,4
67633,5,2,236983,236983,236985,0,2,2
67634,4,2,236987,236987,236989,0,2,2
67635,3,1,236990,236990,236991,0,1,1
67636,2,2,236992,236992,236994,0,2,1
67637,5,1,236997,236997,236998,0,1,3
67638,4,3,237001,237001,237004,0,3,3
67639,5,2,237006,237006,237008,0,2,2
67640,4,2,237010,237010,237012,0,2,2
67641,1,2,237011,237012,237014,1,3,0
67642,4,2,237015,237015,237017,0,2,1
67643,4,2,237019,237019,237021,0,2,2
67644,5,1,237024,237024,237025,0,1,3
67645,2,2,237026,237026,237028,0,2,1
67646,2,3,237028,237028,237031,0,3,0
67647,2,1,237030,237031,237032,1,2,0
67648,6,3,237036,237036,237039,0,3,4
67649,4,3,237040,237040,237043,0,3,1
67650,5,3,237045,237045,237048,0,3,2
67651,6,2,237051,237051,237053,0,2,3
67652,3,3,237054,237054,237057,0,3,1
67653,3,3,237057,237057,237060,0,3,0
67654,5,2,237062,237062,237064,0,2,2
67655,6,3,237068,237068,237071,0,3,4
67656,2,3,237070,237071,237074,1,4,0
67657,2,3,237072,237074,237077,2,5,0
67658,2,1,237074,237077,237078,3,4,0
67659,5,1,237079,237079,237080,0,1,1
67660,4,2,237083,237083,237085,0,2,3
67661,1,2,237084,237085,237087,1,3,0
67662,5,1,237089,237089,237090,0,1,2
67663,1,1,237090,237090,237091,0,1,0
67664,4,2,237094,237094,237096,0,2,3
67665,4,3,237098,237098,237101,0,3,2
67666,2,2,237100,237101,237103,1,3,0
67667,6,2,237106,237106,237108,0,2,3
67668,3,1,237109,237109,237110,0,1,1
67669,3,2,237112,237112,237114,0,2,2
67670,2,2,237114,237114,237116,0,2,0
67671,4,3,237118,237118,237121,0,3,2
67672,1,1,237119,237121,237122,2,3,0
67673,3,1,237122,237122,237123,0,1,0
67674,2,1,237124,237124,237125,0,1,1
67675,3,2,237127,237127,237129,0,2,2
67676,1,3,237128,237129,237132,1,4,0
67677,2,3,237130,237132,237135,2,5,0
67678,4,3,237134,237135,237138,1,4,0
67679,1,3,237135,237138,237141,3,6,0
67680,6,3,237141,237141,237144,0,3,0
67681,3,3,237144,237144,237147,0,3,0
67682,5,1,237149,237149,237150,0,1,2
67683,6,1,237155,237155,237156,0,1,5
67684,3,1,237158,237158,237159,0,1,2
67685,1,2,237159,237159,237161,0,2,0
67686,4,2,237163,237163,237165,0,2,2
67687,5,2,237168,237168,237170,0,2,3
67688,5,1,237173,237173,237174,0,1,3
67689,6,1,237179,237179,237180,0,1,5
67690,6,3,237185,237185,237188,0,3,5
67691,2,3,237187,237188,237191,1,4,0
67692,2,3,237189,237191,237194,2,5,0
67693,4,1,237193,237194,237195,1,2,0
67694,5,3,237198,237198,237201,0,3,3
67695,3,3,237201,237201,237204,0,3,0
67696,3,1,237204,237204,237205,0,1,0
67697,2,3,237206,237206,237209,0,3,1
67698,4,1,237210,237210,237211,0,1,1
67699,3,3,237213,237213,237216,0,3,2
67700,6,3,237219,237219,237222,0,3,3
67701,3,2,237222,237222,237224,0,2,0
67702,5,3,237227,237227,237230,0,3,3
67703,4,3,237231,237231,237234,0,3,1
67704,3,1,237234,237234,237235,0,1,0
67705,5,1,237239,237239,237240,0,1,4
67706,6,1,237245,237245,237246,0,1,5
67707,3,1,237248,237248,237249,0,1,2
67708,1,1,237249,237249,237250,0,1,0
67709,6,2,237255,237255,237257,0,2,5
67710,3,3,237258,237258,237261,0,3,1
67711,4,3,237262,237262,237265,0,3,1
67712,5,2,237267,237267,237269,0,2,2
67713,4,2,237271,237271,237273,0,2,2
67714,6,2,237277,237277,237279,0,2,4
67715,5,2,237282,237282,237284,0,2,3
67716,5,1,237287,237287,237288,0,1,3
67717,3,1,237290,237290,237291,0,1,2
67718,5,1,237295,237295,237296,0,1,4
67719,1,1,237296,237296,237297,0,1,0
67720,6,2,237302,237302,237304,0,2,5
67721,3,2,237305,237305,237307,0,2,1
67722,2,3,237307,237307,237310,0,3,0
67723,6,3,237313,237313,237316,0,3,3
67724,3,2,237316,237316,237318,0,2,0
67725,4,2,237320,237320,237322,0,2,2
67726,5,3,237325,237325,237328,0,3,3
67727,6,1,237331,237331,237332,0,1,3
67728,5,2,237336,237336,237338,0,2,4
67729,2,2,237338,237338,237340,0,2,0
67730,6,1,237344,237344,237345,0,1,4
67731,1,3,237345,237345,237348,0,3,0
67732,3,1,237348,237348,237349,0,1,0
67733,3,1,237351,237351,237352,0,1,2
67734,1,2,237352,237352,237354,0,2,0
67735,4,1,237356,237356,237357,0,1,2
67736,2,2,237358,237358,237360,0,2,1
67737,6,2,237364,237364,237366,0,2,4
67738,3,3,237367,237367,237370,0,3,1
67739,3,2,237370,237370,237372,0,2,0
67740,1,3,237371,237372,237375,1,4,0
67741,3,1,237374,237375,237376,1,2,0
67742,6,3,237380,237380,237383,0,3,4
67743,5,2,237385,237385,237387,0,2,2
67744,6,3,237391,237391,237394,0,3,4
67745,1,2,237392,237394,237396,2,4,0
67746,3,2,237395,237396,237398,1,3,0
67747,3,3,237398,237398,237401,0,3,0
67748,1,2,237399,237401,237403,2,4,0
67749,5,1,237404,237404,237405,0,1,1
67750,4,1,237408,237408,237409,0,1,3
67751,1,2,237409,237409,237411,0,2,0
67752,4,2,237413,237413,237415,0,2,2
67753,2,1,237415,237415,237416,0,1,0
67754,6,1,237421,237421,237422,0,1,5
67755,3,1,237424,237424,237425,0,1,2
67756,4,1,237428,237428,237429,0,1,3
67757,3,3,237431,237431,237434,0,3,2
67758,1,2,237432,237434,237436,2,4,0
67759,5,2,237437,237437,237439,0,2,1
67760,5,3,237442,237442,237445,0,3,3
67761,2,1,237444,237445,237446,1,2,0
67762,2,3,237446,237446,237449,0,3,0
67763,2,2,237448,237449,237451,1,3,0
67764,6,2,237454,237454,237456,0,2,3
67765,5,1,237459,237459,237460,0,1,3
67766,5,2,237464,237464,237466,0,2,4
67767,5,1,237469,237469,237470,0,1,3
67768,1,3,237470,237470,237473,0,3,0
67769,3,3,237473,237473,237476,0,3,0
67770,2,1,237475,237476,237477,1,2,0
67771,4,1,237479,237479,237480,0,1,2
67772,5,1,237484,237484,237485,0,1,4
67773,1,2,237485,237485,237487,0,2,0
67774,2,3,237487,237487,237490,0,3,0
67775,2,1,237489,237490,237491,1,2,0
67776,1,3,237490,237491,237494,1,4,0
67777,1,1,237491,237494,237495,3,4,0
67778,2,2,237493,237495,237497,2,4,0
67779,1,3,237494,237497,237500,3,6,0
67780,3,1,237497,237500,237501,3,4,0
67781,2,3,237499,237501,237504,2,5,0
67782,2,3,237501,237504,237507,3,6,0
67783,1,1,237502,237507,237508,5,6,0
67784,3,3,237505,237508,237511,3,6,0
67785,5,3,237510,237511,237514,1,4,0
67786,3,1,237513,237514,237515,1,2,0
67787,6,2,237519,237519,237521,0,2,4
67788,6,1,237525,237525,237526,0,1,4
67789,1,3,237526,237526,237529,0,3,0
67790,1,1,237527,237529,237530,2,3,0
67791,3,1,237530,237530,237531,0,1,0
67792,1,3,237531,237531,237534,0,3,0
67793,4,2,237535,237535,237537,0,2,1
67794,4,2,237539,237539,237541,0,2,2
67795,6,2,237545,237545,237547,0,2,4
67796,5,3,237550,237550,237553,0,3,3
67797,5,2,237555,237555,237557,0,2,2
67798,5,2,237560,237560,237562,0,2,3
67799,1,2,237561,237562,237564,1,3,0
67800,2,2,237563,237564,237566,1,3,0
67801,5,1,237568,237568,237569,0,1,2
67802,4,1,237572,237572,237573,0,1,3
67803,1,1,237573,237573,237574,0,1,0
67804,5,2,237578,237578,237580,0,2,4
67805,4,1,237582,237582,237583,0,1,2
67806,5,2,237587,237587,237589,0,2,4
67807,5,1,237592,237592,237593,0,1,3
67808,3,1,237595,237595,237596,0,1,2
67809,2,2,237597,237597,237599,0,2,1
67810,1,2,237598,237599,237601,1,3,0
67811,2,2,237600,237601,237603,1,3,0
67812,5,3,237605,237605,237608,0,3,2
67813,1,2,237606,237608,237610,2,4,0
67814,6,3,237612,237612,237615,0,3,2
67815,3,2,237615,237615,237617,0,2,0
67816,6,1,237621,237621,237622,0,1,4
67817,5,3,237626,237626,237629,0,3,4
67818,1,3,237627,237629,237632,2,5,0
67819,1,1,237628,237632,237633,4,5,0
67820,4,2,237632,237633,237635,1,3,0
67821,1,1,237633,237635,237636,2,3,0
67822,5,1,237638,237638,237639,0,1,2
67823,4,1,237642,237642,237643,0,1,3
67824,3,3,237645,237645,237648,0,3,2
67825,1,2,237646,237648,237650,2,4,0
67826,6,1,237652,237652,237653,0,1,2
67827,3,2,237655,237655,237657,0,2,2
67828,1,1,237656,237657,237658,1,2,0
67829,3,1,237659,237659,237660,0,1,1
67830,2,3,237661,237661,237664,0,3,1
67831,2,3,237663,237664,237667,1,4,0
67832,2,2,237665,237667,237669,2,4,0
67833,6,2,237671,237671,237673,0,2,2
67834,5,3,237676,237676,237679,0,3,3
67835,4,2,237680,237680,237682,0,2,1
67836,2,3,237682,237682,237685,0,3,0
67837,3,1,237685,237685,237686,0,1,0
67838,4,1,237689,237689,237690,0,1,3
67839,3,1,237692,237692,237693,0,1,2
67840,5,2,237697,237697,237699,0,2,4
67841,1,3,237698,237699,237702,1,4,0
67842,6,1,237704,237704,237705,0,1,2
67843,1,2,237705,237705,237707,0,2,0
67844,4,3,237709,237709,237712,0,3,2
67845,4,3,237713,237713,237716,0,3,1
67846,3,3,237716,237716,237719,0,3,0
67847,5,2,237721,237721,237723,0,2,2
67848,3,3,237724,237724,237727,0,3,1
67849,1,2,237725,237727,237729,2,4,0
67850,2,3,237727,237729,237732,2,5,0
67851,2,2,237729,237732,237734,3,5,0
67852,5,3,237734,237734,237737,0,3,0
67853,1,2,237735,237737,237739,2,4,0
67854,1,1,237736,237739,237740,3,4,0
67855,1,1,237737,237740,237741,3,4,0
67856,5,3,237742,237742,237745,0,3,1
67857,5,3,237747,237747,237750,0,3,2
67858,5,1,237752,237752,237753,0,1,2
67859,3,1,237755,237755,237756,0,1,2
67860,5,2,237760,237760,237762,0,2,4
67861,1,2,237761,237762,237764,1,3,0
67862,4,3,237765,237765,237768,0,3,1
67863,3,2,237768,237768,237770,0,2,0
67864,4,1,237772,237772,237773,0,1,2
67865,3,2,237775,237775,237777,0,2,2
67866,4,1,237779,237779,237780,0,1,2
67867,2,1,237781,237781,237782,0,1,1
67868,1,3,237782,237782,237785,0,3,0
67869,5,3,237787,237787,237790,0,3,2
67870,2,2,237789,237790,237792,1,3,0
67871,2,1,237791,237792,237793,1,2,0
67872,6,2,237797,237797,237799,0,2,4
67873,1,1,237798,237799,237800,1,2,0
67874,1,2,237799,237800,237802,1,3,0
67875,1,3,237800,237802,237805,2,5,0
67876,5,2,237805,237805,237807,0,2,0
67877,5,1,237810,237810,237811,0,1,3
67878,1,1,237811,237811,237812,0,1,0
67879,2,1,237813,237813,237814,0,1,1
67880,4,3,237817,237817,237820,0,3,3
67881,1,3,237818,237820,237823,2,5,0
67882,4,2,237822,237823,237825,1,3,0
67883,1,1,237823,237825,237826,2,3,0
67884,1,3,237824,237826,237829,2,5,0
67885,3,1,237827,237829,237830,2,3,0
67886,6,2,237833,237833,237835,0,2,3
67887,3,1,237836,237836,237837,0,1,1
67888,4,3,237840,237840,237843,0,3,3
67889,2,3,237842,237843,237846,1,4,0
67890,6,1,237848,237848,237849,0,1,2
67891,4,3,237852,237852,237855,0,3,3
67892,4,1,237856,237856,237857,0,1,1
67893,1,2,237857,237857,237859,0,2,0
67894,4,2,237861,237861,237863,0,2,2
67895,6,1,237867,237867,237868,0,1,4
67896,2,3,237869,237869,237872,0,3,1
67897,5,2,237874,237874,237876,0,2,2
67898,2,1,237876,237876,237877,0,1,0
67899,5,1,237881,237881,237882,0,1,4
67900,2,1,237883,237883,237884,0,1,1
67901,3,3,237886,237886,237889,0,3,2
67902,4,2,237890,237890,237892,0,2,1
67903,4,1,237894,237894,237895,0,1,2
67904,3,3,237897,237897,237900,0,3,2
67905,3,1,237900,237900,237901,0,1,0
67906,4,1,237904,237904,237905,0,1,3
67907,6,1,237910,237910,237911,0,1,5
67908,6,1,237916,237916,237917,0,1,5
67909,2,2,237918,237918,237920,0,2,1
67910,6,2,237924,237924,237926,0,2,4
67911,6,2,237930,237930,237932,0,2,4
67912,5,2,237935,237935,237937,0,2,3
67913,1,1,237936,237937,237938,1,2,0
67914,5,3,237941,237941,237944,0,3,3
67915,5,2,237946,237946,237948,0,2,2
67916,5,3,237951,237951,237954,0,3,3
67917,1,3,237952,237954,237957,2,5,0
67918,2,3,237954,237957,237960,3,6,0
67919,4,3,237958,237960,237963,2,5,0
67920,1,1,237959,237963,237964,4,5,0
67921,5,2,237964,237964,237966,0,2,0
67922,5,3,237969,237969,237972,0,3,3
67923,1,1,237970,237972,237973,2,3,0
67924,5,1,237975,237975,237976,0,1,2
67925,1,2,237976,237976,237978,0,2,0
67926,2,2,237978,237978,237980,0,2,0
67927,3,2,237981,237981,237983,0,2,1
67928,1,2,237982,237983,237985,1,3,0
67929,5,1,237987,237987,237988,0,1,2
67930,2,2,237989,237989,237991,0,2,1
67931,4,3,237993,237993,237996,0,3,2
67932,3,1,237996,237996,237997,0,1,0
67933,1,1,237997,237997,237998,0,1,0
67934,3,2,238000,238000,238002,0,2,2
67935,6,1,238006,238006,238007,0,1,4
67936,1,2,238007,238007,238009,0,2,0
67937,2,2,238009,238009,238011,0,2,0
67938,6,1,238015,238015,238016,0,1,4
67939,6,3,238021,238021,238024,0,3,5
67940,6,2,238027,238027,238029,0,2,3
67941,2,1,238029,238029,238030,0,1,0
67942,6,2,238035,238035,238037,0,2,5
67943,1,1,238036,238037,238038,1,2,0
67944,4,1,238040,238040,238041,0,1,2
67945,4,2,238044,238044,238046,0,2,3
67946,4,2,238048,238048,238050,0,2,2
67947,3,1,238051,238051,238052,0,1,1
67948,2,3,238053,238053,238056,0,3,1
67949,3,3,238056,238056,238059,0,3,0
67950,6,2,238062,238062,238064,0,2,3
67951,1,1,238063,238064,238065,1,2,0
67952,2,2,238065,238065,238067,0,2,0
67953,3,1,238068,238068,238069,0,1,1
67954,6,1,238074,238074,238075,0,1,5
67955,2,2,238076,238076,238078,0,2,1
67956,5,3,238081,238081,238084,0,3,3
67957,2,2,238083,238084,238086,1,3,0
67958,1,2,238084,238086,238088,2,4,0
67959,5,2,238089,238089,238091,0,2,1
67960,2,3,238091,238091,238094,0,3,0
67961,2,2,238093,238094,238096,1,3,0
67962,5,3,238098,238098,238101,0,3,2
67963,3,3,238101,238101,238104,0,3,0
67964,3,3,238104,238104,238107,0,3,0
67965,5,1,238109,238109,238110,0,1,2
67966,6,2,238115,238115,238117,0,2,5
67967,3,2,238118,238118,238120,0,2,1
67968,5,3,238123,238123,238126,0,3,3
67969,6,1,238129,238129,238130,0,1,3
67970,3,1,238132,238132,238133,0,1,2
67971,2,3,238134,238134,238137,0,3,1
67972,4,1,238138,238138,238139,0,1,1
67973,2,2,238140,238140,238142,0,2,1
67974,1,1,238141,238142,238143,1,2,0
67975,2,3,238143,238143,238146,0,3,0
67976,3,1,238146,238146,238147,0,1,0
67977,3,1,238149,238149,238150,0,1,2
67978,2,1,238151,238151,238152,0,1,1
67979,2,2,238153,238153,238155,0,2,1
67980,4,3,238157,238157,238160,0,3,2
67981,4,2,238161,238161,238163,0,2,1
67982,5,3,238166,238166,238169,0,3,3
67983,1,2,238167,238169,238171,2,4,0
67984,5,3,238172,238172,238175,0,3,1
67985,4,1,238176,238176,238177,0,1,1
67986,1,1,238177,238177,238178,0,1,0
67987,6,1,238183,238183,238184,0,1,5
67988,3,2,238186,238186,238188,0,2,2
67989,5,2,238191,238191,238193,0,2,3
67990,2,1,238193,238193,238194,0,1,0
67991,3,1,238196,238196,238197,0,1,2
67992,2,2,238198,238198,238200,0,2,1
67993,4,1,238202,238202,238203,0,1,2
67994,4,1,238206,238206,238207,0,1,3
67995,1,3,238207,238207,238210,0,3,0
67996,2,1,238209,238210,238211,1,2,0
67997,3,1,238212,238212,238213,0,1,1
67998,5,1,238217,238217,238218,0,1,4
67999,5,2,238222,238222,238224,0,2,4
68000,4,1,238226,238226,238227,0,1,2
68001,2,3,238228,238228,238231,0,3,1
68002,3,3,238231,238231,238234,0,3,0
68003,5,2,238236,238236,238238,0,2,2
68004,1,1,238237,238238,238239,1,2,0
68005,2,2,238239,238239,238241,0,2,0
68006,4,3,238243,238243,238246,0,3,2
68007,4,1,238247,238247,238248,0,1,1
68008,4,3,238251,238251,238254,0,3,3
68009,2,3,238253,238254,238257,1,4,0
68010,3,3,238256,238257,238260,1,4,0
68011,5,3,238261,238261,238264,0,3,1
68012,1,1,238262,238264,238265,2,3,0
68013,1,2,238263,238265,238267,2,4,0
68014,5,2,238268,238268,238270,0,2,1
68015,6,2,238274,238274,238276,0,2,4
68016,5,1,238279,238279,238280,0,1,3
68017,5,3,238284,238284,238287,0,3,4
68018,4,3,238288,238288,238291,0,3,1
68019,2,3,238290,238291,238294,1,4,0
68020,6,3,238296,238296,238299,0,3,2
68021,3,1,238299,238299,238300,0,1,0
68022,2,2,238301,238301,238303,0,2,1
68023,6,3,238307,238307,238310,0,3,4
68024,6,2,238313,238313,238315,0,2,3
68025,2,3,238315,238315,238318,0,3,0
68026,5,2,238320,238320,238322,0,2,2
68027,2,2,238322,238322,238324,0,2,0
68028,1,3,238323,238324,238327,1,4,0
68029,1,1,238324,238327,238328,3,4,0
68030,3,2,238327,238328,238330,1,3,0
68031,1,1,238328,238330,238331,2,3,0
68032,6,3,238334,238334,238337,0,3,3
68033,4,3,238338,238338,238341,0,3,1
68034,3,1,238341,238341,238342,0,1,0
68035,2,2,238343,238343,238345,0,2,1
68036,2,3,238345,238345,238348,0,3,0
68037,5,2,238350,238350,238352,0,2,2
68038,1,2,238351,238352,238354,1,3,0
68039,4,1,238355,238355,238356,0,1,1
68040,5,1,238360,238360,238361,0,1,4
68041,5,1,238365,238365,238366,0,1,4
68042,1,2,238366,238366,238368,0,2,0
68043,4,2,238370,238370,238372,0,2,2
68044,4,3,238374,238374,238377,0,3,2
68045,1,2,238375,238377,238379,2,4,0
68046,6,1,238381,238381,238382,0,1,2
68047,3,2,238384,238384,238386,0,2,2
68048,3,1,238387,238387,238388,0,1,1
68049,4,3,238391,238391,238394,0,3,3
68050,3,2,238394,238394,238396,0,2,0
68051,4,1,238398,238398,238399,0,1,2
68052,6,2,238404,238404,238406,0,2,5
68053,3,2,238407,238407,238409,0,2,1
68054,4,1,238411,238411,238412,0,1,2
68055,6,1,238417,238417,238418,0,1,5
68056,5,1,238422,238422,238423,0,1,4
68057,6,1,238428,238428,238429,0,1,5
68058,1,1,238429,238429,238430,0,1,0
68059,2,2,238431,238431,238433,0,2,1
68060,4,2,238435,238435,238437,0,2,2
68061,3,1,238438,238438,238439,0,1,1
68062,5,3,238443,238443,238446,0,3,4
68063,4,1,238447,238447,238448,0,1,1
68064,5,1,238452,238452,238453,0,1,4
68065,2,1,238454,238454,238455,0,1,1
68066,2,2,238456,238456,238458,0,2,1
68067,6,3,238462,238462,238465,0,3,4
68068,5,2,238467,238467,238469,0,2,2
68069,2,2,238469,238469,238471,0,2,0
68070,2,2,238471,238471,238473,0,2,0
68071,5,2,238476,238476,238478,0,2,3
68072,1,1,238477,238478,238479,1,2,0
68073,4,2,238481,238481,238483,0,2,2
68074,4,3,238485,238485,238488,0,3,2
68075,5,3,238490,238490,238493,0,3,2
68076,2,2,238492,238493,238495,1,3,0
68077,4,1,238496,238496,238497,0,1,1
68078,1,2,238497,238497,238499,0,2,0
68079,3,3,238500,238500,238503,0,3,1
68080,1,3,238501,238503,238506,2,5,0
68081,3,1,238504,238506,238507,2,3,0
68082,6,3,238510,238510,238513,0,3,3
68083,1,3,238511,238513,238516,2,5,0
68084,2,2,238513,238516,238518,3,5,0
68085,5,3,238518,238518,238521,0,3,0
68086,6,1,238524,238524,238525,0,1,3
68087,6,3,238530,238530,238533,0,3,5
68088,5,2,238535,238535,238537,0,2,2
68089,2,2,238537,238537,238539,0,2,0
68090,2,3,238539,238539,238542,0,3,0
68091,6,2,238545,238545,238547,0,2,3
68092,1,1,238546,238547,238548,1,2,0
68093,4,2,238550,238550,238552,0,2,2
68094,5,2,238555,238555,238557,0,2,3
68095,3,2,238558,238558,238560,0,2,1
68096,4,3,238562,238562,238565,0,3,2
68097,6,1,238568,238568,238569,0,1,3
68098,3,2,238571,238571,238573,0,2,2
68099,6,1,238577,238577,238578,0,1,4
68100,3,3,238580,238580,238583,0,3,2
68101,4,2,238584,238584,238586,0,2,1
68102,6,1,238590,238590,238591,0,1,4
68103,2,2,238592,238592,238594,0,2,1
68104,3,1,238595,238595,238596,0,1,1
68105,4,1,238599,238599,238600,0,1,3
68106,4,2,238603,238603,238605,0,2,3
68107,6,2,238609,238609,238611,0,2,4
68108,5,1,238614,238614,238615,0,1,3
68109,5,1,238619,238619,238620,0,1,4
68110,4,2,238623,238623,238625,0,2,3
68111,2,1,238625,238625,238626,0,1,0
68112,4,2,238629,238629,238631,0,2,3
68113,5,3,238634,238634,238637,0,3,3
68114,6,1,238640,238640,238641,0,1,3
68115,1,2,238641,238641,238643,0,2,0
68116,2,1,238643,238643,238644,0,1,0
68117,2,1,238645,238645,238646,0,1,1
68118,4,1,238649,238649,238650,0,1,3
68119,2,3,238651,238651,238654,0,3,1
68120,3,2,238654,238654,238656,0,2,0
68121,5,3,238659,238659,238662,0,3,3
68122,2,1,238661,238662,238663,1,2,0
68123,2,2,238663,238663,238665,0,2,0
68124,4,1,238667,238667,238668,0,1,2
68125,6,1,238673,238673,238674,0,1,5
68126,3,3,238676,238676,238679,0,3,2
68127,3,2,238679,238679,238681,0,2,0
68128,1,2,238680,238681,238683,1,3,0
68129,3,2,238683,238683,238685,0,2,0
68130,1,1,238684,238685,238686,1,2,0
68131,4,2,238688,238688,238690,0,2,2
68132,1,2,238689,238690,238692,1,3,0
68133,3,2,238692,238692,238694,0,2,0
68134,1,2,238693,238694,238696,1,3,0
68135,4,1,238697,238697,238698,0,1,1
68136,3,2,238700,238700,238702,0,2,2
68137,1,3,238701,238702,238705,1,4,0
68138,3,3,238704,238705,238708,1,4,0
68139,3,2,238707,238708,238710,1,3,0
68140,4,2,238711,238711,238713,0,2,1
68141,1,1,238712,238713,238714,1,2,0
68142,5,3,238717,238717,238720,0,3,3
68143,6,1,238723,238723,238724,0,1,3
68144,4,2,238727,238727,238729,0,2,3
68145,3,3,238730,238730,238733,0,3,1
68146,2,1,238732,238733,238734,1,2,0
68147,1,3,238733,238734,238737,1,4,0
68148,4,1,238737,238737,238738,0,1,0
68149,3,1,238740,238740,238741,0,1,2
68150,1,3,238741,238741,238744,0,3,0
68151,1,1,238742,238744,238745,2,3,0
68152,6,2,238748,238748,238750,0,2,3
68153,2,1,238750,238750,238751,0,1,0
68154,2,2,238752,238752,238754,0,2,1
68155,4,1,238756,238756,238757,0,1,2
68156,4,2,238760,238760,238762,0,2,3
68157,2,3,238762,238762,238765,0,3,0
68158,5,2,238767,238767,238769,0,2,2
68159,1,3,238768,238769,238772,1,4,0
68160,4,2,238772,238772,238774,0,2,0
68161,6,2,238778,238778,238780,0,2,4
68162,2,3,238780,238780,238783,0,3,0
68163,3,3,238783,238783,238786,0,3,0
68164,3,1,238786,238786,238787,0,1,0
68165,2,3,238788,238788,238791,0,3,1
68166,5,3,238793,238793,238796,0,3,2
68167,5,2,238798,238798,238800,0,2,2
68168,3,1,238801,238801,238802,0,1,1
68169,6,1,238807,238807,238808,0,1,5
68170,1,1,238808,238808,238809,0,1,0
68171,6,3,238814,238814,238817,0,3,5
68172,1,3,238815,238817,238820,2,5,0
68173,5,2,238820,238820,238822,0,2,0
68174,2,2,238822,238822,238824,0,2,0
68175,1,1,238823,238824,238825,1,2,0
68176,4,2,238827,238827,238829,0,2,2
68177,4,2,238831,238831,238833,0,2,2
68178,3,1,238834,238834,238835,0,1,1
68179,5,2,238839,238839,238841,0,2,4
68180,5,2,238844,238844,238846,0,2,3
68181,4,1,238848,238848,238849,0,1,2
68182,6,3,238854,238854,238857,0,3,5
68183,6,2,238860,238860,238862,0,2,3
68184,5,2,238865,238865,238867,0,2,3
68185,3,2,238868,238868,238870,0,2,1
68186,4,1,238872,238872,238873,0,1,2
68187,4,1,238876,238876,238877,0,1,3
68188,5,3,238881,238881,238884,0,3,4
68189,3,2,238884,238884,238886,0,2,0
68190,2,3,238886,238886,238889,0,3,0
68191,3,1,238889,238889,238890,0,1,0
68192,4,2,238893,238893,238895,0,2,3
68193,2,2,238895,238895,238897,0,2,0
68194,5,3,238900,238900,238903,0,3,3
68195,3,1,238903,238903,238904,0,1,0
68196,1,1,238904,238904,238905,0,1,0
68197,4,1,238908,238908,238909,0,1,3
68198,3,2,238911,238911,238913,0,2,2
68199,2,2,238913,238913,238915,0,2,0
68200,4,2,238917,238917,238919,0,2,2
68201,1,3,238918,238919,238922,1,4,0
68202,3,1,238921,238922,238923,1,2,0
68203,6,1,238927,238927,238928,0,1,4
68204,2,2,238929,238929,238931,0,2,1
68205,3,2,238932,238932,238934,0,2,1
68206,5,1,238937,238937,238938,0,1,3
68207,3,1,238940,238940,238941,0,1,2
68208,1,3,238941,238941,238944,0,3,0
68209,1,3,238942,238944,238947,2,5,0
68210,2,2,238944,238947,238949,3,5,0
68211,1,2,238945,238949,238951,4,6,0
68212,5,2,238950,238951,238953,1,3,0
68213,5,3,238955,238955,238958,0,3,2
68214,3,1,238958,238958,238959,0,1,0
68215,5,3,238963,238963,238966,0,3,4
68216,3,2,238966,238966,238968,0,2,0
68217,3,3,238969,238969,238972,0,3,1
68218,5,2,238974,238974,238976,0,2,2
68219,2,2,238976,238976,238978,0,2,0
68220,5,3,238981,238981,238984,0,3,3
68221,1,2,238982,238984,238986,2,4,0
68222,1,3,238983,238986,238989,3,6,0
68223,6,3,238989,238989,238992,0,3,0
68224,2,3,238991,238992,238995,1,4,0
68225,2,3,238993,238995,238998,2,5,0
68226,5,3,238998,238998,239001,0,3,0
68227,1,1,238999,239001,239002,2,3,0
68228,1,1,239000,239002,239003,2,3,0
68229,3,3,239003,239003,239006,0,3,0
68230,6,1,239009,239009,239010,0,1,3
68231,6,3,239015,239015,239018,0,3,5
68232,5,1,239020,239020,239021,0,1,2
68233,5,3,239025,239025,239028,0,3,4
68234,6,3,239031,239031,239034,0,3,3
68235,4,2,239035,239035,239037,0,2,1
68236,3,2,239038,239038,239040,0,2,1
68237,1,2,239039,239040,239042,1,3,0
68238,3,2,239042,239042,239044,0,2,0
68239,1,3,239043,239044,239047,1,4,0
68240,1,3,239044,239047,239050,3,6,0
68241,6,3,239050,239050,239053,0,3,0
68242,2,3,239052,239053,239056,1,4,0
68243,3,2,239055,239056,239058,1,3,0
68244,4,3,239059,239059,239062,0,3,1
68245,3,3,239062,239062,239065,0,3,0
68246,2,2,239064,239065,239067,1,3,0
68247,6,2,239070,239070,239072,0,2,3
68248,3,1,239073,239073,239074,0,1,1
68249,6,2,239079,239079,239081,0,2,5
68250,3,1,239082,239082,239083,0,1,1
68251,3,1,239085,239085,239086,0,1,2
68252,4,3,239089,239089,239092,0,3,3
68253,4,2,239093,239093,239095,0,2,1
68254,3,1,239096,239096,239097,0,1,1
68255,4,1,239100,239100,239101,0,1,3
68256,3,2,239103,239103,239105,0,2,2
68257,4,1,239107,239107,239108,0,1,2
68258,5,1,239112,239112,239113,0,1,4
68259,3,1,239115,239115,239116,0,1,2
68260,4,3,239119,239119,239122,0,3,3
68261,5,1,239124,239124,239125,0,1,2
68262,6,3,239130,239130,239133,0,3,5
68263,4,1,239134,239134,239135,0,1,1
68264,4,1,239138,239138,239139,0,1,3
68265,5,1,239143,239143,239144,0,1,4
68266,1,2,239144,239144,239146,0,2,0
68267,5,1,239149,239149,239150,0,1,3
68268,5,3,239154,239154,239157,0,3,4
68269,4,2,239158,239158,239160,0,2,1
68270,3,3,239161,239161,239164,0,3,1
68271,4,1,239165,239165,239166,0,1,1
68272,2,2,239167,239167,239169,0,2,1
68273,4,1,239171,239171,239172,0,1,2
68274,5,3,239176,239176,239179,0,3,4
68275,4,3,239180,239180,239183,0,3,1
68276,6,3,239186,239186,239189,0,3,3
68277,1,2,239187,239189,239191,2,4,0
68278,2,2,239189,239191,239193,2,4,0
68279,6,3,239195,239195,239198,0,3,2
68280,1,2,239196,239198,239200,2,4,0
68281,5,1,239201,239201,239202,0,1,1
68282,5,2,239206,239206,239208,0,2,4
68283,3,2,239209,239209,239211,0,2,1
68284,3,3,239212,239212,239215,0,3,1
68285,5,3,239217,239217,239220,0,3,2
68286,3,3,239220,239220,239223,0,3,0
68287,1,2,239221,239223,239225,2,4,0
68288,2,3,239223,239225,239228,2,5,0
68289,5,2,239228,239228,239230,0,2,0
68290,6,3,239234,239234,239237,0,3,4
68291,1,1,239235,239237,239238,2,3,0
68292,4,1,239239,239239,239240,0,1,1
68293,5,2,239244,239244,239246,0,2,4
68294,1,3,239245,239246,239249,1,4,0
68295,4,2,239249,239249,239251,0,2,0
68296,2,1,239251,239251,239252,0,1,0
68297,5,1,239256,239256,239257,0,1,4
68298,5,1,239261,239261,239262,0,1,4
68299,6,1,239267,239267,239268,0,1,5
68300,6,3,239273,239273,239276,0,3,5
68301,2,3,239275,239276,239279,1,4,0
68302,6,3,239281,239281,239284,0,3,2
68303,1,1,239282,239284,239285,2,3,0
68304,6,1,239288,239288,239289,0,1,3
68305,1,1,239289,239289,239290,0,1,0
68306,6,1,239295,239295,239296,0,1,5
68307,3,3,239298,239298,239301,0,3,2
68308,5,2,239303,239303,239305,0,2,2
68309,3,3,239306,239306,239309,0,3,1
68310,4,1,239310,239310,239311,0,1,1
68311,4,1,239314,239314,239315,0,1,3
68312,1,3,239315,239315,239318,0,3,0
68313,4,3,239319,239319,239322,0,3,1
68314,2,3,239321,239322,239325,1,4,0
68315,4,1,239325,239325,239326,0,1,0
68316,1,1,239326,239326,239327,0,1,0
68317,6,2,239332,239332,239334,0,2,5
68318,5,2,239337,239337,239339,0,2,3
68319,1,3,239338,239339,239342,1,4,0
68320,5,2,239343,239343,239345,0,2,1
68321,5,3,239348,239348,239351,0,3,3
68322,3,1,239351,239351,239352,0,1,0
68323,6,1,239357,239357,239358,0,1,5
68324,3,1,239360,239360,239361,0,1,2
68325,1,3,239361,239361,239364,0,3,0
68326,6,1,239367,239367,239368,0,1,3
68327,1,1,239368,239368,239369,0,1,0
68328,3,3,239371,239371,239374,0,3,2
68329,2,1,239373,239374,239375,1,2,0
68330,5,2,239378,239378,239380,0,2,3
68331,4,2,239382,239382,239384,0,2,2
68332,2,1,239384,239384,239385,0,1,0
68333,6,2,239390,239390,239392,0,2,5
68334,1,2,239391,239392,239394,1,3,0
68335,5,1,239396,239396,239397,0,1,2
68336,3,1,239399,239399,239400,0,1,2
68337,3,2,239402,239402,239404,0,2,2
68338,2,3,239404,239404,239407,0,3,0
68339,4,2,239408,239408,239410,0,2,1
68340,3,1,239411,239411,239412,0,1,1
68341,1,1,239412,239412,239413,0,1,0
68342,2,2,239414,239414,239416,0,2,1
68343,4,3,239418,239418,239421,0,3,2
68344,6,2,239424,239424,239426,0,2,3
68345,2,3,239426,239426,239429,0,3,0
68346,3,1,239429,239429,239430,0,1,0
68347,6,2,239435,239435,239437,0,2,5
68348,3,1,239438,239438,239439,0,1,1
68349,5,3,239443,239443,239446,0,3,4
68350,1,2,239444,239446,239448,2,4,0
68351,1,3,239445,239448,239451,3,6,0
68352,3,1,239448,239451,239452,3,4,0
68353,1,3,239449,239452,239455,3,6,0
68354,3,1,239452,239455,239456,3,4,0
68355,5,3,239457,239457,239460,0,3,1
68356,3,1,239460,239460,239461,0,1,0
68357,4,2,239464,239464,239466,0,2,3
68358,2,2,239466,239466,239468,0,2,0
68359,1,3,239467,239468,239471,1,4,0
68360,6,1,239473,239473,239474,0,1,2
68361,3,1,239476,239476,239477,0,1,2
68362,5,2,239481,239481,239483,0,2,4
68363,2,3,239483,239483,239486,0,3,0
68364,5,1,239488,239488,239489,0,1,2
68365,3,2,239491,239491,239493,0,2,2
68366,1,2,239492,239493,239495,1,3,0
68367,2,1,239494,239495,239496,1,2,0
68368,5,1,239499,239499,239500,0,1,3
68369,2,2,239501,239501,239503,0,2,1
68370,4,2,239505,239505,239507,0,2,2
68371,5,1,239510,239510,239511,0,1,3
68372,2,1,239512,239512,239513,0,1,1
68373,5,1,239517,239517,239518,0,1,4
68374,5,1,239522,239522,239523,0,1,4
68375,2,3,239524,239524,239527,0,3,1
68376,6,2,239530,239530,239532,0,2,3
68377,3,2,239533,239533,239535,0,2,1
68378,2,1,239535,239535,239536,0,1,0
68379,3,3,239538,239538,239541,0,3,2
68380,4,2,239542,239542,239544,0,2,1
68381,6,3,239548,239548,239551,0,3,4
68382,3,2,239551,239551,239553,0,2,0
68383,4,1,239555,239555,239556,0,1,2
68384,3,1,239558,239558,239559,0,1,2
68385,4,1,239562,239562,239563,0,1,3
68386,6,2,239568,239568,239570,0,2,5
68387,4,1,239572,239572,239573,0,1,2
68388,1,2,239573,239573,239575,0,2,0
68389,6,3,239579,239579,239582,0,3,4
68390,5,1,239584,239584,239585,0,1,2
68391,4,3,239588,239588,239591,0,3,3
68392,1,2,239589,239591,239593,2,4,0
68393,6,3,239595,239595,239598,0,3,2
68394,5,1,239600,239600,239601,0,1,2
68395,6,3,239606,239606,239609,0,3,5
68396,4,3,239610,239610,239613,0,3,1
68397,6,1,239616,239616,239617,0,1,3
68398,3,1,239619,239619,239620,0,1,2
68399,6,1,239625,239625,239626,0,1,5
68400,4,1,239629,239629,239630,0,1,3
68401,6,1,239635,239635,239636,0,1,5
68402,4,2,239639,239639,239641,0,2,3
68403,5,2,239644,239644,239646,0,2,3
68404,4,2,239648,239648,239650,0,2,2
68405,6,2,239654,239654,239656,0,2,4
68406,6,1,239660,239660,239661,0,1,4
68407,5,3,239665,239665,239668,0,3,4
68408,6,3,239671,239671,239674,0,3,3
68409,4,3,239675,239675,239678,0,3,1
68410,5,3,239680,239680,239683,0,3,2
68411,5,2,239685,239685,239687,0,2,2
68412,5,1,239690,239690,239691,0,1,3
68413,6,3,239696,239696,239699,0,3,5
68414,5,1,239701,239701,239702,0,1,2
68415,5,3,239706,239706,239709,0,3,4
68416,3,2,239709,239709,239711,0,2,0
68417,3,2,239712,239712,239714,0,2,1
68418,3,1,239715,239715,239716,0,1,1
68419,3,1,239718,239718,239719,0,1,2
68420,5,1,239723,239723,239724,0,1,4
68421,3,2,239726,239726,239728,0,2,2
68422,5,1,239731,239731,239732,0,1,3
68423,6,3,239737,239737,239740,0,3,5
68424,5,2,239742,239742,239744,0,2,2
68425,4,2,239746,239746,239748,0,2,2
68426,3,3,239749,239749,239752,0,3,1
68427,2,2,239751,239752,239754,1,3,0
68428,1,2,239752,239754,239756,2,4,0
68429,5,2,239757,239757,239759,0,2,1
68430,4,1,239761,239761,239762,0,1,2
68431,3,1,239764,239764,239765,0,1,2
68432,3,3,239767,239767,239770,0,3,2
68433,2,2,239769,239770,239772,1,3,0
68434,4,2,239773,239773,239775,0,2,1
68435,2,1,239775,239775,239776,0,1,0
68436,3,1,239778,239778,239779,0,1,2
68437,6,3,239784,239784,239787,0,3,5
68438,4,1,239788,239788,239789,0,1,1
68439,5,2,239793,239793,239795,0,2,4
68440,4,1,239797,239797,239798,0,1,2
68441,4,1,239801,239801,239802,0,1,3
68442,6,1,239807,239807,239808,0,1,5
68443,4,2,239811,239811,239813,0,2,3
68444,5,1,239816,239816,239817,0,1,3
68445,2,1,239818,239818,239819,0,1,1
68446,1,1,239819,239819,239820,0,1,0
68447,1,3,239820,239820,239823,0,3,0
68448,3,3,239823,239823,239826,0,3,0
68449,1,2,239824,239826,239828,2,4,0
68450,5,2,239829,239829,239831,0,2,1
68451,2,1,239831,239831,239832,0,1,0
68452,6,2,239837,239837,239839,0,2,5
68453,1,2,239838,239839,239841,1,3,0
68454,1,1,239839,239841,239842,2,3,0
68455,3,3,239842,239842,239845,0,3,0
68456,3,1,239845,239845,239846,0,1,0
68457,3,1,239848,239848,239849,0,1,2
68458,5,2,239853,239853,239855,0,2,4
68459,1,3,239854,239855,239858,1,4,0
68460,5,2,239859,239859,239861,0,2,1
68461,5,2,239864,239864,239866,0,2,3
68462,2,1,239866,239866,239867,0,1,0
68463,2,1,239868,239868,239869,0,1,1
68464,4,1,239872,239872,239873,0,1,3
68465,5,2,239877,239877,239879,0,2,4
68466,1,2,239878,239879,239881,1,3,0
68467,5,3,239883,239883,239886,0,3,2
68468,6,3,239889,239889,239892,0,3,3
68469,1,2,239890,239892,239894,2,4,0
68470,4,2,239894,239894,239896,0,2,0
68471,1,3,239895,239896,239899,1,4,0
68472,1,3,239896,239899,239902,3,6,0
68473,3,1,239899,239902,239903,3,4,0
68474,3,2,239902,239903,239905,1,3,0
68475,6,2,239908,239908,239910,0,2,3
68476,6,2,239914,239914,239916,0,2,4
68477,1,2,239915,239916,239918,1,3,0
68478,3,3,239918,239918,239921,0,3,0
68479,3,1,239921,239921,239922,0,1,0
68480,6,3,239927,239927,239930,0,3,5
68481,1,3,239928,239930,239933,2,5,0
68482,3,2,239931,239933,239935,2,4,0
68483,4,1,239935,239935,239936,0,1,0
68484,4,2,239939,239939,239941,0,2,3
68485,6,3,239945,239945,239948,0,3,4
68486,5,3,239950,239950,239953,0,3,2
68487,4,2,239954,239954,239956,0,2,1
68488,3,2,239957,239957,239959,0,2,1
68489,2,1,239959,239959,239960,0,1,0
68490,6,3,239965,239965,239968,0,3,5
68491,5,1,239970,239970,239971,0,1,2
68492,4,2,239974,239974,239976,0,2,3
68493,4,2,239978,239978,239980,0,2,2
68494,1,2,239979,239980,239982,1,3,0
68495,3,2,239982,239982,239984,0,2,0
68496,2,3,239984,239984,239987,0,3,0
68497,4,1,239988,239988,239989,0,1,1
68498,4,3,239992,239992,239995,0,3,3
68499,2,1,239994,239995,239996,1,2,0
68500,6,3,240000,240000,240003,0,3,4
68501,6,3,240006,240006,240009,0,3,3
68502,4,2,240010,240010,240012,0,2,1
68503,4,1,240014,240014,240015,0,1,2
68504,3,2,240017,240017,240019,0,2,2
68505,2,1,240019,240019,240020,0,1,0
68506,6,3,240025,240025,240028,0,3,5
68507,2,3,240027,240028,240031,1,4,0
68508,1,3,240028,240031,240034,3,6,0
68509,4,2,240032,240034,240036,2,4,0
68510,6,2,240038,240038,240040,0,2,2
68511,4,2,240042,240042,240044,0,2,2
68512,1,1,240043,240044,240045,1,2,0
68513,5,2,240048,240048,240050,0,2,3
68514,1,3,240049,240050,240053,1,4,0
68515,2,1,240051,240053,240054,2,3,0
68516,5,2,240056,240056,240058,0,2,2
68517,5,2,240061,240061,240063,0,2,3
68518,4,3,240065,240065,240068,0,3,2
68519,4,3,240069,240069,240072,0,3,1
68520,3,2,240072,240072,240074,0,2,0
68521,2,2,240074,240074,240076,0,2,0
68522,3,1,240077,240077,240078,0,1,1
68523,4,2,240081,240081,240083,0,2,3
68524,6,2,240087,240087,240089,0,2,4
68525,2,3,240089,240089,240092,0,3,0
68526,3,1,240092,240092,240093,0,1,0
68527,2,1,240094,240094,240095,0,1,1
68528,6,2,240100,240100,240102,0,2,5
68529,2,3,240102,240102,240105,0,3,0
68530,6,2,240108,240108,240110,0,2,3
68531,2,1,240110,240110,240111,0,1,0
68532,3,3,240113,240113,240116,0,3,2
68533,2,2,240115,240116,240118,1,3,0
68534,2,2,240117,240118,240120,1,3,0
68535,2,1,240119,240120,240121,1,2,0
68536,4,1,240123,240123,240124,0,1,2
68537,6,3,240129,240129,240132,0,3,5
68538,5,3,240134,240134,240137,0,3,2
68539,3,2,240137,240137,240139,0,2,0
68540,2,2,240139,240139,240141,0,2,0
68541,5,2,240144,240144,240146,0,2,3
68542,2,3,240146,240146,240149,0,3,0
68543,2,2,240148,240149,240151,1,3,0
68544,4,3,240152,240152,240155,0,3,1
68545,1,2,240153,240155,240157,2,4,0
68546,6,3,240159,240159,240162,0,3,2
68547,5,2,240164,240164,240166,0,2,2
68548,2,3,240166,240166,240169,0,3,0
68549,6,1,240172,240172,240173,0,1,3
68550,1,1,240173,240173,240174,0,1,0
68551,1,3,240174,240174,240177,0,3,0
68552,2,2,240176,240177,240179,1,3,0
68553,6,1,240182,240182,240183,0,1,3
68554,5,3,240187,240187,240190,0,3,4
68555,6,3,240193,240193,240196,0,3,3
68556,1,3,240194,240196,240199,2,5,0
68557,6,1,240200,240200,240201,0,1,1
68558,1,1,240201,240201,240202,0,1,0
68559,1,2,240202,240202,240204,0,2,0
68560,1,1,240203,240204,240205,1,2,0
68561,4,3,240207,240207,240210,0,3,2
68562,3,3,240210,240210,240213,0,3,0
68563,6,3,240216,240216,240219,0,3,3
68564,5,3,240221,240221,240224,0,3,2
68565,6,2,240227,240227,240229,0,2,3
68566,5,3,240232,240232,240235,0,3,3
68567,1,1,240233,240235,240236,2,3,0
68568,4,3,240237,240237,240240,0,3,1
68569,1,3,240238,240240,240243,2,5,0
68570,2,2,240240,240243,240245,3,5,0
68571,1,2,240241,240245,240247,4,6,0
68572,1,2,240242,240247,240249,5,7,0
68573,4,2,240246,240249,240251,3,5,0
68574,6,2,240252,240252,240254,0,2,1
68575,5,3,240257,240257,240260,0,3,3
68576,5,2,240262,240262,240264,0,2,2
68577,4,3,240266,240266,240269,0,3,2
68578,3,2,240269,240269,240271,0,2,0
68579,5,2,240274,240274,240276,0,2,3
68580,1,2,240275,240276,240278,1,3,0
68581,3,2,240278,240278,240280,0,2,0
68582,5,2,240283,240283,240285,0,2,3
68583,5,1,240288,240288,240289,0,1,3
68584,4,1,240292,240292,240293,0,1,3
68585,5,3,240297,240297,240300,0,3,4
68586,2,2,240299,240300,240302,1,3,0
68587,3,2,240302,240302,240304,0,2,0
68588,4,3,240306,240306,240309,0,3,2
68589,4,1,240310,240310,240311,0,1,1
68590,6,1,240316,240316,240317,0,1,5
68591,2,1,240318,240318,240319,0,1,1
68592,2,1,240320,240320,240321,0,1,1
68593,2,3,240322,240322,240325,0,3,1
68594,1,3,240323,240325,240328,2,5,0
68595,4,3,240327,240328,240331,1,4,0
68596,5,2,240332,240332,240334,0,2,1
68597,6,3,240338,240338,240341,0,3,4
68598,1,3,240339,240341,240344,2,5,0
68599,5,1,240344,240344,240345,0,1,0
68600,1,3,240345,240345,240348,0,3,0
68601,2,2,240347,240348,240350,1,3,0
68602,3,2,240350,240350,240352,0,2,0
68603,5,1,240355,240355,240356,0,1,3
68604,6,3,240361,240361,240364,0,3,5
68605,6,3,240367,240367,240370,0,3,3
68606,2,3,240369,240370,240373,1,4,0
68607,4,1,240373,240373,240374,0,1,0
68608,3,3,240376,240376,240379,0,3,2
68609,4,3,240380,240380,240383,0,3,1
68610,5,2,240385,240385,240387,0,2,2
68611,6,2,240391,240391,240393,0,2,4
68612,2,2,240393,240393,240395,0,2,0
68613,1,1,240394,240395,240396,1,2,0
68614,3,2,240397,240397,240399,0,2,1
68615,6,1,240403,240403,240404,0,1,4
68616,1,2,240404,240404,240406,0,2,0
68617,6,1,240410,240410,240411,0,1,4
68618,3,3,240413,240413,240416,0,3,2
68619,3,1,240416,240416,240417,0,1,0
68620,3,3,240419,240419,240422,0,3,2
68621,6,1,240425,240425,240426,0,1,3
68622,6,2,240431,240431,240433,0,2,5
68623,6,1,240437,240437,240438,0,1,4
68624,5,1,240442,240442,240443,0,1,4
68625,1,1,240443,240443,240444,0,1,0
68626,6,3,240449,240449,240452,0,3,5
68627,6,2,240455,240455,240457,0,2,3
68628,5,2,240460,240460,240462,0,2,3
68629,6,2,240466,240466,240468,0,2,4
68630,4,1,240470,240470,240471,0,1,2
68631,2,2,240472,240472,240474,0,2,1
68632,4,1,240476,240476,240477,0,1,2
68633,6,3,240482,240482,240485,0,3,5
68634,4,1,240486,240486,240487,0,1,1
68635,4,1,240490,240490,240491,0,1,3
68636,3,2,240493,240493,240495,0,2,2
68637,6,1,240499,240499,240500,0,1,4
68638,2,2,240501,240501,240503,0,2,1
68639,2,1,240503,240503,240504,0,1,0
68640,2,3,240505,240505,240508,0,3,1
68641,6,3,240511,240511,240514,0,3,3
68642,1,1,240512,240514,240515,2,3,0
68643,6,3,240518,240518,240521,0,3,3
68644,2,3,240520,240521,240524,1,4,0
68645,2,2,240522,240524,240526,2,4,0
68646,2,2,240524,240526,240528,2,4,0
68647,1,1,240525,240528,240529,3,4,0
68648,6,2,240531,240531,240533,0,2,2
68649,3,2,240534,240534,240536,0,2,1
68650,3,1,240537,240537,240538,0,1,1
68651,2,1,240539,240539,240540,0,1,1
68652,2,3,240541,240541,240544,0,3,1
68653,1,2,240542,240544,240546,2,4,0
68654,5,3,240547,240547,240550,0,3,1
68655,1,3,240548,240550,240553,2,5,0
68656,2,3,240550,240553,240556,3,6,0
68657,6,3,240556,240556,240559,0,3,0
68658,6,3,240562,240562,240565,0,3,3
68659,4,3,240566,240566,240569,0,3,1
68660,3,3,240569,240569,240572,0,3,0
68661,3,1,240572,240572,240573,0,1,0
68662,6,1,240578,240578,240579,0,1,5
68663,2,2,240580,240580,240582,0,2,1
68664,2,3,240582,240582,240585,0,3,0
68665,2,3,240584,240585,240588,1,4,0
68666,1,3,240585,240588,240591,3,6,0
68667,4,1,240589,240591,240592,2,3,0
68668,3,1,240592,240592,240593,0,1,0
68669,1,2,240593,240593,240595,0,2,0
68670,2,1,240595,240595,240596,0,1,0
68671,2,2,240597,240597,240599,0,2,1
68672,2,3,240599,240599,240602,0,3,0
68673,2,2,240601,240602,240604,1,3,0
68674,2,2,240603,240604,240606,1,3,0
68675,3,1,240606,240606,240607,0,1,0
68676,4,2,240610,240610,240612,0,2,3
68677,1,2,240611,240612,240614,1,3,0
68678,4,1,240615,240615,240616,0,1,1
68679,6,1,240621,240621,240622,0,1,5
68680,4,2,240625,240625,240627,0,2,3
68681,1,3,240626,240627,240630,1,4,0
68682,4,3,240630,240630,240633,0,3,0
68683,5,3,240635,240635,240638,0,3,2
68684,1,1,240636,240638,240639,2,3,0
68685,5,2,240641,240641,240643,0,2,2
68686,1,1,240642,240643,240644,1,2,0
68687,5,2,240647,240647,240649,0,2,3
68688,6,2,240653,240653,240655,0,2,4
68689,1,3,240654,240655,240658,1,4,0
68690,2,2,240656,240658,240660,2,4,0
68691,6,1,240662,240662,240663,0,1,2
68692,1,3,240663,240663,240666,0,3,0
68693,1,1,240664,240666,240667,2,3,0
68694,1,2,240665,240667,240669,2,4,0
68695,2,2,240667,240669,240671,2,4,0
68696,1,2,240668,240671,240673,3,5,0
68697,3,1,240671,240673,240674,2,3,0
68698,2,1,240673,240674,240675,1,2,0
68699,3,3,240676,240676,240679,0,3,1
68700,1,3,240677,240679,240682,2,5,0
68701,2,3,240679,240682,240685,3,6,0
68702,2,3,240681,240685,240688,4,7,0
68703,1,2,240682,240688,240690,6,8,0
68704,1,1,240683,240690,240691,7,8,0
68705,6,2,240689,240691,240693,2,4,0
68706,2,3,240691,240693,240696,2,5,0
68707,2,1,240693,240696,240697,3,4,0
68708,2,3,240695,240697,240700,2,5,0
68709,4,2,240699,240700,240702,1,3,0
68710,4,3,240703,240703,240706,0,3,1
68711,3,2,240706,240706,240708,0,2,0
68712,4,3,240710,240710,240713,0,3,2
68713,6,3,240716,240716,240719,0,3,3
68714,4,2,240720,240720,240722,0,2,1
68715,4,2,240724,240724,240726,0,2,2
68716,5,3,240729,240729,240732,0,3,3
68717,3,3,240732,240732,240735,0,3,0
68718,3,1,240735,240735,240736,0,1,0
68719,2,1,240737,240737,240738,0,1,1
68720,1,2,240738,240738,240740,0,2,0
68721,3,2,240741,240741,240743,0,2,1
68722,5,1,240746,240746,240747,0,1,3
68723,2,1,240748,240748,240749,0,1,1
68724,6,1,240754,240754,240755,0,1,5
68725,6,1,240760,240760,240761,0,1,5
68726,5,3,240765,240765,240768,0,3,4
68727,5,3,240770,240770,240773,0,3,2
68728,3,1,240773,240773,240774,0,1,0
68729,5,1,240778,240778,240779,0,1,4
68730,5,2,240783,240783,240785,0,2,4
68731,6,3,240789,240789,240792,0,3,4
68732,5,3,240794,240794,240797,0,3,2
68733,2,2,240796,240797,240799,1,3,0
68734,1,1,240797,240799,240800,2,3,0
68735,6,2,240803,240803,240805,0,2,3
68736,4,2,240807,240807,240809,0,2,2
68737,6,2,240813,240813,240815,0,2,4
68738,1,2,240814,240815,240817,1,3,0
68739,3,3,240817,240817,240820,0,3,0
68740,1,2,240818,240820,240822,2,4,0
68741,4,2,240822,240822,240824,0,2,0
68742,4,1,240826,240826,240827,0,1,2
68743,3,3,240829,240829,240832,0,3,2
68744,1,1,240830,240832,240833,2,3,0
68745,2,2,240832,240833,240835,1,3,0
68746,2,1,240834,240835,240836,1,2,0
68747,6,3,240840,240840,240843,0,3,4
68748,4,1,240844,240844,240845,0,1,1
68749,1,1,240845,240845,240846,0,1,0
68750,4,3,240849,240849,240852,0,3,3
68751,4,3,240853,240853,240856,0,3,1
68752,6,3,240859,240859,240862,0,3,3
68753,6,1,240865,240865,240866,0,1,3
68754,6,1,240871,240871,240872,0,1,5
68755,2,2,240873,240873,240875,0,2,1
68756,3,2,240876,240876,240878,0,2,1
68757,3,1,240879,240879,240880,0,1,1
68758,3,3,240882,240882,240885,0,3,2
68759,6,1,240888,240888,240889,0,1,3
68760,2,2,240890,240890,240892,0,2,1
68761,2,3,240892,240892,240895,0,3,0
68762,3,3,240895,240895,240898,0,3,0
68763,6,1,240901,240901,240902,0,1,3
68764,1,1,240902,240902,240903,0,1,0
68765,1,3,240903,240903,240906,0,3,0
68766,6,3,240909,240909,240912,0,3,3
68767,3,2,240912,240912,240914,0,2,0
68768,6,3,240918,240918,240921,0,3,4
68769,2,3,240920,240921,240924,1,4,0
68770,6,1,240926,240926,240927,0,1,2
68771,2,2,240928,240928,240930,0,2,1
68772,3,2,240931,240931,240933,0,2,1
68773,3,3,240934,240934,240937,0,3,1
68774,2,1,240936,240937,240938,1,2,0
68775,6,1,240942,240942,240943,0,1,4
68776,6,3,240948,240948,240951,0,3,5
68777,6,2,240954,240954,240956,0,2,3
68778,6,2,240960,240960,240962,0,2,4
68779,3,1,240963,240963,240964,0,1,1
68780,2,2,240965,240965,240967,0,2,1
68781,1,1,240966,240967,240968,1,2,0
68782,4,2,240970,240970,240972,0,2,2
68783,3,3,240973,240973,240976,0,3,1
68784,2,2,240975,240976,240978,1,3,0
68785,4,3,240979,240979,240982,0,3,1
68786,4,2,240983,240983,240985,0,2,1
68787,2,1,240985,240985,240986,0,1,0
68788,5,3,240990,240990,240993,0,3,4
68789,1,3,240991,240993,240996,2,5,0
68790,4,2,240995,240996,240998,1,3,0
68791,1,1,240996,240998,240999,2,3,0
68792,3,2,240999,240999,241001,0,2,0
68793,1,1,241000,241001,241002,1,2,0
68794,6,2,241006,241006,241008,0,2,4
68795,5,3,241011,241011,241014,0,3,3
68796,4,3,241015,241015,241018,0,3,1
68797,6,2,241021,241021,241023,0,2,3
68798,5,1,241026,241026,241027,0,1,3
68799,2,3,241028,241028,241031,0,3,1
68800,6,1,241034,241034,241035,0,1,3
68801,3,3,241037,241037,241040,0,3,2
68802,3,2,241040,241040,241042,0,2,0
68803,2,3,241042,241042,241045,0,3,0
68804,2,2,241044,241045,241047,1,3,0
68805,6,2,241050,241050,241052,0,2,3
68806,2,2,241052,241052,241054,0,2,0
68807,2,3,241054,241054,241057,0,3,0
68808,5,3,241059,241059,241062,0,3,2
68809,3,3,241062,241062,241065,0,3,0
68810,1,2,241063,241065,241067,2,4,0
68811,4,1,241067,241067,241068,0,1,0
68812,5,3,241072,241072,241075,0,3,4
68813,6,3,241078,241078,241081,0,3,3
68814,5,1,241083,241083,241084,0,1,2
68815,2,1,241085,241085,241086,0,1,1
68816,3,1,241088,241088,241089,0,1,2
68817,5,3,241093,241093,241096,0,3,4
68818,3,2,241096,241096,241098,0,2,0
68819,1,1,241097,241098,241099,1,2,0
68820,3,3,241100,241100,241103,0,3,1
68821,2,1,241102,241103,241104,1,2,0
68822,6,1,241108,241108,241109,0,1,4
68823,3,2,241111,241111,241113,0,2,2
68824,4,1,241115,241115,241116,0,1,2
68825,3,3,241118,241118,241121,0,3,2
68826,3,2,241121,241121,241123,0,2,0
68827,1,1,241122,241123,241124,1,2,0
68828,5,2,241127,241127,241129,0,2,3
68829,4,2,241131,241131,241133,0,2,2
68830,6,1,241137,241137,241138,0,1,4
68831,4,1,241141,241141,241142,0,1,3
68832,2,3,241143,241143,241146,0,3,1
68833,3,3,241146,241146,241149,0,3,0
68834,2,3,241148,241149,241152,1,4,0
68835,3,2,241151,241152,241154,1,3,0
68836,5,3,241156,241156,241159,0,3,2
68837,2,1,241158,241159,241160,1,2,0
68838,2,3,241160,241160,241163,0,3,0
68839,5,1,241165,241165,241166,0,1,2
68840,4,3,241169,241169,241172,0,3,3
68841,6,2,241175,241175,241177,0,2,3
68842,3,2,241178,241178,241180,0,2,1
68843,4,1,241182,241182,241183,0,1,2
68844,3,2,241185,241185,241187,0,2,2
68845,1,1,241186,241187,241188,1,2,0
68846,2,2,241188,241188,241190,0,2,0
68847,5,3,241193,241193,241196,0,3,3
68848,3,2,241196,241196,241198,0,2,0
68849,4,3,241200,241200,241203,0,3,2
68850,4,3,241204,241204,241207,0,3,1
68851,4,2,241208,241208,241210,0,2,1
68852,2,3,241210,241210,241213,0,3,0
68853,6,3,241216,241216,241219,0,3,3
68854,3,3,241219,241219,241222,0,3,0
68855,3,2,241222,241222,241224,0,2,0
68856,2,3,241224,241224,241227,0,3,0
68857,5,2,241229,241229,241231,0,2,2
68858,2,2,241231,241231,241233,0,2,0
68859,1,1,241232,241233,241234,1,2,0
68860,5,3,241237,241237,241240,0,3,3
68861,2,2,241239,241240,241242,1,3,0
68862,4,2,241243,241243,241245,0,2,1
68863,1,2,241244,241245,241247,1,3,0
68864,4,2,241248,241248,241250,0,2,1
68865,2,3,241250,241250,241253,0,3,0
68866,5,1,241255,241255,241256,0,1,2
68867,2,1,241257,241257,241258,0,1,1
68868,6,2,241263,241263,241265,0,2,5
68869,2,1,241265,241265,241266,0,1,0
68870,1,2,241266,241266,241268,0,2,0
68871,6,1,241272,241272,241273,0,1,4
68872,6,2,241278,241278,241280,0,2,5
68873,6,1,241284,241284,241285,0,1,4
68874,5,1,241289,241289,241290,0,1,4
68875,3,2,241292,241292,241294,0,2,2
68876,3,3,241295,241295,241298,0,3,1
68877,3,3,241298,241298,241301,0,3,0
68878,2,3,241300,241301,241304,1,4,0
68879,1,3,241301,241304,241307,3,6,0
68880,4,2,241305,241307,241309,2,4,0
68881,6,2,241311,241311,241313,0,2,2
68882,2,1,241313,241313,241314,0,1,0
68883,6,3,241319,241319,241322,0,3,5
68884,5,3,241324,241324,241327,0,3,2
68885,4,2,241328,241328,241330,0,2,1
68886,4,1,241332,241332,241333,0,1,2
68887,4,2,241336,241336,241338,0,2,3
68888,6,1,241342,241342,241343,0,1,4
68889,5,2,241347,241347,241349,0,2,4
68890,3,1,241350,241350,241351,0,1,1
68891,1,2,241351,241351,241353,0,2,0
68892,2,2,241353,241353,241355,0,2,0
68893,1,2,241354,241355,241357,1,3,0
68894,4,3,241358,241358,241361,0,3,1
68895,5,1,241363,241363,241364,0,1,2
68896,6,1,241369,241369,241370,0,1,5
68897,6,2,241375,241375,241377,0,2,5
68898,3,3,241378,241378,241381,0,3,1
68899,3,2,241381,241381,241383,0,2,0
68900,6,2,241387,241387,241389,0,2,4
68901,3,2,241390,241390,241392,0,2,1
68902,1,3,241391,241392,241395,1,4,0
68903,6,1,241397,241397,241398,0,1,2
68904,5,1,241402,241402,241403,0,1,4
68905,5,2,241407,241407,241409,0,2,4
68906,1,3,241408,241409,241412,1,4,0
68907,6,2,241414,241414,241416,0,2,2
68908,5,2,241419,241419,241421,0,2,3
68909,5,1,241424,241424,241425,0,1,3
68910,6,2,241430,241430,241432,0,2,5
68911,5,1,241435,241435,241436,0,1,3
68912,3,3,241438,241438,241441,0,3,2
68913,2,3,241440,241441,241444,1,4,0
68914,5,2,241445,241445,241447,0,2,1
68915,5,1,241450,241450,241451,0,1,3
68916,3,1,241453,241453,241454,0,1,2
68917,1,1,241454,241454,241455,0,1,0
68918,2,3,241456,241456,241459,0,3,1
68919,3,2,241459,241459,241461,0,2,0
68920,5,2,241464,241464,241466,0,2,3
68921,5,1,241469,241469,241470,0,1,3
68922,6,3,241475,241475,241478,0,3,5
68923,1,2,241476,241478,241480,2,4,0
68924,6,1,241482,241482,241483,0,1,2
68925,5,1,241487,241487,241488,0,1,4
68926,6,1,241493,241493,241494,0,1,5
68927,4,1,241497,241497,241498,0,1,3
68928,1,3,241498,241498,241501,0,3,0
68929,4,1,241502,241502,241503,0,1,1
68930,2,3,241504,241504,241507,0,3,1
68931,6,3,241510,241510,241513,0,3,3
68932,3,1,241513,241513,241514,0,1,0
68933,5,1,241518,241518,241519,0,1,4
68934,1,2,241519,241519,241521,0,2,0
68935,6,3,241525,241525,241528,0,3,4
68936,3,1,241528,241528,241529,0,1,0
68937,4,3,241532,241532,241535,0,3,3
68938,1,3,241533,241535,241538,2,5,0
68939,5,3,241538,241538,241541,0,3,0
68940,2,2,241540,241541,241543,1,3,0
68941,3,3,241543,241543,241546,0,3,0
68942,2,3,241545,241546,241549,1,4,0
68943,6,3,241551,241551,241554,0,3,2
68944,3,2,241554,241554,241556,0,2,0
68945,3,1,241557,241557,241558,0,1,1
68946,3,3,241560,241560,241563,0,3,2
68947,1,1,241561,241563,241564,2,3,0
68948,6,2,241567,241567,241569,0,2,3
68949,6,3,241573,241573,241576,0,3,4
68950,4,1,241577,241577,241578,0,1,1
68951,2,3,241579,241579,241582,0,3,1
68952,5,2,241584,241584,241586,0,2,2
68953,1,1,241585,241586,241587,1,2,0
68954,2,1,241587,241587,241588,0,1,0
68955,1,3,241588,241588,241591,0,3,0
68956,4,2,241592,241592,241594,0,2,1
68957,3,1,241595,241595,241596,0,1,1
68958,2,3,241597,241597,241600,0,3,1
68959,3,2,241600,241600,241602,0,2,0
68960,2,3,241602,241602,241605,0,3,0
68961,1,2,241603,241605,241607,2,4,0
68962,5,2,241608,241608,241610,0,2,1
68963,3,1,241611,241611,241612,0,1,1
68964,4,2,241615,241615,241617,0,2,3
68965,2,3,241617,241617,241620,0,3,0
68966,6,2,241623,241623,241625,0,2,3
68967,2,3,241625,241625,241628,0,3,0
68968,2,1,241627,241628,241629,1,2,0
68969,5,3,241632,241632,241635,0,3,3
68970,4,1,241636,241636,241637,0,1,1
68971,5,1,241641,241641,241642,0,1,4
68972,5,3,241646,241646,241649,0,3,4
68973,3,3,241649,241649,241652,0,3,0
68974,6,3,241655,241655,241658,0,3,3
68975,4,2,241659,241659,241661,0,2,1
68976,4,2,241663,241663,241665,0,2,2
68977,4,3,241667,241667,241670,0,3,2
68978,4,1,241671,241671,241672,0,1,1
68979,6,1,241677,241677,241678,0,1,5
68980,4,3,241681,241681,241684,0,3,3
68981,3,1,241684,241684,241685,0,1,0
68982,1,1,241685,241685,241686,0,1,0
68983,2,3,241687,241687,241690,0,3,1
68984,6,2,241693,241693,241695,0,2,3
68985,6,1,241699,241699,241700,0,1,4
68986,4,2,241703,241703,241705,0,2,3
68987,1,3,241704,241705,241708,1,4,0
68988,2,1,241706,241708,241709,2,3,0
68989,6,1,241712,241712,241713,0,1,3
68990,5,2,241717,241717,241719,0,2,4
68991,6,1,241723,241723,241724,0,1,4
68992,2,3,241725,241725,241728,0,3,1
68993,5,3,241730,241730,241733,0,3,2
68994,2,2,241732,241733,241735,1,3,0
68995,3,3,241735,241735,241738,0,3,0
68996,1,2,241736,241738,241740,2,4,0
68997,3,3,241739,241740,241743,1,4,0
68998,4,1,241743,241743,241744,0,1,0
68999,6,1,241749,241749,241750,0,1,5
69000,1,1,241750,241750,241751,0,1,0
69001,1,1,241751,241751,241752,0,1,0
69002,2,1,241753,241753,241754,0,1,1
69003,2,3,241755,241755,241758,0,3,1
69004,5,2,241760,241760,241762,0,2,2
69005,2,3,241762,241762,241765,0,3,0
69006,6,3,241768,241768,241771,0,3,3
69007,4,1,241772,241772,241773,0,1,1
69008,6,3,241778,241778,241781,0,3,5
69009,1,3,241779,241781,241784,2,5,0
69010,2,2,241781,241784,241786,3,5,0
69011,6,1,241787,241787,241788,0,1,1
69012,2,2,241789,241789,241791,0,2,1
69013,2,1,241791,241791,241792,0,1,0
69014,6,2,241797,241797,241799,0,2,5
69015,4,3,241801,241801,241804,0,3,2
69016,2,3,241803,241804,241807,1,4,0
69017,6,1,241809,241809,241810,0,1,2
69018,4,3,241813,241813,241816,0,3,3
69019,2,1,241815,241816,241817,1,2,0
69020,1,2,241816,241817,241819,1,3,0
69021,5,3,241821,241821,241824,0,3,2
69022,1,3,241822,241824,241827,2,5,0
69023,5,1,241827,241827,241828,0,1,0
69024,4,2,241831,241831,241833,0,2,3
69025,2,3,241833,241833,241836,0,3,0
69026,3,2,241836,241836,241838,0,2,0
69027,6,1,241842,241842,241843,0,1,4
69028,3,1,241845,241845,241846,0,1,2
69029,6,1,241851,241851,241852,0,1,5
69030,4,3,241855,241855,241858,0,3,3
69031,5,2,241860,241860,241862,0,2,2
69032,1,3,241861,241862,241865,1,4,0
69033,3,3,241864,241865,241868,1,4,0
69034,5,2,241869,241869,241871,0,2,1
69035,2,2,241871,241871,241873,0,2,0
69036,1,1,241872,241873,241874,1,2,0
69037,1,3,241873,241874,241877,1,4,0
69038,6,2,241879,241879,241881,0,2,2
69039,1,1,241880,241881,241882,1,2,0
69040,6,3,241886,241886,241889,0,3,4
69041,6,3,241892,241892,241895,0,3,3
69042,2,3,241894,241895,241898,1,4,0
69043,1,2,241895,241898,241900,3,5,0
69044,4,3,241899,241900,241903,1,4,0
69045,6,1,241905,241905,241906,0,1,2
69046,4,1,241909,241909,241910,0,1,3
69047,6,3,241915,241915,241918,0,3,5
69048,3,2,241918,241918,241920,0,2,0
69049,3,3,241921,241921,241924,0,3,1
69050,3,1,241924,241924,241925,0,1,0
69051,6,3,241930,241930,241933,0,3,5
69052,6,1,241936,241936,241937,0,1,3
69053,1,1,241937,241937,241938,0,1,0
69054,2,2,241939,241939,241941,0,2,1
69055,2,2,241941,241941,241943,0,2,0
69056,2,3,241943,241943,241946,0,3,0
69057,1,3,241944,241946,241949,2,5,0
69058,4,1,241948,241949,241950,1,2,0
69059,6,3,241954,241954,241957,0,3,4
69060,4,1,241958,241958,241959,0,1,1
69061,4,3,241962,241962,241965,0,3,3
69062,5,1,241967,241967,241968,0,1,2
69063,2,1,241969,241969,241970,0,1,1
69064,6,1,241975,241975,241976,0,1,5
69065,5,1,241980,241980,241981,0,1,4
69066,6,3,241986,241986,241989,0,3,5
69067,5,2,241991,241991,241993,0,2,2
69068,1,1,241992,241993,241994,1,2,0
69069,3,1,241995,241995,241996,0,1,1
69070,5,3,242000,242000,242003,0,3,4
69071,2,3,242002,242003,242006,1,4,0
69072,6,2,242008,242008,242010,0,2,2
69073,1,1,242009,242010,242011,1,2,0
69074,5,2,242014,242014,242016,0,2,3
69075,5,3,242019,242019,242022,0,3,3
69076,6,1,242025,242025,242026,0,1,3
69077,2,2,242027,242027,242029,0,2,1
69078,6,1,242033,242033,242034,0,1,4
69079,5,2,242038,242038,242040,0,2,4
69080,5,1,242043,242043,242044,0,1,3
69081,5,1,242048,242048,242049,0,1,4
69082,6,1,242054,242054,242055,0,1,5
69083,2,1,242056,242056,242057,0,1,1
69084,5,1,242061,242061,242062,0,1,4
69085,1,1,242062,242062,242063,0,1,0
69086,3,1,242065,242065,242066,0,1,2
69087,4,1,242069,242069,242070,0,1,3
69088,6,2,242075,242075,242077,0,2,5
69089,3,2,242078,242078,242080,0,2,1
69090,2,2,242080,242080,242082,0,2,0
69091,2,1,242082,242082,242083,0,1,0
69092,4,3,242086,242086,242089,0,3,3
69093,6,3,242092,242092,242095,0,3,3
69094,4,1,242096,242096,242097,0,1,1
69095,5,1,242101,242101,242102,0,1,4
69096,5,1,242106,242106,242107,0,1,4
69097,5,3,242111,242111,242114,0,3,4
69098,1,1,242112,242114,242115,2,3,0
69099,3,1,242115,242115,242116,0,1,0
69100,4,1,242119,242119,242120,0,1,3
69101,5,2,242124,242124,242126,0,2,4
69102,6,3,242130,242130,242133,0,3,4
69103,5,3,242135,242135,242138,0,3,2
69104,1,3,242136,242138,242141,2,5,0
69105,6,3,242142,242142,242145,0,3,1
69106,2,3,242144,242145,242148,1,4,0
69107,5,1,242149,242149,242150,0,1,1
69108,1,3,242150,242150,242153,0,3,0
69109,6,2,242156,242156,242158,0,2,3
69110,6,1,242162,242162,242163,0,1,4
69111,2,1,242164,242164,242165,0,1,1
69112,2,3,242166,242166,242169,0,3,1
69113,5,1,242171,242171,242172,0,1,2
69114,1,1,242172,242172,242173,0,1,0
69115,5,3,242177,242177,242180,0,3,4
69116,1,3,242178,242180,242183,2,5,0
69117,3,1,242181,242183,242184,2,3,0
69118,3,3,242184,242184,242187,0,3,0
69119,3,3,242187,242187,242190,0,3,0
69120,4,2,242191,242191,242193,0,2,1
69121,1,2,242192,242193,242195,1,3,0
69122,3,1,242195,242195,242196,0,1,0
69123,5,3,242200,242200,242203,0,3,4
69124,6,2,242206,242206,242208,0,2,3
69125,5,2,242211,242211,242213,0,2,3
69126,3,1,242214,242214,242215,0,1,1
69127,1,3,242215,242215,242218,0,3,0
69128,1,1,242216,242218,242219,2,3,0
69129,3,1,242219,242219,242220,0,1,0
69130,5,2,242224,242224,242226,0,2,4
69131,4,1,242228,242228,242229,0,1,2
69132,6,1,242234,242234,242235,0,1,5
69133,2,3,242236,242236,242239,0,3,1
69134,3,1,242239,242239,242240,0,1,0
69135,2,3,242241,242241,242244,0,3,1
69136,6,2,242247,242247,242249,0,2,3
69137,5,2,242252,242252,242254,0,2,3
69138,2,3,242254,242254,242257,0,3,0
69139,5,1,242259,242259,242260,0,1,2
69140,5,1,242264,242264,242265,0,1,4
69141,5,3,242269,242269,242272,0,3,4
69142,5,2,242274,242274,242276,0,2,2
69143,5,2,242279,242279,242281,0,2,3
69144,3,1,242282,242282,242283,0,1,1
69145,4,2,242286,242286,242288,0,2,3
69146,1,2,242287,242288,242290,1,3,0
69147,5,1,242292,242292,242293,0,1,2
69148,2,2,242294,242294,242296,0,2,1
69149,5,1,242299,242299,242300,0,1,3
69150,5,1,242304,242304,242305,0,1,4
69151,1,1,242305,242305,242306,0,1,0
69152,3,2,242308,242308,242310,0,2,2
69153,6,1,242314,242314,242315,0,1,4
69154,5,1,242319,242319,242320,0,1,4
69155,6,2,242325,242325,242327,0,2,5
69156,3,2,242328,242328,242330,0,2,1
69157,4,2,242332,242332,242334,0,2,2
69158,4,2,242336,242336,242338,0,2,2
69159,1,1,242337,242338,242339,1,2,0
69160,6,3,242343,242343,242346,0,3,4
69161,6,3,242349,242349,242352,0,3,3
69162,3,3,242352,242352,242355,0,3,0
69163,4,1,242356,242356,242357,0,1,1
69164,1,2,242357,242357,242359,0,2,0
69165,4,2,242361,242361,242363,0,2,2
69166,3,3,242364,242364,242367,0,3,1
69167,2,2,242366,242367,242369,1,3,0
69168,3,1,242369,242369,242370,0,1,0
69169,2,1,242371,242371,242372,0,1,1
69170,6,3,242377,242377,242380,0,3,5
69171,2,2,242379,242380,242382,1,3,0
69172,3,2,242382,242382,242384,0,2,0
69173,5,3,242387,242387,242390,0,3,3
69174,4,1,242391,242391,242392,0,1,1
69175,6,1,242397,242397,242398,0,1,5
69176,4,1,242401,242401,242402,0,1,3
69177,5,3,242406,242406,242409,0,3,4
69178,3,3,242409,242409,242412,0,3,0
69179,1,2,242410,242412,242414,2,4,0
69180,6,1,242416,242416,242417,0,1,2
69181,2,2,242418,242418,242420,0,2,1
69182,4,3,242422,242422,242425,0,3,2
69183,3,3,242425,242425,242428,0,3,0
69184,5,2,242430,242430,242432,0,2,2
69185,4,1,242434,242434,242435,0,1,2
69186,6,1,242440,242440,242441,0,1,5
69187,2,2,242442,242442,242444,0,2,1
69188,3,2,242445,242445,242447,0,2,1
69189,6,1,242451,242451,242452,0,1,4
69190,3,2,242454,242454,242456,0,2,2
69191,1,3,242455,242456,242459,1,4,0
69192,3,2,242458,242459,242461,1,3,0
69193,5,3,242463,242463,242466,0,3,2
69194,6,1,242469,242469,242470,0,1,3
69195,5,2,242474,242474,242476,0,2,4
69196,5,3,242479,242479,242482,0,3,3
69197,5,3,242484,242484,242487,0,3,2
69198,5,2,242489,242489,242491,0,2,2
69199,6,1,242495,242495,242496,0,1,4
69200,3,2,242498,242498,242500,0,2,2
69201,4,3,242502,242502,242505,0,3,2
69202,4,1,242506,242506,242507,0,1,1
69203,1,2,242507,242507,242509,0,2,0
69204,5,3,242512,242512,242515,0,3,3
69205,4,1,242516,242516,242517,0,1,1
69206,2,1,242518,242518,242519,0,1,1
69207,3,2,242521,242521,242523,0,2,2
69208,2,3,242523,242523,242526,0,3,0
69209,6,1,242529,242529,242530,0,1,3
69210,5,3,242534,242534,242537,0,3,4
69211,4,1,242538,242538,242539,0,1,1
69212,5,1,242543,242543,242544,0,1,4
69213,2,2,242545,242545,242547,0,2,1
69214,5,1,242550,242550,242551,0,1,3
69215,3,3,242553,242553,242556,0,3,2
69216,1,3,242554,242556,242559,2,5,0
69217,1,2,242555,242559,242561,4,6,0
69218,6,3,242561,242561,242564,0,3,0
69219,1,3,242562,242564,242567,2,5,0
69220,2,2,242564,242567,242569,3,5,0
69221,2,3,242566,242569,242572,3,6,0
69222,1,1,242567,242572,242573,5,6,0
69223,4,1,242571,242573,242574,2,3,0
69224,1,1,242572,242574,242575,2,3,0
69225,5,2,242577,242577,242579,0,2,2
69226,3,3,242580,242580,242583,0,3,1
69227,5,1,242585,242585,242586,0,1,2
69228,6,3,242591,242591,242594,0,3,5
69229,6,3,242597,242597,242600,0,3,3
69230,1,1,242598,242600,242601,2,3,0
69231,6,2,242604,242604,242606,0,2,3
69232,1,1,242605,242606,242607,1,2,0
69233,1,2,242606,242607,242609,1,3,0
69234,1,1,242607,242609,242610,2,3,0
69235,2,1,242609,242610,242611,1,2,0
69236,5,2,242614,242614,242616,0,2,3
69237,4,3,242618,242618,242621,0,3,2
69238,2,3,242620,242621,242624,1,4,0
69239,1,2,242621,242624,242626,3,5,0
69240,4,3,242625,242626,242629,1,4,0
69241,4,1,242629,242629,242630,0,1,0
69242,4,3,242633,242633,242636,0,3,3
69243,6,2,242639,242639,242641,0,2,3
69244,4,3,242643,242643,242646,0,3,2
69245,1,1,242644,242646,242647,2,3,0
69246,3,1,242647,242647,242648,0,1,0
69247,1,2,242648,242648,242650,0,2,0
69248,4,2,242652,242652,242654,0,2,2
69249,6,1,242658,242658,242659,0,1,4
69250,1,1,242659,242659,242660,0,1,0
69251,6,3,242665,242665,242668,0,3,5
69252,1,2,242666,242668,242670,2,4,0
69253,6,3,242672,242672,242675,0,3,2
69254,1,1,242673,242675,242676,2,3,0
69255,6,1,242679,242679,242680,0,1,3
69256,3,2,242682,242682,242684,0,2,2
69257,1,1,242683,242684,242685,1,2,0
69258,4,1,242687,242687,242688,0,1,2
69259,2,1,242689,242689,242690,0,1,1
69260,5,2,242694,242694,242696,0,2,4
69261,4,3,242698,242698,242701,0,3,2
69262,5,2,242703,242703,242705,0,2,2
69263,5,2,242708,242708,242710,0,2,3
69264,1,2,242709,242710,242712,1,3,0
69265,2,2,242711,242712,242714,1,3,0
69266,1,3,242712,242714,242717,2,5,0
69267,2,3,242714,242717,242720,3,6,0
69268,4,3,242718,242720,242723,2,5,0
69269,2,2,242720,242723,242725,3,5,0
69270,2,3,242722,242725,242728,3,6,0
69271,4,1,242726,242728,242729,2,3,0
69272,4,3,242730,242730,242733,0,3,1
69273,6,2,242736,242736,242738,0,2,3
69274,3,3,242739,242739,242742,0,3,1
69275,3,1,242742,242742,242743,0,1,0
69276,5,2,242747,242747,242749,0,2,4
69277,4,2,242751,242751,242753,0,2,2
69278,6,3,242757,242757,242760,0,3,4
69279,3,2,242760,242760,242762,0,2,0
69280,4,2,242764,242764,242766,0,2,2
69281,6,3,242770,242770,242773,0,3,4
69282,2,3,242772,242773,242776,1,4,0
69283,6,3,242778,242778,242781,0,3,2
69284,5,1,242783,242783,242784,0,1,2
69285,5,1,242788,242788,242789,0,1,4
69286,6,2,242794,242794,242796,0,2,5
69287,5,3,242799,242799,242802,0,3,3
69288,4,1,242803,242803,242804,0,1,1
69289,3,3,242806,242806,242809,0,3,2
69290,3,1,242809,242809,242810,0,1,0
69291,6,2,242815,242815,242817,0,2,5
69292,1,1,242816,242817,242818,1,2,0
69293,5,2,242821,242821,242823,0,2,3
69294,3,2,242824,242824,242826,0,2,1
69295,3,3,242827,242827,242830,0,3,1
69296,5,2,242832,242832,242834,0,2,2
69297,5,2,242837,242837,242839,0,2,3
69298,2,2,242839,242839,242841,0,2,0
69299,3,2,242842,242842,242844,0,2,1
69300,2,3,242844,242844,242847,0,3,0
69301,2,3,242846,242847,242850,1,4,0
69302,2,3,242848,242850,242853,2,5,0
69303,2,1,242850,242853,242854,3,4,0
69304,1,1,242851,242854,242855,3,4,0
69305,6,1,242857,242857,242858,0,1,2
69306,1,2,242858,242858,242860,0,2,0
69307,4,2,242862,242862,242864,0,2,2
69308,5,2,242867,242867,242869,0,2,3
69309,5,2,242872,242872,242874,0,2,3
69310,5,3,242877,242877,242880,0,3,3
69311,6,3,242883,242883,242886,0,3,3
69312,2,1,242885,242886,242887,1,2,0
69313,5,2,242890,242890,242892,0,2,3
69314,1,2,242891,242892,242894,1,3,0
69315,6,1,242897,242897,242898,0,1,3
69316,3,1,242900,242900,242901,0,1,2
69317,5,2,242905,242905,242907,0,2,4
69318,6,1,242911,242911,242912,0,1,4
69319,1,1,242912,242912,242913,0,1,0
69320,1,2,242913,242913,242915,0,2,0
69321,1,2,242914,242915,242917,1,3,0
69322,6,1,242920,242920,242921,0,1,3
69323,1,1,242921,242921,242922,0,1,0
69324,1,1,242922,242922,242923,0,1,0
69325,2,3,242924,242924,242927,0,3,1
69326,5,3,242929,242929,242932,0,3,2
69327,5,3,242934,242934,242937,0,3,2
69328,4,3,242938,242938,242941,0,3,1
69329,1,2,242939,242941,242943,2,4,0
69330,1,2,242940,242943,242945,3,5,0
69331,6,2,242946,242946,242948,0,2,1
69332,4,3,242950,242950,242953,0,3,2
69333,3,3,242953,242953,242956,0,3,0
69334,2,1,242955,242956,242957,1,2,0
69335,5,2,242960,242960,242962,0,2,3
69336,1,2,242961,242962,242964,1,3,0
69337,5,2,242966,242966,242968,0,2,2
69338,1,3,242967,242968,242971,1,4,0
69339,2,3,242969,242971,242974,2,5,0
69340,2,3,242971,242974,242977,3,6,0
69341,5,1,242976,242977,242978,1,2,0
69342,5,1,242981,242981,242982,0,1,3
69343,3,1,242984,242984,242985,0,1,2
69344,6,1,242990,242990,242991,0,1,5
69345,2,2,242992,242992,242994,0,2,1
69346,2,1,242994,242994,242995,0,1,0
69347,1,2,242995,242995,242997,0,2,0
69348,2,3,242997,242997,243000,0,3,0
69349,5,3,243002,243002,243005,0,3,2
69350,6,1,243008,243008,243009,0,1,3
69351,5,3,243013,243013,243016,0,3,4
69352,6,3,243019,243019,243022,0,3,3
69353,6,3,243025,243025,243028,0,3,3
69354,3,1,243028,243028,243029,0,1,0
69355,4,3,243032,243032,243035,0,3,3
69356,3,3,243035,243035,243038,0,3,0
69357,3,3,243038,243038,243041,0,3,0
69358,3,3,243041,243041,243044,0,3,0
69359,1,1,243042,243044,243045,2,3,0
69360,6,1,243048,243048,243049,0,1,3
69361,3,1,243051,243051,243052,0,1,2
69362,5,1,243056,243056,243057,0,1,4
69363,5,1,243061,243061,243062,0,1,4
69364,4,2,243065,243065,243067,0,2,3
69365,5,1,243070,243070,243071,0,1,3
69366,5,2,243075,243075,243077,0,2,4
69367,1,1,243076,243077,243078,1,2,0
69368,1,2,243077,243078,243080,1,3,0
69369,3,2,243080,243080,243082,0,2,0
69370,5,2,243085,243085,243087,0,2,3
69371,2,2,243087,243087,243089,0,2,0
69372,1,2,243088,243089,243091,1,3,0
69373,6,1,243094,243094,243095,0,1,3
69374,3,3,243097,243097,243100,0,3,2
69375,5,3,243102,243102,243105,0,3,2
69376,3,3,243105,243105,243108,0,3,0
69377,1,1,243106,243108,243109,2,3,0
69378,4,1,243110,243110,243111,0,1,1
69379,5,1,243115,243115,243116,0,1,4
69380,4,2,243119,243119,243121,0,2,3
69381,3,1,243122,243122,243123,0,1,1
69382,6,2,243128,243128,243130,0,2,5
69383,2,3,243130,243130,243133,0,3,0
69384,1,1,243131,243133,243134,2,3,0
69385,2,1,243133,243134,243135,1,2,0
69386,2,2,243135,243135,243137,0,2,0
69387,3,1,243138,243138,243139,0,1,1
69388,3,2,243141,243141,243143,0,2,2
69389,2,1,243143,243143,243144,0,1,0
69390,1,1,243144,243144,243145,0,1,0
69391,2,1,243146,243146,243147,0,1,1
69392,2,2,243148,243148,243150,0,2,1
69393,1,2,243149,243150,243152,1,3,0
69394,4,3,243153,243153,243156,0,3,1
69395,3,2,243156,243156,243158,0,2,0
69396,5,3,243161,243161,243164,0,3,3
69397,2,3,243163,243164,243167,1,4,0
69398,1,3,243164,243167,243170,3,6,0
69399,5,1,243169,243170,243171,1,2,0
69400,1,1,243170,243171,243172,1,2,0
69401,1,2,243171,243172,243174,1,3,0
69402,5,1,243176,243176,243177,0,1,2
69403,4,3,243180,243180,243183,0,3,3
69404,2,3,243182,243183,243186,1,4,0
69405,6,1,243188,243188,243189,0,1,2
69406,2,1,243190,243190,243191,0,1,1
69407,6,3,243196,243196,243199,0,3,5
69408,3,1,243199,243199,243200,0,1,0
69409,1,3,243200,243200,243203,0,3,0
69410,1,2,243201,243203,243205,2,4,0
69411,1,1,243202,243205,243206,3,4,0
69412,6,1,243208,243208,243209,0,1,2
69413,1,2,243209,243209,243211,0,2,0
69414,6,2,243215,243215,243217,0,2,4
69415,4,3,243219,243219,243222,0,3,2
69416,5,3,243224,243224,243227,0,3,2
69417,2,2,243226,243227,243229,1,3,0
69418,3,3,243229,243229,243232,0,3,0
69419,4,3,243233,243233,243236,0,3,1
69420,2,2,243235,243236,243238,1,3,0
69421,5,2,243240,243240,243242,0,2,2
69422,2,1,243242,243242,243243,0,1,0
69423,2,3,243244,243244,243247,0,3,1
69424,2,1,243246,243247,243248,1,2,0
69425,5,3,243251,243251,243254,0,3,3
69426,3,2,243254,243254,243256,0,2,0
69427,3,1,243257,243257,243258,0,1,1
69428,4,1,243261,243261,243262,0,1,3
69429,1,1,243262,243262,243263,0,1,0
69430,5,3,243267,243267,243270,0,3,4
69431,1,2,243268,243270,243272,2,4,0
69432,1,1,243269,243272,243273,3,4,0
69433,6,1,243275,243275,243276,0,1,2
69434,1,3,243276,243276,243279,0,3,0
69435,6,2,243282,243282,243284,0,2,3
69436,5,3,243287,243287,243290,0,3,3
69437,2,3,243289,243290,243293,1,4,0
69438,3,2,243292,243293,243295,1,3,0
69439,2,2,243294,243295,243297,1,3,0
69440,5,1,243299,243299,243300,0,1,2
69441,5,3,243304,243304,243307,0,3,4
69442,1,3,243305,243307,243310,2,5,0
69443,1,3,243306,243310,243313,4,7,0
69444,1,3,243307,243313,243316,6,9,0
69445,4,2,243311,243316,243318,5,7,0
69446,3,1,243314,243318,243319,4,5,0
69447,4,2,243318,243319,243321,1,3,0
69448,1,2,243319,243321,243323,2,4,0
69449,5,1,243324,243324,243325,0,1,1
69450,4,1,243328,243328,243329,0,1,3
69451,1,3,243329,243329,243332,0,3,0
69452,6,1,243335,243335,243336,0,1,3
69453,3,3,243338,243338,243341,0,3,2
69454,3,2,243341,243341,243343,0,2,0
69455,3,1,243344,243344,243345,0,1,1
69456,1,1,243345,243345,243346,0,1,0
69457,1,1,243346,243346,243347,0,1,0
69458,2,2,243348,243348,243350,0,2,1
69459,5,2,243353,243353,243355,0,2,3
69460,4,2,243357,243357,243359,0,2,2
69461,3,2,243360,243360,243362,0,2,1
69462,5,2,243365,243365,243367,0,2,3
69463,3,2,243368,243368,243370,0,2,1
69464,3,2,243371,243371,243373,0,2,1
69465,5,2,243376,243376,243378,0,2,3
69466,1,2,243377,243378,243380,1,3,0
69467,1,3,243378,243380,243383,2,5,0
69468,2,2,243380,243383,243385,3,5,0
69469,3,3,243383,243385,243388,2,5,0
69470,6,1,243389,243389,243390,0,1,1
69471,3,2,243392,243392,243394,0,2,2
69472,1,1,243393,243394,243395,1,2,0
69473,3,2,243396,243396,243398,0,2,1
69474,6,3,243402,243402,243405,0,3,4
69475,5,3,243407,243407,243410,0,3,2
69476,5,2,243412,243412,243414,0,2,2
69477,3,3,243415,243415,243418,0,3,1
69478,1,3,243416,243418,243421,2,5,0
69479,1,1,243417,243421,243422,4,5,0
69480,5,1,243422,243422,243423,0,1,0
69481,2,2,243424,243424,243426,0,2,1
69482,6,3,243430,243430,243433,0,3,4
69483,5,1,243435,243435,243436,0,1,2
69484,2,3,243437,243437,243440,0,3,1
69485,1,3,243438,243440,243443,2,5,0
69486,5,2,243443,243443,243445,0,2,0
69487,5,3,243448,243448,243451,0,3,3
69488,3,3,243451,243451,243454,0,3,0
69489,1,3,243452,243454,243457,2,5,0
69490,1,1,243453,243457,243458,4,5,0
69491,6,3,243459,243459,243462,0,3,1
69492,2,3,243461,243462,243465,1,4,0
69493,2,2,243463,243465,243467,2,4,0
69494,4,3,243467,243467,243470,0,3,0
69495,6,3,243473,243473,243476,0,3,3
69496,4,1,243477,243477,243478,0,1,1
69497,3,2,243480,243480,243482,0,2,2
69498,5,1,243485,243485,243486,0,1,3
69499,2,2,243487,243487,243489,0,2,1
69500,3,2,243490,243490,243492,0,2,1
69501,4,1,243494,243494,243495,0,1,2
69502,2,1,243496,243496,243497,0,1,1
69503,5,3,243501,243501,243504,0,3,4
69504,2,3,243503,243504,243507,1,4,0
69505,4,1,243507,243507,243508,0,1,0
69506,3,3,243510,243510,243513,0,3,2
69507,3,1,243513,243513,243514,0,1,0
69508,2,3,243515,243515,243518,0,3,1
69509,4,1,243519,243519,243520,0,1,1
69510,5,1,243524,243524,243525,0,1,4
69511,2,2,243526,243526,243528,0,2,1
69512,3,1,243529,243529,243530,0,1,1
69513,4,1,243533,243533,243534,0,1,3
69514,6,3,243539,243539,243542,0,3,5
69515,3,1,243542,243542,243543,0,1,0
69516,5,1,243547,243547,243548,0,1,4
69517,2,2,243549,243549,243551,0,2,1
69518,4,3,243553,243553,243556,0,3,2
69519,6,3,243559,243559,243562,0,3,3
69520,4,3,243563,243563,243566,0,3,1
69521,1,3,243564,243566,243569,2,5,0
69522,6,3,243570,243570,243573,0,3,1
69523,5,3,243575,243575,243578,0,3,2
69524,1,1,243576,243578,243579,2,3,0
69525,1,3,243577,243579,243582,2,5,0
69526,5,2,243582,243582,243584,0,2,0
69527,4,3,243586,243586,243589,0,3,2
69528,6,1,243592,243592,243593,0,1,3
69529,3,2,243595,243595,243597,0,2,2
69530,1,2,243596,243597,243599,1,3,0
69531,3,1,243599,243599,243600,0,1,0
69532,5,3,243604,243604,243607,0,3,4
69533,5,1,243609,243609,243610,0,1,2
69534,5,1,243614,243614,243615,0,1,4
69535,3,2,243617,243617,243619,0,2,2
69536,3,3,243620,243620,243623,0,3,1
69537,5,1,243625,243625,243626,0,1,2
69538,6,1,243631,243631,243632,0,1,5
69539,6,1,243637,243637,243638,0,1,5
69540,6,2,243643,243643,243645,0,2,5
69541,4,1,243647,243647,243648,0,1,2
69542,3,2,243650,243650,243652,0,2,2
69543,1,2,243651,243652,243654,1,3,0
69544,4,1,243655,243655,243656,0,1,1
69545,5,2,243660,243660,243662,0,2,4
69546,4,3,243664,243664,243667,0,3,2
69547,5,2,243669,243669,243671,0,2,2
69548,6,3,243675,243675,243678,0,3,4
69549,2,1,243677,243678,243679,1,2,0
69550,5,1,243682,243682,243683,0,1,3
69551,5,1,243687,243687,243688,0,1,4
69552,3,1,243690,243690,243691,0,1,2
69553,2,1,243692,243692,243693,0,1,1
69554,6,1,243698,243698,243699,0,1,5
69555,3,3,243701,243701,243704,0,3,2
69556,2,2,243703,243704,243706,1,3,0
69557,2,1,243705,243706,243707,1,2,0
69558,5,2,243710,243710,243712,0,2,3
69559,1,3,243711,243712,243715,1,4,0
69560,2,1,243713,243715,243716,2,3,0
69561,3,2,243716,243716,243718,0,2,0
69562,4,2,243720,243720,243722,0,2,2
69563,6,1,243726,243726,243727,0,1,4
69564,1,1,243727,243727,243728,0,1,0
69565,3,3,243730,243730,243733,0,3,2
69566,6,2,243736,243736,243738,0,2,3
69567,3,3,243739,243739,243742,0,3,1
69568,2,1,243741,243742,243743,1,2,0
69569,2,3,243743,243743,243746,0,3,0
69570,6,2,243749,243749,243751,0,2,3
69571,1,2,243750,243751,243753,1,3,0
69572,2,1,243752,243753,243754,1,2,0
69573,4,1,243756,243756,243757,0,1,2
69574,5,3,243761,243761,243764,0,3,4
69575,6,2,243767,243767,243769,0,2,3
69576,1,1,243768,243769,243770,1,2,0
69577,3,1,243771,243771,243772,0,1,1
69578,1,2,243772,243772,243774,0,2,0
69579,2,1,243774,243774,243775,0,1,0
69580,2,3,243776,243776,243779,0,3,1
69581,2,1,243778,243779,243780,1,2,0
69582,1,3,243779,243780,243783,1,4,0
69583,2,3,243781,243783,243786,2,5,0
69584,4,2,243785,243786,243788,1,3,0
69585,5,3,243790,243790,243793,0,3,2
69586,3,1,243793,243793,243794,0,1,0
69587,5,1,243798,243798,243799,0,1,4
69588,4,2,243802,243802,243804,0,2,3
69589,2,1,243804,243804,243805,0,1,0
69590,5,1,243809,243809,243810,0,1,4
69591,6,3,243815,243815,243818,0,3,5
69592,4,2,243819,243819,243821,0,2,1
69593,4,3,243823,243823,243826,0,3,2
69594,4,1,243827,243827,243828,0,1,1
69595,4,1,243831,243831,243832,0,1,3
69596,4,1,243835,243835,243836,0,1,3
69597,5,3,243840,243840,243843,0,3,4
69598,3,2,243843,243843,243845,0,2,0
69599,3,3,243846,243846,243849,0,3,1
69600,1,3,243847,243849,243852,2,5,0
69601,1,3,243848,243852,243855,4,7,0
69602,2,3,243850,243855,243858,5,8,0
69603,2,3,243852,243858,243861,6,9,0
69604,3,3,243855,243861,243864,6,9,0
69605,5,1,243860,243864,243865,4,5,0
69606,1,2,243861,243865,243867,4,6,0
69607,6,3,243867,243867,243870,0,3,0
69608,1,1,243868,243870,243871,2,3,0
69609,5,2,243873,243873,243875,0,2,2
69610,4,3,243877,243877,243880,0,3,2
69611,5,3,243882,243882,243885,0,3,2
69612,3,2,243885,243885,243887,0,2,0
69613,1,2,243886,243887,243889,1,3,0
69614,5,3,243891,243891,243894,0,3,2
69615,6,1,243897,243897,243898,0,1,3
69616,6,1,243903,243903,243904,0,1,5
69617,1,2,243904,243904,243906,0,2,0
69618,3,1,243907,243907,243908,0,1,1
69619,5,2,243912,243912,243914,0,2,4
69620,5,1,243917,243917,243918,0,1,3
69621,2,3,243919,243919,243922,0,3,1
69622,4,2,243923,243923,243925,0,2,1
69623,3,1,243926,243926,243927,0,1,1
69624,3,1,243929,243929,243930,0,1,2
69625,6,2,243935,243935,243937,0,2,5
69626,2,1,243937,243937,243938,0,1,0
69627,3,2,243940,243940,243942,0,2,2
69628,3,1,243943,243943,243944,0,1,1
69629,4,1,243947,243947,243948,0,1,3
69630,3,2,243950,243950,243952,0,2,2
69631,2,3,243952,243952,243955,0,3,0
69632,1,3,243953,243955,243958,2,5,0
69633,3,1,243956,243958,243959,2,3,0
69634,6,3,243962,243962,243965,0,3,3
69635,5,1,243967,243967,243968,0,1,2
69636,2,1,243969,243969,243970,0,1,1
69637,6,3,243975,243975,243978,0,3,5
69638,4,1,243979,243979,243980,0,1,1
69639,6,1,243985,243985,243986,0,1,5
69640,2,3,243987,243987,243990,0,3,1
69641,6,3,243993,243993,243996,0,3,3
69642,4,2,243997,243997,243999,0,2,1
69643,3,2,244000,244000,244002,0,2,1
69644,4,1,244004,244004,244005,0,1,2
69645,3,3,244007,244007,244010,0,3,2
69646,3,2,244010,244010,244012,0,2,0
69647,4,3,244014,244014,244017,0,3,2
69648,3,3,244017,244017,244020,0,3,0
69649,3,2,244020,244020,244022,0,2,0
69650,2,2,244022,244022,244024,0,2,0
69651,6,1,244028,244028,244029,0,1,4
69652,1,2,244029,244029,244031,0,2,0
69653,3,2,244032,244032,244034,0,2,1
69654,5,1,244037,244037,244038,0,1,3
69655,3,2,244040,244040,244042,0,2,2
69656,3,3,244043,244043,244046,0,3,1
69657,2,3,244045,244046,244049,1,4,0
69658,5,1,244050,244050,244051,0,1,1
69659,2,1,244052,244052,244053,0,1,1
69660,3,3,244055,244055,244058,0,3,2
69661,1,1,244056,244058,244059,2,3,0
69662,3,2,244059,244059,244061,0,2,0
69663,1,3,244060,244061,244064,1,4,0
69664,5,3,244065,244065,244068,0,3,1
69665,2,3,244067,244068,244071,1,4,0
69666,1,3,244068,244071,244074,3,6,0
69667,3,1,244071,244074,244075,3,4,0
69668,1,1,244072,244075,244076,3,4,0
69669,1,3,244073,244076,244079,3,6,0
69670,2,2,244075,244079,244081,4,6,0
69671,1,1,244076,244081,244082,5,6,0
69672,3,1,244079,244082,244083,3,4,0
69673,4,3,244083,244083,244086,0,3,0
69674,5,2,244088,244088,244090,0,2,2
69675,5,3,244093,244093,244096,0,3,3
69676,1,2,244094,244096,244098,2,4,0
69677,3,1,244097,244098,244099,1,2,0
69678,3,2,244100,244100,244102,0,2,1
69679,2,3,244102,244102,244105,0,3,0
69680,3,2,244105,244105,244107,0,2,0
69681,6,2,244111,244111,244113,0,2,4
69682,4,1,244115,244115,244116,0,1,2
69683,1,3,244116,244116,244119,0,3,0
69684,6,1,244122,244122,244123,0,1,3
69685,6,1,244128,244128,244129,0,1,5
69686,2,2,244130,244130,244132,0,2,1
69687,2,2,244132,244132,244134,0,2,0
69688,4,1,244136,244136,244137,0,1,2
69689,5,1,244141,244141,244142,0,1,4
69690,4,1,244145,244145,244146,0,1,3
69691,6,2,244151,244151,244153,0,2,5
69692,4,3,244155,244155,244158,0,3,2
69693,1,1,244156,244158,244159,2,3,0
69694,3,2,244159,244159,244161,0,2,0
69695,4,3,244163,244163,244166,0,3,2
69696,4,1,244167,244167,244168,0,1,1
69697,6,3,244173,244173,244176,0,3,5
69698,3,2,244176,244176,244178,0,2,0
69699,2,2,244178,244178,244180,0,2,0
69700,3,3,244181,244181,244184,0,3,1
69701,4,3,244185,244185,244188,0,3,1
69702,5,1,244190,244190,244191,0,1,2
69703,5,1,244195,244195,244196,0,1,4
69704,1,3,244196,244196,244199,0,3,0
69705,4,2,244200,244200,244202,0,2,1
69706,3,2,244203,244203,244205,0,2,1
69707,3,3,244206,244206,244209,0,3,1
69708,2,2,244208,244209,244211,1,3,0
69709,5,2,244213,244213,244215,0,2,2
69710,5,2,244218,244218,244220,0,2,3
69711,5,2,244223,244223,244225,0,2,3
69712,4,3,244227,244227,244230,0,3,2
69713,3,2,244230,244230,244232,0,2,0
69714,4,1,244234,244234,244235,0,1,2
69715,1,1,244235,244235,244236,0,1,0
69716,2,3,244237,244237,244240,0,3,1
69717,1,1,244238,244240,244241,2,3,0
69718,6,3,244244,244244,244247,0,3,3
69719,5,1,244249,244249,244250,0,1,2
69720,5,2,244254,244254,244256,0,2,4
69721,6,3,244260,244260,244263,0,3,4
69722,5,2,244265,244265,244267,0,2,2
69723,3,1,244268,244268,244269,0,1,1
69724,1,2,244269,244269,244271,0,2,0
69725,3,1,244272,244272,244273,0,1,1
69726,6,2,244278,244278,244280,0,2,5
69727,5,2,244283,244283,244285,0,2,3
69728,5,3,244288,244288,244291,0,3,3
69729,4,3,244292,244292,244295,0,3,1
69730,6,3,244298,244298,244301,0,3,3
69731,6,1,244304,244304,244305,0,1,3
69732,6,3,244310,244310,244313,0,3,5
69733,1,1,244311,244313,244314,2,3,0
69734,2,3,244313,244314,244317,1,4,0
69735,1,3,244314,244317,244320,3,6,0
69736,1,1,244315,244320,244321,5,6,0
69737,1,2,244316,244321,244323,5,7,0
69738,6,3,244322,244323,244326,1,4,0
69739,4,2,244326,244326,244328,0,2,0
69740,3,3,244329,244329,244332,0,3,1
69741,5,2,244334,244334,244336,0,2,2
69742,5,2,244339,244339,244341,0,2,3
69743,1,1,244340,244341,244342,1,2,0
69744,1,2,244341,244342,244344,1,3,0
69745,2,1,244343,244344,244345,1,2,0
69746,2,1,244345,244345,244346,0,1,0
69747,3,1,244348,244348,244349,0,1,2
69748,6,2,244354,244354,244356,0,2,5
69749,3,3,244357,244357,244360,0,3,1
69750,6,3,244363,244363,244366,0,3,3
69751,6,2,244369,244369,244371,0,2,3
69752,4,1,244373,244373,244374,0,1,2
69753,4,2,244377,244377,244379,0,2,3
69754,5,2,244382,244382,244384,0,2,3
69755,2,3,244384,244384,244387,0,3,0
69756,5,1,244389,244389,244390,0,1,2
69757,5,3,244394,244394,244397,0,3,4
69758,3,1,244397,244397,244398,0,1,0
69759,2,1,244399,244399,244400,0,1,1
69760,3,3,244402,244402,244405,0,3,2
69761,6,1,244408,244408,244409,0,1,3
69762,6,3,244414,244414,244417,0,3,5
69763,4,3,244418,244418,244421,0,3,1
69764,3,3,244421,244421,244424,0,3,0
69765,1,3,244422,244424,244427,2,5,0
69766,5,3,244427,244427,244430,0,3,0
69767,4,1,244431,244431,244432,0,1,1
69768,5,2,244436,244436,244438,0,2,4
69769,6,3,244442,244442,244445,0,3,4
69770,4,1,244446,244446,244447,0,1,1
69771,6,3,244452,244452,244455,0,3,5
69772,6,3,244458,244458,244461,0,3,3
69773,2,3,244460,244461,244464,1,4,0
69774,1,3,244461,244464,244467,3,6,0
69775,4,3,244465,244467,244470,2,5,0
69776,5,1,244470,244470,244471,0,1,0
69777,2,2,244472,244472,244474,0,2,1
69778,3,1,244475,244475,244476,0,1,1
69779,1,1,244476,244476,244477,0,1,0
69780,4,1,244480,244480,244481,0,1,3
69781,3,3,244483,244483,244486,0,3,2
69782,3,2,244486,244486,244488,0,2,0
69783,5,1,244491,244491,244492,0,1,3
69784,5,2,244496,244496,244498,0,2,4
69785,6,3,244502,244502,244505,0,3,4
69786,2,1,244504,244505,244506,1,2,0
69787,5,1,244509,244509,244510,0,1,3
69788,1,2,244510,244510,244512,0,2,0
69789,5,3,244515,244515,244518,0,3,3
69790,5,1,244520,244520,244521,0,1,2
69791,3,3,244523,244523,244526,0,3,2
69792,1,1,244524,244526,244527,2,3,0
69793,4,1,244528,244528,244529,0,1,1
69794,5,1,244533,244533,244534,0,1,4
69795,3,2,244536,244536,244538,0,2,2
69796,6,1,244542,244542,244543,0,1,4
69797,6,2,244548,244548,244550,0,2,5
69798,6,1,244554,244554,244555,0,1,4
69799,3,2,244557,244557,244559,0,2,2
69800,4,2,244561,244561,244563,0,2,2
69801,1,3,244562,244563,244566,1,4,0
69802,4,2,244566,244566,244568,0,2,0
69803,1,2,244567,244568,244570,1,3,0
69804,5,1,244572,244572,244573,0,1,2
69805,2,3,244574,244574,244577,0,3,1
69806,6,2,244580,244580,244582,0,2,3
69807,3,3,244583,244583,244586,0,3,1
69808,6,3,244589,244589,244592,0,3,3
69809,6,2,244595,244595,244597,0,2,3
69810,5,3,244600,244600,244603,0,3,3
69811,2,2,244602,244603,244605,1,3,0
69812,5,2,244607,244607,244609,0,2,2
69813,6,3,244613,244613,244616,0,3,4
69814,3,2,244616,244616,244618,0,2,0
69815,6,3,244622,244622,244625,0,3,4
69816,2,3,244624,244625,244628,1,4,0
69817,5,3,244629,244629,244632,0,3,1
69818,5,2,244634,244634,244636,0,2,2
69819,3,3,244637,244637,244640,0,3,1
69820,6,3,244643,244643,244646,0,3,3
69821,6,2,244649,244649,244651,0,2,3
69822,5,3,244654,244654,244657,0,3,3
69823,5,1,244659,244659,244660,0,1,2
69824,4,3,244663,244663,244666,0,3,3
69825,3,2,244666,244666,244668,0,2,0
69826,5,3,244671,244671,244674,0,3,3
69827,6,3,244677,244677,244680,0,3,3
69828,6,2,244683,244683,244685,0,2,3
69829,5,2,244688,244688,244690,0,2,3
69830,1,2,244689,244690,244692,1,3,0
69831,5,1,244694,244694,244695,0,1,2
69832,4,3,244698,244698,244701,0,3,3
69833,4,1,244702,244702,244703,0,1,1
69834,6,1,244708,244708,244709,0,1,5
69835,6,3,244714,244714,244717,0,3,5
69836,5,1,244719,244719,244720,0,1,2
69837,1,3,244720,244720,244723,0,3,0
69838,5,2,244725,244725,244727,0,2,2
69839,2,3,244727,244727,244730,0,3,0
69840,4,2,244731,244731,244733,0,2,1
69841,3,3,244734,244734,244737,0,3,1
69842,5,1,244739,244739,244740,0,1,2
69843,3,1,244742,244742,244743,0,1,2
69844,3,2,244745,244745,244747,0,2,2
69845,1,3,244746,244747,244750,1,4,0
69846,6,1,244752,244752,244753,0,1,2
69847,5,2,244757,244757,244759,0,2,4
69848,6,3,244763,244763,244766,0,3,4
69849,4,2,244767,244767,244769,0,2,1
69850,2,1,244769,244769,244770,0,1,0
69851,5,2,244774,244774,244776,0,2,4
69852,1,3,244775,244776,244779,1,4,0
69853,1,3,244776,244779,244782,3,6,0
69854,2,1,244778,244782,244783,4,5,0
69855,5,1,244783,244783,244784,0,1,0
69856,1,3,244784,244784,244787,0,3,0
69857,4,1,244788,244788,244789,0,1,1
69858,3,2,244791,244791,244793,0,2,2
69859,1,1,244792,244793,244794,1,2,0
69860,1,1,244793,244794,244795,1,2,0
69861,4,2,244797,244797,244799,0,2,2
69862,3,2,244800,244800,244802,0,2,1
69863,6,2,244806,244806,244808,0,2,4
69864,1,3,244807,244808,244811,1,4,0
69865,5,2,244812,244812,244814,0,2,1
69866,4,1,244816,244816,244817,0,1,2
69867,3,3,244819,244819,244822,0,3,2
69868,1,2,244820,244822,244824,2,4,0
69869,2,2,244822,244824,244826,2,4,0
69870,4,3,244826,244826,244829,0,3,0
69871,3,3,244829,244829,244832,0,3,0
69872,1,3,244830,244832,244835,2,5,0
69873,5,2,244835,244835,244837,0,2,0
69874,4,3,244839,244839,244842,0,3,2
69875,2,2,244841,244842,244844,1,3,0
69876,5,2,244846,244846,244848,0,2,2
69877,1,1,244847,244848,244849,1,2,0
69878,4,1,244851,244851,244852,0,1,2
69879,6,3,244857,244857,244860,0,3,5
69880,5,2,244862,244862,244864,0,2,2
69881,1,2,244863,244864,244866,1,3,0
69882,3,3,244866,244866,244869,0,3,0
69883,5,3,244871,244871,244874,0,3,2
69884,5,1,244876,244876,244877,0,1,2
69885,4,2,244880,244880,244882,0,2,3
69886,3,1,244883,244883,244884,0,1,1
69887,3,1,244886,244886,244887,0,1,2
69888,6,1,244892,244892,244893,0,1,5
69889,1,2,244893,244893,244895,0,2,0
69890,1,1,244894,244895,244896,1,2,0
69891,3,2,244897,244897,244899,0,2,1
69892,2,2,244899,244899,244901,0,2,0
69893,5,3,244904,244904,244907,0,3,3
69894,3,2,244907,244907,244909,0,2,0
69895,5,2,244912,244912,244914,0,2,3
69896,6,1,244918,244918,244919,0,1,4
69897,2,2,244920,244920,244922,0,2,1
69898,2,2,244922,244922,244924,0,2,0
69899,2,2,244924,244924,244926,0,2,0
69900,6,3,244930,244930,244933,0,3,4
69901,6,3,244936,244936,244939,0,3,3
69902,3,3,244939,244939,244942,0,3,0
69903,2,3,244941,244942,244945,1,4,0
69904,4,3,244945,244945,244948,0,3,0
69905,2,3,244947,244948,244951,1,4,0
69906,4,1,244951,244951,244952,0,1,0
69907,1,3,244952,244952,244955,0,3,0
69908,1,2,244953,244955,244957,2,4,0
69909,5,1,244958,244958,244959,0,1,1
69910,4,3,244962,244962,244965,0,3,3
69911,2,2,244964,244965,244967,1,3,0
69912,3,1,244967,244967,244968,0,1,0
69913,4,3,244971,244971,244974,0,3,3
69914,2,3,244973,244974,244977,1,4,0
69915,5,1,244978,244978,244979,0,1,1
69916,6,1,244984,244984,244985,0,1,5
69917,1,3,244985,244985,244988,0,3,0
69918,2,3,244987,244988,244991,1,4,0
69919,4,3,244991,244991,244994,0,3,0
69920,2,2,244993,244994,244996,1,3,0
69921,5,1,244998,244998,244999,0,1,2
69922,3,1,245001,245001,245002,0,1,2
69923,2,2,245003,245003,245005,0,2,1
69924,3,1,245006,245006,245007,0,1,1
69925,5,3,245011,245011,245014,0,3,4
69926,2,2,245013,245014,245016,1,3,0
69927,4,1,245017,245017,245018,0,1,1
69928,1,3,245018,245018,245021,0,3,0
69929,5,3,245023,245023,245026,0,3,2
69930,3,3,245026,245026,245029,0,3,0
69931,1,1,245027,245029,245030,2,3,0
69932,6,3,245033,245033,245036,0,3,3
69933,5,1,245038,245038,245039,0,1,2
69934,4,1,245042,245042,245043,0,1,3
69935,2,3,245044,245044,245047,0,3,1
69936,3,1,245047,245047,245048,0,1,0
69937,2,2,245049,245049,245051,0,2,1
69938,5,1,245054,245054,245055,0,1,3
69939,5,3,245059,245059,245062,0,3,4
69940,2,3,245061,245062,245065,1,4,0
69941,1,2,245062,245065,245067,3,5,0
69942,5,1,245067,245067,245068,0,1,0
69943,1,2,245068,245068,245070,0,2,0
69944,3,1,245071,245071,245072,0,1,1
69945,6,2,245077,245077,245079,0,2,5
69946,2,2,245079,245079,245081,0,2,0
69947,5,2,245084,245084,245086,0,2,3
69948,3,3,245087,245087,245090,0,3,1
69949,2,1,245089,245090,245091,1,2,0
69950,2,1,245091,245091,245092,0,1,0
69951,1,2,245092,245092,245094,0,2,0
69952,6,1,245098,245098,245099,0,1,4
69953,3,1,245101,245101,245102,0,1,2
69954,1,3,245102,245102,245105,0,3,0
69955,6,2,245108,245108,245110,0,2,3
69956,2,3,245110,245110,245113,0,3,0
69957,2,2,245112,245113,245115,1,3,0
69958,5,3,245117,245117,245120,0,3,2
69959,2,2,245119,245120,245122,1,3,0
69960,5,3,245124,245124,245127,0,3,2
69961,5,2,245129,245129,245131,0,2,2
69962,4,1,245133,245133,245134,0,1,2
69963,5,2,245138,245138,245140,0,2,4
69964,1,1,245139,245140,245141,1,2,0
69965,4,1,245143,245143,245144,0,1,2
69966,2,1,245145,245145,245146,0,1,1
69967,4,2,245149,245149,245151,0,2,3
69968,5,2,245154,245154,245156,0,2,3
69969,5,2,245159,245159,245161,0,2,3
69970,4,1,245163,245163,245164,0,1,2
69971,5,3,245168,245168,245171,0,3,4
69972,2,2,245170,245171,245173,1,3,0
69973,4,2,245174,245174,245176,0,2,1
69974,5,2,245179,245179,245181,0,2,3
69975,5,3,245184,245184,245187,0,3,3
69976,2,1,245186,245187,245188,1,2,0
69977,3,3,245189,245189,245192,0,3,1
69978,4,2,245193,245193,245195,0,2,1
69979,6,3,245199,245199,245202,0,3,4
69980,3,1,245202,245202,245203,0,1,0
69981,1,3,245203,245203,245206,0,3,0
69982,2,1,245205,245206,245207,1,2,0
69983,6,1,245211,245211,245212,0,1,4
69984,6,2,245217,245217,245219,0,2,5
69985,6,1,245223,245223,245224,0,1,4
69986,3,1,245226,245226,245227,0,1,2
69987,5,1,245231,245231,245232,0,1,4
69988,6,1,245237,245237,245238,0,1,5
69989,5,2,245242,245242,245244,0,2,4
69990,2,2,245244,245244,245246,0,2,0
69991,3,2,245247,245247,245249,0,2,1
69992,4,3,245251,245251,245254,0,3,2
69993,4,1,245255,245255,245256,0,1,1
69994,4,1,245259,245259,245260,0,1,3
69995,2,2,245261,245261,245263,0,2,1
69996,6,1,245267,245267,245268,0,1,4
69997,3,2,245270,245270,245272,0,2,2
69998,4,2,245274,245274,245276,0,2,2
69999,1,3,245275,245276,245279,1,4,0
70000,5,2,245280,245280,245282,0,2,1
70001,2,3,245282,245282,245285,0,3,0
70002,1,2,245283,245285,245287,2,4,0
70003,3,3,245286,245287,245290,1,4,0
70004,5,1,245291,245291,245292,0,1,1
70005,4,2,245295,245295,245297,0,2,3
70006,6,2,245301,245301,245303,0,2,4
70007,5,2,245306,245306,245308,0,2,3
70008,4,3,245310,245310,245313,0,3,2
70009,6,3,245316,245316,245319,0,3,3
70010,6,3,245322,245322,245325,0,3,3
70011,1,2,245323,245325,245327,2,4,0
70012,5,1,245328,245328,245329,0,1,1
70013,6,1,245334,245334,245335,0,1,5
70014,2,3,245336,245336,245339,0,3,1
70015,1,3,245337,245339,245342,2,5,0
70016,3,2,245340,245342,245344,2,4,0
70017,2,1,245342,245344,245345,2,3,0
70018,5,3,245347,245347,245350,0,3,2
70019,5,2,245352,245352,245354,0,2,2
70020,6,3,245358,245358,245361,0,3,4
70021,2,2,245360,245361,245363,1,3,0
70022,3,2,245363,245363,245365,0,2,0
70023,1,1,245364,245365,245366,1,2,0
70024,4,1,245368,245368,245369,0,1,2
70025,1,2,245369,245369,245371,0,2,0
70026,3,3,245372,245372,245375,0,3,1
70027,2,3,245374,245375,245378,1,4,0
70028,4,2,245378,245378,245380,0,2,0
70029,6,1,245384,245384,245385,0,1,4
70030,3,2,245387,245387,245389,0,2,2
70031,5,2,245392,245392,245394,0,2,3
70032,1,1,245393,245394,245395,1,2,0
70033,6,1,245399,245399,245400,0,1,4
70034,4,3,245403,245403,245406,0,3,3
70035,2,3,245405,245406,245409,1,4,0
70036,6,1,245411,245411,245412,0,1,2
70037,4,3,245415,245415,245418,0,3,3
70038,1,2,245416,245418,245420,2,4,0
70039,4,3,245420,245420,245423,0,3,0
70040,1,2,245421,245423,245425,2,4,0
70041,1,2,245422,245425,245427,3,5,0
70042,6,2,245428,245428,245430,0,2,1
70043,5,3,245433,245433,245436,0,3,3
70044,4,3,245437,245437,245440,0,3,1
70045,1,1,245438,245440,245441,2,3,0
70046,5,3,245443,245443,245446,0,3,2
70047,1,3,245444,245446,245449,2,5,0
70048,3,1,245447,245449,245450,2,3,0
70049,2,1,245449,245450,245451,1,2,0
70050,2,1,245451,245451,245452,0,1,0
70051,6,2,245457,245457,245459,0,2,5
70052,6,2,245463,245463,245465,0,2,4
70053,5,1,245468,245468,245469,0,1,3
70054,4,2,245472,245472,245474,0,2,3
70055,5,2,245477,245477,245479,0,2,3
70056,3,2,245480,245480,245482,0,2,1
70057,6,1,245486,245486,245487,0,1,4
70058,2,2,245488,245488,245490,0,2,1
70059,2,1,245490,245490,245491,0,1,0
70060,5,2,245495,245495,245497,0,2,4
70061,6,1,245501,245501,245502,0,1,4
70062,2,1,245503,245503,245504,0,1,1
70063,3,3,245506,245506,245509,0,3,2
70064,2,1,245508,245509,245510,1,2,0
70065,4,2,245512,245512,245514,0,2,2
70066,5,1,245517,245517,245518,0,1,3
70067,4,1,245521,245521,245522,0,1,3
70068,2,2,245523,245523,245525,0,2,1
70069,3,1,245526,245526,245527,0,1,1
70070,6,1,245532,245532,245533,0,1,5
70071,1,2,245533,245533,245535,0,2,0
70072,2,2,245535,245535,245537,0,2,0
70073,2,1,245537,245537,245538,0,1,0
70074,4,3,245541,245541,245544,0,3,3
70075,5,3,245546,245546,245549,0,3,2
70076,5,3,245551,245551,245554,0,3,2
70077,4,2,245555,245555,245557,0,2,1
70078,1,1,245556,245557,245558,1,2,0
70079,3,3,245559,245559,245562,0,3,1
70080,4,3,245563,245563,245566,0,3,1
70081,3,1,245566,245566,245567,0,1,0
70082,2,3,245568,245568,245571,0,3,1
70083,1,3,245569,245571,245574,2,5,0
70084,5,2,245574,245574,245576,0,2,0
70085,4,3,245578,245578,245581,0,3,2
70086,6,1,245584,245584,245585,0,1,3
70087,4,1,245588,245588,245589,0,1,3
70088,5,1,245593,245593,245594,0,1,4
70089,1,2,245594,245594,245596,0,2,0
70090,3,3,245597,245597,245600,0,3,1
70091,3,2,245600,245600,245602,0,2,0
70092,4,2,245604,245604,245606,0,2,2
70093,1,3,245605,245606,245609,1,4,0
70094,3,3,245608,245609,245612,1,4,0
70095,3,3,245611,245612,245615,1,4,0
70096,1,2,245612,245615,245617,3,5,0
70097,4,2,245616,245617,245619,1,3,0
70098,4,2,245620,245620,245622,0,2,1
70099,2,1,245622,245622,245623,0,1,0
70100,6,1,245628,245628,245629,0,1,5
70101,2,3,245630,245630,245633,0,3,1
70102,3,2,245633,245633,245635,0,2,0
70103,4,1,245637,245637,245638,0,1,2
70104,5,3,245642,245642,245645,0,3,4
70105,3,2,245645,245645,245647,0,2,0
70106,1,3,245646,245647,245650,1,4,0
70107,3,3,245649,245650,245653,1,4,0
70108,6,1,245655,245655,245656,0,1,2
70109,3,3,245658,245658,245661,0,3,2
70110,2,3,245660,245661,245664,1,4,0
70111,2,2,245662,245664,245666,2,4,0
70112,5,2,245667,245667,245669,0,2,1
70113,6,1,245673,245673,245674,0,1,4
70114,6,1,245679,245679,245680,0,1,5
70115,1,3,245680,245680,245683,0,3,0
70116,3,1,245683,245683,245684,0,1,0
70117,3,1,245686,245686,245687,0,1,2
70118,4,1,245690,245690,245691,0,1,3
70119,2,3,245692,245692,245695,0,3,1
70120,3,1,245695,245695,245696,0,1,0
70121,1,3,245696,245696,245699,0,3,0
70122,3,2,245699,245699,245701,0,2,0
70123,6,3,245705,245705,245708,0,3,4
70124,4,2,245709,245709,245711,0,2,1
70125,2,1,245711,245711,245712,0,1,0
70126,4,3,245715,245715,245718,0,3,3
70127,1,3,245716,245718,245721,2,5,0
70128,6,1,245722,245722,245723,0,1,1
70129,2,1,245724,245724,245725,0,1,1
70130,3,2,245727,245727,245729,0,2,2
70131,4,1,245731,245731,245732,0,1,2
70132,3,1,245734,245734,245735,0,1,2
70133,3,3,245737,245737,245740,0,3,2
70134,2,2,245739,245740,245742,1,3,0
70135,6,2,245745,245745,245747,0,2,3
70136,3,2,245748,245748,245750,0,2,1
70137,2,2,245750,245750,245752,0,2,0
70138,6,3,245756,245756,245759,0,3,4
70139,3,2,245759,245759,245761,0,2,0
70140,2,2,245761,245761,245763,0,2,0
70141,2,2,245763,245763,245765,0,2,0
70142,1,3,245764,245765,245768,1,4,0
70143,6,3,245770,245770,245773,0,3,2
70144,4,2,245774,245774,245776,0,2,1
70145,2,3,245776,245776,245779,0,3,0
70146,5,3,245781,245781,245784,0,3,2
70147,6,3,245787,245787,245790,0,3,3
70148,5,2,245792,245792,245794,0,2,2
70149,5,1,245797,245797,245798,0,1,3
70150,1,2,245798,245798,245800,0,2,0
70151,1,2,245799,245800,245802,1,3,0
70152,3,2,245802,245802,245804,0,2,0
70153,3,2,245805,245805,245807,0,2,1
70154,2,2,245807,245807,245809,0,2,0
70155,4,3,245811,245811,245814,0,3,2
70156,2,1,245813,245814,245815,1,2,0
70157,1,1,245814,245815,245816,1,2,0
70158,1,3,245815,245816,245819,1,4,0
70159,4,1,245819,245819,245820,0,1,0
70160,1,3,245820,245820,245823,0,3,0
70161,3,2,245823,245823,245825,0,2,0
70162,1,1,245824,245825,245826,1,2,0
70163,4,2,245828,245828,245830,0,2,2
70164,6,2,245834,245834,245836,0,2,4
70165,1,3,245835,245836,245839,1,4,0
70166,6,3,245841,245841,245844,0,3,2
70167,2,3,245843,245844,245847,1,4,0
70168,6,2,245849,245849,245851,0,2,2
70169,3,3,245852,245852,245855,0,3,1
70170,2,3,245854,245855,245858,1,4,0
70171,1,3,245855,245858,245861,3,6,0
70172,6,1,245861,245861,245862,0,1,0
70173,4,3,245865,245865,245868,0,3,3
70174,2,1,245867,245868,245869,1,2,0
70175,2,2,245869,245869,245871,0,2,0
70176,2,2,245871,245871,245873,0,2,0
70177,4,3,245875,245875,245878,0,3,2
70178,4,3,245879,245879,245882,0,3,1
70179,6,1,245885,245885,245886,0,1,3
70180,5,3,245890,245890,245893,0,3,4
70181,5,1,245895,245895,245896,0,1,2
70182,5,3,245900,245900,245903,0,3,4
70183,4,3,245904,245904,245907,0,3,1
70184,4,3,245908,245908,245911,0,3,1
70185,5,1,245913,245913,245914,0,1,2
70186,5,2,245918,245918,245920,0,2,4
70187,1,3,245919,245920,245923,1,4,0
70188,3,1,245922,245923,245924,1,2,0
70189,4,1,245926,245926,245927,0,1,2
70190,4,2,245930,245930,245932,0,2,3
70191,4,1,245934,245934,245935,0,1,2
70192,6,2,245940,245940,245942,0,2,5
70193,5,1,245945,245945,245946,0,1,3
70194,5,3,245950,245950,245953,0,3,4
70195,2,2,245952,245953,245955,1,3,0
70196,1,1,245953,245955,245956,2,3,0
70197,2,2,245955,245956,245958,1,3,0
70198,2,1,245957,245958,245959,1,2,0
70199,3,1,245960,245960,245961,0,1,1
70200,5,1,245965,245965,245966,0,1,4
70201,6,2,245971,245971,245973,0,2,5
70202,6,2,245977,245977,245979,0,2,4
70203,2,2,245979,245979,245981,0,2,0
70204,1,2,245980,245981,245983,1,3,0
70205,2,1,245982,245983,245984,1,2,0
70206,1,3,245983,245984,245987,1,4,0
70207,3,2,245986,245987,245989,1,3,0
70208,1,3,245987,245989,245992,2,5,0
70209,2,1,245989,245992,245993,3,4,0
70210,1,3,245990,245993,245996,3,6,0
70211,4,2,245994,245996,245998,2,4,0
70212,2,3,245996,245998,246001,2,5,0
70213,4,1,246000,246001,246002,1,2,0
70214,4,2,246004,246004,246006,0,2,2
70215,4,1,246008,246008,246009,0,1,2
70216,2,1,246010,246010,246011,0,1,1
70217,1,1,246011,246011,246012,0,1,0
70218,2,1,246013,246013,246014,0,1,1
70219,2,2,246015,246015,246017,0,2,1
70220,3,2,246018,246018,246020,0,2,1
70221,3,1,246021,246021,246022,0,1,1
70222,1,2,246022,246022,246024,0,2,0
70223,3,1,246025,246025,246026,0,1,1
70224,1,2,246026,246026,246028,0,2,0
70225,2,2,246028,246028,246030,0,2,0
70226,1,2,246029,246030,246032,1,3,0
70227,3,3,246032,246032,246035,0,3,0
70228,5,1,246037,246037,246038,0,1,2
70229,5,2,246042,246042,246044,0,2,4
70230,5,2,246047,246047,246049,0,2,3
70231,3,2,246050,246050,246052,0,2,1
70232,3,2,246053,246053,246055,0,2,1
70233,1,2,246054,246055,246057,1,3,0
70234,1,1,246055,246057,246058,2,3,0
70235,1,2,246056,246058,246060,2,4,0
70236,1,2,246057,246060,246062,3,5,0
70237,1,1,246058,246062,246063,4,5,0
70238,3,1,246061,246063,246064,2,3,0
70239,5,3,246066,246066,246069,0,3,2
70240,6,1,246072,246072,246073,0,1,3
70241,1,1,246073,246073,246074,0,1,0
70242,5,2,246078,246078,246080,0,2,4
70243,2,2,246080,246080,246082,0,2,0
70244,3,3,246083,246083,246086,0,3,1
70245,2,1,246085,246086,246087,1,2,0
70246,5,1,246090,246090,246091,0,1,3
70247,6,1,246096,246096,246097,0,1,5
70248,4,1,246100,246100,246101,0,1,3
70249,1,1,246101,246101,246102,0,1,0
70250,3,2,246104,246104,246106,0,2,2
70251,1,2,246105,246106,246108,1,3,0
70252,1,1,246106,246108,246109,2,3,0
70253,6,1,246112,246112,246113,0,1,3
70254,6,1,246118,246118,246119,0,1,5
70255,4,2,246122,246122,246124,0,2,3
70256,3,2,246125,246125,246127,0,2,1
70257,2,2,246127,246127,246129,0,2,0
70258,1,2,246128,246129,246131,1,3,0
70259,4,1,246132,246132,246133,0,1,1
70260,5,3,246137,246137,246140,0,3,4
70261,4,1,246141,246141,246142,0,1,1
70262,1,1,246142,246142,246143,0,1,0
70263,6,3,246148,246148,246151,0,3,5
70264,3,2,246151,246151,246153,0,2,0
70265,3,3,246154,246154,246157,0,3,1
70266,1,2,246155,246157,246159,2,4,0
70267,1,3,246156,246159,246162,3,6,0
70268,2,2,246158,246162,246164,4,6,0
70269,6,1,246164,246164,246165,0,1,0
70270,2,1,246166,246166,246167,0,1,1
70271,2,1,246168,246168,246169,0,1,1
70272,1,2,246169,246169,246171,0,2,0
70273,1,1,246170,246171,246172,1,2,0
70274,2,3,246172,246172,246175,0,3,0
70275,2,1,246174,246175,246176,1,2,0
70276,3,1,246177,246177,246178,0,1,1
70277,4,1,246181,246181,246182,0,1,3
70278,4,1,246185,246185,246186,0,1,3
70279,3,2,246188,246188,246190,0,2,2
70280,3,3,246191,246191,246194,0,3,1
70281,4,2,246195,246195,246197,0,2,1
70282,4,1,246199,246199,246200,0,1,2
70283,1,1,246200,246200,246201,0,1,0
70284,4,1,246204,246204,246205,0,1,3
70285,2,1,246206,246206,246207,0,1,1
70286,4,1,246210,246210,246211,0,1,3
70287,5,3,246215,246215,246218,0,3,4
70288,5,1,246220,246220,246221,0,1,2
70289,3,1,246223,246223,246224,0,1,2
70290,1,3,246224,246224,246227,0,3,0
70291,5,3,246229,246229,246232,0,3,2
70292,1,1,246230,246232,246233,2,3,0
70293,2,3,246232,246233,246236,1,4,0
70294,6,1,246238,246238,246239,0,1,2
70295,4,3,246242,246242,246245,0,3,3
70296,1,2,246243,246245,246247,2,4,0
70297,6,1,246249,246249,246250,0,1,2
70298,2,2,246251,246251,246253,0,2,1
70299,3,1,246254,246254,246255,0,1,1
70300,6,1,246260,246260,246261,0,1,5
70301,4,1,246264,246264,246265,0,1,3
70302,5,2,246269,246269,246271,0,2,4
70303,2,2,246271,246271,246273,0,2,0
70304,1,3,246272,246273,246276,1,4,0
70305,3,2,246275,246276,246278,1,3,0
70306,1,3,246276,246278,246281,2,5,0
70307,6,2,246282,246282,246284,0,2,1
70308,1,2,246283,246284,246286,1,3,0
70309,2,3,246285,246286,246289,1,4,0
70310,6,3,246291,246291,246294,0,3,2
70311,2,3,246293,246294,246297,1,4,0
70312,6,1,246299,246299,246300,0,1,2
70313,6,2,246305,246305,246307,0,2,5
70314,6,1,246311,246311,246312,0,1,4
70315,5,3,246316,246316,246319,0,3,4
70316,1,3,246317,246319,246322,2,5,0
70317,6,3,246323,246323,246326,0,3,1
70318,6,3,246329,246329,246332,0,3,3
70319,4,2,246333,246333,246335,0,2,1
70320,1,3,246334,246335,246338,1,4,0
70321,4,1,246338,246338,246339,0,1,0
70322,3,1,246341,246341,246342,0,1,2
70323,6,3,246347,246347,246350,0,3,5
70324,1,1,246348,246350,246351,2,3,0
70325,1,2,246349,246351,246353,2,4,0
70326,1,2,246350,246353,246355,3,5,0
70327,5,1,246355,246355,246356,0,1,0
70328,2,1,246357,246357,246358,0,1,1
70329,5,1,246362,246362,246363,0,1,4
70330,2,2,246364,246364,246366,0,2,1
70331,1,3,246365,246366,246369,1,4,0
70332,2,3,246367,246369,246372,2,5,0
70333,6,3,246373,246373,246376,0,3,1
70334,3,2,246376,246376,246378,0,2,0
70335,6,3,246382,246382,246385,0,3,4
70336,3,1,246385,246385,246386,0,1,0
70337,6,2,246391,246391,246393,0,2,5
70338,3,2,246394,246394,246396,0,2,1
70339,3,2,246397,246397,246399,0,2,1
70340,2,3,246399,246399,246402,0,3,0
70341,2,3,246401,246402,246405,1,4,0
70342,1,3,246402,246405,246408,3,6,0
70343,3,2,246405,246408,246410,3,5,0
70344,4,1,246409,246410,246411,1,2,0
70345,3,2,246412,246412,246414,0,2,1
70346,4,3,246416,246416,246419,0,3,2
70347,6,1,246422,246422,246423,0,1,3
70348,1,2,246423,246423,246425,0,2,0
70349,3,1,246426,246426,246427,0,1,1
70350,2,1,246428,246428,246429,0,1,1
70351,5,3,246433,246433,246436,0,3,4
70352,1,2,246434,246436,246438,2,4,0
70353,3,1,246437,246438,246439,1,2,0
70354,1,2,246438,246439,246441,1,3,0
70355,2,2,246440,246441,246443,1,3,0
70356,2,1,246442,246443,246444,1,2,0
70357,3,1,246445,246445,246446,0,1,1
70358,2,1,246447,246447,246448,0,1,1
70359,1,1,246448,246448,246449,0,1,0
70360,4,1,246452,246452,246453,0,1,3
70361,2,1,246454,246454,246455,0,1,1
70362,5,1,246459,246459,246460,0,1,4
70363,1,1,246460,246460,246461,0,1,0
70364,5,2,246465,246465,246467,0,2,4
70365,2,3,246467,246467,246470,0,3,0
70366,1,3,246468,246470,246473,2,5,0
70367,6,3,246474,246474,246477,0,3,1
70368,1,2,246475,246477,246479,2,4,0
70369,2,2,246477,246479,246481,2,4,0
70370,4,2,246481,246481,246483,0,2,0
70371,2,2,246483,246483,246485,0,2,0
70372,6,3,246489,246489,246492,0,3,4
70373,6,1,246495,246495,246496,0,1,3
70374,2,2,246497,246497,246499,0,2,1
70375,4,2,246501,246501,246503,0,2,2
70376,3,1,246504,246504,246505,0,1,1
70377,6,2,246510,246510,246512,0,2,5
70378,2,3,246512,246512,246515,0,3,0
70379,6,3,246518,246518,246521,0,3,3
70380,1,2,246519,246521,246523,2,4,0
70381,4,1,246523,246523,246524,0,1,0
70382,3,2,246526,246526,246528,0,2,2
70383,5,3,246531,246531,246534,0,3,3
70384,3,1,246534,246534,246535,0,1,0
70385,3,2,246537,246537,246539,0,2,2
70386,3,2,246540,246540,246542,0,2,1
70387,2,1,246542,246542,246543,0,1,0
70388,2,2,246544,246544,246546,0,2,1
70389,1,3,246545,246546,246549,1,4,0
70390,1,1,246546,246549,246550,3,4,0
70391,6,2,246552,246552,246554,0,2,2
70392,5,2,246557,246557,246559,0,2,3
70393,1,2,246558,246559,246561,1,3,0
70394,3,1,246561,246561,246562,0,1,0
70395,3,1,246564,246564,246565,0,1,2
70396,4,3,246568,246568,246571,0,3,3
70397,6,3,246574,246574,246577,0,3,3
70398,6,3,246580,246580,246583,0,3,3
70399,4,3,246584,246584,246587,0,3,1
70400,6,1,246590,246590,246591,0,1,3
70401,4,3,246594,246594,246597,0,3,3
70402,5,1,246599,246599,246600,0,1,2
70403,2,3,246601,246601,246604,0,3,1
70404,1,2,246602,246604,246606,2,4,0
70405,1,3,246603,246606,246609,3,6,0
70406,3,2,246606,246609,246611,3,5,0
70407,6,2,246612,246612,246614,0,2,1
70408,5,1,246617,246617,246618,0,1,3
70409,1,3,246618,246618,246621,0,3,0
70410,6,3,246624,246624,246627,0,3,3
70411,2,3,246626,246627,246630,1,4,0
70412,2,3,246628,246630,246633,2,5,0
70413,3,3,246631,246633,246636,2,5,0
70414,2,2,246633,246636,246638,3,5,0
70415,3,3,246636,246638,246641,2,5,0
70416,4,3,246640,246641,246644,1,4,0
70417,2,3,246642,246644,246647,2,5,0
70418,1,1,246643,246647,246648,4,5,0
70419,1,2,246644,246648,246650,4,6,0
70420,4,3,246648,246650,246653,2,5,0
70421,3,3,246651,246653,246656,2,5,0
70422,6,1,246657,246657,246658,0,1,1
70423,1,1,246658,246658,246659,0,1,0
70424,5,2,246663,246663,246665,0,2,4
70425,1,3,246664,246665,246668,1,4,0
70426,5,2,246669,246669,246671,0,2,1
70427,4,2,246673,246673,246675,0,2,2
70428,4,1,246677,246677,246678,0,1,2
70429,6,3,246683,246683,246686,0,3,5
70430,4,3,246687,246687,246690,0,3,1
70431,5,2,246692,246692,246694,0,2,2
70432,2,3,246694,246694,246697,0,3,0
70433,1,2,246695,246697,246699,2,4,0
70434,3,2,246698,246699,246701,1,3,0
70435,2,2,246700,246701,246703,1,3,0
70436,5,2,246705,246705,246707,0,2,2
70437,2,2,246707,246707,246709,0,2,0
70438,4,2,246711,246711,246713,0,2,2
70439,4,1,246715,246715,246716,0,1,2
70440,1,3,246716,246716,246719,0,3,0
70441,2,1,246718,246719,246720,1,2,0
70442,3,1,246721,246721,246722,0,1,1
70443,4,2,246725,246725,246727,0,2,3
70444,4,3,246729,246729,246732,0,3,2
70445,6,2,246735,246735,246737,0,2,3
70446,5,1,246740,246740,246741,0,1,3
70447,5,3,246745,246745,246748,0,3,4
70448,6,2,246751,246751,246753,0,2,3
70449,5,1,246756,246756,246757,0,1,3
70450,6,2,246762,246762,246764,0,2,5
70451,1,3,246763,246764,246767,1,4,0
70452,5,2,246768,246768,246770,0,2,1
70453,5,3,246773,246773,246776,0,3,3
70454,4,2,246777,246777,246779,0,2,1
70455,5,2,246782,246782,246784,0,2,3
70456,5,1,246787,246787,246788,0,1,3
70457,2,3,246789,246789,246792,0,3,1
70458,1,3,246790,246792,246795,2,5,0
70459,5,1,246795,246795,246796,0,1,0
70460,2,1,246797,246797,246798,0,1,1
70461,1,2,246798,246798,246800,0,2,0
70462,5,2,246803,246803,246805,0,2,3
70463,1,1,246804,246805,246806,1,2,0
70464,2,2,246806,246806,246808,0,2,0
70465,3,2,246809,246809,246811,0,2,1
70466,2,1,246811,246811,246812,0,1,0
70467,4,2,246815,246815,246817,0,2,3
70468,4,2,246819,246819,246821,0,2,2
70469,1,2,246820,246821,246823,1,3,0
70470,5,1,246825,246825,246826,0,1,2
70471,1,1,246826,246826,246827,0,1,0
70472,2,3,246828,246828,246831,0,3,1
70473,6,1,246834,246834,246835,0,1,3
70474,3,3,246837,246837,246840,0,3,2
70475,5,3,246842,246842,246845,0,3,2
70476,3,3,246845,246845,246848,0,3,0
70477,4,2,246849,246849,246851,0,2,1
70478,3,2,246852,246852,246854,0,2,1
70479,3,3,246855,246855,246858,0,3,1
70480,4,2,246859,246859,246861,0,2,1
70481,1,1,246860,246861,246862,1,2,0
70482,5,2,246865,246865,246867,0,2,3
70483,6,2,246871,246871,246873,0,2,4
70484,1,3,246872,246873,246876,1,4,0
70485,6,2,246878,246878,246880,0,2,2
70486,3,2,246881,246881,246883,0,2,1
70487,2,1,246883,246883,246884,0,1,0
70488,2,3,246885,246885,246888,0,3,1
70489,6,3,246891,246891,246894,0,3,3
70490,2,2,246893,246894,246896,1,3,0
70491,5,3,246898,246898,246901,0,3,2
70492,1,3,246899,246901,246904,2,5,0
70493,3,3,246902,246904,246907,2,5,0
70494,1,1,246903,246907,246908,4,5,0
70495,5,1,246908,246908,246909,0,1,0
70496,3,3,246911,246911,246914,0,3,2
70497,3,3,246914,246914,246917,0,3,0
70498,1,3,246915,246917,246920,2,5,0
70499,6,1,246921,246921,246922,0,1,1
70500,1,2,246922,246922,246924,0,2,0
70501,6,2,246928,246928,246930,0,2,4
70502,2,3,246930,246930,246933,0,3,0
70503,1,2,246931,246933,246935,2,4,0
70504,2,3,246933,246935,246938,2,5,0
70505,2,3,246935,246938,246941,3,6,0
70506,5,3,246940,246941,246944,1,4,0
70507,6,2,246946,246946,246948,0,2,2
70508,6,3,246952,246952,246955,0,3,4
70509,2,1,246954,246955,246956,1,2,0
70510,4,1,246958,246958,246959,0,1,2
70511,4,3,246962,246962,246965,0,3,3
70512,1,2,246963,246965,246967,2,4,0
70513,6,2,246969,246969,246971,0,2,2
70514,5,2,246974,246974,246976,0,2,3
70515,2,2,246976,246976,246978,0,2,0
70516,3,3,246979,246979,246982,0,3,1
70517,4,1,246983,246983,246984,0,1,1
70518,5,3,246988,246988,246991,0,3,4
70519,4,3,246992,246992,246995,0,3,1
70520,3,3,246995,246995,246998,0,3,0
70521,5,2,247000,247000,247002,0,2,2
70522,4,1,247004,247004,247005,0,1,2
70523,4,1,247008,247008,247009,0,1,3
70524,6,3,247014,247014,247017,0,3,5
70525,3,3,247017,247017,247020,0,3,0
70526,3,1,247020,247020,247021,0,1,0
70527,3,3,247023,247023,247026,0,3,2
70528,1,2,247024,247026,247028,2,4,0
70529,4,3,247028,247028,247031,0,3,0
70530,3,3,247031,247031,247034,0,3,0
70531,3,3,247034,247034,247037,0,3,0
70532,6,1,247040,247040,247041,0,1,3
70533,3,1,247043,247043,247044,0,1,2
70534,6,1,247049,247049,247050,0,1,5
70535,1,1,247050,247050,247051,0,1,0
70536,1,3,247051,247051,247054,0,3,0
70537,6,2,247057,247057,247059,0,2,3
70538,5,2,247062,247062,247064,0,2,3
70539,1,3,247063,247064,247067,1,4,0
70540,6,1,247069,247069,247070,0,1,2
70541,1,1,247070,247070,247071,0,1,0
70542,2,2,247072,247072,247074,0,2,1
70543,2,2,247074,247074,247076,0,2,0
70544,6,2,247080,247080,247082,0,2,4
70545,2,3,247082,247082,247085,0,3,0
70546,6,1,247088,247088,247089,0,1,3
70547,3,2,247091,247091,247093,0,2,2
70548,4,2,247095,247095,247097,0,2,2
70549,6,2,247101,247101,247103,0,2,4
70550,2,1,247103,247103,247104,0,1,0
70551,4,3,247107,247107,247110,0,3,3
70552,6,3,247113,247113,247116,0,3,3
70553,2,2,247115,247116,247118,1,3,0
70554,3,3,247118,247118,247121,0,3,0
70555,1,2,247119,247121,247123,2,4,0
70556,2,2,247121,247123,247125,2,4,0
70557,5,2,247126,247126,247128,0,2,1
70558,4,2,247130,247130,247132,0,2,2
70559,5,3,247135,247135,247138,0,3,3
70560,3,3,247138,247138,247141,0,3,0
70561,4,3,247142,247142,247145,0,3,1
70562,4,3,247146,247146,247149,0,3,1
70563,3,2,247149,247149,247151,0,2,0
70564,2,2,247151,247151,247153,0,2,0
70565,4,1,247155,247155,247156,0,1,2
70566,1,1,247156,247156,247157,0,1,0
70567,4,1,247160,247160,247161,0,1,3
70568,4,1,247164,247164,247165,0,1,3
70569,2,3,247166,247166,247169,0,3,1
70570,6,2,247172,247172,247174,0,2,3
70571,3,3,247175,247175,247178,0,3,1
70572,3,2,247178,247178,247180,0,2,0
70573,6,3,247184,247184,247187,0,3,4
70574,1,1,247185,247187,247188,2,3,0
70575,6,3,247191,247191,247194,0,3,3
70576,2,1,247193,247194,247195,1,2,0
70577,4,2,247197,247197,247199,0,2,2
70578,2,2,247199,247199,247201,0,2,0
70579,3,2,247202,247202,247204,0,2,1
70580,1,2,247203,247204,247206,1,3,0
70581,3,2,247206,247206,247208,0,2,0
70582,5,1,247211,247211,247212,0,1,3
70583,1,1,247212,247212,247213,0,1,0
70584,4,3,247216,247216,247219,0,3,3
70585,5,1,247221,247221,247222,0,1,2
70586,1,3,247222,247222,247225,0,3,0
70587,3,3,247225,247225,247228,0,3,0
70588,4,3,247229,247229,247232,0,3,1
70589,3,1,247232,247232,247233,0,1,0
70590,1,3,247233,247233,247236,0,3,0
70591,5,3,247238,247238,247241,0,3,2
70592,1,1,247239,247241,247242,2,3,0
70593,3,1,247242,247242,247243,0,1,0
70594,3,3,247245,247245,247248,0,3,2
70595,1,2,247246,247248,247250,2,4,0
70596,6,1,247252,247252,247253,0,1,2
70597,1,1,247253,247253,247254,0,1,0
70598,5,2,247258,247258,247260,0,2,4
70599,6,1,247264,247264,247265,0,1,4
70600,5,2,247269,247269,247271,0,2,4
70601,3,2,247272,247272,247274,0,2,1
70602,1,2,247273,247274,247276,1,3,0
70603,2,1,247275,247276,247277,1,2,0
70604,5,1,247280,247280,247281,0,1,3
70605,2,3,247282,247282,247285,0,3,1
70606,2,2,247284,247285,247287,1,3,0
70607,3,1,247287,247287,247288,0,1,0
70608,3,2,247290,247290,247292,0,2,2
70609,4,3,247294,247294,247297,0,3,2
70610,2,1,247296,247297,247298,1,2,0
70611,5,3,247301,247301,247304,0,3,3
70612,5,2,247306,247306,247308,0,2,2
70613,1,2,247307,247308,247310,1,3,0
70614,2,1,247309,247310,247311,1,2,0
70615,5,3,247314,247314,247317,0,3,3
70616,4,2,247318,247318,247320,0,2,1
70617,4,1,247322,247322,247323,0,1,2
70618,2,3,247324,247324,247327,0,3,1
70619,5,2,247329,247329,247331,0,2,2
70620,4,1,247333,247333,247334,0,1,2
70621,1,3,247334,247334,247337,0,3,0
70622,3,3,247337,247337,247340,0,3,0
70623,2,3,247339,247340,247343,1,4,0
70624,5,2,247344,247344,247346,0,2,1
70625,5,2,247349,247349,247351,0,2,3
70626,6,2,247355,247355,247357,0,2,4
70627,2,3,247357,247357,247360,0,3,0
70628,2,1,247359,247360,247361,1,2,0
70629,2,2,247361,247361,247363,0,2,0
70630,4,3,247365,247365,247368,0,3,2
70631,6,2,247371,247371,247373,0,2,3
70632,3,3,247374,247374,247377,0,3,1
70633,4,3,247378,247378,247381,0,3,1
70634,1,2,247379,247381,247383,2,4,0
70635,6,1,247385,247385,247386,0,1,2
70636,6,2,247391,247391,247393,0,2,5
70637,5,2,247396,247396,247398,0,2,3
70638,1,3,247397,247398,247401,1,4,0
70639,3,3,247400,247401,247404,1,4,0
70640,3,3,247403,247404,247407,1,4,0
70641,2,2,247405,247407,247409,2,4,0
70642,5,1,247410,247410,247411,0,1,1
70643,3,3,247413,247413,247416,0,3,2
70644,4,1,247417,247417,247418,0,1,1
70645,1,3,247418,247418,247421,0,3,0
70646,4,2,247422,247422,247424,0,2,1
70647,6,1,247428,247428,247429,0,1,4
70648,2,3,247430,247430,247433,0,3,1
70649,3,1,247433,247433,247434,0,1,0
70650,3,3,247436,247436,247439,0,3,2
70651,4,1,247440,247440,247441,0,1,1
70652,5,2,247445,247445,247447,0,2,4
70653,2,1,247447,247447,247448,0,1,0
70654,1,2,247448,247448,247450,0,2,0
70655,2,2,247450,247450,247452,0,2,0
70656,4,1,247454,247454,247455,0,1,2
70657,2,3,247456,247456,247459,0,3,1
70658,2,3,247458,247459,247462,1,4,0
70659,3,3,247461,247462,247465,1,4,0
70660,4,3,247465,247465,247468,0,3,0
70661,1,3,247466,247468,247471,2,5,0
70662,4,1,247470,247471,247472,1,2,0
70663,1,1,247471,247472,247473,1,2,0
70664,2,1,247473,247473,247474,0,1,0
70665,4,1,247477,247477,247478,0,1,3
70666,1,3,247478,247478,247481,0,3,0
70667,4,2,247482,247482,247484,0,2,1
70668,6,3,247488,247488,247491,0,3,4
70669,2,2,247490,247491,247493,1,3,0
70670,5,1,247495,247495,247496,0,1,2
70671,1,1,247496,247496,247497,0,1,0
70672,2,1,247498,247498,247499,0,1,1
70673,1,1,247499,247499,247500,0,1,0
70674,6,3,247505,247505,247508,0,3,5
70675,6,1,247511,247511,247512,0,1,3
70676,5,1,247516,247516,247517,0,1,4
70677,4,2,247520,247520,247522,0,2,3
70678,4,2,247524,247524,247526,0,2,2
70679,2,1,247526,247526,247527,0,1,0
70680,2,1,247528,247528,247529,0,1,1
70681,4,1,247532,247532,247533,0,1,3
70682,3,3,247535,247535,247538,0,3,2
70683,6,2,247541,247541,247543,0,2,3
70684,6,1,247547,247547,247548,0,1,4
70685,5,3,247552,247552,247555,0,3,4
70686,5,2,247557,247557,247559,0,2,2
70687,3,2,247560,247560,247562,0,2,1
70688,1,2,247561,247562,247564,1,3,0
70689,2,1,247563,247564,247565,1,2,0
70690,6,2,247569,247569,247571,0,2,4
70691,6,1,247575,247575,247576,0,1,4
70692,1,1,247576,247576,247577,0,1,0
70693,3,2,247579,247579,247581,0,2,2
70694,6,3,247585,247585,247588,0,3,4
70695,3,2,247588,247588,247590,0,2,0
70696,5,3,247593,247593,247596,0,3,3
70697,2,3,247595,247596,247599,1,4,0
70698,2,3,247597,247599,247602,2,5,0
70699,3,1,247600,247602,247603,2,3,0
70700,3,2,247603,247603,247605,0,2,0
70701,4,1,247607,247607,247608,0,1,2
70702,4,3,247611,247611,247614,0,3,3
70703,1,2,247612,247614,247616,2,4,0
70704,6,3,247618,247618,247621,0,3,2
70705,6,1,247624,247624,247625,0,1,3
70706,4,2,247628,247628,247630,0,2,3
70707,5,3,247633,247633,247636,0,3,3
70708,2,3,247635,247636,247639,1,4,0
70709,4,1,247639,247639,247640,0,1,0
70710,4,3,247643,247643,247646,0,3,3
70711,1,2,247644,247646,247648,2,4,0
70712,4,2,247648,247648,247650,0,2,0
70713,2,2,247650,247650,247652,0,2,0
70714,3,2,247653,247653,247655,0,2,1
70715,1,3,247654,247655,247658,1,4,0
70716,1,3,247655,247658,247661,3,6,0
70717,1,2,247656,247661,247663,5,7,0
70718,3,2,247659,247663,247665,4,6,0
70719,2,2,247661,247665,247667,4,6,0
70720,2,3,247663,247667,247670,4,7,0
70721,2,2,247665,247670,247672,5,7,0
70722,5,3,247670,247672,247675,2,5,0
70723,3,1,247673,247675,247676,2,3,0
70724,4,3,247677,247677,247680,0,3,1
70725,3,2,247680,247680,247682,0,2,0
70726,3,3,247683,247683,247686,0,3,1
70727,2,1,247685,247686,247687,1,2,0
70728,4,2,247689,247689,247691,0,2,2
70729,4,2,247693,247693,247695,0,2,2
70730,4,3,247697,247697,247700,0,3,2
70731,6,3,247703,247703,247706,0,3,3
70732,6,2,247709,247709,247711,0,2,3
70733,3,3,247712,247712,247715,0,3,1
70734,1,1,247713,247715,247716,2,3,0
70735,4,3,247717,247717,247720,0,3,1
70736,2,3,247719,247720,247723,1,4,0
70737,2,3,247721,247723,247726,2,5,0
70738,2,1,247723,247726,247727,3,4,0
70739,4,3,247727,247727,247730,0,3,0
70740,3,1,247730,247730,247731,0,1,0
70741,2,3,247732,247732,247735,0,3,1
70742,5,3,247737,247737,247740,0,3,2
70743,4,3,247741,247741,247744,0,3,1
70744,5,1,247746,247746,247747,0,1,2
70745,1,1,247747,247747,247748,0,1,0
70746,5,2,247752,247752,247754,0,2,4
70747,4,1,247756,247756,247757,0,1,2
70748,4,2,247760,247760,247762,0,2,3
70749,3,1,247763,247763,247764,0,1,1
70750,4,1,247767,247767,247768,0,1,3
70751,3,3,247770,247770,247773,0,3,2
70752,4,2,247774,247774,247776,0,2,1
70753,6,3,247780,247780,247783,0,3,4
70754,6,3,247786,247786,247789,0,3,3
70755,5,2,247791,247791,247793,0,2,2
70756,2,2,247793,247793,247795,0,2,0
70757,5,2,247798,247798,247800,0,2,3
70758,1,3,247799,247800,247803,1,4,0
70759,5,2,247804,247804,247806,0,2,1
70760,6,3,247810,247810,247813,0,3,4
70761,5,2,247815,247815,247817,0,2,2
70762,1,1,247816,247817,247818,1,2,0
70763,3,3,247819,247819,247822,0,3,1
70764,3,2,247822,247822,247824,0,2,0
70765,4,3,247826,247826,247829,0,3,2
70766,1,3,247827,247829,247832,2,5,0
70767,3,2,247830,247832,247834,2,4,0
70768,3,2,247833,247834,247836,1,3,0
70769,1,3,247834,247836,247839,2,5,0
70770,1,1,247835,247839,247840,4,5,0
70771,3,1,247838,247840,247841,2,3,0
70772,6,2,247844,247844,247846,0,2,3
70773,3,1,247847,247847,247848,0,1,1
70774,2,3,247849,247849,247852,0,3,1
70775,4,2,247853,247853,247855,0,2,1
70776,5,1,247858,247858,247859,0,1,3
70777,2,2,247860,247860,247862,0,2,1
70778,2,1,247862,247862,247863,0,1,0
70779,1,3,247863,247863,247866,0,3,0
70780,1,2,247864,247866,247868,2,4,0
70781,3,2,247867,247868,247870,1,3,0
70782,3,2,247870,247870,247872,0,2,0
70783,6,1,247876,247876,247877,0,1,4
70784,6,3,247882,247882,247885,0,3,5
70785,2,2,247884,247885,247887,1,3,0
70786,4,3,247888,247888,247891,0,3,1
70787,3,3,247891,247891,247894,0,3,0
70788,5,3,247896,247896,247899,0,3,2
70789,2,1,247898,247899,247900,1,2,0
70790,4,3,247902,247902,247905,0,3,2
70791,5,2,247907,247907,247909,0,2,2
70792,2,1,247909,247909,247910,0,1,0
70793,6,1,247915,247915,247916,0,1,5
70794,4,2,247919,247919,247921,0,2,3
70795,1,3,247920,247921,247924,1,4,0
70796,1,2,247921,247924,247926,3,5,0
70797,1,3,247922,247926,247929,4,7,0
70798,5,3,247927,247929,247932,2,5,0
70799,6,2,247933,247933,247935,0,2,1
70800,1,3,247934,247935,247938,1,4,0
70801,3,3,247937,247938,247941,1,4,0
70802,3,2,247940,247941,247943,1,3,0
70803,2,2,247942,247943,247945,1,3,0
70804,2,3,247944,247945,247948,1,4,0
70805,6,3,247950,247950,247953,0,3,2
70806,6,3,247956,247956,247959,0,3,3
70807,5,2,247961,247961,247963,0,2,2
70808,2,3,247963,247963,247966,0,3,0
70809,2,1,247965,247966,247967,1,2,0
70810,5,2,247970,247970,247972,0,2,3
70811,6,1,247976,247976,247977,0,1,4
70812,1,3,247977,247977,247980,0,3,0
70813,3,1,247980,247980,247981,0,1,0
70814,2,3,247982,247982,247985,0,3,1
70815,1,1,247983,247985,247986,2,3,0
70816,4,1,247987,247987,247988,0,1,1
70817,6,1,247993,247993,247994,0,1,5
70818,6,2,247999,247999,248001,0,2,5
70819,4,1,248003,248003,248004,0,1,2
70820,1,1,248004,248004,248005,0,1,0
70821,1,1,248005,248005,248006,0,1,0
70822,4,3,248009,248009,248012,0,3,3
70823,1,2,248010,248012,248014,2,4,0
70824,3,1,248013,248014,248015,1,2,0
70825,4,2,248017,248017,248019,0,2,2
70826,6,3,248023,248023,248026,0,3,4
70827,4,3,248027,248027,248030,0,3,1
70828,4,3,248031,248031,248034,0,3,1
70829,1,2,248032,248034,248036,2,4,0
70830,1,2,248033,248036,248038,3,5,0
70831,3,3,248036,248038,248041,2,5,0
70832,1,1,248037,248041,248042,4,5,0
70833,2,2,248039,248042,248044,3,5,0
70834,2,3,248041,248044,248047,3,6,0
70835,6,3,248047,248047,248050,0,3,0
70836,6,3,248053,248053,248056,0,3,3
70837,3,3,248056,248056,248059,0,3,0
70838,2,3,248058,248059,248062,1,4,0
70839,2,2,248060,248062,248064,2,4,0
70840,2,1,248062,248064,248065,2,3,0
70841,1,3,248063,248065,248068,2,5,0
70842,5,1,248068,248068,248069,0,1,0
70843,4,3,248072,248072,248075,0,3,3
70844,1,3,248073,248075,248078,2,5,0
70845,5,3,248078,248078,248081,0,3,0
70846,3,3,248081,248081,248084,0,3,0
70847,3,3,248084,248084,248087,0,3,0
70848,2,1,248086,248087,248088,1,2,0
70849,2,3,248088,248088,248091,0,3,0
70850,1,1,248089,248091,248092,2,3,0
70851,2,3,248091,248092,248095,1,4,0
70852,4,3,248095,248095,248098,0,3,0
70853,6,2,248101,248101,248103,0,2,3
70854,1,2,248102,248103,248105,1,3,0
70855,5,3,248107,248107,248110,0,3,2
70856,1,3,248108,248110,248113,2,5,0
70857,5,2,248113,248113,248115,0,2,0
70858,3,3,248116,248116,248119,0,3,1
70859,2,3,248118,248119,248122,1,4,0
70860,4,2,248122,248122,248124,0,2,0
70861,5,1,248127,248127,248128,0,1,3
70862,3,2,248130,248130,248132,0,2,2
70863,1,2,248131,248132,248134,1,3,0
70864,1,1,248132,248134,248135,2,3,0
70865,5,1,248137,248137,248138,0,1,2
70866,3,2,248140,248140,248142,0,2,2
70867,1,1,248141,248142,248143,1,2,0
70868,5,1,248146,248146,248147,0,1,3
70869,2,2,248148,248148,248150,0,2,1
70870,6,1,248154,248154,248155,0,1,4
70871,1,2,248155,248155,248157,0,2,0
70872,2,1,248157,248157,248158,0,1,0
70873,6,3,248163,248163,248166,0,3,5
70874,2,2,248165,248166,248168,1,3,0
70875,4,3,248169,248169,248172,0,3,1
70876,5,1,248174,248174,248175,0,1,2
70877,1,3,248175,248175,248178,0,3,0
70878,2,2,248177,248178,248180,1,3,0
70879,1,3,248178,248180,248183,2,5,0
70880,3,1,248181,248183,248184,2,3,0
70881,5,2,248186,248186,248188,0,2,2
70882,2,3,248188,248188,248191,0,3,0
70883,6,3,248194,248194,248197,0,3,3
70884,1,2,248195,248197,248199,2,4,0
70885,2,3,248197,248199,248202,2,5,0
70886,6,1,248203,248203,248204,0,1,1
70887,3,1,248206,248206,248207,0,1,2
70888,2,3,248208,248208,248211,0,3,1
70889,5,3,248213,248213,248216,0,3,2
70890,5,2,248218,248218,248220,0,2,2
70891,5,1,248223,248223,248224,0,1,3
70892,4,3,248227,248227,248230,0,3,3
70893,1,1,248228,248230,248231,2,3,0
70894,2,1,248230,248231,248232,1,2,0
70895,2,3,248232,248232,248235,0,3,0
70896,3,2,248235,248235,248237,0,2,0
70897,5,3,248240,248240,248243,0,3,3
70898,2,3,248242,248243,248246,1,4,0
70899,2,3,248244,248246,248249,2,5,0
70900,2,1,248246,248249,248250,3,4,0
70901,5,2,248251,248251,248253,0,2,1
70902,4,3,248255,248255,248258,0,3,2
70903,2,3,248257,248258,248261,1,4,0
70904,2,1,248259,248261,248262,2,3,0
70905,6,2,248265,248265,248267,0,2,3
70906,3,3,248268,248268,248271,0,3,1
70907,5,1,248273,248273,248274,0,1,2
70908,4,2,248277,248277,248279,0,2,3
70909,6,3,248283,248283,248286,0,3,4
70910,3,3,248286,248286,248289,0,3,0
70911,2,1,248288,248289,248290,1,2,0
70912,4,1,248292,248292,248293,0,1,2
70913,1,3,248293,248293,248296,0,3,0
70914,5,1,248298,248298,248299,0,1,2
70915,3,1,248301,248301,248302,0,1,2
70916,1,1,248302,248302,248303,0,1,0
70917,4,1,248306,248306,248307,0,1,3
70918,5,3,248311,248311,248314,0,3,4
70919,5,2,248316,248316,248318,0,2,2
70920,2,3,248318,248318,248321,0,3,0
70921,3,1,248321,248321,248322,0,1,0
70922,6,3,248327,248327,248330,0,3,5
70923,5,3,248332,248332,248335,0,3,2
70924,4,3,248336,248336,248339,0,3,1
70925,4,3,248340,248340,248343,0,3,1
70926,6,3,248346,248346,248349,0,3,3
70927,1,1,248347,248349,248350,2,3,0
70928,3,1,248350,248350,248351,0,1,0
70929,5,2,248355,248355,248357,0,2,4
70930,5,2,248360,248360,248362,0,2,3
70931,4,1,248364,248364,248365,0,1,2
70932,5,2,248369,248369,248371,0,2,4
70933,6,1,248375,248375,248376,0,1,4
70934,6,1,248381,248381,248382,0,1,5
70935,6,2,248387,248387,248389,0,2,5
70936,1,1,248388,248389,248390,1,2,0
70937,4,1,248392,248392,248393,0,1,2
70938,5,1,248397,248397,248398,0,1,4
70939,4,2,248401,248401,248403,0,2,3
70940,5,3,248406,248406,248409,0,3,3
70941,1,1,248407,248409,248410,2,3,0
70942,4,2,248411,248411,248413,0,2,1
70943,6,2,248417,248417,248419,0,2,4
70944,6,3,248423,248423,248426,0,3,4
70945,6,3,248429,248429,248432,0,3,3
70946,6,1,248435,248435,248436,0,1,3
70947,1,1,248436,248436,248437,0,1,0
70948,2,1,248438,248438,248439,0,1,1
70949,6,3,248444,248444,248447,0,3,5
70950,1,1,248445,248447,248448,2,3,0
70951,2,2,248447,248448,248450,1,3,0
70952,6,1,248453,248453,248454,0,1,3
70953,2,1,248455,248455,248456,0,1,1
70954,4,2,248459,248459,248461,0,2,3
70955,4,2,248463,248463,248465,0,2,2
70956,1,2,248464,248465,248467,1,3,0
70957,5,2,248469,248469,248471,0,2,2
70958,5,2,248474,248474,248476,0,2,3
70959,4,2,248478,248478,248480,0,2,2
70960,3,2,248481,248481,248483,0,2,1
70961,3,2,248484,248484,248486,0,2,1
70962,3,2,248487,248487,248489,0,2,1
70963,2,2,248489,248489,248491,0,2,0
70964,4,3,248493,248493,248496,0,3,2
70965,6,3,248499,248499,248502,0,3,3
70966,6,3,248505,248505,248508,0,3,3
70967,3,3,248508,248508,248511,0,3,0
70968,5,1,248513,248513,248514,0,1,2
70969,2,3,248515,248515,248518,0,3,1
70970,3,3,248518,248518,248521,0,3,0
70971,5,3,248523,248523,248526,0,3,2
70972,6,2,248529,248529,248531,0,2,3
70973,1,1,248530,248531,248532,1,2,0
70974,1,3,248531,248532,248535,1,4,0
70975,4,3,248535,248535,248538,0,3,0
70976,4,3,248539,248539,248542,0,3,1
70977,6,1,248545,248545,248546,0,1,3
70978,4,3,248549,248549,248552,0,3,3
70979,3,1,248552,248552,248553,0,1,0
70980,6,1,248558,248558,248559,0,1,5
70981,1,3,248559,248559,248562,0,3,0
70982,6,1,248565,248565,248566,0,1,3
70983,1,2,248566,248566,248568,0,2,0
70984,4,3,248570,248570,248573,0,3,2
70985,2,3,248572,248573,248576,1,4,0
70986,1,1,248573,248576,248577,3,4,0
70987,2,1,248575,248577,248578,2,3,0
70988,5,3,248580,248580,248583,0,3,2
70989,2,2,248582,248583,248585,1,3,0
70990,3,1,248585,248585,248586,0,1,0
70991,4,1,248589,248589,248590,0,1,3
70992,3,1,248592,248592,248593,0,1,2
70993,4,2,248596,248596,248598,0,2,3
70994,3,2,248599,248599,248601,0,2,1
70995,5,1,248604,248604,248605,0,1,3
70996,5,2,248609,248609,248611,0,2,4
70997,1,2,248610,248611,248613,1,3,0
70998,1,2,248611,248613,248615,2,4,0
70999,3,2,248614,248615,248617,1,3,0
71000,4,2,248618,248618,248620,0,2,1
71001,3,1,248621,248621,248622,0,1,1
71002,1,1,248622,248622,248623,0,1,0
71003,5,1,248627,248627,248628,0,1,4
71004,4,3,248631,248631,248634,0,3,3
71005,6,1,248637,248637,248638,0,1,3
71006,5,3,248642,248642,248645,0,3,4
71007,4,1,248646,248646,248647,0,1,1
71008,4,3,248650,248650,248653,0,3,3
71009,5,1,248655,248655,248656,0,1,2
71010,4,2,248659,248659,248661,0,2,3
71011,1,2,248660,248661,248663,1,3,0
71012,5,1,248665,248665,248666,0,1,2
71013,3,3,248668,248668,248671,0,3,2
71014,5,1,248673,248673,248674,0,1,2
71015,5,1,248678,248678,248679,0,1,4
71016,6,1,248684,248684,248685,0,1,5
71017,3,2,248687,248687,248689,0,2,2
71018,4,1,248691,248691,248692,0,1,2
71019,3,2,248694,248694,248696,0,2,2
71020,6,1,248700,248700,248701,0,1,4
71021,6,2,248706,248706,248708,0,2,5
71022,6,2,248712,248712,248714,0,2,4
71023,1,1,248713,248714,248715,1,2,0
71024,2,1,248715,248715,248716,0,1,0
71025,3,2,248718,248718,248720,0,2,2
71026,1,3,248719,248720,248723,1,4,0
71027,5,1,248724,248724,248725,0,1,1
71028,4,1,248728,248728,248729,0,1,3
71029,2,3,248730,248730,248733,0,3,1
71030,6,2,248736,248736,248738,0,2,3
71031,1,3,248737,248738,248741,1,4,0
71032,5,3,248742,248742,248745,0,3,1
71033,2,3,248744,248745,248748,1,4,0
71034,5,2,248749,248749,248751,0,2,1
71035,6,3,248755,248755,248758,0,3,4
71036,4,3,248759,248759,248762,0,3,1
71037,1,1,248760,248762,248763,2,3,0
71038,4,2,248764,248764,248766,0,2,1
71039,6,3,248770,248770,248773,0,3,4
71040,1,3,248771,248773,248776,2,5,0
71041,2,3,248773,248776,248779,3,6,0
71042,6,3,248779,248779,248782,0,3,0
71043,6,2,248785,248785,248787,0,2,3
71044,3,3,248788,248788,248791,0,3,1
71045,2,3,248790,248791,248794,1,4,0
71046,6,1,248796,248796,248797,0,1,2
71047,5,1,248801,248801,248802,0,1,4
71048,6,3,248807,248807,248810,0,3,5
71049,1,1,248808,248810,248811,2,3,0
71050,5,2,248813,248813,248815,0,2,2
71051,3,2,248816,248816,248818,0,2,1
71052,6,2,248822,248822,248824,0,2,4
71053,4,1,248826,248826,248827,0,1,2
71054,4,1,248830,248830,248831,0,1,3
71055,6,3,248836,248836,248839,0,3,5
71056,5,1,248841,248841,248842,0,1,2
71057,6,1,248847,248847,248848,0,1,5
71058,5,1,248852,248852,248853,0,1,4
71059,4,1,248856,248856,248857,0,1,3
71060,4,2,248860,248860,248862,0,2,3
71061,2,1,248862,248862,248863,0,1,0
71062,6,3,248868,248868,248871,0,3,5
71063,4,3,248872,248872,248875,0,3,1
71064,5,3,248877,248877,248880,0,3,2
71065,2,2,248879,248880,248882,1,3,0
71066,2,1,248881,248882,248883,1,2,0
71067,1,3,248882,248883,248886,1,4,0
71068,4,2,248886,248886,248888,0,2,0
71069,4,1,248890,248890,248891,0,1,2
71070,5,1,248895,248895,248896,0,1,4
71071,1,1,248896,248896,248897,0,1,0
71072,5,2,248901,248901,248903,0,2,4
71073,2,2,248903,248903,248905,0,2,0
71074,5,3,248908,248908,248911,0,3,3
71075,5,3,248913,248913,248916,0,3,2
71076,6,1,248919,248919,248920,0,1,3
71077,3,1,248922,248922,248923,0,1,2
71078,6,2,248928,248928,248930,0,2,5
71079,6,2,248934,248934,248936,0,2,4
71080,5,2,248939,248939,248941,0,2,3
71081,6,2,248945,248945,248947,0,2,4
71082,2,1,248947,248947,248948,0,1,0
71083,1,3,248948,248948,248951,0,3,0
71084,2,3,248950,248951,248954,1,4,0
71085,1,3,248951,248954,248957,3,6,0
71086,2,2,248953,248957,248959,4,6,0
71087,5,3,248958,248959,248962,1,4,0
71088,1,3,248959,248962,248965,3,6,0
71089,3,2,248962,248965,248967,3,5,0
71090,2,3,248964,248967,248970,3,6,0
71091,5,1,248969,248970,248971,1,2,0
71092,6,2,248975,248975,248977,0,2,4
71093,3,1,248978,248978,248979,0,1,1
71094,3,3,248981,248981,248984,0,3,2
71095,5,1,248986,248986,248987,0,1,2
71096,5,2,248991,248991,248993,0,2,4
71097,2,1,248993,248993,248994,0,1,0
71098,2,1,248995,248995,248996,0,1,1
71099,5,3,249000,249000,249003,0,3,4
71100,3,3,249003,249003,249006,0,3,0
71101,2,2,249005,249006,249008,1,3,0
71102,4,2,249009,249009,249011,0,2,1
71103,2,2,249011,249011,249013,0,2,0
71104,4,1,249015,249015,249016,0,1,2
71105,1,1,249016,249016,249017,0,1,0
71106,4,1,249020,249020,249021,0,1,3
71107,2,3,249022,249022,249025,0,3,1
71108,3,3,249025,249025,249028,0,3,0
71109,2,2,249027,249028,249030,1,3,0
71110,4,3,249031,249031,249034,0,3,1
71111,1,1,249032,249034,249035,2,3,0
71112,6,1,249038,249038,249039,0,1,3
71113,4,1,249042,249042,249043,0,1,3
71114,6,3,249048,249048,249051,0,3,5
71115,3,2,249051,249051,249053,0,2,0
71116,5,3,249056,249056,249059,0,3,3
71117,1,2,249057,249059,249061,2,4,0
71118,2,3,249059,249061,249064,2,5,0
71119,1,2,249060,249064,249066,4,6,0
71120,1,1,249061,249066,249067,5,6,0
71121,3,2,249064,249067,249069,3,5,0
71122,4,2,249068,249069,249071,1,3,0
71123,6,3,249074,249074,249077,0,3,3
71124,6,2,249080,249080,249082,0,2,3
71125,6,3,249086,249086,249089,0,3,4
71126,1,2,249087,249089,249091,2,4,0
71127,5,2,249092,249092,249094,0,2,1
71128,5,3,249097,249097,249100,0,3,3
71129,6,1,249103,249103,249104,0,1,3
71130,3,2,249106,249106,249108,0,2,2
71131,3,3,249109,249109,249112,0,3,1
71132,3,3,249112,249112,249115,0,3,0
71133,5,2,249117,249117,249119,0,2,2
71134,6,3,249123,249123,249126,0,3,4
71135,5,2,249128,249128,249130,0,2,2
71136,2,1,249130,249130,249131,0,1,0
71137,5,3,249135,249135,249138,0,3,4
71138,4,1,249139,249139,249140,0,1,1
71139,6,3,249145,249145,249148,0,3,5
71140,5,3,249150,249150,249153,0,3,2
71141,5,1,249155,249155,249156,0,1,2
71142,5,3,249160,249160,249163,0,3,4
71143,5,1,249165,249165,249166,0,1,2
71144,6,3,249171,249171,249174,0,3,5
71145,2,1,249173,249174,249175,1,2,0
71146,3,3,249176,249176,249179,0,3,1
71147,5,1,249181,249181,249182,0,1,2
71148,3,1,249184,249184,249185,0,1,2
71149,4,1,249188,249188,249189,0,1,3
71150,6,2,249194,249194,249196,0,2,5
71151,3,1,249197,249197,249198,0,1,1
71152,5,1,249202,249202,249203,0,1,4
71153,3,1,249205,249205,249206,0,1,2
71154,1,1,249206,249206,249207,0,1,0
71155,1,2,249207,249207,249209,0,2,0
71156,6,2,249213,249213,249215,0,2,4
71157,5,3,249218,249218,249221,0,3,3
71158,3,1,249221,249221,249222,0,1,0
71159,2,2,249223,249223,249225,0,2,1
71160,2,3,249225,249225,249228,0,3,0
71161,6,3,249231,249231,249234,0,3,3
71162,6,1,249237,249237,249238,0,1,3
71163,2,3,249239,249239,249242,0,3,1
71164,3,3,249242,249242,249245,0,3,0
71165,6,1,249248,249248,249249,0,1,3
71166,4,1,249252,249252,249253,0,1,3
71167,4,3,249256,249256,249259,0,3,3
71168,6,3,249262,249262,249265,0,3,3
71169,3,3,249265,249265,249268,0,3,0
71170,1,2,249266,249268,249270,2,4,0
71171,4,1,249270,249270,249271,0,1,0
71172,5,2,249275,249275,249277,0,2,4
71173,6,3,249281,249281,249284,0,3,4
71174,6,2,249287,249287,249289,0,2,3
71175,4,1,249291,249291,249292,0,1,2
71176,1,3,249292,249292,249295,0,3,0
71177,5,1,249297,249297,249298,0,1,2
71178,3,3,249300,249300,249303,0,3,2
71179,1,3,249301,249303,249306,2,5,0
71180,3,3,249304,249306,249309,2,5,0
71181,6,1,249310,249310,249311,0,1,1
71182,5,1,249315,249315,249316,0,1,4
71183,4,3,249319,249319,249322,0,3,3
71184,1,1,249320,249322,249323,2,3,0
71185,5,3,249325,249325,249328,0,3,2
71186,1,3,249326,249328,249331,2,5,0
71187,3,1,249329,249331,249332,2,3,0
71188,3,3,249332,249332,249335,0,3,0
71189,1,2,249333,249335,249337,2,4,0
71190,5,3,249338,249338,249341,0,3,1
71191,4,1,249342,249342,249343,0,1,1
71192,5,1,249347,249347,249348,0,1,4
71193,2,3,249349,249349,249352,0,3,1
71194,4,2,249353,249353,249355,0,2,1
71195,1,2,249354,249355,249357,1,3,0
71196,6,1,249360,249360,249361,0,1,3
71197,4,3,249364,249364,249367,0,3,3
71198,3,1,249367,249367,249368,0,1,0
71199,6,1,249373,249373,249374,0,1,5
71200,3,1,249376,249376,249377,0,1,2
71201,3,3,249379,249379,249382,0,3,2
71202,3,3,249382,249382,249385,0,3,0
71203,1,2,249383,249385,249387,2,4,0
71204,3,3,249386,249387,249390,1,4,0
71205,5,3,249391,249391,249394,0,3,1
71206,5,1,249396,249396,249397,0,1,2
71207,3,1,249399,249399,249400,0,1,2
71208,4,2,249403,249403,249405,0,2,3
71209,3,2,249406,249406,249408,0,2,1
71210,4,3,249410,249410,249413,0,3,2
71211,2,2,249412,249413,249415,1,3,0
71212,6,3,249418,249418,249421,0,3,3
71213,6,1,249424,249424,249425,0,1,3
71214,5,1,249429,249429,249430,0,1,4
71215,3,1,249432,249432,249433,0,1,2
71216,6,2,249438,249438,249440,0,2,5
71217,2,2,249440,249440,249442,0,2,0
71218,2,2,249442,249442,249444,0,2,0
71219,6,2,249448,249448,249450,0,2,4
71220,5,3,249453,249453,249456,0,3,3
71221,5,3,249458,249458,249461,0,3,2
71222,4,3,249462,249462,249465,0,3,1
71223,4,1,249466,249466,249467,0,1,1
71224,5,1,249471,249471,249472,0,1,4
71225,3,3,249474,249474,249477,0,3,2
71226,2,1,249476,249477,249478,1,2,0
71227,5,1,249481,249481,249482,0,1,3
71228,4,1,249485,249485,249486,0,1,3
71229,1,1,249486,249486,249487,0,1,0
71230,1,2,249487,249487,249489,0,2,0
71231,1,2,249488,249489,249491,1,3,0
71232,4,1,249492,249492,249493,0,1,1
71233,5,3,249497,249497,249500,0,3,4
71234,2,2,249499,249500,249502,1,3,0
71235,1,1,249500,249502,249503,2,3,0
71236,5,2,249505,249505,249507,0,2,2
71237,1,1,249506,249507,249508,1,2,0
71238,5,2,249511,249511,249513,0,2,3
71239,3,2,249514,249514,249516,0,2,1
71240,4,1,249518,249518,249519,0,1,2
71241,3,3,249521,249521,249524,0,3,2
71242,4,3,249525,249525,249528,0,3,1
71243,3,1,249528,249528,249529,0,1,0
71244,2,3,249530,249530,249533,0,3,1
71245,2,3,249532,249533,249536,1,4,0
71246,1,3,249533,249536,249539,3,6,0
71247,4,1,249537,249539,249540,2,3,0
71248,5,1,249542,249542,249543,0,1,2
71249,1,3,249543,249543,249546,0,3,0
71250,1,2,249544,249546,249548,2,4,0
71251,6,3,249550,249550,249553,0,3,2
71252,5,3,249555,249555,249558,0,3,2
71253,3,2,249558,249558,249560,0,2,0
71254,5,3,249563,249563,249566,0,3,3
71255,1,2,249564,249566,249568,2,4,0
71256,3,2,249567,249568,249570,1,3,0
71257,5,2,249572,249572,249574,0,2,2
71258,5,1,249577,249577,249578,0,1,3
71259,1,2,249578,249578,249580,0,2,0
71260,4,2,249582,249582,249584,0,2,2
71261,4,2,249586,249586,249588,0,2,2
71262,2,2,249588,249588,249590,0,2,0
71263,5,2,249593,249593,249595,0,2,3
71264,2,3,249595,249595,249598,0,3,0
71265,1,1,249596,249598,249599,2,3,0
71266,5,3,249601,249601,249604,0,3,2
71267,3,3,249604,249604,249607,0,3,0
71268,6,3,249610,249610,249613,0,3,3
71269,5,2,249615,249615,249617,0,2,2
71270,6,3,249621,249621,249624,0,3,4
71271,3,3,249624,249624,249627,0,3,0
71272,6,3,249630,249630,249633,0,3,3
71273,3,2,249633,249633,249635,0,2,0
71274,3,2,249636,249636,249638,0,2,1
71275,6,3,249642,249642,249645,0,3,4
71276,3,1,249645,249645,249646,0,1,0
71277,2,1,249647,249647,249648,0,1,1
71278,3,2,249650,249650,249652,0,2,2
71279,4,1,249654,249654,249655,0,1,2
71280,3,3,249657,249657,249660,0,3,2
71281,4,3,249661,249661,249664,0,3,1
71282,6,1,249667,249667,249668,0,1,3
71283,5,1,249672,249672,249673,0,1,4
71284,6,1,249678,249678,249679,0,1,5
71285,2,1,249680,249680,249681,0,1,1
71286,3,3,249683,249683,249686,0,3,2
71287,3,2,249686,249686,249688,0,2,0
71288,3,1,249689,249689,249690,0,1,1
71289,1,3,249690,249690,249693,0,3,0
71290,2,1,249692,249693,249694,1,2,0
71291,1,2,249693,249694,249696,1,3,0
71292,2,3,249695,249696,249699,1,4,0
71293,2,3,249697,249699,249702,2,5,0
71294,3,2,249700,249702,249704,2,4,0
71295,3,2,249703,249704,249706,1,3,0
71296,3,1,249706,249706,249707,0,1,0
71297,3,2,249709,249709,249711,0,2,2
71298,6,1,249715,249715,249716,0,1,4
71299,1,1,249716,249716,249717,0,1,0
71300,1,2,249717,249717,249719,0,2,0
71301,2,2,249719,249719,249721,0,2,0
71302,1,2,249720,249721,249723,1,3,0
71303,1,2,249721,249723,249725,2,4,0
71304,5,1,249726,249726,249727,0,1,1
71305,6,2,249732,249732,249734,0,2,5
71306,3,2,249735,249735,249737,0,2,1
71307,2,2,249737,249737,249739,0,2,0
71308,2,2,249739,249739,249741,0,2,0
71309,5,1,249744,249744,249745,0,1,3
71310,5,2,249749,249749,249751,0,2,4
71311,3,2,249752,249752,249754,0,2,1
71312,2,2,249754,249754,249756,0,2,0
71313,3,2,249757,249757,249759,0,2,1
71314,5,1,249762,249762,249763,0,1,3
71315,4,1,249766,249766,249767,0,1,3
71316,6,1,249772,249772,249773,0,1,5
71317,2,2,249774,249774,249776,0,2,1
71318,1,2,249775,249776,249778,1,3,0
71319,3,3,249778,249778,249781,0,3,0
71320,3,3,249781,249781,249784,0,3,0
71321,6,2,249787,249787,249789,0,2,3
71322,3,1,249790,249790,249791,0,1,1
71323,2,1,249792,249792,249793,0,1,1
71324,4,1,249796,249796,249797,0,1,3
71325,4,1,249800,249800,249801,0,1,3
71326,6,1,249806,249806,249807,0,1,5
71327,4,1,249810,249810,249811,0,1,3
71328,4,3,249814,249814,249817,0,3,3
71329,1,2,249815,249817,249819,2,4,0
71330,5,3,249820,249820,249823,0,3,1
71331,3,1,249823,249823,249824,0,1,0
71332,4,3,249827,249827,249830,0,3,3
71333,2,1,249829,249830,249831,1,2,0
71334,6,1,249835,249835,249836,0,1,4
71335,4,3,249839,249839,249842,0,3,3
71336,3,3,249842,249842,249845,0,3,0
71337,6,2,249848,249848,249850,0,2,3
71338,5,2,249853,249853,249855,0,2,3
71339,1,3,249854,249855,249858,1,4,0
71340,1,2,249855,249858,249860,3,5,0
71341,1,3,249856,249860,249863,4,7,0
71342,1,1,249857,249863,249864,6,7,0
71343,5,1,249862,249864,249865,2,3,0
71344,1,1,249863,249865,249866,2,3,0
71345,2,2,249865,249866,249868,1,3,0
71346,5,2,249870,249870,249872,0,2,2
71347,2,3,249872,249872,249875,0,3,0
71348,5,2,249877,249877,249879,0,2,2
71349,1,2,249878,249879,249881,1,3,0
71350,1,3,249879,249881,249884,2,5,0
71351,1,2,249880,249884,249886,4,6,0
71352,3,3,249883,249886,249889,3,6,0
71353,4,3,249887,249889,249892,2,5,0
71354,6,2,249893,249893,249895,0,2,1
71355,3,2,249896,249896,249898,0,2,1
71356,1,2,249897,249898,249900,1,3,0
71357,3,1,249900,249900,249901,0,1,0
71358,1,1,249901,249901,249902,0,1,0
71359,3,2,249904,249904,249906,0,2,2
71360,3,1,249907,249907,249908,0,1,1
71361,3,3,249910,249910,249913,0,3,2
71362,6,1,249916,249916,249917,0,1,3
71363,2,3,249918,249918,249921,0,3,1
71364,4,1,249922,249922,249923,0,1,1
71365,4,1,249926,249926,249927,0,1,3
71366,5,3,249931,249931,249934,0,3,4
71367,1,1,249932,249934,249935,2,3,0
71368,4,2,249936,249936,249938,0,2,1
71369,2,1,249938,249938,249939,0,1,0
71370,1,2,249939,249939,249941,0,2,0
71371,4,2,249943,249943,249945,0,2,2
71372,4,2,249947,249947,249949,0,2,2
71373,6,3,249953,249953,249956,0,3,4
71374,5,3,249958,249958,249961,0,3,2
71375,1,2,249959,249961,249963,2,4,0
71376,5,3,249964,249964,249967,0,3,1
71377,6,1,249970,249970,249971,0,1,3
71378,2,1,249972,249972,249973,0,1,1
71379,5,3,249977,249977,249980,0,3,4
71380,1,1,249978,249980,249981,2,3,0
71381,2,2,249980,249981,249983,1,3,0
71382,2,2,249982,249983,249985,1,3,0
71383,5,3,249987,249987,249990,0,3,2
71384,2,1,249989,249990,249991,1,2,0
71385,3,3,249992,249992,249995,0,3,1
71386,4,3,249996,249996,249999,0,3,1
71387,6,1,250002,250002,250003,0,1,3
71388,5,3,250007,250007,250010,0,3,4
71389,6,3,250013,250013,250016,0,3,3
71390,4,3,250017,250017,250020,0,3,1
71391,5,3,250022,250022,250025,0,3,2
71392,4,3,250026,250026,250029,0,3,1
71393,1,1,250027,250029,250030,2,3,0
71394,4,1,250031,250031,250032,0,1,1
71395,1,1,250032,250032,250033,0,1,0
71396,1,3,250033,250033,250036,0,3,0
71397,4,1,250037,250037,250038,0,1,1
71398,3,2,250040,250040,250042,0,2,2
71399,1,3,250041,250042,250045,1,4,0
71400,6,1,250047,250047,250048,0,1,2
71401,4,1,250051,250051,250052,0,1,3
71402,3,3,250054,250054,250057,0,3,2
71403,2,2,250056,250057,250059,1,3,0
71404,2,1,250058,250059,250060,1,2,0
71405,4,1,250062,250062,250063,0,1,2
71406,5,1,250067,250067,250068,0,1,4
71407,1,2,250068,250068,250070,0,2,0
71408,6,2,250074,250074,250076,0,2,4
71409,5,1,250079,250079,250080,0,1,3
71410,4,1,250083,250083,250084,0,1,3
71411,4,3,250087,250087,250090,0,3,3
71412,3,3,250090,250090,250093,0,3,0
71413,5,2,250095,250095,250097,0,2,2
71414,5,1,250100,250100,250101,0,1,3
71415,4,1,250104,250104,250105,0,1,3
71416,1,2,250105,250105,250107,0,2,0
71417,1,3,250106,250107,250110,1,4,0
71418,5,3,250111,250111,250114,0,3,1
71419,1,3,250112,250114,250117,2,5,0
71420,2,1,250114,250117,250118,3,4,0
71421,6,1,250120,250120,250121,0,1,2
71422,5,3,250125,250125,250128,0,3,4
71423,1,1,250126,250128,250129,2,3,0
71424,1,3,250127,250129,250132,2,5,0
71425,3,1,250130,250132,250133,2,3,0
71426,2,1,250132,250133,250134,1,2,0
71427,1,1,250133,250134,250135,1,2,0
71428,3,3,250136,250136,250139,0,3,1
71429,1,1,250137,250139,250140,2,3,0
71430,4,2,250141,250141,250143,0,2,1
71431,2,3,250143,250143,250146,0,3,0
71432,3,3,250146,250146,250149,0,3,0
71433,2,2,250148,250149,250151,1,3,0
71434,6,2,250154,250154,250156,0,2,3
71435,3,2,250157,250157,250159,0,2,1
71436,2,3,250159,250159,250162,0,3,0
71437,4,2,250163,250163,250165,0,2,1
71438,5,3,250168,250168,250171,0,3,3
71439,5,3,250173,250173,250176,0,3,2
71440,1,1,250174,250176,250177,2,3,0
71441,1,3,250175,250177,250180,2,5,0
71442,3,1,250178,250180,250181,2,3,0
71443,4,3,250182,250182,250185,0,3,1
71444,4,3,250186,250186,250189,0,3,1
71445,6,1,250192,250192,250193,0,1,3
71446,3,1,250195,250195,250196,0,1,2
71447,4,3,250199,250199,250202,0,3,3
71448,1,3,250200,250202,250205,2,5,0
71449,2,2,250202,250205,250207,3,5,0
71450,6,2,250208,250208,250210,0,2,1
71451,3,1,250211,250211,250212,0,1,1
71452,3,1,250214,250214,250215,0,1,2
71453,2,1,250216,250216,250217,0,1,1
71454,5,1,250221,250221,250222,0,1,4
71455,2,2,250223,250223,250225,0,2,1
71456,1,3,250224,250225,250228,1,4,0
71457,6,1,250230,250230,250231,0,1,2
71458,2,2,250232,250232,250234,0,2,1
71459,1,1,250233,250234,250235,1,2,0
71460,3,2,250236,250236,250238,0,2,1
71461,1,1,250237,250238,250239,1,2,0
71462,2,2,250239,250239,250241,0,2,0
71463,6,2,250245,250245,250247,0,2,4
71464,6,2,250251,250251,250253,0,2,4
71465,3,1,250254,250254,250255,0,1,1
71466,2,1,250256,250256,250257,0,1,1
71467,5,3,250261,250261,250264,0,3,4
71468,2,3,250263,250264,250267,1,4,0
71469,1,1,250264,250267,250268,3,4,0
71470,5,3,250269,250269,250272,0,3,1
71471,5,3,250274,250274,250277,0,3,2
71472,4,1,250278,250278,250279,0,1,1
71473,5,2,250283,250283,250285,0,2,4
71474,3,2,250286,250286,250288,0,2,1
71475,2,2,250288,250288,250290,0,2,0
71476,6,3,250294,250294,250297,0,3,4
71477,4,3,250298,250298,250301,0,3,1
71478,5,1,250303,250303,250304,0,1,2
71479,2,2,250305,250305,250307,0,2,1
71480,4,3,250309,250309,250312,0,3,2
71481,4,1,250313,250313,250314,0,1,1
71482,3,2,250316,250316,250318,0,2,2
71483,4,3,250320,250320,250323,0,3,2
71484,6,3,250326,250326,250329,0,3,3
71485,5,1,250331,250331,250332,0,1,2
71486,2,1,250333,250333,250334,0,1,1
71487,5,3,250338,250338,250341,0,3,4
71488,6,3,250344,250344,250347,0,3,3
71489,3,1,250347,250347,250348,0,1,0
71490,2,1,250349,250349,250350,0,1,1
71491,6,3,250355,250355,250358,0,3,5
71492,3,2,250358,250358,250360,0,2,0
71493,2,3,250360,250360,250363,0,3,0
71494,2,3,250362,250363,250366,1,4,0
71495,5,2,250367,250367,250369,0,2,1
71496,6,1,250373,250373,250374,0,1,4
71497,6,3,250379,250379,250382,0,3,5
71498,4,1,250383,250383,250384,0,1,1
71499,1,3,250384,250384,250387,0,3,0
71500,3,3,250387,250387,250390,0,3,0
71501,5,3,250392,250392,250395,0,3,2
71502,3,1,250395,250395,250396,0,1,0
71503,6,3,250401,250401,250404,0,3,5
71504,2,2,250403,250404,250406,1,3,0
71505,3,2,250406,250406,250408,0,2,0
71506,1,3,250407,250408,250411,1,4,0
71507,3,1,250410,250411,250412,1,2,0
71508,3,3,250413,250413,250416,0,3,1
71509,6,3,250419,250419,250422,0,3,3
71510,6,1,250425,250425,250426,0,1,3
71511,3,1,250428,250428,250429,0,1,2
71512,6,2,250434,250434,250436,0,2,5
71513,1,1,250435,250436,250437,1,2,0
71514,5,2,250440,250440,250442,0,2,3
71515,4,2,250444,250444,250446,0,2,2
71516,3,1,250447,250447,250448,0,1,1
71517,1,3,250448,250448,250451,0,3,0
71518,1,1,250449,250451,250452,2,3,0
71519,6,1,250455,250455,250456,0,1,3
71520,3,1,250458,250458,250459,0,1,2
71521,4,3,250462,250462,250465,0,3,3
71522,3,1,250465,250465,250466,0,1,0
71523,4,1,250469,250469,250470,0,1,3
71524,2,1,250471,250471,250472,0,1,1
71525,4,3,250475,250475,250478,0,3,3
71526,2,2,250477,250478,250480,1,3,0
71527,6,3,250483,250483,250486,0,3,3
71528,1,3,250484,250486,250489,2,5,0
71529,6,2,250490,250490,250492,0,2,1
71530,5,1,250495,250495,250496,0,1,3
71531,5,1,250500,250500,250501,0,1,4
71532,2,2,250502,250502,250504,0,2,1
71533,5,1,250507,250507,250508,0,1,3
71534,2,2,250509,250509,250511,0,2,1
71535,1,2,250510,250511,250513,1,3,0
71536,1,2,250511,250513,250515,2,4,0
71537,3,1,250514,250515,250516,1,2,0
71538,3,2,250517,250517,250519,0,2,1
71539,3,3,250520,250520,250523,0,3,1
71540,3,2,250523,250523,250525,0,2,0
71541,1,3,250524,250525,250528,1,4,0
71542,6,2,250530,250530,250532,0,2,2
71543,3,2,250533,250533,250535,0,2,1
71544,4,2,250537,250537,250539,0,2,2
71545,4,3,250541,250541,250544,0,3,2
71546,5,3,250546,250546,250549,0,3,2
71547,6,1,250552,250552,250553,0,1,3
71548,6,2,250558,250558,250560,0,2,5
71549,3,2,250561,250561,250563,0,2,1
71550,4,3,250565,250565,250568,0,3,2
71551,3,2,250568,250568,250570,0,2,0
71552,4,2,250572,250572,250574,0,2,2
71553,5,2,250577,250577,250579,0,2,3
71554,2,2,250579,250579,250581,0,2,0
71555,4,1,250583,250583,250584,0,1,2
71556,6,3,250589,250589,250592,0,3,5
71557,6,3,250595,250595,250598,0,3,3
71558,1,1,250596,250598,250599,2,3,0
71559,3,3,250599,250599,250602,0,3,0
71560,2,3,250601,250602,250605,1,4,0
71561,3,3,250604,250605,250608,1,4,0
71562,4,1,250608,250608,250609,0,1,0
71563,2,1,250610,250610,250611,0,1,1
71564,6,3,250616,250616,250619,0,3,5
71565,2,3,250618,250619,250622,1,4,0
71566,4,2,250622,250622,250624,0,2,0
71567,2,2,250624,250624,250626,0,2,0
71568,5,3,250629,250629,250632,0,3,3
71569,5,1,250634,250634,250635,0,1,2
71570,2,2,250636,250636,250638,0,2,1
71571,1,2,250637,250638,250640,1,3,0
71572,6,3,250643,250643,250646,0,3,3
71573,4,1,250647,250647,250648,0,1,1
71574,4,1,250651,250651,250652,0,1,3
71575,6,1,250657,250657,250658,0,1,5
71576,1,3,250658,250658,250661,0,3,0
71577,6,1,250664,250664,250665,0,1,3
71578,2,2,250666,250666,250668,0,2,1
71579,6,2,250672,250672,250674,0,2,4
71580,2,1,250674,250674,250675,0,1,0
71581,4,3,250678,250678,250681,0,3,3
71582,1,2,250679,250681,250683,2,4,0
71583,4,2,250683,250683,250685,0,2,0
71584,1,3,250684,250685,250688,1,4,0
71585,3,1,250687,250688,250689,1,2,0
71586,6,3,250693,250693,250696,0,3,4
71587,6,2,250699,250699,250701,0,2,3
71588,4,1,250703,250703,250704,0,1,2
71589,5,2,250708,250708,250710,0,2,4
71590,6,2,250714,250714,250716,0,2,4
71591,1,3,250715,250716,250719,1,4,0
71592,3,2,250718,250719,250721,1,3,0
71593,1,1,250719,250721,250722,2,3,0
71594,4,2,250723,250723,250725,0,2,1
71595,6,1,250729,250729,250730,0,1,4
71596,2,1,250731,250731,250732,0,1,1
71597,2,1,250733,250733,250734,0,1,1
71598,2,2,250735,250735,250737,0,2,1
71599,6,3,250741,250741,250744,0,3,4
71600,5,2,250746,250746,250748,0,2,2
71601,3,2,250749,250749,250751,0,2,1
71602,1,2,250750,250751,250753,1,3,0
71603,5,3,250755,250755,250758,0,3,2
71604,4,3,250759,250759,250762,0,3,1
71605,1,3,250760,250762,250765,2,5,0
71606,4,2,250764,250765,250767,1,3,0
71607,4,1,250768,250768,250769,0,1,1
71608,1,1,250769,250769,250770,0,1,0
71609,2,2,250771,250771,250773,0,2,1
71610,3,1,250774,250774,250775,0,1,1
71611,1,3,250775,250775,250778,0,3,0
71612,4,1,250779,250779,250780,0,1,1
71613,2,3,250781,250781,250784,0,3,1
71614,5,1,250786,250786,250787,0,1,2
71615,3,2,250789,250789,250791,0,2,2
71616,5,2,250794,250794,250796,0,2,3
71617,6,2,250800,250800,250802,0,2,4
71618,5,2,250805,250805,250807,0,2,3
71619,1,3,250806,250807,250810,1,4,0
71620,5,2,250811,250811,250813,0,2,1
71621,3,1,250814,250814,250815,0,1,1
71622,4,3,250818,250818,250821,0,3,3
71623,2,2,250820,250821,250823,1,3,0
71624,2,3,250822,250823,250826,1,4,0
71625,2,1,250824,250826,250827,2,3,0
71626,3,1,250827,250827,250828,0,1,0
71627,3,3,250830,250830,250833,0,3,2
71628,3,3,250833,250833,250836,0,3,0
71629,4,3,250837,250837,250840,0,3,1
71630,3,2,250840,250840,250842,0,2,0
71631,1,1,250841,250842,250843,1,2,0
71632,6,1,250847,250847,250848,0,1,4
71633,6,1,250853,250853,250854,0,1,5
71634,1,2,250854,250854,250856,0,2,0
71635,4,3,250858,250858,250861,0,3,2
71636,6,3,250864,250864,250867,0,3,3
71637,4,1,250868,250868,250869,0,1,1
71638,1,3,250869,250869,250872,0,3,0
71639,4,2,250873,250873,250875,0,2,1
71640,3,2,250876,250876,250878,0,2,1
71641,6,3,250882,250882,250885,0,3,4
71642,2,2,250884,250885,250887,1,3,0
71643,6,1,250890,250890,250891,0,1,3
71644,5,3,250895,250895,250898,0,3,4
71645,2,2,250897,250898,250900,1,3,0
71646,2,1,250899,250900,250901,1,2,0
71647,4,2,250903,250903,250905,0,2,2
71648,2,2,250905,250905,250907,0,2,0
71649,3,1,250908,250908,250909,0,1,1
71650,4,3,250912,250912,250915,0,3,3
71651,6,2,250918,250918,250920,0,2,3
71652,3,3,250921,250921,250924,0,3,1
71653,3,1,250924,250924,250925,0,1,0
71654,4,3,250928,250928,250931,0,3,3
71655,1,2,250929,250931,250933,2,4,0
71656,2,2,250931,250933,250935,2,4,0
71657,5,1,250936,250936,250937,0,1,1
71658,4,3,250940,250940,250943,0,3,3
71659,5,1,250945,250945,250946,0,1,2
71660,4,1,250949,250949,250950,0,1,3
71661,6,1,250955,250955,250956,0,1,5
71662,3,2,250958,250958,250960,0,2,2
71663,4,1,250962,250962,250963,0,1,2
71664,1,1,250963,250963,250964,0,1,0
71665,1,3,250964,250964,250967,0,3,0
71666,1,2,250965,250967,250969,2,4,0
71667,1,3,250966,250969,250972,3,6,0
71668,3,2,250969,250972,250974,3,5,0
71669,5,1,250974,250974,250975,0,1,0
71670,6,1,250980,250980,250981,0,1,5
71671,5,3,250985,250985,250988,0,3,4
71672,4,1,250989,250989,250990,0,1,1
71673,2,3,250991,250991,250994,0,3,1
71674,2,1,250993,250994,250995,1,2,0
71675,1,1,250994,250995,250996,1,2,0
71676,5,3,250999,250999,251002,0,3,3
71677,6,2,251005,251005,251007,0,2,3
71678,3,3,251008,251008,251011,0,3,1
71679,1,2,251009,251011,251013,2,4,0
71680,6,1,251015,251015,251016,0,1,2
71681,4,2,251019,251019,251021,0,2,3
71682,6,3,251025,251025,251028,0,3,4
71683,5,2,251030,251030,251032,0,2,2
71684,1,1,251031,251032,251033,1,2,0
71685,4,1,251035,251035,251036,0,1,2
71686,4,2,251039,251039,251041,0,2,3
71687,6,2,251045,251045,251047,0,2,4
71688,1,2,251046,251047,251049,1,3,0
71689,1,3,251047,251049,251052,2,5,0
71690,5,1,251052,251052,251053,0,1,0
71691,6,2,251058,251058,251060,0,2,5
71692,2,2,251060,251060,251062,0,2,0
71693,3,2,251063,251063,251065,0,2,1
71694,1,3,251064,251065,251068,1,4,0
71695,1,3,251065,251068,251071,3,6,0
71696,4,1,251069,251071,251072,2,3,0
71697,3,1,251072,251072,251073,0,1,0
71698,4,3,251076,251076,251079,0,3,3
71699,1,3,251077,251079,251082,2,5,0
71700,6,3,251083,251083,251086,0,3,1
71701,6,1,251089,251089,251090,0,1,3
71702,2,1,251091,251091,251092,0,1,1
71703,6,2,251097,251097,251099,0,2,5
71704,5,1,251102,251102,251103,0,1,3
71705,2,1,251104,251104,251105,0,1,1
71706,2,1,251106,251106,251107,0,1,1
71707,4,2,251110,251110,251112,0,2,3
71708,3,2,251113,251113,251115,0,2,1
71709,5,3,251118,251118,251121,0,3,3
71710,1,3,251119,251121,251124,2,5,0
71711,1,1,251120,251124,251125,4,5,0
71712,6,2,251126,251126,251128,0,2,1
71713,6,2,251132,251132,251134,0,2,4
71714,1,2,251133,251134,251136,1,3,0
71715,1,1,251134,251136,251137,2,3,0
71716,2,2,251136,251137,251139,1,3,0
71717,3,2,251139,251139,251141,0,2,0
71718,4,2,251143,251143,251145,0,2,2
71719,2,3,251145,251145,251148,0,3,0
71720,5,1,251150,251150,251151,0,1,2
71721,5,2,251155,251155,251157,0,2,4
71722,1,1,251156,251157,251158,1,2,0
71723,5,1,251161,251161,251162,0,1,3
71724,6,3,251167,251167,251170,0,3,5
71725,1,3,251168,251170,251173,2,5,0
71726,6,2,251174,251174,251176,0,2,1
71727,1,3,251175,251176,251179,1,4,0
71728,6,2,251181,251181,251183,0,2,2
71729,2,1,251183,251183,251184,0,1,0
71730,1,3,251184,251184,251187,0,3,0
71731,4,2,251188,251188,251190,0,2,1
71732,1,3,251189,251190,251193,1,4,0
71733,2,3,251191,251193,251196,2,5,0
71734,6,3,251197,251197,251200,0,3,1
71735,1,1,251198,251200,251201,2,3,0
71736,1,3,251199,251201,251204,2,5,0
71737,5,1,251204,251204,251205,0,1,0
71738,6,2,251210,251210,251212,0,2,5
71739,4,2,251214,251214,251216,0,2,2
71740,3,2,251217,251217,251219,0,2,1
71741,5,1,251222,251222,251223,0,1,3
71742,2,1,251224,251224,251225,0,1,1
71743,2,1,251226,251226,251227,0,1,1
71744,1,1,251227,251227,251228,0,1,0
71745,3,2,251230,251230,251232,0,2,2
71746,1,2,251231,251232,251234,1,3,0
71747,4,1,251235,251235,251236,0,1,1
71748,3,1,251238,251238,251239,0,1,2
71749,6,2,251244,251244,251246,0,2,5
71750,2,2,251246,251246,251248,0,2,0
71751,6,3,251252,251252,251255,0,3,4
71752,6,2,251258,251258,251260,0,2,3
71753,6,3,251264,251264,251267,0,3,4
71754,3,3,251267,251267,251270,0,3,0
71755,5,3,251272,251272,251275,0,3,2
71756,3,2,251275,251275,251277,0,2,0
71757,6,3,251281,251281,251284,0,3,4
71758,3,3,251284,251284,251287,0,3,0
71759,2,1,251286,251287,251288,1,2,0
71760,6,3,251292,251292,251295,0,3,4
71761,4,2,251296,251296,251298,0,2,1
71762,5,3,251301,251301,251304,0,3,3
71763,6,2,251307,251307,251309,0,2,3
71764,3,3,251310,251310,251313,0,3,1
71765,2,3,251312,251313,251316,1,4,0
71766,1,3,251313,251316,251319,3,6,0
71767,4,1,251317,251319,251320,2,3,0
71768,6,2,251323,251323,251325,0,2,3
71769,4,2,251327,251327,251329,0,2,2
71770,3,1,251330,251330,251331,0,1,1
71771,6,3,251336,251336,251339,0,3,5
71772,3,1,251339,251339,251340,0,1,0
71773,3,3,251342,251342,251345,0,3,2
71774,2,2,251344,251345,251347,1,3,0
71775,1,1,251345,251347,251348,2,3,0
71776,6,1,251351,251351,251352,0,1,3
71777,3,3,251354,251354,251357,0,3,2
71778,2,1,251356,251357,251358,1,2,0
71779,6,1,251362,251362,251363,0,1,4
71780,5,1,251367,251367,251368,0,1,4
71781,5,3,251372,251372,251375,0,3,4
71782,2,1,251374,251375,251376,1,2,0
71783,4,2,251378,251378,251380,0,2,2
71784,4,1,251382,251382,251383,0,1,2
71785,1,3,251383,251383,251386,0,3,0
71786,3,3,251386,251386,251389,0,3,0
71787,2,3,251388,251389,251392,1,4,0
71788,6,3,251394,251394,251397,0,3,2
71789,4,1,251398,251398,251399,0,1,1
71790,3,1,251401,251401,251402,0,1,2
71791,3,2,251404,251404,251406,0,2,2
71792,3,3,251407,251407,251410,0,3,1
71793,6,3,251413,251413,251416,0,3,3
71794,5,1,251418,251418,251419,0,1,2
71795,5,3,251423,251423,251426,0,3,4
71796,2,1,251425,251426,251427,1,2,0
71797,1,2,251426,251427,251429,1,3,0
71798,3,3,251429,251429,251432,0,3,0
71799,6,3,251435,251435,251438,0,3,3
71800,3,1,251438,251438,251439,0,1,0
71801,6,1,251444,251444,251445,0,1,5
71802,3,2,251447,251447,251449,0,2,2
71803,4,3,251451,251451,251454,0,3,2
71804,4,2,251455,251455,251457,0,2,1
71805,6,2,251461,251461,251463,0,2,4
71806,4,1,251465,251465,251466,0,1,2
71807,4,3,251469,251469,251472,0,3,3
71808,2,1,251471,251472,251473,1,2,0
71809,3,3,251474,251474,251477,0,3,1
71810,1,3,251475,251477,251480,2,5,0
71811,4,1,251479,251480,251481,1,2,0
71812,1,1,251480,251481,251482,1,2,0
71813,4,3,251484,251484,251487,0,3,2
71814,3,1,251487,251487,251488,0,1,0
71815,1,1,251488,251488,251489,0,1,0
71816,4,2,251492,251492,251494,0,2,3
71817,6,1,251498,251498,251499,0,1,4
71818,5,1,251503,251503,251504,0,1,4
71819,4,1,251507,251507,251508,0,1,3
71820,4,3,251511,251511,251514,0,3,3
71821,2,1,251513,251514,251515,1,2,0
71822,6,1,251519,251519,251520,0,1,4
71823,3,3,251522,251522,251525,0,3,2
71824,4,3,251526,251526,251529,0,3,1
71825,4,2,251530,251530,251532,0,2,1
71826,5,3,251535,251535,251538,0,3,3
71827,5,1,251540,251540,251541,0,1,2
71828,3,3,251543,251543,251546,0,3,2
71829,6,3,251549,251549,251552,0,3,3
71830,5,1,251554,251554,251555,0,1,2
71831,3,3,251557,251557,251560,0,3,2
71832,1,1,251558,251560,251561,2,3,0
71833,2,2,251560,251561,251563,1,3,0
71834,3,3,251563,251563,251566,0,3,0
71835,6,1,251569,251569,251570,0,1,3
71836,3,1,251572,251572,251573,0,1,2
71837,1,3,251573,251573,251576,0,3,0
71838,3,2,251576,251576,251578,0,2,0
71839,4,1,251580,251580,251581,0,1,2
71840,2,3,251582,251582,251585,0,3,1
71841,2,3,251584,251585,251588,1,4,0
71842,6,1,251590,251590,251591,0,1,2
71843,2,1,251592,251592,251593,0,1,1
71844,1,1,251593,251593,251594,0,1,0
71845,6,1,251599,251599,251600,0,1,5
71846,5,1,251604,251604,251605,0,1,4
71847,3,3,251607,251607,251610,0,3,2
71848,4,2,251611,251611,251613,0,2,1
71849,3,2,251614,251614,251616,0,2,1
71850,3,3,251617,251617,251620,0,3,1
71851,1,2,251618,251620,251622,2,4,0
71852,5,3,251623,251623,251626,0,3,1
71853,1,1,251624,251626,251627,2,3,0
71854,2,2,251626,251627,251629,1,3,0
71855,1,1,251627,251629,251630,2,3,0
71856,1,1,251628,251630,251631,2,3,0
71857,3,2,251631,251631,251633,0,2,0
71858,1,2,251632,251633,251635,1,3,0
71859,2,2,251634,251635,251637,1,3,0
71860,1,2,251635,251637,251639,2,4,0
71861,2,2,251637,251639,251641,2,4,0
71862,1,1,251638,251641,251642,3,4,0
71863,4,1,251642,251642,251643,0,1,0
71864,6,2,251648,251648,251650,0,2,5
71865,3,3,251651,251651,251654,0,3,1
71866,2,2,251653,251654,251656,1,3,0
71867,5,1,251658,251658,251659,0,1,2
71868,3,3,251661,251661,251664,0,3,2
71869,6,1,251667,251667,251668,0,1,3
71870,1,3,251668,251668,251671,0,3,0
71871,4,3,251672,251672,251675,0,3,1
71872,3,1,251675,251675,251676,0,1,0
71873,5,1,251680,251680,251681,0,1,4
71874,4,1,251684,251684,251685,0,1,3
71875,2,1,251686,251686,251687,0,1,1
71876,1,1,251687,251687,251688,0,1,0
71877,3,2,251690,251690,251692,0,2,2
71878,3,1,251693,251693,251694,0,1,1
71879,2,1,251695,251695,251696,0,1,1
71880,3,2,251698,251698,251700,0,2,2
71881,3,1,251701,251701,251702,0,1,1
71882,1,3,251702,251702,251705,0,3,0
71883,3,1,251705,251705,251706,0,1,0
71884,4,1,251709,251709,251710,0,1,3
71885,5,3,251714,251714,251717,0,3,4
71886,1,3,251715,251717,251720,2,5,0
71887,3,1,251718,251720,251721,2,3,0
71888,5,2,251723,251723,251725,0,2,2
71889,1,2,251724,251725,251727,1,3,0
71890,1,3,251725,251727,251730,2,5,0
71891,1,3,251726,251730,251733,4,7,0
71892,5,1,251731,251733,251734,2,3,0
71893,6,2,251737,251737,251739,0,2,3
71894,6,2,251743,251743,251745,0,2,4
71895,6,1,251749,251749,251750,0,1,4
71896,4,2,251753,251753,251755,0,2,3
71897,3,2,251756,251756,251758,0,2,1
71898,1,1,251757,251758,251759,1,2,0
71899,2,2,251759,251759,251761,0,2,0
71900,5,2,251764,251764,251766,0,2,3
71901,1,3,251765,251766,251769,1,4,0
71902,1,3,251766,251769,251772,3,6,0
71903,5,2,251771,251772,251774,1,3,0
71904,4,3,251775,251775,251778,0,3,1
71905,5,2,251780,251780,251782,0,2,2
71906,1,3,251781,251782,251785,1,4,0
71907,5,1,251786,251786,251787,0,1,1
71908,3,2,251789,251789,251791,0,2,2
71909,3,3,251792,251792,251795,0,3,1
71910,6,3,251798,251798,251801,0,3,3
71911,5,3,251803,251803,251806,0,3,2
71912,1,2,251804,251806,251808,2,4,0
71913,4,2,251808,251808,251810,0,2,0
71914,5,3,251813,251813,251816,0,3,3
71915,1,3,251814,251816,251819,2,5,0
71916,1,2,251815,251819,251821,4,6,0
71917,1,1,251816,251821,251822,5,6,0
71918,6,3,251822,251822,251825,0,3,0
71919,5,2,251827,251827,251829,0,2,2
71920,1,1,251828,251829,251830,1,2,0
71921,3,3,251831,251831,251834,0,3,1
71922,1,3,251832,251834,251837,2,5,0
71923,1,2,251833,251837,251839,4,6,0
71924,4,2,251837,251839,251841,2,4,0
71925,2,2,251839,251841,251843,2,4,0
71926,4,2,251843,251843,251845,0,2,0
71927,3,3,251846,251846,251849,0,3,1
71928,2,1,251848,251849,251850,1,2,0
71929,5,1,251853,251853,251854,0,1,3
71930,3,1,251856,251856,251857,0,1,2
71931,5,3,251861,251861,251864,0,3,4
71932,4,2,251865,251865,251867,0,2,1
71933,6,2,251871,251871,251873,0,2,4
71934,3,3,251874,251874,251877,0,3,1
71935,2,2,251876,251877,251879,1,3,0
71936,6,3,251882,251882,251885,0,3,3
71937,1,1,251883,251885,251886,2,3,0
71938,4,1,251887,251887,251888,0,1,1
71939,3,1,251890,251890,251891,0,1,2
71940,2,1,251892,251892,251893,0,1,1
71941,2,2,251894,251894,251896,0,2,1
71942,6,1,251900,251900,251901,0,1,4
71943,4,3,251904,251904,251907,0,3,3
71944,1,1,251905,251907,251908,2,3,0
71945,4,3,251909,251909,251912,0,3,1
71946,3,2,251912,251912,251914,0,2,0
71947,6,2,251918,251918,251920,0,2,4
71948,2,2,251920,251920,251922,0,2,0
71949,2,3,251922,251922,251925,0,3,0
71950,6,1,251928,251928,251929,0,1,3
71951,5,2,251933,251933,251935,0,2,4
71952,6,3,251939,251939,251942,0,3,4
71953,6,3,251945,251945,251948,0,3,3
71954,1,2,251946,251948,251950,2,4,0
71955,4,1,251950,251950,251951,0,1,0
71956,2,2,251952,251952,251954,0,2,1
71957,6,3,251958,251958,251961,0,3,4
71958,6,2,251964,251964,251966,0,2,3
71959,6,2,251970,251970,251972,0,2,4
71960,5,1,251975,251975,251976,0,1,3
71961,5,3,251980,251980,251983,0,3,4
71962,5,3,251985,251985,251988,0,3,2
71963,1,3,251986,251988,251991,2,5,0
71964,5,3,251991,251991,251994,0,3,0
71965,3,1,251994,251994,251995,0,1,0
71966,5,3,251999,251999,252002,0,3,4
71967,6,3,252005,252005,252008,0,3,3
71968,1,2,252006,252008,252010,2,4,0
71969,2,2,252008,252010,252012,2,4,0
71970,6,2,252014,252014,252016,0,2,2
71971,6,3,252020,252020,252023,0,3,4
71972,5,2,252025,252025,252027,0,2,2
71973,4,3,252029,252029,252032,0,3,2
71974,5,1,252034,252034,252035,0,1,2
71975,2,3,252036,252036,252039,0,3,1
71976,6,2,252042,252042,252044,0,2,3
71977,4,2,252046,252046,252048,0,2,2
71978,4,3,252050,252050,252053,0,3,2
71979,3,2,252053,252053,252055,0,2,0
71980,1,3,252054,252055,252058,1,4,0
71981,4,2,252058,252058,252060,0,2,0
71982,4,2,252062,252062,252064,0,2,2
71983,1,1,252063,252064,252065,1,2,0
71984,1,3,252064,252065,252068,1,4,0
71985,6,3,252070,252070,252073,0,3,2
71986,4,1,252074,252074,252075,0,1,1
71987,4,2,252078,252078,252080,0,2,3
71988,6,2,252084,252084,252086,0,2,4
71989,3,3,252087,252087,252090,0,3,1
71990,2,1,252089,252090,252091,1,2,0
71991,3,1,252092,252092,252093,0,1,1
71992,3,2,252095,252095,252097,0,2,2
71993,2,2,252097,252097,252099,0,2,0
71994,3,1,252100,252100,252101,0,1,1
71995,6,3,252106,252106,252109,0,3,5
71996,1,2,252107,252109,252111,2,4,0
71997,1,1,252108,252111,252112,3,4,0
71998,3,3,252111,252112,252115,1,4,0
71999,6,3,252117,252117,252120,0,3,2
72000,4,2,252121,252121,252123,0,2,1
72001,1,1,252122,252123,252124,1,2,0
72002,4,3,252126,252126,252129,0,3,2
72003,4,1,252130,252130,252131,0,1,1
72004,6,1,252136,252136,252137,0,1,5
72005,6,2,252142,252142,252144,0,2,5
72006,4,2,252146,252146,252148,0,2,2
72007,2,2,252148,252148,252150,0,2,0
72008,5,2,252153,252153,252155,0,2,3
72009,2,3,252155,252155,252158,0,3,0
72010,5,2,252160,252160,252162,0,2,2
72011,5,2,252165,252165,252167,0,2,3
72012,2,2,252167,252167,252169,0,2,0
72013,6,2,252173,252173,252175,0,2,4
72014,2,3,252175,252175,252178,0,3,0
72015,1,2,252176,252178,252180,2,4,0
72016,1,2,252177,252180,252182,3,5,0
72017,3,2,252180,252182,252184,2,4,0
72018,3,3,252183,252184,252187,1,4,0
72019,2,1,252185,252187,252188,2,3,0
72020,2,2,252187,252188,252190,1,3,0
72021,3,2,252190,252190,252192,0,2,0
72022,1,3,252191,252192,252195,1,4,0
72023,1,3,252192,252195,252198,3,6,0
72024,2,2,252194,252198,252200,4,6,0
72025,5,3,252199,252200,252203,1,4,0
72026,6,1,252205,252205,252206,0,1,2
72027,3,3,252208,252208,252211,0,3,2
72028,6,1,252214,252214,252215,0,1,3
72029,3,1,252217,252217,252218,0,1,2
72030,2,3,252219,252219,252222,0,3,1
72031,5,1,252224,252224,252225,0,1,2
72032,1,3,252225,252225,252228,0,3,0
72033,4,3,252229,252229,252232,0,3,1
72034,6,2,252235,252235,252237,0,2,3
72035,2,3,252237,252237,252240,0,3,0
72036,4,2,252241,252241,252243,0,2,1
72037,3,1,252244,252244,252245,0,1,1
72038,3,1,252247,252247,252248,0,1,2
72039,2,1,252249,252249,252250,0,1,1
72040,6,1,252255,252255,252256,0,1,5
72041,4,2,252259,252259,252261,0,2,3
72042,4,2,252263,252263,252265,0,2,2
72043,2,3,252265,252265,252268,0,3,0
72044,1,3,252266,252268,252271,2,5,0
72045,1,3,252267,252271,252274,4,7,0
72046,3,1,252270,252274,252275,4,5,0
72047,5,3,252275,252275,252278,0,3,0
72048,2,3,252277,252278,252281,1,4,0
72049,2,3,252279,252281,252284,2,5,0
72050,6,2,252285,252285,252287,0,2,1
72051,3,1,252288,252288,252289,0,1,1
72052,3,1,252291,252291,252292,0,1,2
72053,1,2,252292,252292,252294,0,2,0
72054,2,3,252294,252294,252297,0,3,0
72055,5,3,252299,252299,252302,0,3,2
72056,5,1,252304,252304,252305,0,1,2
72057,4,3,252308,252308,252311,0,3,3
72058,2,3,252310,252311,252314,1,4,0
72059,6,1,252316,252316,252317,0,1,2
72060,4,2,252320,252320,252322,0,2,3
72061,2,3,252322,252322,252325,0,3,0
72062,3,3,252325,252325,252328,0,3,0
72063,6,2,252331,252331,252333,0,2,3
72064,4,2,252335,252335,252337,0,2,2
72065,3,1,252338,252338,252339,0,1,1
72066,1,1,252339,252339,252340,0,1,0
72067,3,2,252342,252342,252344,0,2,2
72068,6,1,252348,252348,252349,0,1,4
72069,4,2,252352,252352,252354,0,2,3
72070,4,2,252356,252356,252358,0,2,2
72071,1,1,252357,252358,252359,1,2,0
72072,5,3,252362,252362,252365,0,3,3
72073,1,3,252363,252365,252368,2,5,0
72074,3,3,252366,252368,252371,2,5,0
72075,4,2,252370,252371,252373,1,3,0
72076,6,2,252376,252376,252378,0,2,3
72077,5,2,252381,252381,252383,0,2,3
72078,4,1,252385,252385,252386,0,1,2
72079,5,3,252390,252390,252393,0,3,4
72080,4,1,252394,252394,252395,0,1,1
72081,3,1,252397,252397,252398,0,1,2
72082,5,2,252402,252402,252404,0,2,4
72083,4,3,252406,252406,252409,0,3,2
72084,5,1,252411,252411,252412,0,1,2
72085,6,3,252417,252417,252420,0,3,5
72086,3,1,252420,252420,252421,0,1,0
72087,4,1,252424,252424,252425,0,1,3
72088,4,1,252428,252428,252429,0,1,3
72089,2,2,252430,252430,252432,0,2,1
72090,5,1,252435,252435,252436,0,1,3
72091,6,3,252441,252441,252444,0,3,5
72092,2,2,252443,252444,252446,1,3,0
72093,1,3,252444,252446,252449,2,5,0
72094,6,3,252450,252450,252453,0,3,1
72095,6,3,252456,252456,252459,0,3,3
72096,3,3,252459,252459,252462,0,3,0
72097,2,3,252461,252462,252465,1,4,0
72098,2,2,252463,252465,252467,2,4,0
72099,4,1,252467,252467,252468,0,1,0
72100,2,2,252469,252469,252471,0,2,1
72101,3,2,252472,252472,252474,0,2,1
72102,5,1,252477,252477,252478,0,1,3
72103,5,1,252482,252482,252483,0,1,4
72104,4,2,252486,252486,252488,0,2,3
72105,6,1,252492,252492,252493,0,1,4
72106,1,3,252493,252493,252496,0,3,0
72107,1,2,252494,252496,252498,2,4,0
72108,6,2,252500,252500,252502,0,2,2
72109,5,2,252505,252505,252507,0,2,3
72110,1,2,252506,252507,252509,1,3,0
72111,4,3,252510,252510,252513,0,3,1
72112,1,3,252511,252513,252516,2,5,0
72113,3,1,252514,252516,252517,2,3,0
72114,1,1,252515,252517,252518,2,3,0
72115,2,2,252517,252518,252520,1,3,0
72116,5,2,252522,252522,252524,0,2,2
72117,3,2,252525,252525,252527,0,2,1
72118,6,3,252531,252531,252534,0,3,4
72119,5,3,252536,252536,252539,0,3,2
72120,4,1,252540,252540,252541,0,1,1
72121,2,3,252542,252542,252545,0,3,1
72122,3,2,252545,252545,252547,0,2,0
72123,5,3,252550,252550,252553,0,3,3
72124,6,3,252556,252556,252559,0,3,3
72125,3,1,252559,252559,252560,0,1,0
72126,4,1,252563,252563,252564,0,1,3
72127,5,1,252568,252568,252569,0,1,4
72128,5,2,252573,252573,252575,0,2,4
72129,1,2,252574,252575,252577,1,3,0
72130,6,1,252580,252580,252581,0,1,3
72131,1,1,252581,252581,252582,0,1,0
72132,6,2,252587,252587,252589,0,2,5
72133,5,1,252592,252592,252593,0,1,3
72134,2,2,252594,252594,252596,0,2,1
72135,2,3,252596,252596,252599,0,3,0
72136,1,1,252597,252599,252600,2,3,0
72137,6,2,252603,252603,252605,0,2,3
72138,6,3,252609,252609,252612,0,3,4
72139,1,3,252610,252612,252615,2,5,0
72140,6,2,252616,252616,252618,0,2,1
72141,1,3,252617,252618,252621,1,4,0
72142,4,3,252621,252621,252624,0,3,0
72143,3,3,252624,252624,252627,0,3,0
72144,1,2,252625,252627,252629,2,4,0
72145,1,3,252626,252629,252632,3,6,0
72146,6,3,252632,252632,252635,0,3,0
72147,6,3,252638,252638,252641,0,3,3
72148,3,1,252641,252641,252642,0,1,0
72149,1,2,252642,252642,252644,0,2,0
72150,1,1,252643,252644,252645,1,2,0
72151,2,1,252645,252645,252646,0,1,0
72152,5,3,252650,252650,252653,0,3,4
72153,5,1,252655,252655,252656,0,1,2
72154,2,3,252657,252657,252660,0,3,1
72155,3,1,252660,252660,252661,0,1,0
72156,5,3,252665,252665,252668,0,3,4
72157,3,1,252668,252668,252669,0,1,0
72158,6,1,252674,252674,252675,0,1,5
72159,1,3,252675,252675,252678,0,3,0
72160,5,2,252680,252680,252682,0,2,2
72161,2,1,252682,252682,252683,0,1,0
72162,2,1,252684,252684,252685,0,1,1
72163,5,1,252689,252689,252690,0,1,4
72164,4,2,252693,252693,252695,0,2,3
72165,5,3,252698,252698,252701,0,3,3
72166,1,1,252699,252701,252702,2,3,0
72167,2,2,252701,252702,252704,1,3,0
72168,3,3,252704,252704,252707,0,3,0
72169,2,1,252706,252707,252708,1,2,0
72170,6,1,252712,252712,252713,0,1,4
72171,3,3,252715,252715,252718,0,3,2
72172,5,1,252720,252720,252721,0,1,2
72173,6,2,252726,252726,252728,0,2,5
72174,5,2,252731,252731,252733,0,2,3
72175,2,2,252733,252733,252735,0,2,0
72176,6,2,252739,252739,252741,0,2,4
72177,2,1,252741,252741,252742,0,1,0
72178,6,1,252747,252747,252748,0,1,5
72179,6,2,252753,252753,252755,0,2,5
72180,2,2,252755,252755,252757,0,2,0
72181,5,3,252760,252760,252763,0,3,3
72182,3,2,252763,252763,252765,0,2,0
72183,2,3,252765,252765,252768,0,3,0
72184,1,3,252766,252768,252771,2,5,0
72185,1,3,252767,252771,252774,4,7,0
72186,6,2,252773,252774,252776,1,3,0
72187,1,1,252774,252776,252777,2,3,0
72188,4,3,252778,252778,252781,0,3,1
72189,6,3,252784,252784,252787,0,3,3
72190,1,1,252785,252787,252788,2,3,0
72191,1,3,252786,252788,252791,2,5,0
72192,6,2,252792,252792,252794,0,2,1
72193,6,2,252798,252798,252800,0,2,4
72194,5,1,252803,252803,252804,0,1,3
72195,5,2,252808,252808,252810,0,2,4
72196,5,1,252813,252813,252814,0,1,3
72197,1,2,252814,252814,252816,0,2,0
72198,1,1,252815,252816,252817,1,2,0
72199,5,1,252820,252820,252821,0,1,3
72200,3,3,252823,252823,252826,0,3,2
72201,4,1,252827,252827,252828,0,1,1
72202,3,2,252830,252830,252832,0,2,2
72203,2,1,252832,252832,252833,0,1,0
72204,4,1,252836,252836,252837,0,1,3
72205,2,1,252838,252838,252839,0,1,1
72206,6,3,252844,252844,252847,0,3,5
72207,5,3,252849,252849,252852,0,3,2
72208,3,1,252852,252852,252853,0,1,0
72209,6,3,252858,252858,252861,0,3,5
72210,2,2,252860,252861,252863,1,3,0
72211,2,3,252862,252863,252866,1,4,0
72212,4,1,252866,252866,252867,0,1,0
72213,4,3,252870,252870,252873,0,3,3
72214,5,1,252875,252875,252876,0,1,2
72215,4,1,252879,252879,252880,0,1,3
72216,1,2,252880,252880,252882,0,2,0
72217,5,2,252885,252885,252887,0,2,3
72218,3,2,252888,252888,252890,0,2,1
72219,2,1,252890,252890,252891,0,1,0
72220,6,2,252896,252896,252898,0,2,5
72221,1,1,252897,252898,252899,1,2,0
72222,1,2,252898,252899,252901,1,3,0
72223,5,1,252903,252903,252904,0,1,2
72224,2,1,252905,252905,252906,0,1,1
72225,6,3,252911,252911,252914,0,3,5
72226,6,1,252917,252917,252918,0,1,3
72227,5,1,252922,252922,252923,0,1,4
72228,4,2,252926,252926,252928,0,2,3
72229,4,2,252930,252930,252932,0,2,2
72230,5,1,252935,252935,252936,0,1,3
72231,6,2,252941,252941,252943,0,2,5
72232,2,1,252943,252943,252944,0,1,0
72233,4,3,252947,252947,252950,0,3,3
72234,4,1,252951,252951,252952,0,1,1
72235,3,3,252954,252954,252957,0,3,2
72236,2,2,252956,252957,252959,1,3,0
72237,1,2,252957,252959,252961,2,4,0
72238,2,3,252959,252961,252964,2,5,0
72239,5,1,252964,252964,252965,0,1,0
72240,3,1,252967,252967,252968,0,1,2
72241,6,2,252973,252973,252975,0,2,5
72242,6,1,252979,252979,252980,0,1,4
72243,6,3,252985,252985,252988,0,3,5
72244,6,3,252991,252991,252994,0,3,3
72245,2,2,252993,252994,252996,1,3,0
72246,3,3,252996,252996,252999,0,3,0
72247,2,3,252998,252999,253002,1,4,0
72248,3,1,253001,253002,253003,1,2,0
72249,1,2,253002,253003,253005,1,3,0
72250,1,3,253003,253005,253008,2,5,0
72251,2,1,253005,253008,253009,3,4,0
72252,3,3,253008,253009,253012,1,4,0
72253,2,2,253010,253012,253014,2,4,0
72254,4,1,253014,253014,253015,0,1,0
72255,1,2,253015,253015,253017,0,2,0
72256,6,2,253021,253021,253023,0,2,4
72257,2,3,253023,253023,253026,0,3,0
72258,5,1,253028,253028,253029,0,1,2
72259,1,1,253029,253029,253030,0,1,0
72260,1,3,253030,253030,253033,0,3,0
72261,1,2,253031,253033,253035,2,4,0
72262,1,2,253032,253035,253037,3,5,0
72263,3,1,253035,253037,253038,2,3,0
72264,5,1,253040,253040,253041,0,1,2
72265,3,3,253043,253043,253046,0,3,2
72266,6,1,253049,253049,253050,0,1,3
72267,1,1,253050,253050,253051,0,1,0
72268,5,1,253055,253055,253056,0,1,4
72269,5,3,253060,253060,253063,0,3,4
72270,1,2,253061,253063,253065,2,4,0
72271,4,2,253065,253065,253067,0,2,0
72272,2,1,253067,253067,253068,0,1,0
72273,2,2,253069,253069,253071,0,2,1
72274,2,2,253071,253071,253073,0,2,0
72275,2,1,253073,253073,253074,0,1,0
72276,1,1,253074,253074,253075,0,1,0
72277,5,3,253079,253079,253082,0,3,4
72278,3,1,253082,253082,253083,0,1,0
72279,1,1,253083,253083,253084,0,1,0
72280,3,3,253086,253086,253089,0,3,2
72281,2,2,253088,253089,253091,1,3,0
72282,2,1,253090,253091,253092,1,2,0
72283,6,1,253096,253096,253097,0,1,4
72284,1,2,253097,253097,253099,0,2,0
72285,4,2,253101,253101,253103,0,2,2
72286,3,3,253104,253104,253107,0,3,1
72287,1,3,253105,253107,253110,2,5,0
72288,4,3,253109,253110,253113,1,4,0
72289,6,3,253115,253115,253118,0,3,2
72290,4,3,253119,253119,253122,0,3,1
72291,1,2,253120,253122,253124,2,4,0
72292,4,2,253124,253124,253126,0,2,0
72293,3,2,253127,253127,253129,0,2,1
72294,5,2,253132,253132,253134,0,2,3
72295,5,1,253137,253137,253138,0,1,3
72296,1,1,253138,253138,253139,0,1,0
72297,6,3,253144,253144,253147,0,3,5
72298,6,1,253150,253150,253151,0,1,3
72299,3,3,253153,253153,253156,0,3,2
72300,6,1,253159,253159,253160,0,1,3
72301,1,1,253160,253160,253161,0,1,0
72302,1,2,253161,253161,253163,0,2,0
72303,1,1,253162,253163,253164,1,2,0
72304,5,1,253167,253167,253168,0,1,3
72305,2,2,253169,253169,253171,0,2,1
72306,1,3,253170,253171,253174,1,4,0
72307,5,1,253175,253175,253176,0,1,1
72308,1,3,253176,253176,253179,0,3,0
72309,2,3,253178,253179,253182,1,4,0
72310,2,1,253180,253182,253183,2,3,0
72311,1,2,253181,253183,253185,2,4,0
72312,6,3,253187,253187,253190,0,3,2
72313,3,3,253190,253190,253193,0,3,0
72314,4,1,253194,253194,253195,0,1,1
72315,4,3,253198,253198,253201,0,3,3
72316,5,3,253203,253203,253206,0,3,2
72317,5,3,253208,253208,253211,0,3,2
72318,5,1,253213,253213,253214,0,1,2
72319,6,1,253219,253219,253220,0,1,5
72320,1,1,253220,253220,253221,0,1,0
72321,3,2,253223,253223,253225,0,2,2
72322,3,3,253226,253226,253229,0,3,1
72323,1,1,253227,253229,253230,2,3,0
72324,4,3,253231,253231,253234,0,3,1
72325,6,2,253237,253237,253239,0,2,3
72326,5,3,253242,253242,253245,0,3,3
72327,3,3,253245,253245,253248,0,3,0
72328,4,2,253249,253249,253251,0,2,1
72329,5,3,253254,253254,253257,0,3,3
72330,5,1,253259,253259,253260,0,1,2
72331,6,1,253265,253265,253266,0,1,5
72332,5,2,253270,253270,253272,0,2,4
72333,4,2,253274,253274,253276,0,2,2
72334,2,3,253276,253276,253279,0,3,0
72335,5,3,253281,253281,253284,0,3,2
72336,6,2,253287,253287,253289,0,2,3
72337,3,3,253290,253290,253293,0,3,1
72338,6,3,253296,253296,253299,0,3,3
72339,6,3,253302,253302,253305,0,3,3
72340,3,2,253305,253305,253307,0,2,0
72341,4,2,253309,253309,253311,0,2,2
72342,1,3,253310,253311,253314,1,4,0
72343,4,2,253314,253314,253316,0,2,0
72344,3,1,253317,253317,253318,0,1,1
72345,5,1,253322,253322,253323,0,1,4
72346,2,3,253324,253324,253327,0,3,1
72347,3,3,253327,253327,253330,0,3,0
72348,6,1,253333,253333,253334,0,1,3
72349,5,1,253338,253338,253339,0,1,4
72350,3,1,253341,253341,253342,0,1,2
72351,1,3,253342,253342,253345,0,3,0
72352,2,2,253344,253345,253347,1,3,0
72353,2,2,253346,253347,253349,1,3,0
72354,2,2,253348,253349,253351,1,3,0
72355,6,3,253354,253354,253357,0,3,3
72356,2,2,253356,253357,253359,1,3,0
72357,3,2,253359,253359,253361,0,2,0
72358,5,1,253364,253364,253365,0,1,3
72359,4,1,253368,253368,253369,0,1,3
72360,3,1,253371,253371,253372,0,1,2
72361,1,2,253372,253372,253374,0,2,0
72362,1,3,253373,253374,253377,1,4,0
72363,4,1,253377,253377,253378,0,1,0
72364,3,1,253380,253380,253381,0,1,2
72365,2,3,253382,253382,253385,0,3,1
72366,5,3,253387,253387,253390,0,3,2
72367,5,1,253392,253392,253393,0,1,2
72368,6,2,253398,253398,253400,0,2,5
72369,5,2,253403,253403,253405,0,2,3
72370,2,3,253405,253405,253408,0,3,0
72371,5,2,253410,253410,253412,0,2,2
72372,6,2,253416,253416,253418,0,2,4
72373,6,1,253422,253422,253423,0,1,4
72374,1,1,253423,253423,253424,0,1,0
72375,2,3,253425,253425,253428,0,3,1
72376,3,3,253428,253428,253431,0,3,0
72377,1,1,253429,253431,253432,2,3,0
72378,4,2,253433,253433,253435,0,2,1
72379,4,1,253437,253437,253438,0,1,2
72380,5,1,253442,253442,253443,0,1,4
72381,4,3,253446,253446,253449,0,3,3
72382,6,1,253452,253452,253453,0,1,3
72383,6,3,253458,253458,253461,0,3,5
72384,5,2,253463,253463,253465,0,2,2
72385,3,1,253466,253466,253467,0,1,1
72386,2,1,253468,253468,253469,0,1,1
72387,1,2,253469,253469,253471,0,2,0
72388,6,2,253475,253475,253477,0,2,4
72389,2,3,253477,253477,253480,0,3,0
72390,2,1,253479,253480,253481,1,2,0
72391,5,1,253484,253484,253485,0,1,3
72392,5,1,253489,253489,253490,0,1,4
72393,3,3,253492,253492,253495,0,3,2
72394,5,3,253497,253497,253500,0,3,2
72395,2,2,253499,253500,253502,1,3,0
72396,6,3,253505,253505,253508,0,3,3
72397,6,3,253511,253511,253514,0,3,3
72398,4,2,253515,253515,253517,0,2,1
72399,3,1,253518,253518,253519,0,1,1
72400,2,3,253520,253520,253523,0,3,1
72401,3,3,253523,253523,253526,0,3,0
72402,2,1,253525,253526,253527,1,2,0
72403,1,3,253526,253527,253530,1,4,0
72404,1,3,253527,253530,253533,3,6,0
72405,1,2,253528,253533,253535,5,7,0
72406,4,1,253532,253535,253536,3,4,0
72407,3,2,253535,253536,253538,1,3,0
72408,3,2,253538,253538,253540,0,2,0
72409,2,2,253540,253540,253542,0,2,0
72410,4,3,253544,253544,253547,0,3,2
72411,5,1,253549,253549,253550,0,1,2
72412,6,3,253555,253555,253558,0,3,5
72413,2,1,253557,253558,253559,1,2,0
72414,5,1,253562,253562,253563,0,1,3
72415,5,1,253567,253567,253568,0,1,4
72416,5,1,253572,253572,253573,0,1,4
72417,4,2,253576,253576,253578,0,2,3
72418,3,3,253579,253579,253582,0,3,1
72419,5,1,253584,253584,253585,0,1,2
72420,4,3,253588,253588,253591,0,3,3
72421,1,3,253589,253591,253594,2,5,0
72422,4,2,253593,253594,253596,1,3,0
72423,2,2,253595,253596,253598,1,3,0
72424,1,1,253596,253598,253599,2,3,0
72425,6,2,253602,253602,253604,0,2,3
72426,1,2,253603,253604,253606,1,3,0
72427,2,1,253605,253606,253607,1,2,0
72428,2,1,253607,253607,253608,0,1,0
72429,4,2,253611,253611,253613,0,2,3
72430,2,2,253613,253613,253615,0,2,0
72431,4,2,253617,253617,253619,0,2,2
72432,2,3,253619,253619,253622,0,3,0
72433,5,3,253624,253624,253627,0,3,2
72434,2,3,253626,253627,253630,1,4,0
72435,3,3,253629,253630,253633,1,4,0
72436,3,3,253632,253633,253636,1,4,0
72437,4,2,253636,253636,253638,0,2,0
72438,1,1,253637,253638,253639,1,2,0
72439,4,2,253641,253641,253643,0,2,2
72440,1,3,253642,253643,253646,1,4,0
72441,4,3,253646,253646,253649,0,3,0
72442,6,1,253652,253652,253653,0,1,3
72443,5,1,253657,253657,253658,0,1,4
72444,3,1,253660,253660,253661,0,1,2
72445,2,2,253662,253662,253664,0,2,1
72446,2,2,253664,253664,253666,0,2,0
72447,4,1,253668,253668,253669,0,1,2
72448,6,1,253674,253674,253675,0,1,5
72449,6,1,253680,253680,253681,0,1,5
72450,1,3,253681,253681,253684,0,3,0
72451,1,2,253682,253684,253686,2,4,0
72452,4,1,253686,253686,253687,0,1,0
72453,5,3,253691,253691,253694,0,3,4
72454,1,1,253692,253694,253695,2,3,0
72455,5,3,253697,253697,253700,0,3,2
72456,6,3,253703,253703,253706,0,3,3
72457,3,2,253706,253706,253708,0,2,0
72458,4,3,253710,253710,253713,0,3,2
72459,3,1,253713,253713,253714,0,1,0
72460,4,2,253717,253717,253719,0,2,3
72461,3,2,253720,253720,253722,0,2,1
72462,5,2,253725,253725,253727,0,2,3
72463,2,3,253727,253727,253730,0,3,0
72464,6,3,253733,253733,253736,0,3,3
72465,3,3,253736,253736,253739,0,3,0
72466,5,1,253741,253741,253742,0,1,2
72467,2,3,253743,253743,253746,0,3,1
72468,4,2,253747,253747,253749,0,2,1
72469,3,3,253750,253750,253753,0,3,1
72470,1,2,253751,253753,253755,2,4,0
72471,5,1,253756,253756,253757,0,1,1
72472,6,3,253762,253762,253765,0,3,5
72473,6,1,253768,253768,253769,0,1,3
72474,4,2,253772,253772,253774,0,2,3
72475,3,1,253775,253775,253776,0,1,1
72476,2,1,253777,253777,253778,0,1,1
72477,4,2,253781,253781,253783,0,2,3
72478,6,3,253787,253787,253790,0,3,4
72479,3,3,253790,253790,253793,0,3,0
72480,6,2,253796,253796,253798,0,2,3
72481,4,3,253800,253800,253803,0,3,2
72482,4,2,253804,253804,253806,0,2,1
72483,4,3,253808,253808,253811,0,3,2
72484,5,3,253813,253813,253816,0,3,2
72485,1,3,253814,253816,253819,2,5,0
72486,3,3,253817,253819,253822,2,5,0
72487,3,2,253820,253822,253824,2,4,0
72488,6,1,253826,253826,253827,0,1,2
72489,1,3,253827,253827,253830,0,3,0
72490,4,1,253831,253831,253832,0,1,1
72491,5,2,253836,253836,253838,0,2,4
72492,5,2,253841,253841,253843,0,2,3
72493,4,2,253845,253845,253847,0,2,2
72494,6,3,253851,253851,253854,0,3,4
72495,5,1,253856,253856,253857,0,1,2
72496,3,1,253859,253859,253860,0,1,2
72497,6,1,253865,253865,253866,0,1,5
72498,6,2,253871,253871,253873,0,2,5
72499,5,2,253876,253876,253878,0,2,3
72500,1,2,253877,253878,253880,1,3,0
72501,1,2,253878,253880,253882,2,4,0
72502,5,3,253883,253883,253886,0,3,1
72503,5,2,253888,253888,253890,0,2,2
72504,3,2,253891,253891,253893,0,2,1
72505,5,2,253896,253896,253898,0,2,3
72506,3,1,253899,253899,253900,0,1,1
72507,5,2,253904,253904,253906,0,2,4
72508,5,3,253909,253909,253912,0,3,3
72509,2,2,253911,253912,253914,1,3,0
72510,2,1,253913,253914,253915,1,2,0
72511,5,1,253918,253918,253919,0,1,3
72512,5,3,253923,253923,253926,0,3,4
72513,2,2,253925,253926,253928,1,3,0
72514,3,1,253928,253928,253929,0,1,0
72515,6,1,253934,253934,253935,0,1,5
72516,4,2,253938,253938,253940,0,2,3
72517,2,3,253940,253940,253943,0,3,0
72518,5,1,253945,253945,253946,0,1,2
72519,3,3,253948,253948,253951,0,3,2
72520,5,2,253953,253953,253955,0,2,2
72521,1,1,253954,253955,253956,1,2,0
72522,2,1,253956,253956,253957,0,1,0
72523,1,1,253957,253957,253958,0,1,0
72524,5,3,253962,253962,253965,0,3,4
72525,1,2,253963,253965,253967,2,4,0
72526,2,3,253965,253967,253970,2,5,0
72527,2,3,253967,253970,253973,3,6,0
72528,1,3,253968,253973,253976,5,8,0
72529,5,3,253973,253976,253979,3,6,0
72530,2,1,253975,253979,253980,4,5,0
72531,2,2,253977,253980,253982,3,5,0
72532,4,2,253981,253982,253984,1,3,0
72533,1,1,253982,253984,253985,2,3,0
72534,5,2,253987,253987,253989,0,2,2
72535,2,2,253989,253989,253991,0,2,0
72536,6,2,253995,253995,253997,0,2,4
72537,6,3,254001,254001,254004,0,3,4
72538,5,3,254006,254006,254009,0,3,2
72539,1,1,254007,254009,254010,2,3,0
72540,4,3,254011,254011,254014,0,3,1
72541,4,3,254015,254015,254018,0,3,1
72542,4,2,254019,254019,254021,0,2,1
72543,5,3,254024,254024,254027,0,3,3
72544,5,1,254029,254029,254030,0,1,2
72545,6,1,254035,254035,254036,0,1,5
72546,4,2,254039,254039,254041,0,2,3
72547,2,3,254041,254041,254044,0,3,0
72548,3,1,254044,254044,254045,0,1,0
72549,2,3,254046,254046,254049,0,3,1
72550,3,2,254049,254049,254051,0,2,0
72551,1,3,254050,254051,254054,1,4,0
72552,4,1,254054,254054,254055,0,1,0
72553,1,1,254055,254055,254056,0,1,0
72554,5,1,254060,254060,254061,0,1,4
72555,4,1,254064,254064,254065,0,1,3
72556,5,1,254069,254069,254070,0,1,4
72557,2,3,254071,254071,254074,0,3,1
72558,3,2,254074,254074,254076,0,2,0
72559,1,2,254075,254076,254078,1,3,0
72560,1,3,254076,254078,254081,2,5,0
72561,3,2,254079,254081,254083,2,4,0
72562,1,3,254080,254083,254086,3,6,0
72563,1,2,254081,254086,254088,5,7,0
72564,6,1,254087,254088,254089,1,2,0
72565,6,3,254093,254093,254096,0,3,4
72566,6,1,254099,254099,254100,0,1,3
72567,6,2,254105,254105,254107,0,2,5
72568,1,3,254106,254107,254110,1,4,0
72569,6,2,254112,254112,254114,0,2,2
72570,6,1,254118,254118,254119,0,1,4
72571,1,3,254119,254119,254122,0,3,0
72572,5,1,254124,254124,254125,0,1,2
72573,2,3,254126,254126,254129,0,3,1
72574,4,2,254130,254130,254132,0,2,1
72575,3,1,254133,254133,254134,0,1,1
72576,3,1,254136,254136,254137,0,1,2
72577,3,2,254139,254139,254141,0,2,2
72578,2,3,254141,254141,254144,0,3,0
72579,2,3,254143,254144,254147,1,4,0
72580,6,3,254149,254149,254152,0,3,2
72581,1,3,254150,254152,254155,2,5,0
72582,1,1,254151,254155,254156,4,5,0
72583,6,2,254157,254157,254159,0,2,1
72584,3,3,254160,254160,254163,0,3,1
72585,1,1,254161,254163,254164,2,3,0
72586,3,1,254164,254164,254165,0,1,0
72587,5,3,254169,254169,254172,0,3,4
72588,5,3,254174,254174,254177,0,3,2
72589,3,3,254177,254177,254180,0,3,0
72590,6,2,254183,254183,254185,0,2,3
72591,2,2,254185,254185,254187,0,2,0
72592,4,3,254189,254189,254192,0,3,2
72593,1,3,254190,254192,254195,2,5,0
72594,3,3,254193,254195,254198,2,5,0
72595,5,2,254198,254198,254200,0,2,0
72596,3,2,254201,254201,254203,0,2,1
72597,2,2,254203,254203,254205,0,2,0
72598,5,2,254208,254208,254210,0,2,3
72599,4,1,254212,254212,254213,0,1,2
72600,5,2,254217,254217,254219,0,2,4
72601,5,1,254222,254222,254223,0,1,3
72602,2,1,254224,254224,254225,0,1,1
72603,1,3,254225,254225,254228,0,3,0
72604,5,2,254230,254230,254232,0,2,2
72605,2,1,254232,254232,254233,0,1,0
72606,3,3,254235,254235,254238,0,3,2
72607,6,3,254241,254241,254244,0,3,3
72608,4,3,254245,254245,254248,0,3,1
72609,6,2,254251,254251,254253,0,2,3
72610,3,3,254254,254254,254257,0,3,1
72611,1,1,254255,254257,254258,2,3,0
72612,1,3,254256,254258,254261,2,5,0
72613,1,1,254257,254261,254262,4,5,0
72614,3,1,254260,254262,254263,2,3,0
72615,5,3,254265,254265,254268,0,3,2
72616,4,1,254269,254269,254270,0,1,1
72617,4,1,254273,254273,254274,0,1,3
72618,3,1,254276,254276,254277,0,1,2
72619,5,3,254281,254281,254284,0,3,4
72620,5,2,254286,254286,254288,0,2,2
72621,5,3,254291,254291,254294,0,3,3
72622,1,1,254292,254294,254295,2,3,0
72623,2,3,254294,254295,254298,1,4,0
72624,5,2,254299,254299,254301,0,2,1
72625,2,3,254301,254301,254304,0,3,0
72626,5,3,254306,254306,254309,0,3,2
72627,3,1,254309,254309,254310,0,1,0
72628,3,1,254312,254312,254313,0,1,2
72629,6,2,254318,254318,254320,0,2,5
72630,2,1,254320,254320,254321,0,1,0
72631,4,1,254324,254324,254325,0,1,3
72632,1,2,254325,254325,254327,0,2,0
72633,1,1,254326,254327,254328,1,2,0
72634,6,3,254332,254332,254335,0,3,4
72635,2,2,254334,254335,254337,1,3,0
72636,6,3,254340,254340,254343,0,3,3
72637,2,3,254342,254343,254346,1,4,0
72638,2,3,254344,254346,254349,2,5,0
72639,6,3,254350,254350,254353,0,3,1
72640,1,1,254351,254353,254354,2,3,0
72641,4,3,254355,254355,254358,0,3,1
72642,6,1,254361,254361,254362,0,1,3
72643,3,2,254364,254364,254366,0,2,2
72644,6,3,254370,254370,254373,0,3,4
72645,3,1,254373,254373,254374,0,1,0
72646,5,2,254378,254378,254380,0,2,4
72647,6,1,254384,254384,254385,0,1,4
72648,5,2,254389,254389,254391,0,2,4
72649,6,3,254395,254395,254398,0,3,4
72650,1,3,254396,254398,254401,2,5,0
72651,5,3,254401,254401,254404,0,3,0
72652,3,2,254404,254404,254406,0,2,0
72653,1,3,254405,254406,254409,1,4,0
72654,3,3,254408,254409,254412,1,4,0
72655,4,3,254412,254412,254415,0,3,0
72656,2,3,254414,254415,254418,1,4,0
72657,6,1,254420,254420,254421,0,1,2
72658,2,3,254422,254422,254425,0,3,1
72659,5,2,254427,254427,254429,0,2,2
72660,5,3,254432,254432,254435,0,3,3
72661,3,2,254435,254435,254437,0,2,0
72662,1,1,254436,254437,254438,1,2,0
72663,4,2,254440,254440,254442,0,2,2
72664,2,2,254442,254442,254444,0,2,0
72665,3,1,254445,254445,254446,0,1,1
72666,3,1,254448,254448,254449,0,1,2
72667,2,2,254450,254450,254452,0,2,1
72668,1,3,254451,254452,254455,1,4,0
72669,4,3,254455,254455,254458,0,3,0
72670,4,1,254459,254459,254460,0,1,1
72671,4,1,254463,254463,254464,0,1,3
72672,2,2,254465,254465,254467,0,2,1
72673,5,3,254470,254470,254473,0,3,3
72674,3,1,254473,254473,254474,0,1,0
72675,4,2,254477,254477,254479,0,2,3
72676,4,3,254481,254481,254484,0,3,2
72677,6,3,254487,254487,254490,0,3,3
72678,5,3,254492,254492,254495,0,3,2
72679,5,1,254497,254497,254498,0,1,2
72680,6,2,254503,254503,254505,0,2,5
72681,4,2,254507,254507,254509,0,2,2
72682,6,1,254513,254513,254514,0,1,4
72683,3,1,254516,254516,254517,0,1,2
72684,3,3,254519,254519,254522,0,3,2
72685,5,2,254524,254524,254526,0,2,2
72686,4,3,254528,254528,254531,0,3,2
72687,5,2,254533,254533,254535,0,2,2
72688,4,3,254537,254537,254540,0,3,2
72689,2,3,254539,254540,254543,1,4,0
72690,5,1,254544,254544,254545,0,1,1
72691,6,3,254550,254550,254553,0,3,5
72692,3,2,254553,254553,254555,0,2,0
72693,4,1,254557,254557,254558,0,1,2
72694,3,2,254560,254560,254562,0,2,2
72695,5,2,254565,254565,254567,0,2,3
72696,4,3,254569,254569,254572,0,3,2
72697,2,1,254571,254572,254573,1,2,0
72698,3,3,254574,254574,254577,0,3,1
72699,6,3,254580,254580,254583,0,3,3
72700,3,3,254583,254583,254586,0,3,0
72701,5,2,254588,254588,254590,0,2,2
72702,3,2,254591,254591,254593,0,2,1
72703,4,3,254595,254595,254598,0,3,2
72704,4,3,254599,254599,254602,0,3,1
72705,6,1,254605,254605,254606,0,1,3
72706,6,3,254611,254611,254614,0,3,5
72707,4,1,254615,254615,254616,0,1,1
72708,5,3,254620,254620,254623,0,3,4
72709,6,2,254626,254626,254628,0,2,3
72710,2,1,254628,254628,254629,0,1,0
72711,6,1,254634,254634,254635,0,1,5
72712,6,2,254640,254640,254642,0,2,5
72713,4,2,254644,254644,254646,0,2,2
72714,2,1,254646,254646,254647,0,1,0
72715,1,3,254647,254647,254650,0,3,0
72716,1,2,254648,254650,254652,2,4,0
72717,5,2,254653,254653,254655,0,2,1
72718,1,1,254654,254655,254656,1,2,0
72719,1,1,254655,254656,254657,1,2,0
72720,6,1,254661,254661,254662,0,1,4
72721,1,3,254662,254662,254665,0,3,0
72722,2,2,254664,254665,254667,1,3,0
72723,6,2,254670,254670,254672,0,2,3
72724,3,2,254673,254673,254675,0,2,1
72725,3,1,254676,254676,254677,0,1,1
72726,6,1,254682,254682,254683,0,1,5
72727,2,1,254684,254684,254685,0,1,1
72728,1,2,254685,254685,254687,0,2,0
72729,5,1,254690,254690,254691,0,1,3
72730,2,3,254692,254692,254695,0,3,1
72731,1,1,254693,254695,254696,2,3,0
72732,2,3,254695,254696,254699,1,4,0
72733,2,3,254697,254699,254702,2,5,0
72734,2,3,254699,254702,254705,3,6,0
72735,3,3,254702,254705,254708,3,6,0
72736,6,3,254708,254708,254711,0,3,0
72737,5,1,254713,254713,254714,0,1,2
72738,3,3,254716,254716,254719,0,3,2
72739,5,1,254721,254721,254722,0,1,2
72740,5,2,254726,254726,254728,0,2,4
72741,2,2,254728,254728,254730,0,2,0
72742,3,1,254731,254731,254732,0,1,1
72743,3,3,254734,254734,254737,0,3,2
72744,4,1,254738,254738,254739,0,1,1
72745,3,1,254741,254741,254742,0,1,2
72746,4,2,254745,254745,254747,0,2,3
72747,3,3,254748,254748,254751,0,3,1
72748,1,2,254749,254751,254753,2,4,0
72749,2,2,254751,254753,254755,2,4,0
72750,6,3,254757,254757,254760,0,3,2
72751,6,1,254763,254763,254764,0,1,3
72752,3,1,254766,254766,254767,0,1,2
72753,6,3,254772,254772,254775,0,3,5
72754,3,2,254775,254775,254777,0,2,0
72755,4,2,254779,254779,254781,0,2,2
72756,5,3,254784,254784,254787,0,3,3
72757,3,1,254787,254787,254788,0,1,0
72758,2,3,254789,254789,254792,0,3,1
72759,1,3,254790,254792,254795,2,5,0
72760,5,1,254795,254795,254796,0,1,0
72761,2,2,254797,254797,254799,0,2,1
72762,1,2,254798,254799,254801,1,3,0
72763,2,1,254800,254801,254802,1,2,0
72764,2,3,254802,254802,254805,0,3,0
72765,3,3,254805,254805,254808,0,3,0
72766,4,1,254809,254809,254810,0,1,1
72767,1,2,254810,254810,254812,0,2,0
72768,5,2,254815,254815,254817,0,2,3
72769,6,3,254821,254821,254824,0,3,4
72770,2,1,254823,254824,254825,1,2,0
72771,5,2,254828,254828,254830,0,2,3
72772,5,1,254833,254833,254834,0,1,3
72773,4,2,254837,254837,254839,0,2,3
72774,2,2,254839,254839,254841,0,2,0
72775,5,1,254844,254844,254845,0,1,3
72776,4,1,254848,254848,254849,0,1,3
72777,3,3,254851,254851,254854,0,3,2
72778,3,2,254854,254854,254856,0,2,0
72779,6,2,254860,254860,254862,0,2,4
72780,6,3,254866,254866,254869,0,3,4
72781,6,2,254872,254872,254874,0,2,3
72782,5,2,254877,254877,254879,0,2,3
72783,6,1,254883,254883,254884,0,1,4
72784,3,2,254886,254886,254888,0,2,2
72785,4,2,254890,254890,254892,0,2,2
72786,5,3,254895,254895,254898,0,3,3
72787,2,2,254897,254898,254900,1,3,0
72788,3,2,254900,254900,254902,0,2,0
72789,6,1,254906,254906,254907,0,1,4
72790,2,3,254908,254908,254911,0,3,1
72791,2,3,254910,254911,254914,1,4,0
72792,2,3,254912,254914,254917,2,5,0
72793,6,3,254918,254918,254921,0,3,1
72794,5,1,254923,254923,254924,0,1,2
72795,3,1,254926,254926,254927,0,1,2
72796,3,1,254929,254929,254930,0,1,2
72797,3,2,254932,254932,254934,0,2,2
72798,5,3,254937,254937,254940,0,3,3
72799,3,2,254940,254940,254942,0,2,0
72800,1,1,254941,254942,254943,1,2,0
72801,3,3,254944,254944,254947,0,3,1
72802,3,1,254947,254947,254948,0,1,0
72803,6,3,254953,254953,254956,0,3,5
72804,5,3,254958,254958,254961,0,3,2
72805,6,3,254964,254964,254967,0,3,3
72806,3,3,254967,254967,254970,0,3,0
72807,2,2,254969,254970,254972,1,3,0
72808,3,1,254972,254972,254973,0,1,0
72809,4,1,254976,254976,254977,0,1,3
72810,4,2,254980,254980,254982,0,2,3
72811,4,2,254984,254984,254986,0,2,2
72812,4,1,254988,254988,254989,0,1,2
72813,1,3,254989,254989,254992,0,3,0
72814,4,2,254993,254993,254995,0,2,1
72815,2,3,254995,254995,254998,0,3,0
72816,3,3,254998,254998,255001,0,3,0
72817,5,1,255003,255003,255004,0,1,2
72818,3,3,255006,255006,255009,0,3,2
72819,5,3,255011,255011,255014,0,3,2
72820,4,2,255015,255015,255017,0,2,1
72821,1,3,255016,255017,255020,1,4,0
72822,5,3,255021,255021,255024,0,3,1
72823,2,3,255023,255024,255027,1,4,0
72824,1,1,255024,255027,255028,3,4,0
72825,4,2,255028,255028,255030,0,2,0
72826,5,1,255033,255033,255034,0,1,3
72827,1,1,255034,255034,255035,0,1,0
72828,4,3,255038,255038,255041,0,3,3
72829,1,1,255039,255041,255042,2,3,0
72830,6,2,255045,255045,255047,0,2,3
72831,6,3,255051,255051,255054,0,3,4
72832,1,3,255052,255054,255057,2,5,0
72833,6,3,255058,255058,255061,0,3,1
72834,6,1,255064,255064,255065,0,1,3
72835,3,3,255067,255067,255070,0,3,2
72836,1,3,255068,255070,255073,2,5,0
72837,2,1,255070,255073,255074,3,4,0
72838,2,1,255072,255074,255075,2,3,0
72839,5,1,255077,255077,255078,0,1,2
72840,5,1,255082,255082,255083,0,1,4
72841,4,1,255086,255086,255087,0,1,3
72842,2,3,255088,255088,255091,0,3,1
72843,2,1,255090,255091,255092,1,2,0
72844,3,3,255093,255093,255096,0,3,1
72845,4,3,255097,255097,255100,0,3,1
72846,3,3,255100,255100,255103,0,3,0
72847,6,1,255106,255106,255107,0,1,3
72848,4,2,255110,255110,255112,0,2,3
72849,2,2,255112,255112,255114,0,2,0
72850,1,2,255113,255114,255116,1,3,0
72851,4,3,255117,255117,255120,0,3,1
72852,4,1,255121,255121,255122,0,1,1
72853,5,3,255126,255126,255129,0,3,4
72854,6,2,255132,255132,255134,0,2,3
72855,1,1,255133,255134,255135,1,2,0
72856,3,3,255136,255136,255139,0,3,1
72857,5,3,255141,255141,255144,0,3,2
72858,5,2,255146,255146,255148,0,2,2
72859,5,3,255151,255151,255154,0,3,3
72860,3,2,255154,255154,255156,0,2,0
72861,3,3,255157,255157,255160,0,3,1
72862,1,1,255158,255160,255161,2,3,0
72863,6,2,255164,255164,255166,0,2,3
72864,6,2,255170,255170,255172,0,2,4
72865,5,2,255175,255175,255177,0,2,3
72866,1,3,255176,255177,255180,1,4,0
72867,6,2,255182,255182,255184,0,2,2
72868,1,2,255183,255184,255186,1,3,0
72869,4,2,255187,255187,255189,0,2,1
72870,4,1,255191,255191,255192,0,1,2
72871,4,3,255195,255195,255198,0,3,3
72872,4,3,255199,255199,255202,0,3,1
72873,4,1,255203,255203,255204,0,1,1
72874,6,1,255209,255209,255210,0,1,5
72875,1,1,255210,255210,255211,0,1,0
72876,2,1,255212,255212,255213,0,1,1
72877,2,2,255214,255214,255216,0,2,1
72878,1,2,255215,255216,255218,1,3,0
72879,3,2,255218,255218,255220,0,2,0
72880,3,3,255221,255221,255224,0,3,1
72881,6,3,255227,255227,255230,0,3,3
72882,6,1,255233,255233,255234,0,1,3
72883,4,2,255237,255237,255239,0,2,3
72884,6,1,255243,255243,255244,0,1,4
72885,2,2,255245,255245,255247,0,2,1
72886,2,3,255247,255247,255250,0,3,0
72887,3,1,255250,255250,255251,0,1,0
72888,4,3,255254,255254,255257,0,3,3
72889,2,1,255256,255257,255258,1,2,0
72890,2,2,255258,255258,255260,0,2,0
72891,3,1,255261,255261,255262,0,1,1
72892,4,3,255265,255265,255268,0,3,3
72893,3,1,255268,255268,255269,0,1,0
72894,3,3,255271,255271,255274,0,3,2
72895,6,1,255277,255277,255278,0,1,3
72896,3,3,255280,255280,255283,0,3,2
72897,1,3,255281,255283,255286,2,5,0
72898,1,2,255282,255286,255288,4,6,0
72899,3,2,255285,255288,255290,3,5,0
72900,6,2,255291,255291,255293,0,2,1
72901,3,3,255294,255294,255297,0,3,1
72902,6,3,255300,255300,255303,0,3,3
72903,5,2,255305,255305,255307,0,2,2
72904,4,2,255309,255309,255311,0,2,2
72905,3,2,255312,255312,255314,0,2,1
72906,4,3,255316,255316,255319,0,3,2
72907,4,2,255320,255320,255322,0,2,1
72908,6,2,255326,255326,255328,0,2,4
72909,5,3,255331,255331,255334,0,3,3
72910,3,1,255334,255334,255335,0,1,0
72911,6,2,255340,255340,255342,0,2,5
72912,4,1,255344,255344,255345,0,1,2
72913,2,1,255346,255346,255347,0,1,1
72914,4,1,255350,255350,255351,0,1,3
72915,4,3,255354,255354,255357,0,3,3
72916,2,1,255356,255357,255358,1,2,0
72917,2,3,255358,255358,255361,0,3,0
72918,2,1,255360,255361,255362,1,2,0
72919,1,2,255361,255362,255364,1,3,0
72920,3,2,255364,255364,255366,0,2,0
72921,4,2,255368,255368,255370,0,2,2
72922,5,2,255373,255373,255375,0,2,3
72923,3,1,255376,255376,255377,0,1,1
72924,1,3,255377,255377,255380,0,3,0
72925,3,2,255380,255380,255382,0,2,0
72926,3,3,255383,255383,255386,0,3,1
72927,1,1,255384,255386,255387,2,3,0
72928,5,3,255389,255389,255392,0,3,2
72929,3,3,255392,255392,255395,0,3,0
72930,6,1,255398,255398,255399,0,1,3
72931,5,2,255403,255403,255405,0,2,4
72932,5,2,255408,255408,255410,0,2,3
72933,5,3,255413,255413,255416,0,3,3
72934,5,2,255418,255418,255420,0,2,2
72935,2,3,255420,255420,255423,0,3,0
72936,3,1,255423,255423,255424,0,1,0
72937,3,3,255426,255426,255429,0,3,2
72938,5,3,255431,255431,255434,0,3,2
72939,1,1,255432,255434,255435,2,3,0
72940,6,1,255438,255438,255439,0,1,3
72941,3,3,255441,255441,255444,0,3,2
72942,4,1,255445,255445,255446,0,1,1
72943,1,1,255446,255446,255447,0,1,0
72944,3,2,255449,255449,255451,0,2,2
72945,2,1,255451,255451,255452,0,1,0
72946,4,1,255455,255455,255456,0,1,3
72947,3,1,255458,255458,255459,0,1,2
72948,1,2,255459,255459,255461,0,2,0
72949,6,2,255465,255465,255467,0,2,4
72950,6,1,255471,255471,255472,0,1,4
72951,6,1,255477,255477,255478,0,1,5
72952,3,1,255480,255480,255481,0,1,2
72953,6,2,255486,255486,255488,0,2,5
72954,2,2,255488,255488,255490,0,2,0
72955,2,2,255490,255490,255492,0,2,0
72956,6,2,255496,255496,255498,0,2,4
72957,4,3,255500,255500,255503,0,3,2
72958,3,1,255503,255503,255504,0,1,0
72959,4,2,255507,255507,255509,0,2,3
72960,2,1,255509,255509,255510,0,1,0
72961,6,1,255515,255515,255516,0,1,5
72962,5,1,255520,255520,255521,0,1,4
72963,5,1,255525,255525,255526,0,1,4
72964,2,2,255527,255527,255529,0,2,1
72965,5,1,255532,255532,255533,0,1,3
72966,2,2,255534,255534,255536,0,2,1
72967,4,2,255538,255538,255540,0,2,2
72968,3,3,255541,255541,255544,0,3,1
72969,5,2,255546,255546,255548,0,2,2
72970,4,1,255550,255550,255551,0,1,2
72971,5,1,255555,255555,255556,0,1,4
72972,2,1,255557,255557,255558,0,1,1
72973,3,3,255560,255560,255563,0,3,2
72974,1,1,255561,255563,255564,2,3,0
72975,2,3,255563,255564,255567,1,4,0
72976,6,3,255569,255569,255572,0,3,2
72977,3,2,255572,255572,255574,0,2,0
72978,5,1,255577,255577,255578,0,1,3
72979,3,1,255580,255580,255581,0,1,2
72980,4,3,255584,255584,255587,0,3,3
72981,6,3,255590,255590,255593,0,3,3
72982,5,2,255595,255595,255597,0,2,2
72983,5,2,255600,255600,255602,0,2,3
72984,5,2,255605,255605,255607,0,2,3
72985,6,1,255611,255611,255612,0,1,4
72986,3,3,255614,255614,255617,0,3,2
72987,3,3,255617,255617,255620,0,3,0
72988,3,1,255620,255620,255621,0,1,0
72989,6,1,255626,255626,255627,0,1,5
72990,2,3,255628,255628,255631,0,3,1
72991,3,3,255631,255631,255634,0,3,0
72992,4,2,255635,255635,255637,0,2,1
72993,6,2,255641,255641,255643,0,2,4
72994,1,2,255642,255643,255645,1,3,0
72995,3,1,255645,255645,255646,0,1,0
72996,1,2,255646,255646,255648,0,2,0
72997,1,1,255647,255648,255649,1,2,0
72998,4,2,255651,255651,255653,0,2,2
72999,3,2,255654,255654,255656,0,2,1
73000,2,3,255656,255656,255659,0,3,0
73001,4,1,255660,255660,255661,0,1,1
73002,4,2,255664,255664,255666,0,2,3
73003,1,1,255665,255666,255667,1,2,0
73004,6,2,255671,255671,255673,0,2,4
73005,4,1,255675,255675,255676,0,1,2
73006,1,2,255676,255676,255678,0,2,0
73007,4,1,255680,255680,255681,0,1,2
73008,6,2,255686,255686,255688,0,2,5
73009,4,3,255690,255690,255693,0,3,2
73010,3,3,255693,255693,255696,0,3,0
73011,1,1,255694,255696,255697,2,3,0
73012,1,2,255695,255697,255699,2,4,0
73013,2,3,255697,255699,255702,2,5,0
73014,4,1,255701,255702,255703,1,2,0
73015,5,1,255706,255706,255707,0,1,3
73016,4,2,255710,255710,255712,0,2,3
73017,4,2,255714,255714,255716,0,2,2
73018,1,3,255715,255716,255719,1,4,0
73019,3,2,255718,255719,255721,1,3,0
73020,1,1,255719,255721,255722,2,3,0
73021,4,1,255723,255723,255724,0,1,1
73022,5,2,255728,255728,255730,0,2,4
73023,1,1,255729,255730,255731,1,2,0
73024,4,2,255733,255733,255735,0,2,2
73025,4,2,255737,255737,255739,0,2,2
73026,1,3,255738,255739,255742,1,4,0
73027,1,3,255739,255742,255745,3,6,0
73028,2,2,255741,255745,255747,4,6,0
73029,3,3,255744,255747,255750,3,6,0
73030,6,2,255750,255750,255752,0,2,0
73031,4,2,255754,255754,255756,0,2,2
73032,3,1,255757,255757,255758,0,1,1
73033,2,2,255759,255759,255761,0,2,1
73034,6,1,255765,255765,255766,0,1,4
73035,4,3,255769,255769,255772,0,3,3
73036,5,2,255774,255774,255776,0,2,2
73037,5,3,255779,255779,255782,0,3,3
73038,2,1,255781,255782,255783,1,2,0
73039,1,1,255782,255783,255784,1,2,0
73040,2,1,255784,255784,255785,0,1,0
73041,5,2,255789,255789,255791,0,2,4
73042,4,3,255793,255793,255796,0,3,2
73043,2,1,255795,255796,255797,1,2,0
73044,6,2,255801,255801,255803,0,2,4
73045,4,1,255805,255805,255806,0,1,2
73046,5,2,255810,255810,255812,0,2,4
73047,1,1,255811,255812,255813,1,2,0
73048,5,1,255816,255816,255817,0,1,3
73049,6,1,255822,255822,255823,0,1,5
73050,1,1,255823,255823,255824,0,1,0
73051,1,3,255824,255824,255827,0,3,0
73052,5,3,255829,255829,255832,0,3,2
73053,2,1,255831,255832,255833,1,2,0
73054,1,1,255832,255833,255834,1,2,0
73055,1,2,255833,255834,255836,1,3,0
73056,4,1,255837,255837,255838,0,1,1
73057,6,3,255843,255843,255846,0,3,5
73058,1,3,255844,255846,255849,2,5,0
73059,2,1,255846,255849,255850,3,4,0
73060,2,1,255848,255850,255851,2,3,0
73061,1,3,255849,255851,255854,2,5,0
73062,4,2,255853,255854,255856,1,3,0
73063,2,2,255855,255856,255858,1,3,0
73064,4,2,255859,255859,255861,0,2,1
73065,6,3,255865,255865,255868,0,3,4
73066,4,2,255869,255869,255871,0,2,1
73067,4,1,255873,255873,255874,0,1,2
73068,2,3,255875,255875,255878,0,3,1
73069,4,3,255879,255879,255882,0,3,1
73070,4,1,255883,255883,255884,0,1,1
73071,6,1,255889,255889,255890,0,1,5
73072,1,2,255890,255890,255892,0,2,0
73073,2,2,255892,255892,255894,0,2,0
73074,5,3,255897,255897,255900,0,3,3
73075,4,3,255901,255901,255904,0,3,1
73076,5,1,255906,255906,255907,0,1,2
73077,3,2,255909,255909,255911,0,2,2
73078,4,2,255913,255913,255915,0,2,2
73079,6,1,255919,255919,255920,0,1,4
73080,6,1,255925,255925,255926,0,1,5
73081,5,1,255930,255930,255931,0,1,4
73082,5,1,255935,255935,255936,0,1,4
73083,3,1,255938,255938,255939,0,1,2
73084,6,2,255944,255944,255946,0,2,5
73085,5,1,255949,255949,255950,0,1,3
73086,5,1,255954,255954,255955,0,1,4
73087,2,1,255956,255956,255957,0,1,1
73088,3,3,255959,255959,255962,0,3,2
73089,4,3,255963,255963,255966,0,3,1
73090,4,2,255967,255967,255969,0,2,1
73091,1,2,255968,255969,255971,1,3,0
73092,5,3,255973,255973,255976,0,3,2
73093,4,1,255977,255977,255978,0,1,1
73094,4,2,255981,255981,255983,0,2,3
73095,3,1,255984,255984,255985,0,1,1
73096,5,1,255989,255989,255990,0,1,4
73097,5,1,255994,255994,255995,0,1,4
73098,2,3,255996,255996,255999,0,3,1
73099,3,2,255999,255999,256001,0,2,0
73100,6,3,256005,256005,256008,0,3,4
73101,5,2,256010,256010,256012,0,2,2
73102,4,2,256014,256014,256016,0,2,2
73103,5,3,256019,256019,256022,0,3,3
73104,1,2,256020,256022,256024,2,4,0
73105,5,1,256025,256025,256026,0,1,1
73106,5,2,256030,256030,256032,0,2,4
73107,1,2,256031,256032,256034,1,3,0
73108,2,2,256033,256034,256036,1,3,0
73109,3,1,256036,256036,256037,0,1,0
73110,5,1,256041,256041,256042,0,1,4
73111,4,2,256045,256045,256047,0,2,3
73112,4,2,256049,256049,256051,0,2,2
73113,2,2,256051,256051,256053,0,2,0
73114,5,3,256056,256056,256059,0,3,3
73115,4,2,256060,256060,256062,0,2,1
73116,5,2,256065,256065,256067,0,2,3
73117,1,1,256066,256067,256068,1,2,0
73118,2,2,256068,256068,256070,0,2,0
73119,5,2,256073,256073,256075,0,2,3
73120,2,3,256075,256075,256078,0,3,0
73121,1,2,256076,256078,256080,2,4,0
73122,3,1,256079,256080,256081,1,2,0
73123,5,3,256084,256084,256087,0,3,3
73124,5,2,256089,256089,256091,0,2,2
73125,4,2,256093,256093,256095,0,2,2
73126,2,3,256095,256095,256098,0,3,0
73127,5,3,256100,256100,256103,0,3,2
73128,2,2,256102,256103,256105,1,3,0
73129,5,2,256107,256107,256109,0,2,2
73130,1,3,256108,256109,256112,1,4,0
73131,4,2,256112,256112,256114,0,2,0
73132,4,1,256116,256116,256117,0,1,2
73133,3,3,256119,256119,256122,0,3,2
73134,4,1,256123,256123,256124,0,1,1
73135,5,1,256128,256128,256129,0,1,4
73136,1,1,256129,256129,256130,0,1,0
73137,4,1,256133,256133,256134,0,1,3
73138,1,2,256134,256134,256136,0,2,0
73139,1,1,256135,256136,256137,1,2,0
73140,1,1,256136,256137,256138,1,2,0
73141,3,3,256139,256139,256142,0,3,1
73142,3,1,256142,256142,256143,0,1,0
73143,1,1,256143,256143,256144,0,1,0
73144,4,3,256147,256147,256150,0,3,3
73145,1,3,256148,256150,256153,2,5,0
73146,1,1,256149,256153,256154,4,5,0
73147,1,2,256150,256154,256156,4,6,0
73148,1,1,256151,256156,256157,5,6,0
73149,2,2,256153,256157,256159,4,6,0
73150,4,2,256157,256159,256161,2,4,0
73151,4,3,256161,256161,256164,0,3,0
73152,6,2,256167,256167,256169,0,2,3
73153,6,2,256173,256173,256175,0,2,4
73154,3,1,256176,256176,256177,0,1,1
73155,5,3,256181,256181,256184,0,3,4
73156,2,1,256183,256184,256185,1,2,0
73157,2,3,256185,256185,256188,0,3,0
73158,2,2,256187,256188,256190,1,3,0
73159,2,1,256189,256190,256191,1,2,0
73160,5,3,256194,256194,256197,0,3,3
73161,1,1,256195,256197,256198,2,3,0
73162,3,3,256198,256198,256201,0,3,0
73163,5,2,256203,256203,256205,0,2,2
73164,1,2,256204,256205,256207,1,3,0
73165,3,1,256207,256207,256208,0,1,0
73166,5,3,256212,256212,256215,0,3,4
73167,3,1,256215,256215,256216,0,1,0
73168,5,3,256220,256220,256223,0,3,4
73169,1,3,256221,256223,256226,2,5,0
73170,3,2,256224,256226,256228,2,4,0
73171,6,2,256230,256230,256232,0,2,2
73172,3,1,256233,256233,256234,0,1,1
73173,5,1,256238,256238,256239,0,1,4
73174,2,2,256240,256240,256242,0,2,1
73175,4,1,256244,256244,256245,0,1,2
73176,4,2,256248,256248,256250,0,2,3
73177,6,3,256254,256254,256257,0,3,4
73178,4,3,256258,256258,256261,0,3,1
73179,4,1,256262,256262,256263,0,1,1
73180,5,1,256267,256267,256268,0,1,4
73181,1,1,256268,256268,256269,0,1,0
73182,2,2,256270,256270,256272,0,2,1
73183,4,3,256274,256274,256277,0,3,2
73184,3,2,256277,256277,256279,0,2,0
73185,1,3,256278,256279,256282,1,4,0
73186,5,3,256283,256283,256286,0,3,1
73187,3,2,256286,256286,256288,0,2,0
73188,3,3,256289,256289,256292,0,3,1
73189,3,3,256292,256292,256295,0,3,0
73190,5,2,256297,256297,256299,0,2,2
73191,3,2,256300,256300,256302,0,2,1
73192,6,2,256306,256306,256308,0,2,4
73193,2,1,256308,256308,256309,0,1,0
73194,2,3,256310,256310,256313,0,3,1
73195,2,3,256312,256313,256316,1,4,0
73196,1,1,256313,256316,256317,3,4,0
73197,5,2,256318,256318,256320,0,2,1
73198,1,2,256319,256320,256322,1,3,0
73199,2,1,256321,256322,256323,1,2,0
73200,1,3,256322,256323,256326,1,4,0
73201,3,3,256325,256326,256329,1,4,0
73202,5,1,256330,256330,256331,0,1,1
73203,4,1,256334,256334,256335,0,1,3
73204,1,2,256335,256335,256337,0,2,0
73205,2,3,256337,256337,256340,0,3,0
73206,2,2,256339,256340,256342,1,3,0
73207,4,1,256343,256343,256344,0,1,1
73208,2,2,256345,256345,256347,0,2,1
73209,4,1,256349,256349,256350,0,1,2
73210,1,3,256350,256350,256353,0,3,0
73211,6,2,256356,256356,256358,0,2,3
73212,5,2,256361,256361,256363,0,2,3
73213,3,3,256364,256364,256367,0,3,1
73214,1,2,256365,256367,256369,2,4,0
73215,3,1,256368,256369,256370,1,2,0
73216,2,2,256370,256370,256372,0,2,0
73217,5,3,256375,256375,256378,0,3,3
73218,6,3,256381,256381,256384,0,3,3
73219,4,1,256385,256385,256386,0,1,1
73220,3,2,256388,256388,256390,0,2,2
73221,2,3,256390,256390,256393,0,3,0
73222,1,1,256391,256393,256394,2,3,0
73223,2,3,256393,256394,256397,1,4,0
73224,5,3,256398,256398,256401,0,3,1
73225,4,3,256402,256402,256405,0,3,1
73226,2,3,256404,256405,256408,1,4,0
73227,2,1,256406,256408,256409,2,3,0
73228,1,2,256407,256409,256411,2,4,0
73229,3,3,256410,256411,256414,1,4,0
73230,4,1,256414,256414,256415,0,1,0
73231,2,2,256416,256416,256418,0,2,1
73232,5,3,256421,256421,256424,0,3,3
73233,6,3,256427,256427,256430,0,3,3
73234,4,1,256431,256431,256432,0,1,1
73235,1,2,256432,256432,256434,0,2,0
73236,3,3,256435,256435,256438,0,3,1
73237,5,2,256440,256440,256442,0,2,2
73238,4,1,256444,256444,256445,0,1,2
73239,6,1,256450,256450,256451,0,1,5
73240,4,3,256454,256454,256457,0,3,3
73241,6,1,256460,256460,256461,0,1,3
73242,5,1,256465,256465,256466,0,1,4
73243,1,3,256466,256466,256469,0,3,0
73244,2,2,256468,256469,256471,1,3,0
73245,2,1,256470,256471,256472,1,2,0
73246,6,3,256476,256476,256479,0,3,4
73247,2,2,256478,256479,256481,1,3,0
73248,1,3,256479,256481,256484,2,5,0
73249,3,1,256482,256484,256485,2,3,0
73250,4,2,256486,256486,256488,0,2,1
73251,4,3,256490,256490,256493,0,3,2
73252,6,1,256496,256496,256497,0,1,3
73253,6,3,256502,256502,256505,0,3,5
73254,3,3,256505,256505,256508,0,3,0
73255,6,3,256511,256511,256514,0,3,3
73256,2,1,256513,256514,256515,1,2,0
73257,3,1,256516,256516,256517,0,1,1
73258,1,2,256517,256517,256519,0,2,0
73259,2,1,256519,256519,256520,0,1,0
73260,2,3,256521,256521,256524,0,3,1
73261,3,1,256524,256524,256525,0,1,0
73262,1,2,256525,256525,256527,0,2,0
73263,6,1,256531,256531,256532,0,1,4
73264,5,1,256536,256536,256537,0,1,4
73265,5,3,256541,256541,256544,0,3,4
73266,6,2,256547,256547,256549,0,2,3
73267,5,3,256552,256552,256555,0,3,3
73268,6,2,256558,256558,256560,0,2,3
73269,4,2,256562,256562,256564,0,2,2
73270,2,2,256564,256564,256566,0,2,0
73271,2,2,256566,256566,256568,0,2,0
73272,3,3,256569,256569,256572,0,3,1
73273,2,1,256571,256572,256573,1,2,0
73274,1,1,256572,256573,256574,1,2,0
73275,6,2,256578,256578,256580,0,2,4
73276,2,3,256580,256580,256583,0,3,0
73277,6,3,256586,256586,256589,0,3,3
73278,1,3,256587,256589,256592,2,5,0
73279,3,2,256590,256592,256594,2,4,0
73280,4,2,256594,256594,256596,0,2,0
73281,1,1,256595,256596,256597,1,2,0
73282,1,3,256596,256597,256600,1,4,0
73283,1,3,256597,256600,256603,3,6,0
73284,5,2,256602,256603,256605,1,3,0
73285,2,3,256604,256605,256608,1,4,0
73286,4,2,256608,256608,256610,0,2,0
73287,6,1,256614,256614,256615,0,1,4
73288,4,1,256618,256618,256619,0,1,3
73289,5,2,256623,256623,256625,0,2,4
73290,5,1,256628,256628,256629,0,1,3
73291,5,1,256633,256633,256634,0,1,4
73292,3,1,256636,256636,256637,0,1,2
73293,3,3,256639,256639,256642,0,3,2
73294,4,2,256643,256643,256645,0,2,1
73295,4,2,256647,256647,256649,0,2,2
73296,4,1,256651,256651,256652,0,1,2
73297,2,1,256653,256653,256654,0,1,1
73298,4,3,256657,256657,256660,0,3,3
73299,4,3,256661,256661,256664,0,3,1
73300,4,1,256665,256665,256666,0,1,1
73301,1,3,256666,256666,256669,0,3,0
73302,2,2,256668,256669,256671,1,3,0
73303,6,2,256674,256674,256676,0,2,3
73304,1,2,256675,256676,256678,1,3,0
73305,1,2,256676,256678,256680,2,4,0
73306,1,2,256677,256680,256682,3,5,0
73307,6,2,256683,256683,256685,0,2,1
73308,3,2,256686,256686,256688,0,2,1
73309,3,1,256689,256689,256690,0,1,1
73310,2,1,256691,256691,256692,0,1,1
73311,5,2,256696,256696,256698,0,2,4
73312,5,2,256701,256701,256703,0,2,3
73313,4,1,256705,256705,256706,0,1,2
73314,6,3,256711,256711,256714,0,3,5
73315,6,1,256717,256717,256718,0,1,3
73316,5,2,256722,256722,256724,0,2,4
73317,1,2,256723,256724,256726,1,3,0
73318,3,2,256726,256726,256728,0,2,0
73319,5,3,256731,256731,256734,0,3,3
73320,1,2,256732,256734,256736,2,4,0
73321,6,1,256738,256738,256739,0,1,2
73322,6,1,256744,256744,256745,0,1,5
73323,4,3,256748,256748,256751,0,3,3
73324,1,1,256749,256751,256752,2,3,0
73325,5,3,256754,256754,256757,0,3,2
73326,3,2,256757,256757,256759,0,2,0
73327,1,3,256758,256759,256762,1,4,0
73328,2,2,256760,256762,256764,2,4,0
73329,1,3,256761,256764,256767,3,6,0
73330,5,3,256766,256767,256770,1,4,0
73331,1,3,256767,256770,256773,3,6,0
73332,1,3,256768,256773,256776,5,8,0
73333,2,1,256770,256776,256777,6,7,0
73334,4,2,256774,256777,256779,3,5,0
73335,3,2,256777,256779,256781,2,4,0
73336,4,3,256781,256781,256784,0,3,0
73337,3,3,256784,256784,256787,0,3,0
73338,2,1,256786,256787,256788,1,2,0
73339,4,3,256790,256790,256793,0,3,2
73340,3,1,256793,256793,256794,0,1,0
73341,6,1,256799,256799,256800,0,1,5
73342,4,1,256803,256803,256804,0,1,3
73343,2,1,256805,256805,256806,0,1,1
73344,1,2,256806,256806,256808,0,2,0
73345,5,2,256811,256811,256813,0,2,3
73346,4,3,256815,256815,256818,0,3,2
73347,3,3,256818,256818,256821,0,3,0
73348,1,2,256819,256821,256823,2,4,0
73349,5,3,256824,256824,256827,0,3,1
73350,3,2,256827,256827,256829,0,2,0
73351,2,2,256829,256829,256831,0,2,0
73352,5,2,256834,256834,256836,0,2,3
73353,3,3,256837,256837,256840,0,3,1
73354,5,1,256842,256842,256843,0,1,2
73355,2,3,256844,256844,256847,0,3,1
73356,3,3,256847,256847,256850,0,3,0
73357,2,3,256849,256850,256853,1,4,0
73358,1,2,256850,256853,256855,3,5,0
73359,6,3,256856,256856,256859,0,3,1
73360,1,2,256857,256859,256861,2,4,0
73361,3,3,256860,256861,256864,1,4,0
73362,5,3,256865,256865,256868,0,3,1
73363,2,2,256867,256868,256870,1,3,0
73364,5,2,256872,256872,256874,0,2,2
73365,2,1,256874,256874,256875,0,1,0
73366,1,1,256875,256875,256876,0,1,0
73367,2,1,256877,256877,256878,0,1,1
73368,5,2,256882,256882,256884,0,2,4
73369,3,3,256885,256885,256888,0,3,1
73370,2,3,256887,256888,256891,1,4,0
73371,6,3,256893,256893,256896,0,3,2
73372,3,1,256896,256896,256897,0,1,0
73373,2,3,256898,256898,256901,0,3,1
73374,4,2,256902,256902,256904,0,2,1
73375,5,1,256907,256907,256908,0,1,3
73376,6,3,256913,256913,256916,0,3,5
73377,1,2,256914,256916,256918,2,4,0
73378,1,1,256915,256918,256919,3,4,0
73379,1,1,256916,256919,256920,3,4,0
73380,6,1,256922,256922,256923,0,1,2
73381,5,1,256927,256927,256928,0,1,4
73382,6,2,256933,256933,256935,0,2,5
73383,4,1,256937,256937,256938,0,1,2
73384,2,3,256939,256939,256942,0,3,1
73385,6,2,256945,256945,256947,0,2,3
73386,3,1,256948,256948,256949,0,1,1
73387,1,3,256949,256949,256952,0,3,0
73388,2,3,256951,256952,256955,1,4,0
73389,6,2,256957,256957,256959,0,2,2
73390,5,3,256962,256962,256965,0,3,3
73391,4,2,256966,256966,256968,0,2,1
73392,1,1,256967,256968,256969,1,2,0
73393,5,2,256972,256972,256974,0,2,3
73394,3,1,256975,256975,256976,0,1,1
73395,1,3,256976,256976,256979,0,3,0
73396,3,3,256979,256979,256982,0,3,0
73397,1,2,256980,256982,256984,2,4,0
73398,3,1,256983,256984,256985,1,2,0
73399,2,2,256985,256985,256987,0,2,0
73400,1,1,256986,256987,256988,1,2,0
73401,4,1,256990,256990,256991,0,1,2
73402,4,3,256994,256994,256997,0,3,3
73403,3,1,256997,256997,256998,0,1,0
73404,3,2,257000,257000,257002,0,2,2
73405,1,2,257001,257002,257004,1,3,0
73406,6,2,257007,257007,257009,0,2,3
73407,6,1,257013,257013,257014,0,1,4
73408,4,3,257017,257017,257020,0,3,3
73409,3,1,257020,257020,257021,0,1,0
73410,1,2,257021,257021,257023,0,2,0
73411,6,2,257027,257027,257029,0,2,4
73412,1,1,257028,257029,257030,1,2,0
73413,1,1,257029,257030,257031,1,2,0
73414,1,2,257030,257031,257033,1,3,0
73415,6,2,257036,257036,257038,0,2,3
73416,1,3,257037,257038,257041,1,4,0
73417,2,2,257039,257041,257043,2,4,0
73418,3,3,257042,257043,257046,1,4,0
73419,4,3,257046,257046,257049,0,3,0
73420,4,2,257050,257050,257052,0,2,1
73421,3,3,257053,257053,257056,0,3,1
73422,2,2,257055,257056,257058,1,3,0
73423,2,2,257057,257058,257060,1,3,0
73424,4,2,257061,257061,257063,0,2,1
73425,2,1,257063,257063,257064,0,1,0
73426,1,3,257064,257064,257067,0,3,0
73427,5,3,257069,257069,257072,0,3,2
73428,2,1,257071,257072,257073,1,2,0
73429,1,3,257072,257073,257076,1,4,0
73430,3,2,257075,257076,257078,1,3,0
73431,6,3,257081,257081,257084,0,3,3
73432,2,1,257083,257084,257085,1,2,0
73433,3,3,257086,257086,257089,0,3,1
73434,4,3,257090,257090,257093,0,3,1
73435,2,2,257092,257093,257095,1,3,0
73436,5,2,257097,257097,257099,0,2,2
73437,3,3,257100,257100,257103,0,3,1
73438,6,3,257106,257106,257109,0,3,3
73439,6,3,257112,257112,257115,0,3,3
73440,5,3,257117,257117,257120,0,3,2
73441,4,2,257121,257121,257123,0,2,1
73442,4,2,257125,257125,257127,0,2,2
73443,5,1,257130,257130,257131,0,1,3
73444,2,3,257132,257132,257135,0,3,1
73445,6,2,257138,257138,257140,0,2,3
73446,3,3,257141,257141,257144,0,3,1
73447,6,1,257147,257147,257148,0,1,3
73448,4,2,257151,257151,257153,0,2,3
73449,5,2,257156,257156,257158,0,2,3
73450,3,1,257159,257159,257160,0,1,1
73451,3,1,257162,257162,257163,0,1,2
73452,6,1,257168,257168,257169,0,1,5
73453,1,1,257169,257169,257170,0,1,0
73454,1,2,257170,257170,257172,0,2,0
73455,6,1,257176,257176,257177,0,1,4
73456,2,1,257178,257178,257179,0,1,1
73457,1,2,257179,257179,257181,0,2,0
73458,4,2,257183,257183,257185,0,2,2
73459,1,3,257184,257185,257188,1,4,0
73460,4,3,257188,257188,257191,0,3,0
73461,2,2,257190,257191,257193,1,3,0
73462,5,2,257195,257195,257197,0,2,2
73463,1,3,257196,257197,257200,1,4,0
73464,3,3,257199,257200,257203,1,4,0
73465,5,3,257204,257204,257207,0,3,1
73466,4,1,257208,257208,257209,0,1,1
73467,2,2,257210,257210,257212,0,2,1
73468,6,2,257216,257216,257218,0,2,4
73469,2,1,257218,257218,257219,0,1,0
73470,3,1,257221,257221,257222,0,1,2
73471,6,3,257227,257227,257230,0,3,5
73472,3,3,257230,257230,257233,0,3,0
73473,2,3,257232,257233,257236,1,4,0
73474,6,1,257238,257238,257239,0,1,2
73475,1,2,257239,257239,257241,0,2,0
73476,1,3,257240,257241,257244,1,4,0
73477,2,1,257242,257244,257245,2,3,0
73478,6,3,257248,257248,257251,0,3,3
73479,3,3,257251,257251,257254,0,3,0
73480,5,3,257256,257256,257259,0,3,2
73481,4,2,257260,257260,257262,0,2,1
73482,3,1,257263,257263,257264,0,1,1
73483,1,3,257264,257264,257267,0,3,0
73484,5,1,257269,257269,257270,0,1,2
73485,5,1,257274,257274,257275,0,1,4
73486,5,2,257279,257279,257281,0,2,4
73487,2,2,257281,257281,257283,0,2,0
73488,5,3,257286,257286,257289,0,3,3
73489,1,2,257287,257289,257291,2,4,0
73490,1,1,257288,257291,257292,3,4,0
73491,4,2,257292,257292,257294,0,2,0
73492,5,1,257297,257297,257298,0,1,3
73493,6,3,257303,257303,257306,0,3,5
73494,4,3,257307,257307,257310,0,3,1
73495,2,2,257309,257310,257312,1,3,0
73496,4,3,257313,257313,257316,0,3,1
73497,3,3,257316,257316,257319,0,3,0
73498,2,3,257318,257319,257322,1,4,0
73499,4,1,257322,257322,257323,0,1,0
73500,3,2,257325,257325,257327,0,2,2
73501,2,1,257327,257327,257328,0,1,0
73502,5,1,257332,257332,257333,0,1,4
73503,5,1,257337,257337,257338,0,1,4
73504,3,1,257340,257340,257341,0,1,2
73505,4,2,257344,257344,257346,0,2,3
73506,6,1,257350,257350,257351,0,1,4
73507,4,1,257354,257354,257355,0,1,3
73508,5,3,257359,257359,257362,0,3,4
73509,2,3,257361,257362,257365,1,4,0
73510,5,1,257366,257366,257367,0,1,1
73511,3,1,257369,257369,257370,0,1,2
73512,5,1,257374,257374,257375,0,1,4
73513,1,2,257375,257375,257377,0,2,0
73514,6,2,257381,257381,257383,0,2,4
73515,3,1,257384,257384,257385,0,1,1
73516,2,3,257386,257386,257389,0,3,1
73517,6,2,257392,257392,257394,0,2,3
73518,2,2,257394,257394,257396,0,2,0
73519,5,3,257399,257399,257402,0,3,3
73520,1,3,257400,257402,257405,2,5,0
73521,1,1,257401,257405,257406,4,5,0
73522,4,1,257405,257406,257407,1,2,0
73523,3,2,257408,257408,257410,0,2,1
73524,6,3,257414,257414,257417,0,3,4
73525,1,2,257415,257417,257419,2,4,0
73526,1,2,257416,257419,257421,3,5,0
73527,4,1,257420,257421,257422,1,2,0
73528,4,3,257424,257424,257427,0,3,2
73529,6,2,257430,257430,257432,0,2,3
73530,1,1,257431,257432,257433,1,2,0
73531,1,2,257432,257433,257435,1,3,0
73532,3,2,257435,257435,257437,0,2,0
73533,3,1,257438,257438,257439,0,1,1
73534,6,2,257444,257444,257446,0,2,5
73535,5,1,257449,257449,257450,0,1,3
73536,5,3,257454,257454,257457,0,3,4
73537,4,1,257458,257458,257459,0,1,1
73538,1,3,257459,257459,257462,0,3,0
73539,1,1,257460,257462,257463,2,3,0
73540,6,2,257466,257466,257468,0,2,3
73541,5,3,257471,257471,257474,0,3,3
73542,3,2,257474,257474,257476,0,2,0
73543,6,1,257480,257480,257481,0,1,4
73544,6,3,257486,257486,257489,0,3,5
73545,6,1,257492,257492,257493,0,1,3
73546,2,2,257494,257494,257496,0,2,1
73547,1,3,257495,257496,257499,1,4,0
73548,6,2,257501,257501,257503,0,2,2
73549,6,2,257507,257507,257509,0,2,4
73550,3,1,257510,257510,257511,0,1,1
73551,5,1,257515,257515,257516,0,1,4
73552,1,3,257516,257516,257519,0,3,0
73553,6,3,257522,257522,257525,0,3,3
73554,2,2,257524,257525,257527,1,3,0
73555,1,1,257525,257527,257528,2,3,0
73556,4,1,257529,257529,257530,0,1,1
73557,4,1,257533,257533,257534,0,1,3
73558,3,3,257536,257536,257539,0,3,2
73559,3,2,257539,257539,257541,0,2,0
73560,5,2,257544,257544,257546,0,2,3
73561,3,3,257547,257547,257550,0,3,1
73562,3,1,257550,257550,257551,0,1,0
73563,1,1,257551,257551,257552,0,1,0
73564,3,1,257554,257554,257555,0,1,2
73565,2,2,257556,257556,257558,0,2,1
73566,3,2,257559,257559,257561,0,2,1
73567,2,2,257561,257561,257563,0,2,0
73568,3,3,257564,257564,257567,0,3,1
73569,1,3,257565,257567,257570,2,5,0
73570,1,1,257566,257570,257571,4,5,0
73571,6,2,257572,257572,257574,0,2,1
73572,5,1,257577,257577,257578,0,1,3
73573,5,1,257582,257582,257583,0,1,4
73574,1,1,257583,257583,257584,0,1,0
73575,6,2,257589,257589,257591,0,2,5
73576,6,2,257595,257595,257597,0,2,4
73577,5,3,257600,257600,257603,0,3,3
73578,5,2,257605,257605,257607,0,2,2
73579,6,3,257611,257611,257614,0,3,4
73580,6,2,257617,257617,257619,0,2,3
73581,2,3,257619,257619,257622,0,3,0
73582,5,1,257624,257624,257625,0,1,2
73583,6,3,257630,257630,257633,0,3,5
73584,1,2,257631,257633,257635,2,4,0
73585,4,3,257635,257635,257638,0,3,0
73586,2,3,257637,257638,257641,1,4,0
73587,2,3,257639,257641,257644,2,5,0
73588,1,3,257640,257644,257647,4,7,0
73589,3,3,257643,257647,257650,4,7,0
73590,5,2,257648,257650,257652,2,4,0
73591,3,2,257651,257652,257654,1,3,0
73592,5,1,257656,257656,257657,0,1,2
73593,6,3,257662,257662,257665,0,3,5
73594,6,1,257668,257668,257669,0,1,3
73595,2,1,257670,257670,257671,0,1,1
73596,5,3,257675,257675,257678,0,3,4
73597,1,3,257676,257678,257681,2,5,0
73598,3,2,257679,257681,257683,2,4,0
73599,2,1,257681,257683,257684,2,3,0
73600,4,2,257685,257685,257687,0,2,1
73601,2,3,257687,257687,257690,0,3,0
73602,3,2,257690,257690,257692,0,2,0
73603,6,1,257696,257696,257697,0,1,4
73604,5,2,257701,257701,257703,0,2,4
73605,1,3,257702,257703,257706,1,4,0
73606,6,3,257708,257708,257711,0,3,2
73607,6,3,257714,257714,257717,0,3,3
73608,3,3,257717,257717,257720,0,3,0
73609,4,2,257721,257721,257723,0,2,1
73610,1,1,257722,257723,257724,1,2,0
73611,3,2,257725,257725,257727,0,2,1
73612,2,1,257727,257727,257728,0,1,0
73613,2,1,257729,257729,257730,0,1,1
73614,4,1,257733,257733,257734,0,1,3
73615,3,1,257736,257736,257737,0,1,2
73616,6,2,257742,257742,257744,0,2,5
73617,6,1,257748,257748,257749,0,1,4
73618,5,2,257753,257753,257755,0,2,4
73619,2,3,257755,257755,257758,0,3,0
73620,6,3,257761,257761,257764,0,3,3
73621,1,1,257762,257764,257765,2,3,0
73622,4,3,257766,257766,257769,0,3,1
73623,3,2,257769,257769,257771,0,2,0
73624,5,3,257774,257774,257777,0,3,3
73625,2,2,257776,257777,257779,1,3,0
73626,5,3,257781,257781,257784,0,3,2
73627,6,1,257787,257787,257788,0,1,3
73628,3,3,257790,257790,257793,0,3,2
73629,4,3,257794,257794,257797,0,3,1
73630,2,3,257796,257797,257800,1,4,0
73631,6,3,257802,257802,257805,0,3,2
73632,2,3,257804,257805,257808,1,4,0
73633,5,3,257809,257809,257812,0,3,1
73634,2,1,257811,257812,257813,1,2,0
73635,1,2,257812,257813,257815,1,3,0
73636,1,3,257813,257815,257818,2,5,0
73637,1,2,257814,257818,257820,4,6,0
73638,1,3,257815,257820,257823,5,8,0
73639,6,3,257821,257823,257826,2,5,0
73640,4,2,257825,257826,257828,1,3,0
73641,6,3,257831,257831,257834,0,3,3
73642,5,1,257836,257836,257837,0,1,2
73643,6,2,257842,257842,257844,0,2,5
73644,3,2,257845,257845,257847,0,2,1
73645,1,1,257846,257847,257848,1,2,0
73646,5,1,257851,257851,257852,0,1,3
73647,3,1,257854,257854,257855,0,1,2
73648,4,1,257858,257858,257859,0,1,3
73649,5,2,257863,257863,257865,0,2,4
73650,1,1,257864,257865,257866,1,2,0
73651,6,3,257870,257870,257873,0,3,4
73652,1,2,257871,257873,257875,2,4,0
73653,4,1,257875,257875,257876,0,1,0
73654,2,3,257877,257877,257880,0,3,1
73655,2,2,257879,257880,257882,1,3,0
73656,6,3,257885,257885,257888,0,3,3
73657,5,1,257890,257890,257891,0,1,2
73658,4,2,257894,257894,257896,0,2,3
73659,1,1,257895,257896,257897,1,2,0
73660,2,1,257897,257897,257898,0,1,0
73661,6,1,257903,257903,257904,0,1,5
73662,3,3,257906,257906,257909,0,3,2
73663,2,1,257908,257909,257910,1,2,0
73664,3,3,257911,257911,257914,0,3,1
73665,4,2,257915,257915,257917,0,2,1
73666,4,1,257919,257919,257920,0,1,2
73667,4,1,257923,257923,257924,0,1,3
73668,4,1,257927,257927,257928,0,1,3
73669,3,3,257930,257930,257933,0,3,2
73670,2,1,257932,257933,257934,1,2,0
73671,4,2,257936,257936,257938,0,2,2
73672,3,2,257939,257939,257941,0,2,1
73673,6,1,257945,257945,257946,0,1,4
73674,1,1,257946,257946,257947,0,1,0
73675,6,3,257952,257952,257955,0,3,5
73676,4,1,257956,257956,257957,0,1,1
73677,4,1,257960,257960,257961,0,1,3
73678,1,1,257961,257961,257962,0,1,0
73679,1,2,257962,257962,257964,0,2,0
73680,1,2,257963,257964,257966,1,3,0
73681,3,3,257966,257966,257969,0,3,0
73682,1,3,257967,257969,257972,2,5,0
73683,5,1,257972,257972,257973,0,1,0
73684,6,3,257978,257978,257981,0,3,5
73685,3,3,257981,257981,257984,0,3,0
73686,1,1,257982,257984,257985,2,3,0
73687,4,3,257986,257986,257989,0,3,1
73688,6,1,257992,257992,257993,0,1,3
73689,5,2,257997,257997,257999,0,2,4
73690,6,2,258003,258003,258005,0,2,4
73691,3,2,258006,258006,258008,0,2,1
73692,1,2,258007,258008,258010,1,3,0
73693,5,2,258012,258012,258014,0,2,2
73694,4,2,258016,258016,258018,0,2,2
73695,5,2,258021,258021,258023,0,2,3
73696,1,1,258022,258023,258024,1,2,0
73697,2,2,258024,258024,258026,0,2,0
73698,3,2,258027,258027,258029,0,2,1
73699,6,3,258033,258033,258036,0,3,4
73700,2,3,258035,258036,258039,1,4,0
73701,6,3,258041,258041,258044,0,3,2
73702,4,2,258045,258045,258047,0,2,1
73703,6,3,258051,258051,258054,0,3,4
73704,4,2,258055,258055,258057,0,2,1
73705,4,2,258059,258059,258061,0,2,2
73706,3,2,258062,258062,258064,0,2,1
73707,6,1,258068,258068,258069,0,1,4
73708,1,2,258069,258069,258071,0,2,0
73709,3,2,258072,258072,258074,0,2,1
73710,2,2,258074,258074,258076,0,2,0
73711,3,3,258077,258077,258080,0,3,1
73712,2,2,258079,258080,258082,1,3,0
73713,2,2,258081,258082,258084,1,3,0
73714,2,1,258083,258084,258085,1,2,0
73715,1,3,258084,258085,258088,1,4,0
73716,6,1,258090,258090,258091,0,1,2
73717,2,2,258092,258092,258094,0,2,1
73718,2,3,258094,258094,258097,0,3,0
73719,3,2,258097,258097,258099,0,2,0
73720,4,2,258101,258101,258103,0,2,2
73721,5,1,258106,258106,258107,0,1,3
73722,3,1,258109,258109,258110,0,1,2
73723,5,1,258114,258114,258115,0,1,4
73724,3,1,258117,258117,258118,0,1,2
73725,6,2,258123,258123,258125,0,2,5
73726,5,3,258128,258128,258131,0,3,3
73727,6,2,258134,258134,258136,0,2,3
73728,2,3,258136,258136,258139,0,3,0
73729,1,1,258137,258139,258140,2,3,0
73730,3,1,258140,258140,258141,0,1,0
73731,2,3,258142,258142,258145,0,3,1
73732,5,3,258147,258147,258150,0,3,2
73733,6,3,258153,258153,258156,0,3,3
73734,5,1,258158,258158,258159,0,1,2
73735,6,1,258164,258164,258165,0,1,5
73736,2,3,258166,258166,258169,0,3,1
73737,3,1,258169,258169,258170,0,1,0
73738,5,3,258174,258174,258177,0,3,4
73739,3,1,258177,258177,258178,0,1,0
73740,3,1,258180,258180,258181,0,1,2
73741,4,2,258184,258184,258186,0,2,3
73742,5,2,258189,258189,258191,0,2,3
73743,3,2,258192,258192,258194,0,2,1
73744,3,2,258195,258195,258197,0,2,1
73745,2,3,258197,258197,258200,0,3,0
73746,1,3,258198,258200,258203,2,5,0
73747,5,1,258203,258203,258204,0,1,0
73748,4,1,258207,258207,258208,0,1,3
73749,1,2,258208,258208,258210,0,2,0
73750,1,1,258209,258210,258211,1,2,0
73751,2,1,258211,258211,258212,0,1,0
73752,5,2,258216,258216,258218,0,2,4
73753,1,3,258217,258218,258221,1,4,0
73754,6,3,258223,258223,258226,0,3,2
73755,2,1,258225,258226,258227,1,2,0
73756,6,1,258231,258231,258232,0,1,4
73757,1,2,258232,258232,258234,0,2,0
73758,2,3,258234,258234,258237,0,3,0
73759,3,1,258237,258237,258238,0,1,0
73760,5,2,258242,258242,258244,0,2,4
73761,6,1,258248,258248,258249,0,1,4
73762,4,1,258252,258252,258253,0,1,3
73763,6,1,258258,258258,258259,0,1,5
73764,2,1,258260,258260,258261,0,1,1
73765,6,3,258266,258266,258269,0,3,5
73766,1,3,258267,258269,258272,2,5,0
73767,3,3,258270,258272,258275,2,5,0
73768,4,1,258274,258275,258276,1,2,0
73769,6,1,258280,258280,258281,0,1,4
73770,3,3,258283,258283,258286,0,3,2
73771,4,3,258287,258287,258290,0,3,1
73772,2,2,258289,258290,258292,1,3,0
73773,6,2,258295,258295,258297,0,2,3
73774,4,1,258299,258299,258300,0,1,2
73775,6,2,258305,258305,258307,0,2,5
73776,2,2,258307,258307,258309,0,2,0
73777,5,3,258312,258312,258315,0,3,3
73778,5,1,258317,258317,258318,0,1,2
73779,1,1,258318,258318,258319,0,1,0
73780,3,2,258321,258321,258323,0,2,2
73781,2,3,258323,258323,258326,0,3,0
73782,4,1,258327,258327,258328,0,1,1
73783,4,1,258331,258331,258332,0,1,3
73784,2,3,258333,258333,258336,0,3,1
73785,4,1,258337,258337,258338,0,1,1
73786,3,3,258340,258340,258343,0,3,2
73787,1,3,258341,258343,258346,2,5,0
73788,5,3,258346,258346,258349,0,3,0
73789,4,3,258350,258350,258353,0,3,1
73790,4,2,258354,258354,258356,0,2,1
73791,4,2,258358,258358,258360,0,2,2
73792,1,2,258359,258360,258362,1,3,0
73793,2,3,258361,258362,258365,1,4,0
73794,5,1,258366,258366,258367,0,1,1
73795,5,2,258371,258371,258373,0,2,4
73796,2,1,258373,258373,258374,0,1,0
73797,1,3,258374,258374,258377,0,3,0
73798,3,3,258377,258377,258380,0,3,0
73799,3,1,258380,258380,258381,0,1,0
73800,2,2,258382,258382,258384,0,2,1
73801,5,3,258387,258387,258390,0,3,3
73802,6,2,258393,258393,258395,0,2,3
73803,3,3,258396,258396,258399,0,3,1
73804,2,2,258398,258399,258401,1,3,0
73805,5,1,258403,258403,258404,0,1,2
73806,3,3,258406,258406,258409,0,3,2
73807,4,1,258410,258410,258411,0,1,1
73808,5,3,258415,258415,258418,0,3,4
73809,1,1,258416,258418,258419,2,3,0
73810,1,2,258417,258419,258421,2,4,0
73811,1,1,258418,258421,258422,3,4,0
73812,3,1,258421,258422,258423,1,2,0
73813,2,3,258423,258423,258426,0,3,0
73814,5,2,258428,258428,258430,0,2,2
73815,3,2,258431,258431,258433,0,2,1
73816,6,1,258437,258437,258438,0,1,4
73817,6,1,258443,258443,258444,0,1,5
73818,5,1,258448,258448,258449,0,1,4
73819,4,2,258452,258452,258454,0,2,3
73820,6,3,258458,258458,258461,0,3,4
73821,5,3,258463,258463,258466,0,3,2
73822,4,2,258467,258467,258469,0,2,1
73823,5,3,258472,258472,258475,0,3,3
73824,5,3,258477,258477,258480,0,3,2
73825,2,2,258479,258480,258482,1,3,0
73826,3,2,258482,258482,258484,0,2,0
73827,4,1,258486,258486,258487,0,1,2
73828,6,3,258492,258492,258495,0,3,5
73829,1,3,258493,258495,258498,2,5,0
73830,1,1,258494,258498,258499,4,5,0
73831,2,2,258496,258499,258501,3,5,0
73832,5,1,258501,258501,258502,0,1,0
73833,3,3,258504,258504,258507,0,3,2
73834,3,1,258507,258507,258508,0,1,0
73835,4,3,258511,258511,258514,0,3,3
73836,3,3,258514,258514,258517,0,3,0
73837,2,1,258516,258517,258518,1,2,0
73838,3,3,258519,258519,258522,0,3,1
73839,2,3,258521,258522,258525,1,4,0
73840,6,3,258527,258527,258530,0,3,2
73841,1,1,258528,258530,258531,2,3,0
73842,2,3,258530,258531,258534,1,4,0
73843,5,1,258535,258535,258536,0,1,1
73844,1,3,258536,258536,258539,0,3,0
73845,4,3,258540,258540,258543,0,3,1
73846,4,2,258544,258544,258546,0,2,1
73847,2,2,258546,258546,258548,0,2,0
73848,5,2,258551,258551,258553,0,2,3
73849,5,1,258556,258556,258557,0,1,3
73850,2,3,258558,258558,258561,0,3,1
73851,2,1,258560,258561,258562,1,2,0
73852,4,1,258564,258564,258565,0,1,2
73853,4,3,258568,258568,258571,0,3,3
73854,4,3,258572,258572,258575,0,3,1
73855,5,1,258577,258577,258578,0,1,2
73856,5,3,258582,258582,258585,0,3,4
73857,4,2,258586,258586,258588,0,2,1
73858,6,3,258592,258592,258595,0,3,4
73859,4,3,258596,258596,258599,0,3,1
73860,2,3,258598,258599,258602,1,4,0
73861,1,1,258599,258602,258603,3,4,0
73862,1,3,258600,258603,258606,3,6,0
73863,4,3,258604,258606,258609,2,5,0
73864,2,3,258606,258609,258612,3,6,0
73865,6,2,258612,258612,258614,0,2,0
73866,2,2,258614,258614,258616,0,2,0
73867,4,3,258618,258618,258621,0,3,2
73868,5,3,258623,258623,258626,0,3,2
73869,2,1,258625,258626,258627,1,2,0
73870,5,2,258630,258630,258632,0,2,3
73871,3,2,258633,258633,258635,0,2,1
73872,3,1,258636,258636,258637,0,1,1
73873,1,2,258637,258637,258639,0,2,0
73874,3,1,258640,258640,258641,0,1,1
73875,3,2,258643,258643,258645,0,2,2
73876,5,1,258648,258648,258649,0,1,3
73877,4,3,258652,258652,258655,0,3,3
73878,2,1,258654,258655,258656,1,2,0
73879,6,1,258660,258660,258661,0,1,4
73880,1,1,258661,258661,258662,0,1,0
73881,6,1,258667,258667,258668,0,1,5
73882,3,1,258670,258670,258671,0,1,2
73883,1,2,258671,258671,258673,0,2,0
73884,3,2,258674,258674,258676,0,2,1
73885,5,3,258679,258679,258682,0,3,3
73886,1,1,258680,258682,258683,2,3,0
73887,6,2,258686,258686,258688,0,2,3
73888,5,1,258691,258691,258692,0,1,3
73889,1,2,258692,258692,258694,0,2,0
73890,6,2,258698,258698,258700,0,2,4
73891,5,1,258703,258703,258704,0,1,3
73892,2,3,258705,258705,258708,0,3,1
73893,3,2,258708,258708,258710,0,2,0
73894,2,3,258710,258710,258713,0,3,0
73895,1,1,258711,258713,258714,2,3,0
73896,6,2,258717,258717,258719,0,2,3
73897,4,2,258721,258721,258723,0,2,2
73898,2,1,258723,258723,258724,0,1,0
73899,5,1,258728,258728,258729,0,1,4
73900,6,2,258734,258734,258736,0,2,5
73901,6,1,258740,258740,258741,0,1,4
73902,2,1,258742,258742,258743,0,1,1
73903,2,2,258744,258744,258746,0,2,1
73904,3,3,258747,258747,258750,0,3,1
73905,1,1,258748,258750,258751,2,3,0
73906,4,2,258752,258752,258754,0,2,1
73907,1,3,258753,258754,258757,1,4,0
73908,6,2,258759,258759,258761,0,2,2
73909,3,1,258762,258762,258763,0,1,1
73910,3,2,258765,258765,258767,0,2,2
73911,1,3,258766,258767,258770,1,4,0
73912,1,1,258767,258770,258771,3,4,0
73913,6,2,258773,258773,258775,0,2,2
73914,3,3,258776,258776,258779,0,3,1
73915,3,1,258779,258779,258780,0,1,0
73916,5,3,258784,258784,258787,0,3,4
73917,4,2,258788,258788,258790,0,2,1
73918,4,2,258792,258792,258794,0,2,2
73919,2,1,258794,258794,258795,0,1,0
73920,1,2,258795,258795,258797,0,2,0
73921,4,2,258799,258799,258801,0,2,2
73922,1,1,258800,258801,258802,1,2,0
73923,4,3,258804,258804,258807,0,3,2
73924,4,2,258808,258808,258810,0,2,1
73925,3,3,258811,258811,258814,0,3,1
73926,6,2,258817,258817,258819,0,2,3
73927,5,2,258822,258822,258824,0,2,3
73928,3,3,258825,258825,258828,0,3,1
73929,2,3,258827,258828,258831,1,4,0
73930,3,3,258830,258831,258834,1,4,0
73931,1,1,258831,258834,258835,3,4,0
73932,4,2,258835,258835,258837,0,2,0
73933,1,1,258836,258837,258838,1,2,0
73934,4,1,258840,258840,258841,0,1,2
73935,1,1,258841,258841,258842,0,1,0
73936,1,3,258842,258842,258845,0,3,0
73937,5,1,258847,258847,258848,0,1,2
73938,2,3,258849,258849,258852,0,3,1
73939,6,3,258855,258855,258858,0,3,3
73940,5,1,258860,258860,258861,0,1,2
73941,4,1,258864,258864,258865,0,1,3
73942,4,2,258868,258868,258870,0,2,3
73943,6,2,258874,258874,258876,0,2,4
73944,2,2,258876,258876,258878,0,2,0
73945,1,1,258877,258878,258879,1,2,0
73946,1,1,258878,258879,258880,1,2,0
73947,1,1,258879,258880,258881,1,2,0
73948,1,3,258880,258881,258884,1,4,0
73949,2,3,258882,258884,258887,2,5,0
73950,2,3,258884,258887,258890,3,6,0
73951,3,2,258887,258890,258892,3,5,0
73952,5,3,258892,258892,258895,0,3,0
73953,5,2,258897,258897,258899,0,2,2
73954,5,2,258902,258902,258904,0,2,3
73955,5,3,258907,258907,258910,0,3,3
73956,2,3,258909,258910,258913,1,4,0
73957,1,2,258910,258913,258915,3,5,0
73958,2,1,258912,258915,258916,3,4,0
73959,3,3,258915,258916,258919,1,4,0
73960,5,3,258920,258920,258923,0,3,1
73961,1,3,258921,258923,258926,2,5,0
73962,3,2,258924,258926,258928,2,4,0
73963,1,1,258925,258928,258929,3,4,0
73964,4,1,258929,258929,258930,0,1,0
73965,4,3,258933,258933,258936,0,3,3
73966,5,2,258938,258938,258940,0,2,2
73967,4,1,258942,258942,258943,0,1,2
73968,4,2,258946,258946,258948,0,2,3
73969,4,3,258950,258950,258953,0,3,2
73970,5,2,258955,258955,258957,0,2,2
73971,5,3,258960,258960,258963,0,3,3
73972,2,3,258962,258963,258966,1,4,0
73973,1,2,258963,258966,258968,3,5,0
73974,4,1,258967,258968,258969,1,2,0
73975,2,3,258969,258969,258972,0,3,0
73976,1,2,258970,258972,258974,2,4,0
73977,1,1,258971,258974,258975,3,4,0
73978,4,1,258975,258975,258976,0,1,0
73979,3,1,258978,258978,258979,0,1,2
73980,3,2,258981,258981,258983,0,2,2
73981,3,1,258984,258984,258985,0,1,1
73982,4,2,258988,258988,258990,0,2,3
73983,4,1,258992,258992,258993,0,1,2
73984,1,1,258993,258993,258994,0,1,0
73985,4,3,258997,258997,259000,0,3,3
73986,3,3,259000,259000,259003,0,3,0
73987,1,3,259001,259003,259006,2,5,0
73988,3,2,259004,259006,259008,2,4,0
73989,4,3,259008,259008,259011,0,3,0
73990,6,2,259014,259014,259016,0,2,3
73991,3,3,259017,259017,259020,0,3,1
73992,1,3,259018,259020,259023,2,5,0
73993,6,2,259024,259024,259026,0,2,1
73994,1,3,259025,259026,259029,1,4,0
73995,6,1,259031,259031,259032,0,1,2
73996,6,3,259037,259037,259040,0,3,5
73997,1,2,259038,259040,259042,2,4,0
73998,6,1,259044,259044,259045,0,1,2
73999,1,2,259045,259045,259047,0,2,0
74000,1,1,259046,259047,259048,1,2,0
74001,6,2,259052,259052,259054,0,2,4
74002,3,3,259055,259055,259058,0,3,1
74003,6,3,259061,259061,259064,0,3,3
74004,1,1,259062,259064,259065,2,3,0
74005,5,2,259067,259067,259069,0,2,2
74006,2,1,259069,259069,259070,0,1,0
74007,6,2,259075,259075,259077,0,2,5
74008,5,3,259080,259080,259083,0,3,3
74009,1,1,259081,259083,259084,2,3,0
74010,1,2,259082,259084,259086,2,4,0
74011,3,1,259085,259086,259087,1,2,0
74012,3,3,259088,259088,259091,0,3,1
74013,6,2,259094,259094,259096,0,2,3
74014,6,2,259100,259100,259102,0,2,4
74015,6,1,259106,259106,259107,0,1,4
74016,3,2,259109,259109,259111,0,2,2
74017,5,1,259114,259114,259115,0,1,3
74018,2,2,259116,259116,259118,0,2,1
74019,4,3,259120,259120,259123,0,3,2
74020,2,2,259122,259123,259125,1,3,0
74021,6,3,259128,259128,259131,0,3,3
74022,6,1,259134,259134,259135,0,1,3
74023,5,3,259139,259139,259142,0,3,4
74024,3,1,259142,259142,259143,0,1,0
74025,4,1,259146,259146,259147,0,1,3
74026,5,1,259151,259151,259152,0,1,4
74027,6,3,259157,259157,259160,0,3,5
74028,5,2,259162,259162,259164,0,2,2
74029,5,1,259167,259167,259168,0,1,3
74030,6,3,259173,259173,259176,0,3,5
74031,6,3,259179,259179,259182,0,3,3
74032,2,2,259181,259182,259184,1,3,0
74033,2,3,259183,259184,259187,1,4,0
74034,1,3,259184,259187,259190,3,6,0
74035,2,2,259186,259190,259192,4,6,0
74036,5,1,259191,259192,259193,1,2,0
74037,3,2,259194,259194,259196,0,2,1
74038,3,3,259197,259197,259200,0,3,1
74039,1,2,259198,259200,259202,2,4,0
74040,1,3,259199,259202,259205,3,6,0
74041,3,2,259202,259205,259207,3,5,0
74042,6,2,259208,259208,259210,0,2,1
74043,4,2,259212,259212,259214,0,2,2
74044,5,1,259217,259217,259218,0,1,3
74045,3,2,259220,259220,259222,0,2,2
74046,5,2,259225,259225,259227,0,2,3
74047,5,2,259230,259230,259232,0,2,3
74048,3,1,259233,259233,259234,0,1,1
74049,6,3,259239,259239,259242,0,3,5
74050,5,2,259244,259244,259246,0,2,2
74051,1,1,259245,259246,259247,1,2,0
74052,5,3,259250,259250,259253,0,3,3
74053,6,3,259256,259256,259259,0,3,3
74054,5,1,259261,259261,259262,0,1,2
74055,1,3,259262,259262,259265,0,3,0
74056,1,1,259263,259265,259266,2,3,0
74057,3,2,259266,259266,259268,0,2,0
74058,1,2,259267,259268,259270,1,3,0
74059,1,3,259268,259270,259273,2,5,0
74060,5,1,259273,259273,259274,0,1,0
74061,5,3,259278,259278,259281,0,3,4
74062,2,1,259280,259281,259282,1,2,0
74063,1,1,259281,259282,259283,1,2,0
74064,4,3,259285,259285,259288,0,3,2
74065,5,2,259290,259290,259292,0,2,2
74066,3,2,259293,259293,259295,0,2,1
74067,6,1,259299,259299,259300,0,1,4
74068,3,1,259302,259302,259303,0,1,2
74069,4,2,259306,259306,259308,0,2,3
74070,3,1,259309,259309,259310,0,1,1
74071,5,3,259314,259314,259317,0,3,4
74072,5,1,259319,259319,259320,0,1,2
74073,5,1,259324,259324,259325,0,1,4
74074,1,3,259325,259325,259328,0,3,0
74075,1,3,259326,259328,259331,2,5,0
74076,4,3,259330,259331,259334,1,4,0
74077,2,1,259332,259334,259335,2,3,0
74078,5,2,259337,259337,259339,0,2,2
74079,6,1,259343,259343,259344,0,1,4
74080,6,1,259349,259349,259350,0,1,5
74081,5,2,259354,259354,259356,0,2,4
74082,1,3,259355,259356,259359,1,4,0
74083,6,2,259361,259361,259363,0,2,2
74084,3,1,259364,259364,259365,0,1,1
74085,6,2,259370,259370,259372,0,2,5
74086,6,1,259376,259376,259377,0,1,4
74087,6,2,259382,259382,259384,0,2,5
74088,5,3,259387,259387,259390,0,3,3
74089,1,2,259388,259390,259392,2,4,0
74090,1,2,259389,259392,259394,3,5,0
74091,6,1,259395,259395,259396,0,1,1
74092,2,3,259397,259397,259400,0,3,1
74093,2,1,259399,259400,259401,1,2,0
74094,2,1,259401,259401,259402,0,1,0
74095,2,3,259403,259403,259406,0,3,1
74096,4,2,259407,259407,259409,0,2,1
74097,4,2,259411,259411,259413,0,2,2
74098,5,2,259416,259416,259418,0,2,3
74099,5,1,259421,259421,259422,0,1,3
74100,4,3,259425,259425,259428,0,3,3
74101,5,3,259430,259430,259433,0,3,2
74102,6,2,259436,259436,259438,0,2,3
74103,1,1,259437,259438,259439,1,2,0
74104,1,3,259438,259439,259442,1,4,0
74105,4,3,259442,259442,259445,0,3,0
74106,4,1,259446,259446,259447,0,1,1
74107,3,1,259449,259449,259450,0,1,2
74108,3,2,259452,259452,259454,0,2,2
74109,4,3,259456,259456,259459,0,3,2
74110,4,2,259460,259460,259462,0,2,1
74111,1,3,259461,259462,259465,1,4,0
74112,3,3,259464,259465,259468,1,4,0
74113,6,2,259470,259470,259472,0,2,2
74114,1,3,259471,259472,259475,1,4,0
74115,3,2,259474,259475,259477,1,3,0
74116,3,3,259477,259477,259480,0,3,0
74117,6,2,259483,259483,259485,0,2,3
74118,5,1,259488,259488,259489,0,1,3
74119,1,2,259489,259489,259491,0,2,0
74120,5,3,259494,259494,259497,0,3,3
74121,5,1,259499,259499,259500,0,1,2
74122,4,2,259503,259503,259505,0,2,3
74123,4,3,259507,259507,259510,0,3,2
74124,3,2,259510,259510,259512,0,2,0
74125,3,1,259513,259513,259514,0,1,1
74126,6,3,259519,259519,259522,0,3,5
74127,4,2,259523,259523,259525,0,2,1
74128,6,2,259529,259529,259531,0,2,4
74129,2,2,259531,259531,259533,0,2,0
74130,1,1,259532,259533,259534,1,2,0
74131,6,1,259538,259538,259539,0,1,4
74132,5,1,259543,259543,259544,0,1,4
74133,5,2,259548,259548,259550,0,2,4
74134,5,2,259553,259553,259555,0,2,3
74135,6,3,259559,259559,259562,0,3,4
74136,4,2,259563,259563,259565,0,2,1
74137,6,3,259569,259569,259572,0,3,4
74138,5,2,259574,259574,259576,0,2,2
74139,5,1,259579,259579,259580,0,1,3
74140,4,2,259583,259583,259585,0,2,3
74141,6,3,259589,259589,259592,0,3,4
74142,6,3,259595,259595,259598,0,3,3
74143,5,1,259600,259600,259601,0,1,2
74144,4,3,259604,259604,259607,0,3,3
74145,6,2,259610,259610,259612,0,2,3
74146,5,1,259615,259615,259616,0,1,3
74147,6,1,259621,259621,259622,0,1,5
74148,6,3,259627,259627,259630,0,3,5
74149,1,3,259628,259630,259633,2,5,0
74150,3,3,259631,259633,259636,2,5,0
74151,5,3,259636,259636,259639,0,3,0
74152,2,3,259638,259639,259642,1,4,0
74153,6,3,259644,259644,259647,0,3,2
74154,5,3,259649,259649,259652,0,3,2
74155,4,1,259653,259653,259654,0,1,1
74156,6,1,259659,259659,259660,0,1,5
74157,3,2,259662,259662,259664,0,2,2
74158,6,1,259668,259668,259669,0,1,4
74159,4,2,259672,259672,259674,0,2,3
74160,6,2,259678,259678,259680,0,2,4
74161,1,2,259679,259680,259682,1,3,0
74162,4,1,259683,259683,259684,0,1,1
74163,5,1,259688,259688,259689,0,1,4
74164,5,1,259693,259693,259694,0,1,4
74165,1,3,259694,259694,259697,0,3,0
74166,1,3,259695,259697,259700,2,5,0
74167,2,3,259697,259700,259703,3,6,0
74168,3,1,259700,259703,259704,3,4,0
74169,5,3,259705,259705,259708,0,3,1
74170,6,2,259711,259711,259713,0,2,3
74171,5,2,259716,259716,259718,0,2,3
74172,4,3,259720,259720,259723,0,3,2
74173,2,2,259722,259723,259725,1,3,0
74174,5,2,259727,259727,259729,0,2,2
74175,1,1,259728,259729,259730,1,2,0
74176,3,1,259731,259731,259732,0,1,1
74177,2,2,259733,259733,259735,0,2,1
74178,5,3,259738,259738,259741,0,3,3
74179,6,2,259744,259744,259746,0,2,3
74180,2,3,259746,259746,259749,0,3,0
74181,1,3,259747,259749,259752,2,5,0
74182,2,2,259749,259752,259754,3,5,0
74183,2,3,259751,259754,259757,3,6,0
74184,5,3,259756,259757,259760,1,4,0
74185,4,2,259760,259760,259762,0,2,0
74186,4,3,259764,259764,259767,0,3,2
74187,6,2,259770,259770,259772,0,2,3
74188,5,2,259775,259775,259777,0,2,3
74189,2,3,259777,259777,259780,0,3,0
74190,2,2,259779,259780,259782,1,3,0
74191,4,2,259783,259783,259785,0,2,1
74192,2,1,259785,259785,259786,0,1,0
74193,5,3,259790,259790,259793,0,3,4
74194,6,2,259796,259796,259798,0,2,3
74195,2,2,259798,259798,259800,0,2,0
74196,6,2,259804,259804,259806,0,2,4
74197,5,1,259809,259809,259810,0,1,3
74198,5,2,259814,259814,259816,0,2,4
74199,6,3,259820,259820,259823,0,3,4
74200,4,3,259824,259824,259827,0,3,1
74201,5,1,259829,259829,259830,0,1,2
74202,1,3,259830,259830,259833,0,3,0
74203,5,2,259835,259835,259837,0,2,2
74204,3,1,259838,259838,259839,0,1,1
74205,2,2,259840,259840,259842,0,2,1
74206,4,3,259844,259844,259847,0,3,2
74207,2,3,259846,259847,259850,1,4,0
74208,4,1,259850,259850,259851,0,1,0
74209,2,2,259852,259852,259854,0,2,1
74210,3,3,259855,259855,259858,0,3,1
74211,3,1,259858,259858,259859,0,1,0
74212,6,2,259864,259864,259866,0,2,5
74213,4,2,259868,259868,259870,0,2,2
74214,5,2,259873,259873,259875,0,2,3
74215,3,3,259876,259876,259879,0,3,1
74216,4,1,259880,259880,259881,0,1,1
74217,1,1,259881,259881,259882,0,1,0
74218,6,2,259887,259887,259889,0,2,5
74219,4,2,259891,259891,259893,0,2,2
74220,3,2,259894,259894,259896,0,2,1
74221,4,2,259898,259898,259900,0,2,2
74222,1,1,259899,259900,259901,1,2,0
74223,3,1,259902,259902,259903,0,1,1
74224,3,2,259905,259905,259907,0,2,2
74225,2,1,259907,259907,259908,0,1,0
74226,1,2,259908,259908,259910,0,2,0
74227,5,1,259913,259913,259914,0,1,3
74228,3,2,259916,259916,259918,0,2,2
74229,6,3,259922,259922,259925,0,3,4
74230,1,3,259923,259925,259928,2,5,0
74231,3,3,259926,259928,259931,2,5,0
74232,6,1,259932,259932,259933,0,1,1
74233,2,1,259934,259934,259935,0,1,1
74234,6,3,259940,259940,259943,0,3,5
74235,1,2,259941,259943,259945,2,4,0
74236,6,1,259947,259947,259948,0,1,2
74237,3,2,259950,259950,259952,0,2,2
74238,2,2,259952,259952,259954,0,2,0
74239,3,1,259955,259955,259956,0,1,1
74240,2,1,259957,259957,259958,0,1,1
74241,2,3,259959,259959,259962,0,3,1
74242,4,2,259963,259963,259965,0,2,1
74243,4,2,259967,259967,259969,0,2,2
74244,2,1,259969,259969,259970,0,1,0
74245,5,3,259974,259974,259977,0,3,4
74246,5,3,259979,259979,259982,0,3,2
74247,2,3,259981,259982,259985,1,4,0
74248,5,1,259986,259986,259987,0,1,1
74249,5,1,259991,259991,259992,0,1,4
74250,1,2,259992,259992,259994,0,2,0
74251,2,2,259994,259994,259996,0,2,0
74252,3,1,259997,259997,259998,0,1,1
74253,6,1,260003,260003,260004,0,1,5
74254,6,3,260009,260009,260012,0,3,5
74255,6,1,260015,260015,260016,0,1,3
74256,4,1,260019,260019,260020,0,1,3
74257,3,1,260022,260022,260023,0,1,2
74258,6,3,260028,260028,260031,0,3,5
74259,1,1,260029,260031,260032,2,3,0
74260,6,2,260035,260035,260037,0,2,3
74261,1,3,260036,260037,260040,1,4,0
74262,4,3,260040,260040,260043,0,3,0
74263,6,3,260046,260046,260049,0,3,3
74264,1,3,260047,260049,260052,2,5,0
74265,1,2,260048,260052,260054,4,6,0
74266,6,1,260054,260054,260055,0,1,0
74267,5,2,260059,260059,260061,0,2,4
74268,2,2,260061,260061,260063,0,2,0
74269,1,3,260062,260063,260066,1,4,0
74270,4,3,260066,260066,260069,0,3,0
74271,5,2,260071,260071,260073,0,2,2
74272,5,2,260076,260076,260078,0,2,3
74273,5,3,260081,260081,260084,0,3,3
74274,3,2,260084,260084,260086,0,2,0
74275,6,3,260090,260090,260093,0,3,4
74276,2,1,260092,260093,260094,1,2,0
74277,6,1,260098,260098,260099,0,1,4
74278,4,3,260102,260102,260105,0,3,3
74279,5,2,260107,260107,260109,0,2,2
74280,6,2,260113,260113,260115,0,2,4
74281,6,1,260119,260119,260120,0,1,4
74282,1,2,260120,260120,260122,0,2,0
74283,1,3,260121,260122,260125,1,4,0
74284,4,3,260125,260125,260128,0,3,0
74285,6,3,260131,260131,260134,0,3,3
74286,1,3,260132,260134,260137,2,5,0
74287,4,2,260136,260137,260139,1,3,0
74288,4,1,260140,260140,260141,0,1,1
74289,3,1,260143,260143,260144,0,1,2
74290,4,2,260147,260147,260149,0,2,3
74291,5,2,260152,260152,260154,0,2,3
74292,6,3,260158,260158,260161,0,3,4
74293,1,2,260159,260161,260163,2,4,0
74294,5,2,260164,260164,260166,0,2,1
74295,4,3,260168,260168,260171,0,3,2
74296,6,1,260174,260174,260175,0,1,3
74297,2,2,260176,260176,260178,0,2,1
74298,5,2,260181,260181,260183,0,2,3
74299,5,2,260186,260186,260188,0,2,3
74300,6,3,260192,260192,260195,0,3,4
74301,2,3,260194,260195,260198,1,4,0
74302,5,3,260199,260199,260202,0,3,1
74303,5,2,260204,260204,260206,0,2,2
74304,1,3,260205,260206,260209,1,4,0
74305,5,3,260210,260210,260213,0,3,1
74306,4,1,260214,260214,260215,0,1,1
74307,2,2,260216,260216,260218,0,2,1
74308,6,1,260222,260222,260223,0,1,4
74309,2,3,260224,260224,260227,0,3,1
74310,5,2,260229,260229,260231,0,2,2
74311,5,1,260234,260234,260235,0,1,3
74312,1,3,260235,260235,260238,0,3,0
74313,2,3,260237,260238,260241,1,4,0
74314,4,2,260241,260241,260243,0,2,0
74315,1,2,260242,260243,260245,1,3,0
74316,1,1,260243,260245,260246,2,3,0
74317,1,1,260244,260246,260247,2,3,0
74318,5,1,260249,260249,260250,0,1,2
74319,1,2,260250,260250,260252,0,2,0
74320,3,3,260253,260253,260256,0,3,1
74321,1,3,260254,260256,260259,2,5,0
74322,6,2,260260,260260,260262,0,2,1
74323,1,1,260261,260262,260263,1,2,0
74324,5,2,260266,260266,260268,0,2,3
74325,3,3,260269,260269,260272,0,3,1
74326,4,1,260273,260273,260274,0,1,1
74327,3,1,260276,260276,260277,0,1,2
74328,4,2,260280,260280,260282,0,2,3
74329,1,3,260281,260282,260285,1,4,0
74330,3,2,260284,260285,260287,1,3,0
74331,3,1,260287,260287,260288,0,1,0
74332,1,2,260288,260288,260290,0,2,0
74333,3,2,260291,260291,260293,0,2,1
74334,4,2,260295,260295,260297,0,2,2
74335,2,1,260297,260297,260298,0,1,0
74336,2,2,260299,260299,260301,0,2,1
74337,3,1,260302,260302,260303,0,1,1
74338,3,3,260305,260305,260308,0,3,2
74339,6,1,260311,260311,260312,0,1,3
74340,1,1,260312,260312,260313,0,1,0
74341,3,2,260315,260315,260317,0,2,2
74342,2,3,260317,260317,260320,0,3,0
74343,6,3,260323,260323,260326,0,3,3
74344,2,1,260325,260326,260327,1,2,0
74345,3,3,260328,260328,260331,0,3,1
74346,6,2,260334,260334,260336,0,2,3
74347,5,3,260339,260339,260342,0,3,3
74348,4,1,260343,260343,260344,0,1,1
74349,1,1,260344,260344,260345,0,1,0
74350,1,3,260345,260345,260348,0,3,0
74351,3,3,260348,260348,260351,0,3,0
74352,5,2,260353,260353,260355,0,2,2
74353,2,1,260355,260355,260356,0,1,0
74354,3,1,260358,260358,260359,0,1,2
74355,1,3,260359,260359,260362,0,3,0
74356,5,2,260364,260364,260366,0,2,2
74357,4,2,260368,260368,260370,0,2,2
74358,5,3,260373,260373,260376,0,3,3
74359,5,1,260378,260378,260379,0,1,2
74360,1,3,260379,260379,260382,0,3,0
74361,3,3,260382,260382,260385,0,3,0
74362,5,2,260387,260387,260389,0,2,2
74363,5,2,260392,260392,260394,0,2,3
74364,1,2,260393,260394,260396,1,3,0
74365,4,3,260397,260397,260400,0,3,1
74366,2,2,260399,260400,260402,1,3,0
74367,2,2,260401,260402,260404,1,3,0
74368,4,2,260405,260405,260407,0,2,1
74369,1,2,260406,260407,260409,1,3,0
74370,1,1,260407,260409,260410,2,3,0
74371,1,2,260408,260410,260412,2,4,0
74372,2,3,260410,260412,260415,2,5,0
74373,2,3,260412,260415,260418,3,6,0
74374,2,2,260414,260418,260420,4,6,0
74375,2,2,260416,260420,260422,4,6,0
74376,2,1,260418,260422,260423,4,5,0
74377,4,2,260422,260423,260425,1,3,0
74378,4,3,260426,260426,260429,0,3,1
74379,6,3,260432,260432,260435,0,3,3
74380,5,1,260437,260437,260438,0,1,2
74381,5,3,260442,260442,260445,0,3,4
74382,1,2,260443,260445,260447,2,4,0
74383,2,2,260445,260447,260449,2,4,0
74384,2,2,260447,260449,260451,2,4,0
74385,3,1,260450,260451,260452,1,2,0
74386,3,2,260453,260453,260455,0,2,1
74387,3,2,260456,260456,260458,0,2,1
74388,2,3,260458,260458,260461,0,3,0
74389,6,3,260464,260464,260467,0,3,3
74390,6,2,260470,260470,260472,0,2,3
74391,2,3,260472,260472,260475,0,3,0
74392,1,1,260473,260475,260476,2,3,0
74393,6,3,260479,260479,260482,0,3,3
74394,1,2,260480,260482,260484,2,4,0
74395,3,1,260483,260484,260485,1,2,0
74396,2,2,260485,260485,260487,0,2,0
74397,4,3,260489,260489,260492,0,3,2
74398,6,3,260495,260495,260498,0,3,3
74399,5,1,260500,260500,260501,0,1,2
74400,6,2,260506,260506,260508,0,2,5
74401,2,2,260508,260508,260510,0,2,0
74402,6,3,260514,260514,260517,0,3,4
74403,1,3,260515,260517,260520,2,5,0
74404,2,2,260517,260520,260522,3,5,0
74405,3,3,260520,260522,260525,2,5,0
74406,6,2,260526,260526,260528,0,2,1
74407,1,1,260527,260528,260529,1,2,0
74408,2,2,260529,260529,260531,0,2,0
74409,4,3,260533,260533,260536,0,3,2
74410,6,2,260539,260539,260541,0,2,3
74411,1,2,260540,260541,260543,1,3,0
74412,5,3,260545,260545,260548,0,3,2
74413,6,3,260551,260551,260554,0,3,3
74414,3,2,260554,260554,260556,0,2,0
74415,6,1,260560,260560,260561,0,1,4
74416,2,3,260562,260562,260565,0,3,1
74417,2,3,260564,260565,260568,1,4,0
74418,5,3,260569,260569,260572,0,3,1
74419,5,1,260574,260574,260575,0,1,2
74420,4,3,260578,260578,260581,0,3,3
74421,3,1,260581,260581,260582,0,1,0
74422,1,2,260582,260582,260584,0,2,0
74423,6,2,260588,260588,260590,0,2,4
74424,5,2,260593,260593,260595,0,2,3
74425,4,2,260597,260597,260599,0,2,2
74426,2,3,260599,260599,260602,0,3,0
74427,3,3,260602,260602,260605,0,3,0
74428,3,3,260605,260605,260608,0,3,0
74429,1,1,260606,260608,260609,2,3,0
74430,3,2,260609,260609,260611,0,2,0
74431,5,1,260614,260614,260615,0,1,3
74432,1,3,260615,260615,260618,0,3,0
74433,3,3,260618,260618,260621,0,3,0
74434,4,2,260622,260622,260624,0,2,1
74435,4,1,260626,260626,260627,0,1,2
74436,1,3,260627,260627,260630,0,3,0
74437,3,1,260630,260630,260631,0,1,0
74438,3,3,260633,260633,260636,0,3,2
74439,2,2,260635,260636,260638,1,3,0
74440,2,2,260637,260638,260640,1,3,0
74441,6,1,260643,260643,260644,0,1,3
74442,5,2,260648,260648,260650,0,2,4
74443,1,2,260649,260650,260652,1,3,0
74444,1,3,260650,260652,260655,2,5,0
74445,3,1,260653,260655,260656,2,3,0
74446,4,3,260657,260657,260660,0,3,1
74447,1,2,260658,260660,260662,2,4,0
74448,1,2,260659,260662,260664,3,5,0
74449,6,3,260665,260665,260668,0,3,1
74450,3,3,260668,260668,260671,0,3,0
74451,6,2,260674,260674,260676,0,2,3
74452,1,2,260675,260676,260678,1,3,0
74453,1,1,260676,260678,260679,2,3,0
74454,3,1,260679,260679,260680,0,1,0
74455,5,2,260684,260684,260686,0,2,4
74456,4,3,260688,260688,260691,0,3,2
74457,5,1,260693,260693,260694,0,1,2
74458,4,2,260697,260697,260699,0,2,3
74459,3,3,260700,260700,260703,0,3,1
74460,5,1,260705,260705,260706,0,1,2
74461,2,2,260707,260707,260709,0,2,1
74462,5,1,260712,260712,260713,0,1,3
74463,1,2,260713,260713,260715,0,2,0
74464,1,2,260714,260715,260717,1,3,0
74465,3,2,260717,260717,260719,0,2,0
74466,6,3,260723,260723,260726,0,3,4
74467,3,2,260726,260726,260728,0,2,0
74468,3,2,260729,260729,260731,0,2,1
74469,3,3,260732,260732,260735,0,3,1
74470,4,3,260736,260736,260739,0,3,1
74471,3,3,260739,260739,260742,0,3,0
74472,4,1,260743,260743,260744,0,1,1
74473,3,1,260746,260746,260747,0,1,2
74474,1,1,260747,260747,260748,0,1,0
74475,2,3,260749,260749,260752,0,3,1
74476,6,2,260755,260755,260757,0,2,3
74477,6,2,260761,260761,260763,0,2,4
74478,6,2,260767,260767,260769,0,2,4
74479,5,3,260772,260772,260775,0,3,3
74480,4,2,260776,260776,260778,0,2,1
74481,3,2,260779,260779,260781,0,2,1
74482,4,3,260783,260783,260786,0,3,2
74483,4,3,260787,260787,260790,0,3,1
74484,3,2,260790,260790,260792,0,2,0
74485,2,3,260792,260792,260795,0,3,0
74486,2,3,260794,260795,260798,1,4,0
74487,2,1,260796,260798,260799,2,3,0
74488,4,2,260800,260800,260802,0,2,1
74489,4,3,260804,260804,260807,0,3,2
74490,3,2,260807,260807,260809,0,2,0
74491,3,1,260810,260810,260811,0,1,1
74492,4,1,260814,260814,260815,0,1,3
74493,1,2,260815,260815,260817,0,2,0
74494,3,3,260818,260818,260821,0,3,1
74495,4,1,260822,260822,260823,0,1,1
74496,5,3,260827,260827,260830,0,3,4
74497,1,3,260828,260830,260833,2,5,0
74498,4,3,260832,260833,260836,1,4,0
74499,1,2,260833,260836,260838,3,5,0
74500,3,2,260836,260838,260840,2,4,0
74501,2,1,260838,260840,260841,2,3,0
74502,4,1,260842,260842,260843,0,1,1
74503,6,1,260848,260848,260849,0,1,5
74504,2,1,260850,260850,260851,0,1,1
74505,1,2,260851,260851,260853,0,2,0
74506,6,1,260857,260857,260858,0,1,4
74507,1,2,260858,260858,260860,0,2,0
74508,6,1,260864,260864,260865,0,1,4
74509,3,1,260867,260867,260868,0,1,2
74510,5,2,260872,260872,260874,0,2,4
74511,6,3,260878,260878,260881,0,3,4
74512,4,2,260882,260882,260884,0,2,1
74513,4,2,260886,260886,260888,0,2,2
74514,3,2,260889,260889,260891,0,2,1
74515,3,1,260892,260892,260893,0,1,1
74516,2,3,260894,260894,260897,0,3,1
74517,1,3,260895,260897,260900,2,5,0
74518,6,3,260901,260901,260904,0,3,1
74519,2,2,260903,260904,260906,1,3,0
74520,3,2,260906,260906,260908,0,2,0
74521,4,2,260910,260910,260912,0,2,2
74522,4,3,260914,260914,260917,0,3,2
74523,3,1,260917,260917,260918,0,1,0
74524,5,2,260922,260922,260924,0,2,4
74525,2,1,260924,260924,260925,0,1,0
74526,3,1,260927,260927,260928,0,1,2
74527,1,1,260928,260928,260929,0,1,0
74528,4,1,260932,260932,260933,0,1,3
74529,3,1,260935,260935,260936,0,1,2
74530,1,3,260936,260936,260939,0,3,0
74531,4,2,260940,260940,260942,0,2,1
74532,3,3,260943,260943,260946,0,3,1
74533,1,1,260944,260946,260947,2,3,0
74534,6,1,260950,260950,260951,0,1,3
74535,4,1,260954,260954,260955,0,1,3
74536,6,3,260960,260960,260963,0,3,5
74537,4,1,260964,260964,260965,0,1,1
74538,6,2,260970,260970,260972,0,2,5
74539,6,3,260976,260976,260979,0,3,4
74540,3,1,260979,260979,260980,0,1,0
74541,3,3,260982,260982,260985,0,3,2
74542,1,3,260983,260985,260988,2,5,0
74543,3,2,260986,260988,260990,2,4,0
74544,4,2,260990,260990,260992,0,2,0
74545,6,3,260996,260996,260999,0,3,4
74546,3,1,260999,260999,261000,0,1,0
74547,4,2,261003,261003,261005,0,2,3
74548,4,1,261007,261007,261008,0,1,2
74549,5,2,261012,261012,261014,0,2,4
74550,1,1,261013,261014,261015,1,2,0
74551,1,2,261014,261015,261017,1,3,0
74552,4,2,261018,261018,261020,0,2,1
74553,1,1,261019,261020,261021,1,2,0
74554,1,1,261020,261021,261022,1,2,0
74555,1,3,261021,261022,261025,1,4,0
74556,3,3,261024,261025,261028,1,4,0
74557,4,1,261028,261028,261029,0,1,0
74558,4,2,261032,261032,261034,0,2,3
74559,2,2,261034,261034,261036,0,2,0
74560,6,3,261040,261040,261043,0,3,4
74561,1,3,261041,261043,261046,2,5,0
74562,1,1,261042,261046,261047,4,5,0
74563,2,3,261044,261047,261050,3,6,0
74564,2,1,261046,261050,261051,4,5,0
74565,6,1,261052,261052,261053,0,1,1
74566,3,2,261055,261055,261057,0,2,2
74567,2,1,261057,261057,261058,0,1,0
74568,3,2,261060,261060,261062,0,2,2
74569,2,3,261062,261062,261065,0,3,0
74570,3,3,261065,261065,261068,0,3,0
74571,6,3,261071,261071,261074,0,3,3
74572,3,2,261074,261074,261076,0,2,0
74573,3,1,261077,261077,261078,0,1,1
74574,3,2,261080,261080,261082,0,2,2
74575,5,1,261085,261085,261086,0,1,3
74576,4,3,261089,261089,261092,0,3,3
74577,3,2,261092,261092,261094,0,2,0
74578,2,2,261094,261094,261096,0,2,0
74579,4,3,261098,261098,261101,0,3,2
74580,5,3,261103,261103,261106,0,3,2
74581,4,1,261107,261107,261108,0,1,1
74582,5,1,261112,261112,261113,0,1,4
74583,3,1,261115,261115,261116,0,1,2
74584,6,2,261121,261121,261123,0,2,5
74585,2,1,261123,261123,261124,0,1,0
74586,3,1,261126,261126,261127,0,1,2
74587,4,1,261130,261130,261131,0,1,3
74588,3,1,261133,261133,261134,0,1,2
74589,1,3,261134,261134,261137,0,3,0
74590,6,3,261140,261140,261143,0,3,3
74591,6,1,261146,261146,261147,0,1,3
74592,2,2,261148,261148,261150,0,2,1
74593,1,1,261149,261150,261151,1,2,0
74594,1,3,261150,261151,261154,1,4,0
74595,5,3,261155,261155,261158,0,3,1
74596,5,3,261160,261160,261163,0,3,2
74597,1,1,261161,261163,261164,2,3,0
74598,4,3,261165,261165,261168,0,3,1
74599,2,2,261167,261168,261170,1,3,0
74600,4,2,261171,261171,261173,0,2,1
74601,1,1,261172,261173,261174,1,2,0
74602,4,1,261176,261176,261177,0,1,2
74603,2,3,261178,261178,261181,0,3,1
74604,1,3,261179,261181,261184,2,5,0
74605,3,3,261182,261184,261187,2,5,0
74606,5,2,261187,261187,261189,0,2,0
74607,4,2,261191,261191,261193,0,2,2
74608,5,2,261196,261196,261198,0,2,3
74609,3,3,261199,261199,261202,0,3,1
74610,4,2,261203,261203,261205,0,2,1
74611,5,3,261208,261208,261211,0,3,3
74612,2,1,261210,261211,261212,1,2,0
74613,1,2,261211,261212,261214,1,3,0
74614,3,3,261214,261214,261217,0,3,0
74615,6,3,261220,261220,261223,0,3,3
74616,5,3,261225,261225,261228,0,3,2
74617,5,3,261230,261230,261233,0,3,2
74618,5,2,261235,261235,261237,0,2,2
74619,4,1,261239,261239,261240,0,1,2
74620,4,2,261243,261243,261245,0,2,3
74621,6,1,261249,261249,261250,0,1,4
74622,2,3,261251,261251,261254,0,3,1
74623,1,3,261252,261254,261257,2,5,0
74624,5,1,261257,261257,261258,0,1,0
74625,1,3,261258,261258,261261,0,3,0
74626,1,1,261259,261261,261262,2,3,0
74627,5,1,261264,261264,261265,0,1,2
74628,6,2,261270,261270,261272,0,2,5
74629,3,3,261273,261273,261276,0,3,1
74630,1,2,261274,261276,261278,2,4,0
74631,1,3,261275,261278,261281,3,6,0
74632,4,2,261279,261281,261283,2,4,0
74633,3,3,261282,261283,261286,1,4,0
74634,5,1,261287,261287,261288,0,1,1
74635,3,3,261290,261290,261293,0,3,2
74636,4,3,261294,261294,261297,0,3,1
74637,5,1,261299,261299,261300,0,1,2
74638,2,1,261301,261301,261302,0,1,1
74639,6,2,261307,261307,261309,0,2,5
74640,6,2,261313,261313,261315,0,2,4
74641,1,1,261314,261315,261316,1,2,0
74642,1,3,261315,261316,261319,1,4,0
74643,1,1,261316,261319,261320,3,4,0
74644,1,1,261317,261320,261321,3,4,0
74645,4,1,261321,261321,261322,0,1,0
74646,5,3,261326,261326,261329,0,3,4
74647,6,1,261332,261332,261333,0,1,3
74648,3,2,261335,261335,261337,0,2,2
74649,6,2,261341,261341,261343,0,2,4
74650,3,3,261344,261344,261347,0,3,1
74651,6,2,261350,261350,261352,0,2,3
74652,3,2,261353,261353,261355,0,2,1
74653,5,1,261358,261358,261359,0,1,3
74654,1,2,261359,261359,261361,0,2,0
74655,1,2,261360,261361,261363,1,3,0
74656,6,3,261366,261366,261369,0,3,3
74657,5,1,261371,261371,261372,0,1,2
74658,5,3,261376,261376,261379,0,3,4
74659,3,2,261379,261379,261381,0,2,0
74660,4,3,261383,261383,261386,0,3,2
74661,4,3,261387,261387,261390,0,3,1
74662,4,2,261391,261391,261393,0,2,1
74663,4,1,261395,261395,261396,0,1,2
74664,6,3,261401,261401,261404,0,3,5
74665,4,2,261405,261405,261407,0,2,1
74666,5,3,261410,261410,261413,0,3,3
74667,3,3,261413,261413,261416,0,3,0
74668,2,2,261415,261416,261418,1,3,0
74669,4,1,261419,261419,261420,0,1,1
74670,6,1,261425,261425,261426,0,1,5
74671,2,3,261427,261427,261430,0,3,1
74672,2,3,261429,261430,261433,1,4,0
74673,4,1,261433,261433,261434,0,1,0
74674,2,1,261435,261435,261436,0,1,1
74675,5,2,261440,261440,261442,0,2,4
74676,4,1,261444,261444,261445,0,1,2
74677,3,1,261447,261447,261448,0,1,2
74678,1,2,261448,261448,261450,0,2,0
74679,4,1,261452,261452,261453,0,1,2
74680,2,1,261454,261454,261455,0,1,1
74681,6,2,261460,261460,261462,0,2,5
74682,6,3,261466,261466,261469,0,3,4
74683,2,3,261468,261469,261472,1,4,0
74684,1,2,261469,261472,261474,3,5,0
74685,3,1,261472,261474,261475,2,3,0
74686,5,3,261477,261477,261480,0,3,2
74687,3,1,261480,261480,261481,0,1,0
74688,1,3,261481,261481,261484,0,3,0
74689,5,2,261486,261486,261488,0,2,2
74690,1,2,261487,261488,261490,1,3,0
74691,2,3,261489,261490,261493,1,4,0
74692,4,1,261493,261493,261494,0,1,0
74693,3,1,261496,261496,261497,0,1,2
74694,6,3,261502,261502,261505,0,3,5
74695,1,2,261503,261505,261507,2,4,0
74696,2,2,261505,261507,261509,2,4,0
74697,5,3,261510,261510,261513,0,3,1
74698,5,2,261515,261515,261517,0,2,2
74699,4,3,261519,261519,261522,0,3,2
74700,5,3,261524,261524,261527,0,3,2
74701,2,2,261526,261527,261529,1,3,0
74702,6,2,261532,261532,261534,0,2,3
74703,5,3,261537,261537,261540,0,3,3
74704,4,1,261541,261541,261542,0,1,1
74705,1,2,261542,261542,261544,0,2,0
74706,5,1,261547,261547,261548,0,1,3
74707,2,1,261549,261549,261550,0,1,1
74708,6,3,261555,261555,261558,0,3,5
74709,5,1,261560,261560,261561,0,1,2
74710,6,3,261566,261566,261569,0,3,5
74711,4,1,261570,261570,261571,0,1,1
74712,4,1,261574,261574,261575,0,1,3
74713,4,2,261578,261578,261580,0,2,3
74714,3,2,261581,261581,261583,0,2,1
74715,6,1,261587,261587,261588,0,1,4
74716,5,2,261592,261592,261594,0,2,4
74717,1,1,261593,261594,261595,1,2,0
74718,1,2,261594,261595,261597,1,3,0
74719,5,3,261599,261599,261602,0,3,2
74720,3,1,261602,261602,261603,0,1,0
74721,2,3,261604,261604,261607,0,3,1
74722,2,3,261606,261607,261610,1,4,0
74723,6,3,261612,261612,261615,0,3,2
74724,5,2,261617,261617,261619,0,2,2
74725,3,2,261620,261620,261622,0,2,1
74726,6,1,261626,261626,261627,0,1,4
74727,5,1,261631,261631,261632,0,1,4
74728,5,1,261636,261636,261637,0,1,4
74729,4,2,261640,261640,261642,0,2,3
74730,1,1,261641,261642,261643,1,2,0
74731,3,2,261644,261644,261646,0,2,1
74732,6,2,261650,261650,261652,0,2,4
74733,4,1,261654,261654,261655,0,1,2
74734,3,3,261657,261657,261660,0,3,2
74735,4,2,261661,261661,261663,0,2,1
74736,2,2,261663,261663,261665,0,2,0
74737,5,3,261668,261668,261671,0,3,3
74738,4,3,261672,261672,261675,0,3,1
74739,3,3,261675,261675,261678,0,3,0
74740,3,2,261678,261678,261680,0,2,0
74741,1,2,261679,261680,261682,1,3,0
74742,3,3,261682,261682,261685,0,3,0
74743,3,1,261685,261685,261686,0,1,0
74744,5,3,261690,261690,261693,0,3,4
74745,6,3,261696,261696,261699,0,3,3
74746,6,3,261702,261702,261705,0,3,3
74747,5,3,261707,261707,261710,0,3,2
74748,6,2,261713,261713,261715,0,2,3
74749,6,2,261719,261719,261721,0,2,4
74750,2,2,261721,261721,261723,0,2,0
74751,4,2,261725,261725,261727,0,2,2
74752,3,3,261728,261728,261731,0,3,1
74753,6,2,261734,261734,261736,0,2,3
74754,4,3,261738,261738,261741,0,3,2
74755,5,1,261743,261743,261744,0,1,2
74756,3,2,261746,261746,261748,0,2,2
74757,3,1,261749,261749,261750,0,1,1
74758,2,1,261751,261751,261752,0,1,1
74759,3,1,261754,261754,261755,0,1,2
74760,4,1,261758,261758,261759,0,1,3
74761,1,3,261759,261759,261762,0,3,0
74762,5,1,261764,261764,261765,0,1,2
74763,6,2,261770,261770,261772,0,2,5
74764,2,3,261772,261772,261775,0,3,0
74765,2,1,261774,261775,261776,1,2,0
74766,3,2,261777,261777,261779,0,2,1
74767,3,2,261780,261780,261782,0,2,1
74768,5,1,261785,261785,261786,0,1,3
74769,2,1,261787,261787,261788,0,1,1
74770,4,2,261791,261791,261793,0,2,3
74771,4,2,261795,261795,261797,0,2,2
74772,1,2,261796,261797,261799,1,3,0
74773,4,1,261800,261800,261801,0,1,1
74774,3,3,261803,261803,261806,0,3,2
74775,4,2,261807,261807,261809,0,2,1
74776,1,1,261808,261809,261810,1,2,0
74777,3,3,261811,261811,261814,0,3,1
74778,6,1,261817,261817,261818,0,1,3
74779,2,1,261819,261819,261820,0,1,1
74780,1,3,261820,261820,261823,0,3,0
74781,2,2,261822,261823,261825,1,3,0
74782,6,1,261828,261828,261829,0,1,3
74783,5,3,261833,261833,261836,0,3,4
74784,3,3,261836,261836,261839,0,3,0
74785,4,1,261840,261840,261841,0,1,1
74786,6,2,261846,261846,261848,0,2,5
74787,6,3,261852,261852,261855,0,3,4
74788,2,3,261854,261855,261858,1,4,0
74789,1,2,261855,261858,261860,3,5,0
74790,2,2,261857,261860,261862,3,5,0
74791,1,2,261858,261862,261864,4,6,0
74792,5,1,261863,261864,261865,1,2,0
74793,2,2,261865,261865,261867,0,2,0
74794,2,2,261867,261867,261869,0,2,0
74795,4,3,261871,261871,261874,0,3,2
74796,3,1,261874,261874,261875,0,1,0
74797,2,3,261876,261876,261879,0,3,1
74798,6,2,261882,261882,261884,0,2,3
74799,1,1,261883,261884,261885,1,2,0
74800,3,1,261886,261886,261887,0,1,1
74801,5,3,261891,261891,261894,0,3,4
74802,2,1,261893,261894,261895,1,2,0
74803,5,3,261898,261898,261901,0,3,3
74804,4,2,261902,261902,261904,0,2,1
74805,6,3,261908,261908,261911,0,3,4
74806,3,1,261911,261911,261912,0,1,0
74807,2,1,261913,261913,261914,0,1,1
74808,3,1,261916,261916,261917,0,1,2
74809,4,1,261920,261920,261921,0,1,3
74810,6,1,261926,261926,261927,0,1,5
74811,6,3,261932,261932,261935,0,3,5
74812,6,3,261938,261938,261941,0,3,3
74813,6,3,261944,261944,261947,0,3,3
74814,1,1,261945,261947,261948,2,3,0
74815,6,2,261951,261951,261953,0,2,3
74816,4,3,261955,261955,261958,0,3,2
74817,5,1,261960,261960,261961,0,1,2
74818,2,3,261962,261962,261965,0,3,1
74819,1,3,261963,261965,261968,2,5,0
74820,2,2,261965,261968,261970,3,5,0
74821,2,1,261967,261970,261971,3,4,0
74822,5,2,261972,261972,261974,0,2,1
74823,2,3,261974,261974,261977,0,3,0
74824,3,2,261977,261977,261979,0,2,0
74825,2,2,261979,261979,261981,0,2,0
74826,6,3,261985,261985,261988,0,3,4
74827,2,2,261987,261988,261990,1,3,0
74828,2,2,261989,261990,261992,1,3,0
74829,6,3,261995,261995,261998,0,3,3
74830,3,3,261998,261998,262001,0,3,0
74831,5,3,262003,262003,262006,0,3,2
74832,4,2,262007,262007,262009,0,2,1
74833,2,1,262009,262009,262010,0,1,0
74834,4,2,262013,262013,262015,0,2,3
74835,1,2,262014,262015,262017,1,3,0
74836,4,2,262018,262018,262020,0,2,1
74837,5,1,262023,262023,262024,0,1,3
74838,6,1,262029,262029,262030,0,1,5
74839,3,2,262032,262032,262034,0,2,2
74840,6,2,262038,262038,262040,0,2,4
74841,6,2,262044,262044,262046,0,2,4
74842,3,1,262047,262047,262048,0,1,1
74843,3,1,262050,262050,262051,0,1,2
74844,3,2,262053,262053,262055,0,2,2
74845,1,1,262054,262055,262056,1,2,0
74846,3,3,262057,262057,262060,0,3,1
74847,3,2,262060,262060,262062,0,2,0
74848,3,1,262063,262063,262064,0,1,1
74849,2,1,262065,262065,262066,0,1,1
74850,4,3,262069,262069,262072,0,3,3
74851,4,3,262073,262073,262076,0,3,1
74852,1,1,262074,262076,262077,2,3,0
74853,4,1,262078,262078,262079,0,1,1
74854,4,1,262082,262082,262083,0,1,3
74855,4,3,262086,262086,262089,0,3,3
74856,6,3,262092,262092,262095,0,3,3
74857,1,3,262093,262095,262098,2,5,0
74858,5,2,262098,262098,262100,0,2,0
74859,2,3,262100,262100,262103,0,3,0
74860,3,1,262103,262103,262104,0,1,0
74861,5,3,262108,262108,262111,0,3,4
74862,3,1,262111,262111,262112,0,1,0
74863,4,1,262115,262115,262116,0,1,3
74864,4,3,262119,262119,262122,0,3,3
74865,3,1,262122,262122,262123,0,1,0
74866,5,2,262127,262127,262129,0,2,4
74867,5,2,262132,262132,262134,0,2,3
74868,5,3,262137,262137,262140,0,3,3
74869,2,2,262139,262140,262142,1,3,0
74870,4,3,262143,262143,262146,0,3,1
74871,6,1,262149,262149,262150,0,1,3
74872,1,2,262150,262150,262152,0,2,0
74873,2,1,262152,262152,262153,0,1,0
74874,1,1,262153,262153,262154,0,1,0
74875,5,2,262158,262158,262160,0,2,4
74876,1,1,262159,262160,262161,1,2,0
74877,1,1,262160,262161,262162,1,2,0
74878,2,3,262162,262162,262165,0,3,0
74879,4,1,262166,262166,262167,0,1,1
74880,3,2,262169,262169,262171,0,2,2
74881,3,2,262172,262172,262174,0,2,1
74882,2,3,262174,262174,262177,0,3,0
74883,5,1,262179,262179,262180,0,1,2
74884,3,2,262182,262182,262184,0,2,2
74885,5,2,262187,262187,262189,0,2,3
74886,3,1,262190,262190,262191,0,1,1
74887,3,2,262193,262193,262195,0,2,2
74888,4,1,262197,262197,262198,0,1,2
74889,4,1,262201,262201,262202,0,1,3
74890,3,3,262204,262204,262207,0,3,2
74891,6,3,262210,262210,262213,0,3,3
74892,1,2,262211,262213,262215,2,4,0
74893,5,3,262216,262216,262219,0,3,1
74894,4,3,262220,262220,262223,0,3,1
74895,1,3,262221,262223,262226,2,5,0
74896,5,2,262226,262226,262228,0,2,0
74897,5,2,262231,262231,262233,0,2,3
74898,4,1,262235,262235,262236,0,1,2
74899,4,3,262239,262239,262242,0,3,3
74900,5,2,262244,262244,262246,0,2,2
74901,2,3,262246,262246,262249,0,3,0
74902,5,3,262251,262251,262254,0,3,2
74903,3,2,262254,262254,262256,0,2,0
74904,5,1,262259,262259,262260,0,1,3
74905,4,2,262263,262263,262265,0,2,3
74906,3,1,262266,262266,262267,0,1,1
74907,5,3,262271,262271,262274,0,3,4
74908,4,1,262275,262275,262276,0,1,1
74909,5,2,262280,262280,262282,0,2,4
74910,2,2,262282,262282,262284,0,2,0
74911,4,2,262286,262286,262288,0,2,2
74912,4,1,262290,262290,262291,0,1,2
74913,3,3,262293,262293,262296,0,3,2
74914,4,1,262297,262297,262298,0,1,1
74915,4,3,262301,262301,262304,0,3,3
74916,2,2,262303,262304,262306,1,3,0
74917,5,3,262308,262308,262311,0,3,2
74918,6,1,262314,262314,262315,0,1,3
74919,3,2,262317,262317,262319,0,2,2
74920,5,3,262322,262322,262325,0,3,3
74921,2,3,262324,262325,262328,1,4,0
74922,6,2,262330,262330,262332,0,2,2
74923,2,3,262332,262332,262335,0,3,0
74924,1,3,262333,262335,262338,2,5,0
74925,5,1,262338,262338,262339,0,1,0
74926,2,3,262340,262340,262343,0,3,1
74927,4,2,262344,262344,262346,0,2,1
74928,1,3,262345,262346,262349,1,4,0
74929,5,1,262350,262350,262351,0,1,1
74930,2,1,262352,262352,262353,0,1,1
74931,6,3,262358,262358,262361,0,3,5
74932,6,2,262364,262364,262366,0,2,3
74933,5,2,262369,262369,262371,0,2,3
74934,4,3,262373,262373,262376,0,3,2
74935,5,2,262378,262378,262380,0,2,2
74936,1,1,262379,262380,262381,1,2,0
74937,3,1,262382,262382,262383,0,1,1
74938,2,1,262384,262384,262385,0,1,1
74939,5,3,262389,262389,262392,0,3,4
74940,3,2,262392,262392,262394,0,2,0
74941,2,1,262394,262394,262395,0,1,0
74942,4,2,262398,262398,262400,0,2,3
74943,3,2,262401,262401,262403,0,2,1
74944,6,2,262407,262407,262409,0,2,4
74945,5,1,262412,262412,262413,0,1,3
74946,6,2,262418,262418,262420,0,2,5
74947,4,1,262422,262422,262423,0,1,2
74948,4,2,262426,262426,262428,0,2,3
74949,2,2,262428,262428,262430,0,2,0
74950,1,1,262429,262430,262431,1,2,0
74951,3,1,262432,262432,262433,0,1,1
74952,1,3,262433,262433,262436,0,3,0
74953,3,1,262436,262436,262437,0,1,0
74954,5,3,262441,262441,262444,0,3,4
74955,5,1,262446,262446,262447,0,1,2
74956,2,1,262448,262448,262449,0,1,1
74957,4,3,262452,262452,262455,0,3,3
74958,3,2,262455,262455,262457,0,2,0
74959,5,2,262460,262460,262462,0,2,3
74960,5,1,262465,262465,262466,0,1,3
74961,4,3,262469,262469,262472,0,3,3
74962,3,2,262472,262472,262474,0,2,0
74963,2,2,262474,262474,262476,0,2,0
74964,4,3,262478,262478,262481,0,3,2
74965,1,3,262479,262481,262484,2,5,0
74966,2,3,262481,262484,262487,3,6,0
74967,4,3,262485,262487,262490,2,5,0
74968,4,1,262489,262490,262491,1,2,0
74969,4,3,262493,262493,262496,0,3,2
74970,2,2,262495,262496,262498,1,3,0
74971,4,2,262499,262499,262501,0,2,1
74972,6,3,262505,262505,262508,0,3,4
74973,6,2,262511,262511,262513,0,2,3
74974,2,3,262513,262513,262516,0,3,0
74975,2,3,262515,262516,262519,1,4,0
74976,2,2,262517,262519,262521,2,4,0
74977,1,1,262518,262521,262522,3,4,0
74978,6,2,262524,262524,262526,0,2,2
74979,6,1,262530,262530,262531,0,1,4
74980,1,2,262531,262531,262533,0,2,0
74981,4,1,262535,262535,262536,0,1,2
74982,6,1,262541,262541,262542,0,1,5
74983,4,2,262545,262545,262547,0,2,3
74984,1,3,262546,262547,262550,1,4,0
74985,5,2,262551,262551,262553,0,2,1
74986,6,3,262557,262557,262560,0,3,4
74987,6,1,262563,262563,262564,0,1,3
74988,3,2,262566,262566,262568,0,2,2
74989,6,3,262572,262572,262575,0,3,4
74990,1,2,262573,262575,262577,2,4,0
74991,5,2,262578,262578,262580,0,2,1
74992,6,2,262584,262584,262586,0,2,4
74993,3,2,262587,262587,262589,0,2,1
74994,5,2,262592,262592,262594,0,2,3
74995,6,3,262598,262598,262601,0,3,4
74996,3,2,262601,262601,262603,0,2,0
74997,5,1,262606,262606,262607,0,1,3
74998,2,2,262608,262608,262610,0,2,1
74999,2,1,262610,262610,262611,0,1,0
75000,3,3,262613,262613,262616,0,3,2
75001,5,3,262618,262618,262621,0,3,2
75002,4,1,262622,262622,262623,0,1,1
75003,5,2,262627,262627,262629,0,2,4
75004,5,2,262632,262632,262634,0,2,3
75005,5,3,262637,262637,262640,0,3,3
75006,5,2,262642,262642,262644,0,2,2
75007,5,2,262647,262647,262649,0,2,3
75008,6,2,262653,262653,262655,0,2,4
75009,3,3,262656,262656,262659,0,3,1
75010,3,1,262659,262659,262660,0,1,0
75011,1,3,262660,262660,262663,0,3,0
75012,1,1,262661,262663,262664,2,3,0
75013,2,2,262663,262664,262666,1,3,0
75014,3,1,262666,262666,262667,0,1,0
75015,3,2,262669,262669,262671,0,2,2
75016,5,3,262674,262674,262677,0,3,3
75017,3,1,262677,262677,262678,0,1,0
75018,3,3,262680,262680,262683,0,3,2
75019,3,1,262683,262683,262684,0,1,0
75020,6,3,262689,262689,262692,0,3,5
75021,5,1,262694,262694,262695,0,1,2
75022,4,1,262698,262698,262699,0,1,3
75023,3,2,262701,262701,262703,0,2,2
75024,5,1,262706,262706,262707,0,1,3
75025,2,2,262708,262708,262710,0,2,1
75026,6,2,262714,262714,262716,0,2,4
75027,3,1,262717,262717,262718,0,1,1
75028,5,3,262722,262722,262725,0,3,4
75029,2,1,262724,262725,262726,1,2,0
75030,1,2,262725,262726,262728,1,3,0
75031,3,1,262728,262728,262729,0,1,0
75032,1,1,262729,262729,262730,0,1,0
75033,3,3,262732,262732,262735,0,3,2
75034,2,1,262734,262735,262736,1,2,0
75035,6,3,262740,262740,262743,0,3,4
75036,2,1,262742,262743,262744,1,2,0
75037,2,3,262744,262744,262747,0,3,0
75038,4,2,262748,262748,262750,0,2,1
75039,3,3,262751,262751,262754,0,3,1
75040,5,1,262756,262756,262757,0,1,2
75041,5,3,262761,262761,262764,0,3,4
75042,4,3,262765,262765,262768,0,3,1
75043,4,1,262769,262769,262770,0,1,1
75044,4,3,262773,262773,262776,0,3,3
75045,1,3,262774,262776,262779,2,5,0
75046,3,1,262777,262779,262780,2,3,0
75047,3,3,262780,262780,262783,0,3,0
75048,3,2,262783,262783,262785,0,2,0
75049,5,2,262788,262788,262790,0,2,3
75050,5,3,262793,262793,262796,0,3,3
75051,3,2,262796,262796,262798,0,2,0
75052,3,2,262799,262799,262801,0,2,1
75053,6,3,262805,262805,262808,0,3,4
75054,1,3,262806,262808,262811,2,5,0
75055,5,1,262811,262811,262812,0,1,0
75056,4,1,262815,262815,262816,0,1,3
75057,3,3,262818,262818,262821,0,3,2
75058,5,1,262823,262823,262824,0,1,2
75059,1,2,262824,262824,262826,0,2,0
75060,1,1,262825,262826,262827,1,2,0
75061,4,2,262829,262829,262831,0,2,2
75062,2,2,262831,262831,262833,0,2,0
75063,3,3,262834,262834,262837,0,3,1
75064,2,2,262836,262837,262839,1,3,0
75065,6,2,262842,262842,262844,0,2,3
75066,1,1,262843,262844,262845,1,2,0
75067,2,3,262845,262845,262848,0,3,0
75068,1,2,262846,262848,262850,2,4,0
75069,2,2,262848,262850,262852,2,4,0
75070,4,1,262852,262852,262853,0,1,0
75071,5,1,262857,262857,262858,0,1,4
75072,5,2,262862,262862,262864,0,2,4
75073,1,2,262863,262864,262866,1,3,0
75074,4,1,262867,262867,262868,0,1,1
75075,1,3,262868,262868,262871,0,3,0
75076,2,3,262870,262871,262874,1,4,0
75077,3,3,262873,262874,262877,1,4,0
75078,2,2,262875,262877,262879,2,4,0
75079,1,1,262876,262879,262880,3,4,0
75080,4,3,262880,262880,262883,0,3,0
75081,1,2,262881,262883,262885,2,4,0
75082,4,2,262885,262885,262887,0,2,0
75083,1,3,262886,262887,262890,1,4,0
75084,3,2,262889,262890,262892,1,3,0
75085,2,2,262891,262892,262894,1,3,0
75086,6,1,262897,262897,262898,0,1,3
75087,5,1,262902,262902,262903,0,1,4
75088,3,1,262905,262905,262906,0,1,2
75089,6,1,262911,262911,262912,0,1,5
75090,6,2,262917,262917,262919,0,2,5
75091,4,3,262921,262921,262924,0,3,2
75092,3,2,262924,262924,262926,0,2,0
75093,6,3,262930,262930,262933,0,3,4
75094,2,2,262932,262933,262935,1,3,0
75095,1,3,262933,262935,262938,2,5,0
75096,5,2,262938,262938,262940,0,2,0
75097,3,3,262941,262941,262944,0,3,1
75098,2,1,262943,262944,262945,1,2,0
75099,3,3,262946,262946,262949,0,3,1
75100,4,2,262950,262950,262952,0,2,1
75101,6,1,262956,262956,262957,0,1,4
75102,6,3,262962,262962,262965,0,3,5
75103,5,1,262967,262967,262968,0,1,2
75104,6,3,262973,262973,262976,0,3,5
75105,6,2,262979,262979,262981,0,2,3
75106,6,2,262985,262985,262987,0,2,4
75107,4,1,262989,262989,262990,0,1,2
75108,4,3,262993,262993,262996,0,3,3
75109,2,1,262995,262996,262997,1,2,0
75110,6,2,263001,263001,263003,0,2,4
75111,2,1,263003,263003,263004,0,1,0
75112,3,2,263006,263006,263008,0,2,2
75113,2,2,263008,263008,263010,0,2,0
75114,4,2,263012,263012,263014,0,2,2
75115,4,2,263016,263016,263018,0,2,2
75116,4,1,263020,263020,263021,0,1,2
75117,3,1,263023,263023,263024,0,1,2
75118,4,1,263027,263027,263028,0,1,3
75119,6,3,263033,263033,263036,0,3,5
75120,2,3,263035,263036,263039,1,4,0
75121,1,1,263036,263039,263040,3,4,0
75122,2,2,263038,263040,263042,2,4,0
75123,2,1,263040,263042,263043,2,3,0
75124,5,2,263045,263045,263047,0,2,2
75125,4,2,263049,263049,263051,0,2,2
75126,1,1,263050,263051,263052,1,2,0
75127,3,2,263053,263053,263055,0,2,1
75128,2,2,263055,263055,263057,0,2,0
75129,3,1,263058,263058,263059,0,1,1
75130,2,2,263060,263060,263062,0,2,1
75131,6,2,263066,263066,263068,0,2,4
75132,2,2,263068,263068,263070,0,2,0
75133,6,3,263074,263074,263077,0,3,4
75134,5,1,263079,263079,263080,0,1,2
75135,3,2,263082,263082,263084,0,2,2
75136,4,2,263086,263086,263088,0,2,2
75137,3,1,263089,263089,263090,0,1,1
75138,3,3,263092,263092,263095,0,3,2
75139,6,2,263098,263098,263100,0,2,3
75140,1,2,263099,263100,263102,1,3,0
75141,5,2,263104,263104,263106,0,2,2
75142,2,1,263106,263106,263107,0,1,0
75143,4,3,263110,263110,263113,0,3,3
75144,1,1,263111,263113,263114,2,3,0
75145,3,1,263114,263114,263115,0,1,0
75146,1,3,263115,263115,263118,0,3,0
75147,3,1,263118,263118,263119,0,1,0
75148,3,2,263121,263121,263123,0,2,2
75149,2,3,263123,263123,263126,0,3,0
75150,5,3,263128,263128,263131,0,3,2
75151,3,1,263131,263131,263132,0,1,0
75152,1,2,263132,263132,263134,0,2,0
75153,3,1,263135,263135,263136,0,1,1
75154,3,3,263138,263138,263141,0,3,2
75155,4,2,263142,263142,263144,0,2,1
75156,2,2,263144,263144,263146,0,2,0
75157,6,3,263150,263150,263153,0,3,4
75158,6,1,263156,263156,263157,0,1,3
75159,2,1,263158,263158,263159,0,1,1
75160,3,1,263161,263161,263162,0,1,2
75161,2,3,263163,263163,263166,0,3,1
75162,4,2,263167,263167,263169,0,2,1
75163,6,3,263173,263173,263176,0,3,4
75164,2,3,263175,263176,263179,1,4,0
75165,1,1,263176,263179,263180,3,4,0
75166,4,1,263180,263180,263181,0,1,0
75167,5,3,263185,263185,263188,0,3,4
75168,1,3,263186,263188,263191,2,5,0
75169,3,2,263189,263191,263193,2,4,0
75170,4,2,263193,263193,263195,0,2,0
75171,1,3,263194,263195,263198,1,4,0
75172,5,2,263199,263199,263201,0,2,1
75173,2,3,263201,263201,263204,0,3,0
75174,3,3,263204,263204,263207,0,3,0
75175,6,3,263210,263210,263213,0,3,3
75176,4,1,263214,263214,263215,0,1,1
75177,5,2,263219,263219,263221,0,2,4
75178,2,3,263221,263221,263224,0,3,0
75179,5,2,263226,263226,263228,0,2,2
75180,4,3,263230,263230,263233,0,3,2
75181,2,1,263232,263233,263234,1,2,0
75182,2,1,263234,263234,263235,0,1,0
75183,2,3,263236,263236,263239,0,3,1
75184,2,2,263238,263239,263241,1,3,0
75185,5,2,263243,263243,263245,0,2,2
75186,5,1,263248,263248,263249,0,1,3
75187,4,1,263252,263252,263253,0,1,3
75188,1,2,263253,263253,263255,0,2,0
75189,6,2,263259,263259,263261,0,2,4
75190,3,3,263262,263262,263265,0,3,1
75191,5,3,263267,263267,263270,0,3,2
75192,2,1,263269,263270,263271,1,2,0
75193,5,1,263274,263274,263275,0,1,3
75194,5,1,263279,263279,263280,0,1,4
75195,3,1,263282,263282,263283,0,1,2
75196,6,3,263288,263288,263291,0,3,5
75197,6,2,263294,263294,263296,0,2,3
75198,2,1,263296,263296,263297,0,1,0
75199,4,3,263300,263300,263303,0,3,3
75200,5,2,263305,263305,263307,0,2,2
75201,3,2,263308,263308,263310,0,2,1
75202,3,1,263311,263311,263312,0,1,1
75203,3,2,263314,263314,263316,0,2,2
75204,6,3,263320,263320,263323,0,3,4
75205,4,3,263324,263324,263327,0,3,1
75206,3,2,263327,263327,263329,0,2,0
75207,3,2,263330,263330,263332,0,2,1
75208,1,1,263331,263332,263333,1,2,0
75209,3,3,263334,263334,263337,0,3,1
75210,5,3,263339,263339,263342,0,3,2
75211,2,3,263341,263342,263345,1,4,0
75212,3,3,263344,263345,263348,1,4,0
75213,3,1,263347,263348,263349,1,2,0
75214,5,2,263352,263352,263354,0,2,3
75215,2,2,263354,263354,263356,0,2,0
75216,2,2,263356,263356,263358,0,2,0
75217,3,1,263359,263359,263360,0,1,1
75218,5,1,263364,263364,263365,0,1,4
75219,3,2,263367,263367,263369,0,2,2
75220,1,1,263368,263369,263370,1,2,0
75221,3,1,263371,263371,263372,0,1,1
75222,1,2,263372,263372,263374,0,2,0
75223,3,3,263375,263375,263378,0,3,1
75224,1,1,263376,263378,263379,2,3,0
75225,3,3,263379,263379,263382,0,3,0
75226,3,2,263382,263382,263384,0,2,0
75227,2,3,263384,263384,263387,0,3,0
75228,4,3,263388,263388,263391,0,3,1
75229,6,1,263394,263394,263395,0,1,3
75230,4,2,263398,263398,263400,0,2,3
75231,1,3,263399,263400,263403,1,4,0
75232,1,1,263400,263403,263404,3,4,0
75233,1,1,263401,263404,263405,3,4,0
75234,5,3,263406,263406,263409,0,3,1
75235,3,3,263409,263409,263412,0,3,0
75236,5,3,263414,263414,263417,0,3,2
75237,5,2,263419,263419,263421,0,2,2
75238,2,1,263421,263421,263422,0,1,0
75239,3,1,263424,263424,263425,0,1,2
75240,2,1,263426,263426,263427,0,1,1
75241,3,2,263429,263429,263431,0,2,2
75242,2,3,263431,263431,263434,0,3,0
75243,4,2,263435,263435,263437,0,2,1
75244,2,1,263437,263437,263438,0,1,0
75245,4,3,263441,263441,263444,0,3,3
75246,3,1,263444,263444,263445,0,1,0
75247,4,3,263448,263448,263451,0,3,3
75248,4,3,263452,263452,263455,0,3,1
75249,1,2,263453,263455,263457,2,4,0
75250,4,1,263457,263457,263458,0,1,0
75251,3,2,263460,263460,263462,0,2,2
75252,5,1,263465,263465,263466,0,1,3
75253,1,3,263466,263466,263469,0,3,0
75254,6,2,263472,263472,263474,0,2,3
75255,1,2,263473,263474,263476,1,3,0
75256,6,2,263479,263479,263481,0,2,3
75257,6,3,263485,263485,263488,0,3,4
75258,4,1,263489,263489,263490,0,1,1
75259,4,1,263493,263493,263494,0,1,3
75260,1,2,263494,263494,263496,0,2,0
75261,1,2,263495,263496,263498,1,3,0
75262,3,2,263498,263498,263500,0,2,0
75263,5,1,263503,263503,263504,0,1,3
75264,3,1,263506,263506,263507,0,1,2
75265,5,3,263511,263511,263514,0,3,4
75266,3,3,263514,263514,263517,0,3,0
75267,1,1,263515,263517,263518,2,3,0
75268,5,3,263520,263520,263523,0,3,2
75269,2,3,263522,263523,263526,1,4,0
75270,6,2,263528,263528,263530,0,2,2
75271,4,1,263532,263532,263533,0,1,2
75272,3,1,263535,263535,263536,0,1,2
75273,1,3,263536,263536,263539,0,3,0
75274,6,2,263542,263542,263544,0,2,3
75275,6,3,263548,263548,263551,0,3,4
75276,6,1,263554,263554,263555,0,1,3
75277,4,2,263558,263558,263560,0,2,3
75278,4,1,263562,263562,263563,0,1,2
75279,5,2,263567,263567,263569,0,2,4
75280,5,3,263572,263572,263575,0,3,3
75281,4,3,263576,263576,263579,0,3,1
75282,1,2,263577,263579,263581,2,4,0
75283,1,3,263578,263581,263584,3,6,0
75284,2,3,263580,263584,263587,4,7,0
75285,5,3,263585,263587,263590,2,5,0
75286,6,2,263591,263591,263593,0,2,1
75287,1,3,263592,263593,263596,1,4,0
75288,3,2,263595,263596,263598,1,3,0
75289,5,1,263600,263600,263601,0,1,2
75290,3,1,263603,263603,263604,0,1,2
75291,6,2,263609,263609,263611,0,2,5
75292,3,1,263612,263612,263613,0,1,1
75293,1,3,263613,263613,263616,0,3,0
75294,1,3,263614,263616,263619,2,5,0
75295,3,2,263617,263619,263621,2,4,0
75296,6,2,263623,263623,263625,0,2,2
75297,1,2,263624,263625,263627,1,3,0
75298,3,3,263627,263627,263630,0,3,0
75299,6,1,263633,263633,263634,0,1,3
75300,3,3,263636,263636,263639,0,3,2
75301,5,1,263641,263641,263642,0,1,2
75302,2,1,263643,263643,263644,0,1,1
75303,2,3,263645,263645,263648,0,3,1
75304,4,3,263649,263649,263652,0,3,1
75305,6,3,263655,263655,263658,0,3,3
75306,4,3,263659,263659,263662,0,3,1
75307,6,1,263665,263665,263666,0,1,3
75308,4,2,263669,263669,263671,0,2,3
75309,1,2,263670,263671,263673,1,3,0
75310,5,1,263675,263675,263676,0,1,2
75311,2,1,263677,263677,263678,0,1,1
75312,6,2,263683,263683,263685,0,2,5
75313,4,3,263687,263687,263690,0,3,2
75314,6,3,263693,263693,263696,0,3,3
75315,4,3,263697,263697,263700,0,3,1
75316,2,2,263699,263700,263702,1,3,0
75317,3,1,263702,263702,263703,0,1,0
75318,2,1,263704,263704,263705,0,1,1
75319,4,3,263708,263708,263711,0,3,3
75320,6,2,263714,263714,263716,0,2,3
75321,1,1,263715,263716,263717,1,2,0
75322,6,3,263721,263721,263724,0,3,4
75323,5,2,263726,263726,263728,0,2,2
75324,4,1,263730,263730,263731,0,1,2
75325,6,2,263736,263736,263738,0,2,5
75326,6,2,263742,263742,263744,0,2,4
75327,1,3,263743,263744,263747,1,4,0
75328,2,2,263745,263747,263749,2,4,0
75329,1,2,263746,263749,263751,3,5,0
75330,4,1,263750,263751,263752,1,2,0
75331,6,2,263756,263756,263758,0,2,4
75332,5,2,263761,263761,263763,0,2,3
75333,2,2,263763,263763,263765,0,2,0
75334,2,1,263765,263765,263766,0,1,0
75335,5,2,263770,263770,263772,0,2,4
75336,1,2,263771,263772,263774,1,3,0
75337,2,1,263773,263774,263775,1,2,0
75338,2,2,263775,263775,263777,0,2,0
75339,4,3,263779,263779,263782,0,3,2
75340,4,1,263783,263783,263784,0,1,1
75341,4,3,263787,263787,263790,0,3,3
75342,5,3,263792,263792,263795,0,3,2
75343,6,1,263798,263798,263799,0,1,3
75344,5,1,263803,263803,263804,0,1,4
75345,6,1,263809,263809,263810,0,1,5
75346,2,1,263811,263811,263812,0,1,1
75347,3,1,263814,263814,263815,0,1,2
75348,4,3,263818,263818,263821,0,3,3
75349,2,2,263820,263821,263823,1,3,0
75350,5,2,263825,263825,263827,0,2,2
75351,2,2,263827,263827,263829,0,2,0
75352,2,3,263829,263829,263832,0,3,0
75353,3,3,263832,263832,263835,0,3,0
75354,5,3,263837,263837,263840,0,3,2
75355,3,1,263840,263840,263841,0,1,0
75356,6,3,263846,263846,263849,0,3,5
75357,1,2,263847,263849,263851,2,4,0
75358,5,2,263852,263852,263854,0,2,1
75359,1,2,263853,263854,263856,1,3,0
75360,2,2,263855,263856,263858,1,3,0
75361,1,2,263856,263858,263860,2,4,0
75362,1,3,263857,263860,263863,3,6,0
75363,5,1,263862,263863,263864,1,2,0
75364,5,1,263867,263867,263868,0,1,3
75365,4,2,263871,263871,263873,0,2,3
75366,6,2,263877,263877,263879,0,2,4
75367,4,1,263881,263881,263882,0,1,2
75368,1,3,263882,263882,263885,0,3,0
75369,3,1,263885,263885,263886,0,1,0
75370,4,2,263889,263889,263891,0,2,3
75371,2,3,263891,263891,263894,0,3,0
75372,1,1,263892,263894,263895,2,3,0
75373,5,1,263897,263897,263898,0,1,2
75374,6,3,263903,263903,263906,0,3,5
75375,4,1,263907,263907,263908,0,1,1
75376,3,1,263910,263910,263911,0,1,2
75377,4,3,263914,263914,263917,0,3,3
75378,3,3,263917,263917,263920,0,3,0
75379,3,3,263920,263920,263923,0,3,0
75380,6,3,263926,263926,263929,0,3,3
75381,4,2,263930,263930,263932,0,2,1
75382,3,1,263933,263933,263934,0,1,1
75383,6,3,263939,263939,263942,0,3,5
75384,5,1,263944,263944,263945,0,1,2
75385,4,1,263948,263948,263949,0,1,3
75386,3,3,263951,263951,263954,0,3,2
75387,5,2,263956,263956,263958,0,2,2
75388,3,1,263959,263959,263960,0,1,1
75389,4,3,263963,263963,263966,0,3,3
75390,5,3,263968,263968,263971,0,3,2
75391,5,1,263973,263973,263974,0,1,2
75392,4,2,263977,263977,263979,0,2,3
75393,1,1,263978,263979,263980,1,2,0
75394,2,3,263980,263980,263983,0,3,0
75395,6,1,263986,263986,263987,0,1,3
75396,4,2,263990,263990,263992,0,2,3
75397,5,2,263995,263995,263997,0,2,3
75398,1,2,263996,263997,263999,1,3,0
75399,6,2,264002,264002,264004,0,2,3
75400,2,1,264004,264004,264005,0,1,0
75401,5,2,264009,264009,264011,0,2,4
75402,4,2,264013,264013,264015,0,2,2
75403,4,2,264017,264017,264019,0,2,2
75404,3,1,264020,264020,264021,0,1,1
75405,4,2,264024,264024,264026,0,2,3
75406,4,3,264028,264028,264031,0,3,2
75407,3,1,264031,264031,264032,0,1,0
75408,1,3,264032,264032,264035,0,3,0
75409,2,1,264034,264035,264036,1,2,0
75410,4,3,264038,264038,264041,0,3,2
75411,5,2,264043,264043,264045,0,2,2
75412,3,1,264046,264046,264047,0,1,1
75413,4,1,264050,264050,264051,0,1,3
75414,3,2,264053,264053,264055,0,2,2
75415,3,3,264056,264056,264059,0,3,1
75416,6,2,264062,264062,264064,0,2,3
75417,1,3,264063,264064,264067,1,4,0
75418,5,1,264068,264068,264069,0,1,1
75419,6,2,264074,264074,264076,0,2,5
75420,3,1,264077,264077,264078,0,1,1
75421,6,2,264083,264083,264085,0,2,5
75422,3,1,264086,264086,264087,0,1,1
75423,5,3,264091,264091,264094,0,3,4
75424,3,3,264094,264094,264097,0,3,0
75425,6,1,264100,264100,264101,0,1,3
75426,1,1,264101,264101,264102,0,1,0
75427,2,1,264103,264103,264104,0,1,1
75428,1,1,264104,264104,264105,0,1,0
75429,1,2,264105,264105,264107,0,2,0
75430,2,1,264107,264107,264108,0,1,0
75431,3,1,264110,264110,264111,0,1,2
75432,3,1,264113,264113,264114,0,1,2
75433,6,1,264119,264119,264120,0,1,5
75434,1,3,264120,264120,264123,0,3,0
75435,1,1,264121,264123,264124,2,3,0
75436,2,3,264123,264124,264127,1,4,0
75437,2,2,264125,264127,264129,2,4,0
75438,2,3,264127,264129,264132,2,5,0
75439,3,2,264130,264132,264134,2,4,0
75440,2,2,264132,264134,264136,2,4,0
75441,5,3,264137,264137,264140,0,3,1
75442,3,3,264140,264140,264143,0,3,0
75443,6,3,264146,264146,264149,0,3,3
75444,4,3,264150,264150,264153,0,3,1
75445,4,2,264154,264154,264156,0,2,1
75446,6,3,264160,264160,264163,0,3,4
75447,2,2,264162,264163,264165,1,3,0
75448,2,1,264164,264165,264166,1,2,0
75449,4,2,264168,264168,264170,0,2,2
75450,4,1,264172,264172,264173,0,1,2
75451,4,1,264176,264176,264177,0,1,3
75452,1,3,264177,264177,264180,0,3,0
75453,6,1,264183,264183,264184,0,1,3
75454,5,3,264188,264188,264191,0,3,4
75455,4,2,264192,264192,264194,0,2,1
75456,3,2,264195,264195,264197,0,2,1
75457,2,2,264197,264197,264199,0,2,0
75458,1,1,264198,264199,264200,1,2,0
75459,6,3,264204,264204,264207,0,3,4
75460,5,1,264209,264209,264210,0,1,2
75461,2,1,264211,264211,264212,0,1,1
75462,5,2,264216,264216,264218,0,2,4
75463,1,2,264217,264218,264220,1,3,0
75464,4,3,264221,264221,264224,0,3,1
75465,2,1,264223,264224,264225,1,2,0
75466,5,1,264228,264228,264229,0,1,3
75467,2,1,264230,264230,264231,0,1,1
75468,6,1,264236,264236,264237,0,1,5
75469,4,1,264240,264240,264241,0,1,3
75470,2,1,264242,264242,264243,0,1,1
75471,4,1,264246,264246,264247,0,1,3
75472,4,2,264250,264250,264252,0,2,3
75473,5,1,264255,264255,264256,0,1,3
75474,1,1,264256,264256,264257,0,1,0
75475,5,1,264261,264261,264262,0,1,4
75476,6,2,264267,264267,264269,0,2,5
75477,2,2,264269,264269,264271,0,2,0
75478,2,2,264271,264271,264273,0,2,0
75479,3,3,264274,264274,264277,0,3,1
75480,2,3,264276,264277,264280,1,4,0
75481,2,3,264278,264280,264283,2,5,0
75482,2,3,264280,264283,264286,3,6,0
75483,6,3,264286,264286,264289,0,3,0
75484,4,3,264290,264290,264293,0,3,1
75485,6,3,264296,264296,264299,0,3,3
75486,1,1,264297,264299,264300,2,3,0
75487,3,1,264300,264300,264301,0,1,0
75488,4,2,264304,264304,264306,0,2,3
75489,1,2,264305,264306,264308,1,3,0
75490,1,1,264306,264308,264309,2,3,0
75491,2,2,264308,264309,264311,1,3,0
75492,2,2,264310,264311,264313,1,3,0
75493,1,2,264311,264313,264315,2,4,0
75494,5,2,264316,264316,264318,0,2,1
75495,3,1,264319,264319,264320,0,1,1
75496,6,3,264325,264325,264328,0,3,5
75497,6,3,264331,264331,264334,0,3,3
75498,1,2,264332,264334,264336,2,4,0
75499,4,2,264336,264336,264338,0,2,0
75500,6,3,264342,264342,264345,0,3,4
75501,4,1,264346,264346,264347,0,1,1
75502,3,2,264349,264349,264351,0,2,2
75503,3,2,264352,264352,264354,0,2,1
75504,6,3,264358,264358,264361,0,3,4
75505,1,2,264359,264361,264363,2,4,0
75506,5,3,264364,264364,264367,0,3,1
75507,5,1,264369,264369,264370,0,1,2
75508,5,2,264374,264374,264376,0,2,4
75509,5,3,264379,264379,264382,0,3,3
75510,6,2,264385,264385,264387,0,2,3
75511,2,2,264387,264387,264389,0,2,0
75512,6,2,264393,264393,264395,0,2,4
75513,3,3,264396,264396,264399,0,3,1
75514,4,2,264400,264400,264402,0,2,1
75515,1,3,264401,264402,264405,1,4,0
75516,5,2,264406,264406,264408,0,2,1
75517,6,1,264412,264412,264413,0,1,4
75518,4,2,264416,264416,264418,0,2,3
75519,2,2,264418,264418,264420,0,2,0
75520,1,3,264419,264420,264423,1,4,0
75521,2,2,264421,264423,264425,2,4,0
75522,2,1,264423,264425,264426,2,3,0
75523,6,1,264429,264429,264430,0,1,3
75524,5,1,264434,264434,264435,0,1,4
75525,2,1,264436,264436,264437,0,1,1
75526,1,3,264437,264437,264440,0,3,0
75527,3,1,264440,264440,264441,0,1,0
75528,4,3,264444,264444,264447,0,3,3
75529,4,2,264448,264448,264450,0,2,1
75530,5,3,264453,264453,264456,0,3,3
75531,1,1,264454,264456,264457,2,3,0
75532,5,1,264459,264459,264460,0,1,2
75533,4,1,264463,264463,264464,0,1,3
75534,4,2,264467,264467,264469,0,2,3
75535,1,1,264468,264469,264470,1,2,0
75536,3,3,264471,264471,264474,0,3,1
75537,5,2,264476,264476,264478,0,2,2
75538,5,1,264481,264481,264482,0,1,3
75539,6,2,264487,264487,264489,0,2,5
75540,2,3,264489,264489,264492,0,3,0
75541,4,1,264493,264493,264494,0,1,1
75542,2,1,264495,264495,264496,0,1,1
75543,2,3,264497,264497,264500,0,3,1
75544,5,2,264502,264502,264504,0,2,2
75545,1,1,264503,264504,264505,1,2,0
75546,5,3,264508,264508,264511,0,3,3
75547,1,1,264509,264511,264512,2,3,0
75548,6,3,264515,264515,264518,0,3,3
75549,4,2,264519,264519,264521,0,2,1
75550,6,1,264525,264525,264526,0,1,4
75551,2,1,264527,264527,264528,0,1,1
75552,1,2,264528,264528,264530,0,2,0
75553,2,2,264530,264530,264532,0,2,0
75554,6,2,264536,264536,264538,0,2,4
75555,6,2,264542,264542,264544,0,2,4
75556,6,3,264548,264548,264551,0,3,4
75557,1,3,264549,264551,264554,2,5,0
75558,3,3,264552,264554,264557,2,5,0
75559,2,1,264554,264557,264558,3,4,0
75560,5,2,264559,264559,264561,0,2,1
75561,4,1,264563,264563,264564,0,1,2
75562,6,3,264569,264569,264572,0,3,5
75563,4,3,264573,264573,264576,0,3,1
75564,6,1,264579,264579,264580,0,1,3
75565,6,3,264585,264585,264588,0,3,5
75566,3,2,264588,264588,264590,0,2,0
75567,2,1,264590,264590,264591,0,1,0
75568,5,1,264595,264595,264596,0,1,4
75569,2,1,264597,264597,264598,0,1,1
75570,5,3,264602,264602,264605,0,3,4
75571,5,1,264607,264607,264608,0,1,2
75572,2,3,264609,264609,264612,0,3,1
75573,3,2,264612,264612,264614,0,2,0
75574,4,3,264616,264616,264619,0,3,2
75575,3,1,264619,264619,264620,0,1,0
75576,2,1,264621,264621,264622,0,1,1
75577,5,2,264626,264626,264628,0,2,4
75578,1,1,264627,264628,264629,1,2,0
75579,6,3,264633,264633,264636,0,3,4
75580,6,1,264639,264639,264640,0,1,3
75581,1,3,264640,264640,264643,0,3,0
75582,2,2,264642,264643,264645,1,3,0
75583,2,2,264644,264645,264647,1,3,0
75584,1,1,264645,264647,264648,2,3,0
75585,3,3,264648,264648,264651,0,3,0
75586,3,2,264651,264651,264653,0,2,0
75587,5,2,264656,264656,264658,0,2,3
75588,4,3,264660,264660,264663,0,3,2
75589,5,1,264665,264665,264666,0,1,2
75590,3,3,264668,264668,264671,0,3,2
75591,5,3,264673,264673,264676,0,3,2
75592,4,2,264677,264677,264679,0,2,1
75593,6,1,264683,264683,264684,0,1,4
75594,1,3,264684,264684,264687,0,3,0
75595,3,1,264687,264687,264688,0,1,0
75596,2,2,264689,264689,264691,0,2,1
75597,6,2,264695,264695,264697,0,2,4
75598,2,1,264697,264697,264698,0,1,0
75599,2,1,264699,264699,264700,0,1,1
75600,2,2,264701,264701,264703,0,2,1
75601,5,1,264706,264706,264707,0,1,3
75602,2,2,264708,264708,264710,0,2,1
75603,3,3,264711,264711,264714,0,3,1
75604,1,1,264712,264714,264715,2,3,0
75605,5,1,264717,264717,264718,0,1,2
75606,2,3,264719,264719,264722,0,3,1
75607,6,2,264725,264725,264727,0,2,3
75608,3,2,264728,264728,264730,0,2,1
75609,6,2,264734,264734,264736,0,2,4
75610,1,2,264735,264736,264738,1,3,0
75611,2,3,264737,264738,264741,1,4,0
75612,3,3,264740,264741,264744,1,4,0
75613,3,3,264743,264744,264747,1,4,0
75614,6,1,264749,264749,264750,0,1,2
75615,1,1,264750,264750,264751,0,1,0
75616,1,3,264751,264751,264754,0,3,0
75617,4,1,264755,264755,264756,0,1,1
75618,6,1,264761,264761,264762,0,1,5
75619,2,3,264763,264763,264766,0,3,1
75620,2,1,264765,264766,264767,1,2,0
75621,1,1,264766,264767,264768,1,2,0
75622,3,1,264769,264769,264770,0,1,1
75623,6,1,264775,264775,264776,0,1,5
75624,6,3,264781,264781,264784,0,3,5
75625,4,1,264785,264785,264786,0,1,1
75626,3,2,264788,264788,264790,0,2,2
75627,2,3,264790,264790,264793,0,3,0
75628,1,1,264791,264793,264794,2,3,0
75629,5,3,264796,264796,264799,0,3,2
75630,5,2,264801,264801,264803,0,2,2
75631,6,3,264807,264807,264810,0,3,4
75632,1,1,264808,264810,264811,2,3,0
75633,4,2,264812,264812,264814,0,2,1
75634,6,3,264818,264818,264821,0,3,4
75635,2,1,264820,264821,264822,1,2,0
75636,6,1,264826,264826,264827,0,1,4
75637,1,2,264827,264827,264829,0,2,0
75638,2,3,264829,264829,264832,0,3,0
75639,5,2,264834,264834,264836,0,2,2
75640,1,2,264835,264836,264838,1,3,0
75641,6,1,264841,264841,264842,0,1,3
75642,4,1,264845,264845,264846,0,1,3
75643,2,2,264847,264847,264849,0,2,1
75644,3,2,264850,264850,264852,0,2,1
75645,4,2,264854,264854,264856,0,2,2
75646,2,2,264856,264856,264858,0,2,0
75647,6,3,264862,264862,264865,0,3,4
75648,3,2,264865,264865,264867,0,2,0
75649,1,2,264866,264867,264869,1,3,0
75650,1,3,264867,264869,264872,2,5,0
75651,4,3,264871,264872,264875,1,4,0
75652,4,1,264875,264875,264876,0,1,0
75653,2,1,264877,264877,264878,0,1,1
75654,5,2,264882,264882,264884,0,2,4
75655,4,1,264886,264886,264887,0,1,2
75656,1,1,264887,264887,264888,0,1,0
75657,2,1,264889,264889,264890,0,1,1
75658,2,2,264891,264891,264893,0,2,1
75659,6,1,264897,264897,264898,0,1,4
75660,5,1,264902,264902,264903,0,1,4
75661,2,3,264904,264904,264907,0,3,1
75662,5,1,264909,264909,264910,0,1,2
75663,6,3,264915,264915,264918,0,3,5
75664,4,2,264919,264919,264921,0,2,1
75665,1,3,264920,264921,264924,1,4,0
75666,5,1,264925,264925,264926,0,1,1
75667,5,1,264930,264930,264931,0,1,4
75668,5,2,264935,264935,264937,0,2,4
75669,5,3,264940,264940,264943,0,3,3
75670,3,1,264943,264943,264944,0,1,0
75671,4,1,264947,264947,264948,0,1,3
75672,2,3,264949,264949,264952,0,3,1
75673,2,2,264951,264952,264954,1,3,0
75674,2,1,264953,264954,264955,1,2,0
75675,5,2,264958,264958,264960,0,2,3
75676,4,1,264962,264962,264963,0,1,2
75677,3,3,264965,264965,264968,0,3,2
75678,3,3,264968,264968,264971,0,3,0
75679,6,1,264974,264974,264975,0,1,3
75680,6,1,264980,264980,264981,0,1,5
75681,2,3,264982,264982,264985,0,3,1
75682,3,3,264985,264985,264988,0,3,0
75683,5,2,264990,264990,264992,0,2,2
75684,3,3,264993,264993,264996,0,3,1
75685,5,1,264998,264998,264999,0,1,2
75686,3,1,265001,265001,265002,0,1,2
75687,6,2,265007,265007,265009,0,2,5
75688,3,3,265010,265010,265013,0,3,1
75689,3,1,265013,265013,265014,0,1,0
75690,5,1,265018,265018,265019,0,1,4
75691,4,2,265022,265022,265024,0,2,3
75692,4,2,265026,265026,265028,0,2,2
75693,5,2,265031,265031,265033,0,2,3
75694,6,3,265037,265037,265040,0,3,4
75695,2,3,265039,265040,265043,1,4,0
75696,4,2,265043,265043,265045,0,2,0
75697,4,2,265047,265047,265049,0,2,2
75698,6,1,265053,265053,265054,0,1,4
75699,5,1,265058,265058,265059,0,1,4
75700,5,2,265063,265063,265065,0,2,4
75701,1,2,265064,265065,265067,1,3,0
75702,1,2,265065,265067,265069,2,4,0
75703,1,2,265066,265069,265071,3,5,0
75704,3,3,265069,265071,265074,2,5,0
75705,1,2,265070,265074,265076,4,6,0
75706,2,1,265072,265076,265077,4,5,0
75707,4,1,265076,265077,265078,1,2,0
75708,5,3,265081,265081,265084,0,3,3
75709,1,1,265082,265084,265085,2,3,0
75710,1,1,265083,265085,265086,2,3,0
75711,1,3,265084,265086,265089,2,5,0
75712,2,3,265086,265089,265092,3,6,0
75713,5,3,265091,265092,265095,1,4,0
75714,6,3,265097,265097,265100,0,3,2
75715,4,3,265101,265101,265104,0,3,1
75716,2,1,265103,265104,265105,1,2,0
75717,2,3,265105,265105,265108,0,3,0
75718,3,1,265108,265108,265109,0,1,0
75719,3,2,265111,265111,265113,0,2,2
75720,1,2,265112,265113,265115,1,3,0
75721,2,2,265114,265115,265117,1,3,0
75722,2,3,265116,265117,265120,1,4,0
75723,3,2,265119,265120,265122,1,3,0
75724,5,3,265124,265124,265127,0,3,2
75725,2,1,265126,265127,265128,1,2,0
75726,5,2,265131,265131,265133,0,2,3
75727,1,3,265132,265133,265136,1,4,0
75728,1,1,265133,265136,265137,3,4,0
75729,5,3,265138,265138,265141,0,3,1
75730,5,1,265143,265143,265144,0,1,2
75731,4,3,265147,265147,265150,0,3,3
75732,4,2,265151,265151,265153,0,2,1
75733,4,2,265155,265155,265157,0,2,2
75734,6,3,265161,265161,265164,0,3,4
75735,3,1,265164,265164,265165,0,1,0
75736,6,1,265170,265170,265171,0,1,5
75737,3,3,265173,265173,265176,0,3,2
75738,4,2,265177,265177,265179,0,2,1
75739,3,1,265180,265180,265181,0,1,1
75740,3,3,265183,265183,265186,0,3,2
75741,2,1,265185,265186,265187,1,2,0
75742,5,3,265190,265190,265193,0,3,3
75743,3,2,265193,265193,265195,0,2,0
75744,3,3,265196,265196,265199,0,3,1
75745,5,2,265201,265201,265203,0,2,2
75746,4,2,265205,265205,265207,0,2,2
75747,4,1,265209,265209,265210,0,1,2
75748,4,2,265213,265213,265215,0,2,3
75749,5,1,265218,265218,265219,0,1,3
75750,5,1,265223,265223,265224,0,1,4
75751,4,1,265227,265227,265228,0,1,3
75752,4,2,265231,265231,265233,0,2,3
75753,1,3,265232,265233,265236,1,4,0
75754,2,1,265234,265236,265237,2,3,0
75755,3,2,265237,265237,265239,0,2,0
75756,2,2,265239,265239,265241,0,2,0
75757,1,1,265240,265241,265242,1,2,0
75758,1,1,265241,265242,265243,1,2,0
75759,2,2,265243,265243,265245,0,2,0
75760,5,2,265248,265248,265250,0,2,3
75761,3,2,265251,265251,265253,0,2,1
75762,4,3,265255,265255,265258,0,3,2
75763,3,1,265258,265258,265259,0,1,0
75764,4,1,265262,265262,265263,0,1,3
75765,4,1,265266,265266,265267,0,1,3
75766,2,1,265268,265268,265269,0,1,1
75767,3,3,265271,265271,265274,0,3,2
75768,2,2,265273,265274,265276,1,3,0
75769,4,2,265277,265277,265279,0,2,1
75770,1,2,265278,265279,265281,1,3,0
75771,6,1,265284,265284,265285,0,1,3
75772,1,2,265285,265285,265287,0,2,0
75773,6,1,265291,265291,265292,0,1,4
75774,3,3,265294,265294,265297,0,3,2
75775,1,3,265295,265297,265300,2,5,0
75776,2,1,265297,265300,265301,3,4,0
75777,6,1,265303,265303,265304,0,1,2
75778,6,3,265309,265309,265312,0,3,5
75779,3,2,265312,265312,265314,0,2,0
75780,2,3,265314,265314,265317,0,3,0
75781,1,3,265315,265317,265320,2,5,0
75782,4,2,265319,265320,265322,1,3,0
75783,4,1,265323,265323,265324,0,1,1
75784,3,2,265326,265326,265328,0,2,2
75785,2,3,265328,265328,265331,0,3,0
75786,1,3,265329,265331,265334,2,5,0
75787,1,1,265330,265334,265335,4,5,0
75788,4,1,265334,265335,265336,1,2,0
75789,3,2,265337,265337,265339,0,2,1
75790,3,1,265340,265340,265341,0,1,1
75791,2,2,265342,265342,265344,0,2,1
75792,6,3,265348,265348,265351,0,3,4
75793,6,1,265354,265354,265355,0,1,3
75794,6,3,265360,265360,265363,0,3,5
75795,2,3,265362,265363,265366,1,4,0
75796,5,3,265367,265367,265370,0,3,1
75797,6,1,265373,265373,265374,0,1,3
75798,4,3,265377,265377,265380,0,3,3
75799,5,3,265382,265382,265385,0,3,2
75800,6,1,265388,265388,265389,0,1,3
75801,4,3,265392,265392,265395,0,3,3
75802,4,3,265396,265396,265399,0,3,1
75803,3,3,265399,265399,265402,0,3,0
75804,4,1,265403,265403,265404,0,1,1
75805,1,1,265404,265404,265405,0,1,0
75806,5,1,265409,265409,265410,0,1,4
75807,4,1,265413,265413,265414,0,1,3
75808,4,2,265417,265417,265419,0,2,3
75809,4,1,265421,265421,265422,0,1,2
75810,5,3,265426,265426,265429,0,3,4
75811,2,2,265428,265429,265431,1,3,0
75812,1,2,265429,265431,265433,2,4,0
75813,3,3,265432,265433,265436,1,4,0
75814,2,3,265434,265436,265439,2,5,0
75815,1,1,265435,265439,265440,4,5,0
75816,1,3,265436,265440,265443,4,7,0
75817,1,3,265437,265443,265446,6,9,0
75818,6,1,265443,265446,265447,3,4,0
75819,2,1,265445,265447,265448,2,3,0
75820,4,2,265449,265449,265451,0,2,1
75821,1,1,265450,265451,265452,1,2,0
75822,1,3,265451,265452,265455,1,4,0
75823,2,1,265453,265455,265456,2,3,0
75824,2,1,265455,265456,265457,1,2,0
75825,5,2,265460,265460,265462,0,2,3
75826,2,2,265462,265462,265464,0,2,0
75827,1,3,265463,265464,265467,1,4,0
75828,6,3,265469,265469,265472,0,3,2
75829,2,3,265471,265472,265475,1,4,0
75830,1,3,265472,265475,265478,3,6,0
75831,2,1,265474,265478,265479,4,5,0
75832,1,2,265475,265479,265481,4,6,0
75833,4,2,265479,265481,265483,2,4,0
75834,2,1,265481,265483,265484,2,3,0
75835,3,2,265484,265484,265486,0,2,0
75836,2,1,265486,265486,265487,0,1,0
75837,1,3,265487,265487,265490,0,3,0
75838,1,1,265488,265490,265491,2,3,0
75839,3,3,265491,265491,265494,0,3,0
75840,6,1,265497,265497,265498,0,1,3
75841,3,3,265500,265500,265503,0,3,2
75842,4,1,265504,265504,265505,0,1,1
75843,5,2,265509,265509,265511,0,2,4
75844,2,3,265511,265511,265514,0,3,0
75845,1,3,265512,265514,265517,2,5,0
75846,2,3,265514,265517,265520,3,6,0
75847,1,3,265515,265520,265523,5,8,0
75848,5,1,265520,265523,265524,3,4,0
75849,4,1,265524,265524,265525,0,1,0
75850,5,1,265529,265529,265530,0,1,4
75851,5,3,265534,265534,265537,0,3,4
75852,2,2,265536,265537,265539,1,3,0
75853,6,1,265542,265542,265543,0,1,3
75854,5,3,265547,265547,265550,0,3,4
75855,2,2,265549,265550,265552,1,3,0
75856,4,1,265553,265553,265554,0,1,1
75857,2,3,265555,265555,265558,0,3,1
75858,3,3,265558,265558,265561,0,3,0
75859,4,1,265562,265562,265563,0,1,1
75860,4,2,265566,265566,265568,0,2,3
75861,1,1,265567,265568,265569,1,2,0
75862,1,3,265568,265569,265572,1,4,0
75863,6,2,265574,265574,265576,0,2,2
75864,3,3,265577,265577,265580,0,3,1
75865,5,2,265582,265582,265584,0,2,2
75866,3,3,265585,265585,265588,0,3,1
75867,5,1,265590,265590,265591,0,1,2
75868,1,2,265591,265591,265593,0,2,0
75869,3,1,265594,265594,265595,0,1,1
75870,5,2,265599,265599,265601,0,2,4
75871,2,2,265601,265601,265603,0,2,0
75872,4,2,265605,265605,265607,0,2,2
75873,1,1,265606,265607,265608,1,2,0
75874,2,3,265608,265608,265611,0,3,0
75875,5,2,265613,265613,265615,0,2,2
75876,5,1,265618,265618,265619,0,1,3
75877,4,2,265622,265622,265624,0,2,3
75878,4,1,265626,265626,265627,0,1,2
75879,4,3,265630,265630,265633,0,3,3
75880,2,1,265632,265633,265634,1,2,0
75881,5,3,265637,265637,265640,0,3,3
75882,1,1,265638,265640,265641,2,3,0
75883,5,2,265643,265643,265645,0,2,2
75884,4,1,265647,265647,265648,0,1,2
75885,3,3,265650,265650,265653,0,3,2
75886,1,3,265651,265653,265656,2,5,0
75887,4,1,265655,265656,265657,1,2,0
75888,6,3,265661,265661,265664,0,3,4
75889,3,3,265664,265664,265667,0,3,0
75890,4,2,265668,265668,265670,0,2,1
75891,6,3,265674,265674,265677,0,3,4
75892,2,1,265676,265677,265678,1,2,0
75893,2,3,265678,265678,265681,0,3,0
75894,4,2,265682,265682,265684,0,2,1
75895,1,2,265683,265684,265686,1,3,0
75896,3,1,265686,265686,265687,0,1,0
75897,4,3,265690,265690,265693,0,3,3
75898,6,3,265696,265696,265699,0,3,3
75899,1,2,265697,265699,265701,2,4,0
75900,6,3,265703,265703,265706,0,3,2
75901,5,3,265708,265708,265711,0,3,2
75902,4,1,265712,265712,265713,0,1,1
75903,3,2,265715,265715,265717,0,2,2
75904,6,3,265721,265721,265724,0,3,4
75905,4,2,265725,265725,265727,0,2,1
75906,5,3,265730,265730,265733,0,3,3
75907,6,1,265736,265736,265737,0,1,3
75908,2,2,265738,265738,265740,0,2,1
75909,3,1,265741,265741,265742,0,1,1
75910,3,1,265744,265744,265745,0,1,2
75911,2,2,265746,265746,265748,0,2,1
75912,1,2,265747,265748,265750,1,3,0
75913,4,2,265751,265751,265753,0,2,1
75914,2,3,265753,265753,265756,0,3,0
75915,6,3,265759,265759,265762,0,3,3
75916,1,1,265760,265762,265763,2,3,0
75917,2,2,265762,265763,265765,1,3,0
75918,5,3,265767,265767,265770,0,3,2
75919,1,3,265768,265770,265773,2,5,0
75920,1,2,265769,265773,265775,4,6,0
75921,4,1,265773,265775,265776,2,3,0
75922,1,2,265774,265776,265778,2,4,0
75923,3,3,265777,265778,265781,1,4,0
75924,6,3,265783,265783,265786,0,3,2
75925,1,3,265784,265786,265789,2,5,0
75926,6,2,265790,265790,265792,0,2,1
75927,1,2,265791,265792,265794,1,3,0
75928,3,2,265794,265794,265796,0,2,0
75929,1,1,265795,265796,265797,1,2,0
75930,2,3,265797,265797,265800,0,3,0
75931,4,2,265801,265801,265803,0,2,1
75932,3,3,265804,265804,265807,0,3,1
75933,3,1,265807,265807,265808,0,1,0
75934,4,3,265811,265811,265814,0,3,3
75935,2,1,265813,265814,265815,1,2,0
75936,2,3,265815,265815,265818,0,3,0
75937,3,2,265818,265818,265820,0,2,0
75938,2,2,265820,265820,265822,0,2,0
75939,6,1,265826,265826,265827,0,1,4
75940,2,1,265828,265828,265829,0,1,1
75941,4,3,265832,265832,265835,0,3,3
75942,3,3,265835,265835,265838,0,3,0
75943,2,2,265837,265838,265840,1,3,0
75944,5,1,265842,265842,265843,0,1,2
75945,4,3,265846,265846,265849,0,3,3
75946,3,1,265849,265849,265850,0,1,0
75947,6,3,265855,265855,265858,0,3,5
75948,4,3,265859,265859,265862,0,3,1
75949,6,2,265865,265865,265867,0,2,3
75950,5,1,265870,265870,265871,0,1,3
75951,4,3,265874,265874,265877,0,3,3
75952,4,2,265878,265878,265880,0,2,1
75953,3,1,265881,265881,265882,0,1,1
75954,6,3,265887,265887,265890,0,3,5
75955,2,2,265889,265890,265892,1,3,0
75956,5,1,265894,265894,265895,0,1,2
75957,3,1,265897,265897,265898,0,1,2
75958,4,2,265901,265901,265903,0,2,3
75959,4,3,265905,265905,265908,0,3,2
75960,5,3,265910,265910,265913,0,3,2
75961,2,1,265912,265913,265914,1,2,0
75962,3,2,265915,265915,265917,0,2,1
75963,1,2,265916,265917,265919,1,3,0
75964,1,3,265917,265919,265922,2,5,0
75965,4,1,265921,265922,265923,1,2,0
75966,5,3,265926,265926,265929,0,3,3
75967,3,2,265929,265929,265931,0,2,0
75968,4,2,265933,265933,265935,0,2,2
75969,4,3,265937,265937,265940,0,3,2
75970,5,2,265942,265942,265944,0,2,2
75971,3,3,265945,265945,265948,0,3,1
75972,3,3,265948,265948,265951,0,3,0
75973,2,3,265950,265951,265954,1,4,0
75974,4,1,265954,265954,265955,0,1,0
75975,4,1,265958,265958,265959,0,1,3
75976,5,1,265963,265963,265964,0,1,4
75977,2,2,265965,265965,265967,0,2,1
75978,1,2,265966,265967,265969,1,3,0
75979,4,2,265970,265970,265972,0,2,1
75980,3,3,265973,265973,265976,0,3,1
75981,1,3,265974,265976,265979,2,5,0
75982,1,3,265975,265979,265982,4,7,0
75983,3,1,265978,265982,265983,4,5,0
75984,5,3,265983,265983,265986,0,3,0
75985,6,1,265989,265989,265990,0,1,3
75986,6,3,265995,265995,265998,0,3,5
75987,6,2,266001,266001,266003,0,2,3
75988,6,2,266007,266007,266009,0,2,4
75989,4,1,266011,266011,266012,0,1,2
75990,3,2,266014,266014,266016,0,2,2
75991,1,3,266015,266016,266019,1,4,0
75992,2,2,266017,266019,266021,2,4,0
75993,3,1,266020,266021,266022,1,2,0
75994,1,3,266021,266022,266025,1,4,0
75995,5,2,266026,266026,266028,0,2,1
75996,2,1,266028,266028,266029,0,1,0
75997,3,3,266031,266031,266034,0,3,2
75998,2,2,266033,266034,266036,1,3,0
75999,5,2,266038,266038,266040,0,2,2
76000,6,2,266044,266044,266046,0,2,4
76001,2,2,266046,266046,266048,0,2,0
76002,4,3,266050,266050,266053,0,3,2
76003,4,3,266054,266054,266057,0,3,1
76004,6,1,266060,266060,266061,0,1,3
76005,3,2,266063,266063,266065,0,2,2
76006,3,2,266066,266066,266068,0,2,1
76007,6,1,266072,266072,266073,0,1,4
76008,5,1,266077,266077,266078,0,1,4
76009,1,2,266078,266078,266080,0,2,0
76010,4,2,266082,266082,266084,0,2,2
76011,4,1,266086,266086,266087,0,1,2
76012,1,1,266087,266087,266088,0,1,0
76013,6,3,266093,266093,266096,0,3,5
76014,1,3,266094,266096,266099,2,5,0
76015,6,3,266100,266100,266103,0,3,1
76016,2,1,266102,266103,266104,1,2,0
76017,1,2,266103,266104,266106,1,3,0
76018,4,1,266107,266107,266108,0,1,1
76019,5,3,266112,266112,266115,0,3,4
76020,5,3,266117,266117,266120,0,3,2
76021,4,1,266121,266121,266122,0,1,1
76022,2,3,266123,266123,266126,0,3,1
76023,6,2,266129,266129,266131,0,2,3
76024,2,2,266131,266131,266133,0,2,0
76025,1,3,266132,266133,266136,1,4,0
76026,6,3,266138,266138,266141,0,3,2
76027,6,2,266144,266144,266146,0,2,3
76028,2,1,266146,266146,266147,0,1,0
76029,3,1,266149,266149,266150,0,1,2
76030,6,1,266155,266155,266156,0,1,5
76031,4,3,266159,266159,266162,0,3,3
76032,6,3,266165,266165,266168,0,3,3
76033,3,3,266168,266168,266171,0,3,0
76034,3,3,266171,266171,266174,0,3,0
76035,3,3,266174,266174,266177,0,3,0
76036,5,3,266179,266179,266182,0,3,2
76037,1,2,266180,266182,266184,2,4,0
76038,5,1,266185,266185,266186,0,1,1
76039,3,1,266188,266188,266189,0,1,2
76040,1,3,266189,266189,266192,0,3,0
76041,2,2,266191,266192,266194,1,3,0
76042,3,3,266194,266194,266197,0,3,0
76043,2,3,266196,266197,266200,1,4,0
76044,2,1,266198,266200,266201,2,3,0
76045,1,2,266199,266201,266203,2,4,0
76046,4,2,266203,266203,266205,0,2,0
76047,5,1,266208,266208,266209,0,1,3
76048,5,3,266213,266213,266216,0,3,4
76049,4,1,266217,266217,266218,0,1,1
76050,1,3,266218,266218,266221,0,3,0
76051,4,1,266222,266222,266223,0,1,1
76052,3,2,266225,266225,266227,0,2,2
76053,5,1,266230,266230,266231,0,1,3
76054,5,1,266235,266235,266236,0,1,4
76055,2,2,266237,266237,266239,0,2,1
76056,1,1,266238,266239,266240,1,2,0
76057,5,2,266243,266243,266245,0,2,3
76058,4,3,266247,266247,266250,0,3,2
76059,2,2,266249,266250,266252,1,3,0
76060,3,3,266252,266252,266255,0,3,0
76061,2,3,266254,266255,266258,1,4,0
76062,4,2,266258,266258,266260,0,2,0
76063,2,3,266260,266260,266263,0,3,0
76064,1,2,266261,266263,266265,2,4,0
76065,4,2,266265,266265,266267,0,2,0
76066,5,1,266270,266270,266271,0,1,3
76067,5,1,266275,266275,266276,0,1,4
76068,6,2,266281,266281,266283,0,2,5
76069,4,1,266285,266285,266286,0,1,2
76070,1,3,266286,266286,266289,0,3,0
76071,2,1,266288,266289,266290,1,2,0
76072,5,1,266293,266293,266294,0,1,3
76073,5,3,266298,266298,266301,0,3,4
76074,5,3,266303,266303,266306,0,3,2
76075,4,2,266307,266307,266309,0,2,1
76076,5,3,266312,266312,266315,0,3,3
76077,5,3,266317,266317,266320,0,3,2
76078,1,1,266318,266320,266321,2,3,0
76079,5,1,266323,266323,266324,0,1,2
76080,3,3,266326,266326,266329,0,3,2
76081,4,3,266330,266330,266333,0,3,1
76082,3,1,266333,266333,266334,0,1,0
76083,5,1,266338,266338,266339,0,1,4
76084,3,2,266341,266341,266343,0,2,2
76085,1,2,266342,266343,266345,1,3,0
76086,4,1,266346,266346,266347,0,1,1
76087,1,1,266347,266347,266348,0,1,0
76088,2,1,266349,266349,266350,0,1,1
76089,3,2,266352,266352,266354,0,2,2
76090,3,2,266355,266355,266357,0,2,1
76091,2,3,266357,266357,266360,0,3,0
76092,3,1,266360,266360,266361,0,1,0
76093,3,2,266363,266363,266365,0,2,2
76094,6,3,266369,266369,266372,0,3,4
76095,1,3,266370,266372,266375,2,5,0
76096,5,2,266375,266375,266377,0,2,0
76097,5,2,266380,266380,266382,0,2,3
76098,1,1,266381,266382,266383,1,2,0
76099,3,2,266384,266384,266386,0,2,1
76100,1,3,266385,266386,266389,1,4,0
76101,1,2,266386,266389,266391,3,5,0
76102,6,2,266392,266392,266394,0,2,1
76103,5,1,266397,266397,266398,0,1,3
76104,4,2,266401,266401,266403,0,2,3
76105,5,1,266406,266406,266407,0,1,3
76106,2,3,266408,266408,266411,0,3,1
76107,5,1,266413,266413,266414,0,1,2
76108,3,2,266416,266416,266418,0,2,2
76109,1,1,266417,266418,266419,1,2,0
76110,5,3,266422,266422,266425,0,3,3
76111,6,3,266428,266428,266431,0,3,3
76112,3,3,266431,266431,266434,0,3,0
76113,1,2,266432,266434,266436,2,4,0
76114,1,2,266433,266436,266438,3,5,0
76115,6,2,266439,266439,266441,0,2,1
76116,5,1,266444,266444,266445,0,1,3
76117,2,2,266446,266446,266448,0,2,1
76118,6,2,266452,266452,266454,0,2,4
76119,1,3,266453,266454,266457,1,4,0
76120,4,3,266457,266457,266460,0,3,0
76121,5,3,266462,266462,266465,0,3,2
76122,6,1,266468,266468,266469,0,1,3
76123,6,1,266474,266474,266475,0,1,5
76124,1,2,266475,266475,266477,0,2,0
76125,6,3,266481,266481,266484,0,3,4
76126,3,2,266484,266484,266486,0,2,0
76127,2,2,266486,266486,266488,0,2,0
76128,1,2,266487,266488,266490,1,3,0
76129,1,3,266488,266490,266493,2,5,0
76130,3,2,266491,266493,266495,2,4,0
76131,2,3,266493,266495,266498,2,5,0
76132,5,2,266498,266498,266500,0,2,0
76133,1,1,266499,266500,266501,1,2,0
76134,4,1,266503,266503,266504,0,1,2
76135,4,2,266507,266507,266509,0,2,3
76136,4,1,266511,266511,266512,0,1,2
76137,5,2,266516,266516,266518,0,2,4
76138,4,3,266520,266520,266523,0,3,2
76139,4,2,266524,266524,266526,0,2,1
76140,4,1,266528,266528,266529,0,1,2
76141,1,1,266529,266529,266530,0,1,0
76142,1,1,266530,266530,266531,0,1,0
76143,3,1,266533,266533,266534,0,1,2
76144,5,3,266538,266538,266541,0,3,4
76145,2,3,266540,266541,266544,1,4,0
76146,2,1,266542,266544,266545,2,3,0
76147,3,3,266545,266545,266548,0,3,0
76148,5,2,266550,266550,266552,0,2,2
76149,1,3,266551,266552,266555,1,4,0
76150,1,2,266552,266555,266557,3,5,0
76151,1,2,266553,266557,266559,4,6,0
76152,1,2,266554,266559,266561,5,7,0
76153,3,3,266557,266561,266564,4,7,0
76154,4,2,266561,266564,266566,3,5,0
76155,4,1,266565,266566,266567,1,2,0
76156,2,1,266567,266567,266568,0,1,0
76157,4,2,266571,266571,266573,0,2,3
76158,5,2,266576,266576,266578,0,2,3
76159,1,2,266577,266578,266580,1,3,0
76160,2,3,266579,266580,266583,1,4,0
76161,2,3,266581,266583,266586,2,5,0
76162,6,2,266587,266587,266589,0,2,1
76163,1,1,266588,266589,266590,1,2,0
76164,5,1,266593,266593,266594,0,1,3
76165,5,1,266598,266598,266599,0,1,4
76166,2,2,266600,266600,266602,0,2,1
76167,6,1,266606,266606,266607,0,1,4
76168,6,2,266612,266612,266614,0,2,5
76169,3,1,266615,266615,266616,0,1,1
76170,1,3,266616,266616,266619,0,3,0
76171,3,1,266619,266619,266620,0,1,0
76172,1,2,266620,266620,266622,0,2,0
76173,2,3,266622,266622,266625,0,3,0
76174,2,2,266624,266625,266627,1,3,0
76175,5,3,266629,266629,266632,0,3,2
76176,2,1,266631,266632,266633,1,2,0
76177,2,2,266633,266633,266635,0,2,0
76178,3,3,266636,266636,266639,0,3,1
76179,4,3,266640,266640,266643,0,3,1
76180,6,1,266646,266646,266647,0,1,3
76181,1,1,266647,266647,266648,0,1,0
76182,4,1,266651,266651,266652,0,1,3
76183,5,3,266656,266656,266659,0,3,4
76184,6,1,266662,266662,266663,0,1,3
76185,4,3,266666,266666,266669,0,3,3
76186,3,1,266669,266669,266670,0,1,0
76187,4,3,266673,266673,266676,0,3,3
76188,4,2,266677,266677,266679,0,2,1
76189,1,1,266678,266679,266680,1,2,0
76190,4,3,266682,266682,266685,0,3,2
76191,2,1,266684,266685,266686,1,2,0
76192,5,1,266689,266689,266690,0,1,3
76193,2,2,266691,266691,266693,0,2,1
76194,3,1,266694,266694,266695,0,1,1
76195,6,1,266700,266700,266701,0,1,5
76196,3,3,266703,266703,266706,0,3,2
76197,3,1,266706,266706,266707,0,1,0
76198,6,3,266712,266712,266715,0,3,5
76199,4,3,266716,266716,266719,0,3,1
76200,5,1,266721,266721,266722,0,1,2
76201,6,2,266727,266727,266729,0,2,5
76202,2,1,266729,266729,266730,0,1,0
76203,5,3,266734,266734,266737,0,3,4
76204,6,1,266740,266740,266741,0,1,3
76205,5,3,266745,266745,266748,0,3,4
76206,6,3,266751,266751,266754,0,3,3
76207,1,1,266752,266754,266755,2,3,0
76208,3,3,266755,266755,266758,0,3,0
76209,4,3,266759,266759,266762,0,3,1
76210,4,2,266763,266763,266765,0,2,1
76211,2,3,266765,266765,266768,0,3,0
76212,4,2,266769,266769,266771,0,2,1
76213,1,1,266770,266771,266772,1,2,0
76214,1,2,266771,266772,266774,1,3,0
76215,3,2,266774,266774,266776,0,2,0
76216,2,2,266776,266776,266778,0,2,0
76217,2,1,266778,266778,266779,0,1,0
76218,4,3,266782,266782,266785,0,3,3
76219,2,1,266784,266785,266786,1,2,0
76220,4,3,266788,266788,266791,0,3,2
76221,1,2,266789,266791,266793,2,4,0
76222,5,3,266794,266794,266797,0,3,1
76223,3,1,266797,266797,266798,0,1,0
76224,6,2,266803,266803,266805,0,2,5
76225,3,3,266806,266806,266809,0,3,1
76226,5,2,266811,266811,266813,0,2,2
76227,2,2,266813,266813,266815,0,2,0
76228,2,2,266815,266815,266817,0,2,0
76229,4,2,266819,266819,266821,0,2,2
76230,3,1,266822,266822,266823,0,1,1
76231,4,3,266826,266826,266829,0,3,3
76232,2,2,266828,266829,266831,1,3,0
76233,4,3,266832,266832,266835,0,3,1
76234,1,2,266833,266835,266837,2,4,0
76235,4,1,266837,266837,266838,0,1,0
76236,3,1,266840,266840,266841,0,1,2
76237,4,2,266844,266844,266846,0,2,3
76238,2,1,266846,266846,266847,0,1,0
76239,3,1,266849,266849,266850,0,1,2
76240,1,1,266850,266850,266851,0,1,0
76241,5,1,266855,266855,266856,0,1,4
76242,3,2,266858,266858,266860,0,2,2
76243,4,1,266862,266862,266863,0,1,2
76244,2,3,266864,266864,266867,0,3,1
76245,2,2,266866,266867,266869,1,3,0
76246,1,3,266867,266869,266872,2,5,0
76247,3,3,266870,266872,266875,2,5,0
76248,2,1,266872,266875,266876,3,4,0
76249,6,2,266878,266878,266880,0,2,2
76250,2,3,266880,266880,266883,0,3,0
76251,3,3,266883,266883,266886,0,3,0
76252,1,3,266884,266886,266889,2,5,0
76253,1,2,266885,266889,266891,4,6,0
76254,3,2,266888,266891,266893,3,5,0
76255,2,2,266890,266893,266895,3,5,0
76256,3,3,266893,266895,266898,2,5,0
76257,3,3,266896,266898,266901,2,5,0
76258,1,3,266897,266901,266904,4,7,0
76259,1,3,266898,266904,266907,6,9,0
76260,1,1,266899,266907,266908,8,9,0
76261,3,2,266902,266908,266910,6,8,0
76262,4,1,266906,266910,266911,4,5,0
76263,1,2,266907,266911,266913,4,6,0
76264,2,2,266909,266913,266915,4,6,0
76265,2,3,266911,266915,266918,4,7,0
76266,4,2,266915,266918,266920,3,5,0
76267,2,1,266917,266920,266921,3,4,0
76268,5,3,266922,266922,266925,0,3,1
76269,6,2,266928,266928,266930,0,2,3
76270,3,2,266931,266931,266933,0,2,1
76271,3,2,266934,266934,266936,0,2,1
76272,1,2,266935,266936,266938,1,3,0
76273,2,3,266937,266938,266941,1,4,0
76274,1,1,266938,266941,266942,3,4,0
76275,3,2,266941,266942,266944,1,3,0
76276,1,3,266942,266944,266947,2,5,0
76277,5,3,266947,266947,266950,0,3,0
76278,2,1,266949,266950,266951,1,2,0
76279,6,3,266955,266955,266958,0,3,4
76280,6,3,266961,266961,266964,0,3,3
76281,2,3,266963,266964,266967,1,4,0
76282,4,1,266967,266967,266968,0,1,0
76283,4,3,266971,266971,266974,0,3,3
76284,1,2,266972,266974,266976,2,4,0
76285,6,1,266978,266978,266979,0,1,2
76286,2,2,266980,266980,266982,0,2,1
76287,5,3,266985,266985,266988,0,3,3
76288,5,1,266990,266990,266991,0,1,2
76289,2,1,266992,266992,266993,0,1,1
76290,3,1,266995,266995,266996,0,1,2
76291,3,1,266998,266998,266999,0,1,2
76292,6,3,267004,267004,267007,0,3,5
76293,3,1,267007,267007,267008,0,1,0
76294,4,1,267011,267011,267012,0,1,3
76295,1,1,267012,267012,267013,0,1,0
76296,4,1,267016,267016,267017,0,1,3
76297,2,1,267018,267018,267019,0,1,1
76298,1,1,267019,267019,267020,0,1,0
76299,6,2,267025,267025,267027,0,2,5
76300,6,2,267031,267031,267033,0,2,4
76301,3,2,267034,267034,267036,0,2,1
76302,4,2,267038,267038,267040,0,2,2
76303,2,3,267040,267040,267043,0,3,0
76304,1,2,267041,267043,267045,2,4,0
76305,1,3,267042,267045,267048,3,6,0
76306,3,2,267045,267048,267050,3,5,0
76307,3,3,267048,267050,267053,2,5,0
76308,2,2,267050,267053,267055,3,5,0
76309,1,2,267051,267055,267057,4,6,0
76310,6,1,267057,267057,267058,0,1,0
76311,4,1,267061,267061,267062,0,1,3
76312,4,2,267065,267065,267067,0,2,3
76313,1,3,267066,267067,267070,1,4,0
76314,4,2,267070,267070,267072,0,2,0
76315,1,2,267071,267072,267074,1,3,0
76316,1,1,267072,267074,267075,2,3,0
76317,3,1,267075,267075,267076,0,1,0
76318,6,3,267081,267081,267084,0,3,5
76319,1,2,267082,267084,267086,2,4,0
76320,4,2,267086,267086,267088,0,2,0
76321,5,1,267091,267091,267092,0,1,3
76322,1,3,267092,267092,267095,0,3,0
76323,4,2,267096,267096,267098,0,2,1
76324,6,2,267102,267102,267104,0,2,4
76325,3,2,267105,267105,267107,0,2,1
76326,3,1,267108,267108,267109,0,1,1
76327,4,1,267112,267112,267113,0,1,3
76328,3,3,267115,267115,267118,0,3,2
76329,4,1,267119,267119,267120,0,1,1
76330,6,1,267125,267125,267126,0,1,5
76331,4,3,267129,267129,267132,0,3,3
76332,2,1,267131,267132,267133,1,2,0
76333,3,1,267134,267134,267135,0,1,1
76334,6,3,267140,267140,267143,0,3,5
76335,5,2,267145,267145,267147,0,2,2
76336,4,1,267149,267149,267150,0,1,2
76337,3,3,267152,267152,267155,0,3,2
76338,5,3,267157,267157,267160,0,3,2
76339,4,3,267161,267161,267164,0,3,1
76340,1,3,267162,267164,267167,2,5,0
76341,4,2,267166,267167,267169,1,3,0
76342,4,3,267170,267170,267173,0,3,1
76343,4,2,267174,267174,267176,0,2,1
76344,1,3,267175,267176,267179,1,4,0
76345,2,1,267177,267179,267180,2,3,0
76346,1,1,267178,267180,267181,2,3,0
76347,2,2,267180,267181,267183,1,3,0
76348,2,2,267182,267183,267185,1,3,0
76349,2,2,267184,267185,267187,1,3,0
76350,6,1,267190,267190,267191,0,1,3
76351,5,1,267195,267195,267196,0,1,4
76352,4,1,267199,267199,267200,0,1,3
76353,3,3,267202,267202,267205,0,3,2
76354,1,3,267203,267205,267208,2,5,0
76355,1,1,267204,267208,267209,4,5,0
76356,3,1,267207,267209,267210,2,3,0
76357,4,2,267211,267211,267213,0,2,1
76358,2,3,267213,267213,267216,0,3,0
76359,4,1,267217,267217,267218,0,1,1
76360,5,2,267222,267222,267224,0,2,4
76361,3,2,267225,267225,267227,0,2,1
76362,3,2,267228,267228,267230,0,2,1
76363,3,1,267231,267231,267232,0,1,1
76364,4,2,267235,267235,267237,0,2,3
76365,5,1,267240,267240,267241,0,1,3
76366,1,3,267241,267241,267244,0,3,0
76367,4,1,267245,267245,267246,0,1,1
76368,4,3,267249,267249,267252,0,3,3
76369,4,3,267253,267253,267256,0,3,1
76370,1,2,267254,267256,267258,2,4,0
76371,1,1,267255,267258,267259,3,4,0
76372,3,2,267258,267259,267261,1,3,0
76373,3,1,267261,267261,267262,0,1,0
76374,6,1,267267,267267,267268,0,1,5
76375,3,1,267270,267270,267271,0,1,2
76376,1,3,267271,267271,267274,0,3,0
76377,3,1,267274,267274,267275,0,1,0
76378,4,2,267278,267278,267280,0,2,3
76379,4,3,267282,267282,267285,0,3,2
76380,4,1,267286,267286,267287,0,1,1
76381,2,3,267288,267288,267291,0,3,1
76382,3,2,267291,267291,267293,0,2,0
76383,3,1,267294,267294,267295,0,1,1
76384,4,2,267298,267298,267300,0,2,3
76385,6,3,267304,267304,267307,0,3,4
76386,3,3,267307,267307,267310,0,3,0
76387,5,1,267312,267312,267313,0,1,2
76388,5,2,267317,267317,267319,0,2,4
76389,5,1,267322,267322,267323,0,1,3
76390,1,2,267323,267323,267325,0,2,0
76391,3,3,267326,267326,267329,0,3,1
76392,6,1,267332,267332,267333,0,1,3
76393,2,3,267334,267334,267337,0,3,1
76394,6,3,267340,267340,267343,0,3,3
76395,6,3,267346,267346,267349,0,3,3
76396,3,2,267349,267349,267351,0,2,0
76397,3,3,267352,267352,267355,0,3,1
76398,5,2,267357,267357,267359,0,2,2
76399,2,1,267359,267359,267360,0,1,0
76400,1,2,267360,267360,267362,0,2,0
76401,1,1,267361,267362,267363,1,2,0
76402,2,1,267363,267363,267364,0,1,0
76403,1,3,267364,267364,267367,0,3,0
76404,2,1,267366,267367,267368,1,2,0
76405,5,3,267371,267371,267374,0,3,3
76406,2,2,267373,267374,267376,1,3,0
76407,1,3,267374,267376,267379,2,5,0
76408,2,3,267376,267379,267382,3,6,0
76409,6,2,267382,267382,267384,0,2,0
76410,4,1,267386,267386,267387,0,1,2
76411,3,3,267389,267389,267392,0,3,2
76412,4,3,267393,267393,267396,0,3,1
76413,6,3,267399,267399,267402,0,3,3
76414,6,2,267405,267405,267407,0,2,3
76415,5,3,267410,267410,267413,0,3,3
76416,3,1,267413,267413,267414,0,1,0
76417,6,3,267419,267419,267422,0,3,5
76418,4,2,267423,267423,267425,0,2,1
76419,1,2,267424,267425,267427,1,3,0
76420,6,3,267430,267430,267433,0,3,3
76421,3,3,267433,267433,267436,0,3,0
76422,2,1,267435,267436,267437,1,2,0
76423,1,2,267436,267437,267439,1,3,0
76424,4,1,267440,267440,267441,0,1,1
76425,5,1,267445,267445,267446,0,1,4
76426,5,2,267450,267450,267452,0,2,4
76427,3,2,267453,267453,267455,0,2,1
76428,5,3,267458,267458,267461,0,3,3
76429,4,1,267462,267462,267463,0,1,1
76430,4,2,267466,267466,267468,0,2,3
76431,2,3,267468,267468,267471,0,3,0
76432,5,1,267473,267473,267474,0,1,2
76433,2,2,267475,267475,267477,0,2,1
76434,6,1,267481,267481,267482,0,1,4
76435,3,3,267484,267484,267487,0,3,2
76436,1,3,267485,267487,267490,2,5,0
76437,1,2,267486,267490,267492,4,6,0
76438,5,1,267491,267492,267493,1,2,0
76439,5,1,267496,267496,267497,0,1,3
76440,3,1,267499,267499,267500,0,1,2
76441,2,1,267501,267501,267502,0,1,1
76442,2,1,267503,267503,267504,0,1,1
76443,1,3,267504,267504,267507,0,3,0
76444,4,2,267508,267508,267510,0,2,1
76445,3,1,267511,267511,267512,0,1,1
76446,2,2,267513,267513,267515,0,2,1
76447,1,1,267514,267515,267516,1,2,0
76448,6,2,267520,267520,267522,0,2,4
76449,1,3,267521,267522,267525,1,4,0
76450,3,2,267524,267525,267527,1,3,0
76451,5,1,267529,267529,267530,0,1,2
76452,2,1,267531,267531,267532,0,1,1
76453,3,1,267534,267534,267535,0,1,2
76454,6,2,267540,267540,267542,0,2,5
76455,1,2,267541,267542,267544,1,3,0
76456,3,2,267544,267544,267546,0,2,0
76457,1,3,267545,267546,267549,1,4,0
76458,5,2,267550,267550,267552,0,2,1
76459,1,3,267551,267552,267555,1,4,0
76460,4,3,267555,267555,267558,0,3,0
76461,6,2,267561,267561,267563,0,2,3
76462,1,1,267562,267563,267564,1,2,0
76463,3,3,267565,267565,267568,0,3,1
76464,4,1,267569,267569,267570,0,1,1
76465,6,2,267575,267575,267577,0,2,5
76466,4,1,267579,267579,267580,0,1,2
76467,6,2,267585,267585,267587,0,2,5
76468,4,1,267589,267589,267590,0,1,2
76469,2,1,267591,267591,267592,0,1,1
76470,4,2,267595,267595,267597,0,2,3
76471,6,1,267601,267601,267602,0,1,4
76472,3,1,267604,267604,267605,0,1,2
76473,5,3,267609,267609,267612,0,3,4
76474,1,2,267610,267612,267614,2,4,0
76475,5,2,267615,267615,267617,0,2,1
76476,6,1,267621,267621,267622,0,1,4
76477,3,3,267624,267624,267627,0,3,2
76478,3,1,267627,267627,267628,0,1,0
76479,6,3,267633,267633,267636,0,3,5
76480,1,1,267634,267636,267637,2,3,0
76481,1,2,267635,267637,267639,2,4,0
76482,4,3,267639,267639,267642,0,3,0
76483,2,2,267641,267642,267644,1,3,0
76484,5,3,267646,267646,267649,0,3,2
76485,4,3,267650,267650,267653,0,3,1
76486,2,1,267652,267653,267654,1,2,0
76487,4,1,267656,267656,267657,0,1,2
76488,6,1,267662,267662,267663,0,1,5
76489,4,2,267666,267666,267668,0,2,3
76490,6,1,267672,267672,267673,0,1,4
76491,5,1,267677,267677,267678,0,1,4
76492,3,3,267680,267680,267683,0,3,2
76493,2,1,267682,267683,267684,1,2,0
76494,4,2,267686,267686,267688,0,2,2
76495,5,1,267691,267691,267692,0,1,3
76496,3,1,267694,267694,267695,0,1,2
76497,4,3,267698,267698,267701,0,3,3
76498,2,2,267700,267701,267703,1,3,0
76499,3,2,267703,267703,267705,0,2,0
76500,3,1,267706,267706,267707,0,1,1
76501,4,2,267710,267710,267712,0,2,3
76502,2,3,267712,267712,267715,0,3,0
76503,1,2,267713,267715,267717,2,4,0
76504,4,3,267717,267717,267720,0,3,0
76505,2,3,267719,267720,267723,1,4,0
76506,6,2,267725,267725,267727,0,2,2
76507,5,3,267730,267730,267733,0,3,3
76508,3,1,267733,267733,267734,0,1,0
76509,1,2,267734,267734,267736,0,2,0
76510,6,2,267740,267740,267742,0,2,4
76511,4,2,267744,267744,267746,0,2,2
76512,4,3,267748,267748,267751,0,3,2
76513,3,1,267751,267751,267752,0,1,0
76514,1,2,267752,267752,267754,0,2,0
76515,6,1,267758,267758,267759,0,1,4
76516,1,1,267759,267759,267760,0,1,0
76517,5,3,267764,267764,267767,0,3,4
76518,3,3,267767,267767,267770,0,3,0
76519,3,2,267770,267770,267772,0,2,0
76520,1,2,267771,267772,267774,1,3,0
76521,1,3,267772,267774,267777,2,5,0
76522,6,3,267778,267778,267781,0,3,1
76523,2,2,267780,267781,267783,1,3,0
76524,5,1,267785,267785,267786,0,1,2
76525,3,3,267788,267788,267791,0,3,2
76526,1,2,267789,267791,267793,2,4,0
76527,1,3,267790,267793,267796,3,6,0
76528,1,2,267791,267796,267798,5,7,0
76529,3,2,267794,267798,267800,4,6,0
76530,5,2,267799,267800,267802,1,3,0
76531,2,2,267801,267802,267804,1,3,0
76532,5,3,267806,267806,267809,0,3,2
76533,5,3,267811,267811,267814,0,3,2
76534,6,1,267817,267817,267818,0,1,3
76535,3,3,267820,267820,267823,0,3,2
76536,6,2,267826,267826,267828,0,2,3
76537,3,2,267829,267829,267831,0,2,1
76538,6,2,267835,267835,267837,0,2,4
76539,5,2,267840,267840,267842,0,2,3
76540,2,2,267842,267842,267844,0,2,0
76541,1,1,267843,267844,267845,1,2,0
76542,4,3,267847,267847,267850,0,3,2
76543,5,2,267852,267852,267854,0,2,2
76544,3,1,267855,267855,267856,0,1,1
76545,1,3,267856,267856,267859,0,3,0
76546,2,2,267858,267859,267861,1,3,0
76547,5,1,267863,267863,267864,0,1,2
76548,6,3,267869,267869,267872,0,3,5
76549,1,2,267870,267872,267874,2,4,0
76550,1,1,267871,267874,267875,3,4,0
76551,3,3,267874,267875,267878,1,4,0
76552,3,1,267877,267878,267879,1,2,0
76553,3,3,267880,267880,267883,0,3,1
76554,5,3,267885,267885,267888,0,3,2
76555,2,3,267887,267888,267891,1,4,0
76556,6,1,267893,267893,267894,0,1,2
76557,3,1,267896,267896,267897,0,1,2
76558,2,3,267898,267898,267901,0,3,1
76559,1,2,267899,267901,267903,2,4,0
76560,2,2,267901,267903,267905,2,4,0
76561,5,1,267906,267906,267907,0,1,1
76562,4,2,267910,267910,267912,0,2,3
76563,6,1,267916,267916,267917,0,1,4
76564,6,1,267922,267922,267923,0,1,5
76565,3,1,267925,267925,267926,0,1,2
76566,1,1,267926,267926,267927,0,1,0
76567,6,3,267932,267932,267935,0,3,5
76568,2,1,267934,267935,267936,1,2,0
76569,3,2,267937,267937,267939,0,2,1
76570,2,2,267939,267939,267941,0,2,0
76571,2,2,267941,267941,267943,0,2,0
76572,3,2,267944,267944,267946,0,2,1
76573,5,2,267949,267949,267951,0,2,3
76574,4,1,267953,267953,267954,0,1,2
76575,1,3,267954,267954,267957,0,3,0
76576,1,2,267955,267957,267959,2,4,0
76577,4,1,267959,267959,267960,0,1,0
76578,2,3,267961,267961,267964,0,3,1
76579,4,3,267965,267965,267968,0,3,1
76580,3,1,267968,267968,267969,0,1,0
76581,6,2,267974,267974,267976,0,2,5
76582,5,3,267979,267979,267982,0,3,3
76583,1,2,267980,267982,267984,2,4,0
76584,2,2,267982,267984,267986,2,4,0
76585,5,1,267987,267987,267988,0,1,1
76586,4,1,267991,267991,267992,0,1,3
76587,1,1,267992,267992,267993,0,1,0
76588,5,2,267997,267997,267999,0,2,4
76589,3,3,268000,268000,268003,0,3,1
76590,1,3,268001,268003,268006,2,5,0
76591,6,1,268007,268007,268008,0,1,1
76592,2,3,268009,268009,268012,0,3,1
76593,2,1,268011,268012,268013,1,2,0
76594,5,3,268016,268016,268019,0,3,3
76595,2,1,268018,268019,268020,1,2,0
76596,4,1,268022,268022,268023,0,1,2
76597,3,2,268025,268025,268027,0,2,2
76598,2,1,268027,268027,268028,0,1,0
76599,1,3,268028,268028,268031,0,3,0
76600,2,2,268030,268031,268033,1,3,0
76601,4,1,268034,268034,268035,0,1,1
76602,3,1,268037,268037,268038,0,1,2
76603,5,1,268042,268042,268043,0,1,4
76604,2,1,268044,268044,268045,0,1,1
76605,1,1,268045,268045,268046,0,1,0
76606,5,3,268050,268050,268053,0,3,4
76607,3,1,268053,268053,268054,0,1,0
76608,5,3,268058,268058,268061,0,3,4
76609,1,2,268059,268061,268063,2,4,0
76610,3,1,268062,268063,268064,1,2,0
76611,2,1,268064,268064,268065,0,1,0
76612,2,1,268066,268066,268067,0,1,1
76613,5,2,268071,268071,268073,0,2,4
76614,2,3,268073,268073,268076,0,3,0
76615,3,1,268076,268076,268077,0,1,0
76616,5,1,268081,268081,268082,0,1,4
76617,5,3,268086,268086,268089,0,3,4
76618,3,1,268089,268089,268090,0,1,0
76619,4,2,268093,268093,268095,0,2,3
76620,3,2,268096,268096,268098,0,2,1
76621,3,1,268099,268099,268100,0,1,1
76622,5,2,268104,268104,268106,0,2,4
76623,1,2,268105,268106,268108,1,3,0
76624,6,3,268111,268111,268114,0,3,3
76625,6,3,268117,268117,268120,0,3,3
76626,3,1,268120,268120,268121,0,1,0
76627,1,2,268121,268121,268123,0,2,0
76628,6,2,268127,268127,268129,0,2,4
76629,1,3,268128,268129,268132,1,4,0
76630,1,3,268129,268132,268135,3,6,0
76631,2,2,268131,268135,268137,4,6,0
76632,4,1,268135,268137,268138,2,3,0
76633,3,1,268138,268138,268139,0,1,0
76634,6,2,268144,268144,268146,0,2,5
76635,3,2,268147,268147,268149,0,2,1
76636,2,3,268149,268149,268152,0,3,0
76637,5,3,268154,268154,268157,0,3,2
76638,6,3,268160,268160,268163,0,3,3
76639,1,3,268161,268163,268166,2,5,0
76640,5,3,268166,268166,268169,0,3,0
76641,1,2,268167,268169,268171,2,4,0
76642,5,2,268172,268172,268174,0,2,1
76643,6,1,268178,268178,268179,0,1,4
76644,6,1,268184,268184,268185,0,1,5
76645,1,2,268185,268185,268187,0,2,0
76646,3,1,268188,268188,268189,0,1,1
76647,6,2,268194,268194,268196,0,2,5
76648,6,3,268200,268200,268203,0,3,4
76649,1,3,268201,268203,268206,2,5,0
76650,3,2,268204,268206,268208,2,4,0
76651,3,2,268207,268208,268210,1,3,0
76652,6,1,268213,268213,268214,0,1,3
76653,6,2,268219,268219,268221,0,2,5
76654,6,2,268225,268225,268227,0,2,4
76655,2,3,268227,268227,268230,0,3,0
76656,6,1,268233,268233,268234,0,1,3
76657,3,1,268236,268236,268237,0,1,2
76658,3,2,268239,268239,268241,0,2,2
76659,6,3,268245,268245,268248,0,3,4
76660,1,1,268246,268248,268249,2,3,0
76661,1,2,268247,268249,268251,2,4,0
76662,2,1,268249,268251,268252,2,3,0
76663,5,3,268254,268254,268257,0,3,2
76664,2,3,268256,268257,268260,1,4,0
76665,4,3,268260,268260,268263,0,3,0
76666,6,3,268266,268266,268269,0,3,3
76667,1,3,268267,268269,268272,2,5,0
76668,2,2,268269,268272,268274,3,5,0
76669,1,3,268270,268274,268277,4,7,0
76670,4,3,268274,268277,268280,3,6,0
76671,2,1,268276,268280,268281,4,5,0
76672,1,1,268277,268281,268282,4,5,0
76673,3,2,268280,268282,268284,2,4,0
76674,1,3,268281,268284,268287,3,6,0
76675,4,2,268285,268287,268289,2,4,0
76676,3,1,268288,268289,268290,1,2,0
76677,6,3,268294,268294,268297,0,3,4
76678,4,2,268298,268298,268300,0,2,1
76679,6,2,268304,268304,268306,0,2,4
76680,3,3,268307,268307,268310,0,3,1
76681,6,2,268313,268313,268315,0,2,3
76682,4,3,268317,268317,268320,0,3,2
76683,6,2,268323,268323,268325,0,2,3
76684,2,2,268325,268325,268327,0,2,0
76685,4,2,268329,268329,268331,0,2,2
76686,3,2,268332,268332,268334,0,2,1
76687,6,2,268338,268338,268340,0,2,4
76688,2,2,268340,268340,268342,0,2,0
76689,5,2,268345,268345,268347,0,2,3
76690,6,3,268351,268351,268354,0,3,4
76691,6,3,268357,268357,268360,0,3,3
76692,5,2,268362,268362,268364,0,2,2
76693,1,2,268363,268364,268366,1,3,0
76694,3,3,268366,268366,268369,0,3,0
76695,1,2,268367,268369,268371,2,4,0
76696,4,2,268371,268371,268373,0,2,0
76697,1,3,268372,268373,268376,1,4,0
76698,6,3,268378,268378,268381,0,3,2
76699,3,3,268381,268381,268384,0,3,0
76700,5,2,268386,268386,268388,0,2,2
76701,1,2,268387,268388,268390,1,3,0
76702,5,2,268392,268392,268394,0,2,2
76703,1,1,268393,268394,268395,1,2,0
76704,5,1,268398,268398,268399,0,1,3
76705,4,3,268402,268402,268405,0,3,3
76706,2,3,268404,268405,268408,1,4,0
76707,4,1,268408,268408,268409,0,1,0
76708,2,3,268410,268410,268413,0,3,1
76709,5,3,268415,268415,268418,0,3,2
76710,4,1,268419,268419,268420,0,1,1
76711,5,2,268424,268424,268426,0,2,4
76712,6,1,268430,268430,268431,0,1,4
76713,2,2,268432,268432,268434,0,2,1
76714,1,3,268433,268434,268437,1,4,0
76715,2,1,268435,268437,268438,2,3,0
76716,4,2,268439,268439,268441,0,2,1
76717,2,3,268441,268441,268444,0,3,0
76718,6,3,268447,268447,268450,0,3,3
76719,3,2,268450,268450,268452,0,2,0
76720,2,1,268452,268452,268453,0,1,0
76721,6,1,268458,268458,268459,0,1,5
76722,5,2,268463,268463,268465,0,2,4
76723,2,1,268465,268465,268466,0,1,0
76724,6,2,268471,268471,268473,0,2,5
76725,6,1,268477,268477,268478,0,1,4
76726,6,3,268483,268483,268486,0,3,5
76727,4,1,268487,268487,268488,0,1,1
76728,5,1,268492,268492,268493,0,1,4
76729,6,2,268498,268498,268500,0,2,5
76730,3,3,268501,268501,268504,0,3,1
76731,2,3,268503,268504,268507,1,4,0
76732,6,3,268509,268509,268512,0,3,2
76733,3,2,268512,268512,268514,0,2,0
76734,5,1,268517,268517,268518,0,1,3
76735,5,3,268522,268522,268525,0,3,4
76736,6,3,268528,268528,268531,0,3,3
76737,4,1,268532,268532,268533,0,1,1
76738,4,2,268536,268536,268538,0,2,3
76739,2,1,268538,268538,268539,0,1,0
76740,1,2,268539,268539,268541,0,2,0
76741,1,2,268540,268541,268543,1,3,0
76742,5,2,268545,268545,268547,0,2,2
76743,6,1,268551,268551,268552,0,1,4
76744,4,2,268555,268555,268557,0,2,3
76745,6,3,268561,268561,268564,0,3,4
76746,6,2,268567,268567,268569,0,2,3
76747,1,3,268568,268569,268572,1,4,0
76748,2,2,268570,268572,268574,2,4,0
76749,1,1,268571,268574,268575,3,4,0
76750,1,2,268572,268575,268577,3,5,0
76751,6,1,268578,268578,268579,0,1,1
76752,5,1,268583,268583,268584,0,1,4
76753,4,1,268587,268587,268588,0,1,3
76754,1,3,268588,268588,268591,0,3,0
76755,2,3,268590,268591,268594,1,4,0
76756,2,3,268592,268594,268597,2,5,0
76757,3,2,268595,268597,268599,2,4,0
76758,5,3,268600,268600,268603,0,3,1
76759,1,3,268601,268603,268606,2,5,0
76760,6,2,268607,268607,268609,0,2,1
76761,1,3,268608,268609,268612,1,4,0
76762,2,3,268610,268612,268615,2,5,0
76763,1,1,268611,268615,268616,4,5,0
76764,1,1,268612,268616,268617,4,5,0
76765,3,1,268615,268617,268618,2,3,0
76766,1,3,268616,268618,268621,2,5,0
76767,3,1,268619,268621,268622,2,3,0
76768,2,3,268621,268622,268625,1,4,0
76769,4,2,268625,268625,268627,0,2,0
76770,3,2,268628,268628,268630,0,2,1
76771,2,2,268630,268630,268632,0,2,0
76772,6,1,268636,268636,268637,0,1,4
76773,3,2,268639,268639,268641,0,2,2
76774,2,1,268641,268641,268642,0,1,0
76775,1,2,268642,268642,268644,0,2,0
76776,1,1,268643,268644,268645,1,2,0
76777,6,2,268649,268649,268651,0,2,4
76778,3,1,268652,268652,268653,0,1,1
76779,3,1,268655,268655,268656,0,1,2
76780,4,2,268659,268659,268661,0,2,3
76781,5,3,268664,268664,268667,0,3,3
76782,3,1,268667,268667,268668,0,1,0
76783,4,3,268671,268671,268674,0,3,3
76784,5,1,268676,268676,268677,0,1,2
76785,2,2,268678,268678,268680,0,2,1
76786,1,1,268679,268680,268681,1,2,0
76787,5,2,268684,268684,268686,0,2,3
76788,6,1,268690,268690,268691,0,1,4
76789,5,2,268695,268695,268697,0,2,4
76790,2,3,268697,268697,268700,0,3,0
76791,4,2,268701,268701,268703,0,2,1
76792,2,2,268703,268703,268705,0,2,0
76793,6,2,268709,268709,268711,0,2,4
76794,5,3,268714,268714,268717,0,3,3
76795,2,3,268716,268717,268720,1,4,0
76796,1,2,268717,268720,268722,3,5,0
76797,3,1,268720,268722,268723,2,3,0
76798,1,2,268721,268723,268725,2,4,0
76799,2,3,268723,268725,268728,2,5,0
76800,3,2,268726,268728,268730,2,4,0
76801,3,1,268729,268730,268731,1,2,0
76802,1,3,268730,268731,268734,1,4,0
76803,2,2,268732,268734,268736,2,4,0
76804,4,3,268736,268736,268739,0,3,0
76805,5,1,268741,268741,268742,0,1,2
76806,2,1,268743,268743,268744,0,1,1
76807,3,3,268746,268746,268749,0,3,2
76808,3,1,268749,268749,268750,0,1,0
76809,4,3,268753,268753,268756,0,3,3
76810,2,1,268755,268756,268757,1,2,0
76811,4,2,268759,268759,268761,0,2,2
76812,4,1,268763,268763,268764,0,1,2
76813,3,2,268766,268766,268768,0,2,2
76814,3,1,268769,268769,268770,0,1,1
76815,3,1,268772,268772,268773,0,1,2
76816,5,2,268777,268777,268779,0,2,4
76817,5,2,268782,268782,268784,0,2,3
76818,4,3,268786,268786,268789,0,3,2
76819,3,2,268789,268789,268791,0,2,0
76820,2,1,268791,268791,268792,0,1,0
76821,5,3,268796,268796,268799,0,3,4
76822,1,3,268797,268799,268802,2,5,0
76823,1,1,268798,268802,268803,4,5,0
76824,2,1,268800,268803,268804,3,4,0
76825,5,2,268805,268805,268807,0,2,1
76826,2,1,268807,268807,268808,0,1,0
76827,5,2,268812,268812,268814,0,2,4
76828,5,2,268817,268817,268819,0,2,3
76829,4,3,268821,268821,268824,0,3,2
76830,2,3,268823,268824,268827,1,4,0
76831,6,2,268829,268829,268831,0,2,2
76832,1,2,268830,268831,268833,1,3,0
76833,5,2,268835,268835,268837,0,2,2
76834,6,2,268841,268841,268843,0,2,4
76835,2,3,268843,268843,268846,0,3,0
76836,6,1,268849,268849,268850,0,1,3
76837,1,2,268850,268850,268852,0,2,0
76838,4,2,268854,268854,268856,0,2,2
76839,3,2,268857,268857,268859,0,2,1
76840,3,1,268860,268860,268861,0,1,1
76841,4,3,268864,268864,268867,0,3,3
76842,1,3,268865,268867,268870,2,5,0
76843,3,2,268868,268870,268872,2,4,0
76844,6,3,268874,268874,268877,0,3,2
76845,4,3,268878,268878,268881,0,3,1
76846,1,2,268879,268881,268883,2,4,0
76847,3,1,268882,268883,268884,1,2,0
76848,5,2,268887,268887,268889,0,2,3
76849,1,2,268888,268889,268891,1,3,0
76850,6,3,268894,268894,268897,0,3,3
76851,3,1,268897,268897,268898,0,1,0
76852,6,3,268903,268903,268906,0,3,5
76853,1,2,268904,268906,268908,2,4,0
76854,2,3,268906,268908,268911,2,5,0
76855,5,2,268911,268911,268913,0,2,0
76856,4,1,268915,268915,268916,0,1,2
76857,4,1,268919,268919,268920,0,1,3
76858,3,1,268922,268922,268923,0,1,2
76859,2,2,268924,268924,268926,0,2,1
76860,3,3,268927,268927,268930,0,3,1
76861,1,2,268928,268930,268932,2,4,0
76862,4,3,268932,268932,268935,0,3,0
76863,5,3,268937,268937,268940,0,3,2
76864,5,2,268942,268942,268944,0,2,2
76865,2,3,268944,268944,268947,0,3,0
76866,5,3,268949,268949,268952,0,3,2
76867,2,3,268951,268952,268955,1,4,0
76868,3,3,268954,268955,268958,1,4,0
76869,3,2,268957,268958,268960,1,3,0
76870,6,2,268963,268963,268965,0,2,3
76871,5,2,268968,268968,268970,0,2,3
76872,6,2,268974,268974,268976,0,2,4
76873,1,2,268975,268976,268978,1,3,0
76874,4,2,268979,268979,268981,0,2,1
76875,3,1,268982,268982,268983,0,1,1
76876,3,1,268985,268985,268986,0,1,2
76877,1,3,268986,268986,268989,0,3,0
76878,1,2,268987,268989,268991,2,4,0
76879,2,2,268989,268991,268993,2,4,0
76880,3,3,268992,268993,268996,1,4,0
76881,4,1,268996,268996,268997,0,1,0
76882,4,1,269000,269000,269001,0,1,3
76883,6,1,269006,269006,269007,0,1,5
76884,2,3,269008,269008,269011,0,3,1
76885,3,3,269011,269011,269014,0,3,0
76886,5,3,269016,269016,269019,0,3,2
76887,3,2,269019,269019,269021,0,2,0
76888,2,1,269021,269021,269022,0,1,0
76889,3,3,269024,269024,269027,0,3,2
76890,3,1,269027,269027,269028,0,1,0
76891,5,1,269032,269032,269033,0,1,4
76892,6,2,269038,269038,269040,0,2,5
76893,3,1,269041,269041,269042,0,1,1
76894,3,3,269044,269044,269047,0,3,2
76895,3,2,269047,269047,269049,0,2,0
76896,2,3,269049,269049,269052,0,3,0
76897,2,3,269051,269052,269055,1,4,0
76898,3,2,269054,269055,269057,1,3,0
76899,1,2,269055,269057,269059,2,4,0
76900,1,2,269056,269059,269061,3,5,0
76901,4,3,269060,269061,269064,1,4,0
76902,6,2,269066,269066,269068,0,2,2
76903,6,2,269072,269072,269074,0,2,4
76904,6,2,269078,269078,269080,0,2,4
76905,1,2,269079,269080,269082,1,3,0
76906,5,2,269084,269084,269086,0,2,2
76907,1,2,269085,269086,269088,1,3,0
76908,5,2,269090,269090,269092,0,2,2
76909,5,3,269095,269095,269098,0,3,3
76910,5,3,269100,269100,269103,0,3,2
76911,5,3,269105,269105,269108,0,3,2
76912,5,3,269110,269110,269113,0,3,2
76913,1,1,269111,269113,269114,2,3,0
76914,6,1,269117,269117,269118,0,1,3
76915,2,3,269119,269119,269122,0,3,1
76916,2,3,269121,269122,269125,1,4,0
76917,5,2,269126,269126,269128,0,2,1
76918,1,1,269127,269128,269129,1,2,0
76919,6,1,269133,269133,269134,0,1,4
76920,4,1,269137,269137,269138,0,1,3
76921,1,1,269138,269138,269139,0,1,0
76922,2,1,269140,269140,269141,0,1,1
76923,6,3,269146,269146,269149,0,3,5
76924,4,3,269150,269150,269153,0,3,1
76925,1,2,269151,269153,269155,2,4,0
76926,1,3,269152,269155,269158,3,6,0
76927,3,1,269155,269158,269159,3,4,0
76928,1,2,269156,269159,269161,3,5,0
76929,3,2,269159,269161,269163,2,4,0
76930,3,3,269162,269163,269166,1,4,0
76931,3,2,269165,269166,269168,1,3,0
76932,4,2,269169,269169,269171,0,2,1
76933,3,3,269172,269172,269175,0,3,1
76934,1,3,269173,269175,269178,2,5,0
76935,6,3,269179,269179,269182,0,3,1
76936,1,1,269180,269182,269183,2,3,0
76937,6,2,269186,269186,269188,0,2,3
76938,6,1,269192,269192,269193,0,1,4
76939,3,2,269195,269195,269197,0,2,2
76940,5,1,269200,269200,269201,0,1,3
76941,2,3,269202,269202,269205,0,3,1
76942,2,3,269204,269205,269208,1,4,0
76943,4,1,269208,269208,269209,0,1,0
76944,1,2,269209,269209,269211,0,2,0
76945,1,3,269210,269211,269214,1,4,0
76946,2,1,269212,269214,269215,2,3,0
76947,4,2,269216,269216,269218,0,2,1
76948,2,3,269218,269218,269221,0,3,0
76949,4,3,269222,269222,269225,0,3,1
76950,3,3,269225,269225,269228,0,3,0
76951,3,3,269228,269228,269231,0,3,0
76952,3,1,269231,269231,269232,0,1,0
76953,6,2,269237,269237,269239,0,2,5
76954,3,2,269240,269240,269242,0,2,1
76955,2,2,269242,269242,269244,0,2,0
76956,6,1,269248,269248,269249,0,1,4
76957,6,1,269254,269254,269255,0,1,5
76958,1,1,269255,269255,269256,0,1,0
76959,6,3,269261,269261,269264,0,3,5
76960,3,2,269264,269264,269266,0,2,0
76961,2,3,269266,269266,269269,0,3,0
76962,5,3,269271,269271,269274,0,3,2
76963,4,2,269275,269275,269277,0,2,1
76964,2,2,269277,269277,269279,0,2,0
76965,3,2,269280,269280,269282,0,2,1
76966,3,3,269283,269283,269286,0,3,1
76967,2,1,269285,269286,269287,1,2,0
76968,1,1,269286,269287,269288,1,2,0
76969,2,2,269288,269288,269290,0,2,0
76970,6,3,269294,269294,269297,0,3,4
76971,3,1,269297,269297,269298,0,1,0
76972,3,1,269300,269300,269301,0,1,2
76973,6,1,269306,269306,269307,0,1,5
76974,2,2,269308,269308,269310,0,2,1
76975,1,2,269309,269310,269312,1,3,0
76976,4,2,269313,269313,269315,0,2,1
76977,6,2,269319,269319,269321,0,2,4
76978,3,2,269322,269322,269324,0,2,1
76979,1,3,269323,269324,269327,1,4,0
76980,5,3,269328,269328,269331,0,3,1
76981,2,2,269330,269331,269333,1,3,0
76982,4,2,269334,269334,269336,0,2,1
76983,3,2,269337,269337,269339,0,2,1
76984,5,2,269342,269342,269344,0,2,3
76985,3,1,269345,269345,269346,0,1,1
76986,2,1,269347,269347,269348,0,1,1
76987,6,1,269353,269353,269354,0,1,5
76988,2,2,269355,269355,269357,0,2,1
76989,1,2,269356,269357,269359,1,3,0
76990,5,3,269361,269361,269364,0,3,2
76991,1,2,269362,269364,269366,2,4,0
76992,6,1,269368,269368,269369,0,1,2
76993,1,2,269369,269369,269371,0,2,0
76994,3,1,269372,269372,269373,0,1,1
76995,4,1,269376,269376,269377,0,1,3
76996,3,3,269379,269379,269382,0,3,2
76997,4,3,269383,269383,269386,0,3,1
76998,3,2,269386,269386,269388,0,2,0
76999,5,1,269391,269391,269392,0,1,3
77000,6,3,269397,269397,269400,0,3,5
77001,5,2,269402,269402,269404,0,2,2
77002,1,3,269403,269404,269407,1,4,0
77003,2,2,269405,269407,269409,2,4,0
77004,4,3,269409,269409,269412,0,3,0
77005,3,1,269412,269412,269413,0,1,0
77006,4,3,269416,269416,269419,0,3,3
77007,6,1,269422,269422,269423,0,1,3
77008,1,1,269423,269423,269424,0,1,0
77009,2,1,269425,269425,269426,0,1,1
77010,2,1,269427,269427,269428,0,1,1
77011,3,1,269430,269430,269431,0,1,2
77012,6,1,269436,269436,269437,0,1,5
77013,6,2,269442,269442,269444,0,2,5
77014,6,2,269448,269448,269450,0,2,4
77015,2,1,269450,269450,269451,0,1,0
77016,2,3,269452,269452,269455,0,3,1
77017,3,2,269455,269455,269457,0,2,0
77018,6,1,269461,269461,269462,0,1,4
77019,1,3,269462,269462,269465,0,3,0
77020,4,3,269466,269466,269469,0,3,1
77021,5,1,269471,269471,269472,0,1,2
77022,3,2,269474,269474,269476,0,2,2
77023,5,3,269479,269479,269482,0,3,3
77024,4,1,269483,269483,269484,0,1,1
77025,2,3,269485,269485,269488,0,3,1
77026,6,1,269491,269491,269492,0,1,3
77027,4,3,269495,269495,269498,0,3,3
77028,4,2,269499,269499,269501,0,2,1
77029,4,1,269503,269503,269504,0,1,2
77030,4,2,269507,269507,269509,0,2,3
77031,2,2,269509,269509,269511,0,2,0
77032,6,1,269515,269515,269516,0,1,4
77033,5,1,269520,269520,269521,0,1,4
77034,5,2,269525,269525,269527,0,2,4
77035,1,1,269526,269527,269528,1,2,0
77036,6,1,269532,269532,269533,0,1,4
77037,4,3,269536,269536,269539,0,3,3
77038,4,2,269540,269540,269542,0,2,1
77039,3,3,269543,269543,269546,0,3,1
77040,6,2,269549,269549,269551,0,2,3
77041,4,2,269553,269553,269555,0,2,2
77042,2,3,269555,269555,269558,0,3,0
77043,3,2,269558,269558,269560,0,2,0
77044,1,1,269559,269560,269561,1,2,0
77045,3,2,269562,269562,269564,0,2,1
77046,1,2,269563,269564,269566,1,3,0
77047,5,2,269568,269568,269570,0,2,2
77048,3,3,269571,269571,269574,0,3,1
77049,1,1,269572,269574,269575,2,3,0
77050,5,3,269577,269577,269580,0,3,2
77051,5,2,269582,269582,269584,0,2,2
77052,3,2,269585,269585,269587,0,2,1
77053,2,3,269587,269587,269590,0,3,0
77054,1,2,269588,269590,269592,2,4,0
77055,1,1,269589,269592,269593,3,4,0
77056,3,2,269592,269593,269595,1,3,0
77057,5,3,269597,269597,269600,0,3,2
77058,4,1,269601,269601,269602,0,1,1
77059,1,3,269602,269602,269605,0,3,0
77060,5,3,269607,269607,269610,0,3,2
77061,4,2,269611,269611,269613,0,2,1
77062,4,1,269615,269615,269616,0,1,2
77063,5,2,269620,269620,269622,0,2,4
77064,2,2,269622,269622,269624,0,2,0
77065,1,2,269623,269624,269626,1,3,0
77066,4,3,269627,269627,269630,0,3,1
77067,6,3,269633,269633,269636,0,3,3
77068,6,1,269639,269639,269640,0,1,3
77069,5,3,269644,269644,269647,0,3,4
77070,6,2,269650,269650,269652,0,2,3
77071,1,3,269651,269652,269655,1,4,0
77072,3,3,269654,269655,269658,1,4,0
77073,1,1,269655,269658,269659,3,4,0
77074,2,1,269657,269659,269660,2,3,0
77075,2,1,269659,269660,269661,1,2,0
77076,3,2,269662,269662,269664,0,2,1
77077,5,2,269667,269667,269669,0,2,3
77078,2,2,269669,269669,269671,0,2,0
77079,4,2,269673,269673,269675,0,2,2
77080,4,3,269677,269677,269680,0,3,2
77081,3,1,269680,269680,269681,0,1,0
77082,5,1,269685,269685,269686,0,1,4
77083,4,1,269689,269689,269690,0,1,3
77084,5,1,269694,269694,269695,0,1,4
77085,5,2,269699,269699,269701,0,2,4
77086,3,2,269702,269702,269704,0,2,1
77087,3,3,269705,269705,269708,0,3,1
77088,1,1,269706,269708,269709,2,3,0
77089,3,1,269709,269709,269710,0,1,0
77090,6,2,269715,269715,269717,0,2,5
77091,3,1,269718,269718,269719,0,1,1
77092,4,1,269722,269722,269723,0,1,3
77093,1,2,269723,269723,269725,0,2,0
77094,3,1,269726,269726,269727,0,1,1
77095,4,1,269730,269730,269731,0,1,3
77096,6,2,269736,269736,269738,0,2,5
77097,2,2,269738,269738,269740,0,2,0
77098,1,3,269739,269740,269743,1,4,0
77099,1,3,269740,269743,269746,3,6,0
77100,2,3,269742,269746,269749,4,7,0
77101,1,3,269743,269749,269752,6,9,0
77102,4,2,269747,269752,269754,5,7,0
77103,5,2,269752,269754,269756,2,4,0
77104,2,3,269754,269756,269759,2,5,0
77105,2,2,269756,269759,269761,3,5,0
77106,4,1,269760,269761,269762,1,2,0
77107,4,2,269764,269764,269766,0,2,2
77108,4,1,269768,269768,269769,0,1,2
77109,6,2,269774,269774,269776,0,2,5
77110,6,2,269780,269780,269782,0,2,4
77111,6,2,269786,269786,269788,0,2,4
77112,1,3,269787,269788,269791,1,4,0
77113,2,3,269789,269791,269794,2,5,0
77114,2,1,269791,269794,269795,3,4,0
77115,2,3,269793,269795,269798,2,5,0
77116,4,1,269797,269798,269799,1,2,0
77117,3,3,269800,269800,269803,0,3,1
77118,4,3,269804,269804,269807,0,3,1
77119,1,1,269805,269807,269808,2,3,0
77120,4,2,269809,269809,269811,0,2,1
77121,6,1,269815,269815,269816,0,1,4
77122,3,1,269818,269818,269819,0,1,2
77123,6,2,269824,269824,269826,0,2,5
77124,3,3,269827,269827,269830,0,3,1
77125,1,2,269828,269830,269832,2,4,0
77126,4,3,269832,269832,269835,0,3,0
77127,6,1,269838,269838,269839,0,1,3
77128,6,3,269844,269844,269847,0,3,5
77129,3,3,269847,269847,269850,0,3,0
77130,3,1,269850,269850,269851,0,1,0
77131,2,1,269852,269852,269853,0,1,1
77132,5,1,269857,269857,269858,0,1,4
77133,4,1,269861,269861,269862,0,1,3
77134,1,2,269862,269862,269864,0,2,0
77135,6,2,269868,269868,269870,0,2,4
77136,3,3,269871,269871,269874,0,3,1
77137,5,1,269876,269876,269877,0,1,2
77138,1,2,269877,269877,269879,0,2,0
77139,2,1,269879,269879,269880,0,1,0
77140,4,1,269883,269883,269884,0,1,3
77141,1,2,269884,269884,269886,0,2,0
77142,3,1,269887,269887,269888,0,1,1
77143,5,1,269892,269892,269893,0,1,4
77144,1,1,269893,269893,269894,0,1,0
77145,4,2,269897,269897,269899,0,2,3
77146,2,2,269899,269899,269901,0,2,0
77147,1,3,269900,269901,269904,1,4,0
77148,2,3,269902,269904,269907,2,5,0
77149,6,2,269908,269908,269910,0,2,1
77150,5,2,269913,269913,269915,0,2,3
77151,5,3,269918,269918,269921,0,3,3
77152,1,3,269919,269921,269924,2,5,0
77153,1,2,269920,269924,269926,4,6,0
77154,5,1,269925,269926,269927,1,2,0
77155,3,1,269928,269928,269929,0,1,1
77156,6,2,269934,269934,269936,0,2,5
77157,1,1,269935,269936,269937,1,2,0
77158,4,3,269939,269939,269942,0,3,2
77159,5,1,269944,269944,269945,0,1,2
77160,3,1,269947,269947,269948,0,1,2
77161,6,3,269953,269953,269956,0,3,5
77162,4,1,269957,269957,269958,0,1,1
77163,3,2,269960,269960,269962,0,2,2
77164,2,2,269962,269962,269964,0,2,0
77165,6,1,269968,269968,269969,0,1,4
77166,2,2,269970,269970,269972,0,2,1
77167,2,3,269972,269972,269975,0,3,0
77168,5,1,269977,269977,269978,0,1,2
77169,3,1,269980,269980,269981,0,1,2
77170,6,2,269986,269986,269988,0,2,5
77171,6,1,269992,269992,269993,0,1,4
77172,1,2,269993,269993,269995,0,2,0
77173,2,2,269995,269995,269997,0,2,0
77174,4,2,269999,269999,270001,0,2,2
77175,4,1,270003,270003,270004,0,1,2
77176,3,3,270006,270006,270009,0,3,2
77177,1,3,270007,270009,270012,2,5,0
77178,4,3,270011,270012,270015,1,4,0
77179,1,2,270012,270015,270017,3,5,0
77180,3,2,270015,270017,270019,2,4,0
77181,1,2,270016,270019,270021,3,5,0
77182,2,3,270018,270021,270024,3,6,0
77183,5,2,270023,270024,270026,1,3,0
77184,4,1,270027,270027,270028,0,1,1
77185,2,3,270029,270029,270032,0,3,1
77186,4,1,270033,270033,270034,0,1,1
77187,2,1,270035,270035,270036,0,1,1
77188,6,3,270041,270041,270044,0,3,5
77189,4,1,270045,270045,270046,0,1,1
77190,6,2,270051,270051,270053,0,2,5
77191,3,2,270054,270054,270056,0,2,1
77192,6,1,270060,270060,270061,0,1,4
77193,5,3,270065,270065,270068,0,3,4
77194,3,3,270068,270068,270071,0,3,0
77195,1,3,270069,270071,270074,2,5,0
77196,2,1,270071,270074,270075,3,4,0
77197,1,3,270072,270075,270078,3,6,0
77198,6,2,270078,270078,270080,0,2,0
77199,6,2,270084,270084,270086,0,2,4
77200,1,1,270085,270086,270087,1,2,0
77201,1,1,270086,270087,270088,1,2,0
77202,1,3,270087,270088,270091,1,4,0
77203,1,3,270088,270091,270094,3,6,0
77204,4,1,270092,270094,270095,2,3,0
77205,3,2,270095,270095,270097,0,2,0
77206,6,1,270101,270101,270102,0,1,4
77207,3,1,270104,270104,270105,0,1,2
77208,6,1,270110,270110,270111,0,1,5
77209,6,2,270116,270116,270118,0,2,5
77210,3,2,270119,270119,270121,0,2,1
77211,6,1,270125,270125,270126,0,1,4
77212,5,2,270130,270130,270132,0,2,4
77213,4,2,270134,270134,270136,0,2,2
77214,3,1,270137,270137,270138,0,1,1
77215,2,1,270139,270139,270140,0,1,1
77216,5,3,270144,270144,270147,0,3,4
77217,6,2,270150,270150,270152,0,2,3
77218,2,2,270152,270152,270154,0,2,0
77219,2,2,270154,270154,270156,0,2,0
77220,5,1,270159,270159,270160,0,1,3
77221,2,1,270161,270161,270162,0,1,1
77222,4,3,270165,270165,270168,0,3,3
77223,2,1,270167,270168,270169,1,2,0
77224,2,3,270169,270169,270172,0,3,0
77225,2,1,270171,270172,270173,1,2,0
77226,2,3,270173,270173,270176,0,3,0
77227,1,3,270174,270176,270179,2,5,0
77228,4,1,270178,270179,270180,1,2,0
77229,2,3,270180,270180,270183,0,3,0
77230,2,1,270182,270183,270184,1,2,0
77231,2,3,270184,270184,270187,0,3,0
77232,2,1,270186,270187,270188,1,2,0
77233,6,1,270192,270192,270193,0,1,4
77234,4,1,270196,270196,270197,0,1,3
77235,2,3,270198,270198,270201,0,3,1
77236,4,1,270202,270202,270203,0,1,1
77237,6,3,270208,270208,270211,0,3,5
77238,3,3,270211,270211,270214,0,3,0
77239,2,3,270213,270214,270217,1,4,0
77240,4,1,270217,270217,270218,0,1,0
77241,3,1,270220,270220,270221,0,1,2
77242,6,2,270226,270226,270228,0,2,5
77243,5,2,270231,270231,270233,0,2,3
77244,4,3,270235,270235,270238,0,3,2
77245,4,2,270239,270239,270241,0,2,1
77246,6,1,270245,270245,270246,0,1,4
77247,5,2,270250,270250,270252,0,2,4
77248,2,1,270252,270252,270253,0,1,0
77249,2,3,270254,270254,270257,0,3,1
77250,1,2,270255,270257,270259,2,4,0
77251,5,1,270260,270260,270261,0,1,1
77252,5,3,270265,270265,270268,0,3,4
77253,1,3,270266,270268,270271,2,5,0
77254,3,2,270269,270271,270273,2,4,0
77255,3,1,270272,270273,270274,1,2,0
77256,2,3,270274,270274,270277,0,3,0
77257,2,2,270276,270277,270279,1,3,0
77258,5,1,270281,270281,270282,0,1,2
77259,5,1,270286,270286,270287,0,1,4
77260,6,2,270292,270292,270294,0,2,5
77261,6,1,270298,270298,270299,0,1,4
77262,4,1,270302,270302,270303,0,1,3
77263,6,3,270308,270308,270311,0,3,5
77264,6,2,270314,270314,270316,0,2,3
77265,4,3,270318,270318,270321,0,3,2
77266,5,1,270323,270323,270324,0,1,2
77267,3,1,270326,270326,270327,0,1,2
77268,2,1,270328,270328,270329,0,1,1
77269,1,1,270329,270329,270330,0,1,0
77270,5,3,270334,270334,270337,0,3,4
77271,4,2,270338,270338,270340,0,2,1
77272,4,2,270342,270342,270344,0,2,2
77273,3,2,270345,270345,270347,0,2,1
77274,5,2,270350,270350,270352,0,2,3
77275,5,2,270355,270355,270357,0,2,3
77276,4,2,270359,270359,270361,0,2,2
77277,3,1,270362,270362,270363,0,1,1
77278,3,2,270365,270365,270367,0,2,2
77279,2,3,270367,270367,270370,0,3,0
77280,1,3,270368,270370,270373,2,5,0
77281,5,2,270373,270373,270375,0,2,0
77282,4,2,270377,270377,270379,0,2,2
77283,1,1,270378,270379,270380,1,2,0
77284,4,1,270382,270382,270383,0,1,2
77285,6,3,270388,270388,270391,0,3,5
77286,6,3,270394,270394,270397,0,3,3
77287,2,1,270396,270397,270398,1,2,0
77288,6,3,270402,270402,270405,0,3,4
77289,1,3,270403,270405,270408,2,5,0
77290,5,1,270408,270408,270409,0,1,0
77291,5,2,270413,270413,270415,0,2,4
77292,4,1,270417,270417,270418,0,1,2
77293,6,2,270423,270423,270425,0,2,5
77294,5,1,270428,270428,270429,0,1,3
77295,4,3,270432,270432,270435,0,3,3
77296,3,3,270435,270435,270438,0,3,0
77297,5,3,270440,270440,270443,0,3,2
77298,4,2,270444,270444,270446,0,2,1
77299,5,2,270449,270449,270451,0,2,3
77300,3,3,270452,270452,270455,0,3,1
77301,3,3,270455,270455,270458,0,3,0
77302,2,1,270457,270458,270459,1,2,0
77303,6,2,270463,270463,270465,0,2,4
77304,3,3,270466,270466,270469,0,3,1
77305,1,2,270467,270469,270471,2,4,0
77306,1,3,270468,270471,270474,3,6,0
77307,5,1,270473,270474,270475,1,2,0
77308,4,1,270477,270477,270478,0,1,2
77309,6,2,270483,270483,270485,0,2,5
77310,5,2,270488,270488,270490,0,2,3
77311,2,2,270490,270490,270492,0,2,0
77312,3,2,270493,270493,270495,0,2,1
77313,4,1,270497,270497,270498,0,1,2
77314,5,3,270502,270502,270505,0,3,4
77315,1,2,270503,270505,270507,2,4,0
77316,4,3,270507,270507,270510,0,3,0
77317,4,3,270511,270511,270514,0,3,1
77318,3,2,270514,270514,270516,0,2,0
77319,4,1,270518,270518,270519,0,1,2
77320,5,3,270523,270523,270526,0,3,4
77321,2,1,270525,270526,270527,1,2,0
77322,1,2,270526,270527,270529,1,3,0
77323,1,1,270527,270529,270530,2,3,0
77324,2,2,270529,270530,270532,1,3,0
77325,4,1,270533,270533,270534,0,1,1
77326,6,3,270539,270539,270542,0,3,5
77327,3,2,270542,270542,270544,0,2,0
77328,4,3,270546,270546,270549,0,3,2
77329,5,2,270551,270551,270553,0,2,2
77330,1,3,270552,270553,270556,1,4,0
77331,4,2,270556,270556,270558,0,2,0
77332,1,3,270557,270558,270561,1,4,0
77333,6,3,270563,270563,270566,0,3,2
77334,5,2,270568,270568,270570,0,2,2
77335,1,3,270569,270570,270573,1,4,0
77336,6,1,270575,270575,270576,0,1,2
77337,3,2,270578,270578,270580,0,2,2
77338,5,3,270583,270583,270586,0,3,3
77339,4,1,270587,270587,270588,0,1,1
77340,4,2,270591,270591,270593,0,2,3
77341,1,3,270592,270593,270596,1,4,0
77342,2,1,270594,270596,270597,2,3,0
77343,2,1,270596,270597,270598,1,2,0
77344,6,2,270602,270602,270604,0,2,4
77345,4,2,270606,270606,270608,0,2,2
77346,5,2,270611,270611,270613,0,2,3
77347,2,3,270613,270613,270616,0,3,0
77348,6,1,270619,270619,270620,0,1,3
77349,3,2,270622,270622,270624,0,2,2
77350,5,3,270627,270627,270630,0,3,3
77351,6,2,270633,270633,270635,0,2,3
77352,3,3,270636,270636,270639,0,3,1
77353,4,2,270640,270640,270642,0,2,1
77354,3,3,270643,270643,270646,0,3,1
77355,3,2,270646,270646,270648,0,2,0
77356,4,2,270650,270650,270652,0,2,2
77357,1,2,270651,270652,270654,1,3,0
77358,4,1,270655,270655,270656,0,1,1
77359,5,2,270660,270660,270662,0,2,4
77360,6,1,270666,270666,270667,0,1,4
77361,1,2,270667,270667,270669,0,2,0
77362,5,1,270672,270672,270673,0,1,3
77363,4,2,270676,270676,270678,0,2,3
77364,6,2,270682,270682,270684,0,2,4
77365,3,1,270685,270685,270686,0,1,1
77366,3,3,270688,270688,270691,0,3,2
77367,4,1,270692,270692,270693,0,1,1
77368,2,3,270694,270694,270697,0,3,1
77369,1,3,270695,270697,270700,2,5,0
77370,5,3,270700,270700,270703,0,3,0
77371,1,3,270701,270703,270706,2,5,0
77372,6,2,270707,270707,270709,0,2,1
77373,5,1,270712,270712,270713,0,1,3
77374,1,1,270713,270713,270714,0,1,0
77375,1,2,270714,270714,270716,0,2,0
77376,2,1,270716,270716,270717,0,1,0
77377,5,2,270721,270721,270723,0,2,4
77378,3,3,270724,270724,270727,0,3,1
77379,3,3,270727,270727,270730,0,3,0
77380,1,2,270728,270730,270732,2,4,0
77381,1,3,270729,270732,270735,3,6,0
77382,1,1,270730,270735,270736,5,6,0
77383,3,3,270733,270736,270739,3,6,0
77384,6,1,270739,270739,270740,0,1,0
77385,6,3,270745,270745,270748,0,3,5
77386,6,3,270751,270751,270754,0,3,3
77387,4,3,270755,270755,270758,0,3,1
77388,6,1,270761,270761,270762,0,1,3
77389,4,1,270765,270765,270766,0,1,3
77390,6,3,270771,270771,270774,0,3,5
77391,2,2,270773,270774,270776,1,3,0
77392,1,2,270774,270776,270778,2,4,0
77393,2,1,270776,270778,270779,2,3,0
77394,2,1,270778,270779,270780,1,2,0
77395,2,1,270780,270780,270781,0,1,0
77396,1,1,270781,270781,270782,0,1,0
77397,1,2,270782,270782,270784,0,2,0
77398,3,2,270785,270785,270787,0,2,1
77399,3,2,270788,270788,270790,0,2,1
77400,1,2,270789,270790,270792,1,3,0
77401,6,3,270795,270795,270798,0,3,3
77402,3,2,270798,270798,270800,0,2,0
77403,4,1,270802,270802,270803,0,1,2
77404,2,3,270804,270804,270807,0,3,1
77405,2,3,270806,270807,270810,1,4,0
77406,5,1,270811,270811,270812,0,1,1
77407,4,3,270815,270815,270818,0,3,3
77408,2,3,270817,270818,270821,1,4,0
77409,6,2,270823,270823,270825,0,2,2
77410,2,2,270825,270825,270827,0,2,0
77411,4,1,270829,270829,270830,0,1,2
77412,1,1,270830,270830,270831,0,1,0
77413,6,3,270836,270836,270839,0,3,5
77414,4,3,270840,270840,270843,0,3,1
77415,2,3,270842,270843,270846,1,4,0
77416,5,2,270847,270847,270849,0,2,1
77417,2,2,270849,270849,270851,0,2,0
77418,3,1,270852,270852,270853,0,1,1
77419,5,1,270857,270857,270858,0,1,4
77420,4,1,270861,270861,270862,0,1,3
77421,1,3,270862,270862,270865,0,3,0
77422,6,2,270868,270868,270870,0,2,3
77423,4,3,270872,270872,270875,0,3,2
77424,2,3,270874,270875,270878,1,4,0
77425,5,1,270879,270879,270880,0,1,1
77426,1,1,270880,270880,270881,0,1,0
77427,4,3,270884,270884,270887,0,3,3
77428,4,2,270888,270888,270890,0,2,1
77429,1,2,270889,270890,270892,1,3,0
77430,3,1,270892,270892,270893,0,1,0
77431,2,1,270894,270894,270895,0,1,1
77432,1,1,270895,270895,270896,0,1,0
77433,2,1,270897,270897,270898,0,1,1
77434,1,3,270898,270898,270901,0,3,0
77435,2,2,270900,270901,270903,1,3,0
77436,1,3,270901,270903,270906,2,5,0
77437,5,1,270906,270906,270907,0,1,0
77438,4,2,270910,270910,270912,0,2,3
77439,3,2,270913,270913,270915,0,2,1
77440,6,1,270919,270919,270920,0,1,4
77441,5,2,270924,270924,270926,0,2,4
77442,6,1,270930,270930,270931,0,1,4
77443,5,1,270935,270935,270936,0,1,4
77444,2,1,270937,270937,270938,0,1,1
77445,4,3,270941,270941,270944,0,3,3
77446,1,2,270942,270944,270946,2,4,0
77447,6,3,270948,270948,270951,0,3,2
77448,6,3,270954,270954,270957,0,3,3
77449,5,1,270959,270959,270960,0,1,2
77450,3,2,270962,270962,270964,0,2,2
77451,6,1,270968,270968,270969,0,1,4
77452,4,1,270972,270972,270973,0,1,3
77453,2,1,270974,270974,270975,0,1,1
77454,6,1,270980,270980,270981,0,1,5
77455,6,2,270986,270986,270988,0,2,5
77456,5,1,270991,270991,270992,0,1,3
77457,6,3,270997,270997,271000,0,3,5
77458,1,3,270998,271000,271003,2,5,0
77459,5,3,271003,271003,271006,0,3,0
77460,4,3,271007,271007,271010,0,3,1
77461,5,3,271012,271012,271015,0,3,2
77462,2,1,271014,271015,271016,1,2,0
77463,6,2,271020,271020,271022,0,2,4
77464,2,1,271022,271022,271023,0,1,0
77465,1,2,271023,271023,271025,0,2,0
77466,4,2,271027,271027,271029,0,2,2
77467,3,2,271030,271030,271032,0,2,1
77468,1,3,271031,271032,271035,1,4,0
77469,5,3,271036,271036,271039,0,3,1
77470,6,1,271042,271042,271043,0,1,3
77471,2,2,271044,271044,271046,0,2,1
77472,2,1,271046,271046,271047,0,1,0
77473,5,1,271051,271051,271052,0,1,4
77474,6,3,271057,271057,271060,0,3,5
77475,4,1,271061,271061,271062,0,1,1
77476,4,1,271065,271065,271066,0,1,3
77477,2,1,271067,271067,271068,0,1,1
77478,1,1,271068,271068,271069,0,1,0
77479,1,3,271069,271069,271072,0,3,0
77480,4,3,271073,271073,271076,0,3,1
77481,6,2,271079,271079,271081,0,2,3
77482,3,1,271082,271082,271083,0,1,1
77483,5,1,271087,271087,271088,0,1,4
77484,3,3,271090,271090,271093,0,3,2
77485,4,3,271094,271094,271097,0,3,1
77486,2,2,271096,271097,271099,1,3,0
77487,1,3,271097,271099,271102,2,5,0
77488,2,1,271099,271102,271103,3,4,0
77489,3,3,271102,271103,271106,1,4,0
77490,2,1,271104,271106,271107,2,3,0
77491,1,2,271105,271107,271109,2,4,0
77492,3,3,271108,271109,271112,1,4,0
77493,2,2,271110,271112,271114,2,4,0
77494,6,1,271116,271116,271117,0,1,2
77495,2,3,271118,271118,271121,0,3,1
77496,1,1,271119,271121,271122,2,3,0
77497,5,2,271124,271124,271126,0,2,2
77498,2,1,271126,271126,271127,0,1,0
77499,4,2,271130,271130,271132,0,2,3
77500,6,2,271136,271136,271138,0,2,4
77501,4,1,271140,271140,271141,0,1,2
77502,6,3,271146,271146,271149,0,3,5
77503,2,3,271148,271149,271152,1,4,0
77504,5,2,271153,271153,271155,0,2,1
77505,4,3,271157,271157,271160,0,3,2
77506,6,2,271163,271163,271165,0,2,3
77507,5,1,271168,271168,271169,0,1,3
77508,6,3,271174,271174,271177,0,3,5
77509,6,1,271180,271180,271181,0,1,3
77510,6,1,271186,271186,271187,0,1,5
77511,5,3,271191,271191,271194,0,3,4
77512,6,2,271197,271197,271199,0,2,3
77513,2,3,271199,271199,271202,0,3,0
77514,3,1,271202,271202,271203,0,1,0
77515,3,3,271205,271205,271208,0,3,2
77516,5,3,271210,271210,271213,0,3,2
77517,4,2,271214,271214,271216,0,2,1
77518,6,2,271220,271220,271222,0,2,4
77519,6,2,271226,271226,271228,0,2,4
77520,4,3,271230,271230,271233,0,3,2
77521,4,2,271234,271234,271236,0,2,1
77522,4,1,271238,271238,271239,0,1,2
77523,6,2,271244,271244,271246,0,2,5
77524,1,2,271245,271246,271248,1,3,0
77525,4,2,271249,271249,271251,0,2,1
77526,5,2,271254,271254,271256,0,2,3
77527,3,2,271257,271257,271259,0,2,1
77528,3,1,271260,271260,271261,0,1,1
77529,6,1,271266,271266,271267,0,1,5
77530,5,1,271271,271271,271272,0,1,4
77531,6,1,271277,271277,271278,0,1,5
77532,5,3,271282,271282,271285,0,3,4
77533,5,2,271287,271287,271289,0,2,2
77534,3,1,271290,271290,271291,0,1,1
77535,6,3,271296,271296,271299,0,3,5
77536,2,1,271298,271299,271300,1,2,0
77537,3,2,271301,271301,271303,0,2,1
77538,1,2,271302,271303,271305,1,3,0
77539,6,3,271308,271308,271311,0,3,3
77540,4,3,271312,271312,271315,0,3,1
77541,1,3,271313,271315,271318,2,5,0
77542,1,2,271314,271318,271320,4,6,0
77543,3,1,271317,271320,271321,3,4,0
77544,3,2,271320,271321,271323,1,3,0
77545,4,2,271324,271324,271326,0,2,1
77546,2,2,271326,271326,271328,0,2,0
77547,3,2,271329,271329,271331,0,2,1
77548,4,3,271333,271333,271336,0,3,2
77549,3,1,271336,271336,271337,0,1,0
77550,2,2,271338,271338,271340,0,2,1
77551,3,2,271341,271341,271343,0,2,1
77552,2,1,271343,271343,271344,0,1,0
77553,2,2,271345,271345,271347,0,2,1
77554,5,1,271350,271350,271351,0,1,3
77555,1,1,271351,271351,271352,0,1,0
77556,1,1,271352,271352,271353,0,1,0
77557,5,2,271357,271357,271359,0,2,4
77558,6,1,271363,271363,271364,0,1,4
77559,5,2,271368,271368,271370,0,2,4
77560,3,1,271371,271371,271372,0,1,1
77561,6,3,271377,271377,271380,0,3,5
77562,1,1,271378,271380,271381,2,3,0
77563,2,3,271380,271381,271384,1,4,0
77564,3,2,271383,271384,271386,1,3,0
77565,5,1,271388,271388,271389,0,1,2
77566,6,2,271394,271394,271396,0,2,5
77567,3,2,271397,271397,271399,0,2,1
77568,4,2,271401,271401,271403,0,2,2
77569,6,1,271407,271407,271408,0,1,4
77570,2,3,271409,271409,271412,0,3,1
77571,5,3,271414,271414,271417,0,3,2
77572,1,2,271415,271417,271419,2,4,0
77573,1,3,271416,271419,271422,3,6,0
77574,1,1,271417,271422,271423,5,6,0
77575,4,1,271421,271423,271424,2,3,0
77576,3,2,271424,271424,271426,0,2,0
77577,4,2,271428,271428,271430,0,2,2
77578,6,3,271434,271434,271437,0,3,4
77579,4,2,271438,271438,271440,0,2,1
77580,2,1,271440,271440,271441,0,1,0
77581,3,3,271443,271443,271446,0,3,2
77582,3,3,271446,271446,271449,0,3,0
77583,5,3,271451,271451,271454,0,3,2
77584,2,3,271453,271454,271457,1,4,0
77585,5,3,271458,271458,271461,0,3,1
77586,6,2,271464,271464,271466,0,2,3
77587,2,2,271466,271466,271468,0,2,0
77588,6,2,271472,271472,271474,0,2,4
77589,6,1,271478,271478,271479,0,1,4
77590,1,1,271479,271479,271480,0,1,0
77591,4,3,271483,271483,271486,0,3,3
77592,3,1,271486,271486,271487,0,1,0
77593,1,1,271487,271487,271488,0,1,0
77594,2,2,271489,271489,271491,0,2,1
77595,3,1,271492,271492,271493,0,1,1
77596,5,3,271497,271497,271500,0,3,4
77597,2,3,271499,271500,271503,1,4,0
77598,1,3,271500,271503,271506,3,6,0
77599,4,3,271504,271506,271509,2,5,0
77600,4,1,271508,271509,271510,1,2,0
77601,5,2,271513,271513,271515,0,2,3
77602,4,1,271517,271517,271518,0,1,2
77603,4,2,271521,271521,271523,0,2,3
77604,4,2,271525,271525,271527,0,2,2
77605,3,2,271528,271528,271530,0,2,1
77606,3,1,271531,271531,271532,0,1,1
77607,4,2,271535,271535,271537,0,2,3
77608,3,1,271538,271538,271539,0,1,1
77609,5,1,271543,271543,271544,0,1,4
77610,3,1,271546,271546,271547,0,1,2
77611,1,2,271547,271547,271549,0,2,0
77612,1,1,271548,271549,271550,1,2,0
77613,2,3,271550,271550,271553,0,3,0
77614,5,2,271555,271555,271557,0,2,2
77615,4,2,271559,271559,271561,0,2,2
77616,1,2,271560,271561,271563,1,3,0
77617,2,2,271562,271563,271565,1,3,0
77618,3,1,271565,271565,271566,0,1,0
77619,1,1,271566,271566,271567,0,1,0
77620,1,1,271567,271567,271568,0,1,0
77621,2,3,271569,271569,271572,0,3,1
77622,5,2,271574,271574,271576,0,2,2
77623,5,1,271579,271579,271580,0,1,3
77624,2,3,271581,271581,271584,0,3,1
77625,4,3,271585,271585,271588,0,3,1
77626,3,3,271588,271588,271591,0,3,0
77627,3,1,271591,271591,271592,0,1,0
77628,3,2,271594,271594,271596,0,2,2
77629,4,2,271598,271598,271600,0,2,2
77630,6,2,271604,271604,271606,0,2,4
77631,1,3,271605,271606,271609,1,4,0
77632,4,2,271609,271609,271611,0,2,0
77633,5,1,271614,271614,271615,0,1,3
77634,1,1,271615,271615,271616,0,1,0
77635,1,3,271616,271616,271619,0,3,0
77636,4,2,271620,271620,271622,0,2,1
77637,6,3,271626,271626,271629,0,3,4
77638,5,2,271631,271631,271633,0,2,2
77639,6,3,271637,271637,271640,0,3,4
77640,4,1,271641,271641,271642,0,1,1
77641,5,2,271646,271646,271648,0,2,4
77642,4,1,271650,271650,271651,0,1,2
77643,5,2,271655,271655,271657,0,2,4
77644,2,3,271657,271657,271660,0,3,0
77645,3,1,271660,271660,271661,0,1,0
77646,2,3,271662,271662,271665,0,3,1
77647,6,1,271668,271668,271669,0,1,3
77648,5,1,271673,271673,271674,0,1,4
77649,6,3,271679,271679,271682,0,3,5
77650,4,2,271683,271683,271685,0,2,1
77651,5,2,271688,271688,271690,0,2,3
77652,2,2,271690,271690,271692,0,2,0
77653,1,3,271691,271692,271695,1,4,0
77654,2,3,271693,271695,271698,2,5,0
77655,5,3,271698,271698,271701,0,3,0
77656,2,3,271700,271701,271704,1,4,0
77657,2,1,271702,271704,271705,2,3,0
77658,4,3,271706,271706,271709,0,3,1
77659,2,1,271708,271709,271710,1,2,0
77660,2,3,271710,271710,271713,0,3,0
77661,1,3,271711,271713,271716,2,5,0
77662,4,2,271715,271716,271718,1,3,0
77663,4,2,271719,271719,271721,0,2,1
77664,1,3,271720,271721,271724,1,4,0
77665,6,2,271726,271726,271728,0,2,2
77666,5,1,271731,271731,271732,0,1,3
77667,3,2,271734,271734,271736,0,2,2
77668,6,1,271740,271740,271741,0,1,4
77669,5,2,271745,271745,271747,0,2,4
77670,5,1,271750,271750,271751,0,1,3
77671,6,3,271756,271756,271759,0,3,5
77672,6,1,271762,271762,271763,0,1,3
77673,1,2,271763,271763,271765,0,2,0
77674,4,2,271767,271767,271769,0,2,2
77675,6,2,271773,271773,271775,0,2,4
77676,3,1,271776,271776,271777,0,1,1
77677,3,3,271779,271779,271782,0,3,2
77678,1,3,271780,271782,271785,2,5,0
77679,2,2,271782,271785,271787,3,5,0
77680,1,1,271783,271787,271788,4,5,0
77681,2,3,271785,271788,271791,3,6,0
77682,2,3,271787,271791,271794,4,7,0
77683,4,2,271791,271794,271796,3,5,0
77684,6,3,271797,271797,271800,0,3,1
77685,1,3,271798,271800,271803,2,5,0
77686,3,1,271801,271803,271804,2,3,0
77687,5,1,271806,271806,271807,0,1,2
77688,1,2,271807,271807,271809,0,2,0
77689,5,2,271812,271812,271814,0,2,3
77690,4,2,271816,271816,271818,0,2,2
77691,1,2,271817,271818,271820,1,3,0
77692,6,3,271823,271823,271826,0,3,3
77693,3,1,271826,271826,271827,0,1,0
77694,3,1,271829,271829,271830,0,1,2
77695,2,1,271831,271831,271832,0,1,1
77696,4,2,271835,271835,271837,0,2,3
77697,2,1,271837,271837,271838,0,1,0
77698,1,3,271838,271838,271841,0,3,0
77699,6,1,271844,271844,271845,0,1,3
77700,6,3,271850,271850,271853,0,3,5
77701,3,1,271853,271853,271854,0,1,0
77702,4,2,271857,271857,271859,0,2,3
77703,5,1,271862,271862,271863,0,1,3
77704,3,3,271865,271865,271868,0,3,2
77705,6,1,271871,271871,271872,0,1,3
77706,3,3,271874,271874,271877,0,3,2
77707,1,1,271875,271877,271878,2,3,0
77708,4,1,271879,271879,271880,0,1,1
77709,2,3,271881,271881,271884,0,3,1
77710,5,3,271886,271886,271889,0,3,2
77711,1,3,271887,271889,271892,2,5,0
77712,3,1,271890,271892,271893,2,3,0
77713,5,1,271895,271895,271896,0,1,2
77714,1,3,271896,271896,271899,0,3,0
77715,6,1,271902,271902,271903,0,1,3
77716,1,1,271903,271903,271904,0,1,0
77717,3,1,271906,271906,271907,0,1,2
77718,3,2,271909,271909,271911,0,2,2
77719,1,1,271910,271911,271912,1,2,0
77720,4,3,271914,271914,271917,0,3,2
77721,2,2,271916,271917,271919,1,3,0
77722,3,1,271919,271919,271920,0,1,0
77723,6,1,271925,271925,271926,0,1,5
77724,6,1,271931,271931,271932,0,1,5
77725,3,2,271934,271934,271936,0,2,2
77726,3,2,271937,271937,271939,0,2,1
77727,3,2,271940,271940,271942,0,2,1
77728,4,1,271944,271944,271945,0,1,2
77729,2,2,271946,271946,271948,0,2,1
77730,6,1,271952,271952,271953,0,1,4
77731,1,3,271953,271953,271956,0,3,0
77732,2,2,271955,271956,271958,1,3,0
77733,3,3,271958,271958,271961,0,3,0
77734,6,1,271964,271964,271965,0,1,3
77735,6,3,271970,271970,271973,0,3,5
77736,1,1,271971,271973,271974,2,3,0
77737,1,3,271972,271974,271977,2,5,0
77738,5,1,271977,271977,271978,0,1,0
77739,3,3,271980,271980,271983,0,3,2
77740,6,2,271986,271986,271988,0,2,3
77741,3,1,271989,271989,271990,0,1,1
77742,4,1,271993,271993,271994,0,1,3
77743,3,1,271996,271996,271997,0,1,2
77744,6,2,272002,272002,272004,0,2,5
77745,6,3,272008,272008,272011,0,3,4
77746,5,2,272013,272013,272015,0,2,2
77747,6,3,272019,272019,272022,0,3,4
77748,6,3,272025,272025,272028,0,3,3
77749,6,1,272031,272031,272032,0,1,3
77750,4,3,272035,272035,272038,0,3,3
77751,2,2,272037,272038,272040,1,3,0
77752,6,1,272043,272043,272044,0,1,3
77753,2,3,272045,272045,272048,0,3,1
77754,1,2,272046,272048,272050,2,4,0
77755,4,2,272050,272050,272052,0,2,0
77756,6,2,272056,272056,272058,0,2,4
77757,5,1,272061,272061,272062,0,1,3
77758,3,3,272064,272064,272067,0,3,2
77759,4,1,272068,272068,272069,0,1,1
77760,2,1,272070,272070,272071,0,1,1
77761,2,2,272072,272072,272074,0,2,1
77762,3,1,272075,272075,272076,0,1,1
77763,2,1,272077,272077,272078,0,1,1
77764,2,2,272079,272079,272081,0,2,1
77765,2,2,272081,272081,272083,0,2,0
77766,3,2,272084,272084,272086,0,2,1
77767,4,1,272088,272088,272089,0,1,2
77768,4,1,272092,272092,272093,0,1,3
77769,4,1,272096,272096,272097,0,1,3
77770,2,2,272098,272098,272100,0,2,1
77771,6,1,272104,272104,272105,0,1,4
77772,5,2,272109,272109,272111,0,2,4
77773,5,3,272114,272114,272117,0,3,3
77774,2,3,272116,272117,272120,1,4,0
77775,6,3,272122,272122,272125,0,3,2
77776,2,1,272124,272125,272126,1,2,0
77777,4,3,272128,272128,272131,0,3,2
77778,3,1,272131,272131,272132,0,1,0
77779,4,1,272135,272135,272136,0,1,3
77780,4,2,272139,272139,272141,0,2,3
77781,5,3,272144,272144,272147,0,3,3
77782,4,3,272148,272148,272151,0,3,1
77783,2,1,272150,272151,272152,1,2,0
77784,4,3,272154,272154,272157,0,3,2
77785,1,3,272155,272157,272160,2,5,0
77786,5,3,272160,272160,272163,0,3,0
77787,2,2,272162,272163,272165,1,3,0
77788,4,2,272166,272166,272168,0,2,1
77789,1,2,272167,272168,272170,1,3,0
77790,3,2,272170,272170,272172,0,2,0
77791,4,2,272174,272174,272176,0,2,2
77792,2,1,272176,272176,272177,0,1,0
77793,4,3,272180,272180,272183,0,3,3
77794,1,2,272181,272183,272185,2,4,0
77795,3,1,272184,272185,272186,1,2,0
77796,2,2,272186,272186,272188,0,2,0
77797,1,1,272187,272188,272189,1,2,0
77798,6,3,272193,272193,272196,0,3,4
77799,6,2,272199,272199,272201,0,2,3
77800,4,2,272203,272203,272205,0,2,2
77801,1,1,272204,272205,272206,1,2,0
77802,3,3,272207,272207,272210,0,3,1
77803,2,3,272209,272210,272213,1,4,0
77804,4,2,272213,272213,272215,0,2,0
77805,4,2,272217,272217,272219,0,2,2
77806,3,2,272220,272220,272222,0,2,1
77807,4,2,272224,272224,272226,0,2,2
77808,4,1,272228,272228,272229,0,1,2
77809,3,2,272231,272231,272233,0,2,2
77810,6,2,272237,272237,272239,0,2,4
77811,1,1,272238,272239,272240,1,2,0
77812,4,2,272242,272242,272244,0,2,2
77813,2,3,272244,272244,272247,0,3,0
77814,2,3,272246,272247,272250,1,4,0
77815,2,1,272248,272250,272251,2,3,0
77816,5,3,272253,272253,272256,0,3,2
77817,6,3,272259,272259,272262,0,3,3
77818,4,1,272263,272263,272264,0,1,1
77819,2,3,272265,272265,272268,0,3,1
77820,1,3,272266,272268,272271,2,5,0
77821,4,2,272270,272271,272273,1,3,0
77822,2,3,272272,272273,272276,1,4,0
77823,6,3,272278,272278,272281,0,3,2
77824,2,3,272280,272281,272284,1,4,0
77825,2,3,272282,272284,272287,2,5,0
77826,3,2,272285,272287,272289,2,4,0
77827,5,1,272290,272290,272291,0,1,1
77828,4,2,272294,272294,272296,0,2,3
77829,4,2,272298,272298,272300,0,2,2
77830,4,2,272302,272302,272304,0,2,2
77831,1,3,272303,272304,272307,1,4,0
77832,6,3,272309,272309,272312,0,3,2
77833,3,1,272312,272312,272313,0,1,0
77834,6,2,272318,272318,272320,0,2,5
77835,3,3,272321,272321,272324,0,3,1
77836,5,2,272326,272326,272328,0,2,2
77837,2,1,272328,272328,272329,0,1,0
77838,5,1,272333,272333,272334,0,1,4
77839,2,1,272335,272335,272336,0,1,1
77840,1,1,272336,272336,272337,0,1,0
77841,1,1,272337,272337,272338,0,1,0
77842,3,1,272340,272340,272341,0,1,2
77843,4,1,272344,272344,272345,0,1,3
77844,6,3,272350,272350,272353,0,3,5
77845,4,2,272354,272354,272356,0,2,1
77846,3,2,272357,272357,272359,0,2,1
77847,4,1,272361,272361,272362,0,1,2
77848,5,2,272366,272366,272368,0,2,4
77849,4,2,272370,272370,272372,0,2,2
77850,2,3,272372,272372,272375,0,3,0
77851,6,3,272378,272378,272381,0,3,3
77852,3,2,272381,272381,272383,0,2,0
77853,1,3,272382,272383,272386,1,4,0
77854,2,1,272384,272386,272387,2,3,0
77855,5,1,272389,272389,272390,0,1,2
77856,1,2,272390,272390,272392,0,2,0
77857,3,1,272393,272393,272394,0,1,1
77858,4,3,272397,272397,272400,0,3,3
77859,2,2,272399,272400,272402,1,3,0
77860,1,3,272400,272402,272405,2,5,0
77861,2,2,272402,272405,272407,3,5,0
77862,4,1,272406,272407,272408,1,2,0
77863,5,1,272411,272411,272412,0,1,3
77864,2,2,272413,272413,272415,0,2,1
77865,1,2,272414,272415,272417,1,3,0
77866,1,3,272415,272417,272420,2,5,0
77867,5,1,272420,272420,272421,0,1,0
77868,1,1,272421,272421,272422,0,1,0
77869,4,2,272425,272425,272427,0,2,3
77870,1,1,272426,272427,272428,1,2,0
77871,2,3,272428,272428,272431,0,3,0
77872,1,1,272429,272431,272432,2,3,0
77873,5,1,272434,272434,272435,0,1,2
77874,6,1,272440,272440,272441,0,1,5
77875,4,3,272444,272444,272447,0,3,3
77876,2,1,272446,272447,272448,1,2,0
77877,5,2,272451,272451,272453,0,2,3
77878,4,2,272455,272455,272457,0,2,2
77879,5,3,272460,272460,272463,0,3,3
77880,3,3,272463,272463,272466,0,3,0
77881,3,2,272466,272466,272468,0,2,0
77882,5,1,272471,272471,272472,0,1,3
77883,3,3,272474,272474,272477,0,3,2
77884,2,2,272476,272477,272479,1,3,0
77885,1,2,272477,272479,272481,2,4,0
77886,1,1,272478,272481,272482,3,4,0
77887,2,2,272480,272482,272484,2,4,0
77888,1,1,272481,272484,272485,3,4,0
77889,6,1,272487,272487,272488,0,1,2
77890,2,1,272489,272489,272490,0,1,1
77891,5,2,272494,272494,272496,0,2,4
77892,1,3,272495,272496,272499,1,4,0
77893,2,3,272497,272499,272502,2,5,0
77894,4,3,272501,272502,272505,1,4,0
77895,2,1,272503,272505,272506,2,3,0
77896,4,2,272507,272507,272509,0,2,1
77897,3,2,272510,272510,272512,0,2,1
77898,6,2,272516,272516,272518,0,2,4
77899,4,2,272520,272520,272522,0,2,2
77900,4,3,272524,272524,272527,0,3,2
77901,1,1,272525,272527,272528,2,3,0
77902,3,3,272528,272528,272531,0,3,0
77903,3,1,272531,272531,272532,0,1,0
77904,3,1,272534,272534,272535,0,1,2
77905,4,2,272538,272538,272540,0,2,3
77906,2,2,272540,272540,272542,0,2,0
77907,5,2,272545,272545,272547,0,2,3
77908,4,1,272549,272549,272550,0,1,2
77909,4,1,272553,272553,272554,0,1,3
77910,4,3,272557,272557,272560,0,3,3
77911,5,1,272562,272562,272563,0,1,2
77912,3,3,272565,272565,272568,0,3,2
77913,1,3,272566,272568,272571,2,5,0
77914,2,3,272568,272571,272574,3,6,0
77915,5,1,272573,272574,272575,1,2,0
77916,5,3,272578,272578,272581,0,3,3
77917,4,1,272582,272582,272583,0,1,1
77918,4,1,272586,272586,272587,0,1,3
77919,3,1,272589,272589,272590,0,1,2
77920,1,3,272590,272590,272593,0,3,0
77921,1,1,272591,272593,272594,2,3,0
77922,4,2,272595,272595,272597,0,2,1
77923,2,2,272597,272597,272599,0,2,0
77924,6,3,272603,272603,272606,0,3,4
77925,4,1,272607,272607,272608,0,1,1
77926,6,3,272613,272613,272616,0,3,5
77927,4,2,272617,272617,272619,0,2,1
77928,4,1,272621,272621,272622,0,1,2
77929,1,2,272622,272622,272624,0,2,0
77930,5,3,272627,272627,272630,0,3,3
77931,6,3,272633,272633,272636,0,3,3
77932,3,2,272636,272636,272638,0,2,0
77933,5,2,272641,272641,272643,0,2,3
77934,3,1,272644,272644,272645,0,1,1
77935,3,1,272647,272647,272648,0,1,2
77936,4,2,272651,272651,272653,0,2,3
77937,2,2,272653,272653,272655,0,2,0
77938,1,2,272654,272655,272657,1,3,0
77939,5,1,272659,272659,272660,0,1,2
77940,1,1,272660,272660,272661,0,1,0
77941,1,3,272661,272661,272664,0,3,0
77942,6,1,272667,272667,272668,0,1,3
77943,2,2,272669,272669,272671,0,2,1
77944,1,1,272670,272671,272672,1,2,0
77945,6,3,272676,272676,272679,0,3,4
77946,3,3,272679,272679,272682,0,3,0
77947,1,2,272680,272682,272684,2,4,0
77948,6,3,272686,272686,272689,0,3,2
77949,2,3,272688,272689,272692,1,4,0
77950,6,1,272694,272694,272695,0,1,2
77951,6,2,272700,272700,272702,0,2,5
77952,1,1,272701,272702,272703,1,2,0
77953,5,2,272706,272706,272708,0,2,3
77954,2,2,272708,272708,272710,0,2,0
77955,6,3,272714,272714,272717,0,3,4
77956,2,1,272716,272717,272718,1,2,0
77957,1,2,272717,272718,272720,1,3,0
77958,3,1,272720,272720,272721,0,1,0
77959,6,2,272726,272726,272728,0,2,5
77960,1,2,272727,272728,272730,1,3,0
77961,5,3,272732,272732,272735,0,3,2
77962,4,1,272736,272736,272737,0,1,1
77963,6,3,272742,272742,272745,0,3,5
77964,3,2,272745,272745,272747,0,2,0
77965,3,2,272748,272748,272750,0,2,1
77966,3,3,272751,272751,272754,0,3,1
77967,6,2,272757,272757,272759,0,2,3
77968,4,1,272761,272761,272762,0,1,2
77969,2,1,272763,272763,272764,0,1,1
77970,2,1,272765,272765,272766,0,1,1
77971,5,1,272770,272770,272771,0,1,4
77972,6,1,272776,272776,272777,0,1,5
77973,6,1,272782,272782,272783,0,1,5
77974,2,1,272784,272784,272785,0,1,1
77975,4,3,272788,272788,272791,0,3,3
77976,3,3,272791,272791,272794,0,3,0
77977,2,1,272793,272794,272795,1,2,0
77978,6,2,272799,272799,272801,0,2,4
77979,3,2,272802,272802,272804,0,2,1
77980,5,1,272807,272807,272808,0,1,3
77981,3,1,272810,272810,272811,0,1,2
77982,1,3,272811,272811,272814,0,3,0
77983,5,1,272816,272816,272817,0,1,2
77984,2,3,272818,272818,272821,0,3,1
77985,5,1,272823,272823,272824,0,1,2
77986,5,1,272828,272828,272829,0,1,4
77987,2,2,272830,272830,272832,0,2,1
77988,2,1,272832,272832,272833,0,1,0
77989,4,1,272836,272836,272837,0,1,3
77990,5,3,272841,272841,272844,0,3,4
77991,5,3,272846,272846,272849,0,3,2
77992,4,2,272850,272850,272852,0,2,1
77993,5,1,272855,272855,272856,0,1,3
77994,5,1,272860,272860,272861,0,1,4
77995,5,1,272865,272865,272866,0,1,4
77996,6,2,272871,272871,272873,0,2,5
77997,5,1,272876,272876,272877,0,1,3
77998,5,3,272881,272881,272884,0,3,4
77999,5,1,272886,272886,272887,0,1,2
78000,4,2,272890,272890,272892,0,2,3
78001,1,2,272891,272892,272894,1,3,0
78002,4,3,272895,272895,272898,0,3,1
78003,3,1,272898,272898,272899,0,1,0
78004,5,2,272903,272903,272905,0,2,4
78005,1,2,272904,272905,272907,1,3,0
78006,4,1,272908,272908,272909,0,1,1
78007,4,1,272912,272912,272913,0,1,3
78008,1,3,272913,272913,272916,0,3,0
78009,4,1,272917,272917,272918,0,1,1
78010,1,2,272918,272918,272920,0,2,0
78011,3,1,272921,272921,272922,0,1,1
78012,2,3,272923,272923,272926,0,3,1
78013,6,2,272929,272929,272931,0,2,3
78014,2,1,272931,272931,272932,0,1,0
78015,2,1,272933,272933,272934,0,1,1
78016,4,1,272937,272937,272938,0,1,3
78017,3,2,272940,272940,272942,0,2,2
78018,3,2,272943,272943,272945,0,2,1
78019,3,1,272946,272946,272947,0,1,1
78020,1,2,272947,272947,272949,0,2,0
78021,4,2,272951,272951,272953,0,2,2
78022,1,1,272952,272953,272954,1,2,0
78023,2,2,272954,272954,272956,0,2,0
78024,1,2,272955,272956,272958,1,3,0
78025,3,1,272958,272958,272959,0,1,0
78026,1,1,272959,272959,272960,0,1,0
78027,6,1,272965,272965,272966,0,1,5
78028,3,3,272968,272968,272971,0,3,2
78029,3,1,272971,272971,272972,0,1,0
78030,1,1,272972,272972,272973,0,1,0
78031,3,1,272975,272975,272976,0,1,2
78032,1,1,272976,272976,272977,0,1,0
78033,5,2,272981,272981,272983,0,2,4
78034,2,3,272983,272983,272986,0,3,0
78035,6,2,272989,272989,272991,0,2,3
78036,4,3,272993,272993,272996,0,3,2
78037,6,1,272999,272999,273000,0,1,3
78038,4,1,273003,273003,273004,0,1,3
78039,4,3,273007,273007,273010,0,3,3
78040,6,3,273013,273013,273016,0,3,3
78041,2,2,273015,273016,273018,1,3,0
78042,2,3,273017,273018,273021,1,4,0
78043,4,2,273021,273021,273023,0,2,0
78044,4,2,273025,273025,273027,0,2,2
78045,2,3,273027,273027,273030,0,3,0
78046,4,3,273031,273031,273034,0,3,1
78047,3,3,273034,273034,273037,0,3,0
78048,1,3,273035,273037,273040,2,5,0
78049,6,1,273041,273041,273042,0,1,1
78050,6,3,273047,273047,273050,0,3,5
78051,2,1,273049,273050,273051,1,2,0
78052,5,3,273054,273054,273057,0,3,3
78053,1,2,273055,273057,273059,2,4,0
78054,4,1,273059,273059,273060,0,1,0
78055,6,2,273065,273065,273067,0,2,5
78056,4,3,273069,273069,273072,0,3,2
78057,6,1,273075,273075,273076,0,1,3
78058,1,2,273076,273076,273078,0,2,0
78059,5,1,273081,273081,273082,0,1,3
78060,3,1,273084,273084,273085,0,1,2
78061,4,1,273088,273088,273089,0,1,3
78062,3,3,273091,273091,273094,0,3,2
78063,2,2,273093,273094,273096,1,3,0
78064,6,1,273099,273099,273100,0,1,3
78065,3,2,273102,273102,273104,0,2,2
78066,4,1,273106,273106,273107,0,1,2
78067,4,3,273110,273110,273113,0,3,3
78068,3,3,273113,273113,273116,0,3,0
78069,4,2,273117,273117,273119,0,2,1
78070,1,3,273118,273119,273122,1,4,0
78071,6,2,273124,273124,273126,0,2,2
78072,4,3,273128,273128,273131,0,3,2
78073,6,1,273134,273134,273135,0,1,3
78074,1,3,273135,273135,273138,0,3,0
78075,1,2,273136,273138,273140,2,4,0
78076,3,1,273139,273140,273141,1,2,0
78077,1,3,273140,273141,273144,1,4,0
78078,2,2,273142,273144,273146,2,4,0
78079,1,3,273143,273146,273149,3,6,0
78080,2,1,273145,273149,273150,4,5,0
78081,2,3,273147,273150,273153,3,6,0
78082,3,3,273150,273153,273156,3,6,0
78083,2,3,273152,273156,273159,4,7,0
78084,3,2,273155,273159,273161,4,6,0
78085,4,2,273159,273161,273163,2,4,0
78086,4,1,273163,273163,273164,0,1,0
78087,1,1,273164,273164,273165,0,1,0
78088,6,3,273170,273170,273173,0,3,5
78089,2,2,273172,273173,273175,1,3,0
78090,3,3,273175,273175,273178,0,3,0
78091,4,2,273179,273179,273181,0,2,1
78092,3,3,273182,273182,273185,0,3,1
78093,4,2,273186,273186,273188,0,2,1
78094,4,2,273190,273190,273192,0,2,2
78095,1,2,273191,273192,273194,1,3,0
78096,6,2,273197,273197,273199,0,2,3
78097,1,2,273198,273199,273201,1,3,0
78098,2,1,273200,273201,273202,1,2,0
78099,1,2,273201,273202,273204,1,3,0
78100,1,1,273202,273204,273205,2,3,0
78101,4,2,273206,273206,273208,0,2,1
78102,4,2,273210,273210,273212,0,2,2
78103,4,3,273214,273214,273217,0,3,2
78104,3,1,273217,273217,273218,0,1,0
78105,2,1,273219,273219,273220,0,1,1
78106,2,3,273221,273221,273224,0,3,1
78107,1,2,273222,273224,273226,2,4,0
78108,2,3,273224,273226,273229,2,5,0
78109,5,1,273229,273229,273230,0,1,0
78110,4,2,273233,273233,273235,0,2,3
78111,1,3,273234,273235,273238,1,4,0
78112,1,2,273235,273238,273240,3,5,0
78113,3,3,273238,273240,273243,2,5,0
78114,5,1,273243,273243,273244,0,1,0
78115,5,1,273248,273248,273249,0,1,4
78116,2,1,273250,273250,273251,0,1,1
78117,5,3,273255,273255,273258,0,3,4
78118,1,2,273256,273258,273260,2,4,0
78119,3,1,273259,273260,273261,1,2,0
78120,6,1,273265,273265,273266,0,1,4
78121,4,1,273269,273269,273270,0,1,3
78122,1,3,273270,273270,273273,0,3,0
78123,6,2,273276,273276,273278,0,2,3
78124,4,1,273280,273280,273281,0,1,2
78125,4,2,273284,273284,273286,0,2,3
78126,5,2,273289,273289,273291,0,2,3
78127,4,3,273293,273293,273296,0,3,2
78128,4,2,273297,273297,273299,0,2,1
78129,6,1,273303,273303,273304,0,1,4
78130,2,3,273305,273305,273308,0,3,1
78131,4,2,273309,273309,273311,0,2,1
78132,5,1,273314,273314,273315,0,1,3
78133,3,3,273317,273317,273320,0,3,2
78134,4,2,273321,273321,273323,0,2,1
78135,6,3,273327,273327,273330,0,3,4
78136,3,3,273330,273330,273333,0,3,0
78137,5,1,273335,273335,273336,0,1,2
78138,4,1,273339,273339,273340,0,1,3
78139,3,3,273342,273342,273345,0,3,2
78140,2,3,273344,273345,273348,1,4,0
78141,3,1,273347,273348,273349,1,2,0
78142,4,2,273351,273351,273353,0,2,2
78143,3,2,273354,273354,273356,0,2,1
78144,3,2,273357,273357,273359,0,2,1
78145,6,3,273363,273363,273366,0,3,4
78146,1,2,273364,273366,273368,2,4,0
78147,6,2,273370,273370,273372,0,2,2
78148,4,2,273374,273374,273376,0,2,2
78149,2,2,273376,273376,273378,0,2,0
78150,3,2,273379,273379,273381,0,2,1
78151,5,3,273384,273384,273387,0,3,3
78152,2,1,273386,273387,273388,1,2,0
78153,3,1,273389,273389,273390,0,1,1
78154,5,1,273394,273394,273395,0,1,4
78155,2,3,273396,273396,273399,0,3,1
78156,1,1,273397,273399,273400,2,3,0
78157,1,3,273398,273400,273403,2,5,0
78158,4,2,273402,273403,273405,1,3,0
78159,4,2,273406,273406,273408,0,2,1
78160,2,3,273408,273408,273411,0,3,0
78161,2,3,273410,273411,273414,1,4,0
78162,5,3,273415,273415,273418,0,3,1
78163,6,2,273421,273421,273423,0,2,3
78164,1,3,273422,273423,273426,1,4,0
78165,3,1,273425,273426,273427,1,2,0
78166,5,3,273430,273430,273433,0,3,3
78167,3,2,273433,273433,273435,0,2,0
78168,2,1,273435,273435,273436,0,1,0
78169,3,1,273438,273438,273439,0,1,2
78170,1,1,273439,273439,273440,0,1,0
78171,3,1,273442,273442,273443,0,1,2
78172,4,1,273446,273446,273447,0,1,3
78173,6,3,273452,273452,273455,0,3,5
78174,4,3,273456,273456,273459,0,3,1
78175,5,2,273461,273461,273463,0,2,2
78176,2,2,273463,273463,273465,0,2,0
78177,1,2,273464,273465,273467,1,3,0
78178,1,2,273465,273467,273469,2,4,0
78179,6,3,273471,273471,273474,0,3,2
78180,5,3,273476,273476,273479,0,3,2
78181,4,3,273480,273480,273483,0,3,1
78182,2,1,273482,273483,273484,1,2,0
78183,2,2,273484,273484,273486,0,2,0
78184,2,1,273486,273486,273487,0,1,0
78185,1,1,273487,273487,273488,0,1,0
78186,5,2,273492,273492,273494,0,2,4
78187,1,3,273493,273494,273497,1,4,0
78188,2,1,273495,273497,273498,2,3,0
78189,1,3,273496,273498,273501,2,5,0
78190,4,1,273500,273501,273502,1,2,0
78191,4,2,273504,273504,273506,0,2,2
78192,6,3,273510,273510,273513,0,3,4
78193,4,3,273514,273514,273517,0,3,1
78194,4,3,273518,273518,273521,0,3,1
78195,3,1,273521,273521,273522,0,1,0
78196,2,2,273523,273523,273525,0,2,1
78197,1,2,273524,273525,273527,1,3,0
78198,5,2,273529,273529,273531,0,2,2
78199,3,1,273532,273532,273533,0,1,1
78200,3,1,273535,273535,273536,0,1,2
78201,2,2,273537,273537,273539,0,2,1
78202,1,1,273538,273539,273540,1,2,0
78203,5,3,273543,273543,273546,0,3,3
78204,3,1,273546,273546,273547,0,1,0
78205,3,1,273549,273549,273550,0,1,2
78206,2,1,273551,273551,273552,0,1,1
78207,2,2,273553,273553,273555,0,2,1
78208,5,3,273558,273558,273561,0,3,3
78209,4,3,273562,273562,273565,0,3,1
78210,1,3,273563,273565,273568,2,5,0
78211,1,2,273564,273568,273570,4,6,0
78212,3,3,273567,273570,273573,3,6,0
78213,5,2,273572,273573,273575,1,3,0
78214,6,3,273578,273578,273581,0,3,3
78215,1,3,273579,273581,273584,2,5,0
78216,1,1,273580,273584,273585,4,5,0
78217,5,1,273585,273585,273586,0,1,0
78218,5,2,273590,273590,273592,0,2,4
78219,4,1,273594,273594,273595,0,1,2
78220,6,1,273600,273600,273601,0,1,5
78221,2,1,273602,273602,273603,0,1,1
78222,6,1,273608,273608,273609,0,1,5
78223,5,1,273613,273613,273614,0,1,4
78224,3,3,273616,273616,273619,0,3,2
78225,5,1,273621,273621,273622,0,1,2
78226,5,3,273626,273626,273629,0,3,4
78227,1,3,273627,273629,273632,2,5,0
78228,1,1,273628,273632,273633,4,5,0
78229,5,3,273633,273633,273636,0,3,0
78230,6,1,273639,273639,273640,0,1,3
78231,4,1,273643,273643,273644,0,1,3
78232,3,3,273646,273646,273649,0,3,2
78233,1,3,273647,273649,273652,2,5,0
78234,6,1,273653,273653,273654,0,1,1
78235,1,3,273654,273654,273657,0,3,0
78236,2,1,273656,273657,273658,1,2,0
78237,6,2,273662,273662,273664,0,2,4
78238,1,1,273663,273664,273665,1,2,0
78239,4,1,273667,273667,273668,0,1,2
78240,4,1,273671,273671,273672,0,1,3
78241,1,1,273672,273672,273673,0,1,0
78242,5,1,273677,273677,273678,0,1,4
78243,1,3,273678,273678,273681,0,3,0
78244,1,1,273679,273681,273682,2,3,0
78245,5,3,273684,273684,273687,0,3,2
78246,2,1,273686,273687,273688,1,2,0
78247,1,2,273687,273688,273690,1,3,0
78248,6,2,273693,273693,273695,0,2,3
78249,3,1,273696,273696,273697,0,1,1
78250,1,1,273697,273697,273698,0,1,0
78251,5,3,273702,273702,273705,0,3,4
78252,6,1,273708,273708,273709,0,1,3
78253,2,1,273710,273710,273711,0,1,1
78254,6,2,273716,273716,273718,0,2,5
78255,2,3,273718,273718,273721,0,3,0
78256,2,1,273720,273721,273722,1,2,0
78257,1,3,273721,273722,273725,1,4,0
78258,4,1,273725,273725,273726,0,1,0
78259,4,3,273729,273729,273732,0,3,3
78260,5,3,273734,273734,273737,0,3,2
78261,6,3,273740,273740,273743,0,3,3
78262,6,1,273746,273746,273747,0,1,3
78263,5,1,273751,273751,273752,0,1,4
78264,3,2,273754,273754,273756,0,2,2
78265,5,3,273759,273759,273762,0,3,3
78266,1,1,273760,273762,273763,2,3,0
78267,4,2,273764,273764,273766,0,2,1
78268,3,1,273767,273767,273768,0,1,1
78269,6,3,273773,273773,273776,0,3,5
78270,2,2,273775,273776,273778,1,3,0
78271,2,3,273777,273778,273781,1,4,0
78272,5,3,273782,273782,273785,0,3,1
78273,5,1,273787,273787,273788,0,1,2
78274,3,2,273790,273790,273792,0,2,2
78275,3,2,273793,273793,273795,0,2,1
78276,2,2,273795,273795,273797,0,2,0
78277,6,3,273801,273801,273804,0,3,4
78278,6,1,273807,273807,273808,0,1,3
78279,1,2,273808,273808,273810,0,2,0
78280,6,2,273814,273814,273816,0,2,4
78281,2,2,273816,273816,273818,0,2,0
78282,3,2,273819,273819,273821,0,2,1
78283,2,2,273821,273821,273823,0,2,0
78284,5,1,273826,273826,273827,0,1,3
78285,1,1,273827,273827,273828,0,1,0
78286,1,3,273828,273828,273831,0,3,0
78287,5,2,273833,273833,273835,0,2,2
78288,5,2,273838,273838,273840,0,2,3
78289,3,2,273841,273841,273843,0,2,1
78290,2,3,273843,273843,273846,0,3,0
78291,5,1,273848,273848,273849,0,1,2
78292,3,1,273851,273851,273852,0,1,2
78293,1,1,273852,273852,273853,0,1,0
78294,5,3,273857,273857,273860,0,3,4
78295,6,2,273863,273863,273865,0,2,3
78296,1,1,273864,273865,273866,1,2,0
78297,1,1,273865,273866,273867,1,2,0
78298,4,2,273869,273869,273871,0,2,2
78299,5,1,273874,273874,273875,0,1,3
78300,2,3,273876,273876,273879,0,3,1
78301,1,2,273877,273879,273881,2,4,0
78302,1,1,273878,273881,273882,3,4,0
78303,1,2,273879,273882,273884,3,5,0
78304,6,1,273885,273885,273886,0,1,1
78305,3,2,273888,273888,273890,0,2,2
78306,4,2,273892,273892,273894,0,2,2
78307,3,2,273895,273895,273897,0,2,1
78308,2,3,273897,273897,273900,0,3,0
78309,3,3,273900,273900,273903,0,3,0
78310,6,3,273906,273906,273909,0,3,3
78311,3,3,273909,273909,273912,0,3,0
78312,2,2,273911,273912,273914,1,3,0
78313,2,1,273913,273914,273915,1,2,0
78314,3,2,273916,273916,273918,0,2,1
78315,6,3,273922,273922,273925,0,3,4
78316,5,2,273927,273927,273929,0,2,2
78317,6,2,273933,273933,273935,0,2,4
78318,1,1,273934,273935,273936,1,2,0
78319,1,1,273935,273936,273937,1,2,0
78320,1,2,273936,273937,273939,1,3,0
78321,1,1,273937,273939,273940,2,3,0
78322,4,1,273941,273941,273942,0,1,1
78323,6,3,273947,273947,273950,0,3,5
78324,6,2,273953,273953,273955,0,2,3
78325,6,1,273959,273959,273960,0,1,4
78326,1,1,273960,273960,273961,0,1,0
78327,4,1,273964,273964,273965,0,1,3
78328,3,3,273967,273967,273970,0,3,2
78329,6,2,273973,273973,273975,0,2,3
78330,1,1,273974,273975,273976,1,2,0
78331,4,2,273978,273978,273980,0,2,2
78332,4,3,273982,273982,273985,0,3,2
78333,5,2,273987,273987,273989,0,2,2
78334,4,2,273991,273991,273993,0,2,2
78335,5,3,273996,273996,273999,0,3,3
78336,5,1,274001,274001,274002,0,1,2
78337,2,3,274003,274003,274006,0,3,1
78338,5,1,274008,274008,274009,0,1,2
78339,2,1,274010,274010,274011,0,1,1
78340,6,3,274016,274016,274019,0,3,5
78341,1,2,274017,274019,274021,2,4,0
78342,3,2,274020,274021,274023,1,3,0
78343,1,3,274021,274023,274026,2,5,0
78344,3,1,274024,274026,274027,2,3,0
78345,4,1,274028,274028,274029,0,1,1
78346,6,1,274034,274034,274035,0,1,5
78347,1,3,274035,274035,274038,0,3,0
78348,2,1,274037,274038,274039,1,2,0
78349,4,2,274041,274041,274043,0,2,2
78350,4,2,274045,274045,274047,0,2,2
78351,5,3,274050,274050,274053,0,3,3
78352,4,3,274054,274054,274057,0,3,1
78353,2,3,274056,274057,274060,1,4,0
78354,4,1,274060,274060,274061,0,1,0
78355,5,2,274065,274065,274067,0,2,4
78356,6,1,274071,274071,274072,0,1,4
78357,6,2,274077,274077,274079,0,2,5
78358,1,3,274078,274079,274082,1,4,0
78359,3,2,274081,274082,274084,1,3,0
78360,2,1,274083,274084,274085,1,2,0
78361,2,2,274085,274085,274087,0,2,0
78362,1,1,274086,274087,274088,1,2,0
78363,6,3,274092,274092,274095,0,3,4
78364,3,3,274095,274095,274098,0,3,0
78365,6,1,274101,274101,274102,0,1,3
78366,2,2,274103,274103,274105,0,2,1
78367,5,2,274108,274108,274110,0,2,3
78368,1,3,274109,274110,274113,1,4,0
78369,6,2,274115,274115,274117,0,2,2
78370,5,1,274120,274120,274121,0,1,3
78371,3,3,274123,274123,274126,0,3,2
78372,2,3,274125,274126,274129,1,4,0
78373,5,3,274130,274130,274133,0,3,1
78374,6,1,274136,274136,274137,0,1,3
78375,3,2,274139,274139,274141,0,2,2
78376,4,2,274143,274143,274145,0,2,2
78377,5,1,274148,274148,274149,0,1,3
78378,2,3,274150,274150,274153,0,3,1
78379,2,1,274152,274153,274154,1,2,0
78380,2,1,274154,274154,274155,0,1,0
78381,2,3,274156,274156,274159,0,3,1
78382,6,1,274162,274162,274163,0,1,3
78383,4,1,274166,274166,274167,0,1,3
78384,2,3,274168,274168,274171,0,3,1
78385,6,3,274174,274174,274177,0,3,3
78386,4,3,274178,274178,274181,0,3,1
78387,5,2,274183,274183,274185,0,2,2
78388,3,2,274186,274186,274188,0,2,1
78389,3,1,274189,274189,274190,0,1,1
78390,2,2,274191,274191,274193,0,2,1
78391,3,2,274194,274194,274196,0,2,1
78392,2,1,274196,274196,274197,0,1,0
78393,5,1,274201,274201,274202,0,1,4
78394,2,1,274203,274203,274204,0,1,1
78395,6,2,274209,274209,274211,0,2,5
78396,2,1,274211,274211,274212,0,1,0
78397,1,1,274212,274212,274213,0,1,0
78398,6,3,274218,274218,274221,0,3,5
78399,3,2,274221,274221,274223,0,2,0
78400,1,3,274222,274223,274226,1,4,0
78401,6,1,274228,274228,274229,0,1,2
78402,6,2,274234,274234,274236,0,2,5
78403,6,1,274240,274240,274241,0,1,4
78404,1,2,274241,274241,274243,0,2,0
78405,5,2,274246,274246,274248,0,2,3
78406,1,2,274247,274248,274250,1,3,0
78407,2,1,274249,274250,274251,1,2,0
78408,5,3,274254,274254,274257,0,3,3
78409,1,3,274255,274257,274260,2,5,0
78410,6,3,274261,274261,274264,0,3,1
78411,3,1,274264,274264,274265,0,1,0
78412,3,3,274267,274267,274270,0,3,2
78413,4,1,274271,274271,274272,0,1,1
78414,3,1,274274,274274,274275,0,1,2
78415,2,1,274276,274276,274277,0,1,1
78416,2,2,274278,274278,274280,0,2,1
78417,2,3,274280,274280,274283,0,3,0
78418,5,3,274285,274285,274288,0,3,2
78419,4,1,274289,274289,274290,0,1,1
78420,5,1,274294,274294,274295,0,1,4
78421,6,1,274300,274300,274301,0,1,5
78422,4,1,274304,274304,274305,0,1,3
78423,1,3,274305,274305,274308,0,3,0
78424,5,2,274310,274310,274312,0,2,2
78425,2,1,274312,274312,274313,0,1,0
78426,6,3,274318,274318,274321,0,3,5
78427,5,3,274323,274323,274326,0,3,2
78428,4,2,274327,274327,274329,0,2,1
78429,1,1,274328,274329,274330,1,2,0
78430,6,2,274334,274334,274336,0,2,4
78431,1,3,274335,274336,274339,1,4,0
78432,5,2,274340,274340,274342,0,2,1
78433,3,1,274343,274343,274344,0,1,1
78434,4,2,274347,274347,274349,0,2,3
78435,2,2,274349,274349,274351,0,2,0
78436,2,1,274351,274351,274352,0,1,0
78437,2,2,274353,274353,274355,0,2,1
78438,3,2,274356,274356,274358,0,2,1
78439,5,3,274361,274361,274364,0,3,3
78440,3,2,274364,274364,274366,0,2,0
78441,3,3,274367,274367,274370,0,3,1
78442,2,3,274369,274370,274373,1,4,0
78443,1,2,274370,274373,274375,3,5,0
78444,1,2,274371,274375,274377,4,6,0
78445,5,3,274376,274377,274380,1,4,0
78446,1,3,274377,274380,274383,3,6,0
78447,1,3,274378,274383,274386,5,8,0
78448,6,3,274384,274386,274389,2,5,0
78449,4,2,274388,274389,274391,1,3,0
78450,6,3,274394,274394,274397,0,3,3
78451,2,3,274396,274397,274400,1,4,0
78452,4,2,274400,274400,274402,0,2,0
78453,5,2,274405,274405,274407,0,2,3
78454,4,3,274409,274409,274412,0,3,2
78455,5,2,274414,274414,274416,0,2,2
78456,4,2,274418,274418,274420,0,2,2
78457,3,3,274421,274421,274424,0,3,1
78458,5,3,274426,274426,274429,0,3,2
78459,2,2,274428,274429,274431,1,3,0
78460,4,2,274432,274432,274434,0,2,1
78461,6,3,274438,274438,274441,0,3,4
78462,5,3,274443,274443,274446,0,3,2
78463,5,2,274448,274448,274450,0,2,2
78464,1,3,274449,274450,274453,1,4,0
78465,5,2,274454,274454,274456,0,2,1
78466,4,3,274458,274458,274461,0,3,2
78467,4,2,274462,274462,274464,0,2,1
78468,4,2,274466,274466,274468,0,2,2
78469,4,1,274470,274470,274471,0,1,2
78470,1,2,274471,274471,274473,0,2,0
78471,1,2,274472,274473,274475,1,3,0
78472,2,2,274474,274475,274477,1,3,0
78473,3,2,274477,274477,274479,0,2,0
78474,2,1,274479,274479,274480,0,1,0
78475,4,3,274483,274483,274486,0,3,3
78476,3,1,274486,274486,274487,0,1,0
78477,1,2,274487,274487,274489,0,2,0
78478,2,1,274489,274489,274490,0,1,0
78479,4,1,274493,274493,274494,0,1,3
78480,4,2,274497,274497,274499,0,2,3
78481,6,3,274503,274503,274506,0,3,4
78482,4,1,274507,274507,274508,0,1,1
78483,3,2,274510,274510,274512,0,2,2
78484,1,3,274511,274512,274515,1,4,0
78485,4,2,274515,274515,274517,0,2,0
78486,4,3,274519,274519,274522,0,3,2
78487,4,2,274523,274523,274525,0,2,1
78488,2,2,274525,274525,274527,0,2,0
78489,1,3,274526,274527,274530,1,4,0
78490,2,2,274528,274530,274532,2,4,0
78491,2,2,274530,274532,274534,2,4,0
78492,5,1,274535,274535,274536,0,1,1
78493,3,2,274538,274538,274540,0,2,2
78494,5,1,274543,274543,274544,0,1,3
78495,2,3,274545,274545,274548,0,3,1
78496,2,1,274547,274548,274549,1,2,0
78497,5,2,274552,274552,274554,0,2,3
78498,2,3,274554,274554,274557,0,3,0
78499,1,3,274555,274557,274560,2,5,0
78500,2,1,274557,274560,274561,3,4,0
78501,6,2,274563,274563,274565,0,2,2
78502,5,3,274568,274568,274571,0,3,3
78503,2,2,274570,274571,274573,1,3,0
78504,4,2,274574,274574,274576,0,2,1
78505,3,1,274577,274577,274578,0,1,1
78506,5,1,274582,274582,274583,0,1,4
78507,4,1,274586,274586,274587,0,1,3
78508,6,2,274592,274592,274594,0,2,5
78509,6,2,274598,274598,274600,0,2,4
78510,1,2,274599,274600,274602,1,3,0
78511,4,3,274603,274603,274606,0,3,1
78512,1,1,274604,274606,274607,2,3,0
78513,6,1,274610,274610,274611,0,1,3
78514,1,2,274611,274611,274613,0,2,0
78515,6,3,274617,274617,274620,0,3,4
78516,4,1,274621,274621,274622,0,1,1
78517,1,3,274622,274622,274625,0,3,0
78518,2,2,274624,274625,274627,1,3,0
78519,3,1,274627,274627,274628,0,1,0
78520,5,2,274632,274632,274634,0,2,4
78521,3,1,274635,274635,274636,0,1,1
78522,3,2,274638,274638,274640,0,2,2
78523,3,1,274641,274641,274642,0,1,1
78524,1,2,274642,274642,274644,0,2,0
78525,4,3,274646,274646,274649,0,3,2
78526,4,1,274650,274650,274651,0,1,1
78527,1,1,274651,274651,274652,0,1,0
78528,6,1,274657,274657,274658,0,1,5
78529,4,2,274661,274661,274663,0,2,3
78530,2,1,274663,274663,274664,0,1,0
78531,5,2,274668,274668,274670,0,2,4
78532,2,3,274670,274670,274673,0,3,0
78533,2,3,274672,274673,274676,1,4,0
78534,6,3,274678,274678,274681,0,3,2
78535,4,3,274682,274682,274685,0,3,1
78536,6,3,274688,274688,274691,0,3,3
78537,2,1,274690,274691,274692,1,2,0
78538,1,2,274691,274692,274694,1,3,0
78539,3,2,274694,274694,274696,0,2,0
78540,3,1,274697,274697,274698,0,1,1
78541,5,2,274702,274702,274704,0,2,4
78542,4,2,274706,274706,274708,0,2,2
78543,6,2,274712,274712,274714,0,2,4
78544,3,1,274715,274715,274716,0,1,1
78545,1,1,274716,274716,274717,0,1,0
78546,2,1,274718,274718,274719,0,1,1
78547,2,1,274720,274720,274721,0,1,1
78548,5,2,274725,274725,274727,0,2,4
78549,2,1,274727,274727,274728,0,1,0
78550,2,2,274729,274729,274731,0,2,1
78551,5,3,274734,274734,274737,0,3,3
78552,2,1,274736,274737,274738,1,2,0
78553,1,2,274737,274738,274740,1,3,0
78554,6,2,274743,274743,274745,0,2,3
78555,1,3,274744,274745,274748,1,4,0
78556,2,2,274746,274748,274750,2,4,0
78557,1,2,274747,274750,274752,3,5,0
78558,5,3,274752,274752,274755,0,3,0
78559,4,3,274756,274756,274759,0,3,1
78560,4,1,274760,274760,274761,0,1,1
78561,1,3,274761,274761,274764,0,3,0
78562,2,3,274763,274764,274767,1,4,0
78563,4,1,274767,274767,274768,0,1,0
78564,3,3,274770,274770,274773,0,3,2
78565,5,2,274775,274775,274777,0,2,2
78566,4,3,274779,274779,274782,0,3,2
78567,6,3,274785,274785,274788,0,3,3
78568,3,1,274788,274788,274789,0,1,0
78569,3,3,274791,274791,274794,0,3,2
78570,2,3,274793,274794,274797,1,4,0
78571,6,3,274799,274799,274802,0,3,2
78572,2,3,274801,274802,274805,1,4,0
78573,1,2,274802,274805,274807,3,5,0
78574,3,1,274805,274807,274808,2,3,0
78575,3,3,274808,274808,274811,0,3,0
78576,3,1,274811,274811,274812,0,1,0
78577,2,1,274813,274813,274814,0,1,1
78578,1,1,274814,274814,274815,0,1,0
78579,4,3,274818,274818,274821,0,3,3
78580,2,1,274820,274821,274822,1,2,0
78581,3,2,274823,274823,274825,0,2,1
78582,3,3,274826,274826,274829,0,3,1
78583,6,2,274832,274832,274834,0,2,3
78584,6,3,274838,274838,274841,0,3,4
78585,1,3,274839,274841,274844,2,5,0
78586,1,1,274840,274844,274845,4,5,0
78587,6,3,274846,274846,274849,0,3,1
78588,1,3,274847,274849,274852,2,5,0
78589,4,2,274851,274852,274854,1,3,0
78590,2,2,274853,274854,274856,1,3,0
78591,2,2,274855,274856,274858,1,3,0
78592,4,2,274859,274859,274861,0,2,1
78593,4,1,274863,274863,274864,0,1,2
78594,5,3,274868,274868,274871,0,3,4
78595,2,2,274870,274871,274873,1,3,0
78596,3,3,274873,274873,274876,0,3,0
78597,3,2,274876,274876,274878,0,2,0
78598,4,2,274880,274880,274882,0,2,2
78599,3,2,274883,274883,274885,0,2,1
78600,5,1,274888,274888,274889,0,1,3
78601,1,3,274889,274889,274892,0,3,0
78602,5,2,274894,274894,274896,0,2,2
78603,4,2,274898,274898,274900,0,2,2
78604,1,1,274899,274900,274901,1,2,0
78605,2,1,274901,274901,274902,0,1,0
78606,2,2,274903,274903,274905,0,2,1
78607,6,1,274909,274909,274910,0,1,4
78608,2,3,274911,274911,274914,0,3,1
78609,4,3,274915,274915,274918,0,3,1
78610,5,3,274920,274920,274923,0,3,2
78611,5,3,274925,274925,274928,0,3,2
78612,3,2,274928,274928,274930,0,2,0
78613,6,2,274934,274934,274936,0,2,4
78614,5,3,274939,274939,274942,0,3,3
78615,3,1,274942,274942,274943,0,1,0
78616,5,1,274947,274947,274948,0,1,4
78617,6,1,274953,274953,274954,0,1,5
78618,5,1,274958,274958,274959,0,1,4
78619,4,2,274962,274962,274964,0,2,3
78620,2,3,274964,274964,274967,0,3,0
78621,4,1,274968,274968,274969,0,1,1
78622,4,2,274972,274972,274974,0,2,3
78623,5,2,274977,274977,274979,0,2,3
78624,2,1,274979,274979,274980,0,1,0
78625,1,1,274980,274980,274981,0,1,0
78626,2,1,274982,274982,274983,0,1,1
78627,4,2,274986,274986,274988,0,2,3
78628,4,2,274990,274990,274992,0,2,2
78629,4,2,274994,274994,274996,0,2,2
78630,5,1,274999,274999,275000,0,1,3
78631,2,3,275001,275001,275004,0,3,1
78632,2,3,275003,275004,275007,1,4,0
78633,2,3,275005,275007,275010,2,5,0
78634,1,2,275006,275010,275012,4,6,0
78635,5,2,275011,275012,275014,1,3,0
78636,6,2,275017,275017,275019,0,2,3
78637,3,1,275020,275020,275021,0,1,1
78638,1,3,275021,275021,275024,0,3,0
78639,1,1,275022,275024,275025,2,3,0
78640,4,2,275026,275026,275028,0,2,1
78641,1,1,275027,275028,275029,1,2,0
78642,4,1,275031,275031,275032,0,1,2
78643,4,1,275035,275035,275036,0,1,3
78644,3,3,275038,275038,275041,0,3,2
78645,2,1,275040,275041,275042,1,2,0
78646,1,3,275041,275042,275045,1,4,0
78647,2,2,275043,275045,275047,2,4,0
78648,5,1,275048,275048,275049,0,1,1
78649,2,3,275050,275050,275053,0,3,1
78650,5,1,275055,275055,275056,0,1,2
78651,2,1,275057,275057,275058,0,1,1
78652,3,3,275060,275060,275063,0,3,2
78653,4,3,275064,275064,275067,0,3,1
78654,6,1,275070,275070,275071,0,1,3
78655,5,2,275075,275075,275077,0,2,4
78656,6,3,275081,275081,275084,0,3,4
78657,5,1,275086,275086,275087,0,1,2
78658,2,1,275088,275088,275089,0,1,1
78659,6,3,275094,275094,275097,0,3,5
78660,6,1,275100,275100,275101,0,1,3
78661,1,1,275101,275101,275102,0,1,0
78662,2,1,275103,275103,275104,0,1,1
78663,2,3,275105,275105,275108,0,3,1
78664,1,1,275106,275108,275109,2,3,0
78665,5,3,275111,275111,275114,0,3,2
78666,2,1,275113,275114,275115,1,2,0
78667,1,2,275114,275115,275117,1,3,0
78668,4,2,275118,275118,275120,0,2,1
78669,4,1,275122,275122,275123,0,1,2
78670,1,1,275123,275123,275124,0,1,0
78671,5,3,275128,275128,275131,0,3,4
78672,1,3,275129,275131,275134,2,5,0
78673,5,1,275134,275134,275135,0,1,0
78674,1,1,275135,275135,275136,0,1,0
78675,2,3,275137,275137,275140,0,3,1
78676,1,3,275138,275140,275143,2,5,0
78677,3,3,275141,275143,275146,2,5,0
78678,5,2,275146,275146,275148,0,2,0
78679,2,1,275148,275148,275149,0,1,0
78680,6,1,275154,275154,275155,0,1,5
78681,1,3,275155,275155,275158,0,3,0
78682,6,1,275161,275161,275162,0,1,3
78683,4,3,275165,275165,275168,0,3,3
78684,2,2,275167,275168,275170,1,3,0
78685,6,1,275173,275173,275174,0,1,3
78686,4,2,275177,275177,275179,0,2,3
78687,4,3,275181,275181,275184,0,3,2
78688,2,3,275183,275184,275187,1,4,0
78689,5,1,275188,275188,275189,0,1,1
78690,5,3,275193,275193,275196,0,3,4
78691,6,3,275199,275199,275202,0,3,3
78692,1,2,275200,275202,275204,2,4,0
78693,5,2,275205,275205,275207,0,2,1
78694,6,1,275211,275211,275212,0,1,4
78695,5,1,275216,275216,275217,0,1,4
78696,5,2,275221,275221,275223,0,2,4
78697,3,3,275224,275224,275227,0,3,1
78698,2,1,275226,275227,275228,1,2,0
78699,3,3,275229,275229,275232,0,3,1
78700,2,3,275231,275232,275235,1,4,0
78701,3,3,275234,275235,275238,1,4,0
78702,5,3,275239,275239,275242,0,3,1
78703,3,2,275242,275242,275244,0,2,0
78704,5,1,275247,275247,275248,0,1,3
78705,3,2,275250,275250,275252,0,2,2
78706,4,3,275254,275254,275257,0,3,2
78707,6,1,275260,275260,275261,0,1,3
78708,6,3,275266,275266,275269,0,3,5
78709,4,2,275270,275270,275272,0,2,1
78710,1,2,275271,275272,275274,1,3,0
78711,6,1,275277,275277,275278,0,1,3
78712,4,3,275281,275281,275284,0,3,3
78713,4,3,275285,275285,275288,0,3,1
78714,4,3,275289,275289,275292,0,3,1
78715,5,3,275294,275294,275297,0,3,2
78716,6,2,275300,275300,275302,0,2,3
78717,3,3,275303,275303,275306,0,3,1
78718,2,1,275305,275306,275307,1,2,0
78719,6,3,275311,275311,275314,0,3,4
78720,6,1,275317,275317,275318,0,1,3
78721,4,2,275321,275321,275323,0,2,3
78722,6,1,275327,275327,275328,0,1,4
78723,2,2,275329,275329,275331,0,2,1
78724,3,2,275332,275332,275334,0,2,1
78725,5,1,275337,275337,275338,0,1,3
78726,2,1,275339,275339,275340,0,1,1
78727,5,2,275344,275344,275346,0,2,4
78728,5,3,275349,275349,275352,0,3,3
78729,4,1,275353,275353,275354,0,1,1
78730,4,2,275357,275357,275359,0,2,3
78731,4,1,275361,275361,275362,0,1,2
78732,3,2,275364,275364,275366,0,2,2
78733,2,2,275366,275366,275368,0,2,0
78734,6,2,275372,275372,275374,0,2,4
78735,6,1,275378,275378,275379,0,1,4
78736,2,1,275380,275380,275381,0,1,1
78737,1,2,275381,275381,275383,0,2,0
78738,1,2,275382,275383,275385,1,3,0
78739,6,3,275388,275388,275391,0,3,3
78740,1,2,275389,275391,275393,2,4,0
78741,6,2,275395,275395,275397,0,2,2
78742,1,1,275396,275397,275398,1,2,0
78743,6,1,275402,275402,275403,0,1,4
78744,6,1,275408,275408,275409,0,1,5
78745,6,1,275414,275414,275415,0,1,5
78746,3,2,275417,275417,275419,0,2,2
78747,4,3,275421,275421,275424,0,3,2
78748,1,3,275422,275424,275427,2,5,0
78749,1,3,275423,275427,275430,4,7,0
78750,1,1,275424,275430,275431,6,7,0
78751,1,2,275425,275431,275433,6,8,0
78752,3,1,275428,275433,275434,5,6,0
78753,3,3,275431,275434,275437,3,6,0
78754,6,3,275437,275437,275440,0,3,0
78755,4,3,275441,275441,275444,0,3,1
78756,6,1,275447,275447,275448,0,1,3
78757,3,3,275450,275450,275453,0,3,2
78758,6,3,275456,275456,275459,0,3,3
78759,6,3,275462,275462,275465,0,3,3
78760,3,2,275465,275465,275467,0,2,0
78761,3,2,275468,275468,275470,0,2,1
78762,4,1,275472,275472,275473,0,1,2
78763,5,3,275477,275477,275480,0,3,4
78764,6,2,275483,275483,275485,0,2,3
78765,2,2,275485,275485,275487,0,2,0
78766,5,2,275490,275490,275492,0,2,3
78767,5,2,275495,275495,275497,0,2,3
78768,5,2,275500,275500,275502,0,2,3
78769,1,1,275501,275502,275503,1,2,0
78770,2,1,275503,275503,275504,0,1,0
78771,4,2,275507,275507,275509,0,2,3
78772,3,3,275510,275510,275513,0,3,1
78773,6,1,275516,275516,275517,0,1,3
78774,2,2,275518,275518,275520,0,2,1
78775,4,3,275522,275522,275525,0,3,2
78776,3,3,275525,275525,275528,0,3,0
78777,1,3,275526,275528,275531,2,5,0
78778,3,1,275529,275531,275532,2,3,0
78779,1,1,275530,275532,275533,2,3,0
78780,4,3,275534,275534,275537,0,3,1
78781,5,2,275539,275539,275541,0,2,2
78782,4,2,275543,275543,275545,0,2,2
78783,5,1,275548,275548,275549,0,1,3
78784,3,3,275551,275551,275554,0,3,2
78785,3,1,275554,275554,275555,0,1,0
78786,1,3,275555,275555,275558,0,3,0
78787,5,1,275560,275560,275561,0,1,2
78788,4,3,275564,275564,275567,0,3,3
78789,4,1,275568,275568,275569,0,1,1
78790,5,1,275573,275573,275574,0,1,4
78791,1,1,275574,275574,275575,0,1,0
78792,5,1,275579,275579,275580,0,1,4
78793,5,1,275584,275584,275585,0,1,4
78794,1,1,275585,275585,275586,0,1,0
78795,6,1,275591,275591,275592,0,1,5
78796,1,2,275592,275592,275594,0,2,0
78797,3,1,275595,275595,275596,0,1,1
78798,4,1,275599,275599,275600,0,1,3
78799,3,3,275602,275602,275605,0,3,2
78800,5,1,275607,275607,275608,0,1,2
78801,4,3,275611,275611,275614,0,3,3
78802,2,3,275613,275614,275617,1,4,0
78803,3,2,275616,275617,275619,1,3,0
78804,3,2,275619,275619,275621,0,2,0
78805,2,1,275621,275621,275622,0,1,0
78806,3,2,275624,275624,275626,0,2,2
78807,6,3,275630,275630,275633,0,3,4
78808,2,3,275632,275633,275636,1,4,0
78809,3,3,275635,275636,275639,1,4,0
78810,5,2,275640,275640,275642,0,2,1
78811,6,3,275646,275646,275649,0,3,4
78812,6,2,275652,275652,275654,0,2,3
78813,3,3,275655,275655,275658,0,3,1
78814,6,2,275661,275661,275663,0,2,3
78815,6,3,275667,275667,275670,0,3,4
78816,4,2,275671,275671,275673,0,2,1
78817,2,3,275673,275673,275676,0,3,0
78818,1,1,275674,275676,275677,2,3,0
78819,2,3,275676,275677,275680,1,4,0
78820,3,1,275679,275680,275681,1,2,0
78821,4,2,275683,275683,275685,0,2,2
78822,1,3,275684,275685,275688,1,4,0
78823,4,1,275688,275688,275689,0,1,0
78824,2,2,275690,275690,275692,0,2,1
78825,3,1,275693,275693,275694,0,1,1
78826,3,2,275696,275696,275698,0,2,2
78827,1,1,275697,275698,275699,1,2,0
78828,5,2,275702,275702,275704,0,2,3
78829,5,3,275707,275707,275710,0,3,3
78830,2,3,275709,275710,275713,1,4,0
78831,3,2,275712,275713,275715,1,3,0
78832,4,3,275716,275716,275719,0,3,1
78833,2,2,275718,275719,275721,1,3,0
78834,6,1,275724,275724,275725,0,1,3
78835,4,1,275728,275728,275729,0,1,3
78836,5,2,275733,275733,275735,0,2,4
78837,6,1,275739,275739,275740,0,1,4
78838,1,2,275740,275740,275742,0,2,0
78839,6,1,275746,275746,275747,0,1,4
78840,2,1,275748,275748,275749,0,1,1
78841,2,2,275750,275750,275752,0,2,1
78842,6,3,275756,275756,275759,0,3,4
78843,3,3,275759,275759,275762,0,3,0
78844,5,3,275764,275764,275767,0,3,2
78845,3,3,275767,275767,275770,0,3,0
78846,1,2,275768,275770,275772,2,4,0
78847,3,1,275771,275772,275773,1,2,0
78848,3,2,275774,275774,275776,0,2,1
78849,1,2,275775,275776,275778,1,3,0
78850,2,1,275777,275778,275779,1,2,0
78851,2,2,275779,275779,275781,0,2,0
78852,4,1,275783,275783,275784,0,1,2
78853,3,3,275786,275786,275789,0,3,2
78854,5,3,275791,275791,275794,0,3,2
78855,1,2,275792,275794,275796,2,4,0
78856,4,3,275796,275796,275799,0,3,0
78857,2,2,275798,275799,275801,1,3,0
78858,6,3,275804,275804,275807,0,3,3
78859,3,1,275807,275807,275808,0,1,0
78860,4,3,275811,275811,275814,0,3,3
78861,1,1,275812,275814,275815,2,3,0
78862,3,2,275815,275815,275817,0,2,0
78863,6,1,275821,275821,275822,0,1,4
78864,4,3,275825,275825,275828,0,3,3
78865,3,1,275828,275828,275829,0,1,0
78866,4,3,275832,275832,275835,0,3,3
78867,4,1,275836,275836,275837,0,1,1
78868,5,2,275841,275841,275843,0,2,4
78869,1,3,275842,275843,275846,1,4,0
78870,5,1,275847,275847,275848,0,1,1
78871,6,1,275853,275853,275854,0,1,5
78872,2,2,275855,275855,275857,0,2,1
78873,4,3,275859,275859,275862,0,3,2
78874,2,2,275861,275862,275864,1,3,0
78875,3,3,275864,275864,275867,0,3,0
78876,1,3,275865,275867,275870,2,5,0
78877,3,1,275868,275870,275871,2,3,0
78878,5,1,275873,275873,275874,0,1,2
78879,6,1,275879,275879,275880,0,1,5
78880,6,3,275885,275885,275888,0,3,5
78881,4,2,275889,275889,275891,0,2,1
78882,2,2,275891,275891,275893,0,2,0
78883,2,1,275893,275893,275894,0,1,0
78884,1,1,275894,275894,275895,0,1,0
78885,4,3,275898,275898,275901,0,3,3
78886,6,1,275904,275904,275905,0,1,3
78887,3,3,275907,275907,275910,0,3,2
78888,2,3,275909,275910,275913,1,4,0
78889,3,1,275912,275913,275914,1,2,0
78890,6,2,275918,275918,275920,0,2,4
78891,2,1,275920,275920,275921,0,1,0
78892,1,2,275921,275921,275923,0,2,0
78893,2,3,275923,275923,275926,0,3,0
78894,3,1,275926,275926,275927,0,1,0
78895,4,2,275930,275930,275932,0,2,3
78896,5,3,275935,275935,275938,0,3,3
78897,6,1,275941,275941,275942,0,1,3
78898,6,3,275947,275947,275950,0,3,5
78899,6,1,275953,275953,275954,0,1,3
78900,3,2,275956,275956,275958,0,2,2
78901,2,1,275958,275958,275959,0,1,0
78902,4,1,275962,275962,275963,0,1,3
78903,4,3,275966,275966,275969,0,3,3
78904,1,3,275967,275969,275972,2,5,0
78905,1,3,275968,275972,275975,4,7,0
78906,4,1,275972,275975,275976,3,4,0
78907,3,3,275975,275976,275979,1,4,0
78908,1,2,275976,275979,275981,3,5,0
78909,3,3,275979,275981,275984,2,5,0
78910,2,1,275981,275984,275985,3,4,0
78911,3,3,275984,275985,275988,1,4,0
78912,3,2,275987,275988,275990,1,3,0
78913,1,3,275988,275990,275993,2,5,0
78914,5,3,275993,275993,275996,0,3,0
78915,2,1,275995,275996,275997,1,2,0
78916,3,3,275998,275998,276001,0,3,1
78917,4,1,276002,276002,276003,0,1,1
78918,4,1,276006,276006,276007,0,1,3
78919,6,2,276012,276012,276014,0,2,5
78920,1,2,276013,276014,276016,1,3,0
78921,2,2,276015,276016,276018,1,3,0
78922,6,1,276021,276021,276022,0,1,3
78923,2,3,276023,276023,276026,0,3,1
78924,5,3,276028,276028,276031,0,3,2
78925,5,1,276033,276033,276034,0,1,2
78926,4,3,276037,276037,276040,0,3,3
78927,2,1,276039,276040,276041,1,2,0
78928,6,2,276045,276045,276047,0,2,4
78929,2,3,276047,276047,276050,0,3,0
78930,5,1,276052,276052,276053,0,1,2
78931,1,1,276053,276053,276054,0,1,0
78932,6,3,276059,276059,276062,0,3,5
78933,1,2,276060,276062,276064,2,4,0
78934,2,2,276062,276064,276066,2,4,0
78935,6,1,276068,276068,276069,0,1,2
78936,2,2,276070,276070,276072,0,2,1
78937,3,3,276073,276073,276076,0,3,1
78938,4,1,276077,276077,276078,0,1,1
78939,2,2,276079,276079,276081,0,2,1
78940,1,3,276080,276081,276084,1,4,0
78941,6,2,276086,276086,276088,0,2,2
78942,5,3,276091,276091,276094,0,3,3
78943,2,2,276093,276094,276096,1,3,0
78944,4,3,276097,276097,276100,0,3,1
78945,6,2,276103,276103,276105,0,2,3
78946,1,1,276104,276105,276106,1,2,0
78947,3,2,276107,276107,276109,0,2,1
78948,2,3,276109,276109,276112,0,3,0
78949,3,2,276112,276112,276114,0,2,0
78950,6,1,276118,276118,276119,0,1,4
78951,5,3,276123,276123,276126,0,3,4
78952,4,1,276127,276127,276128,0,1,1
78953,5,1,276132,276132,276133,0,1,4
78954,6,2,276138,276138,276140,0,2,5
78955,1,2,276139,276140,276142,1,3,0
78956,1,1,276140,276142,276143,2,3,0
78957,3,1,276143,276143,276144,0,1,0
78958,4,1,276147,276147,276148,0,1,3
78959,6,1,276153,276153,276154,0,1,5
78960,5,3,276158,276158,276161,0,3,4
78961,5,2,276163,276163,276165,0,2,2
78962,5,2,276168,276168,276170,0,2,3
78963,6,3,276174,276174,276177,0,3,4
78964,1,1,276175,276177,276178,2,3,0
78965,2,1,276177,276178,276179,1,2,0
78966,2,3,276179,276179,276182,0,3,0
78967,2,1,276181,276182,276183,1,2,0
78968,5,3,276186,276186,276189,0,3,3
78969,3,3,276189,276189,276192,0,3,0
78970,1,2,276190,276192,276194,2,4,0
78971,5,1,276195,276195,276196,0,1,1
78972,5,1,276200,276200,276201,0,1,4
78973,6,3,276206,276206,276209,0,3,5
78974,3,2,276209,276209,276211,0,2,0
78975,5,2,276214,276214,276216,0,2,3
78976,1,3,276215,276216,276219,1,4,0
78977,3,3,276218,276219,276222,1,4,0
78978,5,1,276223,276223,276224,0,1,1
78979,3,3,276226,276226,276229,0,3,2
78980,4,2,276230,276230,276232,0,2,1
78981,1,1,276231,276232,276233,1,2,0
78982,1,3,276232,276233,276236,1,4,0
78983,1,1,276233,276236,276237,3,4,0
78984,6,2,276239,276239,276241,0,2,2
78985,6,1,276245,276245,276246,0,1,4
78986,1,1,276246,276246,276247,0,1,0
78987,6,1,276252,276252,276253,0,1,5
78988,3,3,276255,276255,276258,0,3,2
78989,4,3,276259,276259,276262,0,3,1
78990,5,3,276264,276264,276267,0,3,2
78991,5,1,276269,276269,276270,0,1,2
78992,6,3,276275,276275,276278,0,3,5
78993,5,1,276280,276280,276281,0,1,2
78994,5,1,276285,276285,276286,0,1,4
78995,4,1,276289,276289,276290,0,1,3
78996,5,3,276294,276294,276297,0,3,4
78997,4,3,276298,276298,276301,0,3,1
78998,1,3,276299,276301,276304,2,5,0
78999,2,2,276301,276304,276306,3,5,0
79000,4,1,276305,276306,276307,1,2,0
79001,4,2,276309,276309,276311,0,2,2
79002,1,3,276310,276311,276314,1,4,0
79003,4,3,276314,276314,276317,0,3,0
79004,5,2,276319,276319,276321,0,2,2
79005,6,2,276325,276325,276327,0,2,4
79006,1,2,276326,276327,276329,1,3,0
79007,1,1,276327,276329,276330,2,3,0
79008,4,3,276331,276331,276334,0,3,1
79009,3,2,276334,276334,276336,0,2,0
79010,4,2,276338,276338,276340,0,2,2
79011,6,3,276344,276344,276347,0,3,4
79012,2,1,276346,276347,276348,1,2,0
79013,5,1,276351,276351,276352,0,1,3
79014,3,1,276354,276354,276355,0,1,2
79015,2,1,276356,276356,276357,0,1,1
79016,4,3,276360,276360,276363,0,3,3
79017,2,3,276362,276363,276366,1,4,0
79018,1,2,276363,276366,276368,3,5,0
79019,5,3,276368,276368,276371,0,3,0
79020,5,1,276373,276373,276374,0,1,2
79021,3,2,276376,276376,276378,0,2,2
79022,5,2,276381,276381,276383,0,2,3
79023,1,2,276382,276383,276385,1,3,0
79024,6,3,276388,276388,276391,0,3,3
79025,5,1,276393,276393,276394,0,1,2
79026,2,3,276395,276395,276398,0,3,1
79027,3,1,276398,276398,276399,0,1,0
79028,4,2,276402,276402,276404,0,2,3
79029,3,2,276405,276405,276407,0,2,1
79030,5,3,276410,276410,276413,0,3,3
79031,2,1,276412,276413,276414,1,2,0
79032,1,3,276413,276414,276417,1,4,0
79033,6,2,276419,276419,276421,0,2,2
79034,5,1,276424,276424,276425,0,1,3
79035,1,1,276425,276425,276426,0,1,0
79036,3,3,276428,276428,276431,0,3,2
79037,5,1,276433,276433,276434,0,1,2
79038,3,3,276436,276436,276439,0,3,2
79039,5,2,276441,276441,276443,0,2,2
79040,1,1,276442,276443,276444,1,2,0
79041,1,1,276443,276444,276445,1,2,0
79042,6,3,276449,276449,276452,0,3,4
79043,6,2,276455,276455,276457,0,2,3
79044,2,2,276457,276457,276459,0,2,0
79045,1,2,276458,276459,276461,1,3,0
79046,5,2,276463,276463,276465,0,2,2
79047,4,2,276467,276467,276469,0,2,2
79048,5,3,276472,276472,276475,0,3,3
79049,6,3,276478,276478,276481,0,3,3
79050,3,3,276481,276481,276484,0,3,0
79051,4,1,276485,276485,276486,0,1,1
79052,5,3,276490,276490,276493,0,3,4
79053,5,3,276495,276495,276498,0,3,2
79054,2,3,276497,276498,276501,1,4,0
79055,4,2,276501,276501,276503,0,2,0
79056,4,3,276505,276505,276508,0,3,2
79057,4,3,276509,276509,276512,0,3,1
79058,3,3,276512,276512,276515,0,3,0
79059,6,2,276518,276518,276520,0,2,3
79060,5,1,276523,276523,276524,0,1,3
79061,3,2,276526,276526,276528,0,2,2
79062,4,1,276530,276530,276531,0,1,2
79063,2,3,276532,276532,276535,0,3,1
79064,2,1,276534,276535,276536,1,2,0
79065,6,2,276540,276540,276542,0,2,4
79066,4,2,276544,276544,276546,0,2,2
79067,2,1,276546,276546,276547,0,1,0
79068,5,2,276551,276551,276553,0,2,4
79069,4,3,276555,276555,276558,0,3,2
79070,5,1,276560,276560,276561,0,1,2
79071,1,2,276561,276561,276563,0,2,0
79072,4,2,276565,276565,276567,0,2,2
79073,3,2,276568,276568,276570,0,2,1
79074,4,3,276572,276572,276575,0,3,2
79075,1,2,276573,276575,276577,2,4,0
79076,2,2,276575,276577,276579,2,4,0
79077,6,1,276581,276581,276582,0,1,2
79078,5,2,276586,276586,276588,0,2,4
79079,5,2,276591,276591,276593,0,2,3
79080,1,3,276592,276593,276596,1,4,0
79081,2,1,276594,276596,276597,2,3,0
79082,5,1,276599,276599,276600,0,1,2
79083,3,2,276602,276602,276604,0,2,2
79084,4,2,276606,276606,276608,0,2,2
79085,4,1,276610,276610,276611,0,1,2
79086,5,2,276615,276615,276617,0,2,4
79087,3,2,276618,276618,276620,0,2,1
79088,1,3,276619,276620,276623,1,4,0
79089,5,1,276624,276624,276625,0,1,1
79090,4,2,276628,276628,276630,0,2,3
79091,1,2,276629,276630,276632,1,3,0
79092,2,1,276631,276632,276633,1,2,0
79093,3,2,276634,276634,276636,0,2,1
79094,1,2,276635,276636,276638,1,3,0
79095,1,1,276636,276638,276639,2,3,0
79096,2,1,276638,276639,276640,1,2,0
79097,3,3,276641,276641,276644,0,3,1
79098,3,3,276644,276644,276647,0,3,0
79099,2,1,276646,276647,276648,1,2,0
79100,3,3,276649,276649,276652,0,3,1
79101,3,1,276652,276652,276653,0,1,0
79102,3,2,276655,276655,276657,0,2,2
79103,3,2,276658,276658,276660,0,2,1
79104,6,2,276664,276664,276666,0,2,4
79105,6,2,276670,276670,276672,0,2,4
79106,3,1,276673,276673,276674,0,1,1
79107,2,1,276675,276675,276676,0,1,1
79108,6,1,276681,276681,276682,0,1,5
79109,5,3,276686,276686,276689,0,3,4
79110,2,1,276688,276689,276690,1,2,0
79111,2,3,276690,276690,276693,0,3,0
79112,6,2,276696,276696,276698,0,2,3
79113,4,2,276700,276700,276702,0,2,2
79114,5,2,276705,276705,276707,0,2,3
79115,3,2,276708,276708,276710,0,2,1
79116,1,2,276709,276710,276712,1,3,0
79117,5,3,276714,276714,276717,0,3,2
79118,5,3,276719,276719,276722,0,3,2
79119,6,1,276725,276725,276726,0,1,3
79120,6,2,276731,276731,276733,0,2,5
79121,2,1,276733,276733,276734,0,1,0
79122,5,2,276738,276738,276740,0,2,4
79123,6,2,276744,276744,276746,0,2,4
79124,6,2,276750,276750,276752,0,2,4
79125,6,1,276756,276756,276757,0,1,4
79126,3,2,276759,276759,276761,0,2,2
79127,5,2,276764,276764,276766,0,2,3
79128,3,3,276767,276767,276770,0,3,1
79129,2,3,276769,276770,276773,1,4,0
79130,5,3,276774,276774,276777,0,3,1
79131,4,3,276778,276778,276781,0,3,1
79132,5,2,276783,276783,276785,0,2,2
79133,6,3,276789,276789,276792,0,3,4
79134,1,2,276790,276792,276794,2,4,0
79135,3,1,276793,276794,276795,1,2,0
79136,3,1,276796,276796,276797,0,1,1
79137,5,3,276801,276801,276804,0,3,4
79138,2,3,276803,276804,276807,1,4,0
79139,2,2,276805,276807,276809,2,4,0
79140,5,3,276810,276810,276813,0,3,1
79141,4,1,276814,276814,276815,0,1,1
79142,1,2,276815,276815,276817,0,2,0
79143,5,1,276820,276820,276821,0,1,3
79144,5,3,276825,276825,276828,0,3,4
79145,3,2,276828,276828,276830,0,2,0
79146,1,3,276829,276830,276833,1,4,0
79147,1,1,276830,276833,276834,3,4,0
79148,6,2,276836,276836,276838,0,2,2
79149,4,3,276840,276840,276843,0,3,2
79150,4,1,276844,276844,276845,0,1,1
79151,5,3,276849,276849,276852,0,3,4
79152,5,3,276854,276854,276857,0,3,2
79153,1,2,276855,276857,276859,2,4,0
79154,3,1,276858,276859,276860,1,2,0
79155,3,1,276861,276861,276862,0,1,1
79156,5,1,276866,276866,276867,0,1,4
79157,2,1,276868,276868,276869,0,1,1
79158,3,2,276871,276871,276873,0,2,2
79159,2,1,276873,276873,276874,0,1,0
79160,4,1,276877,276877,276878,0,1,3
79161,3,1,276880,276880,276881,0,1,2
79162,1,1,276881,276881,276882,0,1,0
79163,2,1,276883,276883,276884,0,1,1
79164,4,2,276887,276887,276889,0,2,3
79165,4,1,276891,276891,276892,0,1,2
79166,1,3,276892,276892,276895,0,3,0
79167,4,3,276896,276896,276899,0,3,1
79168,5,2,276901,276901,276903,0,2,2
79169,1,2,276902,276903,276905,1,3,0
79170,3,3,276905,276905,276908,0,3,0
79171,1,3,276906,276908,276911,2,5,0
79172,6,1,276912,276912,276913,0,1,1
79173,4,2,276916,276916,276918,0,2,3
79174,2,2,276918,276918,276920,0,2,0
79175,1,3,276919,276920,276923,1,4,0
79176,5,1,276924,276924,276925,0,1,1
79177,5,3,276929,276929,276932,0,3,4
79178,6,3,276935,276935,276938,0,3,3
79179,2,3,276937,276938,276941,1,4,0
79180,4,2,276941,276941,276943,0,2,0
79181,1,1,276942,276943,276944,1,2,0
79182,2,3,276944,276944,276947,0,3,0
79183,2,2,276946,276947,276949,1,3,0
79184,4,2,276950,276950,276952,0,2,1
79185,5,3,276955,276955,276958,0,3,3
79186,3,2,276958,276958,276960,0,2,0
79187,3,1,276961,276961,276962,0,1,1
79188,2,2,276963,276963,276965,0,2,1
79189,5,3,276968,276968,276971,0,3,3
79190,6,1,276974,276974,276975,0,1,3
79191,1,3,276975,276975,276978,0,3,0
79192,3,3,276978,276978,276981,0,3,0
79193,3,1,276981,276981,276982,0,1,0
79194,5,2,276986,276986,276988,0,2,4
79195,4,1,276990,276990,276991,0,1,2
79196,4,2,276994,276994,276996,0,2,3
79197,6,2,277000,277000,277002,0,2,4
79198,2,3,277002,277002,277005,0,3,0
79199,1,3,277003,277005,277008,2,5,0
79200,5,2,277008,277008,277010,0,2,0
79201,6,1,277014,277014,277015,0,1,4
79202,3,1,277017,277017,277018,0,1,2
79203,1,1,277018,277018,277019,0,1,0
79204,5,2,277023,277023,277025,0,2,4
79205,6,3,277029,277029,277032,0,3,4
79206,5,2,277034,277034,277036,0,2,2
79207,4,2,277038,277038,277040,0,2,2
79208,1,3,277039,277040,277043,1,4,0
79209,6,2,277045,277045,277047,0,2,2
79210,6,1,277051,277051,277052,0,1,4
79211,3,3,277054,277054,277057,0,3,2
79212,3,1,277057,277057,277058,0,1,0
79213,5,3,277062,277062,277065,0,3,4
79214,4,1,277066,277066,277067,0,1,1
79215,3,1,277069,277069,277070,0,1,2
79216,2,2,277071,277071,277073,0,2,1
79217,6,1,277077,277077,277078,0,1,4
79218,2,2,277079,277079,277081,0,2,1
79219,2,3,277081,277081,277084,0,3,0
79220,1,1,277082,277084,277085,2,3,0
79221,2,1,277084,277085,277086,1,2,0
79222,1,2,277085,277086,277088,1,3,0
79223,4,3,277089,277089,277092,0,3,1
79224,5,3,277094,277094,277097,0,3,2
79225,5,2,277099,277099,277101,0,2,2
79226,3,3,277102,277102,277105,0,3,1
79227,2,3,277104,277105,277108,1,4,0
79228,5,2,277109,277109,277111,0,2,1
79229,2,3,277111,277111,277114,0,3,0
79230,4,1,277115,277115,277116,0,1,1
79231,3,1,277118,277118,277119,0,1,2
79232,5,3,277123,277123,277126,0,3,4
79233,2,2,277125,277126,277128,1,3,0
79234,3,2,277128,277128,277130,0,2,0
79235,4,3,277132,277132,277135,0,3,2
79236,5,1,277137,277137,277138,0,1,2
79237,1,2,277138,277138,277140,0,2,0
79238,3,1,277141,277141,277142,0,1,1
79239,1,3,277142,277142,277145,0,3,0
79240,4,3,277146,277146,277149,0,3,1
79241,3,2,277149,277149,277151,0,2,0
79242,5,1,277154,277154,277155,0,1,3
79243,5,1,277159,277159,277160,0,1,4
79244,3,2,277162,277162,277164,0,2,2
79245,2,1,277164,277164,277165,0,1,0
79246,3,3,277167,277167,277170,0,3,2
79247,5,1,277172,277172,277173,0,1,2
79248,3,2,277175,277175,277177,0,2,2
79249,6,2,277181,277181,277183,0,2,4
79250,4,2,277185,277185,277187,0,2,2
79251,1,2,277186,277187,277189,1,3,0
79252,4,1,277190,277190,277191,0,1,1
79253,2,2,277192,277192,277194,0,2,1
79254,6,2,277198,277198,277200,0,2,4
79255,2,2,277200,277200,277202,0,2,0
79256,5,2,277205,277205,277207,0,2,3
79257,5,1,277210,277210,277211,0,1,3
79258,1,1,277211,277211,277212,0,1,0
79259,6,3,277217,277217,277220,0,3,5
79260,4,2,277221,277221,277223,0,2,1
79261,6,2,277227,277227,277229,0,2,4
79262,4,3,277231,277231,277234,0,3,2
79263,2,3,277233,277234,277237,1,4,0
79264,6,2,277239,277239,277241,0,2,2
79265,6,1,277245,277245,277246,0,1,4
79266,2,3,277247,277247,277250,0,3,1
79267,4,3,277251,277251,277254,0,3,1
79268,5,2,277256,277256,277258,0,2,2
79269,6,3,277262,277262,277265,0,3,4
79270,1,2,277263,277265,277267,2,4,0
79271,4,2,277267,277267,277269,0,2,0
79272,4,1,277271,277271,277272,0,1,2
79273,4,1,277275,277275,277276,0,1,3
79274,5,3,277280,277280,277283,0,3,4
79275,3,2,277283,277283,277285,0,2,0
79276,6,3,277289,277289,277292,0,3,4
79277,3,1,277292,277292,277293,0,1,0
79278,2,1,277294,277294,277295,0,1,1
79279,3,2,277297,277297,277299,0,2,2
79280,5,1,277302,277302,277303,0,1,3
79281,2,1,277304,277304,277305,0,1,1
79282,4,3,277308,277308,277311,0,3,3
79283,3,1,277311,277311,277312,0,1,0
79284,3,1,277314,277314,277315,0,1,2
79285,4,2,277318,277318,277320,0,2,3
79286,2,2,277320,277320,277322,0,2,0
79287,6,3,277326,277326,277329,0,3,4
79288,6,2,277332,277332,277334,0,2,3
79289,3,2,277335,277335,277337,0,2,1
79290,5,2,277340,277340,277342,0,2,3
79291,5,2,277345,277345,277347,0,2,3
79292,4,2,277349,277349,277351,0,2,2
79293,3,3,277352,277352,277355,0,3,1
79294,5,3,277357,277357,277360,0,3,2
79295,6,2,277363,277363,277365,0,2,3
79296,1,3,277364,277365,277368,1,4,0
79297,6,1,277370,277370,277371,0,1,2
79298,6,1,277376,277376,277377,0,1,5
79299,3,1,277379,277379,277380,0,1,2
79300,3,2,277382,277382,277384,0,2,2
79301,3,3,277385,277385,277388,0,3,1
79302,5,2,277390,277390,277392,0,2,2
79303,6,2,277396,277396,277398,0,2,4
79304,4,3,277400,277400,277403,0,3,2
79305,5,1,277405,277405,277406,0,1,2
79306,2,1,277407,277407,277408,0,1,1
79307,4,3,277411,277411,277414,0,3,3
79308,2,1,277413,277414,277415,1,2,0
79309,5,3,277418,277418,277421,0,3,3
79310,2,1,277420,277421,277422,1,2,0
79311,4,3,277424,277424,277427,0,3,2
79312,4,3,277428,277428,277431,0,3,1
79313,5,1,277433,277433,277434,0,1,2
79314,5,3,277438,277438,277441,0,3,4
79315,3,2,277441,277441,277443,0,2,0
79316,5,2,277446,277446,277448,0,2,3
79317,4,2,277450,277450,277452,0,2,2
79318,4,3,277454,277454,277457,0,3,2
79319,3,3,277457,277457,277460,0,3,0
79320,6,1,277463,277463,277464,0,1,3
79321,6,1,277469,277469,277470,0,1,5
79322,1,3,277470,277470,277473,0,3,0
79323,2,2,277472,277473,277475,1,3,0
79324,4,3,277476,277476,277479,0,3,1
79325,4,2,277480,277480,277482,0,2,1
79326,2,2,277482,277482,277484,0,2,0
79327,2,1,277484,277484,277485,0,1,0
79328,6,1,277490,277490,277491,0,1,5
79329,4,3,277494,277494,277497,0,3,3
79330,3,1,277497,277497,277498,0,1,0
79331,4,3,277501,277501,277504,0,3,3
79332,4,1,277505,277505,277506,0,1,1
79333,2,2,277507,277507,277509,0,2,1
79334,6,3,277513,277513,277516,0,3,4
79335,3,2,277516,277516,277518,0,2,0
79336,6,3,277522,277522,277525,0,3,4
79337,4,3,277526,277526,277529,0,3,1
79338,5,3,277531,277531,277534,0,3,2
79339,5,2,277536,277536,277538,0,2,2
79340,3,2,277539,277539,277541,0,2,1
79341,5,1,277544,277544,277545,0,1,3
79342,3,2,277547,277547,277549,0,2,2
79343,4,1,277551,277551,277552,0,1,2
79344,1,2,277552,277552,277554,0,2,0
79345,1,3,277553,277554,277557,1,4,0
79346,1,1,277554,277557,277558,3,4,0
79347,5,3,277559,277559,277562,0,3,1
79348,2,3,277561,277562,277565,1,4,0
79349,4,1,277565,277565,277566,0,1,0
79350,2,2,277567,277567,277569,0,2,1
79351,3,2,277570,277570,277572,0,2,1
79352,4,1,277574,277574,277575,0,1,2
79353,3,3,277577,277577,277580,0,3,2
79354,1,1,277578,277580,277581,2,3,0
79355,4,2,277582,277582,277584,0,2,1
79356,3,2,277585,277585,277587,0,2,1
79357,3,3,277588,277588,277591,0,3,1
79358,2,3,277590,277591,277594,1,4,0
79359,6,1,277596,277596,277597,0,1,2
79360,5,1,277601,277601,277602,0,1,4
79361,6,3,277607,277607,277610,0,3,5
79362,4,1,277611,277611,277612,0,1,1
79363,5,1,277616,277616,277617,0,1,4
79364,4,2,277620,277620,277622,0,2,3
79365,3,1,277623,277623,277624,0,1,1
79366,2,3,277625,277625,277628,0,3,1
79367,3,3,277628,277628,277631,0,3,0
79368,4,2,277632,277632,277634,0,2,1
79369,6,1,277638,277638,277639,0,1,4
79370,2,3,277640,277640,277643,0,3,1
79371,5,1,277645,277645,277646,0,1,2
79372,5,1,277650,277650,277651,0,1,4
79373,2,2,277652,277652,277654,0,2,1
79374,4,2,277656,277656,277658,0,2,2
79375,4,3,277660,277660,277663,0,3,2
79376,2,1,277662,277663,277664,1,2,0
79377,4,2,277666,277666,277668,0,2,2
79378,5,1,277671,277671,277672,0,1,3
79379,5,3,277676,277676,277679,0,3,4
79380,2,3,277678,277679,277682,1,4,0
79381,2,1,277680,277682,277683,2,3,0
79382,5,1,277685,277685,277686,0,1,2
79383,4,1,277689,277689,277690,0,1,3
79384,2,3,277691,277691,277694,0,3,1
79385,6,1,277697,277697,277698,0,1,3
79386,4,3,277701,277701,277704,0,3,3
79387,3,3,277704,277704,277707,0,3,0
79388,6,2,277710,277710,277712,0,2,3
79389,3,2,277713,277713,277715,0,2,1
79390,4,3,277717,277717,277720,0,3,2
79391,6,1,277723,277723,277724,0,1,3
79392,4,1,277727,277727,277728,0,1,3
79393,1,1,277728,277728,277729,0,1,0
79394,5,2,277733,277733,277735,0,2,4
79395,3,2,277736,277736,277738,0,2,1
79396,1,1,277737,277738,277739,1,2,0
79397,4,1,277741,277741,277742,0,1,2
79398,4,1,277745,277745,277746,0,1,3
79399,3,3,277748,277748,277751,0,3,2
79400,2,1,277750,277751,277752,1,2,0
79401,3,3,277753,277753,277756,0,3,1
79402,2,3,277755,277756,277759,1,4,0
79403,5,2,277760,277760,277762,0,2,1
79404,4,3,277764,277764,277767,0,3,2
79405,5,1,277769,277769,277770,0,1,2
79406,6,2,277775,277775,277777,0,2,5
79407,6,2,277781,277781,277783,0,2,4
79408,3,3,277784,277784,277787,0,3,1
79409,4,2,277788,277788,277790,0,2,1
79410,1,3,277789,277790,277793,1,4,0
79411,6,2,277795,277795,277797,0,2,2
79412,3,3,277798,277798,277801,0,3,1
79413,5,1,277803,277803,277804,0,1,2
79414,2,1,277805,277805,277806,0,1,1
79415,6,3,277811,277811,277814,0,3,5
79416,6,2,277817,277817,277819,0,2,3
79417,5,2,277822,277822,277824,0,2,3
79418,2,3,277824,277824,277827,0,3,0
79419,3,3,277827,277827,277830,0,3,0
79420,6,3,277833,277833,277836,0,3,3
79421,2,3,277835,277836,277839,1,4,0
79422,2,3,277837,277839,277842,2,5,0
79423,3,1,277840,277842,277843,2,3,0
79424,2,2,277842,277843,277845,1,3,0
79425,5,1,277847,277847,277848,0,1,2
79426,1,1,277848,277848,277849,0,1,0
79427,6,2,277854,277854,277856,0,2,5
79428,1,1,277855,277856,277857,1,2,0
79429,3,1,277858,277858,277859,0,1,1
79430,5,3,277863,277863,277866,0,3,4
79431,3,2,277866,277866,277868,0,2,0
79432,5,1,277871,277871,277872,0,1,3
79433,5,3,277876,277876,277879,0,3,4
79434,3,1,277879,277879,277880,0,1,0
79435,1,1,277880,277880,277881,0,1,0
79436,3,2,277883,277883,277885,0,2,2
79437,4,2,277887,277887,277889,0,2,2
79438,1,1,277888,277889,277890,1,2,0
79439,4,2,277892,277892,277894,0,2,2
79440,5,3,277897,277897,277900,0,3,3
79441,5,3,277902,277902,277905,0,3,2
79442,6,2,277908,277908,277910,0,2,3
79443,1,1,277909,277910,277911,1,2,0
79444,2,3,277911,277911,277914,0,3,0
79445,2,1,277913,277914,277915,1,2,0
79446,5,1,277918,277918,277919,0,1,3
79447,6,3,277924,277924,277927,0,3,5
79448,4,2,277928,277928,277930,0,2,1
79449,5,3,277933,277933,277936,0,3,3
79450,2,2,277935,277936,277938,1,3,0
79451,4,3,277939,277939,277942,0,3,1
79452,4,2,277943,277943,277945,0,2,1
79453,1,1,277944,277945,277946,1,2,0
79454,4,1,277948,277948,277949,0,1,2
79455,5,2,277953,277953,277955,0,2,4
79456,1,2,277954,277955,277957,1,3,0
79457,4,2,277958,277958,277960,0,2,1
79458,3,3,277961,277961,277964,0,3,1
79459,1,1,277962,277964,277965,2,3,0
79460,4,2,277966,277966,277968,0,2,1
79461,2,2,277968,277968,277970,0,2,0
79462,4,3,277972,277972,277975,0,3,2
79463,2,1,277974,277975,277976,1,2,0
79464,4,2,277978,277978,277980,0,2,2
79465,1,3,277979,277980,277983,1,4,0
79466,1,2,277980,277983,277985,3,5,0
79467,1,2,277981,277985,277987,4,6,0
79468,6,2,277987,277987,277989,0,2,0
79469,1,2,277988,277989,277991,1,3,0
79470,1,3,277989,277991,277994,2,5,0
79471,5,2,277994,277994,277996,0,2,0
79472,6,1,278000,278000,278001,0,1,4
79473,4,2,278004,278004,278006,0,2,3
79474,6,2,278010,278010,278012,0,2,4
79475,4,1,278014,278014,278015,0,1,2
79476,6,3,278020,278020,278023,0,3,5
79477,2,3,278022,278023,278026,1,4,0
79478,4,2,278026,278026,278028,0,2,0
79479,6,3,278032,278032,278035,0,3,4
79480,2,2,278034,278035,278037,1,3,0
79481,4,2,278038,278038,278040,0,2,1
79482,1,3,278039,278040,278043,1,4,0
79483,2,3,278041,278043,278046,2,5,0
79484,6,2,278047,278047,278049,0,2,1
79485,3,2,278050,278050,278052,0,2,1
79486,4,2,278054,278054,278056,0,2,2
79487,4,2,278058,278058,278060,0,2,2
79488,4,3,278062,278062,278065,0,3,2
79489,6,3,278068,278068,278071,0,3,3
79490,5,2,278073,278073,278075,0,2,2
79491,2,3,278075,278075,278078,0,3,0
79492,5,2,278080,278080,278082,0,2,2
79493,1,3,278081,278082,278085,1,4,0
79494,4,2,278085,278085,278087,0,2,0
79495,2,1,278087,278087,278088,0,1,0
79496,6,2,278093,278093,278095,0,2,5
79497,1,3,278094,278095,278098,1,4,0
79498,3,3,278097,278098,278101,1,4,0
79499,4,3,278101,278101,278104,0,3,0
79500,2,2,278103,278104,278106,1,3,0
79501,2,3,278105,278106,278109,1,4,0
79502,6,2,278111,278111,278113,0,2,2
79503,5,1,278116,278116,278117,0,1,3
79504,1,3,278117,278117,278120,0,3,0
79505,1,2,278118,278120,278122,2,4,0
79506,5,2,278123,278123,278125,0,2,1
79507,3,3,278126,278126,278129,0,3,1
79508,5,3,278131,278131,278134,0,3,2
79509,3,3,278134,278134,278137,0,3,0
79510,1,1,278135,278137,278138,2,3,0
79511,1,1,278136,278138,278139,2,3,0
79512,6,1,278142,278142,278143,0,1,3
79513,1,3,278143,278143,278146,0,3,0
79514,1,3,278144,278146,278149,2,5,0
79515,6,3,278150,278150,278153,0,3,1
79516,5,3,278155,278155,278158,0,3,2
79517,4,3,278159,278159,278162,0,3,1
79518,6,3,278165,278165,278168,0,3,3
79519,4,1,278169,278169,278170,0,1,1
79520,1,2,278170,278170,278172,0,2,0
79521,3,3,278173,278173,278176,0,3,1
79522,4,2,278177,278177,278179,0,2,1
79523,1,2,278178,278179,278181,1,3,0
79524,3,2,278181,278181,278183,0,2,0
79525,6,1,278187,278187,278188,0,1,4
79526,4,3,278191,278191,278194,0,3,3
79527,3,3,278194,278194,278197,0,3,0
79528,5,1,278199,278199,278200,0,1,2
79529,1,3,278200,278200,278203,0,3,0
79530,1,3,278201,278203,278206,2,5,0
79531,2,2,278203,278206,278208,3,5,0
79532,2,3,278205,278208,278211,3,6,0
79533,6,3,278211,278211,278214,0,3,0
79534,1,2,278212,278214,278216,2,4,0
79535,4,3,278216,278216,278219,0,3,0
79536,4,2,278220,278220,278222,0,2,1
79537,6,3,278226,278226,278229,0,3,4
79538,4,1,278230,278230,278231,0,1,1
79539,3,1,278233,278233,278234,0,1,2
79540,3,1,278236,278236,278237,0,1,2
79541,2,2,278238,278238,278240,0,2,1
79542,2,1,278240,278240,278241,0,1,0
79543,3,1,278243,278243,278244,0,1,2
79544,2,1,278245,278245,278246,0,1,1
79545,2,2,278247,278247,278249,0,2,1
79546,6,3,278253,278253,278256,0,3,4
79547,2,2,278255,278256,278258,1,3,0
79548,3,3,278258,278258,278261,0,3,0
79549,2,3,278260,278261,278264,1,4,0
79550,3,1,278263,278264,278265,1,2,0
79551,3,1,278266,278266,278267,0,1,1
79552,2,1,278268,278268,278269,0,1,1
79553,3,3,278271,278271,278274,0,3,2
79554,5,1,278276,278276,278277,0,1,2
79555,6,3,278282,278282,278285,0,3,5
79556,4,2,278286,278286,278288,0,2,1
79557,5,3,278291,278291,278294,0,3,3
79558,5,3,278296,278296,278299,0,3,2
79559,3,3,278299,278299,278302,0,3,0
79560,5,1,278304,278304,278305,0,1,2
79561,4,2,278308,278308,278310,0,2,3
79562,6,2,278314,278314,278316,0,2,4
79563,5,3,278319,278319,278322,0,3,3
79564,1,3,278320,278322,278325,2,5,0
79565,4,3,278324,278325,278328,1,4,0
79566,1,1,278325,278328,278329,3,4,0
79567,4,2,278329,278329,278331,0,2,0
79568,5,2,278334,278334,278336,0,2,3
79569,2,1,278336,278336,278337,0,1,0
79570,3,2,278339,278339,278341,0,2,2
79571,1,2,278340,278341,278343,1,3,0
79572,3,2,278343,278343,278345,0,2,0
79573,4,1,278347,278347,278348,0,1,2
79574,4,2,278351,278351,278353,0,2,3
79575,2,1,278353,278353,278354,0,1,0
79576,6,1,278359,278359,278360,0,1,5
79577,6,1,278365,278365,278366,0,1,5
79578,4,3,278369,278369,278372,0,3,3
79579,5,2,278374,278374,278376,0,2,2
79580,5,1,278379,278379,278380,0,1,3
79581,3,1,278382,278382,278383,0,1,2
79582,2,2,278384,278384,278386,0,2,1
79583,6,1,278390,278390,278391,0,1,4
79584,4,3,278394,278394,278397,0,3,3
79585,4,1,278398,278398,278399,0,1,1
79586,6,3,278404,278404,278407,0,3,5
79587,1,2,278405,278407,278409,2,4,0
79588,4,1,278409,278409,278410,0,1,0
79589,3,2,278412,278412,278414,0,2,2
79590,4,2,278416,278416,278418,0,2,2
79591,5,1,278421,278421,278422,0,1,3
79592,6,3,278427,278427,278430,0,3,5
79593,2,1,278429,278430,278431,1,2,0
79594,4,3,278433,278433,278436,0,3,2
79595,4,3,278437,278437,278440,0,3,1
79596,5,3,278442,278442,278445,0,3,2
79597,1,3,278443,278445,278448,2,5,0
79598,1,1,278444,278448,278449,4,5,0
79599,1,3,278445,278449,278452,4,7,0
79600,3,1,278448,278452,278453,4,5,0
79601,5,1,278453,278453,278454,0,1,0
79602,6,2,278459,278459,278461,0,2,5
79603,2,1,278461,278461,278462,0,1,0
79604,1,3,278462,278462,278465,0,3,0
79605,2,2,278464,278465,278467,1,3,0
79606,4,2,278468,278468,278470,0,2,1
79607,3,3,278471,278471,278474,0,3,1
79608,1,3,278472,278474,278477,2,5,0
79609,4,1,278476,278477,278478,1,2,0
79610,1,3,278477,278478,278481,1,4,0
79611,2,1,278479,278481,278482,2,3,0
79612,2,3,278481,278482,278485,1,4,0
79613,6,1,278487,278487,278488,0,1,2
79614,5,1,278492,278492,278493,0,1,4
79615,6,2,278498,278498,278500,0,2,5
79616,1,2,278499,278500,278502,1,3,0
79617,1,2,278500,278502,278504,2,4,0
79618,1,3,278501,278504,278507,3,6,0
79619,6,2,278507,278507,278509,0,2,0
79620,3,3,278510,278510,278513,0,3,1
79621,4,2,278514,278514,278516,0,2,1
79622,4,1,278518,278518,278519,0,1,2
79623,3,3,278521,278521,278524,0,3,2
79624,3,1,278524,278524,278525,0,1,0
79625,1,2,278525,278525,278527,0,2,0
79626,5,3,278530,278530,278533,0,3,3
79627,3,2,278533,278533,278535,0,2,0
79628,1,2,278534,278535,278537,1,3,0
79629,4,2,278538,278538,278540,0,2,1
79630,1,3,278539,278540,278543,1,4,0
79631,1,2,278540,278543,278545,3,5,0
79632,6,1,278546,278546,278547,0,1,1
79633,5,1,278551,278551,278552,0,1,4
79634,2,2,278553,278553,278555,0,2,1
79635,3,2,278556,278556,278558,0,2,1
79636,1,1,278557,278558,278559,1,2,0
79637,1,1,278558,278559,278560,1,2,0
79638,6,1,278564,278564,278565,0,1,4
79639,2,3,278566,278566,278569,0,3,1
79640,1,2,278567,278569,278571,2,4,0
79641,1,2,278568,278571,278573,3,5,0
79642,3,1,278571,278573,278574,2,3,0
79643,1,3,278572,278574,278577,2,5,0
79644,1,3,278573,278577,278580,4,7,0
79645,5,2,278578,278580,278582,2,4,0
79646,6,3,278584,278584,278587,0,3,2
79647,5,1,278589,278589,278590,0,1,2
79648,1,2,278590,278590,278592,0,2,0
79649,5,1,278595,278595,278596,0,1,3
79650,6,1,278601,278601,278602,0,1,5
79651,1,3,278602,278602,278605,0,3,0
79652,6,2,278608,278608,278610,0,2,3
79653,3,2,278611,278611,278613,0,2,1
79654,1,2,278612,278613,278615,1,3,0
79655,6,3,278618,278618,278621,0,3,3
79656,6,3,278624,278624,278627,0,3,3
79657,2,1,278626,278627,278628,1,2,0
79658,6,3,278632,278632,278635,0,3,4
79659,1,3,278633,278635,278638,2,5,0
79660,5,3,278638,278638,278641,0,3,0
79661,1,1,278639,278641,278642,2,3,0
79662,2,3,278641,278642,278645,1,4,0
79663,2,2,278643,278645,278647,2,4,0
79664,2,3,278645,278647,278650,2,5,0
79665,6,1,278651,278651,278652,0,1,1
79666,4,1,278655,278655,278656,0,1,3
79667,3,3,278658,278658,278661,0,3,2
79668,3,1,278661,278661,278662,0,1,0
79669,4,1,278665,278665,278666,0,1,3
79670,6,1,278671,278671,278672,0,1,5
79671,4,1,278675,278675,278676,0,1,3
79672,5,1,278680,278680,278681,0,1,4
79673,4,2,278684,278684,278686,0,2,3
79674,4,1,278688,278688,278689,0,1,2
79675,3,2,278691,278691,278693,0,2,2
79676,6,3,278697,278697,278700,0,3,4
79677,4,3,278701,278701,278704,0,3,1
79678,4,1,278705,278705,278706,0,1,1
79679,1,1,278706,278706,278707,0,1,0
79680,4,1,278710,278710,278711,0,1,3
79681,6,1,278716,278716,278717,0,1,5
79682,2,3,278718,278718,278721,0,3,1
79683,2,1,278720,278721,278722,1,2,0
79684,3,3,278723,278723,278726,0,3,1
79685,1,1,278724,278726,278727,2,3,0
79686,5,1,278729,278729,278730,0,1,2
79687,1,1,278730,278730,278731,0,1,0
79688,3,1,278733,278733,278734,0,1,2
79689,3,1,278736,278736,278737,0,1,2
79690,4,2,278740,278740,278742,0,2,3
79691,6,1,278746,278746,278747,0,1,4
79692,3,3,278749,278749,278752,0,3,2
79693,3,1,278752,278752,278753,0,1,0
79694,4,2,278756,278756,278758,0,2,3
79695,3,3,278759,278759,278762,0,3,1
79696,6,3,278765,278765,278768,0,3,3
79697,3,1,278768,278768,278769,0,1,0
79698,3,2,278771,278771,278773,0,2,2
79699,4,3,278775,278775,278778,0,3,2
79700,1,3,278776,278778,278781,2,5,0
79701,3,3,278779,278781,278784,2,5,0
79702,5,3,278784,278784,278787,0,3,0
79703,6,1,278790,278790,278791,0,1,3
79704,2,1,278792,278792,278793,0,1,1
79705,3,2,278795,278795,278797,0,2,2
79706,4,1,278799,278799,278800,0,1,2
79707,2,2,278801,278801,278803,0,2,1
79708,5,2,278806,278806,278808,0,2,3
79709,3,1,278809,278809,278810,0,1,1
79710,6,1,278815,278815,278816,0,1,5
79711,5,3,278820,278820,278823,0,3,4
79712,6,2,278826,278826,278828,0,2,3
79713,2,1,278828,278828,278829,0,1,0
79714,4,2,278832,278832,278834,0,2,3
79715,6,1,278838,278838,278839,0,1,4
79716,3,2,278841,278841,278843,0,2,2
79717,4,2,278845,278845,278847,0,2,2
79718,4,1,278849,278849,278850,0,1,2
79719,3,2,278852,278852,278854,0,2,2
79720,3,1,278855,278855,278856,0,1,1
79721,4,3,278859,278859,278862,0,3,3
79722,4,1,278863,278863,278864,0,1,1
79723,3,1,278866,278866,278867,0,1,2
79724,1,2,278867,278867,278869,0,2,0
79725,2,3,278869,278869,278872,0,3,0
79726,5,2,278874,278874,278876,0,2,2
79727,1,1,278875,278876,278877,1,2,0
79728,5,2,278880,278880,278882,0,2,3
79729,1,1,278881,278882,278883,1,2,0
79730,1,2,278882,278883,278885,1,3,0
79731,4,3,278886,278886,278889,0,3,1
79732,5,3,278891,278891,278894,0,3,2
79733,4,3,278895,278895,278898,0,3,1
79734,5,1,278900,278900,278901,0,1,2
79735,4,2,278904,278904,278906,0,2,3
79736,3,3,278907,278907,278910,0,3,1
79737,6,2,278913,278913,278915,0,2,3
79738,6,1,278919,278919,278920,0,1,4
79739,3,1,278922,278922,278923,0,1,2
79740,6,1,278928,278928,278929,0,1,5
79741,2,2,278930,278930,278932,0,2,1
79742,4,1,278934,278934,278935,0,1,2
79743,5,2,278939,278939,278941,0,2,4
79744,5,3,278944,278944,278947,0,3,3
79745,4,3,278948,278948,278951,0,3,1
79746,4,1,278952,278952,278953,0,1,1
79747,5,3,278957,278957,278960,0,3,4
79748,3,3,278960,278960,278963,0,3,0
79749,2,3,278962,278963,278966,1,4,0
79750,2,3,278964,278966,278969,2,5,0
79751,5,1,278969,278969,278970,0,1,0
79752,2,3,278971,278971,278974,0,3,1
79753,6,3,278977,278977,278980,0,3,3
79754,6,3,278983,278983,278986,0,3,3
79755,2,1,278985,278986,278987,1,2,0
79756,4,2,278989,278989,278991,0,2,2
79757,5,1,278994,278994,278995,0,1,3
79758,4,3,278998,278998,279001,0,3,3
79759,1,3,278999,279001,279004,2,5,0
79760,5,3,279004,279004,279007,0,3,0
79761,1,1,279005,279007,279008,2,3,0
79762,2,1,279007,279008,279009,1,2,0
79763,1,3,279008,279009,279012,1,4,0
79764,6,1,279014,279014,279015,0,1,2
79765,4,1,279018,279018,279019,0,1,3
79766,1,1,279019,279019,279020,0,1,0
79767,2,1,279021,279021,279022,0,1,1
79768,2,1,279023,279023,279024,0,1,1
79769,6,2,279029,279029,279031,0,2,5
79770,6,3,279035,279035,279038,0,3,4
79771,5,3,279040,279040,279043,0,3,2
79772,6,1,279046,279046,279047,0,1,3
79773,5,1,279051,279051,279052,0,1,4
79774,5,1,279056,279056,279057,0,1,4
79775,3,2,279059,279059,279061,0,2,2
79776,1,3,279060,279061,279064,1,4,0
79777,1,1,279061,279064,279065,3,4,0
79778,3,3,279064,279065,279068,1,4,0
79779,3,2,279067,279068,279070,1,3,0
79780,2,2,279069,279070,279072,1,3,0
79781,1,2,279070,279072,279074,2,4,0
79782,3,2,279073,279074,279076,1,3,0
79783,3,2,279076,279076,279078,0,2,0
79784,5,3,279081,279081,279084,0,3,3
79785,2,1,279083,279084,279085,1,2,0
79786,3,1,279086,279086,279087,0,1,1
79787,3,2,279089,279089,279091,0,2,2
79788,1,1,279090,279091,279092,1,2,0
79789,3,1,279093,279093,279094,0,1,1
79790,3,1,279096,279096,279097,0,1,2
79791,1,2,279097,279097,279099,0,2,0
79792,2,2,279099,279099,279101,0,2,0
79793,5,2,279104,279104,279106,0,2,3
79794,1,3,279105,279106,279109,1,4,0
79795,1,3,279106,279109,279112,3,6,0
79796,6,1,279112,279112,279113,0,1,0
79797,2,3,279114,279114,279117,0,3,1
79798,4,2,279118,279118,279120,0,2,1
79799,4,2,279122,279122,279124,0,2,2
79800,2,1,279124,279124,279125,0,1,0
79801,4,3,279128,279128,279131,0,3,3
79802,2,3,279130,279131,279134,1,4,0
79803,2,2,279132,279134,279136,2,4,0
79804,4,3,279136,279136,279139,0,3,0
79805,2,3,279138,279139,279142,1,4,0
79806,5,2,279143,279143,279145,0,2,1
79807,2,3,279145,279145,279148,0,3,0
79808,3,2,279148,279148,279150,0,2,0
79809,4,3,279152,279152,279155,0,3,2
79810,5,3,279157,279157,279160,0,3,2
79811,2,2,279159,279160,279162,1,3,0
79812,1,1,279160,279162,279163,2,3,0
79813,5,1,279165,279165,279166,0,1,2
79814,1,3,279166,279166,279169,0,3,0
79815,3,3,279169,279169,279172,0,3,0
79816,4,2,279173,279173,279175,0,2,1
79817,3,1,279176,279176,279177,0,1,1
79818,4,3,279180,279180,279183,0,3,3
79819,1,1,279181,279183,279184,2,3,0
79820,5,1,279186,279186,279187,0,1,2
79821,1,2,279187,279187,279189,0,2,0
79822,1,2,279188,279189,279191,1,3,0
79823,2,2,279190,279191,279193,1,3,0
79824,1,2,279191,279193,279195,2,4,0
79825,3,1,279194,279195,279196,1,2,0
79826,3,1,279197,279197,279198,0,1,1
79827,5,2,279202,279202,279204,0,2,4
79828,3,2,279205,279205,279207,0,2,1
79829,6,1,279211,279211,279212,0,1,4
79830,3,1,279214,279214,279215,0,1,2
79831,5,1,279219,279219,279220,0,1,4
79832,1,1,279220,279220,279221,0,1,0
79833,3,2,279223,279223,279225,0,2,2
79834,3,1,279226,279226,279227,0,1,1
79835,1,1,279227,279227,279228,0,1,0
79836,4,3,279231,279231,279234,0,3,3
79837,2,1,279233,279234,279235,1,2,0
79838,1,3,279234,279235,279238,1,4,0
79839,1,1,279235,279238,279239,3,4,0
79840,6,1,279241,279241,279242,0,1,2
79841,2,3,279243,279243,279246,0,3,1
79842,2,3,279245,279246,279249,1,4,0
79843,1,2,279246,279249,279251,3,5,0
79844,4,2,279250,279251,279253,1,3,0
79845,3,2,279253,279253,279255,0,2,0
79846,2,1,279255,279255,279256,0,1,0
79847,1,3,279256,279256,279259,0,3,0
79848,4,3,279260,279260,279263,0,3,1
79849,3,1,279263,279263,279264,0,1,0
79850,6,2,279269,279269,279271,0,2,5
79851,4,3,279273,279273,279276,0,3,2
79852,4,2,279277,279277,279279,0,2,1
79853,3,3,279280,279280,279283,0,3,1
79854,1,2,279281,279283,279285,2,4,0
79855,6,1,279287,279287,279288,0,1,2
79856,3,1,279290,279290,279291,0,1,2
79857,5,1,279295,279295,279296,0,1,4
79858,4,3,279299,279299,279302,0,3,3
79859,5,1,279304,279304,279305,0,1,2
79860,2,1,279306,279306,279307,0,1,1
79861,6,2,279312,279312,279314,0,2,5
79862,3,1,279315,279315,279316,0,1,1
79863,5,1,279320,279320,279321,0,1,4
79864,1,2,279321,279321,279323,0,2,0
79865,3,2,279324,279324,279326,0,2,1
79866,4,3,279328,279328,279331,0,3,2
79867,1,3,279329,279331,279334,2,5,0
79868,6,3,279335,279335,279338,0,3,1
79869,2,1,279337,279338,279339,1,2,0
79870,2,3,279339,279339,279342,0,3,0
79871,5,3,279344,279344,279347,0,3,2
79872,2,3,279346,279347,279350,1,4,0
79873,4,1,279350,279350,279351,0,1,0
79874,4,3,279354,279354,279357,0,3,3
79875,1,2,279355,279357,279359,2,4,0
79876,1,3,279356,279359,279362,3,6,0
79877,4,1,279360,279362,279363,2,3,0
79878,5,1,279365,279365,279366,0,1,2
79879,5,3,279370,279370,279373,0,3,4
79880,3,1,279373,279373,279374,0,1,0
79881,4,1,279377,279377,279378,0,1,3
79882,3,3,279380,279380,279383,0,3,2
79883,6,1,279386,279386,279387,0,1,3
79884,3,2,279389,279389,279391,0,2,2
79885,2,3,279391,279391,279394,0,3,0
79886,5,3,279396,279396,279399,0,3,2
79887,2,3,279398,279399,279402,1,4,0
79888,3,2,279401,279402,279404,1,3,0
79889,3,1,279404,279404,279405,0,1,0
79890,6,3,279410,279410,279413,0,3,5
79891,1,1,279411,279413,279414,2,3,0
79892,1,2,279412,279414,279416,2,4,0
79893,1,3,279413,279416,279419,3,6,0
79894,4,1,279417,279419,279420,2,3,0
79895,1,2,279418,279420,279422,2,4,0
79896,4,3,279422,279422,279425,0,3,0
79897,6,1,279428,279428,279429,0,1,3
79898,1,3,279429,279429,279432,0,3,0
79899,6,2,279435,279435,279437,0,2,3
79900,6,2,279441,279441,279443,0,2,4
79901,1,1,279442,279443,279444,1,2,0
79902,6,3,279448,279448,279451,0,3,4
79903,1,2,279449,279451,279453,2,4,0
79904,1,2,279450,279453,279455,3,5,0
79905,5,1,279455,279455,279456,0,1,0
79906,5,2,279460,279460,279462,0,2,4
79907,4,1,279464,279464,279465,0,1,2
79908,5,3,279469,279469,279472,0,3,4
79909,1,1,279470,279472,279473,2,3,0
79910,5,1,279475,279475,279476,0,1,2
79911,6,3,279481,279481,279484,0,3,5
79912,6,2,279487,279487,279489,0,2,3
79913,1,1,279488,279489,279490,1,2,0
79914,4,2,279492,279492,279494,0,2,2
79915,5,3,279497,279497,279500,0,3,3
79916,6,3,279503,279503,279506,0,3,3
79917,2,1,279505,279506,279507,1,2,0
79918,4,1,279509,279509,279510,0,1,2
79919,3,1,279512,279512,279513,0,1,2
79920,6,3,279518,279518,279521,0,3,5
79921,6,2,279524,279524,279526,0,2,3
79922,5,3,279529,279529,279532,0,3,3
79923,3,3,279532,279532,279535,0,3,0
79924,1,2,279533,279535,279537,2,4,0
79925,6,3,279539,279539,279542,0,3,2
79926,5,3,279544,279544,279547,0,3,2
79927,2,1,279546,279547,279548,1,2,0
79928,3,3,279549,279549,279552,0,3,1
79929,1,3,279550,279552,279555,2,5,0
79930,1,3,279551,279555,279558,4,7,0
79931,2,1,279553,279558,279559,5,6,0
79932,3,1,279556,279559,279560,3,4,0
79933,6,1,279562,279562,279563,0,1,2
79934,4,1,279566,279566,279567,0,1,3
79935,6,1,279572,279572,279573,0,1,5
79936,5,3,279577,279577,279580,0,3,4
79937,4,2,279581,279581,279583,0,2,1
79938,6,3,279587,279587,279590,0,3,4
79939,2,3,279589,279590,279593,1,4,0
79940,6,3,279595,279595,279598,0,3,2
79941,2,2,279597,279598,279600,1,3,0
79942,1,3,279598,279600,279603,2,5,0
79943,4,3,279602,279603,279606,1,4,0
79944,5,1,279607,279607,279608,0,1,1
79945,3,3,279610,279610,279613,0,3,2
79946,5,3,279615,279615,279618,0,3,2
79947,4,2,279619,279619,279621,0,2,1
79948,3,3,279622,279622,279625,0,3,1
79949,3,1,279625,279625,279626,0,1,0
79950,2,3,279627,279627,279630,0,3,1
79951,4,3,279631,279631,279634,0,3,1
79952,3,3,279634,279634,279637,0,3,0
79953,5,1,279639,279639,279640,0,1,2
79954,4,1,279643,279643,279644,0,1,3
79955,6,1,279649,279649,279650,0,1,5
79956,5,3,279654,279654,279657,0,3,4
79957,6,1,279660,279660,279661,0,1,3
79958,3,3,279663,279663,279666,0,3,2
79959,1,3,279664,279666,279669,2,5,0
79960,2,1,279666,279669,279670,3,4,0
79961,3,3,279669,279670,279673,1,4,0
79962,4,2,279673,279673,279675,0,2,0
79963,6,3,279679,279679,279682,0,3,4
79964,1,1,279680,279682,279683,2,3,0
79965,2,1,279682,279683,279684,1,2,0
79966,2,1,279684,279684,279685,0,1,0
79967,2,1,279686,279686,279687,0,1,1
79968,5,3,279691,279691,279694,0,3,4
79969,6,2,279697,279697,279699,0,2,3
79970,5,1,279702,279702,279703,0,1,3
79971,2,3,279704,279704,279707,0,3,1
79972,4,2,279708,279708,279710,0,2,1
79973,2,2,279710,279710,279712,0,2,0
79974,3,1,279713,279713,279714,0,1,1
79975,6,3,279719,279719,279722,0,3,5
79976,6,1,279725,279725,279726,0,1,3
79977,3,1,279728,279728,279729,0,1,2
79978,4,2,279732,279732,279734,0,2,3
79979,4,1,279736,279736,279737,0,1,2
79980,5,2,279741,279741,279743,0,2,4
79981,2,3,279743,279743,279746,0,3,0
79982,5,3,279748,279748,279751,0,3,2
79983,3,1,279751,279751,279752,0,1,0
79984,2,1,279753,279753,279754,0,1,1
79985,6,1,279759,279759,279760,0,1,5
79986,5,1,279764,279764,279765,0,1,4
79987,4,3,279768,279768,279771,0,3,3
79988,3,3,279771,279771,279774,0,3,0
79989,1,1,279772,279774,279775,2,3,0
79990,2,1,279774,279775,279776,1,2,0
79991,4,2,279778,279778,279780,0,2,2
79992,3,1,279781,279781,279782,0,1,1
79993,6,2,279787,279787,279789,0,2,5
79994,4,2,279791,279791,279793,0,2,2
79995,6,1,279797,279797,279798,0,1,4
79996,4,3,279801,279801,279804,0,3,3
79997,1,1,279802,279804,279805,2,3,0
79998,2,2,279804,279805,279807,1,3,0
79999,2,3,279806,279807,279810,1,4,0
80000,4,3,279810,279810,279813,0,3,0
80001,6,3,279816,279816,279819,0,3,3
80002,2,3,279818,279819,279822,1,4,0
80003,3,1,279821,279822,279823,1,2,0
80004,5,3,279826,279826,279829,0,3,3
80005,2,1,279828,279829,279830,1,2,0
80006,4,1,279832,279832,279833,0,1,2
80007,4,2,279836,279836,279838,0,2,3
80008,5,3,279841,279841,279844,0,3,3
80009,4,2,279845,279845,279847,0,2,1
80010,6,1,279851,279851,279852,0,1,4
80011,1,1,279852,279852,279853,0,1,0
80012,5,1,279857,279857,279858,0,1,4
80013,3,2,279860,279860,279862,0,2,2
80014,4,3,279864,279864,279867,0,3,2
80015,2,2,279866,279867,279869,1,3,0
80016,5,3,279871,279871,279874,0,3,2
80017,6,2,279877,279877,279879,0,2,3
80018,2,2,279879,279879,279881,0,2,0
80019,5,2,279884,279884,279886,0,2,3
80020,2,2,279886,279886,279888,0,2,0
80021,6,2,279892,279892,279894,0,2,4
80022,6,3,279898,279898,279901,0,3,4
80023,4,2,279902,279902,279904,0,2,1
80024,3,3,279905,279905,279908,0,3,1
80025,4,1,279909,279909,279910,0,1,1
80026,4,1,279913,279913,279914,0,1,3
80027,1,1,279914,279914,279915,0,1,0
80028,1,2,279915,279915,279917,0,2,0
80029,3,3,279918,279918,279921,0,3,1
80030,2,2,279920,279921,279923,1,3,0
80031,4,2,279924,279924,279926,0,2,1
80032,2,3,279926,279926,279929,0,3,0
80033,4,3,279930,279930,279933,0,3,1
80034,5,2,279935,279935,279937,0,2,2
80035,6,3,279941,279941,279944,0,3,4
80036,5,2,279946,279946,279948,0,2,2
80037,6,2,279952,279952,279954,0,2,4
80038,6,2,279958,279958,279960,0,2,4
80039,6,2,279964,279964,279966,0,2,4
80040,5,2,279969,279969,279971,0,2,3
80041,6,3,279975,279975,279978,0,3,4
80042,1,2,279976,279978,279980,2,4,0
80043,5,2,279981,279981,279983,0,2,1
80044,1,1,279982,279983,279984,1,2,0
80045,5,1,279987,279987,279988,0,1,3
80046,3,3,279990,279990,279993,0,3,2
80047,5,3,279995,279995,279998,0,3,2
80048,5,1,280000,280000,280001,0,1,2
80049,3,2,280003,280003,280005,0,2,2
80050,3,1,280006,280006,280007,0,1,1
80051,1,1,280007,280007,280008,0,1,0
80052,3,1,280010,280010,280011,0,1,2
80053,5,3,280015,280015,280018,0,3,4
80054,3,1,280018,280018,280019,0,1,0
80055,5,3,280023,280023,280026,0,3,4
80056,4,3,280027,280027,280030,0,3,1
80057,3,3,280030,280030,280033,0,3,0
80058,6,1,280036,280036,280037,0,1,3
80059,2,1,280038,280038,280039,0,1,1
80060,6,3,280044,280044,280047,0,3,5
80061,6,2,280050,280050,280052,0,2,3
80062,5,2,280055,280055,280057,0,2,3
80063,2,1,280057,280057,280058,0,1,0
80064,2,1,280059,280059,280060,0,1,1
80065,6,2,280065,280065,280067,0,2,5
80066,1,3,280066,280067,280070,1,4,0
80067,5,1,280071,280071,280072,0,1,1
80068,6,1,280077,280077,280078,0,1,5
80069,5,1,280082,280082,280083,0,1,4
80070,2,3,280084,280084,280087,0,3,1
80071,4,2,280088,280088,280090,0,2,1
80072,4,1,280092,280092,280093,0,1,2
80073,5,1,280097,280097,280098,0,1,4
80074,1,3,280098,280098,280101,0,3,0
80075,5,1,280103,280103,280104,0,1,2
80076,2,2,280105,280105,280107,0,2,1
80077,4,1,280109,280109,280110,0,1,2
80078,5,3,280114,280114,280117,0,3,4
80079,4,2,280118,280118,280120,0,2,1
80080,2,1,280120,280120,280121,0,1,0
80081,3,2,280123,280123,280125,0,2,2
80082,6,3,280129,280129,280132,0,3,4
80083,5,3,280134,280134,280137,0,3,2
80084,5,3,280139,280139,280142,0,3,2
80085,4,1,280143,280143,280144,0,1,1
80086,4,3,280147,280147,280150,0,3,3
80087,5,1,280152,280152,280153,0,1,2
80088,4,3,280156,280156,280159,0,3,3
80089,4,3,280160,280160,280163,0,3,1
80090,5,3,280165,280165,280168,0,3,2
80091,2,2,280167,280168,280170,1,3,0
80092,2,3,280169,280170,280173,1,4,0
80093,4,1,280173,280173,280174,0,1,0
80094,5,1,280178,280178,280179,0,1,4
80095,6,3,280184,280184,280187,0,3,5
80096,2,3,280186,280187,280190,1,4,0
80097,6,3,280192,280192,280195,0,3,2
80098,4,2,280196,280196,280198,0,2,1
80099,4,2,280200,280200,280202,0,2,2
80100,5,2,280205,280205,280207,0,2,3
80101,4,1,280209,280209,280210,0,1,2
80102,4,3,280213,280213,280216,0,3,3
80103,5,2,280218,280218,280220,0,2,2
80104,2,1,280220,280220,280221,0,1,0
80105,4,3,280224,280224,280227,0,3,3
80106,3,2,280227,280227,280229,0,2,0
80107,3,1,280230,280230,280231,0,1,1
80108,2,2,280232,280232,280234,0,2,1
80109,6,2,280238,280238,280240,0,2,4
80110,2,1,280240,280240,280241,0,1,0
80111,6,3,280246,280246,280249,0,3,5
80112,6,2,280252,280252,280254,0,2,3
80113,1,1,280253,280254,280255,1,2,0
80114,3,3,280256,280256,280259,0,3,1
80115,6,1,280262,280262,280263,0,1,3
80116,4,1,280266,280266,280267,0,1,3
80117,2,1,280268,280268,280269,0,1,1
80118,5,3,280273,280273,280276,0,3,4
80119,6,3,280279,280279,280282,0,3,3
80120,5,3,280284,280284,280287,0,3,2
80121,3,2,280287,280287,280289,0,2,0
80122,5,2,280292,280292,280294,0,2,3
80123,1,3,280293,280294,280297,1,4,0
80124,1,1,280294,280297,280298,3,4,0
80125,6,1,280300,280300,280301,0,1,2
80126,1,2,280301,280301,280303,0,2,0
80127,6,2,280307,280307,280309,0,2,4
80128,5,1,280312,280312,280313,0,1,3
80129,6,1,280318,280318,280319,0,1,5
80130,2,2,280320,280320,280322,0,2,1
80131,6,2,280326,280326,280328,0,2,4
80132,6,1,280332,280332,280333,0,1,4
80133,3,1,280335,280335,280336,0,1,2
80134,3,2,280338,280338,280340,0,2,2
80135,4,2,280342,280342,280344,0,2,2
80136,2,1,280344,280344,280345,0,1,0
80137,6,3,280350,280350,280353,0,3,5
80138,5,3,280355,280355,280358,0,3,2
80139,1,3,280356,280358,280361,2,5,0
80140,6,2,280362,280362,280364,0,2,1
80141,6,1,280368,280368,280369,0,1,4
80142,1,1,280369,280369,280370,0,1,0
80143,6,1,280375,280375,280376,0,1,5
80144,1,1,280376,280376,280377,0,1,0
80145,4,3,280380,280380,280383,0,3,3
80146,4,1,280384,280384,280385,0,1,1
80147,6,3,280390,280390,280393,0,3,5
80148,5,2,280395,280395,280397,0,2,2
80149,2,3,280397,280397,280400,0,3,0
80150,5,3,280402,280402,280405,0,3,2
80151,3,3,280405,280405,280408,0,3,0
80152,4,3,280409,280409,280412,0,3,1
80153,6,2,280415,280415,280417,0,2,3
80154,2,3,280417,280417,280420,0,3,0
80155,2,3,280419,280420,280423,1,4,0
80156,2,3,280421,280423,280426,2,5,0
80157,4,2,280425,280426,280428,1,3,0
80158,5,1,280430,280430,280431,0,1,2
80159,1,3,280431,280431,280434,0,3,0
80160,3,3,280434,280434,280437,0,3,0
80161,6,1,280440,280440,280441,0,1,3
80162,2,1,280442,280442,280443,0,1,1
80163,3,1,280445,280445,280446,0,1,2
80164,6,1,280451,280451,280452,0,1,5
80165,5,3,280456,280456,280459,0,3,4
80166,6,1,280462,280462,280463,0,1,3
80167,5,2,280467,280467,280469,0,2,4
80168,6,1,280473,280473,280474,0,1,4
80169,2,3,280475,280475,280478,0,3,1
80170,1,1,280476,280478,280479,2,3,0
80171,6,2,280482,280482,280484,0,2,3
80172,3,2,280485,280485,280487,0,2,1
80173,2,3,280487,280487,280490,0,3,0
80174,5,2,280492,280492,280494,0,2,2
80175,2,2,280494,280494,280496,0,2,0
80176,2,3,280496,280496,280499,0,3,0
80177,3,2,280499,280499,280501,0,2,0
80178,6,2,280505,280505,280507,0,2,4
80179,4,2,280509,280509,280511,0,2,2
80180,3,3,280512,280512,280515,0,3,1
80181,3,2,280515,280515,280517,0,2,0
80182,5,2,280520,280520,280522,0,2,3
80183,1,1,280521,280522,280523,1,2,0
80184,6,1,280527,280527,280528,0,1,4
80185,1,2,280528,280528,280530,0,2,0
80186,6,3,280534,280534,280537,0,3,4
80187,3,3,280537,280537,280540,0,3,0
80188,5,3,280542,280542,280545,0,3,2
80189,1,2,280543,280545,280547,2,4,0
80190,4,1,280547,280547,280548,0,1,0
80191,4,3,280551,280551,280554,0,3,3
80192,4,1,280555,280555,280556,0,1,1
80193,3,1,280558,280558,280559,0,1,2
80194,6,1,280564,280564,280565,0,1,5
80195,5,1,280569,280569,280570,0,1,4
80196,1,3,280570,280570,280573,0,3,0
80197,6,3,280576,280576,280579,0,3,3
80198,2,3,280578,280579,280582,1,4,0
80199,2,1,280580,280582,280583,2,3,0
80200,3,1,280583,280583,280584,0,1,0
80201,4,1,280587,280587,280588,0,1,3
80202,4,2,280591,280591,280593,0,2,3
80203,1,1,280592,280593,280594,1,2,0
80204,5,2,280597,280597,280599,0,2,3
80205,5,1,280602,280602,280603,0,1,3
80206,4,1,280606,280606,280607,0,1,3
80207,2,2,280608,280608,280610,0,2,1
80208,4,2,280612,280612,280614,0,2,2
80209,4,1,280616,280616,280617,0,1,2
80210,6,3,280622,280622,280625,0,3,5
80211,2,1,280624,280625,280626,1,2,0
80212,3,2,280627,280627,280629,0,2,1
80213,4,1,280631,280631,280632,0,1,2
80214,1,3,280632,280632,280635,0,3,0
80215,1,2,280633,280635,280637,2,4,0
80216,6,3,280639,280639,280642,0,3,2
80217,3,1,280642,280642,280643,0,1,0
80218,5,3,280647,280647,280650,0,3,4
80219,6,2,280653,280653,280655,0,2,3
80220,5,1,280658,280658,280659,0,1,3
80221,4,2,280662,280662,280664,0,2,3
80222,1,2,280663,280664,280666,1,3,0
80223,1,2,280664,280666,280668,2,4,0
80224,6,3,280670,280670,280673,0,3,2
80225,6,3,280676,280676,280679,0,3,3
80226,2,1,280678,280679,280680,1,2,0
80227,4,1,280682,280682,280683,0,1,2
80228,1,3,280683,280683,280686,0,3,0
80229,5,3,280688,280688,280691,0,3,2
80230,5,1,280693,280693,280694,0,1,2
80231,3,1,280696,280696,280697,0,1,2
80232,5,2,280701,280701,280703,0,2,4
80233,2,1,280703,280703,280704,0,1,0
80234,5,1,280708,280708,280709,0,1,4
80235,3,1,280711,280711,280712,0,1,2
80236,6,3,280717,280717,280720,0,3,5
80237,3,1,280720,280720,280721,0,1,0
80238,3,3,280723,280723,280726,0,3,2
80239,1,1,280724,280726,280727,2,3,0
80240,2,1,280726,280727,280728,1,2,0
80241,3,1,280729,280729,280730,0,1,1
80242,2,2,280731,280731,280733,0,2,1
80243,5,1,280736,280736,280737,0,1,3
80244,3,3,280739,280739,280742,0,3,2
80245,5,2,280744,280744,280746,0,2,2
80246,5,2,280749,280749,280751,0,2,3
80247,3,2,280752,280752,280754,0,2,1
80248,2,1,280754,280754,280755,0,1,0
80249,4,3,280758,280758,280761,0,3,3
80250,5,3,280763,280763,280766,0,3,2
80251,6,3,280769,280769,280772,0,3,3
80252,6,2,280775,280775,280777,0,2,3
80253,5,3,280780,280780,280783,0,3,3
80254,6,1,280786,280786,280787,0,1,3
80255,5,3,280791,280791,280794,0,3,4
80256,4,3,280795,280795,280798,0,3,1
80257,6,1,280801,280801,280802,0,1,3
80258,6,1,280807,280807,280808,0,1,5
80259,3,2,280810,280810,280812,0,2,2
80260,4,2,280814,280814,280816,0,2,2
80261,2,3,280816,280816,280819,0,3,0
80262,1,2,280817,280819,280821,2,4,0
80263,4,2,280821,280821,280823,0,2,0
80264,3,1,280824,280824,280825,0,1,1
80265,1,1,280825,280825,280826,0,1,0
80266,5,3,280830,280830,280833,0,3,4
80267,4,3,280834,280834,280837,0,3,1
80268,1,2,280835,280837,280839,2,4,0
80269,3,1,280838,280839,280840,1,2,0
80270,4,2,280842,280842,280844,0,2,2
80271,4,1,280846,280846,280847,0,1,2
80272,3,1,280849,280849,280850,0,1,2
80273,6,1,280855,280855,280856,0,1,5
80274,6,3,280861,280861,280864,0,3,5
80275,2,1,280863,280864,280865,1,2,0
80276,6,1,280869,280869,280870,0,1,4
80277,2,1,280871,280871,280872,0,1,1
80278,1,1,280872,280872,280873,0,1,0
80279,5,2,280877,280877,280879,0,2,4
80280,4,2,280881,280881,280883,0,2,2
80281,3,1,280884,280884,280885,0,1,1
80282,4,2,280888,280888,280890,0,2,3
80283,4,2,280892,280892,280894,0,2,2
80284,3,2,280895,280895,280897,0,2,1
80285,4,1,280899,280899,280900,0,1,2
80286,6,1,280905,280905,280906,0,1,5
80287,4,1,280909,280909,280910,0,1,3
80288,2,1,280911,280911,280912,0,1,1
80289,2,2,280913,280913,280915,0,2,1
80290,5,2,280918,280918,280920,0,2,3
80291,5,3,280923,280923,280926,0,3,3
80292,3,1,280926,280926,280927,0,1,0
80293,3,1,280929,280929,280930,0,1,2
80294,2,2,280931,280931,280933,0,2,1
80295,3,3,280934,280934,280937,0,3,1
80296,4,1,280938,280938,280939,0,1,1
80297,2,1,280940,280940,280941,0,1,1
80298,3,1,280943,280943,280944,0,1,2
80299,2,1,280945,280945,280946,0,1,1
80300,5,2,280950,280950,280952,0,2,4
80301,2,3,280952,280952,280955,0,3,0
80302,4,1,280956,280956,280957,0,1,1
80303,3,1,280959,280959,280960,0,1,2
80304,4,2,280963,280963,280965,0,2,3
80305,1,3,280964,280965,280968,1,4,0
80306,5,1,280969,280969,280970,0,1,1
80307,5,3,280974,280974,280977,0,3,4
80308,5,1,280979,280979,280980,0,1,2
80309,5,2,280984,280984,280986,0,2,4
80310,2,2,280986,280986,280988,0,2,0
80311,5,3,280991,280991,280994,0,3,3
80312,6,1,280997,280997,280998,0,1,3
80313,4,3,281001,281001,281004,0,3,3
80314,4,3,281005,281005,281008,0,3,1
80315,2,3,281007,281008,281011,1,4,0
80316,6,2,281013,281013,281015,0,2,2
80317,2,3,281015,281015,281018,0,3,0
80318,4,1,281019,281019,281020,0,1,1
80319,1,2,281020,281020,281022,0,2,0
80320,5,2,281025,281025,281027,0,2,3
80321,3,2,281028,281028,281030,0,2,1
80322,6,2,281034,281034,281036,0,2,4
80323,3,3,281037,281037,281040,0,3,1
80324,4,2,281041,281041,281043,0,2,1
80325,5,3,281046,281046,281049,0,3,3
80326,6,3,281052,281052,281055,0,3,3
80327,2,1,281054,281055,281056,1,2,0
80328,3,3,281057,281057,281060,0,3,1
80329,3,3,281060,281060,281063,0,3,0
80330,4,3,281064,281064,281067,0,3,1
80331,4,1,281068,281068,281069,0,1,1
80332,4,2,281072,281072,281074,0,2,3
80333,6,3,281078,281078,281081,0,3,4
80334,6,2,281084,281084,281086,0,2,3
80335,1,3,281085,281086,281089,1,4,0
80336,2,1,281087,281089,281090,2,3,0
80337,3,1,281090,281090,281091,0,1,0
80338,1,2,281091,281091,281093,0,2,0
80339,1,3,281092,281093,281096,1,4,0
80340,5,2,281097,281097,281099,0,2,1
80341,4,2,281101,281101,281103,0,2,2
80342,2,2,281103,281103,281105,0,2,0
80343,5,2,281108,281108,281110,0,2,3
80344,3,1,281111,281111,281112,0,1,1
80345,1,1,281112,281112,281113,0,1,0
80346,5,1,281117,281117,281118,0,1,4
80347,3,1,281120,281120,281121,0,1,2
80348,6,3,281126,281126,281129,0,3,5
80349,6,2,281132,281132,281134,0,2,3
80350,3,1,281135,281135,281136,0,1,1
80351,2,1,281137,281137,281138,0,1,1
80352,3,1,281140,281140,281141,0,1,2
80353,3,1,281143,281143,281144,0,1,2
80354,1,2,281144,281144,281146,0,2,0
80355,3,2,281147,281147,281149,0,2,1
80356,3,1,281150,281150,281151,0,1,1
80357,1,3,281151,281151,281154,0,3,0
80358,6,3,281157,281157,281160,0,3,3
80359,1,1,281158,281160,281161,2,3,0
80360,3,3,281161,281161,281164,0,3,0
80361,5,1,281166,281166,281167,0,1,2
80362,3,1,281169,281169,281170,0,1,2
80363,2,2,281171,281171,281173,0,2,1
80364,5,3,281176,281176,281179,0,3,3
80365,4,2,281180,281180,281182,0,2,1
80366,5,2,281185,281185,281187,0,2,3
80367,2,2,281187,281187,281189,0,2,0
80368,2,1,281189,281189,281190,0,1,0
80369,1,2,281190,281190,281192,0,2,0
80370,1,1,281191,281192,281193,1,2,0
80371,4,1,281195,281195,281196,0,1,2
80372,5,1,281200,281200,281201,0,1,4
80373,1,2,281201,281201,281203,0,2,0
80374,4,3,281205,281205,281208,0,3,2
80375,1,2,281206,281208,281210,2,4,0
80376,6,2,281212,281212,281214,0,2,2
80377,4,2,281216,281216,281218,0,2,2
80378,4,2,281220,281220,281222,0,2,2
80379,6,1,281226,281226,281227,0,1,4
80380,1,3,281227,281227,281230,0,3,0
80381,2,1,281229,281230,281231,1,2,0
80382,4,1,281233,281233,281234,0,1,2
80383,2,3,281235,281235,281238,0,3,1
80384,4,3,281239,281239,281242,0,3,1
80385,5,1,281244,281244,281245,0,1,2
80386,6,3,281250,281250,281253,0,3,5
80387,4,3,281254,281254,281257,0,3,1
80388,1,3,281255,281257,281260,2,5,0
80389,5,2,281260,281260,281262,0,2,0
80390,2,3,281262,281262,281265,0,3,0
80391,6,2,281268,281268,281270,0,2,3
80392,1,1,281269,281270,281271,1,2,0
80393,6,1,281275,281275,281276,0,1,4
80394,2,3,281277,281277,281280,0,3,1
80395,4,1,281281,281281,281282,0,1,1
80396,5,3,281286,281286,281289,0,3,4
80397,5,2,281291,281291,281293,0,2,2
80398,6,2,281297,281297,281299,0,2,4
80399,3,2,281300,281300,281302,0,2,1
80400,5,2,281305,281305,281307,0,2,3
80401,3,1,281308,281308,281309,0,1,1
80402,2,3,281310,281310,281313,0,3,1
80403,3,3,281313,281313,281316,0,3,0
80404,5,3,281318,281318,281321,0,3,2
80405,6,3,281324,281324,281327,0,3,3
80406,4,2,281328,281328,281330,0,2,1
80407,1,3,281329,281330,281333,1,4,0
80408,1,2,281330,281333,281335,3,5,0
80409,5,3,281335,281335,281338,0,3,0
80410,4,1,281339,281339,281340,0,1,1
80411,6,2,281345,281345,281347,0,2,5
80412,3,3,281348,281348,281351,0,3,1
80413,4,1,281352,281352,281353,0,1,1
80414,4,2,281356,281356,281358,0,2,3
80415,2,1,281358,281358,281359,0,1,0
80416,6,2,281364,281364,281366,0,2,5
80417,5,3,281369,281369,281372,0,3,3
80418,6,3,281375,281375,281378,0,3,3
80419,4,2,281379,281379,281381,0,2,1
80420,6,3,281385,281385,281388,0,3,4
80421,4,3,281389,281389,281392,0,3,1
80422,2,3,281391,281392,281395,1,4,0
80423,1,3,281392,281395,281398,3,6,0
80424,6,3,281398,281398,281401,0,3,0
80425,1,1,281399,281401,281402,2,3,0
80426,5,3,281404,281404,281407,0,3,2
80427,2,3,281406,281407,281410,1,4,0
80428,2,2,281408,281410,281412,2,4,0
80429,2,2,281410,281412,281414,2,4,0
80430,1,3,281411,281414,281417,3,6,0
80431,5,1,281416,281417,281418,1,2,0
80432,5,1,281421,281421,281422,0,1,3
80433,5,2,281426,281426,281428,0,2,4
80434,6,3,281432,281432,281435,0,3,4
80435,2,1,281434,281435,281436,1,2,0
80436,6,3,281440,281440,281443,0,3,4
80437,2,3,281442,281443,281446,1,4,0
80438,4,2,281446,281446,281448,0,2,0
80439,1,2,281447,281448,281450,1,3,0
80440,6,3,281453,281453,281456,0,3,3
80441,1,1,281454,281456,281457,2,3,0
80442,5,1,281459,281459,281460,0,1,2
80443,2,2,281461,281461,281463,0,2,1
80444,1,1,281462,281463,281464,1,2,0
80445,1,3,281463,281464,281467,1,4,0
80446,5,3,281468,281468,281471,0,3,1
80447,5,3,281473,281473,281476,0,3,2
80448,5,1,281478,281478,281479,0,1,2
80449,3,2,281481,281481,281483,0,2,2
80450,2,1,281483,281483,281484,0,1,0
80451,5,3,281488,281488,281491,0,3,4
80452,1,2,281489,281491,281493,2,4,0
80453,1,3,281490,281493,281496,3,6,0
80454,1,1,281491,281496,281497,5,6,0
80455,3,2,281494,281497,281499,3,5,0
80456,1,1,281495,281499,281500,4,5,0
80457,6,1,281501,281501,281502,0,1,1
80458,6,2,281507,281507,281509,0,2,5
80459,2,1,281509,281509,281510,0,1,0
80460,1,3,281510,281510,281513,0,3,0
80461,5,3,281515,281515,281518,0,3,2
80462,2,2,281517,281518,281520,1,3,0
80463,2,3,281519,281520,281523,1,4,0
80464,5,2,281524,281524,281526,0,2,1
80465,2,3,281526,281526,281529,0,3,0
80466,4,1,281530,281530,281531,0,1,1
80467,2,2,281532,281532,281534,0,2,1
80468,1,1,281533,281534,281535,1,2,0
80469,1,3,281534,281535,281538,1,4,0
80470,2,3,281536,281538,281541,2,5,0
80471,2,2,281538,281541,281543,3,5,0
80472,3,2,281541,281543,281545,2,4,0
80473,2,1,281543,281545,281546,2,3,0
80474,6,3,281549,281549,281552,0,3,3
80475,2,3,281551,281552,281555,1,4,0
80476,5,2,281556,281556,281558,0,2,1
80477,3,2,281559,281559,281561,0,2,1
80478,1,3,281560,281561,281564,1,4,0
80479,1,2,281561,281564,281566,3,5,0
80480,1,1,281562,281566,281567,4,5,0
80481,3,2,281565,281567,281569,2,4,0
80482,5,2,281570,281570,281572,0,2,1
80483,5,1,281575,281575,281576,0,1,3
80484,3,3,281578,281578,281581,0,3,2
80485,2,2,281580,281581,281583,1,3,0
80486,5,2,281585,281585,281587,0,2,2
80487,4,2,281589,281589,281591,0,2,2
80488,4,3,281593,281593,281596,0,3,2
80489,3,1,281596,281596,281597,0,1,0
80490,6,2,281602,281602,281604,0,2,5
80491,6,3,281608,281608,281611,0,3,4
80492,1,3,281609,281611,281614,2,5,0
80493,6,1,281615,281615,281616,0,1,1
80494,5,2,281620,281620,281622,0,2,4
80495,3,3,281623,281623,281626,0,3,1
80496,1,1,281624,281626,281627,2,3,0
80497,3,3,281627,281627,281630,0,3,0
80498,3,3,281630,281630,281633,0,3,0
80499,2,2,281632,281633,281635,1,3,0
80500,4,2,281636,281636,281638,0,2,1
80501,3,1,281639,281639,281640,0,1,1
80502,5,2,281644,281644,281646,0,2,4
80503,4,3,281648,281648,281651,0,3,2
80504,1,3,281649,281651,281654,2,5,0
80505,1,2,281650,281654,281656,4,6,0
80506,3,2,281653,281656,281658,3,5,0
80507,5,1,281658,281658,281659,0,1,0
80508,5,1,281663,281663,281664,0,1,4
80509,6,1,281669,281669,281670,0,1,5
80510,6,2,281675,281675,281677,0,2,5
80511,4,3,281679,281679,281682,0,3,2
80512,6,1,281685,281685,281686,0,1,3
80513,1,2,281686,281686,281688,0,2,0
80514,6,3,281692,281692,281695,0,3,4
80515,6,3,281698,281698,281701,0,3,3
80516,5,1,281703,281703,281704,0,1,2
80517,1,2,281704,281704,281706,0,2,0
80518,1,1,281705,281706,281707,1,2,0
80519,5,2,281710,281710,281712,0,2,3
80520,6,1,281716,281716,281717,0,1,4
80521,3,1,281719,281719,281720,0,1,2
80522,2,3,281721,281721,281724,0,3,1
80523,5,3,281726,281726,281729,0,3,2
80524,6,1,281732,281732,281733,0,1,3
80525,5,3,281737,281737,281740,0,3,4
80526,5,1,281742,281742,281743,0,1,2
80527,3,1,281745,281745,281746,0,1,2
80528,2,2,281747,281747,281749,0,2,1
80529,6,2,281753,281753,281755,0,2,4
80530,6,3,281759,281759,281762,0,3,4
80531,6,1,281765,281765,281766,0,1,3
80532,3,3,281768,281768,281771,0,3,2
80533,6,3,281774,281774,281777,0,3,3
80534,4,2,281778,281778,281780,0,2,1
80535,5,2,281783,281783,281785,0,2,3
80536,2,3,281785,281785,281788,0,3,0
80537,2,1,281787,281788,281789,1,2,0
80538,6,3,281793,281793,281796,0,3,4
80539,3,3,281796,281796,281799,0,3,0
80540,5,2,281801,281801,281803,0,2,2
80541,5,1,281806,281806,281807,0,1,3
80542,1,2,281807,281807,281809,0,2,0
80543,3,3,281810,281810,281813,0,3,1
80544,5,2,281815,281815,281817,0,2,2
80545,3,1,281818,281818,281819,0,1,1
80546,2,3,281820,281820,281823,0,3,1
80547,3,2,281823,281823,281825,0,2,0
80548,3,3,281826,281826,281829,0,3,1
80549,4,3,281830,281830,281833,0,3,1
80550,6,3,281836,281836,281839,0,3,3
80551,4,3,281840,281840,281843,0,3,1
80552,1,2,281841,281843,281845,2,4,0
80553,2,2,281843,281845,281847,2,4,0
80554,3,2,281846,281847,281849,1,3,0
80555,4,1,281850,281850,281851,0,1,1
80556,3,2,281853,281853,281855,0,2,2
80557,1,1,281854,281855,281856,1,2,0
80558,3,1,281857,281857,281858,0,1,1
80559,2,1,281859,281859,281860,0,1,1
80560,5,3,281864,281864,281867,0,3,4
80561,4,3,281868,281868,281871,0,3,1
80562,6,2,281874,281874,281876,0,2,3
80563,5,1,281879,281879,281880,0,1,3
80564,5,1,281884,281884,281885,0,1,4
80565,1,3,281885,281885,281888,0,3,0
80566,1,3,281886,281888,281891,2,5,0
80567,4,2,281890,281891,281893,1,3,0
80568,2,2,281892,281893,281895,1,3,0
80569,6,1,281898,281898,281899,0,1,3
80570,3,1,281901,281901,281902,0,1,2
80571,3,3,281904,281904,281907,0,3,2
80572,6,1,281910,281910,281911,0,1,3
80573,3,2,281913,281913,281915,0,2,2
80574,5,2,281918,281918,281920,0,2,3
80575,3,1,281921,281921,281922,0,1,1
80576,4,1,281925,281925,281926,0,1,3
80577,5,2,281930,281930,281932,0,2,4
80578,2,3,281932,281932,281935,0,3,0
80579,3,2,281935,281935,281937,0,2,0
80580,4,3,281939,281939,281942,0,3,2
80581,2,3,281941,281942,281945,1,4,0
80582,2,1,281943,281945,281946,2,3,0
80583,1,2,281944,281946,281948,2,4,0
80584,1,2,281945,281948,281950,3,5,0
80585,2,1,281947,281950,281951,3,4,0
80586,3,1,281950,281951,281952,1,2,0
80587,3,1,281953,281953,281954,0,1,1
80588,2,2,281955,281955,281957,0,2,1
80589,5,1,281960,281960,281961,0,1,3
80590,4,3,281964,281964,281967,0,3,3
80591,5,3,281969,281969,281972,0,3,2
80592,6,2,281975,281975,281977,0,2,3
80593,5,1,281980,281980,281981,0,1,3
80594,5,2,281985,281985,281987,0,2,4
80595,2,2,281987,281987,281989,0,2,0
80596,6,3,281993,281993,281996,0,3,4
80597,2,3,281995,281996,281999,1,4,0
80598,3,2,281998,281999,282001,1,3,0
80599,2,2,282000,282001,282003,1,3,0
80600,2,1,282002,282003,282004,1,2,0
80601,6,1,282008,282008,282009,0,1,4
80602,1,2,282009,282009,282011,0,2,0
80603,4,2,282013,282013,282015,0,2,2
80604,4,3,282017,282017,282020,0,3,2
80605,1,3,282018,282020,282023,2,5,0
80606,2,3,282020,282023,282026,3,6,0
80607,4,1,282024,282026,282027,2,3,0
80608,6,3,282030,282030,282033,0,3,3
80609,1,3,282031,282033,282036,2,5,0
80610,4,2,282035,282036,282038,1,3,0
80611,3,1,282038,282038,282039,0,1,0
80612,2,2,282040,282040,282042,0,2,1
80613,3,1,282043,282043,282044,0,1,1
80614,4,3,282047,282047,282050,0,3,3
80615,2,1,282049,282050,282051,1,2,0
80616,3,1,282052,282052,282053,0,1,1
80617,5,1,282057,282057,282058,0,1,4
80618,5,3,282062,282062,282065,0,3,4
80619,3,1,282065,282065,282066,0,1,0
80620,1,2,282066,282066,282068,0,2,0
80621,5,1,282071,282071,282072,0,1,3
80622,1,3,282072,282072,282075,0,3,0
80623,3,1,282075,282075,282076,0,1,0
80624,1,1,282076,282076,282077,0,1,0
80625,1,3,282077,282077,282080,0,3,0
80626,4,2,282081,282081,282083,0,2,1
80627,6,3,282087,282087,282090,0,3,4
80628,4,2,282091,282091,282093,0,2,1
80629,6,1,282097,282097,282098,0,1,4
80630,4,1,282101,282101,282102,0,1,3
80631,6,1,282107,282107,282108,0,1,5
80632,6,2,282113,282113,282115,0,2,5
80633,2,2,282115,282115,282117,0,2,0
80634,2,1,282117,282117,282118,0,1,0
80635,4,2,282121,282121,282123,0,2,3
80636,6,2,282127,282127,282129,0,2,4
80637,2,3,282129,282129,282132,0,3,0
80638,2,3,282131,282132,282135,1,4,0
80639,3,1,282134,282135,282136,1,2,0
80640,5,2,282139,282139,282141,0,2,3
80641,1,2,282140,282141,282143,1,3,0
80642,5,2,282145,282145,282147,0,2,2
80643,6,1,282151,282151,282152,0,1,4
80644,3,3,282154,282154,282157,0,3,2
80645,5,2,282159,282159,282161,0,2,2
80646,4,1,282163,282163,282164,0,1,2
80647,2,3,282165,282165,282168,0,3,1
80648,3,2,282168,282168,282170,0,2,0
80649,2,1,282170,282170,282171,0,1,0
80650,1,1,282171,282171,282172,0,1,0
80651,4,1,282175,282175,282176,0,1,3
80652,5,3,282180,282180,282183,0,3,4
80653,5,3,282185,282185,282188,0,3,2
80654,6,1,282191,282191,282192,0,1,3
80655,2,1,282193,282193,282194,0,1,1
80656,3,3,282196,282196,282199,0,3,2
80657,6,2,282202,282202,282204,0,2,3
80658,1,3,282203,282204,282207,1,4,0
80659,2,2,282205,282207,282209,2,4,0
80660,2,2,282207,282209,282211,2,4,0
80661,3,3,282210,282211,282214,1,4,0
80662,5,1,282215,282215,282216,0,1,1
80663,4,3,282219,282219,282222,0,3,3
80664,5,3,282224,282224,282227,0,3,2
80665,3,3,282227,282227,282230,0,3,0
80666,4,1,282231,282231,282232,0,1,1
80667,4,2,282235,282235,282237,0,2,3
80668,4,2,282239,282239,282241,0,2,2
80669,1,3,282240,282241,282244,1,4,0
80670,5,2,282245,282245,282247,0,2,1
80671,6,3,282251,282251,282254,0,3,4
80672,6,2,282257,282257,282259,0,2,3
80673,1,1,282258,282259,282260,1,2,0
80674,1,3,282259,282260,282263,1,4,0
80675,3,3,282262,282263,282266,1,4,0
80676,6,1,282268,282268,282269,0,1,2
80677,3,3,282271,282271,282274,0,3,2
80678,4,2,282275,282275,282277,0,2,1
80679,3,2,282278,282278,282280,0,2,1
80680,6,1,282284,282284,282285,0,1,4
80681,2,2,282286,282286,282288,0,2,1
80682,6,3,282292,282292,282295,0,3,4
80683,2,2,282294,282295,282297,1,3,0
80684,4,3,282298,282298,282301,0,3,1
80685,4,2,282302,282302,282304,0,2,1
80686,2,1,282304,282304,282305,0,1,0
80687,3,1,282307,282307,282308,0,1,2
80688,4,3,282311,282311,282314,0,3,3
80689,6,1,282317,282317,282318,0,1,3
80690,2,1,282319,282319,282320,0,1,1
80691,6,1,282325,282325,282326,0,1,5
80692,3,2,282328,282328,282330,0,2,2
80693,2,2,282330,282330,282332,0,2,0
80694,3,2,282333,282333,282335,0,2,1
80695,6,3,282339,282339,282342,0,3,4
80696,4,3,282343,282343,282346,0,3,1
80697,6,3,282349,282349,282352,0,3,3
80698,6,3,282355,282355,282358,0,3,3
80699,3,3,282358,282358,282361,0,3,0
80700,4,3,282362,282362,282365,0,3,1
80701,1,3,282363,282365,282368,2,5,0
80702,4,1,282367,282368,282369,1,2,0
80703,2,2,282369,282369,282371,0,2,0
80704,1,1,282370,282371,282372,1,2,0
80705,6,1,282376,282376,282377,0,1,4
80706,1,3,282377,282377,282380,0,3,0
80707,4,1,282381,282381,282382,0,1,1
80708,6,2,282387,282387,282389,0,2,5
80709,1,2,282388,282389,282391,1,3,0
80710,6,1,282394,282394,282395,0,1,3
80711,5,2,282399,282399,282401,0,2,4
80712,2,1,282401,282401,282402,0,1,0
80713,2,2,282403,282403,282405,0,2,1
80714,5,3,282408,282408,282411,0,3,3
80715,3,1,282411,282411,282412,0,1,0
80716,2,3,282413,282413,282416,0,3,1
80717,4,3,282417,282417,282420,0,3,1
80718,5,1,282422,282422,282423,0,1,2
80719,5,1,282427,282427,282428,0,1,4
80720,5,2,282432,282432,282434,0,2,4
80721,2,3,282434,282434,282437,0,3,0
80722,2,3,282436,282437,282440,1,4,0
80723,1,2,282437,282440,282442,3,5,0
80724,2,3,282439,282442,282445,3,6,0
80725,6,3,282445,282445,282448,0,3,0
80726,1,3,282446,282448,282451,2,5,0
80727,5,1,282451,282451,282452,0,1,0
80728,5,2,282456,282456,282458,0,2,4
80729,2,3,282458,282458,282461,0,3,0
80730,4,1,282462,282462,282463,0,1,1
80731,6,1,282468,282468,282469,0,1,5
80732,2,2,282470,282470,282472,0,2,1
80733,2,2,282472,282472,282474,0,2,0
80734,5,3,282477,282477,282480,0,3,3
80735,6,2,282483,282483,282485,0,2,3
80736,6,2,282489,282489,282491,0,2,4
80737,3,1,282492,282492,282493,0,1,1
80738,3,3,282495,282495,282498,0,3,2
80739,6,2,282501,282501,282503,0,2,3
80740,3,2,282504,282504,282506,0,2,1
80741,1,3,282505,282506,282509,1,4,0
80742,4,3,282509,282509,282512,0,3,0
80743,3,3,282512,282512,282515,0,3,0
80744,4,2,282516,282516,282518,0,2,1
80745,3,3,282519,282519,282522,0,3,1
80746,5,1,282524,282524,282525,0,1,2
80747,6,3,282530,282530,282533,0,3,5
80748,6,2,282536,282536,282538,0,2,3
80749,5,1,282541,282541,282542,0,1,3
80750,1,2,282542,282542,282544,0,2,0
80751,3,1,282545,282545,282546,0,1,1
80752,4,2,282549,282549,282551,0,2,3
80753,2,3,282551,282551,282554,0,3,0
80754,4,2,282555,282555,282557,0,2,1
80755,5,1,282560,282560,282561,0,1,3
80756,2,1,282562,282562,282563,0,1,1
80757,4,1,282566,282566,282567,0,1,3
80758,2,3,282568,282568,282571,0,3,1
80759,5,1,282573,282573,282574,0,1,2
80760,1,3,282574,282574,282577,0,3,0
80761,4,2,282578,282578,282580,0,2,1
80762,5,3,282583,282583,282586,0,3,3
80763,2,2,282585,282586,282588,1,3,0
80764,1,2,282586,282588,282590,2,4,0
80765,4,2,282590,282590,282592,0,2,0
80766,5,2,282595,282595,282597,0,2,3
80767,4,1,282599,282599,282600,0,1,2
80768,4,3,282603,282603,282606,0,3,3
80769,2,3,282605,282606,282609,1,4,0
80770,5,2,282610,282610,282612,0,2,1
80771,1,3,282611,282612,282615,1,4,0
80772,3,3,282614,282615,282618,1,4,0
80773,5,1,282619,282619,282620,0,1,1
80774,5,2,282624,282624,282626,0,2,4
80775,1,1,282625,282626,282627,1,2,0
80776,1,3,282626,282627,282630,1,4,0
80777,6,2,282632,282632,282634,0,2,2
80778,6,1,282638,282638,282639,0,1,4
80779,3,1,282641,282641,282642,0,1,2
80780,1,2,282642,282642,282644,0,2,0
80781,4,2,282646,282646,282648,0,2,2
80782,6,1,282652,282652,282653,0,1,4
80783,4,1,282656,282656,282657,0,1,3
80784,2,2,282658,282658,282660,0,2,1
80785,2,3,282660,282660,282663,0,3,0
80786,2,1,282662,282663,282664,1,2,0
80787,4,3,282666,282666,282669,0,3,2
80788,3,3,282669,282669,282672,0,3,0
80789,5,2,282674,282674,282676,0,2,2
80790,2,1,282676,282676,282677,0,1,0
80791,1,2,282677,282677,282679,0,2,0
80792,3,3,282680,282680,282683,0,3,1
80793,4,1,282684,282684,282685,0,1,1
80794,4,3,282688,282688,282691,0,3,3
80795,1,1,282689,282691,282692,2,3,0
80796,4,3,282693,282693,282696,0,3,1
80797,4,3,282697,282697,282700,0,3,1
80798,1,1,282698,282700,282701,2,3,0
80799,6,1,282704,282704,282705,0,1,3
80800,3,1,282707,282707,282708,0,1,2
80801,5,1,282712,282712,282713,0,1,4
80802,4,1,282716,282716,282717,0,1,3
80803,4,2,282720,282720,282722,0,2,3
80804,6,1,282726,282726,282727,0,1,4
80805,1,1,282727,282727,282728,0,1,0
80806,2,3,282729,282729,282732,0,3,1
80807,5,3,282734,282734,282737,0,3,2
80808,6,3,282740,282740,282743,0,3,3
80809,1,3,282741,282743,282746,2,5,0
80810,2,2,282743,282746,282748,3,5,0
80811,2,1,282745,282748,282749,3,4,0
80812,6,1,282751,282751,282752,0,1,2
80813,3,2,282754,282754,282756,0,2,2
80814,6,1,282760,282760,282761,0,1,4
80815,2,1,282762,282762,282763,0,1,1
80816,1,3,282763,282763,282766,0,3,0
80817,5,1,282768,282768,282769,0,1,2
80818,3,2,282771,282771,282773,0,2,2
80819,1,2,282772,282773,282775,1,3,0
80820,5,1,282777,282777,282778,0,1,2
80821,4,2,282781,282781,282783,0,2,3
80822,6,1,282787,282787,282788,0,1,4
80823,4,2,282791,282791,282793,0,2,3
80824,1,2,282792,282793,282795,1,3,0
80825,3,3,282795,282795,282798,0,3,0
80826,3,2,282798,282798,282800,0,2,0
80827,2,2,282800,282800,282802,0,2,0
80828,6,3,282806,282806,282809,0,3,4
80829,6,3,282812,282812,282815,0,3,3
80830,4,3,282816,282816,282819,0,3,1
80831,2,2,282818,282819,282821,1,3,0
80832,3,2,282821,282821,282823,0,2,0
80833,6,2,282827,282827,282829,0,2,4
80834,4,2,282831,282831,282833,0,2,2
80835,5,1,282836,282836,282837,0,1,3
80836,4,1,282840,282840,282841,0,1,3
80837,3,3,282843,282843,282846,0,3,2
80838,1,3,282844,282846,282849,2,5,0
80839,4,3,282848,282849,282852,1,4,0
80840,1,1,282849,282852,282853,3,4,0
80841,4,3,282853,282853,282856,0,3,0
80842,2,1,282855,282856,282857,1,2,0
80843,1,3,282856,282857,282860,1,4,0
80844,4,3,282860,282860,282863,0,3,0
80845,6,2,282866,282866,282868,0,2,3
80846,2,2,282868,282868,282870,0,2,0
80847,5,1,282873,282873,282874,0,1,3
80848,2,1,282875,282875,282876,0,1,1
80849,1,3,282876,282876,282879,0,3,0
80850,1,1,282877,282879,282880,2,3,0
80851,4,2,282881,282881,282883,0,2,1
80852,3,1,282884,282884,282885,0,1,1
80853,1,2,282885,282885,282887,0,2,0
80854,5,2,282890,282890,282892,0,2,3
80855,4,2,282894,282894,282896,0,2,2
80856,3,2,282897,282897,282899,0,2,1
80857,4,3,282901,282901,282904,0,3,2
80858,3,3,282904,282904,282907,0,3,0
80859,3,2,282907,282907,282909,0,2,0
80860,4,2,282911,282911,282913,0,2,2
80861,4,3,282915,282915,282918,0,3,2
80862,5,2,282920,282920,282922,0,2,2
80863,5,2,282925,282925,282927,0,2,3
80864,4,3,282929,282929,282932,0,3,2
80865,6,2,282935,282935,282937,0,2,3
80866,6,3,282941,282941,282944,0,3,4
80867,6,3,282947,282947,282950,0,3,3
80868,1,1,282948,282950,282951,2,3,0
80869,1,3,282949,282951,282954,2,5,0
80870,2,1,282951,282954,282955,3,4,0
80871,2,3,282953,282955,282958,2,5,0
80872,3,2,282956,282958,282960,2,4,0
80873,1,3,282957,282960,282963,3,6,0
80874,4,2,282961,282963,282965,2,4,0
80875,6,1,282967,282967,282968,0,1,2
80876,2,3,282969,282969,282972,0,3,1
80877,6,2,282975,282975,282977,0,2,3
80878,4,2,282979,282979,282981,0,2,2
80879,6,1,282985,282985,282986,0,1,4
80880,3,2,282988,282988,282990,0,2,2
80881,6,2,282994,282994,282996,0,2,4
80882,2,3,282996,282996,282999,0,3,0
80883,4,3,283000,283000,283003,0,3,1
80884,6,1,283006,283006,283007,0,1,3
80885,6,2,283012,283012,283014,0,2,5
80886,4,1,283016,283016,283017,0,1,2
80887,1,1,283017,283017,283018,0,1,0
80888,6,3,283023,283023,283026,0,3,5
80889,5,3,283028,283028,283031,0,3,2
80890,4,1,283032,283032,283033,0,1,1
80891,4,3,283036,283036,283039,0,3,3
80892,5,3,283041,283041,283044,0,3,2
80893,1,2,283042,283044,283046,2,4,0
80894,4,2,283046,283046,283048,0,2,0
80895,3,3,283049,283049,283052,0,3,1
80896,4,1,283053,283053,283054,0,1,1
80897,1,1,283054,283054,283055,0,1,0
80898,6,3,283060,283060,283063,0,3,5
80899,6,3,283066,283066,283069,0,3,3
80900,6,2,283072,283072,283074,0,2,3
80901,5,3,283077,283077,283080,0,3,3
80902,3,1,283080,283080,283081,0,1,0
80903,1,1,283081,283081,283082,0,1,0
80904,3,1,283084,283084,283085,0,1,2
80905,5,2,283089,283089,283091,0,2,4
80906,3,1,283092,283092,283093,0,1,1
80907,4,3,283096,283096,283099,0,3,3
80908,2,2,283098,283099,283101,1,3,0
80909,6,1,283104,283104,283105,0,1,3
80910,3,3,283107,283107,283110,0,3,2
80911,5,1,283112,283112,283113,0,1,2
80912,4,3,283116,283116,283119,0,3,3
80913,2,3,283118,283119,283122,1,4,0
80914,6,3,283124,283124,283127,0,3,2
80915,5,3,283129,283129,283132,0,3,2
80916,1,2,283130,283132,283134,2,4,0
80917,4,2,283134,283134,283136,0,2,0
80918,6,3,283140,283140,283143,0,3,4
80919,3,2,283143,283143,283145,0,2,0
80920,1,1,283144,283145,283146,1,2,0
80921,4,1,283148,283148,283149,0,1,2
80922,6,3,283154,283154,283157,0,3,5
80923,4,3,283158,283158,283161,0,3,1
80924,6,2,283164,283164,283166,0,2,3
80925,6,2,283170,283170,283172,0,2,4
80926,1,2,283171,283172,283174,1,3,0
80927,4,1,283175,283175,283176,0,1,1
80928,2,2,283177,283177,283179,0,2,1
80929,5,3,283182,283182,283185,0,3,3
80930,4,3,283186,283186,283189,0,3,1
80931,1,3,283187,283189,283192,2,5,0
80932,6,1,283193,283193,283194,0,1,1
80933,1,1,283194,283194,283195,0,1,0
80934,1,2,283195,283195,283197,0,2,0
80935,3,1,283198,283198,283199,0,1,1
80936,2,1,283200,283200,283201,0,1,1
80937,1,2,283201,283201,283203,0,2,0
80938,3,3,283204,283204,283207,0,3,1
80939,4,2,283208,283208,283210,0,2,1
80940,4,2,283212,283212,283214,0,2,2
80941,6,1,283218,283218,283219,0,1,4
80942,1,1,283219,283219,283220,0,1,0
80943,6,1,283225,283225,283226,0,1,5
80944,4,2,283229,283229,283231,0,2,3
80945,1,1,283230,283231,283232,1,2,0
80946,1,3,283231,283232,283235,1,4,0
80947,2,3,283233,283235,283238,2,5,0
80948,5,3,283238,283238,283241,0,3,0
80949,3,1,283241,283241,283242,0,1,0
80950,4,3,283245,283245,283248,0,3,3
80951,1,3,283246,283248,283251,2,5,0
80952,2,3,283248,283251,283254,3,6,0
80953,3,1,283251,283254,283255,3,4,0
80954,1,3,283252,283255,283258,3,6,0
80955,5,1,283257,283258,283259,1,2,0
80956,2,1,283259,283259,283260,0,1,0
80957,6,2,283265,283265,283267,0,2,5
80958,6,2,283271,283271,283273,0,2,4
80959,3,3,283274,283274,283277,0,3,1
80960,6,3,283280,283280,283283,0,3,3
80961,6,1,283286,283286,283287,0,1,3
80962,5,2,283291,283291,283293,0,2,4
80963,6,1,283297,283297,283298,0,1,4
80964,5,3,283302,283302,283305,0,3,4
80965,6,3,283308,283308,283311,0,3,3
80966,2,2,283310,283311,283313,1,3,0
80967,2,2,283312,283313,283315,1,3,0
80968,4,3,283316,283316,283319,0,3,1
80969,1,1,283317,283319,283320,2,3,0
80970,4,1,283321,283321,283322,0,1,1
80971,4,2,283325,283325,283327,0,2,3
80972,1,1,283326,283327,283328,1,2,0
80973,4,3,283330,283330,283333,0,3,2
80974,5,3,283335,283335,283338,0,3,2
80975,5,2,283340,283340,283342,0,2,2
80976,6,1,283346,283346,283347,0,1,4
80977,2,1,283348,283348,283349,0,1,1
80978,2,2,283350,283350,283352,0,2,1
80979,6,2,283356,283356,283358,0,2,4
80980,2,1,283358,283358,283359,0,1,0
80981,5,3,283363,283363,283366,0,3,4
80982,2,1,283365,283366,283367,1,2,0
80983,5,2,283370,283370,283372,0,2,3
80984,2,1,283372,283372,283373,0,1,0
80985,2,2,283374,283374,283376,0,2,1
80986,6,1,283380,283380,283381,0,1,4
80987,1,3,283381,283381,283384,0,3,0
80988,6,3,283387,283387,283390,0,3,3
80989,4,2,283391,283391,283393,0,2,1
80990,5,2,283396,283396,283398,0,2,3
80991,1,3,283397,283398,283401,1,4,0
80992,5,2,283402,283402,283404,0,2,1
80993,6,1,283408,283408,283409,0,1,4
80994,2,1,283410,283410,283411,0,1,1
80995,4,1,283414,283414,283415,0,1,3
80996,2,3,283416,283416,283419,0,3,1
80997,3,3,283419,283419,283422,0,3,0
80998,3,1,283422,283422,283423,0,1,0
80999,5,1,283427,283427,283428,0,1,4
81000,6,2,283433,283433,283435,0,2,5
81001,5,3,283438,283438,283441,0,3,3
81002,1,3,283439,283441,283444,2,5,0
81003,3,1,283442,283444,283445,2,3,0
81004,5,3,283447,283447,283450,0,3,2
81005,4,2,283451,283451,283453,0,2,1
81006,4,3,283455,283455,283458,0,3,2
81007,6,1,283461,283461,283462,0,1,3
81008,4,1,283465,283465,283466,0,1,3
81009,4,1,283469,283469,283470,0,1,3
81010,4,1,283473,283473,283474,0,1,3
81011,6,2,283479,283479,283481,0,2,5
81012,2,3,283481,283481,283484,0,3,0
81013,3,2,283484,283484,283486,0,2,0
81014,6,2,283490,283490,283492,0,2,4
81015,4,2,283494,283494,283496,0,2,2
81016,2,2,283496,283496,283498,0,2,0
81017,1,3,283497,283498,283501,1,4,0
81018,1,3,283498,283501,283504,3,6,0
81019,5,2,283503,283504,283506,1,3,0
81020,1,3,283504,283506,283509,2,5,0
81021,4,2,283508,283509,283511,1,3,0
81022,3,3,283511,283511,283514,0,3,0
81023,2,3,283513,283514,283517,1,4,0
81024,1,3,283514,283517,283520,3,6,0
81025,6,2,283520,283520,283522,0,2,0
81026,4,1,283524,283524,283525,0,1,2
81027,2,3,283526,283526,283529,0,3,1
81028,5,3,283531,283531,283534,0,3,2
81029,4,1,283535,283535,283536,0,1,1
81030,1,1,283536,283536,283537,0,1,0
81031,1,1,283537,283537,283538,0,1,0
81032,6,3,283543,283543,283546,0,3,5
81033,4,2,283547,283547,283549,0,2,1
81034,2,3,283549,283549,283552,0,3,0
81035,4,2,283553,283553,283555,0,2,1
81036,6,2,283559,283559,283561,0,2,4
81037,4,2,283563,283563,283565,0,2,2
81038,1,2,283564,283565,283567,1,3,0
81039,1,2,283565,283567,283569,2,4,0
81040,2,3,283567,283569,283572,2,5,0
81041,1,1,283568,283572,283573,4,5,0
81042,2,3,283570,283573,283576,3,6,0
81043,2,1,283572,283576,283577,4,5,0
81044,2,2,283574,283577,283579,3,5,0
81045,2,2,283576,283579,283581,3,5,0
81046,4,3,283580,283581,283584,1,4,0
81047,5,2,283585,283585,283587,0,2,1
81048,1,2,283586,283587,283589,1,3,0
81049,5,2,283591,283591,283593,0,2,2
81050,2,3,283593,283593,283596,0,3,0
81051,5,3,283598,283598,283601,0,3,2
81052,5,3,283603,283603,283606,0,3,2
81053,4,1,283607,283607,283608,0,1,1
81054,6,2,283613,283613,283615,0,2,5
81055,4,2,283617,283617,283619,0,2,2
81056,1,1,283618,283619,283620,1,2,0
81057,3,2,283621,283621,283623,0,2,1
81058,5,1,283626,283626,283627,0,1,3
81059,1,2,283627,283627,283629,0,2,0
81060,4,2,283631,283631,283633,0,2,2
81061,2,3,283633,283633,283636,0,3,0
81062,6,2,283639,283639,283641,0,2,3
81063,3,3,283642,283642,283645,0,3,1
81064,6,2,283648,283648,283650,0,2,3
81065,4,2,283652,283652,283654,0,2,2
81066,4,2,283656,283656,283658,0,2,2
81067,1,2,283657,283658,283660,1,3,0
81068,1,2,283658,283660,283662,2,4,0
81069,6,3,283664,283664,283667,0,3,2
81070,3,1,283667,283667,283668,0,1,0
81071,6,2,283673,283673,283675,0,2,5
81072,5,1,283678,283678,283679,0,1,3
81073,5,1,283683,283683,283684,0,1,4
81074,4,2,283687,283687,283689,0,2,3
81075,6,2,283693,283693,283695,0,2,4
81076,5,3,283698,283698,283701,0,3,3
81077,2,3,283700,283701,283704,1,4,0
81078,5,1,283705,283705,283706,0,1,1
81079,1,3,283706,283706,283709,0,3,0
81080,1,3,283707,283709,283712,2,5,0
81081,1,3,283708,283712,283715,4,7,0
81082,3,3,283711,283715,283718,4,7,0
81083,6,3,283717,283718,283721,1,4,0
81084,5,1,283722,283722,283723,0,1,1
81085,2,3,283724,283724,283727,0,3,1
81086,2,2,283726,283727,283729,1,3,0
81087,2,3,283728,283729,283732,1,4,0
81088,3,1,283731,283732,283733,1,2,0
81089,1,3,283732,283733,283736,1,4,0
81090,6,2,283738,283738,283740,0,2,2
81091,4,1,283742,283742,283743,0,1,2
81092,6,3,283748,283748,283751,0,3,5
81093,4,1,283752,283752,283753,0,1,1
81094,6,2,283758,283758,283760,0,2,5
81095,3,3,283761,283761,283764,0,3,1
81096,4,2,283765,283765,283767,0,2,1
81097,2,1,283767,283767,283768,0,1,0
81098,3,2,283770,283770,283772,0,2,2
81099,3,1,283773,283773,283774,0,1,1
81100,4,1,283777,283777,283778,0,1,3
81101,5,2,283782,283782,283784,0,2,4
81102,3,2,283785,283785,283787,0,2,1
81103,4,3,283789,283789,283792,0,3,2
81104,6,1,283795,283795,283796,0,1,3
81105,2,1,283797,283797,283798,0,1,1
81106,4,1,283801,283801,283802,0,1,3
81107,3,3,283804,283804,283807,0,3,2
81108,4,1,283808,283808,283809,0,1,1
81109,2,1,283810,283810,283811,0,1,1
81110,5,2,283815,283815,283817,0,2,4
81111,4,2,283819,283819,283821,0,2,2
81112,5,2,283824,283824,283826,0,2,3
81113,2,3,283826,283826,283829,0,3,0
81114,6,3,283832,283832,283835,0,3,3
81115,5,3,283837,283837,283840,0,3,2
81116,2,3,283839,283840,283843,1,4,0
81117,5,3,283844,283844,283847,0,3,1
81118,4,3,283848,283848,283851,0,3,1
81119,3,3,283851,283851,283854,0,3,0
81120,6,2,283857,283857,283859,0,2,3
81121,6,2,283863,283863,283865,0,2,4
81122,5,3,283868,283868,283871,0,3,3
81123,3,3,283871,283871,283874,0,3,0
81124,4,3,283875,283875,283878,0,3,1
81125,2,2,283877,283878,283880,1,3,0
81126,5,2,283882,283882,283884,0,2,2
81127,1,3,283883,283884,283887,1,4,0
81128,2,2,283885,283887,283889,2,4,0
81129,1,1,283886,283889,283890,3,4,0
81130,4,3,283890,283890,283893,0,3,0
81131,1,1,283891,283893,283894,2,3,0
81132,1,1,283892,283894,283895,2,3,0
81133,1,3,283893,283895,283898,2,5,0
81134,2,3,283895,283898,283901,3,6,0
81135,1,3,283896,283901,283904,5,8,0
81136,2,2,283898,283904,283906,6,8,0
81137,5,2,283903,283906,283908,3,5,0
81138,3,3,283906,283908,283911,2,5,0
81139,5,2,283911,283911,283913,0,2,0
81140,2,3,283913,283913,283916,0,3,0
81141,6,3,283919,283919,283922,0,3,3
81142,1,3,283920,283922,283925,2,5,0
81143,2,2,283922,283925,283927,3,5,0
81144,2,2,283924,283927,283929,3,5,0
81145,6,3,283930,283930,283933,0,3,1
81146,1,2,283931,283933,283935,2,4,0
81147,6,1,283937,283937,283938,0,1,2
81148,3,1,283940,283940,283941,0,1,2
81149,6,2,283946,283946,283948,0,2,5
81150,2,2,283948,283948,283950,0,2,0
81151,5,3,283953,283953,283956,0,3,3
81152,2,2,283955,283956,283958,1,3,0
81153,2,2,283957,283958,283960,1,3,0
81154,6,1,283963,283963,283964,0,1,3
81155,1,3,283964,283964,283967,0,3,0
81156,1,2,283965,283967,283969,2,4,0
81157,1,3,283966,283969,283972,3,6,0
81158,3,1,283969,283972,283973,3,4,0
81159,4,3,283973,283973,283976,0,3,0
81160,4,2,283977,283977,283979,0,2,1
81161,2,1,283979,283979,283980,0,1,0
81162,5,1,283984,283984,283985,0,1,4
81163,6,2,283990,283990,283992,0,2,5
81164,2,1,283992,283992,283993,0,1,0
81165,5,1,283997,283997,283998,0,1,4
81166,5,2,284002,284002,284004,0,2,4
81167,6,3,284008,284008,284011,0,3,4
81168,1,3,284009,284011,284014,2,5,0
81169,4,1,284013,284014,284015,1,2,0
81170,3,2,284016,284016,284018,0,2,1
81171,1,2,284017,284018,284020,1,3,0
81172,6,1,284023,284023,284024,0,1,3
81173,6,1,284029,284029,284030,0,1,5
81174,5,3,284034,284034,284037,0,3,4
81175,3,1,284037,284037,284038,0,1,0
81176,1,1,284038,284038,284039,0,1,0
81177,5,1,284043,284043,284044,0,1,4
81178,5,2,284048,284048,284050,0,2,4
81179,3,2,284051,284051,284053,0,2,1
81180,4,2,284055,284055,284057,0,2,2
81181,2,3,284057,284057,284060,0,3,0
81182,2,3,284059,284060,284063,1,4,0
81183,4,2,284063,284063,284065,0,2,0
81184,6,1,284069,284069,284070,0,1,4
81185,3,1,284072,284072,284073,0,1,2
81186,5,1,284077,284077,284078,0,1,4
81187,5,3,284082,284082,284085,0,3,4
81188,3,1,284085,284085,284086,0,1,0
81189,1,2,284086,284086,284088,0,2,0
81190,4,2,284090,284090,284092,0,2,2
81191,3,2,284093,284093,284095,0,2,1
81192,6,3,284099,284099,284102,0,3,4
81193,5,1,284104,284104,284105,0,1,2
81194,6,3,284110,284110,284113,0,3,5
81195,6,1,284116,284116,284117,0,1,3
81196,6,2,284122,284122,284124,0,2,5
81197,1,1,284123,284124,284125,1,2,0
81198,1,1,284124,284125,284126,1,2,0
81199,5,1,284129,284129,284130,0,1,3
81200,1,1,284130,284130,284131,0,1,0
81201,1,3,284131,284131,284134,0,3,0
81202,5,1,284136,284136,284137,0,1,2
81203,2,1,284138,284138,284139,0,1,1
81204,3,1,284141,284141,284142,0,1,2
81205,6,2,284147,284147,284149,0,2,5
81206,5,3,284152,284152,284155,0,3,3
81207,4,1,284156,284156,284157,0,1,1
81208,5,1,284161,284161,284162,0,1,4
81209,6,3,284167,284167,284170,0,3,5
81210,1,3,284168,284170,284173,2,5,0
81211,5,2,284173,284173,284175,0,2,0
81212,4,3,284177,284177,284180,0,3,2
81213,5,2,284182,284182,284184,0,2,2
81214,3,3,284185,284185,284188,0,3,1
81215,6,2,284191,284191,284193,0,2,3
81216,4,2,284195,284195,284197,0,2,2
81217,5,1,284200,284200,284201,0,1,3
81218,6,2,284206,284206,284208,0,2,5
81219,1,1,284207,284208,284209,1,2,0
81220,6,3,284213,284213,284216,0,3,4
81221,1,2,284214,284216,284218,2,4,0
81222,6,1,284220,284220,284221,0,1,2
81223,6,1,284226,284226,284227,0,1,5
81224,3,1,284229,284229,284230,0,1,2
81225,6,2,284235,284235,284237,0,2,5
81226,5,2,284240,284240,284242,0,2,3
81227,1,1,284241,284242,284243,1,2,0
81228,1,3,284242,284243,284246,1,4,0
81229,1,1,284243,284246,284247,3,4,0
81230,4,3,284247,284247,284250,0,3,0
81231,1,1,284248,284250,284251,2,3,0
81232,6,3,284254,284254,284257,0,3,3
81233,4,1,284258,284258,284259,0,1,1
81234,3,1,284261,284261,284262,0,1,2
81235,6,1,284267,284267,284268,0,1,5
81236,6,3,284273,284273,284276,0,3,5
81237,4,1,284277,284277,284278,0,1,1
81238,3,3,284280,284280,284283,0,3,2
81239,2,1,284282,284283,284284,1,2,0
81240,5,3,284287,284287,284290,0,3,3
81241,1,1,284288,284290,284291,2,3,0
81242,1,1,284289,284291,284292,2,3,0
81243,2,3,284291,284292,284295,1,4,0
81244,1,1,284292,284295,284296,3,4,0
81245,6,2,284298,284298,284300,0,2,2
81246,2,2,284300,284300,284302,0,2,0
81247,6,3,284306,284306,284309,0,3,4
81248,2,2,284308,284309,284311,1,3,0
81249,4,2,284312,284312,284314,0,2,1
81250,5,3,284317,284317,284320,0,3,3
81251,6,2,284323,284323,284325,0,2,3
81252,3,1,284326,284326,284327,0,1,1
81253,6,1,284332,284332,284333,0,1,5
81254,1,1,284333,284333,284334,0,1,0
81255,1,1,284334,284334,284335,0,1,0
81256,2,3,284336,284336,284339,0,3,1
81257,2,3,284338,284339,284342,1,4,0
81258,4,1,284342,284342,284343,0,1,0
81259,2,1,284344,284344,284345,0,1,1
81260,4,1,284348,284348,284349,0,1,3
81261,5,1,284353,284353,284354,0,1,4
81262,6,2,284359,284359,284361,0,2,5
81263,3,1,284362,284362,284363,0,1,1
81264,5,1,284367,284367,284368,0,1,4
81265,5,1,284372,284372,284373,0,1,4
81266,6,3,284378,284378,284381,0,3,5
81267,4,1,284382,284382,284383,0,1,1
81268,5,3,284387,284387,284390,0,3,4
81269,5,3,284392,284392,284395,0,3,2
81270,5,3,284397,284397,284400,0,3,2
81271,3,3,284400,284400,284403,0,3,0
81272,4,3,284404,284404,284407,0,3,1
81273,2,2,284406,284407,284409,1,3,0
81274,5,2,284411,284411,284413,0,2,2
81275,3,1,284414,284414,284415,0,1,1
81276,5,3,284419,284419,284422,0,3,4
81277,3,1,284422,284422,284423,0,1,0
81278,2,3,284424,284424,284427,0,3,1
81279,6,2,284430,284430,284432,0,2,3
81280,3,2,284433,284433,284435,0,2,1
81281,5,3,284438,284438,284441,0,3,3
81282,2,2,284440,284441,284443,1,3,0
81283,3,3,284443,284443,284446,0,3,0
81284,6,2,284449,284449,284451,0,2,3
81285,5,1,284454,284454,284455,0,1,3
81286,3,1,284457,284457,284458,0,1,2
81287,6,3,284463,284463,284466,0,3,5
81288,3,1,284466,284466,284467,0,1,0
81289,1,3,284467,284467,284470,0,3,0
81290,6,2,284473,284473,284475,0,2,3
81291,6,1,284479,284479,284480,0,1,4
81292,4,1,284483,284483,284484,0,1,3
81293,4,2,284487,284487,284489,0,2,3
81294,1,1,284488,284489,284490,1,2,0
81295,2,2,284490,284490,284492,0,2,0
81296,4,2,284494,284494,284496,0,2,2
81297,5,2,284499,284499,284501,0,2,3
81298,3,1,284502,284502,284503,0,1,1
81299,3,1,284505,284505,284506,0,1,2
81300,4,2,284509,284509,284511,0,2,3
81301,6,1,284515,284515,284516,0,1,4
81302,2,2,284517,284517,284519,0,2,1
81303,6,1,284523,284523,284524,0,1,4
81304,3,3,284526,284526,284529,0,3,2
81305,5,1,284531,284531,284532,0,1,2
81306,5,3,284536,284536,284539,0,3,4
81307,2,3,284538,284539,284542,1,4,0
81308,5,3,284543,284543,284546,0,3,1
81309,6,3,284549,284549,284552,0,3,3
81310,5,1,284554,284554,284555,0,1,2
81311,2,3,284556,284556,284559,0,3,1
81312,3,2,284559,284559,284561,0,2,0
81313,1,1,284560,284561,284562,1,2,0
81314,2,1,284562,284562,284563,0,1,0
81315,5,3,284567,284567,284570,0,3,4
81316,2,2,284569,284570,284572,1,3,0
81317,5,2,284574,284574,284576,0,2,2
81318,6,2,284580,284580,284582,0,2,4
81319,3,1,284583,284583,284584,0,1,1
81320,5,2,284588,284588,284590,0,2,4
81321,2,2,284590,284590,284592,0,2,0
81322,4,1,284594,284594,284595,0,1,2
81323,3,1,284597,284597,284598,0,1,2
81324,4,2,284601,284601,284603,0,2,3
81325,2,1,284603,284603,284604,0,1,0
81326,1,3,284604,284604,284607,0,3,0
81327,4,2,284608,284608,284610,0,2,1
81328,3,1,284611,284611,284612,0,1,1
81329,3,2,284614,284614,284616,0,2,2
81330,1,1,284615,284616,284617,1,2,0
81331,1,3,284616,284617,284620,1,4,0
81332,3,1,284619,284620,284621,1,2,0
81333,6,2,284625,284625,284627,0,2,4
81334,5,2,284630,284630,284632,0,2,3
81335,4,3,284634,284634,284637,0,3,2
81336,6,2,284640,284640,284642,0,2,3
81337,5,1,284645,284645,284646,0,1,3
81338,1,2,284646,284646,284648,0,2,0
81339,5,1,284651,284651,284652,0,1,3
81340,1,1,284652,284652,284653,0,1,0
81341,5,3,284657,284657,284660,0,3,4
81342,1,1,284658,284660,284661,2,3,0
81343,6,2,284664,284664,284666,0,2,3
81344,2,3,284666,284666,284669,0,3,0
81345,5,2,284671,284671,284673,0,2,2
81346,5,2,284676,284676,284678,0,2,3
81347,6,1,284682,284682,284683,0,1,4
81348,5,3,284687,284687,284690,0,3,4
81349,3,2,284690,284690,284692,0,2,0
81350,5,3,284695,284695,284698,0,3,3
81351,1,3,284696,284698,284701,2,5,0
81352,1,2,284697,284701,284703,4,6,0
81353,5,2,284702,284703,284705,1,3,0
81354,5,1,284707,284707,284708,0,1,2
81355,5,1,284712,284712,284713,0,1,4
81356,3,3,284715,284715,284718,0,3,2
81357,2,1,284717,284718,284719,1,2,0
81358,4,3,284721,284721,284724,0,3,2
81359,3,3,284724,284724,284727,0,3,0
81360,6,1,284730,284730,284731,0,1,3
81361,6,3,284736,284736,284739,0,3,5
81362,6,2,284742,284742,284744,0,2,3
81363,5,1,284747,284747,284748,0,1,3
81364,6,3,284753,284753,284756,0,3,5
81365,1,3,284754,284756,284759,2,5,0
81366,1,1,284755,284759,284760,4,5,0
81367,1,3,284756,284760,284763,4,7,0
81368,4,1,284760,284763,284764,3,4,0
81369,3,3,284763,284764,284767,1,4,0
81370,1,3,284764,284767,284770,3,6,0
81371,3,3,284767,284770,284773,3,6,0
81372,2,3,284769,284773,284776,4,7,0
81373,6,3,284775,284776,284779,1,4,0
81374,5,2,284780,284780,284782,0,2,1
81375,2,1,284782,284782,284783,0,1,0
81376,5,2,284787,284787,284789,0,2,4
81377,6,3,284793,284793,284796,0,3,4
81378,6,3,284799,284799,284802,0,3,3
81379,5,2,284804,284804,284806,0,2,2
81380,3,2,284807,284807,284809,0,2,1
81381,3,1,284810,284810,284811,0,1,1
81382,2,2,284812,284812,284814,0,2,1
81383,1,1,284813,284814,284815,1,2,0
81384,3,2,284816,284816,284818,0,2,1
81385,3,3,284819,284819,284822,0,3,1
81386,5,1,284824,284824,284825,0,1,2
81387,4,3,284828,284828,284831,0,3,3
81388,1,2,284829,284831,284833,2,4,0
81389,4,3,284833,284833,284836,0,3,0
81390,3,2,284836,284836,284838,0,2,0
81391,1,1,284837,284838,284839,1,2,0
81392,6,1,284843,284843,284844,0,1,4
81393,1,2,284844,284844,284846,0,2,0
81394,5,2,284849,284849,284851,0,2,3
81395,5,3,284854,284854,284857,0,3,3
81396,2,3,284856,284857,284860,1,4,0
81397,1,3,284857,284860,284863,3,6,0
81398,6,1,284863,284863,284864,0,1,0
81399,1,3,284864,284864,284867,0,3,0
81400,1,3,284865,284867,284870,2,5,0
81401,5,2,284870,284870,284872,0,2,0
81402,2,1,284872,284872,284873,0,1,0
81403,6,3,284878,284878,284881,0,3,5
81404,6,1,284884,284884,284885,0,1,3
81405,5,1,284889,284889,284890,0,1,4
81406,6,2,284895,284895,284897,0,2,5
81407,1,3,284896,284897,284900,1,4,0
81408,3,2,284899,284900,284902,1,3,0
81409,6,1,284905,284905,284906,0,1,3
81410,6,3,284911,284911,284914,0,3,5
81411,5,1,284916,284916,284917,0,1,2
81412,3,2,284919,284919,284921,0,2,2
81413,5,3,284924,284924,284927,0,3,3
81414,2,1,284926,284927,284928,1,2,0
81415,2,3,284928,284928,284931,0,3,0
81416,5,2,284933,284933,284935,0,2,2
81417,4,3,284937,284937,284940,0,3,2
81418,3,1,284940,284940,284941,0,1,0
81419,5,3,284945,284945,284948,0,3,4
81420,5,1,284950,284950,284951,0,1,2
81421,2,2,284952,284952,284954,0,2,1
81422,5,1,284957,284957,284958,0,1,3
81423,4,1,284961,284961,284962,0,1,3
81424,4,3,284965,284965,284968,0,3,3
81425,1,1,284966,284968,284969,2,3,0
81426,1,2,284967,284969,284971,2,4,0
81427,3,1,284970,284971,284972,1,2,0
81428,4,3,284974,284974,284977,0,3,2
81429,2,1,284976,284977,284978,1,2,0
81430,1,1,284977,284978,284979,1,2,0
81431,2,1,284979,284979,284980,0,1,0
81432,4,3,284983,284983,284986,0,3,3
81433,2,1,284985,284986,284987,1,2,0
81434,4,2,284989,284989,284991,0,2,2
81435,3,2,284992,284992,284994,0,2,1
81436,2,2,284994,284994,284996,0,2,0
81437,1,2,284995,284996,284998,1,3,0
81438,1,2,284996,284998,285000,2,4,0
81439,2,3,284998,285000,285003,2,5,0
81440,2,2,285000,285003,285005,3,5,0
81441,3,2,285003,285005,285007,2,4,0
81442,4,2,285007,285007,285009,0,2,0
81443,6,1,285013,285013,285014,0,1,4
81444,1,1,285014,285014,285015,0,1,0
81445,2,1,285016,285016,285017,0,1,1
81446,5,3,285021,285021,285024,0,3,4
81447,2,2,285023,285024,285026,1,3,0
81448,4,2,285027,285027,285029,0,2,1
81449,5,2,285032,285032,285034,0,2,3
81450,2,2,285034,285034,285036,0,2,0
81451,5,1,285039,285039,285040,0,1,3
81452,3,2,285042,285042,285044,0,2,2
81453,1,3,285043,285044,285047,1,4,0
81454,4,1,285047,285047,285048,0,1,0
81455,6,1,285053,285053,285054,0,1,5
81456,5,1,285058,285058,285059,0,1,4
81457,5,3,285063,285063,285066,0,3,4
81458,4,3,285067,285067,285070,0,3,1
81459,6,2,285073,285073,285075,0,2,3
81460,1,3,285074,285075,285078,1,4,0
81461,6,1,285080,285080,285081,0,1,2
81462,1,2,285081,285081,285083,0,2,0
81463,5,1,285086,285086,285087,0,1,3
81464,3,2,285089,285089,285091,0,2,2
81465,2,2,285091,285091,285093,0,2,0
81466,2,1,285093,285093,285094,0,1,0
81467,2,1,285095,285095,285096,0,1,1
81468,3,1,285098,285098,285099,0,1,2
81469,3,1,285101,285101,285102,0,1,2
81470,4,1,285105,285105,285106,0,1,3
81471,4,1,285109,285109,285110,0,1,3
81472,5,2,285114,285114,285116,0,2,4
81473,6,2,285120,285120,285122,0,2,4
81474,6,2,285126,285126,285128,0,2,4
81475,2,3,285128,285128,285131,0,3,0
81476,6,2,285134,285134,285136,0,2,3
81477,3,1,285137,285137,285138,0,1,1
81478,1,3,285138,285138,285141,0,3,0
81479,2,2,285140,285141,285143,1,3,0
81480,2,2,285142,285143,285145,1,3,0
81481,2,2,285144,285145,285147,1,3,0
81482,5,2,285149,285149,285151,0,2,2
81483,5,3,285154,285154,285157,0,3,3
81484,3,1,285157,285157,285158,0,1,0
81485,4,2,285161,285161,285163,0,2,3
81486,1,3,285162,285163,285166,1,4,0
81487,2,2,285164,285166,285168,2,4,0
81488,3,3,285167,285168,285171,1,4,0
81489,2,1,285169,285171,285172,2,3,0
81490,2,2,285171,285172,285174,1,3,0
81491,6,3,285177,285177,285180,0,3,3
81492,5,3,285182,285182,285185,0,3,2
81493,1,1,285183,285185,285186,2,3,0
81494,6,2,285189,285189,285191,0,2,3
81495,6,3,285195,285195,285198,0,3,4
81496,4,1,285199,285199,285200,0,1,1
81497,4,3,285203,285203,285206,0,3,3
81498,4,1,285207,285207,285208,0,1,1
81499,6,3,285213,285213,285216,0,3,5
81500,3,2,285216,285216,285218,0,2,0
81501,6,2,285222,285222,285224,0,2,4
81502,3,2,285225,285225,285227,0,2,1
81503,3,1,285228,285228,285229,0,1,1
81504,1,3,285229,285229,285232,0,3,0
81505,2,1,285231,285232,285233,1,2,0
81506,6,3,285237,285237,285240,0,3,4
81507,3,2,285240,285240,285242,0,2,0
81508,4,3,285244,285244,285247,0,3,2
81509,3,3,285247,285247,285250,0,3,0
81510,5,3,285252,285252,285255,0,3,2
81511,1,3,285253,285255,285258,2,5,0
81512,4,1,285257,285258,285259,1,2,0
81513,1,2,285258,285259,285261,1,3,0
81514,1,3,285259,285261,285264,2,5,0
81515,3,3,285262,285264,285267,2,5,0
81516,5,3,285267,285267,285270,0,3,0
81517,5,2,285272,285272,285274,0,2,2
81518,2,3,285274,285274,285277,0,3,0
81519,4,1,285278,285278,285279,0,1,1
81520,5,2,285283,285283,285285,0,2,4
81521,2,3,285285,285285,285288,0,3,0
81522,3,3,285288,285288,285291,0,3,0
81523,4,1,285292,285292,285293,0,1,1
81524,5,3,285297,285297,285300,0,3,4
81525,1,1,285298,285300,285301,2,3,0
81526,5,1,285303,285303,285304,0,1,2
81527,5,1,285308,285308,285309,0,1,4
81528,3,1,285311,285311,285312,0,1,2
81529,1,3,285312,285312,285315,0,3,0
81530,2,2,285314,285315,285317,1,3,0
81531,4,3,285318,285318,285321,0,3,1
81532,1,2,285319,285321,285323,2,4,0
81533,6,2,285325,285325,285327,0,2,2
81534,4,3,285329,285329,285332,0,3,2
81535,3,1,285332,285332,285333,0,1,0
81536,3,3,285335,285335,285338,0,3,2
81537,4,3,285339,285339,285342,0,3,1
81538,6,1,285345,285345,285346,0,1,3
81539,2,1,285347,285347,285348,0,1,1
81540,6,2,285353,285353,285355,0,2,5
81541,4,1,285357,285357,285358,0,1,2
81542,2,1,285359,285359,285360,0,1,1
81543,4,3,285363,285363,285366,0,3,3
81544,3,2,285366,285366,285368,0,2,0
81545,4,3,285370,285370,285373,0,3,2
81546,3,2,285373,285373,285375,0,2,0
81547,2,3,285375,285375,285378,0,3,0
81548,5,1,285380,285380,285381,0,1,2
81549,5,2,285385,285385,285387,0,2,4
81550,4,1,285389,285389,285390,0,1,2
81551,1,3,285390,285390,285393,0,3,0
81552,6,3,285396,285396,285399,0,3,3
81553,2,1,285398,285399,285400,1,2,0
81554,1,1,285399,285400,285401,1,2,0
81555,3,2,285402,285402,285404,0,2,1
81556,5,3,285407,285407,285410,0,3,3
81557,1,1,285408,285410,285411,2,3,0
81558,1,3,285409,285411,285414,2,5,0
81559,3,3,285412,285414,285417,2,5,0
81560,3,1,285415,285417,285418,2,3,0
81561,1,3,285416,285418,285421,2,5,0
81562,2,3,285418,285421,285424,3,6,0
81563,6,1,285424,285424,285425,0,1,0
81564,5,2,285429,285429,285431,0,2,4
81565,3,2,285432,285432,285434,0,2,1
81566,2,3,285434,285434,285437,0,3,0
81567,2,3,285436,285437,285440,1,4,0
81568,1,1,285437,285440,285441,3,4,0
81569,4,2,285441,285441,285443,0,2,0
81570,5,2,285446,285446,285448,0,2,3
81571,1,1,285447,285448,285449,1,2,0
81572,4,3,285451,285451,285454,0,3,2
81573,5,2,285456,285456,285458,0,2,2
81574,3,3,285459,285459,285462,0,3,1
81575,6,3,285465,285465,285468,0,3,3
81576,6,1,285471,285471,285472,0,1,3
81577,4,3,285475,285475,285478,0,3,3
81578,1,3,285476,285478,285481,2,5,0
81579,6,3,285482,285482,285485,0,3,1
81580,2,1,285484,285485,285486,1,2,0
81581,2,1,285486,285486,285487,0,1,0
81582,6,3,285492,285492,285495,0,3,5
81583,6,1,285498,285498,285499,0,1,3
81584,6,1,285504,285504,285505,0,1,5
81585,4,3,285508,285508,285511,0,3,3
81586,2,3,285510,285511,285514,1,4,0
81587,2,3,285512,285514,285517,2,5,0
81588,4,1,285516,285517,285518,1,2,0
81589,6,2,285522,285522,285524,0,2,4
81590,6,2,285528,285528,285530,0,2,4
81591,6,2,285534,285534,285536,0,2,4
81592,4,3,285538,285538,285541,0,3,2
81593,5,2,285543,285543,285545,0,2,2
81594,4,1,285547,285547,285548,0,1,2
81595,1,1,285548,285548,285549,0,1,0
81596,4,1,285552,285552,285553,0,1,3
81597,3,3,285555,285555,285558,0,3,2
81598,1,3,285556,285558,285561,2,5,0
81599,3,1,285559,285561,285562,2,3,0
81600,6,1,285565,285565,285566,0,1,3
81601,3,1,285568,285568,285569,0,1,2
81602,3,2,285571,285571,285573,0,2,2
81603,5,2,285576,285576,285578,0,2,3
81604,3,2,285579,285579,285581,0,2,1
81605,6,3,285585,285585,285588,0,3,4
81606,3,3,285588,285588,285591,0,3,0
81607,3,3,285591,285591,285594,0,3,0
81608,6,1,285597,285597,285598,0,1,3
81609,5,3,285602,285602,285605,0,3,4
81610,1,3,285603,285605,285608,2,5,0
81611,5,2,285608,285608,285610,0,2,0
81612,4,2,285612,285612,285614,0,2,2
81613,4,2,285616,285616,285618,0,2,2
81614,6,1,285622,285622,285623,0,1,4
81615,1,2,285623,285623,285625,0,2,0
81616,5,2,285628,285628,285630,0,2,3
81617,4,2,285632,285632,285634,0,2,2
81618,1,2,285633,285634,285636,1,3,0
81619,1,3,285634,285636,285639,2,5,0
81620,5,3,285639,285639,285642,0,3,0
81621,3,2,285642,285642,285644,0,2,0
81622,5,2,285647,285647,285649,0,2,3
81623,3,3,285650,285650,285653,0,3,1
81624,4,2,285654,285654,285656,0,2,1
81625,4,2,285658,285658,285660,0,2,2
81626,1,1,285659,285660,285661,1,2,0
81627,2,2,285661,285661,285663,0,2,0
81628,3,1,285664,285664,285665,0,1,1
81629,5,2,285669,285669,285671,0,2,4
81630,1,1,285670,285671,285672,1,2,0
81631,4,1,285674,285674,285675,0,1,2
81632,6,3,285680,285680,285683,0,3,5
81633,1,3,285681,285683,285686,2,5,0
81634,5,1,285686,285686,285687,0,1,0
81635,3,2,285689,285689,285691,0,2,2
81636,3,2,285692,285692,285694,0,2,1
81637,5,1,285697,285697,285698,0,1,3
81638,1,1,285698,285698,285699,0,1,0
81639,3,3,285701,285701,285704,0,3,2
81640,5,3,285706,285706,285709,0,3,2
81641,5,2,285711,285711,285713,0,2,2
81642,1,1,285712,285713,285714,1,2,0
81643,3,3,285715,285715,285718,0,3,1
81644,1,2,285716,285718,285720,2,4,0
81645,1,3,285717,285720,285723,3,6,0
81646,2,1,285719,285723,285724,4,5,0
81647,2,2,285721,285724,285726,3,5,0
81648,2,1,285723,285726,285727,3,4,0
81649,6,2,285729,285729,285731,0,2,2
81650,5,1,285734,285734,285735,0,1,3
81651,1,1,285735,285735,285736,0,1,0
81652,6,1,285741,285741,285742,0,1,5
81653,6,3,285747,285747,285750,0,3,5
81654,6,3,285753,285753,285756,0,3,3
81655,3,3,285756,285756,285759,0,3,0
81656,4,2,285760,285760,285762,0,2,1
81657,6,1,285766,285766,285767,0,1,4
81658,3,3,285769,285769,285772,0,3,2
81659,2,1,285771,285772,285773,1,2,0
81660,5,3,285776,285776,285779,0,3,3
81661,3,2,285779,285779,285781,0,2,0
81662,2,3,285781,285781,285784,0,3,0
81663,6,3,285787,285787,285790,0,3,3
81664,6,2,285793,285793,285795,0,2,3
81665,6,2,285799,285799,285801,0,2,4
81666,4,2,285803,285803,285805,0,2,2
81667,1,3,285804,285805,285808,1,4,0
81668,2,3,285806,285808,285811,2,5,0
81669,2,2,285808,285811,285813,3,5,0
81670,4,3,285812,285813,285816,1,4,0
81671,6,2,285818,285818,285820,0,2,2
81672,6,1,285824,285824,285825,0,1,4
81673,1,3,285825,285825,285828,0,3,0
81674,4,1,285829,285829,285830,0,1,1
81675,5,1,285834,285834,285835,0,1,4
81676,2,2,285836,285836,285838,0,2,1
81677,1,2,285837,285838,285840,1,3,0
81678,5,1,285842,285842,285843,0,1,2
81679,1,2,285843,285843,285845,0,2,0
81680,3,1,285846,285846,285847,0,1,1
81681,1,2,285847,285847,285849,0,2,0
81682,6,2,285853,285853,285855,0,2,4
81683,5,1,285858,285858,285859,0,1,3
81684,6,2,285864,285864,285866,0,2,5
81685,2,1,285866,285866,285867,0,1,0
81686,5,1,285871,285871,285872,0,1,4
81687,3,3,285874,285874,285877,0,3,2
81688,2,1,285876,285877,285878,1,2,0
81689,5,3,285881,285881,285884,0,3,3
81690,2,3,285883,285884,285887,1,4,0
81691,1,3,285884,285887,285890,3,6,0
81692,3,1,285887,285890,285891,3,4,0
81693,2,3,285889,285891,285894,2,5,0
81694,1,1,285890,285894,285895,4,5,0
81695,5,2,285895,285895,285897,0,2,0
81696,2,1,285897,285897,285898,0,1,0
81697,4,2,285901,285901,285903,0,2,3
81698,3,1,285904,285904,285905,0,1,1
81699,4,2,285908,285908,285910,0,2,3
81700,3,1,285911,285911,285912,0,1,1
81701,4,2,285915,285915,285917,0,2,3
81702,4,1,285919,285919,285920,0,1,2
81703,4,2,285923,285923,285925,0,2,3
81704,6,2,285929,285929,285931,0,2,4
81705,2,1,285931,285931,285932,0,1,0
81706,6,2,285937,285937,285939,0,2,5
81707,3,3,285940,285940,285943,0,3,1
81708,1,2,285941,285943,285945,2,4,0
81709,1,3,285942,285945,285948,3,6,0
81710,1,3,285943,285948,285951,5,8,0
81711,5,2,285948,285951,285953,3,5,0
81712,5,2,285953,285953,285955,0,2,0
81713,5,1,285958,285958,285959,0,1,3
81714,2,3,285960,285960,285963,0,3,1
81715,3,1,285963,285963,285964,0,1,0
81716,2,2,285965,285965,285967,0,2,1
81717,1,1,285966,285967,285968,1,2,0
81718,5,1,285971,285971,285972,0,1,3
81719,6,3,285977,285977,285980,0,3,5
81720,6,2,285983,285983,285985,0,2,3
81721,6,1,285989,285989,285990,0,1,4
81722,5,3,285994,285994,285997,0,3,4
81723,3,2,285997,285997,285999,0,2,0
81724,3,1,286000,286000,286001,0,1,1
81725,6,2,286006,286006,286008,0,2,5
81726,2,2,286008,286008,286010,0,2,0
81727,5,2,286013,286013,286015,0,2,3
81728,2,3,286015,286015,286018,0,3,0
81729,4,2,286019,286019,286021,0,2,1
81730,6,1,286025,286025,286026,0,1,4
81731,4,3,286029,286029,286032,0,3,3
81732,4,3,286033,286033,286036,0,3,1
81733,2,2,286035,286036,286038,1,3,0
81734,3,1,286038,286038,286039,0,1,0
81735,3,3,286041,286041,286044,0,3,2
81736,6,1,286047,286047,286048,0,1,3
81737,3,3,286050,286050,286053,0,3,2
81738,3,3,286053,286053,286056,0,3,0
81739,3,1,286056,286056,286057,0,1,0
81740,1,3,286057,286057,286060,0,3,0
81741,5,2,286062,286062,286064,0,2,2
81742,2,3,286064,286064,286067,0,3,0
81743,1,1,286065,286067,286068,2,3,0
81744,6,2,286071,286071,286073,0,2,3
81745,6,1,286077,286077,286078,0,1,4
81746,5,2,286082,286082,286084,0,2,4
81747,4,1,286086,286086,286087,0,1,2
81748,6,3,286092,286092,286095,0,3,5
81749,3,2,286095,286095,286097,0,2,0
81750,2,2,286097,286097,286099,0,2,0
81751,3,3,286100,286100,286103,0,3,1
81752,4,3,286104,286104,286107,0,3,1
81753,3,3,286107,286107,286110,0,3,0
81754,5,3,286112,286112,286115,0,3,2
81755,2,2,286114,286115,286117,1,3,0
81756,2,1,286116,286117,286118,1,2,0
81757,3,1,286119,286119,286120,0,1,1
81758,4,3,286123,286123,286126,0,3,3
81759,2,2,286125,286126,286128,1,3,0
81760,6,2,286131,286131,286133,0,2,3
81761,6,3,286137,286137,286140,0,3,4
81762,1,2,286138,286140,286142,2,4,0
81763,1,3,286139,286142,286145,3,6,0
81764,5,3,286144,286145,286148,1,4,0
81765,6,1,286150,286150,286151,0,1,2
81766,1,2,286151,286151,286153,0,2,0
81767,3,1,286154,286154,286155,0,1,1
81768,6,3,286160,286160,286163,0,3,5
81769,4,3,286164,286164,286167,0,3,1
81770,5,3,286169,286169,286172,0,3,2
81771,5,2,286174,286174,286176,0,2,2
81772,5,1,286179,286179,286180,0,1,3
81773,5,2,286184,286184,286186,0,2,4
81774,1,2,286185,286186,286188,1,3,0
81775,6,3,286191,286191,286194,0,3,3
81776,1,1,286192,286194,286195,2,3,0
81777,4,1,286196,286196,286197,0,1,1
81778,5,1,286201,286201,286202,0,1,4
81779,6,2,286207,286207,286209,0,2,5
81780,6,3,286213,286213,286216,0,3,4
81781,3,1,286216,286216,286217,0,1,0
81782,6,1,286222,286222,286223,0,1,5
81783,6,1,286228,286228,286229,0,1,5
81784,2,3,286230,286230,286233,0,3,1
81785,5,1,286235,286235,286236,0,1,2
81786,4,2,286239,286239,286241,0,2,3
81787,5,2,286244,286244,286246,0,2,3
81788,1,1,286245,286246,286247,1,2,0
81789,5,3,286250,286250,286253,0,3,3
81790,4,1,286254,286254,286255,0,1,1
81791,4,1,286258,286258,286259,0,1,3
81792,2,3,286260,286260,286263,0,3,1
81793,2,2,286262,286263,286265,1,3,0
81794,1,3,286263,286265,286268,2,5,0
81795,6,3,286269,286269,286272,0,3,1
81796,5,3,286274,286274,286277,0,3,2
81797,3,2,286277,286277,286279,0,2,0
81798,4,1,286281,286281,286282,0,1,2
81799,1,2,286282,286282,286284,0,2,0
81800,4,3,286286,286286,286289,0,3,2
81801,1,1,286287,286289,286290,2,3,0
81802,4,2,286291,286291,286293,0,2,1
81803,2,2,286293,286293,286295,0,2,0
81804,4,1,286297,286297,286298,0,1,2
81805,1,2,286298,286298,286300,0,2,0
81806,3,3,286301,286301,286304,0,3,1
81807,6,3,286307,286307,286310,0,3,3
81808,4,3,286311,286311,286314,0,3,1
81809,1,2,286312,286314,286316,2,4,0
81810,4,3,286316,286316,286319,0,3,0
81811,1,3,286317,286319,286322,2,5,0
81812,2,2,286319,286322,286324,3,5,0
81813,4,2,286323,286324,286326,1,3,0
81814,1,1,286324,286326,286327,2,3,0
81815,5,2,286329,286329,286331,0,2,2
81816,6,2,286335,286335,286337,0,2,4
81817,5,3,286340,286340,286343,0,3,3
81818,4,2,286344,286344,286346,0,2,1
81819,5,3,286349,286349,286352,0,3,3
81820,3,3,286352,286352,286355,0,3,0
81821,3,1,286355,286355,286356,0,1,0
81822,2,1,286357,286357,286358,0,1,1
81823,2,3,286359,286359,286362,0,3,1
81824,5,2,286364,286364,286366,0,2,2
81825,1,2,286365,286366,286368,1,3,0
81826,3,1,286368,286368,286369,0,1,0
81827,4,2,286372,286372,286374,0,2,3
81828,1,2,286373,286374,286376,1,3,0
81829,6,1,286379,286379,286380,0,1,3
81830,1,2,286380,286380,286382,0,2,0
81831,2,2,286382,286382,286384,0,2,0
81832,6,3,286388,286388,286391,0,3,4
81833,4,2,286392,286392,286394,0,2,1
81834,5,3,286397,286397,286400,0,3,3
81835,2,1,286399,286400,286401,1,2,0
81836,1,1,286400,286401,286402,1,2,0
81837,1,1,286401,286402,286403,1,2,0
81838,2,3,286403,286403,286406,0,3,0
81839,5,1,286408,286408,286409,0,1,2
81840,4,3,286412,286412,286415,0,3,3
81841,1,1,286413,286415,286416,2,3,0
81842,3,1,286416,286416,286417,0,1,0
81843,2,2,286418,286418,286420,0,2,1
81844,5,3,286423,286423,286426,0,3,3
81845,3,3,286426,286426,286429,0,3,0
81846,2,1,286428,286429,286430,1,2,0
81847,1,3,286429,286430,286433,1,4,0
81848,6,3,286435,286435,286438,0,3,2
81849,4,2,286439,286439,286441,0,2,1
81850,2,1,286441,286441,286442,0,1,0
81851,6,2,286447,286447,286449,0,2,5
81852,1,2,286448,286449,286451,1,3,0
81853,2,2,286450,286451,286453,1,3,0
81854,5,3,286455,286455,286458,0,3,2
81855,4,3,286459,286459,286462,0,3,1
81856,5,2,286464,286464,286466,0,2,2
81857,2,3,286466,286466,286469,0,3,0
81858,4,2,286470,286470,286472,0,2,1
81859,3,2,286473,286473,286475,0,2,1
81860,2,1,286475,286475,286476,0,1,0
81861,5,3,286480,286480,286483,0,3,4
81862,2,3,286482,286483,286486,1,4,0
81863,5,3,286487,286487,286490,0,3,1
81864,4,1,286491,286491,286492,0,1,1
81865,2,2,286493,286493,286495,0,2,1
81866,1,3,286494,286495,286498,1,4,0
81867,2,1,286496,286498,286499,2,3,0
81868,1,2,286497,286499,286501,2,4,0
81869,1,1,286498,286501,286502,3,4,0
81870,5,2,286503,286503,286505,0,2,1
81871,6,1,286509,286509,286510,0,1,4
81872,3,3,286512,286512,286515,0,3,2
81873,4,2,286516,286516,286518,0,2,1
81874,4,1,286520,286520,286521,0,1,2
81875,1,1,286521,286521,286522,0,1,0
81876,1,3,286522,286522,286525,0,3,0
81877,3,3,286525,286525,286528,0,3,0
81878,1,3,286526,286528,286531,2,5,0
81879,1,3,286527,286531,286534,4,7,0
81880,3,2,286530,286534,286536,4,6,0
81881,1,1,286531,286536,286537,5,6,0
81882,3,3,286534,286537,286540,3,6,0
81883,6,3,286540,286540,286543,0,3,0
81884,3,2,286543,286543,286545,0,2,0
81885,6,3,286549,286549,286552,0,3,4
81886,2,1,286551,286552,286553,1,2,0
81887,2,2,286553,286553,286555,0,2,0
81888,3,3,286556,286556,286559,0,3,1
81889,6,3,286562,286562,286565,0,3,3
81890,2,2,286564,286565,286567,1,3,0
81891,4,3,286568,286568,286571,0,3,1
81892,3,3,286571,286571,286574,0,3,0
81893,5,1,286576,286576,286577,0,1,2
81894,5,1,286581,286581,286582,0,1,4
81895,6,1,286587,286587,286588,0,1,5
81896,4,3,286591,286591,286594,0,3,3
81897,5,3,286596,286596,286599,0,3,2
81898,3,1,286599,286599,286600,0,1,0
81899,2,3,286601,286601,286604,0,3,1
81900,5,3,286606,286606,286609,0,3,2
81901,3,1,286609,286609,286610,0,1,0
81902,6,1,286615,286615,286616,0,1,5
81903,5,1,286620,286620,286621,0,1,4
81904,5,3,286625,286625,286628,0,3,4
81905,4,3,286629,286629,286632,0,3,1
81906,5,3,286634,286634,286637,0,3,2
81907,6,1,286640,286640,286641,0,1,3
81908,1,1,286641,286641,286642,0,1,0
81909,6,2,286647,286647,286649,0,2,5
81910,5,1,286652,286652,286653,0,1,3
81911,2,3,286654,286654,286657,0,3,1
81912,3,1,286657,286657,286658,0,1,0
81913,4,1,286661,286661,286662,0,1,3
81914,6,2,286667,286667,286669,0,2,5
81915,4,1,286671,286671,286672,0,1,2
81916,6,1,286677,286677,286678,0,1,5
81917,4,2,286681,286681,286683,0,2,3
81918,4,2,286685,286685,286687,0,2,2
81919,6,2,286691,286691,286693,0,2,4
81920,3,3,286694,286694,286697,0,3,1
81921,4,1,286698,286698,286699,0,1,1
81922,3,3,286701,286701,286704,0,3,2
81923,2,3,286703,286704,286707,1,4,0
81924,3,1,286706,286707,286708,1,2,0
81925,2,1,286708,286708,286709,0,1,0
81926,2,1,286710,286710,286711,0,1,1
81927,2,2,286712,286712,286714,0,2,1
81928,6,1,286718,286718,286719,0,1,4
81929,4,1,286722,286722,286723,0,1,3
81930,3,2,286725,286725,286727,0,2,2
81931,5,1,286730,286730,286731,0,1,3
81932,3,2,286733,286733,286735,0,2,2
81933,4,3,286737,286737,286740,0,3,2
81934,1,1,286738,286740,286741,2,3,0
81935,5,2,286743,286743,286745,0,2,2
81936,6,1,286749,286749,286750,0,1,4
81937,3,2,286752,286752,286754,0,2,2
81938,2,1,286754,286754,286755,0,1,0
81939,4,3,286758,286758,286761,0,3,3
81940,3,2,286761,286761,286763,0,2,0
81941,4,1,286765,286765,286766,0,1,2
81942,2,3,286767,286767,286770,0,3,1
81943,2,3,286769,286770,286773,1,4,0
81944,5,1,286774,286774,286775,0,1,1
81945,4,1,286778,286778,286779,0,1,3
81946,3,3,286781,286781,286784,0,3,2
81947,3,3,286784,286784,286787,0,3,0
81948,3,1,286787,286787,286788,0,1,0
81949,4,2,286791,286791,286793,0,2,3
81950,3,2,286794,286794,286796,0,2,1
81951,4,3,286798,286798,286801,0,3,2
81952,5,3,286803,286803,286806,0,3,2
81953,4,3,286807,286807,286810,0,3,1
81954,6,2,286813,286813,286815,0,2,3
81955,6,3,286819,286819,286822,0,3,4
81956,6,2,286825,286825,286827,0,2,3
81957,4,2,286829,286829,286831,0,2,2
81958,6,2,286835,286835,286837,0,2,4
81959,5,2,286840,286840,286842,0,2,3
81960,6,1,286846,286846,286847,0,1,4
81961,6,1,286852,286852,286853,0,1,5
81962,5,2,286857,286857,286859,0,2,4
81963,2,1,286859,286859,286860,0,1,0
81964,2,3,286861,286861,286864,0,3,1
81965,3,1,286864,286864,286865,0,1,0
81966,3,1,286867,286867,286868,0,1,2
81967,4,1,286871,286871,286872,0,1,3
81968,1,3,286872,286872,286875,0,3,0
81969,5,2,286877,286877,286879,0,2,2
81970,3,2,286880,286880,286882,0,2,1
81971,1,1,286881,286882,286883,1,2,0
81972,1,3,286882,286883,286886,1,4,0
81973,4,2,286886,286886,286888,0,2,0
81974,6,1,286892,286892,286893,0,1,4
81975,6,3,286898,286898,286901,0,3,5
81976,1,3,286899,286901,286904,2,5,0
81977,6,2,286905,286905,286907,0,2,1
81978,5,1,286910,286910,286911,0,1,3
81979,6,3,286916,286916,286919,0,3,5
81980,2,3,286918,286919,286922,1,4,0
81981,3,3,286921,286922,286925,1,4,0
81982,1,2,286922,286925,286927,3,5,0
81983,5,2,286927,286927,286929,0,2,0
81984,6,1,286933,286933,286934,0,1,4
81985,1,3,286934,286934,286937,0,3,0
81986,2,1,286936,286937,286938,1,2,0
81987,1,2,286937,286938,286940,1,3,0
81988,1,3,286938,286940,286943,2,5,0
81989,4,1,286942,286943,286944,1,2,0
81990,6,3,286948,286948,286951,0,3,4
81991,1,1,286949,286951,286952,2,3,0
81992,6,1,286955,286955,286956,0,1,3
81993,6,3,286961,286961,286964,0,3,5
81994,3,3,286964,286964,286967,0,3,0
81995,5,1,286969,286969,286970,0,1,2
81996,3,1,286972,286972,286973,0,1,2
81997,6,3,286978,286978,286981,0,3,5
81998,4,3,286982,286982,286985,0,3,1
81999,6,1,286988,286988,286989,0,1,3
82000,3,2,286991,286991,286993,0,2,2
82001,5,3,286996,286996,286999,0,3,3
82002,6,2,287002,287002,287004,0,2,3
82003,2,3,287004,287004,287007,0,3,0
82004,2,2,287006,287007,287009,1,3,0
82005,2,2,287008,287009,287011,1,3,0
82006,5,1,287013,287013,287014,0,1,2
82007,6,1,287019,287019,287020,0,1,5
82008,3,1,287022,287022,287023,0,1,2
82009,1,1,287023,287023,287024,0,1,0
82010,5,2,287028,287028,287030,0,2,4
82011,3,2,287031,287031,287033,0,2,1
82012,5,1,287036,287036,287037,0,1,3
82013,2,3,287038,287038,287041,0,3,1
82014,5,2,287043,287043,287045,0,2,2
82015,3,2,287046,287046,287048,0,2,1
82016,1,1,287047,287048,287049,1,2,0
82017,2,1,287049,287049,287050,0,1,0
82018,3,3,287052,287052,287055,0,3,2
82019,6,1,287058,287058,287059,0,1,3
82020,2,2,287060,287060,287062,0,2,1
82021,2,3,287062,287062,287065,0,3,0
82022,2,2,287064,287065,287067,1,3,0
82023,4,2,287068,287068,287070,0,2,1
82024,5,3,287073,287073,287076,0,3,3
82025,3,1,287076,287076,287077,0,1,0
82026,3,2,287079,287079,287081,0,2,2
82027,6,3,287085,287085,287088,0,3,4
82028,4,2,287089,287089,287091,0,2,1
82029,4,1,287093,287093,287094,0,1,2
82030,1,3,287094,287094,287097,0,3,0
82031,3,3,287097,287097,287100,0,3,0
82032,6,2,287103,287103,287105,0,2,3
82033,3,2,287106,287106,287108,0,2,1
82034,2,1,287108,287108,287109,0,1,0
82035,1,2,287109,287109,287111,0,2,0
82036,5,2,287114,287114,287116,0,2,3
82037,6,1,287120,287120,287121,0,1,4
82038,6,3,287126,287126,287129,0,3,5
82039,4,3,287130,287130,287133,0,3,1
82040,1,2,287131,287133,287135,2,4,0
82041,1,2,287132,287135,287137,3,5,0
82042,4,3,287136,287137,287140,1,4,0
82043,4,2,287140,287140,287142,0,2,0
82044,4,2,287144,287144,287146,0,2,2
82045,4,1,287148,287148,287149,0,1,2
82046,6,3,287154,287154,287157,0,3,5
82047,4,3,287158,287158,287161,0,3,1
82048,3,3,287161,287161,287164,0,3,0
82049,6,1,287167,287167,287168,0,1,3
82050,5,2,287172,287172,287174,0,2,4
82051,5,1,287177,287177,287178,0,1,3
82052,3,3,287180,287180,287183,0,3,2
82053,5,2,287185,287185,287187,0,2,2
82054,6,3,287191,287191,287194,0,3,4
82055,2,1,287193,287194,287195,1,2,0
82056,6,3,287199,287199,287202,0,3,4
82057,2,1,287201,287202,287203,1,2,0
82058,3,2,287204,287204,287206,0,2,1
82059,6,2,287210,287210,287212,0,2,4
82060,3,1,287213,287213,287214,0,1,1
82061,2,1,287215,287215,287216,0,1,1
82062,1,1,287216,287216,287217,0,1,0
82063,2,3,287218,287218,287221,0,3,1
82064,3,3,287221,287221,287224,0,3,0
82065,3,1,287224,287224,287225,0,1,0
82066,4,1,287228,287228,287229,0,1,3
82067,5,3,287233,287233,287236,0,3,4
82068,4,1,287237,287237,287238,0,1,1
82069,4,3,287241,287241,287244,0,3,3
82070,6,1,287247,287247,287248,0,1,3
82071,1,1,287248,287248,287249,0,1,0
82072,2,3,287250,287250,287253,0,3,1
82073,5,3,287255,287255,287258,0,3,2
82074,3,1,287258,287258,287259,0,1,0
82075,4,1,287262,287262,287263,0,1,3
82076,4,2,287266,287266,287268,0,2,3
82077,2,1,287268,287268,287269,0,1,0
82078,4,3,287272,287272,287275,0,3,3
82079,3,2,287275,287275,287277,0,2,0
82080,6,3,287281,287281,287284,0,3,4
82081,1,2,287282,287284,287286,2,4,0
82082,1,1,287283,287286,287287,3,4,0
82083,4,1,287287,287287,287288,0,1,0
82084,3,3,287290,287290,287293,0,3,2
82085,2,1,287292,287293,287294,1,2,0
82086,2,2,287294,287294,287296,0,2,0
82087,5,3,287299,287299,287302,0,3,3
82088,6,3,287305,287305,287308,0,3,3
82089,2,1,287307,287308,287309,1,2,0
82090,5,3,287312,287312,287315,0,3,3
82091,6,1,287318,287318,287319,0,1,3
82092,3,1,287321,287321,287322,0,1,2
82093,1,1,287322,287322,287323,0,1,0
82094,2,2,287324,287324,287326,0,2,1
82095,3,1,287327,287327,287328,0,1,1
82096,2,3,287329,287329,287332,0,3,1
82097,3,1,287332,287332,287333,0,1,0
82098,3,1,287335,287335,287336,0,1,2
82099,6,1,287341,287341,287342,0,1,5
82100,6,2,287347,287347,287349,0,2,5
82101,2,3,287349,287349,287352,0,3,0
82102,6,2,287355,287355,287357,0,2,3
82103,2,1,287357,287357,287358,0,1,0
82104,1,1,287358,287358,287359,0,1,0
82105,5,1,287363,287363,287364,0,1,4
82106,1,3,287364,287364,287367,0,3,0
82107,3,3,287367,287367,287370,0,3,0
82108,2,3,287369,287370,287373,1,4,0
82109,1,1,287370,287373,287374,3,4,0
82110,3,1,287373,287374,287375,1,2,0
82111,1,3,287374,287375,287378,1,4,0
82112,1,1,287375,287378,287379,3,4,0
82113,6,1,287381,287381,287382,0,1,2
82114,1,2,287382,287382,287384,0,2,0
82115,4,3,287386,287386,287389,0,3,2
82116,3,3,287389,287389,287392,0,3,0
82117,3,3,287392,287392,287395,0,3,0
82118,6,3,287398,287398,287401,0,3,3
82119,4,3,287402,287402,287405,0,3,1
82120,3,2,287405,287405,287407,0,2,0
82121,6,3,287411,287411,287414,0,3,4
82122,5,2,287416,287416,287418,0,2,2
82123,2,2,287418,287418,287420,0,2,0
82124,1,3,287419,287420,287423,1,4,0
82125,5,2,287424,287424,287426,0,2,1
82126,5,1,287429,287429,287430,0,1,3
82127,1,1,287430,287430,287431,0,1,0
82128,6,2,287436,287436,287438,0,2,5
82129,4,1,287440,287440,287441,0,1,2
82130,1,2,287441,287441,287443,0,2,0
82131,3,3,287444,287444,287447,0,3,1
82132,4,3,287448,287448,287451,0,3,1
82133,4,2,287452,287452,287454,0,2,1
82134,1,2,287453,287454,287456,1,3,0
82135,1,1,287454,287456,287457,2,3,0
82136,2,3,287456,287457,287460,1,4,0
82137,6,1,287462,287462,287463,0,1,2
82138,4,1,287466,287466,287467,0,1,3
82139,2,3,287468,287468,287471,0,3,1
82140,3,3,287471,287471,287474,0,3,0
82141,5,1,287476,287476,287477,0,1,2
82142,5,1,287481,287481,287482,0,1,4
82143,4,1,287485,287485,287486,0,1,3
82144,5,1,287490,287490,287491,0,1,4
82145,4,1,287494,287494,287495,0,1,3
82146,4,3,287498,287498,287501,0,3,3
82147,1,3,287499,287501,287504,2,5,0
82148,1,2,287500,287504,287506,4,6,0
82149,6,2,287506,287506,287508,0,2,0
82150,6,3,287512,287512,287515,0,3,4
82151,4,3,287516,287516,287519,0,3,1
82152,6,1,287522,287522,287523,0,1,3
82153,5,2,287527,287527,287529,0,2,4
82154,4,3,287531,287531,287534,0,3,2
82155,2,3,287533,287534,287537,1,4,0
82156,1,3,287534,287537,287540,3,6,0
82157,3,1,287537,287540,287541,3,4,0
82158,1,2,287538,287541,287543,3,5,0
82159,2,3,287540,287543,287546,3,6,0
82160,3,1,287543,287546,287547,3,4,0
82161,4,3,287547,287547,287550,0,3,0
82162,2,3,287549,287550,287553,1,4,0
82163,2,3,287551,287553,287556,2,5,0
82164,3,1,287554,287556,287557,2,3,0
82165,5,3,287559,287559,287562,0,3,2
82166,6,3,287565,287565,287568,0,3,3
82167,6,2,287571,287571,287573,0,2,3
82168,1,3,287572,287573,287576,1,4,0
82169,3,2,287575,287576,287578,1,3,0
82170,3,3,287578,287578,287581,0,3,0
82171,2,2,287580,287581,287583,1,3,0
82172,1,3,287581,287583,287586,2,5,0
82173,6,2,287587,287587,287589,0,2,1
82174,5,1,287592,287592,287593,0,1,3
82175,6,3,287598,287598,287601,0,3,5
82176,4,3,287602,287602,287605,0,3,1
82177,1,1,287603,287605,287606,2,3,0
82178,2,1,287605,287606,287607,1,2,0
82179,3,3,287608,287608,287611,0,3,1
82180,2,2,287610,287611,287613,1,3,0
82181,5,1,287615,287615,287616,0,1,2
82182,3,3,287618,287618,287621,0,3,2
82183,1,2,287619,287621,287623,2,4,0
82184,3,1,287622,287623,287624,1,2,0
82185,2,1,287624,287624,287625,0,1,0
82186,3,1,287627,287627,287628,0,1,2
82187,6,2,287633,287633,287635,0,2,5
82188,2,1,287635,287635,287636,0,1,0
82189,1,1,287636,287636,287637,0,1,0
82190,2,3,287638,287638,287641,0,3,1
82191,4,1,287642,287642,287643,0,1,1
82192,6,3,287648,287648,287651,0,3,5
82193,5,2,287653,287653,287655,0,2,2
82194,4,2,287657,287657,287659,0,2,2
82195,2,1,287659,287659,287660,0,1,0
82196,5,3,287664,287664,287667,0,3,4
82197,6,2,287670,287670,287672,0,2,3
82198,6,1,287676,287676,287677,0,1,4
82199,1,2,287677,287677,287679,0,2,0
82200,1,3,287678,287679,287682,1,4,0
82201,6,1,287684,287684,287685,0,1,2
82202,5,1,287689,287689,287690,0,1,4
82203,6,3,287695,287695,287698,0,3,5
82204,5,2,287700,287700,287702,0,2,2
82205,2,1,287702,287702,287703,0,1,0
82206,1,1,287703,287703,287704,0,1,0
82207,6,1,287709,287709,287710,0,1,5
82208,3,1,287712,287712,287713,0,1,2
82209,3,1,287715,287715,287716,0,1,2
82210,2,1,287717,287717,287718,0,1,1
82211,5,2,287722,287722,287724,0,2,4
82212,6,2,287728,287728,287730,0,2,4
82213,3,3,287731,287731,287734,0,3,1
82214,1,3,287732,287734,287737,2,5,0
82215,6,2,287738,287738,287740,0,2,1
82216,4,3,287742,287742,287745,0,3,2
82217,4,3,287746,287746,287749,0,3,1
82218,6,2,287752,287752,287754,0,2,3
82219,5,1,287757,287757,287758,0,1,3
82220,2,1,287759,287759,287760,0,1,1
82221,1,1,287760,287760,287761,0,1,0
82222,1,2,287761,287761,287763,0,2,0
82223,3,2,287764,287764,287766,0,2,1
82224,4,1,287768,287768,287769,0,1,2
82225,1,3,287769,287769,287772,0,3,0
82226,5,2,287774,287774,287776,0,2,2
82227,5,1,287779,287779,287780,0,1,3
82228,5,2,287784,287784,287786,0,2,4
82229,2,1,287786,287786,287787,0,1,0
82230,4,3,287790,287790,287793,0,3,3
82231,4,1,287794,287794,287795,0,1,1
82232,1,3,287795,287795,287798,0,3,0
82233,5,3,287800,287800,287803,0,3,2
82234,2,2,287802,287803,287805,1,3,0
82235,4,3,287806,287806,287809,0,3,1
82236,4,2,287810,287810,287812,0,2,1
82237,1,3,287811,287812,287815,1,4,0
82238,2,1,287813,287815,287816,2,3,0
82239,5,2,287818,287818,287820,0,2,2
82240,4,2,287822,287822,287824,0,2,2
82241,2,3,287824,287824,287827,0,3,0
82242,5,2,287829,287829,287831,0,2,2
82243,1,3,287830,287831,287834,1,4,0
82244,2,3,287832,287834,287837,2,5,0
82245,3,3,287835,287837,287840,2,5,0
82246,2,3,287837,287840,287843,3,6,0
82247,1,1,287838,287843,287844,5,6,0
82248,1,2,287839,287844,287846,5,7,0
82249,2,3,287841,287846,287849,5,8,0
82250,2,3,287843,287849,287852,6,9,0
82251,5,3,287848,287852,287855,4,7,0
82252,3,2,287851,287855,287857,4,6,0
82253,6,3,287857,287857,287860,0,3,0
82254,5,3,287862,287862,287865,0,3,2
82255,1,3,287863,287865,287868,2,5,0
82256,5,2,287868,287868,287870,0,2,0
82257,1,2,287869,287870,287872,1,3,0
82258,2,1,287871,287872,287873,1,2,0
82259,6,1,287877,287877,287878,0,1,4
82260,3,3,287880,287880,287883,0,3,2
82261,2,3,287882,287883,287886,1,4,0
82262,4,3,287886,287886,287889,0,3,0
82263,2,1,287888,287889,287890,1,2,0
82264,5,2,287893,287893,287895,0,2,3
82265,4,1,287897,287897,287898,0,1,2
82266,6,3,287903,287903,287906,0,3,5
82267,6,3,287909,287909,287912,0,3,3
82268,6,2,287915,287915,287917,0,2,3
82269,1,2,287916,287917,287919,1,3,0
82270,6,1,287922,287922,287923,0,1,3
82271,4,1,287926,287926,287927,0,1,3
82272,1,1,287927,287927,287928,0,1,0
82273,6,3,287933,287933,287936,0,3,5
82274,6,3,287939,287939,287942,0,3,3
82275,5,2,287944,287944,287946,0,2,2
82276,1,2,287945,287946,287948,1,3,0
82277,2,3,287947,287948,287951,1,4,0
82278,1,3,287948,287951,287954,3,6,0
82279,2,1,287950,287954,287955,4,5,0
82280,4,2,287954,287955,287957,1,3,0
82281,6,2,287960,287960,287962,0,2,3
82282,1,1,287961,287962,287963,1,2,0
82283,2,2,287963,287963,287965,0,2,0
82284,1,3,287964,287965,287968,1,4,0
82285,2,3,287966,287968,287971,2,5,0
82286,2,3,287968,287971,287974,3,6,0
82287,1,1,287969,287974,287975,5,6,0
82288,4,1,287973,287975,287976,2,3,0
82289,1,3,287974,287976,287979,2,5,0
82290,1,1,287975,287979,287980,4,5,0
82291,4,1,287979,287980,287981,1,2,0
82292,3,1,287982,287982,287983,0,1,1
82293,4,1,287986,287986,287987,0,1,3
82294,5,2,287991,287991,287993,0,2,4
82295,6,3,287997,287997,288000,0,3,4
82296,3,1,288000,288000,288001,0,1,0
82297,1,2,288001,288001,288003,0,2,0
82298,5,2,288006,288006,288008,0,2,3
82299,2,2,288008,288008,288010,0,2,0
82300,2,2,288010,288010,288012,0,2,0
82301,6,3,288016,288016,288019,0,3,4
82302,6,3,288022,288022,288025,0,3,3
82303,4,1,288026,288026,288027,0,1,1
82304,3,3,288029,288029,288032,0,3,2
82305,4,1,288033,288033,288034,0,1,1
82306,6,1,288039,288039,288040,0,1,5
82307,1,2,288040,288040,288042,0,2,0
82308,5,2,288045,288045,288047,0,2,3
82309,6,3,288051,288051,288054,0,3,4
82310,1,2,288052,288054,288056,2,4,0
82311,5,3,288057,288057,288060,0,3,1
82312,1,1,288058,288060,288061,2,3,0
82313,5,1,288063,288063,288064,0,1,2
82314,5,3,288068,288068,288071,0,3,4
82315,1,1,288069,288071,288072,2,3,0
82316,5,3,288074,288074,288077,0,3,2
82317,2,3,288076,288077,288080,1,4,0
82318,3,1,288079,288080,288081,1,2,0
82319,2,3,288081,288081,288084,0,3,0
82320,6,2,288087,288087,288089,0,2,3
82321,1,2,288088,288089,288091,1,3,0
82322,4,2,288092,288092,288094,0,2,1
82323,2,3,288094,288094,288097,0,3,0
82324,1,1,288095,288097,288098,2,3,0
82325,2,1,288097,288098,288099,1,2,0
82326,4,1,288101,288101,288102,0,1,2
82327,4,1,288105,288105,288106,0,1,3
82328,4,1,288109,288109,288110,0,1,3
82329,6,1,288115,288115,288116,0,1,5
82330,1,3,288116,288116,288119,0,3,0
82331,5,2,288121,288121,288123,0,2,2
82332,6,3,288127,288127,288130,0,3,4
82333,3,1,288130,288130,288131,0,1,0
82334,3,2,288133,288133,288135,0,2,2
82335,3,2,288136,288136,288138,0,2,1
82336,2,3,288138,288138,288141,0,3,0
82337,6,1,288144,288144,288145,0,1,3
82338,2,1,288146,288146,288147,0,1,1
82339,3,1,288149,288149,288150,0,1,2
82340,1,2,288150,288150,288152,0,2,0
82341,3,3,288153,288153,288156,0,3,1
82342,1,1,288154,288156,288157,2,3,0
82343,2,2,288156,288157,288159,1,3,0
82344,2,1,288158,288159,288160,1,2,0
82345,2,1,288160,288160,288161,0,1,0
82346,5,3,288165,288165,288168,0,3,4
82347,5,1,288170,288170,288171,0,1,2
82348,5,3,288175,288175,288178,0,3,4
82349,4,3,288179,288179,288182,0,3,1
82350,6,3,288185,288185,288188,0,3,3
82351,1,1,288186,288188,288189,2,3,0
82352,1,1,288187,288189,288190,2,3,0
82353,4,2,288191,288191,288193,0,2,1
82354,6,1,288197,288197,288198,0,1,4
82355,1,2,288198,288198,288200,0,2,0
82356,2,2,288200,288200,288202,0,2,0
82357,4,3,288204,288204,288207,0,3,2
82358,1,2,288205,288207,288209,2,4,0
82359,5,2,288210,288210,288212,0,2,1
82360,1,1,288211,288212,288213,1,2,0
82361,2,1,288213,288213,288214,0,1,0
82362,3,3,288216,288216,288219,0,3,2
82363,2,2,288218,288219,288221,1,3,0
82364,1,3,288219,288221,288224,2,5,0
82365,5,3,288224,288224,288227,0,3,0
82366,4,1,288228,288228,288229,0,1,1
82367,6,3,288234,288234,288237,0,3,5
82368,4,3,288238,288238,288241,0,3,1
82369,2,1,288240,288241,288242,1,2,0
82370,1,1,288241,288242,288243,1,2,0
82371,1,2,288242,288243,288245,1,3,0
82372,4,3,288246,288246,288249,0,3,1
82373,4,2,288250,288250,288252,0,2,1
82374,5,2,288255,288255,288257,0,2,3
82375,5,1,288260,288260,288261,0,1,3
82376,1,1,288261,288261,288262,0,1,0
82377,4,2,288265,288265,288267,0,2,3
82378,4,3,288269,288269,288272,0,3,2
82379,2,3,288271,288272,288275,1,4,0
82380,1,2,288272,288275,288277,3,5,0
82381,6,2,288278,288278,288280,0,2,1
82382,6,3,288284,288284,288287,0,3,4
82383,2,3,288286,288287,288290,1,4,0
82384,3,2,288289,288290,288292,1,3,0
82385,5,3,288294,288294,288297,0,3,2
82386,3,2,288297,288297,288299,0,2,0
82387,4,2,288301,288301,288303,0,2,2
82388,3,2,288304,288304,288306,0,2,1
82389,4,1,288308,288308,288309,0,1,2
82390,6,3,288314,288314,288317,0,3,5
82391,5,3,288319,288319,288322,0,3,2
82392,2,1,288321,288322,288323,1,2,0
82393,2,1,288323,288323,288324,0,1,0
82394,3,1,288326,288326,288327,0,1,2
82395,1,2,288327,288327,288329,0,2,0
82396,1,3,288328,288329,288332,1,4,0
82397,3,3,288331,288332,288335,1,4,0
82398,6,1,288337,288337,288338,0,1,2
82399,5,2,288342,288342,288344,0,2,4
82400,5,3,288347,288347,288350,0,3,3
82401,2,2,288349,288350,288352,1,3,0
82402,5,3,288354,288354,288357,0,3,2
82403,4,1,288358,288358,288359,0,1,1
82404,6,2,288364,288364,288366,0,2,5
82405,1,2,288365,288366,288368,1,3,0
82406,2,1,288367,288368,288369,1,2,0
82407,2,2,288369,288369,288371,0,2,0
82408,2,1,288371,288371,288372,0,1,0
82409,4,2,288375,288375,288377,0,2,3
82410,2,2,288377,288377,288379,0,2,0
82411,4,1,288381,288381,288382,0,1,2
82412,3,3,288384,288384,288387,0,3,2
82413,2,3,288386,288387,288390,1,4,0
82414,1,2,288387,288390,288392,3,5,0
82415,6,2,288393,288393,288395,0,2,1
82416,3,2,288396,288396,288398,0,2,1
82417,3,3,288399,288399,288402,0,3,1
82418,3,3,288402,288402,288405,0,3,0
82419,4,3,288406,288406,288409,0,3,1
82420,2,1,288408,288409,288410,1,2,0
82421,6,1,288414,288414,288415,0,1,4
82422,2,3,288416,288416,288419,0,3,1
82423,1,1,288417,288419,288420,2,3,0
82424,6,2,288423,288423,288425,0,2,3
82425,1,3,288424,288425,288428,1,4,0
82426,2,2,288426,288428,288430,2,4,0
82427,4,1,288430,288430,288431,0,1,0
82428,4,3,288434,288434,288437,0,3,3
82429,2,2,288436,288437,288439,1,3,0
82430,6,3,288442,288442,288445,0,3,3
82431,4,3,288446,288446,288449,0,3,1
82432,3,2,288449,288449,288451,0,2,0
82433,4,1,288453,288453,288454,0,1,2
82434,4,3,288457,288457,288460,0,3,3
82435,1,1,288458,288460,288461,2,3,0
82436,5,2,288463,288463,288465,0,2,2
82437,6,3,288469,288469,288472,0,3,4
82438,5,2,288474,288474,288476,0,2,2
82439,5,2,288479,288479,288481,0,2,3
82440,1,3,288480,288481,288484,1,4,0
82441,3,1,288483,288484,288485,1,2,0
82442,5,3,288488,288488,288491,0,3,3
82443,5,3,288493,288493,288496,0,3,2
82444,5,1,288498,288498,288499,0,1,2
82445,3,3,288501,288501,288504,0,3,2
82446,6,1,288507,288507,288508,0,1,3
82447,6,2,288513,288513,288515,0,2,5
82448,6,2,288519,288519,288521,0,2,4
82449,3,2,288522,288522,288524,0,2,1
82450,2,2,288524,288524,288526,0,2,0
82451,2,2,288526,288526,288528,0,2,0
82452,4,1,288530,288530,288531,0,1,2
82453,4,3,288534,288534,288537,0,3,3
82454,3,1,288537,288537,288538,0,1,0
82455,1,3,288538,288538,288541,0,3,0
82456,2,1,288540,288541,288542,1,2,0
82457,6,3,288546,288546,288549,0,3,4
82458,4,2,288550,288550,288552,0,2,1
82459,6,2,288556,288556,288558,0,2,4
82460,6,3,288562,288562,288565,0,3,4
82461,4,3,288566,288566,288569,0,3,1
82462,1,1,288567,288569,288570,2,3,0
82463,2,2,288569,288570,288572,1,3,0
82464,6,1,288575,288575,288576,0,1,3
82465,5,2,288580,288580,288582,0,2,4
82466,5,3,288585,288585,288588,0,3,3
82467,3,1,288588,288588,288589,0,1,0
82468,3,3,288591,288591,288594,0,3,2
82469,4,2,288595,288595,288597,0,2,1
82470,2,2,288597,288597,288599,0,2,0
82471,2,1,288599,288599,288600,0,1,0
82472,2,1,288601,288601,288602,0,1,1
82473,5,3,288606,288606,288609,0,3,4
82474,3,3,288609,288609,288612,0,3,0
82475,1,3,288610,288612,288615,2,5,0
82476,6,1,288616,288616,288617,0,1,1
82477,5,1,288621,288621,288622,0,1,4
82478,3,1,288624,288624,288625,0,1,2
82479,2,2,288626,288626,288628,0,2,1
82480,2,3,288628,288628,288631,0,3,0
82481,1,2,288629,288631,288633,2,4,0
82482,4,2,288633,288633,288635,0,2,0
82483,1,2,288634,288635,288637,1,3,0
82484,1,1,288635,288637,288638,2,3,0
82485,1,2,288636,288638,288640,2,4,0
82486,3,3,288639,288640,288643,1,4,0
82487,6,3,288645,288645,288648,0,3,2
82488,5,1,288650,288650,288651,0,1,2
82489,4,2,288654,288654,288656,0,2,3
82490,4,1,288658,288658,288659,0,1,2
82491,1,3,288659,288659,288662,0,3,0
82492,3,3,288662,288662,288665,0,3,0
82493,2,2,288664,288665,288667,1,3,0
82494,2,1,288666,288667,288668,1,2,0
82495,2,1,288668,288668,288669,0,1,0
82496,6,2,288674,288674,288676,0,2,5
82497,1,1,288675,288676,288677,1,2,0
82498,4,3,288679,288679,288682,0,3,2
82499,1,1,288680,288682,288683,2,3,0
82500,2,1,288682,288683,288684,1,2,0
82501,5,1,288687,288687,288688,0,1,3
82502,2,1,288689,288689,288690,0,1,1
82503,4,2,288693,288693,288695,0,2,3
82504,3,3,288696,288696,288699,0,3,1
82505,6,2,288702,288702,288704,0,2,3
82506,1,3,288703,288704,288707,1,4,0
82507,5,1,288708,288708,288709,0,1,1
82508,3,2,288711,288711,288713,0,2,2
82509,2,2,288713,288713,288715,0,2,0
82510,3,1,288716,288716,288717,0,1,1
82511,1,3,288717,288717,288720,0,3,0
82512,5,2,288722,288722,288724,0,2,2
82513,1,3,288723,288724,288727,1,4,0
82514,2,1,288725,288727,288728,2,3,0
82515,6,3,288731,288731,288734,0,3,3
82516,5,2,288736,288736,288738,0,2,2
82517,2,3,288738,288738,288741,0,3,0
82518,3,1,288741,288741,288742,0,1,0
82519,2,3,288743,288743,288746,0,3,1
82520,2,3,288745,288746,288749,1,4,0
82521,2,2,288747,288749,288751,2,4,0
82522,1,3,288748,288751,288754,3,6,0
82523,6,2,288754,288754,288756,0,2,0
82524,2,3,288756,288756,288759,0,3,0
82525,1,3,288757,288759,288762,2,5,0
82526,2,3,288759,288762,288765,3,6,0
82527,2,3,288761,288765,288768,4,7,0
82528,4,3,288765,288768,288771,3,6,0
82529,2,3,288767,288771,288774,4,7,0
82530,4,1,288771,288774,288775,3,4,0
82531,3,2,288774,288775,288777,1,3,0
82532,3,2,288777,288777,288779,0,2,0
82533,6,2,288783,288783,288785,0,2,4
82534,3,3,288786,288786,288789,0,3,1
82535,5,1,288791,288791,288792,0,1,2
82536,6,3,288797,288797,288800,0,3,5
82537,2,2,288799,288800,288802,1,3,0
82538,3,2,288802,288802,288804,0,2,0
82539,3,2,288805,288805,288807,0,2,1
82540,4,3,288809,288809,288812,0,3,2
82541,5,1,288814,288814,288815,0,1,2
82542,6,2,288820,288820,288822,0,2,5
82543,1,1,288821,288822,288823,1,2,0
82544,1,3,288822,288823,288826,1,4,0
82545,2,1,288824,288826,288827,2,3,0
82546,3,3,288827,288827,288830,0,3,0
82547,4,1,288831,288831,288832,0,1,1
82548,4,1,288835,288835,288836,0,1,3
82549,4,1,288839,288839,288840,0,1,3
82550,1,2,288840,288840,288842,0,2,0
82551,2,2,288842,288842,288844,0,2,0
82552,3,3,288845,288845,288848,0,3,1
82553,1,1,288846,288848,288849,2,3,0
82554,4,3,288850,288850,288853,0,3,1
82555,2,3,288852,288853,288856,1,4,0
82556,1,1,288853,288856,288857,3,4,0
82557,5,3,288858,288858,288861,0,3,1
82558,6,3,288864,288864,288867,0,3,3
82559,6,2,288870,288870,288872,0,2,3
82560,1,1,288871,288872,288873,1,2,0
82561,1,2,288872,288873,288875,1,3,0
82562,2,1,288874,288875,288876,1,2,0
82563,1,3,288875,288876,288879,1,4,0
82564,3,2,288878,288879,288881,1,3,0
82565,3,3,288881,288881,288884,0,3,0
82566,5,3,288886,288886,288889,0,3,2
82567,2,1,288888,288889,288890,1,2,0
82568,1,2,288889,288890,288892,1,3,0
82569,1,3,288890,288892,288895,2,5,0
82570,3,1,288893,288895,288896,2,3,0
82571,3,3,288896,288896,288899,0,3,0
82572,5,1,288901,288901,288902,0,1,2
82573,3,3,288904,288904,288907,0,3,2
82574,5,3,288909,288909,288912,0,3,2
82575,1,3,288910,288912,288915,2,5,0
82576,4,1,288914,288915,288916,1,2,0
82577,5,3,288919,288919,288922,0,3,3
82578,2,2,288921,288922,288924,1,3,0
82579,1,3,288922,288924,288927,2,5,0
82580,2,3,288924,288927,288930,3,6,0
82581,5,3,288929,288930,288933,1,4,0
82582,1,1,288930,288933,288934,3,4,0
82583,3,2,288933,288934,288936,1,3,0
82584,6,2,288939,288939,288941,0,2,3
82585,4,1,288943,288943,288944,0,1,2
82586,6,1,288949,288949,288950,0,1,5
82587,1,2,288950,288950,288952,0,2,0
82588,5,3,288955,288955,288958,0,3,3
82589,4,1,288959,288959,288960,0,1,1
82590,2,1,288961,288961,288962,0,1,1
82591,4,2,288965,288965,288967,0,2,3
82592,3,3,288968,288968,288971,0,3,1
82593,1,3,288969,288971,288974,2,5,0
82594,5,1,288974,288974,288975,0,1,0
82595,3,3,288977,288977,288980,0,3,2
82596,1,3,288978,288980,288983,2,5,0
82597,6,3,288984,288984,288987,0,3,1
82598,4,3,288988,288988,288991,0,3,1
82599,3,1,288991,288991,288992,0,1,0
82600,5,1,288996,288996,288997,0,1,4
82601,1,3,288997,288997,289000,0,3,0
82602,3,3,289000,289000,289003,0,3,0
82603,1,1,289001,289003,289004,2,3,0
82604,3,1,289004,289004,289005,0,1,0
82605,5,2,289009,289009,289011,0,2,4
82606,1,1,289010,289011,289012,1,2,0
82607,1,2,289011,289012,289014,1,3,0
82608,6,3,289017,289017,289020,0,3,3
82609,4,1,289021,289021,289022,0,1,1
82610,5,1,289026,289026,289027,0,1,4
82611,5,1,289031,289031,289032,0,1,4
82612,1,1,289032,289032,289033,0,1,0
82613,1,2,289033,289033,289035,0,2,0
82614,4,2,289037,289037,289039,0,2,2
82615,6,2,289043,289043,289045,0,2,4
82616,1,3,289044,289045,289048,1,4,0
82617,6,3,289050,289050,289053,0,3,2
82618,2,3,289052,289053,289056,1,4,0
82619,4,1,289056,289056,289057,0,1,0
82620,2,2,289058,289058,289060,0,2,1
82621,4,2,289062,289062,289064,0,2,2
82622,3,3,289065,289065,289068,0,3,1
82623,4,1,289069,289069,289070,0,1,1
82624,6,2,289075,289075,289077,0,2,5
82625,1,1,289076,289077,289078,1,2,0
82626,3,1,289079,289079,289080,0,1,1
82627,1,3,289080,289080,289083,0,3,0
82628,2,1,289082,289083,289084,1,2,0
82629,2,1,289084,289084,289085,0,1,0
82630,6,2,289090,289090,289092,0,2,5
82631,4,3,289094,289094,289097,0,3,2
82632,1,3,289095,289097,289100,2,5,0
82633,6,2,289101,289101,289103,0,2,1
82634,5,1,289106,289106,289107,0,1,3
82635,5,3,289111,289111,289114,0,3,4
82636,5,3,289116,289116,289119,0,3,2
82637,2,1,289118,289119,289120,1,2,0
82638,3,2,289121,289121,289123,0,2,1
82639,3,3,289124,289124,289127,0,3,1
82640,4,1,289128,289128,289129,0,1,1
82641,4,3,289132,289132,289135,0,3,3
82642,3,2,289135,289135,289137,0,2,0
82643,3,2,289138,289138,289140,0,2,1
82644,3,2,289141,289141,289143,0,2,1
82645,3,3,289144,289144,289147,0,3,1
82646,4,3,289148,289148,289151,0,3,1
82647,4,1,289152,289152,289153,0,1,1
82648,1,1,289153,289153,289154,0,1,0
82649,4,3,289157,289157,289160,0,3,3
82650,1,1,289158,289160,289161,2,3,0
82651,5,2,289163,289163,289165,0,2,2
82652,6,3,289169,289169,289172,0,3,4
82653,5,2,289174,289174,289176,0,2,2
82654,1,1,289175,289176,289177,1,2,0
82655,6,3,289181,289181,289184,0,3,4
82656,4,3,289185,289185,289188,0,3,1
82657,5,2,289190,289190,289192,0,2,2
82658,4,2,289194,289194,289196,0,2,2
82659,3,3,289197,289197,289200,0,3,1
82660,1,1,289198,289200,289201,2,3,0
82661,6,2,289204,289204,289206,0,2,3
82662,1,2,289205,289206,289208,1,3,0
82663,1,2,289206,289208,289210,2,4,0
82664,1,2,289207,289210,289212,3,5,0
82665,1,2,289208,289212,289214,4,6,0
82666,5,2,289213,289214,289216,1,3,0
82667,4,3,289217,289217,289220,0,3,1
82668,3,3,289220,289220,289223,0,3,0
82669,2,3,289222,289223,289226,1,4,0
82670,5,1,289227,289227,289228,0,1,1
82671,6,3,289233,289233,289236,0,3,5
82672,3,3,289236,289236,289239,0,3,0
82673,2,2,289238,289239,289241,1,3,0
82674,3,1,289241,289241,289242,0,1,0
82675,1,1,289242,289242,289243,0,1,0
82676,3,1,289245,289245,289246,0,1,2
82677,6,3,289251,289251,289254,0,3,5
82678,1,1,289252,289254,289255,2,3,0
82679,4,1,289256,289256,289257,0,1,1
82680,1,3,289257,289257,289260,0,3,0
82681,3,1,289260,289260,289261,0,1,0
82682,4,3,289264,289264,289267,0,3,3
82683,2,3,289266,289267,289270,1,4,0
82684,6,2,289272,289272,289274,0,2,2
82685,6,2,289278,289278,289280,0,2,4
82686,6,1,289284,289284,289285,0,1,4
82687,4,2,289288,289288,289290,0,2,3
82688,3,3,289291,289291,289294,0,3,1
82689,4,3,289295,289295,289298,0,3,1
82690,3,2,289298,289298,289300,0,2,0
82691,4,3,289302,289302,289305,0,3,2
82692,2,1,289304,289305,289306,1,2,0
82693,2,1,289306,289306,289307,0,1,0
82694,2,2,289308,289308,289310,0,2,1
82695,3,3,289311,289311,289314,0,3,1
82696,6,1,289317,289317,289318,0,1,3
82697,3,1,289320,289320,289321,0,1,2
82698,1,3,289321,289321,289324,0,3,0
82699,2,1,289323,289324,289325,1,2,0
82700,5,3,289328,289328,289331,0,3,3
82701,4,1,289332,289332,289333,0,1,1
82702,3,1,289335,289335,289336,0,1,2
82703,4,3,289339,289339,289342,0,3,3
82704,6,3,289345,289345,289348,0,3,3
82705,2,2,289347,289348,289350,1,3,0
82706,3,3,289350,289350,289353,0,3,0
82707,6,2,289356,289356,289358,0,2,3
82708,4,1,289360,289360,289361,0,1,2
82709,6,1,289366,289366,289367,0,1,5
82710,6,2,289372,289372,289374,0,2,5
82711,1,2,289373,289374,289376,1,3,0
82712,5,1,289378,289378,289379,0,1,2
82713,1,1,289379,289379,289380,0,1,0
82714,4,2,289383,289383,289385,0,2,3
82715,3,3,289386,289386,289389,0,3,1
82716,3,3,289389,289389,289392,0,3,0
82717,3,1,289392,289392,289393,0,1,0
82718,1,1,289393,289393,289394,0,1,0
82719,4,2,289397,289397,289399,0,2,3
82720,1,1,289398,289399,289400,1,2,0
82721,2,1,289400,289400,289401,0,1,0
82722,4,2,289404,289404,289406,0,2,3
82723,2,2,289406,289406,289408,0,2,0
82724,5,3,289411,289411,289414,0,3,3
82725,6,1,289417,289417,289418,0,1,3
82726,1,1,289418,289418,289419,0,1,0
82727,6,2,289424,289424,289426,0,2,5
82728,3,3,289427,289427,289430,0,3,1
82729,3,2,289430,289430,289432,0,2,0
82730,4,2,289434,289434,289436,0,2,2
82731,4,2,289438,289438,289440,0,2,2
82732,5,2,289443,289443,289445,0,2,3
82733,5,1,289448,289448,289449,0,1,3
82734,2,3,289450,289450,289453,0,3,1
82735,6,1,289456,289456,289457,0,1,3
82736,1,1,289457,289457,289458,0,1,0
82737,6,1,289463,289463,289464,0,1,5
82738,4,2,289467,289467,289469,0,2,3
82739,2,1,289469,289469,289470,0,1,0
82740,5,2,289474,289474,289476,0,2,4
82741,6,1,289480,289480,289481,0,1,4
82742,3,3,289483,289483,289486,0,3,2
82743,6,1,289489,289489,289490,0,1,3
82744,1,3,289490,289490,289493,0,3,0
82745,2,2,289492,289493,289495,1,3,0
82746,6,2,289498,289498,289500,0,2,3
82747,5,1,289503,289503,289504,0,1,3
82748,6,2,289509,289509,289511,0,2,5
82749,6,3,289515,289515,289518,0,3,4
82750,1,2,289516,289518,289520,2,4,0
82751,5,2,289521,289521,289523,0,2,1
82752,3,1,289524,289524,289525,0,1,1
82753,6,2,289530,289530,289532,0,2,5
82754,4,3,289534,289534,289537,0,3,2
82755,6,3,289540,289540,289543,0,3,3
82756,4,3,289544,289544,289547,0,3,1
82757,3,1,289547,289547,289548,0,1,0
82758,2,1,289549,289549,289550,0,1,1
82759,1,3,289550,289550,289553,0,3,0
82760,3,1,289553,289553,289554,0,1,0
82761,4,1,289557,289557,289558,0,1,3
82762,3,2,289560,289560,289562,0,2,2
82763,3,1,289563,289563,289564,0,1,1
82764,2,3,289565,289565,289568,0,3,1
82765,4,3,289569,289569,289572,0,3,1
82766,6,3,289575,289575,289578,0,3,3
82767,4,1,289579,289579,289580,0,1,1
82768,2,1,289581,289581,289582,0,1,1
82769,3,2,289584,289584,289586,0,2,2
82770,5,2,289589,289589,289591,0,2,3
82771,5,1,289594,289594,289595,0,1,3
82772,3,1,289597,289597,289598,0,1,2
82773,6,3,289603,289603,289606,0,3,5
82774,4,2,289607,289607,289609,0,2,1
82775,6,2,289613,289613,289615,0,2,4
82776,4,1,289617,289617,289618,0,1,2
82777,3,1,289620,289620,289621,0,1,2
82778,4,2,289624,289624,289626,0,2,3
82779,1,1,289625,289626,289627,1,2,0
82780,1,3,289626,289627,289630,1,4,0
82781,6,2,289632,289632,289634,0,2,2
82782,6,2,289638,289638,289640,0,2,4
82783,3,2,289641,289641,289643,0,2,1
82784,1,1,289642,289643,289644,1,2,0
82785,3,2,289645,289645,289647,0,2,1
82786,3,1,289648,289648,289649,0,1,1
82787,6,1,289654,289654,289655,0,1,5
82788,2,1,289656,289656,289657,0,1,1
82789,6,2,289662,289662,289664,0,2,5
82790,4,2,289666,289666,289668,0,2,2
82791,6,1,289672,289672,289673,0,1,4
82792,4,1,289676,289676,289677,0,1,3
82793,4,1,289680,289680,289681,0,1,3
82794,5,3,289685,289685,289688,0,3,4
82795,1,3,289686,289688,289691,2,5,0
82796,3,3,289689,289691,289694,2,5,0
82797,1,1,289690,289694,289695,4,5,0
82798,3,3,289693,289695,289698,2,5,0
82799,4,1,289697,289698,289699,1,2,0
82800,3,1,289700,289700,289701,0,1,1
82801,2,2,289702,289702,289704,0,2,1
82802,6,2,289708,289708,289710,0,2,4
82803,5,2,289713,289713,289715,0,2,3
82804,6,2,289719,289719,289721,0,2,4
82805,2,3,289721,289721,289724,0,3,0
82806,2,1,289723,289724,289725,1,2,0
82807,6,3,289729,289729,289732,0,3,4
82808,3,2,289732,289732,289734,0,2,0
82809,1,3,289733,289734,289737,1,4,0
82810,2,2,289735,289737,289739,2,4,0
82811,5,1,289740,289740,289741,0,1,1
82812,2,2,289742,289742,289744,0,2,1
82813,1,1,289743,289744,289745,1,2,0
82814,1,2,289744,289745,289747,1,3,0
82815,3,2,289747,289747,289749,0,2,0
82816,5,3,289752,289752,289755,0,3,3
82817,6,3,289758,289758,289761,0,3,3
82818,3,1,289761,289761,289762,0,1,0
82819,3,1,289764,289764,289765,0,1,2
82820,6,2,289770,289770,289772,0,2,5
82821,1,3,289771,289772,289775,1,4,0
82822,1,2,289772,289775,289777,3,5,0
82823,2,2,289774,289777,289779,3,5,0
82824,5,2,289779,289779,289781,0,2,0
82825,4,3,289783,289783,289786,0,3,2
82826,5,3,289788,289788,289791,0,3,2
82827,6,1,289794,289794,289795,0,1,3
82828,6,3,289800,289800,289803,0,3,5
82829,6,1,289806,289806,289807,0,1,3
82830,2,3,289808,289808,289811,0,3,1
82831,3,1,289811,289811,289812,0,1,0
82832,1,2,289812,289812,289814,0,2,0
82833,2,1,289814,289814,289815,0,1,0
82834,3,2,289817,289817,289819,0,2,2
82835,2,1,289819,289819,289820,0,1,0
82836,2,3,289821,289821,289824,0,3,1
82837,3,2,289824,289824,289826,0,2,0
82838,1,3,289825,289826,289829,1,4,0
82839,2,2,289827,289829,289831,2,4,0
82840,4,1,289831,289831,289832,0,1,0
82841,3,1,289834,289834,289835,0,1,2
82842,1,3,289835,289835,289838,0,3,0
82843,4,1,289839,289839,289840,0,1,1
82844,6,1,289845,289845,289846,0,1,5
82845,1,3,289846,289846,289849,0,3,0
82846,1,1,289847,289849,289850,2,3,0
82847,5,1,289852,289852,289853,0,1,2
82848,4,2,289856,289856,289858,0,2,3
82849,3,1,289859,289859,289860,0,1,1
82850,4,3,289863,289863,289866,0,3,3
82851,2,1,289865,289866,289867,1,2,0
82852,1,2,289866,289867,289869,1,3,0
82853,4,3,289870,289870,289873,0,3,1
82854,3,2,289873,289873,289875,0,2,0
82855,1,2,289874,289875,289877,1,3,0
82856,6,1,289880,289880,289881,0,1,3
82857,2,2,289882,289882,289884,0,2,1
82858,6,1,289888,289888,289889,0,1,4
82859,1,1,289889,289889,289890,0,1,0
82860,5,3,289894,289894,289897,0,3,4
82861,2,2,289896,289897,289899,1,3,0
82862,1,1,289897,289899,289900,2,3,0
82863,1,3,289898,289900,289903,2,5,0
82864,2,3,289900,289903,289906,3,6,0
82865,3,1,289903,289906,289907,3,4,0
82866,6,1,289909,289909,289910,0,1,2
82867,1,2,289910,289910,289912,0,2,0
82868,6,2,289916,289916,289918,0,2,4
82869,6,3,289922,289922,289925,0,3,4
82870,6,1,289928,289928,289929,0,1,3
82871,4,2,289932,289932,289934,0,2,3
82872,5,1,289937,289937,289938,0,1,3
82873,5,1,289942,289942,289943,0,1,4
82874,5,3,289947,289947,289950,0,3,4
82875,2,1,289949,289950,289951,1,2,0
82876,6,3,289955,289955,289958,0,3,4
82877,5,2,289960,289960,289962,0,2,2
82878,1,1,289961,289962,289963,1,2,0
82879,3,1,289964,289964,289965,0,1,1
82880,4,3,289968,289968,289971,0,3,3
82881,1,3,289969,289971,289974,2,5,0
82882,3,1,289972,289974,289975,2,3,0
82883,6,2,289978,289978,289980,0,2,3
82884,2,2,289980,289980,289982,0,2,0
82885,4,1,289984,289984,289985,0,1,2
82886,2,2,289986,289986,289988,0,2,1
82887,4,3,289990,289990,289993,0,3,2
82888,2,2,289992,289993,289995,1,3,0
82889,4,1,289996,289996,289997,0,1,1
82890,4,3,290000,290000,290003,0,3,3
82891,1,2,290001,290003,290005,2,4,0
82892,2,2,290003,290005,290007,2,4,0
82893,1,1,290004,290007,290008,3,4,0
82894,1,1,290005,290008,290009,3,4,0
82895,4,3,290009,290009,290012,0,3,0
82896,5,1,290014,290014,290015,0,1,2
82897,6,2,290020,290020,290022,0,2,5
82898,5,1,290025,290025,290026,0,1,3
82899,3,1,290028,290028,290029,0,1,2
82900,1,2,290029,290029,290031,0,2,0
82901,1,3,290030,290031,290034,1,4,0
82902,4,2,290034,290034,290036,0,2,0
82903,4,2,290038,290038,290040,0,2,2
82904,4,2,290042,290042,290044,0,2,2
82905,4,1,290046,290046,290047,0,1,2
82906,3,1,290049,290049,290050,0,1,2
82907,5,2,290054,290054,290056,0,2,4
82908,1,2,290055,290056,290058,1,3,0
82909,2,2,290057,290058,290060,1,3,0
82910,2,3,290059,290060,290063,1,4,0
82911,1,3,290060,290063,290066,3,6,0
82912,6,1,290066,290066,290067,0,1,0
82913,5,1,290071,290071,290072,0,1,4
82914,3,1,290074,290074,290075,0,1,2
82915,4,3,290078,290078,290081,0,3,3
82916,3,1,290081,290081,290082,0,1,0
82917,2,3,290083,290083,290086,0,3,1
82918,1,3,290084,290086,290089,2,5,0
82919,6,2,290090,290090,290092,0,2,1
82920,6,3,290096,290096,290099,0,3,4
82921,5,1,290101,290101,290102,0,1,2
82922,2,2,290103,290103,290105,0,2,1
82923,4,2,290107,290107,290109,0,2,2
82924,3,3,290110,290110,290113,0,3,1
82925,4,3,290114,290114,290117,0,3,1
82926,6,3,290120,290120,290123,0,3,3
82927,6,2,290126,290126,290128,0,2,3
82928,2,1,290128,290128,290129,0,1,0
82929,4,3,290132,290132,290135,0,3,3
82930,2,3,290134,290135,290138,1,4,0
82931,6,3,290140,290140,290143,0,3,2
82932,4,3,290144,290144,290147,0,3,1
82933,4,3,290148,290148,290151,0,3,1
82934,6,1,290154,290154,290155,0,1,3
82935,3,3,290157,290157,290160,0,3,2
82936,1,1,290158,290160,290161,2,3,0
82937,5,3,290163,290163,290166,0,3,2
82938,3,2,290166,290166,290168,0,2,0
82939,5,2,290171,290171,290173,0,2,3
82940,6,3,290177,290177,290180,0,3,4
82941,3,1,290180,290180,290181,0,1,0
82942,3,1,290183,290183,290184,0,1,2
82943,3,2,290186,290186,290188,0,2,2
82944,5,2,290191,290191,290193,0,2,3
82945,3,2,290194,290194,290196,0,2,1
82946,5,3,290199,290199,290202,0,3,3
82947,4,3,290203,290203,290206,0,3,1
82948,4,2,290207,290207,290209,0,2,1
82949,6,1,290213,290213,290214,0,1,4
82950,2,1,290215,290215,290216,0,1,1
82951,2,1,290217,290217,290218,0,1,1
82952,6,3,290223,290223,290226,0,3,5
82953,4,1,290227,290227,290228,0,1,1
82954,4,2,290231,290231,290233,0,2,3
82955,5,3,290236,290236,290239,0,3,3
82956,2,3,290238,290239,290242,1,4,0
82957,4,1,290242,290242,290243,0,1,0
82958,1,2,290243,290243,290245,0,2,0
82959,6,1,290249,290249,290250,0,1,4
82960,6,3,290255,290255,290258,0,3,5
82961,2,2,290257,290258,290260,1,3,0
82962,1,1,290258,290260,290261,2,3,0
82963,6,2,290264,290264,290266,0,2,3
82964,2,2,290266,290266,290268,0,2,0
82965,4,3,290270,290270,290273,0,3,2
82966,3,1,290273,290273,290274,0,1,0
82967,5,2,290278,290278,290280,0,2,4
82968,6,2,290284,290284,290286,0,2,4
82969,4,3,290288,290288,290291,0,3,2
82970,1,1,290289,290291,290292,2,3,0
82971,1,3,290290,290292,290295,2,5,0
82972,4,3,290294,290295,290298,1,4,0
82973,5,1,290299,290299,290300,0,1,1
82974,1,3,290300,290300,290303,0,3,0
82975,1,2,290301,290303,290305,2,4,0
82976,6,3,290307,290307,290310,0,3,2
82977,2,3,290309,290310,290313,1,4,0
82978,1,3,290310,290313,290316,3,6,0
82979,6,2,290316,290316,290318,0,2,0
82980,4,3,290320,290320,290323,0,3,2
82981,4,1,290324,290324,290325,0,1,1
82982,2,1,290326,290326,290327,0,1,1
82983,2,3,290328,290328,290331,0,3,1
82984,3,3,290331,290331,290334,0,3,0
82985,3,2,290334,290334,290336,0,2,0
82986,3,2,290337,290337,290339,0,2,1
82987,3,2,290340,290340,290342,0,2,1
82988,5,3,290345,290345,290348,0,3,3
82989,6,3,290351,290351,290354,0,3,3
82990,5,3,290356,290356,290359,0,3,2
82991,3,3,290359,290359,290362,0,3,0
82992,4,2,290363,290363,290365,0,2,1
82993,2,2,290365,290365,290367,0,2,0
82994,3,2,290368,290368,290370,0,2,1
82995,5,1,290373,290373,290374,0,1,3
82996,4,3,290377,290377,290380,0,3,3
82997,5,2,290382,290382,290384,0,2,2
82998,6,2,290388,290388,290390,0,2,4
82999,2,2,290390,290390,290392,0,2,0
83000,3,1,290393,290393,290394,0,1,1
83001,2,2,290395,290395,290397,0,2,1
83002,5,3,290400,290400,290403,0,3,3
83003,1,2,290401,290403,290405,2,4,0
83004,2,2,290403,290405,290407,2,4,0
83005,1,1,290404,290407,290408,3,4,0
83006,2,1,290406,290408,290409,2,3,0
83007,3,2,290409,290409,290411,0,2,0
83008,4,1,290413,290413,290414,0,1,2
83009,5,3,290418,290418,290421,0,3,4
83010,2,3,290420,290421,290424,1,4,0
83011,5,1,290425,290425,290426,0,1,1
83012,1,3,290426,290426,290429,0,3,0
83013,1,2,290427,290429,290431,2,4,0
83014,4,2,290431,290431,290433,0,2,0
83015,4,1,290435,290435,290436,0,1,2
83016,6,2,290441,290441,290443,0,2,5
83017,1,1,290442,290443,290444,1,2,0
83018,1,3,290443,290444,290447,1,4,0
83019,5,1,290448,290448,290449,0,1,1
83020,4,1,290452,290452,290453,0,1,3
83021,2,2,290454,290454,290456,0,2,1
83022,2,1,290456,290456,290457,0,1,0
83023,4,2,290460,290460,290462,0,2,3
83024,3,2,290463,290463,290465,0,2,1
83025,5,3,290468,290468,290471,0,3,3
83026,4,3,290472,290472,290475,0,3,1
83027,5,2,290477,290477,290479,0,2,2
83028,3,2,290480,290480,290482,0,2,1
83029,1,2,290481,290482,290484,1,3,0
83030,1,2,290482,290484,290486,2,4,0
83031,3,1,290485,290486,290487,1,2,0
83032,5,3,290490,290490,290493,0,3,3
83033,6,3,290496,290496,290499,0,3,3
83034,4,1,290500,290500,290501,0,1,1
83035,2,1,290502,290502,290503,0,1,1
83036,5,2,290507,290507,290509,0,2,4
83037,3,1,290510,290510,290511,0,1,1
83038,2,3,290512,290512,290515,0,3,1
83039,4,1,290516,290516,290517,0,1,1
83040,4,2,290520,290520,290522,0,2,3
83041,5,2,290525,290525,290527,0,2,3
83042,5,3,290530,290530,290533,0,3,3
83043,1,3,290531,290533,290536,2,5,0
83044,3,1,290534,290536,290537,2,3,0
83045,2,2,290536,290537,290539,1,3,0
83046,6,1,290542,290542,290543,0,1,3
83047,5,2,290547,290547,290549,0,2,4
83048,5,1,290552,290552,290553,0,1,3
83049,1,2,290553,290553,290555,0,2,0
83050,5,1,290558,290558,290559,0,1,3
83051,3,3,290561,290561,290564,0,3,2
83052,3,2,290564,290564,290566,0,2,0
83053,5,3,290569,290569,290572,0,3,3
83054,5,2,290574,290574,290576,0,2,2
83055,2,3,290576,290576,290579,0,3,0
83056,5,2,290581,290581,290583,0,2,2
83057,5,2,290586,290586,290588,0,2,3
83058,5,2,290591,290591,290593,0,2,3
83059,4,2,290595,290595,290597,0,2,2
83060,1,3,290596,290597,290600,1,4,0
83061,2,2,290598,290600,290602,2,4,0
83062,3,3,290601,290602,290605,1,4,0
83063,1,2,290602,290605,290607,3,5,0
83064,6,1,290608,290608,290609,0,1,1
83065,3,2,290611,290611,290613,0,2,2
83066,3,3,290614,290614,290617,0,3,1
83067,4,2,290618,290618,290620,0,2,1
83068,2,2,290620,290620,290622,0,2,0
83069,2,2,290622,290622,290624,0,2,0
83070,2,2,290624,290624,290626,0,2,0
83071,1,1,290625,290626,290627,1,2,0
83072,2,3,290627,290627,290630,0,3,0
83073,3,2,290630,290630,290632,0,2,0
83074,5,1,290635,290635,290636,0,1,3
83075,5,1,290640,290640,290641,0,1,4
83076,5,2,290645,290645,290647,0,2,4
83077,6,3,290651,290651,290654,0,3,4
83078,5,2,290656,290656,290658,0,2,2
83079,2,2,290658,290658,290660,0,2,0
83080,4,2,290662,290662,290664,0,2,2
83081,4,2,290666,290666,290668,0,2,2
83082,6,2,290672,290672,290674,0,2,4
83083,1,3,290673,290674,290677,1,4,0
83084,2,3,290675,290677,290680,2,5,0
83085,1,2,290676,290680,290682,4,6,0
83086,1,2,290677,290682,290684,5,7,0
83087,4,3,290681,290684,290687,3,6,0
83088,2,1,290683,290687,290688,4,5,0
83089,3,2,290686,290688,290690,2,4,0
83090,1,1,290687,290690,290691,3,4,0
83091,1,2,290688,290691,290693,3,5,0
83092,2,1,290690,290693,290694,3,4,0
83093,5,2,290695,290695,290697,0,2,1
83094,1,2,290696,290697,290699,1,3,0
83095,4,3,290700,290700,290703,0,3,1
83096,2,2,290702,290703,290705,1,3,0
83097,2,2,290704,290705,290707,1,3,0
83098,3,3,290707,290707,290710,0,3,0
83099,2,3,290709,290710,290713,1,4,0
83100,5,2,290714,290714,290716,0,2,1
83101,5,3,290719,290719,290722,0,3,3
83102,5,3,290724,290724,290727,0,3,2
83103,5,1,290729,290729,290730,0,1,2
83104,5,3,290734,290734,290737,0,3,4
83105,6,2,290740,290740,290742,0,2,3
83106,2,3,290742,290742,290745,0,3,0
83107,2,3,290744,290745,290748,1,4,0
83108,2,1,290746,290748,290749,2,3,0
83109,4,3,290750,290750,290753,0,3,1
83110,5,1,290755,290755,290756,0,1,2
83111,5,1,290760,290760,290761,0,1,4
83112,6,1,290766,290766,290767,0,1,5
83113,6,2,290772,290772,290774,0,2,5
83114,4,3,290776,290776,290779,0,3,2
83115,2,1,290778,290779,290780,1,2,0
83116,1,3,290779,290780,290783,1,4,0
83117,6,2,290785,290785,290787,0,2,2
83118,4,2,290789,290789,290791,0,2,2
83119,2,2,290791,290791,290793,0,2,0
83120,3,3,290794,290794,290797,0,3,1
83121,5,1,290799,290799,290800,0,1,2
83122,6,3,290805,290805,290808,0,3,5
83123,3,3,290808,290808,290811,0,3,0
83124,5,1,290813,290813,290814,0,1,2
83125,1,1,290814,290814,290815,0,1,0
83126,6,2,290820,290820,290822,0,2,5
83127,5,2,290825,290825,290827,0,2,3
83128,1,3,290826,290827,290830,1,4,0
83129,2,1,290828,290830,290831,2,3,0
83130,5,2,290833,290833,290835,0,2,2
83131,2,2,290835,290835,290837,0,2,0
83132,6,2,290841,290841,290843,0,2,4
83133,5,3,290846,290846,290849,0,3,3
83134,5,3,290851,290851,290854,0,3,2
83135,4,1,290855,290855,290856,0,1,1
83136,1,2,290856,290856,290858,0,2,0
83137,2,3,290858,290858,290861,0,3,0
83138,4,1,290862,290862,290863,0,1,1
83139,4,3,290866,290866,290869,0,3,3
83140,3,1,290869,290869,290870,0,1,0
83141,4,3,290873,290873,290876,0,3,3
83142,3,3,290876,290876,290879,0,3,0
83143,1,1,290877,290879,290880,2,3,0
83144,6,3,290883,290883,290886,0,3,3
83145,6,2,290889,290889,290891,0,2,3
83146,5,1,290894,290894,290895,0,1,3
83147,2,1,290896,290896,290897,0,1,1
83148,5,3,290901,290901,290904,0,3,4
83149,6,2,290907,290907,290909,0,2,3
83150,3,3,290910,290910,290913,0,3,1
83151,4,2,290914,290914,290916,0,2,1
83152,4,3,290918,290918,290921,0,3,2
83153,4,2,290922,290922,290924,0,2,1
83154,2,2,290924,290924,290926,0,2,0
83155,6,2,290930,290930,290932,0,2,4
83156,1,3,290931,290932,290935,1,4,0
83157,3,2,290934,290935,290937,1,3,0
83158,6,3,290940,290940,290943,0,3,3
83159,3,3,290943,290943,290946,0,3,0
83160,2,2,290945,290946,290948,1,3,0
83161,4,1,290949,290949,290950,0,1,1
83162,5,2,290954,290954,290956,0,2,4
83163,2,1,290956,290956,290957,0,1,0
83164,2,1,290958,290958,290959,0,1,1
83165,2,1,290960,290960,290961,0,1,1
83166,2,1,290962,290962,290963,0,1,1
83167,3,1,290965,290965,290966,0,1,2
83168,6,3,290971,290971,290974,0,3,5
83169,2,2,290973,290974,290976,1,3,0
83170,5,2,290978,290978,290980,0,2,2
83171,5,2,290983,290983,290985,0,2,3
83172,6,1,290989,290989,290990,0,1,4
83173,3,1,290992,290992,290993,0,1,2
83174,2,3,290994,290994,290997,0,3,1
83175,2,2,290996,290997,290999,1,3,0
83176,6,1,291002,291002,291003,0,1,3
83177,1,1,291003,291003,291004,0,1,0
83178,3,3,291006,291006,291009,0,3,2
83179,3,3,291009,291009,291012,0,3,0
83180,3,1,291012,291012,291013,0,1,0
83181,6,3,291018,291018,291021,0,3,5
83182,5,1,291023,291023,291024,0,1,2
83183,1,1,291024,291024,291025,0,1,0
83184,5,2,291029,291029,291031,0,2,4
83185,1,3,291030,291031,291034,1,4,0
83186,5,3,291035,291035,291038,0,3,1
83187,6,3,291041,291041,291044,0,3,3
83188,5,3,291046,291046,291049,0,3,2
83189,5,2,291051,291051,291053,0,2,2
83190,1,3,291052,291053,291056,1,4,0
83191,5,3,291057,291057,291060,0,3,1
83192,4,1,291061,291061,291062,0,1,1
83193,4,1,291065,291065,291066,0,1,3
83194,5,1,291070,291070,291071,0,1,4
83195,6,2,291076,291076,291078,0,2,5
83196,5,2,291081,291081,291083,0,2,3
83197,5,2,291086,291086,291088,0,2,3
83198,4,2,291090,291090,291092,0,2,2
83199,2,1,291092,291092,291093,0,1,0
83200,2,1,291094,291094,291095,0,1,1
83201,6,1,291100,291100,291101,0,1,5
83202,4,3,291104,291104,291107,0,3,3
83203,2,2,291106,291107,291109,1,3,0
83204,2,2,291108,291109,291111,1,3,0
83205,6,3,291114,291114,291117,0,3,3
83206,4,1,291118,291118,291119,0,1,1
83207,1,2,291119,291119,291121,0,2,0
83208,4,3,291123,291123,291126,0,3,2
83209,6,2,291129,291129,291131,0,2,3
83210,5,3,291134,291134,291137,0,3,3
83211,5,1,291139,291139,291140,0,1,2
83212,3,1,291142,291142,291143,0,1,2
83213,2,2,291144,291144,291146,0,2,1
83214,5,1,291149,291149,291150,0,1,3
83215,1,2,291150,291150,291152,0,2,0
83216,3,1,291153,291153,291154,0,1,1
83217,6,1,291159,291159,291160,0,1,5
83218,4,2,291163,291163,291165,0,2,3
83219,2,1,291165,291165,291166,0,1,0
83220,5,1,291170,291170,291171,0,1,4
83221,2,1,291172,291172,291173,0,1,1
83222,5,2,291177,291177,291179,0,2,4
83223,2,1,291179,291179,291180,0,1,0
83224,4,1,291183,291183,291184,0,1,3
83225,5,1,291188,291188,291189,0,1,4
83226,6,3,291194,291194,291197,0,3,5
83227,3,3,291197,291197,291200,0,3,0
83228,2,1,291199,291200,291201,1,2,0
83229,4,2,291203,291203,291205,0,2,2
83230,1,3,291204,291205,291208,1,4,0
83231,4,1,291208,291208,291209,0,1,0
83232,4,2,291212,291212,291214,0,2,3
83233,4,1,291216,291216,291217,0,1,2
83234,4,2,291220,291220,291222,0,2,3
83235,4,1,291224,291224,291225,0,1,2
83236,1,1,291225,291225,291226,0,1,0
83237,5,3,291230,291230,291233,0,3,4
83238,1,1,291231,291233,291234,2,3,0
83239,5,2,291236,291236,291238,0,2,2
83240,4,1,291240,291240,291241,0,1,2
83241,4,3,291244,291244,291247,0,3,3
83242,3,3,291247,291247,291250,0,3,0
83243,6,2,291253,291253,291255,0,2,3
83244,4,3,291257,291257,291260,0,3,2
83245,3,2,291260,291260,291262,0,2,0
83246,2,3,291262,291262,291265,0,3,0
83247,3,1,291265,291265,291266,0,1,0
83248,1,2,291266,291266,291268,0,2,0
83249,6,1,291272,291272,291273,0,1,4
83250,2,2,291274,291274,291276,0,2,1
83251,4,3,291278,291278,291281,0,3,2
83252,4,2,291282,291282,291284,0,2,1
83253,6,3,291288,291288,291291,0,3,4
83254,6,3,291294,291294,291297,0,3,3
83255,1,3,291295,291297,291300,2,5,0
83256,3,1,291298,291300,291301,2,3,0
83257,3,1,291301,291301,291302,0,1,0
83258,4,1,291305,291305,291306,0,1,3
83259,5,2,291310,291310,291312,0,2,4
83260,4,1,291314,291314,291315,0,1,2
83261,2,3,291316,291316,291319,0,3,1
83262,6,3,291322,291322,291325,0,3,3
83263,4,2,291326,291326,291328,0,2,1
83264,5,1,291331,291331,291332,0,1,3
83265,2,2,291333,291333,291335,0,2,1
83266,4,1,291337,291337,291338,0,1,2
83267,4,3,291341,291341,291344,0,3,3
83268,5,2,291346,291346,291348,0,2,2
83269,2,1,291348,291348,291349,0,1,0
83270,6,3,291354,291354,291357,0,3,5
83271,5,2,291359,291359,291361,0,2,2
83272,1,2,291360,291361,291363,1,3,0
83273,5,1,291365,291365,291366,0,1,2
83274,1,2,291366,291366,291368,0,2,0
83275,5,3,291371,291371,291374,0,3,3
83276,3,2,291374,291374,291376,0,2,0
83277,6,3,291380,291380,291383,0,3,4
83278,2,2,291382,291383,291385,1,3,0
83279,3,3,291385,291385,291388,0,3,0
83280,6,1,291391,291391,291392,0,1,3
83281,2,1,291393,291393,291394,0,1,1
83282,6,3,291399,291399,291402,0,3,5
83283,3,2,291402,291402,291404,0,2,0
83284,4,3,291406,291406,291409,0,3,2
83285,5,1,291411,291411,291412,0,1,2
83286,3,1,291414,291414,291415,0,1,2
83287,3,2,291417,291417,291419,0,2,2
83288,2,1,291419,291419,291420,0,1,0
83289,3,1,291422,291422,291423,0,1,2
83290,4,1,291426,291426,291427,0,1,3
83291,5,3,291431,291431,291434,0,3,4
83292,3,2,291434,291434,291436,0,2,0
83293,4,2,291438,291438,291440,0,2,2
83294,1,1,291439,291440,291441,1,2,0
83295,3,3,291442,291442,291445,0,3,1
83296,3,2,291445,291445,291447,0,2,0
83297,1,3,291446,291447,291450,1,4,0
83298,3,1,291449,291450,291451,1,2,0
83299,2,3,291451,291451,291454,0,3,0
83300,2,1,291453,291454,291455,1,2,0
83301,2,1,291455,291455,291456,0,1,0
83302,3,1,291458,291458,291459,0,1,2
83303,6,3,291464,291464,291467,0,3,5
83304,1,1,291465,291467,291468,2,3,0
83305,2,2,291467,291468,291470,1,3,0
83306,1,3,291468,291470,291473,2,5,0
83307,5,1,291473,291473,291474,0,1,0
83308,6,1,291479,291479,291480,0,1,5
83309,3,3,291482,291482,291485,0,3,2
83310,3,2,291485,291485,291487,0,2,0
83311,5,3,291490,291490,291493,0,3,3
83312,5,2,291495,291495,291497,0,2,2
83313,2,2,291497,291497,291499,0,2,0
83314,1,3,291498,291499,291502,1,4,0
83315,6,2,291504,291504,291506,0,2,2
83316,1,2,291505,291506,291508,1,3,0
83317,4,3,291509,291509,291512,0,3,1
83318,6,2,291515,291515,291517,0,2,3
83319,3,2,291518,291518,291520,0,2,1
83320,1,2,291519,291520,291522,1,3,0
83321,4,1,291523,291523,291524,0,1,1
83322,2,2,291525,291525,291527,0,2,1
83323,4,1,291529,291529,291530,0,1,2
83324,3,3,291532,291532,291535,0,3,2
83325,6,3,291538,291538,291541,0,3,3
83326,2,3,291540,291541,291544,1,4,0
83327,4,1,291544,291544,291545,0,1,0
83328,2,2,291546,291546,291548,0,2,1
83329,5,3,291551,291551,291554,0,3,3
83330,2,3,291553,291554,291557,1,4,0
83331,1,3,291554,291557,291560,3,6,0
83332,3,1,291557,291560,291561,3,4,0
83333,6,1,291563,291563,291564,0,1,2
83334,1,3,291564,291564,291567,0,3,0
83335,6,3,291570,291570,291573,0,3,3
83336,1,2,291571,291573,291575,2,4,0
83337,1,1,291572,291575,291576,3,4,0
83338,2,2,291574,291576,291578,2,4,0
83339,5,1,291579,291579,291580,0,1,1
83340,3,2,291582,291582,291584,0,2,2
83341,2,3,291584,291584,291587,0,3,0
83342,1,1,291585,291587,291588,2,3,0
83343,1,2,291586,291588,291590,2,4,0
83344,1,1,291587,291590,291591,3,4,0
83345,2,2,291589,291591,291593,2,4,0
83346,6,3,291595,291595,291598,0,3,2
83347,5,3,291600,291600,291603,0,3,2
83348,5,2,291605,291605,291607,0,2,2
83349,4,3,291609,291609,291612,0,3,2
83350,4,2,291613,291613,291615,0,2,1
83351,4,1,291617,291617,291618,0,1,2
83352,3,2,291620,291620,291622,0,2,2
83353,1,3,291621,291622,291625,1,4,0
83354,3,1,291624,291625,291626,1,2,0
83355,1,1,291625,291626,291627,1,2,0
83356,1,1,291626,291627,291628,1,2,0
83357,3,3,291629,291629,291632,0,3,1
83358,5,1,291634,291634,291635,0,1,2
83359,6,2,291640,291640,291642,0,2,5
83360,2,2,291642,291642,291644,0,2,0
83361,4,1,291646,291646,291647,0,1,2
83362,1,1,291647,291647,291648,0,1,0
83363,6,1,291653,291653,291654,0,1,5
83364,2,3,291655,291655,291658,0,3,1
83365,5,1,291660,291660,291661,0,1,2
83366,3,3,291663,291663,291666,0,3,2
83367,4,2,291667,291667,291669,0,2,1
83368,6,2,291673,291673,291675,0,2,4
83369,4,2,291677,291677,291679,0,2,2
83370,3,1,291680,291680,291681,0,1,1
83371,6,1,291686,291686,291687,0,1,5
83372,2,3,291688,291688,291691,0,3,1
83373,2,1,291690,291691,291692,1,2,0
83374,6,3,291696,291696,291699,0,3,4
83375,6,2,291702,291702,291704,0,2,3
83376,2,2,291704,291704,291706,0,2,0
83377,2,3,291706,291706,291709,0,3,0
83378,6,2,291712,291712,291714,0,2,3
83379,4,3,291716,291716,291719,0,3,2
83380,3,3,291719,291719,291722,0,3,0
83381,5,1,291724,291724,291725,0,1,2
83382,2,3,291726,291726,291729,0,3,1
83383,2,1,291728,291729,291730,1,2,0
83384,1,1,291729,291730,291731,1,2,0
83385,4,3,291733,291733,291736,0,3,2
83386,6,2,291739,291739,291741,0,2,3
83387,3,1,291742,291742,291743,0,1,1
83388,2,2,291744,291744,291746,0,2,1
83389,1,1,291745,291746,291747,1,2,0
83390,3,3,291748,291748,291751,0,3,1
83391,4,3,291752,291752,291755,0,3,1
83392,4,1,291756,291756,291757,0,1,1
83393,1,3,291757,291757,291760,0,3,0
83394,1,2,291758,291760,291762,2,4,0
83395,5,1,291763,291763,291764,0,1,1
83396,1,2,291764,291764,291766,0,2,0
83397,4,2,291768,291768,291770,0,2,2
83398,5,2,291773,291773,291775,0,2,3
83399,1,2,291774,291775,291777,1,3,0
83400,5,3,291779,291779,291782,0,3,2
83401,6,2,291785,291785,291787,0,2,3
83402,1,3,291786,291787,291790,1,4,0
83403,2,2,291788,291790,291792,2,4,0
83404,6,3,291794,291794,291797,0,3,2
83405,3,3,291797,291797,291800,0,3,0
83406,4,3,291801,291801,291804,0,3,1
83407,1,3,291802,291804,291807,2,5,0
83408,3,2,291805,291807,291809,2,4,0
83409,6,2,291811,291811,291813,0,2,2
83410,2,1,291813,291813,291814,0,1,0
83411,4,1,291817,291817,291818,0,1,3
83412,6,2,291823,291823,291825,0,2,5
83413,3,1,291826,291826,291827,0,1,1
83414,2,1,291828,291828,291829,0,1,1
83415,4,1,291832,291832,291833,0,1,3
83416,6,3,291838,291838,291841,0,3,5
83417,1,3,291839,291841,291844,2,5,0
83418,1,1,291840,291844,291845,4,5,0
83419,1,2,291841,291845,291847,4,6,0
83420,2,2,291843,291847,291849,4,6,0
83421,2,3,291845,291849,291852,4,7,0
83422,1,1,291846,291852,291853,6,7,0
83423,2,1,291848,291853,291854,5,6,0
83424,2,1,291850,291854,291855,4,5,0
83425,3,1,291853,291855,291856,2,3,0
83426,5,1,291858,291858,291859,0,1,2
83427,6,1,291864,291864,291865,0,1,5
83428,1,2,291865,291865,291867,0,2,0
83429,6,1,291871,291871,291872,0,1,4
83430,1,3,291872,291872,291875,0,3,0
83431,1,1,291873,291875,291876,2,3,0
83432,3,3,291876,291876,291879,0,3,0
83433,4,3,291880,291880,291883,0,3,1
83434,4,3,291884,291884,291887,0,3,1
83435,6,3,291890,291890,291893,0,3,3
83436,5,3,291895,291895,291898,0,3,2
83437,5,1,291900,291900,291901,0,1,2
83438,2,1,291902,291902,291903,0,1,1
83439,6,2,291908,291908,291910,0,2,5
83440,1,2,291909,291910,291912,1,3,0
83441,4,3,291913,291913,291916,0,3,1
83442,6,3,291919,291919,291922,0,3,3
83443,5,3,291924,291924,291927,0,3,2
83444,2,1,291926,291927,291928,1,2,0
83445,2,2,291928,291928,291930,0,2,0
83446,2,2,291930,291930,291932,0,2,0
83447,3,1,291933,291933,291934,0,1,1
83448,4,1,291937,291937,291938,0,1,3
83449,6,2,291943,291943,291945,0,2,5
83450,4,2,291947,291947,291949,0,2,2
83451,4,2,291951,291951,291953,0,2,2
83452,5,3,291956,291956,291959,0,3,3
83453,5,3,291961,291961,291964,0,3,2
83454,4,1,291965,291965,291966,0,1,1
83455,4,2,291969,291969,291971,0,2,3
83456,6,3,291975,291975,291978,0,3,4
83457,5,2,291980,291980,291982,0,2,2
83458,3,3,291983,291983,291986,0,3,1
83459,2,1,291985,291986,291987,1,2,0
83460,2,1,291987,291987,291988,0,1,0
83461,4,2,291991,291991,291993,0,2,3
83462,4,3,291995,291995,291998,0,3,2
83463,2,3,291997,291998,292001,1,4,0
83464,5,2,292002,292002,292004,0,2,1
83465,3,3,292005,292005,292008,0,3,1
83466,2,1,292007,292008,292009,1,2,0
83467,5,3,292012,292012,292015,0,3,3
83468,2,3,292014,292015,292018,1,4,0
83469,1,3,292015,292018,292021,3,6,0
83470,5,3,292020,292021,292024,1,4,0
83471,4,3,292024,292024,292027,0,3,0
83472,6,3,292030,292030,292033,0,3,3
83473,5,2,292035,292035,292037,0,2,2
83474,4,2,292039,292039,292041,0,2,2
83475,6,1,292045,292045,292046,0,1,4
83476,6,3,292051,292051,292054,0,3,5
83477,5,2,292056,292056,292058,0,2,2
83478,3,2,292059,292059,292061,0,2,1
83479,6,2,292065,292065,292067,0,2,4
83480,4,2,292069,292069,292071,0,2,2
83481,4,3,292073,292073,292076,0,3,2
83482,6,1,292079,292079,292080,0,1,3
83483,2,3,292081,292081,292084,0,3,1
83484,2,3,292083,292084,292087,1,4,0
83485,2,3,292085,292087,292090,2,5,0
83486,2,1,292087,292090,292091,3,4,0
83487,4,3,292091,292091,292094,0,3,0
83488,5,1,292096,292096,292097,0,1,2
83489,5,2,292101,292101,292103,0,2,4
83490,2,3,292103,292103,292106,0,3,0
83491,4,3,292107,292107,292110,0,3,1
83492,6,1,292113,292113,292114,0,1,3
83493,1,1,292114,292114,292115,0,1,0
83494,6,1,292120,292120,292121,0,1,5
83495,3,1,292123,292123,292124,0,1,2
83496,4,2,292127,292127,292129,0,2,3
83497,4,1,292131,292131,292132,0,1,2
83498,5,1,292136,292136,292137,0,1,4
83499,1,1,292137,292137,292138,0,1,0
83500,3,2,292140,292140,292142,0,2,2
83501,6,1,292146,292146,292147,0,1,4
83502,6,1,292152,292152,292153,0,1,5
83503,4,2,292156,292156,292158,0,2,3
83504,3,2,292159,292159,292161,0,2,1
83505,5,3,292164,292164,292167,0,3,3
83506,5,3,292169,292169,292172,0,3,2
83507,2,2,292171,292172,292174,1,3,0
83508,6,3,292177,292177,292180,0,3,3
83509,2,2,292179,292180,292182,1,3,0
83510,4,1,292183,292183,292184,0,1,1
83511,5,2,292188,292188,292190,0,2,4
83512,1,3,292189,292190,292193,1,4,0
83513,1,3,292190,292193,292196,3,6,0
83514,6,1,292196,292196,292197,0,1,0
83515,6,3,292202,292202,292205,0,3,5
83516,3,1,292205,292205,292206,0,1,0
83517,2,2,292207,292207,292209,0,2,1
83518,1,3,292208,292209,292212,1,4,0
83519,5,2,292213,292213,292215,0,2,1
83520,3,2,292216,292216,292218,0,2,1
83521,2,2,292218,292218,292220,0,2,0
83522,1,3,292219,292220,292223,1,4,0
83523,5,2,292224,292224,292226,0,2,1
83524,5,2,292229,292229,292231,0,2,3
83525,5,2,292234,292234,292236,0,2,3
83526,6,1,292240,292240,292241,0,1,4
83527,2,2,292242,292242,292244,0,2,1
83528,3,2,292245,292245,292247,0,2,1
83529,4,3,292249,292249,292252,0,3,2
83530,2,3,292251,292252,292255,1,4,0
83531,4,1,292255,292255,292256,0,1,0
83532,5,3,292260,292260,292263,0,3,4
83533,1,2,292261,292263,292265,2,4,0
83534,6,2,292267,292267,292269,0,2,2
83535,4,2,292271,292271,292273,0,2,2
83536,2,2,292273,292273,292275,0,2,0
83537,4,1,292277,292277,292278,0,1,2
83538,2,2,292279,292279,292281,0,2,1
83539,5,1,292284,292284,292285,0,1,3
83540,4,1,292288,292288,292289,0,1,3
83541,3,2,292291,292291,292293,0,2,2
83542,2,2,292293,292293,292295,0,2,0
83543,5,3,292298,292298,292301,0,3,3
83544,2,3,292300,292301,292304,1,4,0
83545,6,1,292306,292306,292307,0,1,2
83546,3,1,292309,292309,292310,0,1,2
83547,1,3,292310,292310,292313,0,3,0
83548,1,1,292311,292313,292314,2,3,0
83549,6,1,292317,292317,292318,0,1,3
83550,5,1,292322,292322,292323,0,1,4
83551,1,1,292323,292323,292324,0,1,0
83552,3,3,292326,292326,292329,0,3,2
83553,5,2,292331,292331,292333,0,2,2
83554,6,3,292337,292337,292340,0,3,4
83555,2,2,292339,292340,292342,1,3,0
83556,6,3,292345,292345,292348,0,3,3
83557,5,3,292350,292350,292353,0,3,2
83558,4,3,292354,292354,292357,0,3,1
83559,4,1,292358,292358,292359,0,1,1
83560,3,3,292361,292361,292364,0,3,2
83561,4,3,292365,292365,292368,0,3,1
83562,1,2,292366,292368,292370,2,4,0
83563,3,1,292369,292370,292371,1,2,0
83564,2,1,292371,292371,292372,0,1,0
83565,4,1,292375,292375,292376,0,1,3
83566,2,2,292377,292377,292379,0,2,1
83567,3,1,292380,292380,292381,0,1,1
83568,6,3,292386,292386,292389,0,3,5
83569,2,2,292388,292389,292391,1,3,0
83570,1,1,292389,292391,292392,2,3,0
83571,5,2,292394,292394,292396,0,2,2
83572,4,2,292398,292398,292400,0,2,2
83573,5,1,292403,292403,292404,0,1,3
83574,3,2,292406,292406,292408,0,2,2
83575,1,3,292407,292408,292411,1,4,0
83576,6,3,292413,292413,292416,0,3,2
83577,3,3,292416,292416,292419,0,3,0
83578,2,3,292418,292419,292422,1,4,0
83579,4,2,292422,292422,292424,0,2,0
83580,1,1,292423,292424,292425,1,2,0
83581,5,3,292428,292428,292431,0,3,3
83582,2,2,292430,292431,292433,1,3,0
83583,6,1,292436,292436,292437,0,1,3
83584,2,1,292438,292438,292439,0,1,1
83585,6,3,292444,292444,292447,0,3,5
83586,4,2,292448,292448,292450,0,2,1
83587,6,2,292454,292454,292456,0,2,4
83588,4,2,292458,292458,292460,0,2,2
83589,6,2,292464,292464,292466,0,2,4
83590,6,2,292470,292470,292472,0,2,4
83591,4,2,292474,292474,292476,0,2,2
83592,3,3,292477,292477,292480,0,3,1
83593,2,3,292479,292480,292483,1,4,0
83594,4,1,292483,292483,292484,0,1,0
83595,3,2,292486,292486,292488,0,2,2
83596,4,2,292490,292490,292492,0,2,2
83597,4,2,292494,292494,292496,0,2,2
83598,2,1,292496,292496,292497,0,1,0
83599,6,1,292502,292502,292503,0,1,5
83600,2,2,292504,292504,292506,0,2,1
83601,3,2,292507,292507,292509,0,2,1
83602,4,2,292511,292511,292513,0,2,2
83603,4,2,292515,292515,292517,0,2,2
83604,4,3,292519,292519,292522,0,3,2
83605,5,3,292524,292524,292527,0,3,2
83606,6,1,292530,292530,292531,0,1,3
83607,6,3,292536,292536,292539,0,3,5
83608,5,1,292541,292541,292542,0,1,2
83609,3,1,292544,292544,292545,0,1,2
83610,4,3,292548,292548,292551,0,3,3
83611,6,3,292554,292554,292557,0,3,3
83612,6,1,292560,292560,292561,0,1,3
83613,4,2,292564,292564,292566,0,2,3
83614,3,3,292567,292567,292570,0,3,1
83615,3,3,292570,292570,292573,0,3,0
83616,6,3,292576,292576,292579,0,3,3
83617,6,2,292582,292582,292584,0,2,3
83618,1,1,292583,292584,292585,1,2,0
83619,2,3,292585,292585,292588,0,3,0
83620,6,3,292591,292591,292594,0,3,3
83621,4,1,292595,292595,292596,0,1,1
83622,6,2,292601,292601,292603,0,2,5
83623,5,1,292606,292606,292607,0,1,3
83624,4,3,292610,292610,292613,0,3,3
83625,3,3,292613,292613,292616,0,3,0
83626,2,3,292615,292616,292619,1,4,0
83627,2,1,292617,292619,292620,2,3,0
83628,1,3,292618,292620,292623,2,5,0
83629,3,2,292621,292623,292625,2,4,0
83630,4,2,292625,292625,292627,0,2,0
83631,1,2,292626,292627,292629,1,3,0
83632,3,1,292629,292629,292630,0,1,0
83633,5,1,292634,292634,292635,0,1,4
83634,6,2,292640,292640,292642,0,2,5
83635,3,3,292643,292643,292646,0,3,1
83636,3,3,292646,292646,292649,0,3,0
83637,2,2,292648,292649,292651,1,3,0
83638,2,1,292650,292651,292652,1,2,0
83639,2,1,292652,292652,292653,0,1,0
83640,6,3,292658,292658,292661,0,3,5
83641,6,3,292664,292664,292667,0,3,3
83642,6,3,292670,292670,292673,0,3,3
83643,6,2,292676,292676,292678,0,2,3
83644,4,2,292680,292680,292682,0,2,2
83645,2,1,292682,292682,292683,0,1,0
83646,6,1,292688,292688,292689,0,1,5
83647,1,1,292689,292689,292690,0,1,0
83648,2,1,292691,292691,292692,0,1,1
83649,6,3,292697,292697,292700,0,3,5
83650,2,1,292699,292700,292701,1,2,0
83651,2,2,292701,292701,292703,0,2,0
83652,6,3,292707,292707,292710,0,3,4
83653,4,3,292711,292711,292714,0,3,1
83654,2,2,292713,292714,292716,1,3,0
83655,5,2,292718,292718,292720,0,2,2
83656,1,3,292719,292720,292723,1,4,0
83657,2,2,292721,292723,292725,2,4,0
83658,6,3,292727,292727,292730,0,3,2
83659,4,2,292731,292731,292733,0,2,1
83660,5,1,292736,292736,292737,0,1,3
83661,1,2,292737,292737,292739,0,2,0
83662,5,1,292742,292742,292743,0,1,3
83663,1,1,292743,292743,292744,0,1,0
83664,5,1,292748,292748,292749,0,1,4
83665,3,3,292751,292751,292754,0,3,2
83666,1,3,292752,292754,292757,2,5,0
83667,2,2,292754,292757,292759,3,5,0
83668,4,2,292758,292759,292761,1,3,0
83669,5,1,292763,292763,292764,0,1,2
83670,4,2,292767,292767,292769,0,2,3
83671,1,3,292768,292769,292772,1,4,0
83672,5,1,292773,292773,292774,0,1,1
83673,1,2,292774,292774,292776,0,2,0
83674,6,2,292780,292780,292782,0,2,4
83675,2,3,292782,292782,292785,0,3,0
83676,6,1,292788,292788,292789,0,1,3
83677,4,1,292792,292792,292793,0,1,3
83678,4,2,292796,292796,292798,0,2,3
83679,5,2,292801,292801,292803,0,2,3
83680,4,1,292805,292805,292806,0,1,2
83681,1,3,292806,292806,292809,0,3,0
83682,3,3,292809,292809,292812,0,3,0
83683,4,2,292813,292813,292815,0,2,1
83684,4,2,292817,292817,292819,0,2,2
83685,4,3,292821,292821,292824,0,3,2
83686,5,2,292826,292826,292828,0,2,2
83687,1,1,292827,292828,292829,1,2,0
83688,6,3,292833,292833,292836,0,3,4
83689,4,1,292837,292837,292838,0,1,1
83690,6,2,292843,292843,292845,0,2,5
83691,5,2,292848,292848,292850,0,2,3
83692,1,2,292849,292850,292852,1,3,0
83693,2,2,292851,292852,292854,1,3,0
83694,4,2,292855,292855,292857,0,2,1
83695,4,3,292859,292859,292862,0,3,2
83696,2,3,292861,292862,292865,1,4,0
83697,1,1,292862,292865,292866,3,4,0
83698,5,2,292867,292867,292869,0,2,1
83699,4,2,292871,292871,292873,0,2,2
83700,2,2,292873,292873,292875,0,2,0
83701,6,1,292879,292879,292880,0,1,4
83702,5,3,292884,292884,292887,0,3,4
83703,5,3,292889,292889,292892,0,3,2
83704,5,3,292894,292894,292897,0,3,2
83705,2,3,292896,292897,292900,1,4,0
83706,2,1,292898,292900,292901,2,3,0
83707,1,1,292899,292901,292902,2,3,0
83708,5,1,292904,292904,292905,0,1,2
83709,4,3,292908,292908,292911,0,3,3
83710,6,2,292914,292914,292916,0,2,3
83711,3,2,292917,292917,292919,0,2,1
83712,4,3,292921,292921,292924,0,3,2
83713,4,1,292925,292925,292926,0,1,1
83714,4,3,292929,292929,292932,0,3,3
83715,5,1,292934,292934,292935,0,1,2
83716,2,1,292936,292936,292937,0,1,1
83717,6,2,292942,292942,292944,0,2,5
83718,5,1,292947,292947,292948,0,1,3
83719,4,3,292951,292951,292954,0,3,3
83720,3,3,292954,292954,292957,0,3,0
83721,6,1,292960,292960,292961,0,1,3
83722,5,2,292965,292965,292967,0,2,4
83723,3,2,292968,292968,292970,0,2,1
83724,4,3,292972,292972,292975,0,3,2
83725,5,3,292977,292977,292980,0,3,2
83726,3,3,292980,292980,292983,0,3,0
83727,3,1,292983,292983,292984,0,1,0
83728,2,2,292985,292985,292987,0,2,1
83729,6,3,292991,292991,292994,0,3,4
83730,4,2,292995,292995,292997,0,2,1
83731,5,3,293000,293000,293003,0,3,3
83732,3,2,293003,293003,293005,0,2,0
83733,4,2,293007,293007,293009,0,2,2
83734,4,1,293011,293011,293012,0,1,2
83735,5,1,293016,293016,293017,0,1,4
83736,4,3,293020,293020,293023,0,3,3
83737,1,1,293021,293023,293024,2,3,0
83738,2,2,293023,293024,293026,1,3,0
83739,5,2,293028,293028,293030,0,2,2
83740,2,2,293030,293030,293032,0,2,0
83741,5,1,293035,293035,293036,0,1,3
83742,6,1,293041,293041,293042,0,1,5
83743,5,2,293046,293046,293048,0,2,4
83744,2,1,293048,293048,293049,0,1,0
83745,2,3,293050,293050,293053,0,3,1
83746,6,3,293056,293056,293059,0,3,3
83747,2,2,293058,293059,293061,1,3,0
83748,3,1,293061,293061,293062,0,1,0
83749,3,3,293064,293064,293067,0,3,2
83750,1,3,293065,293067,293070,2,5,0
83751,5,1,293070,293070,293071,0,1,0
83752,4,1,293074,293074,293075,0,1,3
83753,4,3,293078,293078,293081,0,3,3
83754,5,1,293083,293083,293084,0,1,2
83755,2,2,293085,293085,293087,0,2,1
83756,2,2,293087,293087,293089,0,2,0
83757,3,1,293090,293090,293091,0,1,1
83758,3,1,293093,293093,293094,0,1,2
83759,6,3,293099,293099,293102,0,3,5
83760,1,2,293100,293102,293104,2,4,0
83761,1,1,293101,293104,293105,3,4,0
83762,2,3,293103,293105,293108,2,5,0
83763,1,3,293104,293108,293111,4,7,0
83764,3,1,293107,293111,293112,4,5,0
83765,5,2,293112,293112,293114,0,2,0
83766,4,1,293116,293116,293117,0,1,2
83767,1,3,293117,293117,293120,0,3,0
83768,3,2,293120,293120,293122,0,2,0
83769,5,2,293125,293125,293127,0,2,3
83770,1,3,293126,293127,293130,1,4,0
83771,2,1,293128,293130,293131,2,3,0
83772,6,1,293134,293134,293135,0,1,3
83773,2,3,293136,293136,293139,0,3,1
83774,6,1,293142,293142,293143,0,1,3
83775,6,1,293148,293148,293149,0,1,5
83776,6,2,293154,293154,293156,0,2,5
83777,4,2,293158,293158,293160,0,2,2
83778,3,1,293161,293161,293162,0,1,1
83779,6,1,293167,293167,293168,0,1,5
83780,3,3,293170,293170,293173,0,3,2
83781,3,1,293173,293173,293174,0,1,0
83782,3,2,293176,293176,293178,0,2,2
83783,1,3,293177,293178,293181,1,4,0
83784,1,2,293178,293181,293183,3,5,0
83785,1,2,293179,293183,293185,4,6,0
83786,1,3,293180,293185,293188,5,8,0
83787,1,1,293181,293188,293189,7,8,0
83788,6,2,293187,293189,293191,2,4,0
83789,2,3,293189,293191,293194,2,5,0
83790,5,2,293194,293194,293196,0,2,0
83791,1,3,293195,293196,293199,1,4,0
83792,6,3,293201,293201,293204,0,3,2
83793,1,3,293202,293204,293207,2,5,0
83794,6,2,293208,293208,293210,0,2,1
83795,6,1,293214,293214,293215,0,1,4
83796,3,2,293217,293217,293219,0,2,2
83797,1,1,293218,293219,293220,1,2,0
83798,4,1,293222,293222,293223,0,1,2
83799,1,3,293223,293223,293226,0,3,0
83800,6,2,293229,293229,293231,0,2,3
83801,3,1,293232,293232,293233,0,1,1
83802,2,1,293234,293234,293235,0,1,1
83803,1,2,293235,293235,293237,0,2,0
83804,3,3,293238,293238,293241,0,3,1
83805,1,1,293239,293241,293242,2,3,0
83806,2,1,293241,293242,293243,1,2,0
83807,4,3,293245,293245,293248,0,3,2
83808,6,3,293251,293251,293254,0,3,3
83809,3,3,293254,293254,293257,0,3,0
83810,6,2,293260,293260,293262,0,2,3
83811,6,3,293266,293266,293269,0,3,4
83812,6,3,293272,293272,293275,0,3,3
83813,1,3,293273,293275,293278,2,5,0
83814,2,2,293275,293278,293280,3,5,0
83815,4,3,293279,293280,293283,1,4,0
83816,4,2,293283,293283,293285,0,2,0
83817,5,1,293288,293288,293289,0,1,3
83818,3,1,293291,293291,293292,0,1,2
83819,4,1,293295,293295,293296,0,1,3
83820,3,1,293298,293298,293299,0,1,2
83821,1,2,293299,293299,293301,0,2,0
83822,5,1,293304,293304,293305,0,1,3
83823,6,3,293310,293310,293313,0,3,5
83824,2,1,293312,293313,293314,1,2,0
83825,6,3,293318,293318,293321,0,3,4
83826,2,1,293320,293321,293322,1,2,0
83827,6,3,293326,293326,293329,0,3,4
83828,5,1,293331,293331,293332,0,1,2
83829,3,3,293334,293334,293337,0,3,2
83830,4,2,293338,293338,293340,0,2,1
83831,2,3,293340,293340,293343,0,3,0
83832,1,2,293341,293343,293345,2,4,0
83833,5,1,293346,293346,293347,0,1,1
83834,1,1,293347,293347,293348,0,1,0
83835,1,2,293348,293348,293350,0,2,0
83836,4,2,293352,293352,293354,0,2,2
83837,3,1,293355,293355,293356,0,1,1
83838,6,2,293361,293361,293363,0,2,5
83839,2,3,293363,293363,293366,0,3,0
83840,6,1,293369,293369,293370,0,1,3
83841,6,1,293375,293375,293376,0,1,5
83842,4,1,293379,293379,293380,0,1,3
83843,2,2,293381,293381,293383,0,2,1
83844,2,2,293383,293383,293385,0,2,0
83845,1,2,293384,293385,293387,1,3,0
83846,6,2,293390,293390,293392,0,2,3
83847,2,3,293392,293392,293395,0,3,0
83848,5,3,293397,293397,293400,0,3,2
83849,2,2,293399,293400,293402,1,3,0
83850,1,2,293400,293402,293404,2,4,0
83851,2,3,293402,293404,293407,2,5,0
83852,3,1,293405,293407,293408,2,3,0
83853,4,3,293409,293409,293412,0,3,1
83854,2,3,293411,293412,293415,1,4,0
83855,4,1,293415,293415,293416,0,1,0
83856,4,2,293419,293419,293421,0,2,3
83857,6,2,293425,293425,293427,0,2,4
83858,5,2,293430,293430,293432,0,2,3
83859,5,3,293435,293435,293438,0,3,3
83860,3,1,293438,293438,293439,0,1,0
83861,3,1,293441,293441,293442,0,1,2
83862,3,2,293444,293444,293446,0,2,2
83863,2,1,293446,293446,293447,0,1,0
83864,1,2,293447,293447,293449,0,2,0
83865,4,1,293451,293451,293452,0,1,2
83866,6,1,293457,293457,293458,0,1,5
83867,6,2,293463,293463,293465,0,2,5
83868,3,2,293466,293466,293468,0,2,1
83869,1,1,293467,293468,293469,1,2,0
83870,2,2,293469,293469,293471,0,2,0
83871,5,2,293474,293474,293476,0,2,3
83872,1,1,293475,293476,293477,1,2,0
83873,3,1,293478,293478,293479,0,1,1
83874,1,1,293479,293479,293480,0,1,0
83875,6,1,293485,293485,293486,0,1,5
83876,2,3,293487,293487,293490,0,3,1
83877,1,3,293488,293490,293493,2,5,0
83878,2,3,293490,293493,293496,3,6,0
83879,4,1,293494,293496,293497,2,3,0
83880,6,3,293500,293500,293503,0,3,3
83881,5,1,293505,293505,293506,0,1,2
83882,5,2,293510,293510,293512,0,2,4
83883,6,1,293516,293516,293517,0,1,4
83884,6,2,293522,293522,293524,0,2,5
83885,5,1,293527,293527,293528,0,1,3
83886,1,1,293528,293528,293529,0,1,0
83887,5,3,293533,293533,293536,0,3,4
83888,1,2,293534,293536,293538,2,4,0
83889,4,1,293538,293538,293539,0,1,0
83890,3,1,293541,293541,293542,0,1,2
83891,3,3,293544,293544,293547,0,3,2
83892,4,3,293548,293548,293551,0,3,1
83893,4,2,293552,293552,293554,0,2,1
83894,2,3,293554,293554,293557,0,3,0
83895,1,3,293555,293557,293560,2,5,0
83896,1,1,293556,293560,293561,4,5,0
83897,1,2,293557,293561,293563,4,6,0
83898,3,1,293560,293563,293564,3,4,0
83899,4,2,293564,293564,293566,0,2,0
83900,5,2,293569,293569,293571,0,2,3
83901,5,3,293574,293574,293577,0,3,3
83902,6,1,293580,293580,293581,0,1,3
83903,4,2,293584,293584,293586,0,2,3
83904,2,1,293586,293586,293587,0,1,0
83905,1,2,293587,293587,293589,0,2,0
83906,2,2,293589,293589,293591,0,2,0
83907,6,3,293595,293595,293598,0,3,4
83908,6,1,293601,293601,293602,0,1,3
83909,2,1,293603,293603,293604,0,1,1
83910,6,3,293609,293609,293612,0,3,5
83911,4,2,293613,293613,293615,0,2,1
83912,1,1,293614,293615,293616,1,2,0
83913,6,2,293620,293620,293622,0,2,4
83914,1,2,293621,293622,293624,1,3,0
83915,3,1,293624,293624,293625,0,1,0
83916,1,2,293625,293625,293627,0,2,0
83917,4,3,293629,293629,293632,0,3,2
83918,2,3,293631,293632,293635,1,4,0
83919,1,2,293632,293635,293637,3,5,0
83920,2,2,293634,293637,293639,3,5,0
83921,6,3,293640,293640,293643,0,3,1
83922,4,1,293644,293644,293645,0,1,1
83923,6,2,293650,293650,293652,0,2,5
83924,3,1,293653,293653,293654,0,1,1
83925,6,3,293659,293659,293662,0,3,5
83926,1,3,293660,293662,293665,2,5,0
83927,4,1,293664,293665,293666,1,2,0
83928,2,2,293666,293666,293668,0,2,0
83929,3,1,293669,293669,293670,0,1,1
83930,3,3,293672,293672,293675,0,3,2
83931,6,2,293678,293678,293680,0,2,3
83932,1,3,293679,293680,293683,1,4,0
83933,3,1,293682,293683,293684,1,2,0
83934,1,1,293683,293684,293685,1,2,0
83935,4,1,293687,293687,293688,0,1,2
83936,3,1,293690,293690,293691,0,1,2
83937,5,3,293695,293695,293698,0,3,4
83938,6,2,293701,293701,293703,0,2,3
83939,5,2,293706,293706,293708,0,2,3
83940,2,3,293708,293708,293711,0,3,0
83941,4,2,293712,293712,293714,0,2,1
83942,4,3,293716,293716,293719,0,3,2
83943,3,1,293719,293719,293720,0,1,0
83944,2,1,293721,293721,293722,0,1,1
83945,5,2,293726,293726,293728,0,2,4
83946,4,3,293730,293730,293733,0,3,2
83947,1,2,293731,293733,293735,2,4,0
83948,3,3,293734,293735,293738,1,4,0
83949,2,2,293736,293738,293740,2,4,0
83950,1,3,293737,293740,293743,3,6,0
83951,3,2,293740,293743,293745,3,5,0
83952,2,2,293742,293745,293747,3,5,0
83953,4,2,293746,293747,293749,1,3,0
83954,6,2,293752,293752,293754,0,2,3
83955,2,2,293754,293754,293756,0,2,0
83956,4,2,293758,293758,293760,0,2,2
83957,2,2,293760,293760,293762,0,2,0
83958,3,1,293763,293763,293764,0,1,1
83959,4,3,293767,293767,293770,0,3,3
83960,4,1,293771,293771,293772,0,1,1
83961,2,3,293773,293773,293776,0,3,1
83962,4,2,293777,293777,293779,0,2,1
83963,4,3,293781,293781,293784,0,3,2
83964,5,1,293786,293786,293787,0,1,2
83965,1,1,293787,293787,293788,0,1,0
83966,1,3,293788,293788,293791,0,3,0
83967,4,2,293792,293792,293794,0,2,1
83968,6,2,293798,293798,293800,0,2,4
83969,6,3,293804,293804,293807,0,3,4
83970,2,2,293806,293807,293809,1,3,0
83971,5,3,293811,293811,293814,0,3,2
83972,5,1,293816,293816,293817,0,1,2
83973,3,2,293819,293819,293821,0,2,2
83974,2,3,293821,293821,293824,0,3,0
83975,6,1,293827,293827,293828,0,1,3
83976,2,1,293829,293829,293830,0,1,1
83977,4,3,293833,293833,293836,0,3,3
83978,6,1,293839,293839,293840,0,1,3
83979,2,3,293841,293841,293844,0,3,1
83980,4,2,293845,293845,293847,0,2,1
83981,5,3,293850,293850,293853,0,3,3
83982,3,3,293853,293853,293856,0,3,0
83983,1,3,293854,293856,293859,2,5,0
83984,2,3,293856,293859,293862,3,6,0
83985,5,1,293861,293862,293863,1,2,0
83986,5,2,293866,293866,293868,0,2,3
83987,3,3,293869,293869,293872,0,3,1
83988,1,2,293870,293872,293874,2,4,0
83989,1,2,293871,293874,293876,3,5,0
83990,5,3,293876,293876,293879,0,3,0
83991,5,1,293881,293881,293882,0,1,2
83992,5,3,293886,293886,293889,0,3,4
83993,5,1,293891,293891,293892,0,1,2
83994,5,1,293896,293896,293897,0,1,4
83995,2,2,293898,293898,293900,0,2,1
83996,4,1,293902,293902,293903,0,1,2
83997,4,1,293906,293906,293907,0,1,3
83998,4,1,293910,293910,293911,0,1,3
83999,3,3,293913,293913,293916,0,3,2
84000,6,3,293919,293919,293922,0,3,3
84001,5,3,293924,293924,293927,0,3,2
84002,4,1,293928,293928,293929,0,1,1
84003,4,2,293932,293932,293934,0,2,3
84004,6,2,293938,293938,293940,0,2,4
84005,3,3,293941,293941,293944,0,3,1
84006,3,2,293944,293944,293946,0,2,0
84007,2,2,293946,293946,293948,0,2,0
84008,6,1,293952,293952,293953,0,1,4
84009,2,2,293954,293954,293956,0,2,1
84010,2,3,293956,293956,293959,0,3,0
84011,4,3,293960,293960,293963,0,3,1
84012,3,3,293963,293963,293966,0,3,0
84013,2,1,293965,293966,293967,1,2,0
84014,1,1,293966,293967,293968,1,2,0
84015,2,2,293968,293968,293970,0,2,0
84016,5,2,293973,293973,293975,0,2,3
84017,5,3,293978,293978,293981,0,3,3
84018,6,2,293984,293984,293986,0,2,3
84019,3,2,293987,293987,293989,0,2,1
84020,6,1,293993,293993,293994,0,1,4
84021,5,2,293998,293998,294000,0,2,4
84022,4,1,294002,294002,294003,0,1,2
84023,5,1,294007,294007,294008,0,1,4
84024,1,1,294008,294008,294009,0,1,0
84025,4,1,294012,294012,294013,0,1,3
84026,1,3,294013,294013,294016,0,3,0
84027,5,2,294018,294018,294020,0,2,2
84028,6,1,294024,294024,294025,0,1,4
84029,4,3,294028,294028,294031,0,3,3
84030,4,1,294032,294032,294033,0,1,1
84031,4,1,294036,294036,294037,0,1,3
84032,5,2,294041,294041,294043,0,2,4
84033,5,1,294046,294046,294047,0,1,3
84034,4,2,294050,294050,294052,0,2,3
84035,1,3,294051,294052,294055,1,4,0
84036,6,1,294057,294057,294058,0,1,2
84037,3,1,294060,294060,294061,0,1,2
84038,5,1,294065,294065,294066,0,1,4
84039,2,3,294067,294067,294070,0,3,1
84040,5,3,294072,294072,294075,0,3,2
84041,2,3,294074,294075,294078,1,4,0
84042,3,3,294077,294078,294081,1,4,0
84043,6,1,294083,294083,294084,0,1,2
84044,1,2,294084,294084,294086,0,2,0
84045,1,3,294085,294086,294089,1,4,0
84046,2,3,294087,294089,294092,2,5,0
84047,2,2,294089,294092,294094,3,5,0
84048,1,1,294090,294094,294095,4,5,0
84049,5,3,294095,294095,294098,0,3,0
84050,2,1,294097,294098,294099,1,2,0
84051,5,3,294102,294102,294105,0,3,3
84052,4,1,294106,294106,294107,0,1,1
84053,6,2,294112,294112,294114,0,2,5
84054,5,1,294117,294117,294118,0,1,3
84055,2,3,294119,294119,294122,0,3,1
84056,4,1,294123,294123,294124,0,1,1
84057,5,2,294128,294128,294130,0,2,4
84058,3,3,294131,294131,294134,0,3,1
84059,5,3,294136,294136,294139,0,3,2
84060,5,1,294141,294141,294142,0,1,2
84061,1,1,294142,294142,294143,0,1,0
84062,4,3,294146,294146,294149,0,3,3
84063,5,2,294151,294151,294153,0,2,2
84064,1,2,294152,294153,294155,1,3,0
84065,3,2,294155,294155,294157,0,2,0
84066,5,2,294160,294160,294162,0,2,3
84067,4,2,294164,294164,294166,0,2,2
84068,4,3,294168,294168,294171,0,3,2
84069,6,2,294174,294174,294176,0,2,3
84070,1,1,294175,294176,294177,1,2,0
84071,3,2,294178,294178,294180,0,2,1
84072,1,1,294179,294180,294181,1,2,0
84073,6,3,294185,294185,294188,0,3,4
84074,4,1,294189,294189,294190,0,1,1
84075,1,2,294190,294190,294192,0,2,0
84076,6,1,294196,294196,294197,0,1,4
84077,4,3,294200,294200,294203,0,3,3
84078,3,1,294203,294203,294204,0,1,0
84079,4,3,294207,294207,294210,0,3,3
84080,3,1,294210,294210,294211,0,1,0
84081,3,1,294213,294213,294214,0,1,2
84082,3,1,294216,294216,294217,0,1,2
84083,1,2,294217,294217,294219,0,2,0
84084,5,2,294222,294222,294224,0,2,3
84085,4,2,294226,294226,294228,0,2,2
84086,5,1,294231,294231,294232,0,1,3
84087,4,3,294235,294235,294238,0,3,3
84088,2,3,294237,294238,294241,1,4,0
84089,5,1,294242,294242,294243,0,1,1
84090,4,2,294246,294246,294248,0,2,3
84091,2,2,294248,294248,294250,0,2,0
84092,3,1,294251,294251,294252,0,1,1
84093,4,1,294255,294255,294256,0,1,3
84094,2,1,294257,294257,294258,0,1,1
84095,2,1,294259,294259,294260,0,1,1
84096,5,2,294264,294264,294266,0,2,4
84097,6,1,294270,294270,294271,0,1,4
84098,6,2,294276,294276,294278,0,2,5
84099,1,3,294277,294278,294281,1,4,0
84100,5,2,294282,294282,294284,0,2,1
84101,4,1,294286,294286,294287,0,1,2
84102,5,2,294291,294291,294293,0,2,4
84103,1,3,294292,294293,294296,1,4,0
84104,4,1,294296,294296,294297,0,1,0
84105,3,3,294299,294299,294302,0,3,2
84106,5,2,294304,294304,294306,0,2,2
84107,2,3,294306,294306,294309,0,3,0
84108,5,1,294311,294311,294312,0,1,2
84109,3,1,294314,294314,294315,0,1,2
84110,3,3,294317,294317,294320,0,3,2
84111,2,1,294319,294320,294321,1,2,0
84112,1,1,294320,294321,294322,1,2,0
84113,5,3,294325,294325,294328,0,3,3
84114,2,2,294327,294328,294330,1,3,0
84115,2,3,294329,294330,294333,1,4,0
84116,1,1,294330,294333,294334,3,4,0
84117,4,3,294334,294334,294337,0,3,0
84118,5,2,294339,294339,294341,0,2,2
84119,2,3,294341,294341,294344,0,3,0
84120,2,3,294343,294344,294347,1,4,0
84121,1,3,294344,294347,294350,3,6,0
84122,1,2,294345,294350,294352,5,7,0
84123,1,1,294346,294352,294353,6,7,0
84124,2,2,294348,294353,294355,5,7,0
84125,1,2,294349,294355,294357,6,8,0
84126,5,2,294354,294357,294359,3,5,0
84127,3,1,294357,294359,294360,2,3,0
84128,6,2,294363,294363,294365,0,2,3
84129,3,2,294366,294366,294368,0,2,1
84130,6,2,294372,294372,294374,0,2,4
84131,4,2,294376,294376,294378,0,2,2
84132,2,3,294378,294378,294381,0,3,0
84133,1,2,294379,294381,294383,2,4,0
84134,4,1,294383,294383,294384,0,1,0
84135,1,1,294384,294384,294385,0,1,0
84136,5,3,294389,294389,294392,0,3,4
84137,4,3,294393,294393,294396,0,3,1
84138,6,3,294399,294399,294402,0,3,3
84139,1,2,294400,294402,294404,2,4,0
84140,3,2,294403,294404,294406,1,3,0
84141,1,2,294404,294406,294408,2,4,0
84142,5,2,294409,294409,294411,0,2,1
84143,3,1,294412,294412,294413,0,1,1
84144,1,2,294413,294413,294415,0,2,0
84145,2,2,294415,294415,294417,0,2,0
84146,3,2,294418,294418,294420,0,2,1
84147,2,3,294420,294420,294423,0,3,0
84148,5,1,294425,294425,294426,0,1,2
84149,5,1,294430,294430,294431,0,1,4
84150,6,1,294436,294436,294437,0,1,5
84151,4,1,294440,294440,294441,0,1,3
84152,3,3,294443,294443,294446,0,3,2
84153,1,1,294444,294446,294447,2,3,0
84154,3,1,294447,294447,294448,0,1,0
84155,4,2,294451,294451,294453,0,2,3
84156,1,2,294452,294453,294455,1,3,0
84157,6,3,294458,294458,294461,0,3,3
84158,3,2,294461,294461,294463,0,2,0
84159,4,3,294465,294465,294468,0,3,2
84160,4,2,294469,294469,294471,0,2,1
84161,1,1,294470,294471,294472,1,2,0
84162,6,1,294476,294476,294477,0,1,4
84163,4,2,294480,294480,294482,0,2,3
84164,4,3,294484,294484,294487,0,3,2
84165,6,3,294490,294490,294493,0,3,3
84166,2,1,294492,294493,294494,1,2,0
84167,4,1,294496,294496,294497,0,1,2
84168,2,2,294498,294498,294500,0,2,1
84169,1,3,294499,294500,294503,1,4,0
84170,5,3,294504,294504,294507,0,3,1
84171,4,3,294508,294508,294511,0,3,1
84172,1,2,294509,294511,294513,2,4,0
84173,6,2,294515,294515,294517,0,2,2
84174,3,1,294518,294518,294519,0,1,1
84175,1,2,294519,294519,294521,0,2,0
84176,3,2,294522,294522,294524,0,2,1
84177,4,2,294526,294526,294528,0,2,2
84178,6,1,294532,294532,294533,0,1,4
84179,1,2,294533,294533,294535,0,2,0
84180,6,3,294539,294539,294542,0,3,4
84181,1,1,294540,294542,294543,2,3,0
84182,3,3,294543,294543,294546,0,3,0
84183,4,1,294547,294547,294548,0,1,1
84184,6,1,294553,294553,294554,0,1,5
84185,4,2,294557,294557,294559,0,2,3
84186,6,1,294563,294563,294564,0,1,4
84187,5,3,294568,294568,294571,0,3,4
84188,3,3,294571,294571,294574,0,3,0
84189,2,2,294573,294574,294576,1,3,0
84190,3,3,294576,294576,294579,0,3,0
84191,3,3,294579,294579,294582,0,3,0
84192,1,2,294580,294582,294584,2,4,0
84193,3,3,294583,294584,294587,1,4,0
84194,5,3,294588,294588,294591,0,3,1
84195,2,3,294590,294591,294594,1,4,0
84196,1,1,294591,294594,294595,3,4,0
84197,4,2,294595,294595,294597,0,2,0
84198,5,2,294600,294600,294602,0,2,3
84199,5,1,294605,294605,294606,0,1,3
84200,4,3,294609,294609,294612,0,3,3
84201,6,1,294615,294615,294616,0,1,3
84202,6,3,294621,294621,294624,0,3,5
84203,3,1,294624,294624,294625,0,1,0
84204,4,3,294628,294628,294631,0,3,3
84205,6,3,294634,294634,294637,0,3,3
84206,5,3,294639,294639,294642,0,3,2
84207,2,1,294641,294642,294643,1,2,0
84208,1,3,294642,294643,294646,1,4,0
84209,6,2,294648,294648,294650,0,2,2
84210,1,3,294649,294650,294653,1,4,0
84211,6,1,294655,294655,294656,0,1,2
84212,1,1,294656,294656,294657,0,1,0
84213,2,2,294658,294658,294660,0,2,1
84214,2,1,294660,294660,294661,0,1,0
84215,2,1,294662,294662,294663,0,1,1
84216,3,2,294665,294665,294667,0,2,2
84217,3,1,294668,294668,294669,0,1,1
84218,1,3,294669,294669,294672,0,3,0
84219,3,2,294672,294672,294674,0,2,0
84220,5,1,294677,294677,294678,0,1,3
84221,1,3,294678,294678,294681,0,3,0
84222,3,3,294681,294681,294684,0,3,0
84223,4,3,294685,294685,294688,0,3,1
84224,1,1,294686,294688,294689,2,3,0
84225,1,2,294687,294689,294691,2,4,0
84226,5,1,294692,294692,294693,0,1,1
84227,3,2,294695,294695,294697,0,2,2
84228,3,1,294698,294698,294699,0,1,1
84229,2,3,294700,294700,294703,0,3,1
84230,1,1,294701,294703,294704,2,3,0
84231,5,3,294706,294706,294709,0,3,2
84232,2,2,294708,294709,294711,1,3,0
84233,2,2,294710,294711,294713,1,3,0
84234,4,2,294714,294714,294716,0,2,1
84235,4,2,294718,294718,294720,0,2,2
84236,6,1,294724,294724,294725,0,1,4
84237,6,3,294730,294730,294733,0,3,5
84238,4,2,294734,294734,294736,0,2,1
84239,5,3,294739,294739,294742,0,3,3
84240,5,1,294744,294744,294745,0,1,2
84241,5,2,294749,294749,294751,0,2,4
84242,4,2,294753,294753,294755,0,2,2
84243,6,1,294759,294759,294760,0,1,4
84244,3,2,294762,294762,294764,0,2,2
84245,5,2,294767,294767,294769,0,2,3
84246,4,3,294771,294771,294774,0,3,2
84247,2,2,294773,294774,294776,1,3,0
84248,2,2,294775,294776,294778,1,3,0
84249,1,3,294776,294778,294781,2,5,0
84250,5,3,294781,294781,294784,0,3,0
84251,4,2,294785,294785,294787,0,2,1
84252,1,2,294786,294787,294789,1,3,0
84253,3,2,294789,294789,294791,0,2,0
84254,5,2,294794,294794,294796,0,2,3
84255,1,1,294795,294796,294797,1,2,0
84256,4,1,294799,294799,294800,0,1,2
84257,6,3,294805,294805,294808,0,3,5
84258,2,3,294807,294808,294811,1,4,0
84259,1,1,294808,294811,294812,3,4,0
84260,4,3,294812,294812,294815,0,3,0
84261,5,3,294817,294817,294820,0,3,2
84262,1,3,294818,294820,294823,2,5,0
84263,5,2,294823,294823,294825,0,2,0
84264,2,2,294825,294825,294827,0,2,0
84265,2,2,294827,294827,294829,0,2,0
84266,3,3,294830,294830,294833,0,3,1
84267,6,1,294836,294836,294837,0,1,3
84268,2,2,294838,294838,294840,0,2,1
84269,6,3,294844,294844,294847,0,3,4
84270,1,3,294845,294847,294850,2,5,0
84271,1,2,294846,294850,294852,4,6,0
84272,6,2,294852,294852,294854,0,2,0
84273,5,1,294857,294857,294858,0,1,3
84274,6,2,294863,294863,294865,0,2,5
84275,5,3,294868,294868,294871,0,3,3
84276,6,3,294874,294874,294877,0,3,3
84277,4,3,294878,294878,294881,0,3,1
84278,4,3,294882,294882,294885,0,3,1
84279,3,1,294885,294885,294886,0,1,0
84280,4,3,294889,294889,294892,0,3,3
84281,1,3,294890,294892,294895,2,5,0
84282,2,2,294892,294895,294897,3,5,0
84283,2,3,294894,294897,294900,3,6,0
84284,1,3,294895,294900,294903,5,8,0
84285,2,1,294897,294903,294904,6,7,0
84286,5,3,294902,294904,294907,2,5,0
84287,1,2,294903,294907,294909,4,6,0
84288,6,1,294909,294909,294910,0,1,0
84289,1,1,294910,294910,294911,0,1,0
84290,6,1,294916,294916,294917,0,1,5
84291,4,1,294920,294920,294921,0,1,3
84292,1,3,294921,294921,294924,0,3,0
84293,2,2,294923,294924,294926,1,3,0
84294,1,1,294924,294926,294927,2,3,0
84295,1,2,294925,294927,294929,2,4,0
84296,4,3,294929,294929,294932,0,3,0
84297,6,3,294935,294935,294938,0,3,3
84298,5,2,294940,294940,294942,0,2,2
84299,4,3,294944,294944,294947,0,3,2
84300,5,2,294949,294949,294951,0,2,2
84301,1,3,294950,294951,294954,1,4,0
84302,4,2,294954,294954,294956,0,2,0
84303,4,3,294958,294958,294961,0,3,2
84304,6,3,294964,294964,294967,0,3,3
84305,6,1,294970,294970,294971,0,1,3
84306,3,2,294973,294973,294975,0,2,2
84307,4,2,294977,294977,294979,0,2,2
84308,2,2,294979,294979,294981,0,2,0
84309,3,3,294982,294982,294985,0,3,1
84310,6,3,294988,294988,294991,0,3,3
84311,3,3,294991,294991,294994,0,3,0
84312,5,3,294996,294996,294999,0,3,2
84313,6,2,295002,295002,295004,0,2,3
84314,1,2,295003,295004,295006,1,3,0
84315,4,3,295007,295007,295010,0,3,1
84316,6,1,295013,295013,295014,0,1,3
84317,5,1,295018,295018,295019,0,1,4
84318,4,3,295022,295022,295025,0,3,3
84319,6,3,295028,295028,295031,0,3,3
84320,4,2,295032,295032,295034,0,2,1
84321,5,3,295037,295037,295040,0,3,3
84322,4,3,295041,295041,295044,0,3,1
84323,1,2,295042,295044,295046,2,4,0
84324,3,3,295045,295046,295049,1,4,0
84325,6,1,295051,295051,295052,0,1,2
84326,4,1,295055,295055,295056,0,1,3
84327,3,3,295058,295058,295061,0,3,2
84328,3,1,295061,295061,295062,0,1,0
84329,3,1,295064,295064,295065,0,1,2
84330,3,1,295067,295067,295068,0,1,2
84331,6,2,295073,295073,295075,0,2,5
84332,2,3,295075,295075,295078,0,3,0
84333,3,3,295078,295078,295081,0,3,0
84334,2,1,295080,295081,295082,1,2,0
84335,5,1,295085,295085,295086,0,1,3
84336,1,3,295086,295086,295089,0,3,0
84337,6,3,295092,295092,295095,0,3,3
84338,2,1,295094,295095,295096,1,2,0
84339,3,1,295097,295097,295098,0,1,1
84340,1,2,295098,295098,295100,0,2,0
84341,3,3,295101,295101,295104,0,3,1
84342,2,2,295103,295104,295106,1,3,0
84343,4,3,295107,295107,295110,0,3,1
84344,3,2,295110,295110,295112,0,2,0
84345,4,3,295114,295114,295117,0,3,2
84346,3,1,295117,295117,295118,0,1,0
84347,4,1,295121,295121,295122,0,1,3
84348,4,2,295125,295125,295127,0,2,3
84349,6,3,295131,295131,295134,0,3,4
84350,4,2,295135,295135,295137,0,2,1
84351,3,1,295138,295138,295139,0,1,1
84352,6,2,295144,295144,295146,0,2,5
84353,2,1,295146,295146,295147,0,1,0
84354,6,2,295152,295152,295154,0,2,5
84355,6,2,295158,295158,295160,0,2,4
84356,1,2,295159,295160,295162,1,3,0
84357,6,3,295165,295165,295168,0,3,3
84358,6,1,295171,295171,295172,0,1,3
84359,2,1,295173,295173,295174,0,1,1
84360,3,1,295176,295176,295177,0,1,2
84361,1,1,295177,295177,295178,0,1,0
84362,6,1,295183,295183,295184,0,1,5
84363,4,1,295187,295187,295188,0,1,3
84364,2,2,295189,295189,295191,0,2,1
84365,4,1,295193,295193,295194,0,1,2
84366,6,1,295199,295199,295200,0,1,5
84367,2,3,295201,295201,295204,0,3,1
84368,2,3,295203,295204,295207,1,4,0
84369,5,3,295208,295208,295211,0,3,1
84370,2,2,295210,295211,295213,1,3,0
84371,6,2,295216,295216,295218,0,2,3
84372,2,3,295218,295218,295221,0,3,0
84373,2,3,295220,295221,295224,1,4,0
84374,2,1,295222,295224,295225,2,3,0
84375,5,1,295227,295227,295228,0,1,2
84376,3,3,295230,295230,295233,0,3,2
84377,4,2,295234,295234,295236,0,2,1
84378,1,2,295235,295236,295238,1,3,0
84379,5,1,295240,295240,295241,0,1,2
84380,2,3,295242,295242,295245,0,3,1
84381,6,3,295248,295248,295251,0,3,3
84382,4,3,295252,295252,295255,0,3,1
84383,4,1,295256,295256,295257,0,1,1
84384,6,3,295262,295262,295265,0,3,5
84385,1,1,295263,295265,295266,2,3,0
84386,5,3,295268,295268,295271,0,3,2
84387,6,2,295274,295274,295276,0,2,3
84388,1,2,295275,295276,295278,1,3,0
84389,1,3,295276,295278,295281,2,5,0
84390,4,3,295280,295281,295284,1,4,0
84391,5,2,295285,295285,295287,0,2,1
84392,2,1,295287,295287,295288,0,1,0
84393,2,2,295289,295289,295291,0,2,1
84394,1,3,295290,295291,295294,1,4,0
84395,1,2,295291,295294,295296,3,5,0
84396,5,3,295296,295296,295299,0,3,0
84397,2,1,295298,295299,295300,1,2,0
84398,6,3,295304,295304,295307,0,3,4
84399,5,1,295309,295309,295310,0,1,2
84400,1,2,295310,295310,295312,0,2,0
84401,1,2,295311,295312,295314,1,3,0
84402,1,1,295312,295314,295315,2,3,0
84403,2,1,295314,295315,295316,1,2,0
84404,5,3,295319,295319,295322,0,3,3
84405,1,2,295320,295322,295324,2,4,0
84406,3,1,295323,295324,295325,1,2,0
84407,6,3,295329,295329,295332,0,3,4
84408,3,3,295332,295332,295335,0,3,0
84409,3,3,295335,295335,295338,0,3,0
84410,5,3,295340,295340,295343,0,3,2
84411,5,2,295345,295345,295347,0,2,2
84412,2,1,295347,295347,295348,0,1,0
84413,2,1,295349,295349,295350,0,1,1
84414,1,1,295350,295350,295351,0,1,0
84415,1,1,295351,295351,295352,0,1,0
84416,6,1,295357,295357,295358,0,1,5
84417,4,1,295361,295361,295362,0,1,3
84418,1,1,295362,295362,295363,0,1,0
84419,3,2,295365,295365,295367,0,2,2
84420,3,3,295368,295368,295371,0,3,1
84421,4,3,295372,295372,295375,0,3,1
84422,5,1,295377,295377,295378,0,1,2
84423,2,1,295379,295379,295380,0,1,1
84424,6,1,295385,295385,295386,0,1,5
84425,5,3,295390,295390,295393,0,3,4
84426,2,2,295392,295393,295395,1,3,0
84427,2,1,295394,295395,295396,1,2,0
84428,5,3,295399,295399,295402,0,3,3
84429,4,3,295403,295403,295406,0,3,1
84430,5,2,295408,295408,295410,0,2,2
84431,3,1,295411,295411,295412,0,1,1
84432,1,1,295412,295412,295413,0,1,0
84433,2,2,295414,295414,295416,0,2,1
84434,3,2,295417,295417,295419,0,2,1
84435,4,1,295421,295421,295422,0,1,2
84436,5,2,295426,295426,295428,0,2,4
84437,5,3,295431,295431,295434,0,3,3
84438,1,3,295432,295434,295437,2,5,0
84439,2,3,295434,295437,295440,3,6,0
84440,5,2,295439,295440,295442,1,3,0
84441,6,3,295445,295445,295448,0,3,3
84442,3,2,295448,295448,295450,0,2,0
84443,4,2,295452,295452,295454,0,2,2
84444,1,3,295453,295454,295457,1,4,0
84445,1,3,295454,295457,295460,3,6,0
84446,1,1,295455,295460,295461,5,6,0
84447,1,1,295456,295461,295462,5,6,0
84448,4,1,295460,295462,295463,2,3,0
84449,4,3,295464,295464,295467,0,3,1
84450,6,3,295470,295470,295473,0,3,3
84451,6,1,295476,295476,295477,0,1,3
84452,4,2,295480,295480,295482,0,2,3
84453,2,2,295482,295482,295484,0,2,0
84454,4,1,295486,295486,295487,0,1,2
84455,2,2,295488,295488,295490,0,2,1
84456,3,2,295491,295491,295493,0,2,1
84457,4,1,295495,295495,295496,0,1,2
84458,2,3,295497,295497,295500,0,3,1
84459,4,1,295501,295501,295502,0,1,1
84460,5,3,295506,295506,295509,0,3,4
84461,5,2,295511,295511,295513,0,2,2
84462,2,3,295513,295513,295516,0,3,0
84463,2,2,295515,295516,295518,1,3,0
84464,5,1,295520,295520,295521,0,1,2
84465,4,1,295524,295524,295525,0,1,3
84466,5,2,295529,295529,295531,0,2,4
84467,2,1,295531,295531,295532,0,1,0
84468,4,3,295535,295535,295538,0,3,3
84469,1,2,295536,295538,295540,2,4,0
84470,2,3,295538,295540,295543,2,5,0
84471,1,3,295539,295543,295546,4,7,0
84472,1,3,295540,295546,295549,6,9,0
84473,2,3,295542,295549,295552,7,10,0
84474,4,1,295546,295552,295553,6,7,0
84475,3,1,295549,295553,295554,4,5,0
84476,4,2,295553,295554,295556,1,3,0
84477,6,3,295559,295559,295562,0,3,3
84478,5,2,295564,295564,295566,0,2,2
84479,4,2,295568,295568,295570,0,2,2
84480,6,3,295574,295574,295577,0,3,4
84481,4,2,295578,295578,295580,0,2,1
84482,3,2,295581,295581,295583,0,2,1
84483,5,3,295586,295586,295589,0,3,3
84484,6,3,295592,295592,295595,0,3,3
84485,1,2,295593,295595,295597,2,4,0
84486,6,1,295599,295599,295600,0,1,2
84487,3,2,295602,295602,295604,0,2,2
84488,4,1,295606,295606,295607,0,1,2
84489,3,1,295609,295609,295610,0,1,2
84490,6,2,295615,295615,295617,0,2,5
84491,2,3,295617,295617,295620,0,3,0
84492,2,3,295619,295620,295623,1,4,0
84493,2,3,295621,295623,295626,2,5,0
84494,1,3,295622,295626,295629,4,7,0
84495,2,3,295624,295629,295632,5,8,0
84496,1,2,295625,295632,295634,7,9,0
84497,1,2,295626,295634,295636,8,10,0
84498,4,3,295630,295636,295639,6,9,0
84499,5,2,295635,295639,295641,4,6,0
84500,4,1,295639,295641,295642,2,3,0
84501,2,2,295641,295642,295644,1,3,0
84502,5,3,295646,295646,295649,0,3,2
84503,4,1,295650,295650,295651,0,1,1
84504,6,2,295656,295656,295658,0,2,5
84505,3,3,295659,295659,295662,0,3,1
84506,6,1,295665,295665,295666,0,1,3
84507,2,3,295667,295667,295670,0,3,1
84508,6,3,295673,295673,295676,0,3,3
84509,6,2,295679,295679,295681,0,2,3
84510,6,2,295685,295685,295687,0,2,4
84511,6,1,295691,295691,295692,0,1,4
84512,3,3,295694,295694,295697,0,3,2
84513,2,1,295696,295697,295698,1,2,0
84514,1,1,295697,295698,295699,1,2,0
84515,1,3,295698,295699,295702,1,4,0
84516,1,3,295699,295702,295705,3,6,0
84517,3,3,295702,295705,295708,3,6,0
84518,4,2,295706,295708,295710,2,4,0
84519,3,3,295709,295710,295713,1,4,0
84520,5,3,295714,295714,295717,0,3,1
84521,2,2,295716,295717,295719,1,3,0
84522,4,3,295720,295720,295723,0,3,1
84523,1,2,295721,295723,295725,2,4,0
84524,3,3,295724,295725,295728,1,4,0
84525,5,3,295729,295729,295732,0,3,1
84526,4,2,295733,295733,295735,0,2,1
84527,1,1,295734,295735,295736,1,2,0
84528,1,3,295735,295736,295739,1,4,0
84529,2,3,295737,295739,295742,2,5,0
84530,4,2,295741,295742,295744,1,3,0
84531,3,3,295744,295744,295747,0,3,0
84532,5,2,295749,295749,295751,0,2,2
84533,1,1,295750,295751,295752,1,2,0
84534,5,2,295755,295755,295757,0,2,3
84535,2,3,295757,295757,295760,0,3,0
84536,6,3,295763,295763,295766,0,3,3
84537,2,1,295765,295766,295767,1,2,0
84538,5,3,295770,295770,295773,0,3,3
84539,5,1,295775,295775,295776,0,1,2
84540,4,1,295779,295779,295780,0,1,3
84541,4,3,295783,295783,295786,0,3,3
84542,4,1,295787,295787,295788,0,1,1
84543,5,3,295792,295792,295795,0,3,4
84544,3,2,295795,295795,295797,0,2,0
84545,4,3,295799,295799,295802,0,3,2
84546,1,1,295800,295802,295803,2,3,0
84547,1,1,295801,295803,295804,2,3,0
84548,6,1,295807,295807,295808,0,1,3
84549,3,2,295810,295810,295812,0,2,2
84550,1,1,295811,295812,295813,1,2,0
84551,1,2,295812,295813,295815,1,3,0
84552,4,2,295816,295816,295818,0,2,1
84553,3,2,295819,295819,295821,0,2,1
84554,6,2,295825,295825,295827,0,2,4
84555,1,3,295826,295827,295830,1,4,0
84556,6,3,295832,295832,295835,0,3,2
84557,4,1,295836,295836,295837,0,1,1
84558,3,3,295839,295839,295842,0,3,2
84559,5,1,295844,295844,295845,0,1,2
84560,4,3,295848,295848,295851,0,3,3
84561,5,2,295853,295853,295855,0,2,2
84562,5,2,295858,295858,295860,0,2,3
84563,5,2,295863,295863,295865,0,2,3
84564,6,3,295869,295869,295872,0,3,4
84565,4,2,295873,295873,295875,0,2,1
84566,2,2,295875,295875,295877,0,2,0
84567,3,3,295878,295878,295881,0,3,1
84568,4,2,295882,295882,295884,0,2,1
84569,3,1,295885,295885,295886,0,1,1
84570,2,3,295887,295887,295890,0,3,1
84571,3,2,295890,295890,295892,0,2,0
84572,1,1,295891,295892,295893,1,2,0
84573,1,2,295892,295893,295895,1,3,0
84574,2,2,295894,295895,295897,1,3,0
84575,5,3,295899,295899,295902,0,3,2
84576,2,3,295901,295902,295905,1,4,0
84577,1,1,295902,295905,295906,3,4,0
84578,1,3,295903,295906,295909,3,6,0
84579,1,1,295904,295909,295910,5,6,0
84580,3,2,295907,295910,295912,3,5,0
84581,2,1,295909,295912,295913,3,4,0
84582,1,2,295910,295913,295915,3,5,0
84583,3,3,295913,295915,295918,2,5,0
84584,6,2,295919,295919,295921,0,2,1
84585,5,2,295924,295924,295926,0,2,3
84586,5,1,295929,295929,295930,0,1,3
84587,4,2,295933,295933,295935,0,2,3
84588,1,1,295934,295935,295936,1,2,0
84589,2,1,295936,295936,295937,0,1,0
84590,3,1,295939,295939,295940,0,1,2
84591,1,2,295940,295940,295942,0,2,0
84592,3,2,295943,295943,295945,0,2,1
84593,4,2,295947,295947,295949,0,2,2
84594,2,3,295949,295949,295952,0,3,0
84595,3,3,295952,295952,295955,0,3,0
84596,6,2,295958,295958,295960,0,2,3
84597,4,3,295962,295962,295965,0,3,2
84598,1,1,295963,295965,295966,2,3,0
84599,3,3,295966,295966,295969,0,3,0
84600,5,1,295971,295971,295972,0,1,2
84601,1,3,295972,295972,295975,0,3,0
84602,2,2,295974,295975,295977,1,3,0
84603,5,3,295979,295979,295982,0,3,2
84604,1,1,295980,295982,295983,2,3,0
84605,5,2,295985,295985,295987,0,2,2
84606,3,1,295988,295988,295989,0,1,1
84607,6,2,295994,295994,295996,0,2,5
84608,5,2,295999,295999,296001,0,2,3
84609,1,1,296000,296001,296002,1,2,0
84610,6,2,296006,296006,296008,0,2,4
84611,6,1,296012,296012,296013,0,1,4
84612,3,3,296015,296015,296018,0,3,2
84613,3,2,296018,296018,296020,0,2,0
84614,2,1,296020,296020,296021,0,1,0
84615,1,2,296021,296021,296023,0,2,0
84616,6,3,296027,296027,296030,0,3,4
84617,5,3,296032,296032,296035,0,3,2
84618,3,2,296035,296035,296037,0,2,0
84619,3,1,296038,296038,296039,0,1,1
84620,4,1,296042,296042,296043,0,1,3
84621,2,1,296044,296044,296045,0,1,1
84622,2,2,296046,296046,296048,0,2,1
84623,4,1,296050,296050,296051,0,1,2
84624,4,3,296054,296054,296057,0,3,3
84625,3,2,296057,296057,296059,0,2,0
84626,1,2,296058,296059,296061,1,3,0
84627,3,1,296061,296061,296062,0,1,0
84628,1,3,296062,296062,296065,0,3,0
84629,1,1,296063,296065,296066,2,3,0
84630,5,1,296068,296068,296069,0,1,2
84631,2,1,296070,296070,296071,0,1,1
84632,4,3,296074,296074,296077,0,3,3
84633,5,3,296079,296079,296082,0,3,2
84634,4,1,296083,296083,296084,0,1,1
84635,5,2,296088,296088,296090,0,2,4
84636,5,3,296093,296093,296096,0,3,3
84637,4,2,296097,296097,296099,0,2,1
84638,1,3,296098,296099,296102,1,4,0
84639,4,3,296102,296102,296105,0,3,0
84640,5,3,296107,296107,296110,0,3,2
84641,4,1,296111,296111,296112,0,1,1
84642,6,3,296117,296117,296120,0,3,5
84643,3,2,296120,296120,296122,0,2,0
84644,1,2,296121,296122,296124,1,3,0
84645,3,3,296124,296124,296127,0,3,0
84646,3,3,296127,296127,296130,0,3,0
84647,2,3,296129,296130,296133,1,4,0
84648,6,1,296135,296135,296136,0,1,2
84649,4,2,296139,296139,296141,0,2,3
84650,3,3,296142,296142,296145,0,3,1
84651,6,1,296148,296148,296149,0,1,3
84652,3,2,296151,296151,296153,0,2,2
84653,6,3,296157,296157,296160,0,3,4
84654,4,3,296161,296161,296164,0,3,1
84655,6,2,296167,296167,296169,0,2,3
84656,4,3,296171,296171,296174,0,3,2
84657,4,3,296175,296175,296178,0,3,1
84658,4,3,296179,296179,296182,0,3,1
84659,5,2,296184,296184,296186,0,2,2
84660,5,1,296189,296189,296190,0,1,3
84661,5,1,296194,296194,296195,0,1,4
84662,5,3,296199,296199,296202,0,3,4
84663,5,1,296204,296204,296205,0,1,2
84664,3,3,296207,296207,296210,0,3,2
84665,3,2,296210,296210,296212,0,2,0
84666,2,2,296212,296212,296214,0,2,0
84667,2,3,296214,296214,296217,0,3,0
84668,4,2,296218,296218,296220,0,2,1
84669,1,2,296219,296220,296222,1,3,0
84670,4,2,296223,296223,296225,0,2,1
84671,4,1,296227,296227,296228,0,1,2
84672,1,3,296228,296228,296231,0,3,0
84673,2,2,296230,296231,296233,1,3,0
84674,4,1,296234,296234,296235,0,1,1
84675,6,3,296240,296240,296243,0,3,5
84676,6,2,296246,296246,296248,0,2,3
84677,1,3,296247,296248,296251,1,4,0
84678,2,2,296249,296251,296253,2,4,0
84679,2,1,296251,296253,296254,2,3,0
84680,3,3,296254,296254,296257,0,3,0
84681,3,2,296257,296257,296259,0,2,0
84682,2,3,296259,296259,296262,0,3,0
84683,1,1,296260,296262,296263,2,3,0
84684,1,3,296261,296263,296266,2,5,0
84685,5,2,296266,296266,296268,0,2,0
84686,6,3,296272,296272,296275,0,3,4
84687,6,1,296278,296278,296279,0,1,3
84688,1,1,296279,296279,296280,0,1,0
84689,1,1,296280,296280,296281,0,1,0
84690,1,1,296281,296281,296282,0,1,0
84691,1,3,296282,296282,296285,0,3,0
84692,2,1,296284,296285,296286,1,2,0
84693,5,1,296289,296289,296290,0,1,3
84694,4,1,296293,296293,296294,0,1,3
84695,5,1,296298,296298,296299,0,1,4
84696,3,1,296301,296301,296302,0,1,2
84697,6,2,296307,296307,296309,0,2,5
84698,5,3,296312,296312,296315,0,3,3
84699,5,1,296317,296317,296318,0,1,2
84700,4,2,296321,296321,296323,0,2,3
84701,1,1,296322,296323,296324,1,2,0
84702,2,2,296324,296324,296326,0,2,0
84703,5,1,296329,296329,296330,0,1,3
84704,6,1,296335,296335,296336,0,1,5
84705,5,2,296340,296340,296342,0,2,4
84706,4,1,296344,296344,296345,0,1,2
84707,5,1,296349,296349,296350,0,1,4
84708,2,2,296351,296351,296353,0,2,1
84709,2,3,296353,296353,296356,0,3,0
84710,5,1,296358,296358,296359,0,1,2
84711,6,3,296364,296364,296367,0,3,5
84712,4,2,296368,296368,296370,0,2,1
84713,3,1,296371,296371,296372,0,1,1
84714,4,3,296375,296375,296378,0,3,3
84715,2,3,296377,296378,296381,1,4,0
84716,5,2,296382,296382,296384,0,2,1
84717,4,3,296386,296386,296389,0,3,2
84718,3,2,296389,296389,296391,0,2,0
84719,6,1,296395,296395,296396,0,1,4
84720,3,3,296398,296398,296401,0,3,2
84721,6,3,296404,296404,296407,0,3,3
84722,1,2,296405,296407,296409,2,4,0
84723,6,3,296411,296411,296414,0,3,2
84724,5,1,296416,296416,296417,0,1,2
84725,4,2,296420,296420,296422,0,2,3
84726,3,1,296423,296423,296424,0,1,1
84727,3,3,296426,296426,296429,0,3,2
84728,3,2,296429,296429,296431,0,2,0
84729,2,3,296431,296431,296434,0,3,0
84730,4,2,296435,296435,296437,0,2,1
84731,4,3,296439,296439,296442,0,3,2
84732,3,2,296442,296442,296444,0,2,0
84733,6,2,296448,296448,296450,0,2,4
84734,5,1,296453,296453,296454,0,1,3
84735,1,1,296454,296454,296455,0,1,0
84736,2,1,296456,296456,296457,0,1,1
84737,6,1,296462,296462,296463,0,1,5
84738,3,1,296465,296465,296466,0,1,2
84739,4,3,296469,296469,296472,0,3,3
84740,5,3,296474,296474,296477,0,3,2
84741,2,2,296476,296477,296479,1,3,0
84742,6,1,296482,296482,296483,0,1,3
84743,3,3,296485,296485,296488,0,3,2
84744,2,3,296487,296488,296491,1,4,0
84745,3,2,296490,296491,296493,1,3,0
84746,4,1,296494,296494,296495,0,1,1
84747,4,1,296498,296498,296499,0,1,3
84748,2,1,296500,296500,296501,0,1,1
84749,2,1,296502,296502,296503,0,1,1
84750,2,1,296504,296504,296505,0,1,1
84751,5,1,296509,296509,296510,0,1,4
84752,6,1,296515,296515,296516,0,1,5
84753,5,2,296520,296520,296522,0,2,4
84754,3,3,296523,296523,296526,0,3,1
84755,6,1,296529,296529,296530,0,1,3
84756,6,3,296535,296535,296538,0,3,5
84757,5,3,296540,296540,296543,0,3,2
84758,5,3,296545,296545,296548,0,3,2
84759,3,3,296548,296548,296551,0,3,0
84760,3,3,296551,296551,296554,0,3,0
84761,5,3,296556,296556,296559,0,3,2
84762,6,2,296562,296562,296564,0,2,3
84763,1,2,296563,296564,296566,1,3,0
84764,2,2,296565,296566,296568,1,3,0
84765,6,2,296571,296571,296573,0,2,3
84766,3,3,296574,296574,296577,0,3,1
84767,3,1,296577,296577,296578,0,1,0
84768,2,1,296579,296579,296580,0,1,1
84769,2,1,296581,296581,296582,0,1,1
84770,6,1,296587,296587,296588,0,1,5
84771,2,2,296589,296589,296591,0,2,1
84772,3,1,296592,296592,296593,0,1,1
84773,2,1,296594,296594,296595,0,1,1
84774,1,2,296595,296595,296597,0,2,0
84775,5,3,296600,296600,296603,0,3,3
84776,1,1,296601,296603,296604,2,3,0
84777,5,3,296606,296606,296609,0,3,2
84778,6,3,296612,296612,296615,0,3,3
84779,6,2,296618,296618,296620,0,2,3
84780,6,3,296624,296624,296627,0,3,4
84781,1,2,296625,296627,296629,2,4,0
84782,5,3,296630,296630,296633,0,3,1
84783,2,3,296632,296633,296636,1,4,0
84784,5,1,296637,296637,296638,0,1,1
84785,1,2,296638,296638,296640,0,2,0
84786,5,3,296643,296643,296646,0,3,3
84787,1,3,296644,296646,296649,2,5,0
84788,4,3,296648,296649,296652,1,4,0
84789,5,3,296653,296653,296656,0,3,1
84790,1,1,296654,296656,296657,2,3,0
84791,4,2,296658,296658,296660,0,2,1
84792,5,2,296663,296663,296665,0,2,3
84793,4,3,296667,296667,296670,0,3,2
84794,3,2,296670,296670,296672,0,2,0
84795,6,2,296676,296676,296678,0,2,4
84796,6,1,296682,296682,296683,0,1,4
84797,4,3,296686,296686,296689,0,3,3
84798,4,3,296690,296690,296693,0,3,1
84799,4,2,296694,296694,296696,0,2,1
84800,6,2,296700,296700,296702,0,2,4
84801,2,2,296702,296702,296704,0,2,0
84802,5,1,296707,296707,296708,0,1,3
84803,6,2,296713,296713,296715,0,2,5
84804,4,1,296717,296717,296718,0,1,2
84805,6,1,296723,296723,296724,0,1,5
84806,6,2,296729,296729,296731,0,2,5
84807,3,2,296732,296732,296734,0,2,1
84808,1,1,296733,296734,296735,1,2,0
84809,3,1,296736,296736,296737,0,1,1
84810,1,2,296737,296737,296739,0,2,0
84811,1,1,296738,296739,296740,1,2,0
84812,5,3,296743,296743,296746,0,3,3
84813,1,3,296744,296746,296749,2,5,0
84814,4,3,296748,296749,296752,1,4,0
84815,1,1,296749,296752,296753,3,4,0
84816,4,1,296753,296753,296754,0,1,0
84817,4,2,296757,296757,296759,0,2,3
84818,6,3,296763,296763,296766,0,3,4
84819,5,3,296768,296768,296771,0,3,2
84820,4,3,296772,296772,296775,0,3,1
84821,3,2,296775,296775,296777,0,2,0
84822,5,1,296780,296780,296781,0,1,3
84823,1,3,296781,296781,296784,0,3,0
84824,2,2,296783,296784,296786,1,3,0
84825,4,1,296787,296787,296788,0,1,1
84826,3,1,296790,296790,296791,0,1,2
84827,4,2,296794,296794,296796,0,2,3
84828,3,1,296797,296797,296798,0,1,1
84829,6,2,296803,296803,296805,0,2,5
84830,6,2,296809,296809,296811,0,2,4
84831,1,2,296810,296811,296813,1,3,0
84832,3,1,296813,296813,296814,0,1,0
84833,5,1,296818,296818,296819,0,1,4
84834,6,1,296824,296824,296825,0,1,5
84835,1,2,296825,296825,296827,0,2,0
84836,5,2,296830,296830,296832,0,2,3
84837,1,3,296831,296832,296835,1,4,0
84838,6,3,296837,296837,296840,0,3,2
84839,1,3,296838,296840,296843,2,5,0
84840,4,3,296842,296843,296846,1,4,0
84841,4,1,296846,296846,296847,0,1,0
84842,5,2,296851,296851,296853,0,2,4
84843,6,3,296857,296857,296860,0,3,4
84844,6,3,296863,296863,296866,0,3,3
84845,5,3,296868,296868,296871,0,3,2
84846,3,1,296871,296871,296872,0,1,0
84847,1,2,296872,296872,296874,0,2,0
84848,4,3,296876,296876,296879,0,3,2
84849,6,2,296882,296882,296884,0,2,3
84850,6,3,296888,296888,296891,0,3,4
84851,3,2,296891,296891,296893,0,2,0
84852,2,2,296893,296893,296895,0,2,0
84853,4,1,296897,296897,296898,0,1,2
84854,1,3,296898,296898,296901,0,3,0
84855,2,3,296900,296901,296904,1,4,0
84856,4,2,296904,296904,296906,0,2,0
84857,5,2,296909,296909,296911,0,2,3
84858,2,2,296911,296911,296913,0,2,0
84859,4,3,296915,296915,296918,0,3,2
84860,6,2,296921,296921,296923,0,2,3
84861,5,3,296926,296926,296929,0,3,3
84862,4,2,296930,296930,296932,0,2,1
84863,1,3,296931,296932,296935,1,4,0
84864,5,2,296936,296936,296938,0,2,1
84865,3,3,296939,296939,296942,0,3,1
84866,2,1,296941,296942,296943,1,2,0
84867,2,3,296943,296943,296946,0,3,0
84868,2,2,296945,296946,296948,1,3,0
84869,6,1,296951,296951,296952,0,1,3
84870,4,1,296955,296955,296956,0,1,3
84871,6,1,296961,296961,296962,0,1,5
84872,3,3,296964,296964,296967,0,3,2
84873,5,3,296969,296969,296972,0,3,2
84874,3,1,296972,296972,296973,0,1,0
84875,4,1,296976,296976,296977,0,1,3
84876,1,1,296977,296977,296978,0,1,0
84877,5,1,296982,296982,296983,0,1,4
84878,3,3,296985,296985,296988,0,3,2
84879,1,2,296986,296988,296990,2,4,0
84880,4,3,296990,296990,296993,0,3,0
84881,2,2,296992,296993,296995,1,3,0
84882,4,2,296996,296996,296998,0,2,1
84883,6,2,297002,297002,297004,0,2,4
84884,4,1,297006,297006,297007,0,1,2
84885,2,1,297008,297008,297009,0,1,1
84886,1,1,297009,297009,297010,0,1,0
84887,3,2,297012,297012,297014,0,2,2
84888,2,1,297014,297014,297015,0,1,0
84889,4,1,297018,297018,297019,0,1,3
84890,2,1,297020,297020,297021,0,1,1
84891,6,1,297026,297026,297027,0,1,5
84892,4,2,297030,297030,297032,0,2,3
84893,5,1,297035,297035,297036,0,1,3
84894,4,1,297039,297039,297040,0,1,3
84895,5,1,297044,297044,297045,0,1,4
84896,3,1,297047,297047,297048,0,1,2
84897,1,1,297048,297048,297049,0,1,0
84898,4,2,297052,297052,297054,0,2,3
84899,6,2,297058,297058,297060,0,2,4
84900,5,2,297063,297063,297065,0,2,3
84901,3,1,297066,297066,297067,0,1,1
84902,3,3,297069,297069,297072,0,3,2
84903,2,1,297071,297072,297073,1,2,0
84904,1,1,297072,297073,297074,1,2,0
84905,2,1,297074,297074,297075,0,1,0
84906,5,2,297079,297079,297081,0,2,4
84907,1,3,297080,297081,297084,1,4,0
84908,3,1,297083,297084,297085,1,2,0
84909,5,2,297088,297088,297090,0,2,3
84910,5,3,297093,297093,297096,0,3,3
84911,1,3,297094,297096,297099,2,5,0
84912,6,1,297100,297100,297101,0,1,1
84913,1,3,297101,297101,297104,0,3,0
84914,1,3,297102,297104,297107,2,5,0
84915,5,1,297107,297107,297108,0,1,0
84916,3,3,297110,297110,297113,0,3,2
84917,3,3,297113,297113,297116,0,3,0
84918,5,3,297118,297118,297121,0,3,2
84919,3,3,297121,297121,297124,0,3,0
84920,6,1,297127,297127,297128,0,1,3
84921,5,1,297132,297132,297133,0,1,4
84922,3,3,297135,297135,297138,0,3,2
84923,5,1,297140,297140,297141,0,1,2
84924,4,1,297144,297144,297145,0,1,3
84925,5,1,297149,297149,297150,0,1,4
84926,3,1,297152,297152,297153,0,1,2
84927,2,3,297154,297154,297157,0,3,1
84928,1,3,297155,297157,297160,2,5,0
84929,6,2,297161,297161,297163,0,2,1
84930,1,2,297162,297163,297165,1,3,0
84931,5,2,297167,297167,297169,0,2,2
84932,1,2,297168,297169,297171,1,3,0
84933,2,3,297170,297171,297174,1,4,0
84934,5,3,297175,297175,297178,0,3,1
84935,3,3,297178,297178,297181,0,3,0
84936,4,1,297182,297182,297183,0,1,1
84937,5,1,297187,297187,297188,0,1,4
84938,5,1,297192,297192,297193,0,1,4
84939,3,3,297195,297195,297198,0,3,2
84940,4,2,297199,297199,297201,0,2,1
84941,2,1,297201,297201,297202,0,1,0
84942,6,1,297207,297207,297208,0,1,5
84943,2,2,297209,297209,297211,0,2,1
84944,4,1,297213,297213,297214,0,1,2
84945,6,3,297219,297219,297222,0,3,5
84946,2,2,297221,297222,297224,1,3,0
84947,3,3,297224,297224,297227,0,3,0
84948,3,3,297227,297227,297230,0,3,0
84949,6,2,297233,297233,297235,0,2,3
84950,5,3,297238,297238,297241,0,3,3
84951,2,2,297240,297241,297243,1,3,0
84952,6,2,297246,297246,297248,0,2,3
84953,5,3,297251,297251,297254,0,3,3
84954,3,2,297254,297254,297256,0,2,0
84955,2,1,297256,297256,297257,0,1,0
84956,1,2,297257,297257,297259,0,2,0
84957,4,3,297261,297261,297264,0,3,2
84958,4,2,297265,297265,297267,0,2,1
84959,3,3,297268,297268,297271,0,3,1
84960,5,2,297273,297273,297275,0,2,2
84961,6,2,297279,297279,297281,0,2,4
84962,6,1,297285,297285,297286,0,1,4
84963,2,3,297287,297287,297290,0,3,1
84964,2,2,297289,297290,297292,1,3,0
84965,3,2,297292,297292,297294,0,2,0
84966,1,3,297293,297294,297297,1,4,0
84967,2,2,297295,297297,297299,2,4,0
84968,6,3,297301,297301,297304,0,3,2
84969,4,3,297305,297305,297308,0,3,1
84970,3,3,297308,297308,297311,0,3,0
84971,1,3,297309,297311,297314,2,5,0
84972,2,1,297311,297314,297315,3,4,0
84973,1,1,297312,297315,297316,3,4,0
84974,1,2,297313,297316,297318,3,5,0
84975,6,2,297319,297319,297321,0,2,1
84976,3,1,297322,297322,297323,0,1,1
84977,4,1,297326,297326,297327,0,1,3
84978,2,1,297328,297328,297329,0,1,1
84979,6,3,297334,297334,297337,0,3,5
84980,4,2,297338,297338,297340,0,2,1
84981,1,2,297339,297340,297342,1,3,0
84982,4,2,297343,297343,297345,0,2,1
84983,2,3,297345,297345,297348,0,3,0
84984,1,2,297346,297348,297350,2,4,0
84985,4,2,297350,297350,297352,0,2,0
84986,2,1,297352,297352,297353,0,1,0
84987,4,1,297356,297356,297357,0,1,3
84988,6,2,297362,297362,297364,0,2,5
84989,3,3,297365,297365,297368,0,3,1
84990,6,1,297371,297371,297372,0,1,3
84991,3,2,297374,297374,297376,0,2,2
84992,3,2,297377,297377,297379,0,2,1
84993,1,2,297378,297379,297381,1,3,0
84994,2,2,297380,297381,297383,1,3,0
84995,6,3,297386,297386,297389,0,3,3
84996,5,1,297391,297391,297392,0,1,2
84997,4,1,297395,297395,297396,0,1,3
84998,3,1,297398,297398,297399,0,1,2
84999,4,1,297402,297402,297403,0,1,3
85000,6,1,297408,297408,297409,0,1,5
85001,2,1,297410,297410,297411,0,1,1
85002,6,1,297416,297416,297417,0,1,5
85003,5,3,297421,297421,297424,0,3,4
85004,4,2,297425,297425,297427,0,2,1
85005,5,1,297430,297430,297431,0,1,3
85006,1,3,297431,297431,297434,0,3,0
85007,2,3,297433,297434,297437,1,4,0
85008,6,1,297439,297439,297440,0,1,2
85009,4,1,297443,297443,297444,0,1,3
85010,2,3,297445,297445,297448,0,3,1
85011,6,2,297451,297451,297453,0,2,3
85012,1,3,297452,297453,297456,1,4,0
85013,4,2,297456,297456,297458,0,2,0
85014,4,2,297460,297460,297462,0,2,2
85015,1,3,297461,297462,297465,1,4,0
85016,3,2,297464,297465,297467,1,3,0
85017,4,1,297468,297468,297469,0,1,1
85018,1,2,297469,297469,297471,0,2,0
85019,5,2,297474,297474,297476,0,2,3
85020,3,1,297477,297477,297478,0,1,1
85021,5,1,297482,297482,297483,0,1,4
85022,4,3,297486,297486,297489,0,3,3
85023,6,3,297492,297492,297495,0,3,3
85024,6,1,297498,297498,297499,0,1,3
85025,3,1,297501,297501,297502,0,1,2
85026,3,2,297504,297504,297506,0,2,2
85027,3,3,297507,297507,297510,0,3,1
85028,4,2,297511,297511,297513,0,2,1
85029,3,3,297514,297514,297517,0,3,1
85030,4,3,297518,297518,297521,0,3,1
85031,4,2,297522,297522,297524,0,2,1
85032,2,3,297524,297524,297527,0,3,0
85033,1,1,297525,297527,297528,2,3,0
85034,3,3,297528,297528,297531,0,3,0
85035,1,3,297529,297531,297534,2,5,0
85036,4,1,297533,297534,297535,1,2,0
85037,6,2,297539,297539,297541,0,2,4
85038,1,3,297540,297541,297544,1,4,0
85039,1,3,297541,297544,297547,3,6,0
85040,1,3,297542,297547,297550,5,8,0
85041,2,3,297544,297550,297553,6,9,0
85042,5,1,297549,297553,297554,4,5,0
85043,3,2,297552,297554,297556,2,4,0
85044,1,3,297553,297556,297559,3,6,0
85045,5,2,297558,297559,297561,1,3,0
85046,2,3,297560,297561,297564,1,4,0
85047,4,2,297564,297564,297566,0,2,0
85048,2,3,297566,297566,297569,0,3,0
85049,4,2,297570,297570,297572,0,2,1
85050,5,2,297575,297575,297577,0,2,3
85051,6,2,297581,297581,297583,0,2,4
85052,6,2,297587,297587,297589,0,2,4
85053,2,2,297589,297589,297591,0,2,0
85054,1,3,297590,297591,297594,1,4,0
85055,1,1,297591,297594,297595,3,4,0
85056,2,3,297593,297595,297598,2,5,0
85057,4,2,297597,297598,297600,1,3,0
85058,5,3,297602,297602,297605,0,3,2
85059,4,1,297606,297606,297607,0,1,1
85060,3,3,297609,297609,297612,0,3,2
85061,4,3,297613,297613,297616,0,3,1
85062,5,1,297618,297618,297619,0,1,2
85063,2,3,297620,297620,297623,0,3,1
85064,4,1,297624,297624,297625,0,1,1
85065,1,2,297625,297625,297627,0,2,0
85066,1,2,297626,297627,297629,1,3,0
85067,4,1,297630,297630,297631,0,1,1
85068,1,1,297631,297631,297632,0,1,0
85069,2,3,297633,297633,297636,0,3,1
85070,4,2,297637,297637,297639,0,2,1
85071,4,1,297641,297641,297642,0,1,2
85072,3,2,297644,297644,297646,0,2,2
85073,6,2,297650,297650,297652,0,2,4
85074,3,3,297653,297653,297656,0,3,1
85075,4,3,297657,297657,297660,0,3,1
85076,2,1,297659,297660,297661,1,2,0
85077,1,2,297660,297661,297663,1,3,0
85078,3,2,297663,297663,297665,0,2,0
85079,1,1,297664,297665,297666,1,2,0
85080,5,3,297669,297669,297672,0,3,3
85081,5,1,297674,297674,297675,0,1,2
85082,1,1,297675,297675,297676,0,1,0
85083,3,3,297678,297678,297681,0,3,2
85084,4,2,297682,297682,297684,0,2,1
85085,5,3,297687,297687,297690,0,3,3
85086,2,1,297689,297690,297691,1,2,0
85087,4,3,297693,297693,297696,0,3,2
85088,1,2,297694,297696,297698,2,4,0
85089,1,1,297695,297698,297699,3,4,0
85090,4,1,297699,297699,297700,0,1,0
85091,3,2,297702,297702,297704,0,2,2
85092,2,2,297704,297704,297706,0,2,0
85093,2,2,297706,297706,297708,0,2,0
85094,2,1,297708,297708,297709,0,1,0
85095,3,3,297711,297711,297714,0,3,2
85096,3,1,297714,297714,297715,0,1,0
85097,4,1,297718,297718,297719,0,1,3
85098,6,1,297724,297724,297725,0,1,5
85099,2,3,297726,297726,297729,0,3,1
85100,5,2,297731,297731,297733,0,2,2
85101,1,1,297732,297733,297734,1,2,0
85102,6,2,297738,297738,297740,0,2,4
85103,1,3,297739,297740,297743,1,4,0
85104,1,2,297740,297743,297745,3,5,0
85105,4,2,297744,297745,297747,1,3,0
85106,4,2,297748,297748,297750,0,2,1
85107,2,3,297750,297750,297753,0,3,0
85108,1,3,297751,297753,297756,2,5,0
85109,6,1,297757,297757,297758,0,1,1
85110,3,3,297760,297760,297763,0,3,2
85111,3,3,297763,297763,297766,0,3,0
85112,2,3,297765,297766,297769,1,4,0
85113,1,2,297766,297769,297771,3,5,0
85114,3,2,297769,297771,297773,2,4,0
85115,3,2,297772,297773,297775,1,3,0
85116,4,3,297776,297776,297779,0,3,1
85117,3,3,297779,297779,297782,0,3,0
85118,6,2,297785,297785,297787,0,2,3
85119,3,2,297788,297788,297790,0,2,1
85120,5,1,297793,297793,297794,0,1,3
85121,1,3,297794,297794,297797,0,3,0
85122,6,2,297800,297800,297802,0,2,3
85123,6,1,297806,297806,297807,0,1,4
85124,5,2,297811,297811,297813,0,2,4
85125,3,2,297814,297814,297816,0,2,1
85126,2,3,297816,297816,297819,0,3,0
85127,6,2,297822,297822,297824,0,2,3
85128,4,3,297826,297826,297829,0,3,2
85129,1,3,297827,297829,297832,2,5,0
85130,6,2,297833,297833,297835,0,2,1
85131,5,3,297838,297838,297841,0,3,3
85132,5,3,297843,297843,297846,0,3,2
85133,1,1,297844,297846,297847,2,3,0
85134,3,2,297847,297847,297849,0,2,0
85135,6,3,297853,297853,297856,0,3,4
85136,5,2,297858,297858,297860,0,2,2
85137,6,3,297864,297864,297867,0,3,4
85138,6,3,297870,297870,297873,0,3,3
85139,6,1,297876,297876,297877,0,1,3
85140,1,1,297877,297877,297878,0,1,0
85141,2,2,297879,297879,297881,0,2,1
85142,6,3,297885,297885,297888,0,3,4
85143,5,1,297890,297890,297891,0,1,2
85144,6,1,297896,297896,297897,0,1,5
85145,5,3,297901,297901,297904,0,3,4
85146,3,1,297904,297904,297905,0,1,0
85147,3,3,297907,297907,297910,0,3,2
85148,2,1,297909,297910,297911,1,2,0
85149,2,2,297911,297911,297913,0,2,0
85150,3,2,297914,297914,297916,0,2,1
85151,5,3,297919,297919,297922,0,3,3
85152,1,2,297920,297922,297924,2,4,0
85153,3,1,297923,297924,297925,1,2,0
85154,3,3,297926,297926,297929,0,3,1
85155,4,1,297930,297930,297931,0,1,1
85156,4,2,297934,297934,297936,0,2,3
85157,4,2,297938,297938,297940,0,2,2
85158,1,2,297939,297940,297942,1,3,0
85159,5,2,297944,297944,297946,0,2,2
85160,1,3,297945,297946,297949,1,4,0
85161,4,1,297949,297949,297950,0,1,0
85162,4,3,297953,297953,297956,0,3,3
85163,3,1,297956,297956,297957,0,1,0
85164,6,2,297962,297962,297964,0,2,5
85165,4,3,297966,297966,297969,0,3,2
85166,6,3,297972,297972,297975,0,3,3
85167,4,3,297976,297976,297979,0,3,1
85168,3,2,297979,297979,297981,0,2,0
85169,4,3,297983,297983,297986,0,3,2
85170,6,2,297989,297989,297991,0,2,3
85171,4,1,297993,297993,297994,0,1,2
85172,3,2,297996,297996,297998,0,2,2
85173,5,1,298001,298001,298002,0,1,3
85174,1,3,298002,298002,298005,0,3,0
85175,5,3,298007,298007,298010,0,3,2
85176,5,2,298012,298012,298014,0,2,2
85177,1,2,298013,298014,298016,1,3,0
85178,6,2,298019,298019,298021,0,2,3
85179,2,3,298021,298021,298024,0,3,0
85180,6,1,298027,298027,298028,0,1,3
85181,5,3,298032,298032,298035,0,3,4
85182,5,3,298037,298037,298040,0,3,2
85183,1,1,298038,298040,298041,2,3,0
85184,4,1,298042,298042,298043,0,1,1
85185,6,2,298048,298048,298050,0,2,5
85186,2,3,298050,298050,298053,0,3,0
85187,2,3,298052,298053,298056,1,4,0
85188,2,2,298054,298056,298058,2,4,0
85189,6,3,298060,298060,298063,0,3,2
85190,2,2,298062,298063,298065,1,3,0
85191,4,2,298066,298066,298068,0,2,1
85192,3,1,298069,298069,298070,0,1,1
85193,4,2,298073,298073,298075,0,2,3
85194,1,2,298074,298075,298077,1,3,0
85195,2,2,298076,298077,298079,1,3,0
85196,3,2,298079,298079,298081,0,2,0
85197,4,2,298083,298083,298085,0,2,2
85198,4,2,298087,298087,298089,0,2,2
85199,3,3,298090,298090,298093,0,3,1
85200,6,2,298096,298096,298098,0,2,3
85201,2,1,298098,298098,298099,0,1,0
85202,3,1,298101,298101,298102,0,1,2
85203,4,3,298105,298105,298108,0,3,3
85204,2,2,298107,298108,298110,1,3,0
85205,5,3,298112,298112,298115,0,3,2
85206,4,3,298116,298116,298119,0,3,1
85207,5,2,298121,298121,298123,0,2,2
85208,6,1,298127,298127,298128,0,1,4
85209,1,1,298128,298128,298129,0,1,0
85210,4,1,298132,298132,298133,0,1,3
85211,5,1,298137,298137,298138,0,1,4
85212,5,1,298142,298142,298143,0,1,4
85213,3,3,298145,298145,298148,0,3,2
85214,4,1,298149,298149,298150,0,1,1
85215,4,2,298153,298153,298155,0,2,3
85216,6,1,298159,298159,298160,0,1,4
85217,4,1,298163,298163,298164,0,1,3
85218,3,1,298166,298166,298167,0,1,2
85219,1,2,298167,298167,298169,0,2,0
85220,6,3,298173,298173,298176,0,3,4
85221,2,3,298175,298176,298179,1,4,0
85222,3,1,298178,298179,298180,1,2,0
85223,1,3,298179,298180,298183,1,4,0
85224,1,2,298180,298183,298185,3,5,0
85225,4,2,298184,298185,298187,1,3,0
85226,1,2,298185,298187,298189,2,4,0
85227,4,2,298189,298189,298191,0,2,0
85228,6,1,298195,298195,298196,0,1,4
85229,3,2,298198,298198,298200,0,2,2
85230,3,1,298201,298201,298202,0,1,1
85231,5,1,298206,298206,298207,0,1,4
85232,2,3,298208,298208,298211,0,3,1
85233,6,1,298214,298214,298215,0,1,3
85234,5,2,298219,298219,298221,0,2,4
85235,6,2,298225,298225,298227,0,2,4
85236,5,2,298230,298230,298232,0,2,3
85237,2,2,298232,298232,298234,0,2,0
85238,2,1,298234,298234,298235,0,1,0
85239,5,2,298239,298239,298241,0,2,4
85240,2,3,298241,298241,298244,0,3,0
85241,3,1,298244,298244,298245,0,1,0
85242,2,3,298246,298246,298249,0,3,1
85243,3,2,298249,298249,298251,0,2,0
85244,6,2,298255,298255,298257,0,2,4
85245,6,2,298261,298261,298263,0,2,4
85246,1,3,298262,298263,298266,1,4,0
85247,4,2,298266,298266,298268,0,2,0
85248,6,2,298272,298272,298274,0,2,4
85249,1,1,298273,298274,298275,1,2,0
85250,2,3,298275,298275,298278,0,3,0
85251,3,2,298278,298278,298280,0,2,0
85252,2,2,298280,298280,298282,0,2,0
85253,1,3,298281,298282,298285,1,4,0
85254,4,2,298285,298285,298287,0,2,0
85255,3,1,298288,298288,298289,0,1,1
85256,2,1,298290,298290,298291,0,1,1
85257,3,2,298293,298293,298295,0,2,2
85258,1,2,298294,298295,298297,1,3,0
85259,3,3,298297,298297,298300,0,3,0
85260,2,2,298299,298300,298302,1,3,0
85261,1,3,298300,298302,298305,2,5,0
85262,5,2,298305,298305,298307,0,2,0
85263,4,1,298309,298309,298310,0,1,2
85264,6,1,298315,298315,298316,0,1,5
85265,6,1,298321,298321,298322,0,1,5
85266,6,1,298327,298327,298328,0,1,5
85267,4,2,298331,298331,298333,0,2,3
85268,4,1,298335,298335,298336,0,1,2
85269,3,3,298338,298338,298341,0,3,2
85270,4,3,298342,298342,298345,0,3,1
85271,1,3,298343,298345,298348,2,5,0
85272,6,1,298349,298349,298350,0,1,1
85273,2,3,298351,298351,298354,0,3,1
85274,3,2,298354,298354,298356,0,2,0
85275,3,1,298357,298357,298358,0,1,1
85276,2,1,298359,298359,298360,0,1,1
85277,6,2,298365,298365,298367,0,2,5
85278,6,1,298371,298371,298372,0,1,4
85279,6,3,298377,298377,298380,0,3,5
85280,1,3,298378,298380,298383,2,5,0
85281,5,1,298383,298383,298384,0,1,0
85282,3,2,298386,298386,298388,0,2,2
85283,5,2,298391,298391,298393,0,2,3
85284,1,2,298392,298393,298395,1,3,0
85285,2,2,298394,298395,298397,1,3,0
85286,2,1,298396,298397,298398,1,2,0
85287,6,3,298402,298402,298405,0,3,4
85288,3,1,298405,298405,298406,0,1,0
85289,4,1,298409,298409,298410,0,1,3
85290,2,3,298411,298411,298414,0,3,1
85291,6,1,298417,298417,298418,0,1,3
85292,5,3,298422,298422,298425,0,3,4
85293,4,1,298426,298426,298427,0,1,1
85294,1,1,298427,298427,298428,0,1,0
85295,2,3,298429,298429,298432,0,3,1
85296,6,1,298435,298435,298436,0,1,3
85297,5,2,298440,298440,298442,0,2,4
85298,3,3,298443,298443,298446,0,3,1
85299,5,3,298448,298448,298451,0,3,2
85300,6,2,298454,298454,298456,0,2,3
85301,6,2,298460,298460,298462,0,2,4
85302,6,1,298466,298466,298467,0,1,4
85303,3,3,298469,298469,298472,0,3,2
85304,5,2,298474,298474,298476,0,2,2
85305,3,1,298477,298477,298478,0,1,1
85306,5,1,298482,298482,298483,0,1,4
85307,3,2,298485,298485,298487,0,2,2
85308,2,2,298487,298487,298489,0,2,0
85309,6,1,298493,298493,298494,0,1,4
85310,5,1,298498,298498,298499,0,1,4
85311,5,2,298503,298503,298505,0,2,4
85312,3,1,298506,298506,298507,0,1,1
85313,6,2,298512,298512,298514,0,2,5
85314,4,2,298516,298516,298518,0,2,2
85315,5,3,298521,298521,298524,0,3,3
85316,3,3,298524,298524,298527,0,3,0
85317,1,1,298525,298527,298528,2,3,0
85318,6,3,298531,298531,298534,0,3,3
85319,4,2,298535,298535,298537,0,2,1
85320,3,1,298538,298538,298539,0,1,1
85321,4,1,298542,298542,298543,0,1,3
85322,1,3,298543,298543,298546,0,3,0
85323,1,3,298544,298546,298549,2,5,0
85324,1,1,298545,298549,298550,4,5,0
85325,4,3,298549,298550,298553,1,4,0
85326,1,3,298550,298553,298556,3,6,0
85327,4,1,298554,298556,298557,2,3,0
85328,5,1,298559,298559,298560,0,1,2
85329,2,2,298561,298561,298563,0,2,1
85330,6,2,298567,298567,298569,0,2,4
85331,5,2,298572,298572,298574,0,2,3
85332,5,1,298577,298577,298578,0,1,3
85333,2,2,298579,298579,298581,0,2,1
85334,1,1,298580,298581,298582,1,2,0
85335,3,3,298583,298583,298586,0,3,1
85336,5,1,298588,298588,298589,0,1,2
85337,5,1,298593,298593,298594,0,1,4
85338,2,2,298595,298595,298597,0,2,1
85339,4,2,298599,298599,298601,0,2,2
85340,2,3,298601,298601,298604,0,3,0
85341,2,1,298603,298604,298605,1,2,0
85342,4,1,298607,298607,298608,0,1,2
85343,4,3,298611,298611,298614,0,3,3
85344,4,2,298615,298615,298617,0,2,1
85345,6,3,298621,298621,298624,0,3,4
85346,1,1,298622,298624,298625,2,3,0
85347,1,1,298623,298625,298626,2,3,0
85348,6,3,298629,298629,298632,0,3,3
85349,6,2,298635,298635,298637,0,2,3
85350,1,1,298636,298637,298638,1,2,0
85351,2,2,298638,298638,298640,0,2,0
85352,3,3,298641,298641,298644,0,3,1
85353,2,3,298643,298644,298647,1,4,0
85354,1,2,298644,298647,298649,3,5,0
85355,6,3,298650,298650,298653,0,3,1
85356,2,2,298652,298653,298655,1,3,0
85357,6,1,298658,298658,298659,0,1,3
85358,4,1,298662,298662,298663,0,1,3
85359,6,3,298668,298668,298671,0,3,5
85360,1,1,298669,298671,298672,2,3,0
85361,5,1,298674,298674,298675,0,1,2
85362,2,2,298676,298676,298678,0,2,1
85363,4,3,298680,298680,298683,0,3,2
85364,3,2,298683,298683,298685,0,2,0
85365,3,1,298686,298686,298687,0,1,1
85366,4,1,298690,298690,298691,0,1,3
85367,2,1,298692,298692,298693,0,1,1
85368,2,2,298694,298694,298696,0,2,1
85369,1,2,298695,298696,298698,1,3,0
85370,4,2,298699,298699,298701,0,2,1
85371,3,1,298702,298702,298703,0,1,1
85372,1,3,298703,298703,298706,0,3,0
85373,5,1,298708,298708,298709,0,1,2
85374,4,3,298712,298712,298715,0,3,3
85375,2,2,298714,298715,298717,1,3,0
85376,2,3,298716,298717,298720,1,4,0
85377,2,2,298718,298720,298722,2,4,0
85378,6,3,298724,298724,298727,0,3,2
85379,1,2,298725,298727,298729,2,4,0
85380,3,1,298728,298729,298730,1,2,0
85381,2,2,298730,298730,298732,0,2,0
85382,2,2,298732,298732,298734,0,2,0
85383,4,2,298736,298736,298738,0,2,2
85384,5,3,298741,298741,298744,0,3,3
85385,1,1,298742,298744,298745,2,3,0
85386,2,3,298744,298745,298748,1,4,0
85387,6,3,298750,298750,298753,0,3,2
85388,3,3,298753,298753,298756,0,3,0
85389,6,2,298759,298759,298761,0,2,3
85390,1,3,298760,298761,298764,1,4,0
85391,1,2,298761,298764,298766,3,5,0
85392,3,2,298764,298766,298768,2,4,0
85393,4,2,298768,298768,298770,0,2,0
85394,6,1,298774,298774,298775,0,1,4
85395,1,2,298775,298775,298777,0,2,0
85396,6,3,298781,298781,298784,0,3,4
85397,2,1,298783,298784,298785,1,2,0
85398,5,1,298788,298788,298789,0,1,3
85399,3,1,298791,298791,298792,0,1,2
85400,6,2,298797,298797,298799,0,2,5
85401,4,3,298801,298801,298804,0,3,2
85402,1,3,298802,298804,298807,2,5,0
85403,2,2,298804,298807,298809,3,5,0
85404,5,2,298809,298809,298811,0,2,0
85405,1,1,298810,298811,298812,1,2,0
85406,2,1,298812,298812,298813,0,1,0
85407,1,2,298813,298813,298815,0,2,0
85408,4,2,298817,298817,298819,0,2,2
85409,4,3,298821,298821,298824,0,3,2
85410,2,1,298823,298824,298825,1,2,0
85411,6,1,298829,298829,298830,0,1,4
85412,5,1,298834,298834,298835,0,1,4
85413,6,2,298840,298840,298842,0,2,5
85414,4,2,298844,298844,298846,0,2,2
85415,3,2,298847,298847,298849,0,2,1
85416,3,1,298850,298850,298851,0,1,1
85417,1,1,298851,298851,298852,0,1,0
85418,2,2,298853,298853,298855,0,2,1
85419,6,2,298859,298859,298861,0,2,4
85420,5,2,298864,298864,298866,0,2,3
85421,5,1,298869,298869,298870,0,1,3
85422,1,2,298870,298870,298872,0,2,0
85423,6,3,298876,298876,298879,0,3,4
85424,5,2,298881,298881,298883,0,2,2
85425,4,3,298885,298885,298888,0,3,2
85426,5,1,298890,298890,298891,0,1,2
85427,6,1,298896,298896,298897,0,1,5
85428,5,1,298901,298901,298902,0,1,4
85429,2,3,298903,298903,298906,0,3,1
85430,6,1,298909,298909,298910,0,1,3
85431,1,2,298910,298910,298912,0,2,0
85432,4,3,298914,298914,298917,0,3,2
85433,3,2,298917,298917,298919,0,2,0
85434,2,2,298919,298919,298921,0,2,0
85435,3,2,298922,298922,298924,0,2,1
85436,5,2,298927,298927,298929,0,2,3
85437,3,3,298930,298930,298933,0,3,1
85438,5,3,298935,298935,298938,0,3,2
85439,3,3,298938,298938,298941,0,3,0
85440,1,2,298939,298941,298943,2,4,0
85441,3,1,298942,298943,298944,1,2,0
85442,6,1,298948,298948,298949,0,1,4
85443,1,2,298949,298949,298951,0,2,0
85444,4,1,298953,298953,298954,0,1,2
85445,2,3,298955,298955,298958,0,3,1
85446,1,1,298956,298958,298959,2,3,0
85447,6,2,298962,298962,298964,0,2,3
85448,3,3,298965,298965,298968,0,3,1
85449,5,3,298970,298970,298973,0,3,2
85450,6,3,298976,298976,298979,0,3,3
85451,5,2,298981,298981,298983,0,2,2
85452,5,3,298986,298986,298989,0,3,3
85453,2,2,298988,298989,298991,1,3,0
85454,1,3,298989,298991,298994,2,5,0
85455,1,3,298990,298994,298997,4,7,0
85456,6,1,298996,298997,298998,1,2,0
85457,2,3,298998,298998,299001,0,3,0
85458,4,3,299002,299002,299005,0,3,1
85459,6,2,299008,299008,299010,0,2,3
85460,4,2,299012,299012,299014,0,2,2
85461,5,2,299017,299017,299019,0,2,3
85462,3,1,299020,299020,299021,0,1,1
85463,5,2,299025,299025,299027,0,2,4
85464,2,1,299027,299027,299028,0,1,0
85465,6,1,299033,299033,299034,0,1,5
85466,1,3,299034,299034,299037,0,3,0
85467,5,3,299039,299039,299042,0,3,2
85468,6,1,299045,299045,299046,0,1,3
85469,1,1,299046,299046,299047,0,1,0
85470,2,2,299048,299048,299050,0,2,1
85471,1,2,299049,299050,299052,1,3,0
85472,3,1,299052,299052,299053,0,1,0
85473,6,2,299058,299058,299060,0,2,5
85474,2,2,299060,299060,299062,0,2,0
85475,3,2,299063,299063,299065,0,2,1
85476,6,2,299069,299069,299071,0,2,4
85477,3,3,299072,299072,299075,0,3,1
85478,6,3,299078,299078,299081,0,3,3
85479,1,2,299079,299081,299083,2,4,0
85480,6,2,299085,299085,299087,0,2,2
85481,4,1,299089,299089,299090,0,1,2
85482,2,2,299091,299091,299093,0,2,1
85483,4,3,299095,299095,299098,0,3,2
85484,6,1,299101,299101,299102,0,1,3
85485,3,3,299104,299104,299107,0,3,2
85486,5,2,299109,299109,299111,0,2,2
85487,6,3,299115,299115,299118,0,3,4
85488,4,2,299119,299119,299121,0,2,1
85489,5,2,299124,299124,299126,0,2,3
85490,1,3,299125,299126,299129,1,4,0
85491,2,3,299127,299129,299132,2,5,0
85492,5,3,299132,299132,299135,0,3,0
85493,2,1,299134,299135,299136,1,2,0
85494,1,3,299135,299136,299139,1,4,0
85495,3,2,299138,299139,299141,1,3,0
85496,3,1,299141,299141,299142,0,1,0
85497,2,1,299143,299143,299144,0,1,1
85498,3,1,299146,299146,299147,0,1,2
85499,2,1,299148,299148,299149,0,1,1
85500,3,2,299151,299151,299153,0,2,2
85501,4,2,299155,299155,299157,0,2,2
85502,4,2,299159,299159,299161,0,2,2
85503,2,3,299161,299161,299164,0,3,0
85504,3,2,299164,299164,299166,0,2,0
85505,5,2,299169,299169,299171,0,2,3
85506,6,3,299175,299175,299178,0,3,4
85507,5,2,299180,299180,299182,0,2,2
85508,2,2,299182,299182,299184,0,2,0
85509,2,2,299184,299184,299186,0,2,0
85510,2,1,299186,299186,299187,0,1,0
85511,3,1,299189,299189,299190,0,1,2
85512,1,2,299190,299190,299192,0,2,0
85513,1,1,299191,299192,299193,1,2,0
85514,1,3,299192,299193,299196,1,4,0
85515,4,3,299196,299196,299199,0,3,0
85516,4,3,299200,299200,299203,0,3,1
85517,2,3,299202,299203,299206,1,4,0
85518,6,3,299208,299208,299211,0,3,2
85519,2,3,299210,299211,299214,1,4,0
85520,6,3,299216,299216,299219,0,3,2
85521,2,1,299218,299219,299220,1,2,0
85522,2,2,299220,299220,299222,0,2,0
85523,3,2,299223,299223,299225,0,2,1
85524,5,3,299228,299228,299231,0,3,3
85525,5,3,299233,299233,299236,0,3,2
85526,1,1,299234,299236,299237,2,3,0
85527,1,3,299235,299237,299240,2,5,0
85528,3,2,299238,299240,299242,2,4,0
85529,6,2,299244,299244,299246,0,2,2
85530,5,2,299249,299249,299251,0,2,3
85531,3,3,299252,299252,299255,0,3,1
85532,4,1,299256,299256,299257,0,1,1
85533,5,3,299261,299261,299264,0,3,4
85534,3,3,299264,299264,299267,0,3,0
85535,3,2,299267,299267,299269,0,2,0
85536,2,3,299269,299269,299272,0,3,0
85537,1,3,299270,299272,299275,2,5,0
85538,2,1,299272,299275,299276,3,4,0
85539,3,3,299275,299276,299279,1,4,0
85540,5,1,299280,299280,299281,0,1,1
85541,2,3,299282,299282,299285,0,3,1
85542,2,3,299284,299285,299288,1,4,0
85543,5,1,299289,299289,299290,0,1,1
85544,6,2,299295,299295,299297,0,2,5
85545,4,2,299299,299299,299301,0,2,2
85546,3,2,299302,299302,299304,0,2,1
85547,5,1,299307,299307,299308,0,1,3
85548,5,2,299312,299312,299314,0,2,4
85549,1,1,299313,299314,299315,1,2,0
85550,6,2,299319,299319,299321,0,2,4
85551,3,2,299322,299322,299324,0,2,1
85552,3,1,299325,299325,299326,0,1,1
85553,6,2,299331,299331,299333,0,2,5
85554,2,1,299333,299333,299334,0,1,0
85555,4,2,299337,299337,299339,0,2,3
85556,6,3,299343,299343,299346,0,3,4
85557,5,1,299348,299348,299349,0,1,2
85558,3,3,299351,299351,299354,0,3,2
85559,6,2,299357,299357,299359,0,2,3
85560,4,2,299361,299361,299363,0,2,2
85561,2,1,299363,299363,299364,0,1,0
85562,1,3,299364,299364,299367,0,3,0
85563,5,1,299369,299369,299370,0,1,2
85564,3,1,299372,299372,299373,0,1,2
85565,4,1,299376,299376,299377,0,1,3
85566,5,1,299381,299381,299382,0,1,4
85567,2,3,299383,299383,299386,0,3,1
85568,2,1,299385,299386,299387,1,2,0
85569,2,2,299387,299387,299389,0,2,0
85570,5,1,299392,299392,299393,0,1,3
85571,3,3,299395,299395,299398,0,3,2
85572,6,1,299401,299401,299402,0,1,3
85573,2,2,299403,299403,299405,0,2,1
85574,6,2,299409,299409,299411,0,2,4
85575,5,2,299414,299414,299416,0,2,3
85576,6,2,299420,299420,299422,0,2,4
85577,3,2,299423,299423,299425,0,2,1
85578,4,3,299427,299427,299430,0,3,2
85579,5,2,299432,299432,299434,0,2,2
85580,6,3,299438,299438,299441,0,3,4
85581,5,2,299443,299443,299445,0,2,2
85582,6,3,299449,299449,299452,0,3,4
85583,1,3,299450,299452,299455,2,5,0
85584,5,2,299455,299455,299457,0,2,0
85585,6,2,299461,299461,299463,0,2,4
85586,5,1,299466,299466,299467,0,1,3
85587,3,3,299469,299469,299472,0,3,2
85588,1,3,299470,299472,299475,2,5,0
85589,5,1,299475,299475,299476,0,1,0
85590,2,1,299477,299477,299478,0,1,1
85591,6,2,299483,299483,299485,0,2,5
85592,3,2,299486,299486,299488,0,2,1
85593,4,2,299490,299490,299492,0,2,2
85594,4,1,299494,299494,299495,0,1,2
85595,6,3,299500,299500,299503,0,3,5
85596,5,1,299505,299505,299506,0,1,2
85597,3,1,299508,299508,299509,0,1,2
85598,5,3,299513,299513,299516,0,3,4
85599,3,2,299516,299516,299518,0,2,0
85600,4,2,299520,299520,299522,0,2,2
85601,4,3,299524,299524,299527,0,3,2
85602,5,2,299529,299529,299531,0,2,2
85603,2,3,299531,299531,299534,0,3,0
85604,5,3,299536,299536,299539,0,3,2
85605,2,2,299538,299539,299541,1,3,0
85606,5,2,299543,299543,299545,0,2,2
85607,6,1,299549,299549,299550,0,1,4
85608,1,3,299550,299550,299553,0,3,0
85609,5,1,299555,299555,299556,0,1,2
85610,6,3,299561,299561,299564,0,3,5
85611,5,3,299566,299566,299569,0,3,2
85612,3,1,299569,299569,299570,0,1,0
85613,6,2,299575,299575,299577,0,2,5
85614,3,2,299578,299578,299580,0,2,1
85615,5,3,299583,299583,299586,0,3,3
85616,4,3,299587,299587,299590,0,3,1
85617,4,3,299591,299591,299594,0,3,1
85618,1,3,299592,299594,299597,2,5,0
85619,6,2,299598,299598,299600,0,2,1
85620,5,3,299603,299603,299606,0,3,3
85621,3,2,299606,299606,299608,0,2,0
85622,6,2,299612,299612,299614,0,2,4
85623,4,1,299616,299616,299617,0,1,2
85624,4,3,299620,299620,299623,0,3,3
85625,6,3,299626,299626,299629,0,3,3
85626,3,2,299629,299629,299631,0,2,0
85627,4,1,299633,299633,299634,0,1,2
85628,1,1,299634,299634,299635,0,1,0
85629,2,1,299636,299636,299637,0,1,1
85630,2,1,299638,299638,299639,0,1,1
85631,5,2,299643,299643,299645,0,2,4
85632,6,1,299649,299649,299650,0,1,4
85633,4,2,299653,299653,299655,0,2,3
85634,6,2,299659,299659,299661,0,2,4
85635,6,3,299665,299665,299668,0,3,4
85636,6,3,299671,299671,299674,0,3,3
85637,3,3,299674,299674,299677,0,3,0
85638,4,1,299678,299678,299679,0,1,1
85639,5,1,299683,299683,299684,0,1,4
85640,3,3,299686,299686,299689,0,3,2
85641,6,3,299692,299692,299695,0,3,3
85642,4,3,299696,299696,299699,0,3,1
85643,5,3,299701,299701,299704,0,3,2
85644,4,3,299705,299705,299708,0,3,1
85645,3,1,299708,299708,299709,0,1,0
85646,3,2,299711,299711,299713,0,2,2
85647,4,3,299715,299715,299718,0,3,2
85648,2,2,299717,299718,299720,1,3,0
85649,6,3,299723,299723,299726,0,3,3
85650,3,1,299726,299726,299727,0,1,0
85651,2,2,299728,299728,299730,0,2,1
85652,5,2,299733,299733,299735,0,2,3
85653,4,2,299737,299737,299739,0,2,2
85654,4,3,299741,299741,299744,0,3,2
85655,1,1,299742,299744,299745,2,3,0
85656,6,2,299748,299748,299750,0,2,3
85657,3,3,299751,299751,299754,0,3,1
85658,3,3,299754,299754,299757,0,3,0
85659,6,2,299760,299760,299762,0,2,3
85660,6,2,299766,299766,299768,0,2,4
85661,6,2,299772,299772,299774,0,2,4
85662,6,1,299778,299778,299779,0,1,4
85663,6,3,299784,299784,299787,0,3,5
85664,4,1,299788,299788,299789,0,1,1
85665,1,2,299789,299789,299791,0,2,0
85666,6,1,299795,299795,299796,0,1,4
85667,6,1,299801,299801,299802,0,1,5
85668,2,1,299803,299803,299804,0,1,1
85669,6,3,299809,299809,299812,0,3,5
85670,1,1,299810,299812,299813,2,3,0
85671,3,1,299813,299813,299814,0,1,0
85672,5,2,299818,299818,299820,0,2,4
85673,6,2,299824,299824,299826,0,2,4
85674,2,3,299826,299826,299829,0,3,0
85675,4,2,299830,299830,299832,0,2,1
85676,1,3,299831,299832,299835,1,4,0
85677,2,3,299833,299835,299838,2,5,0
85678,4,2,299837,299838,299840,1,3,0
85679,3,3,299840,299840,299843,0,3,0
85680,2,1,299842,299843,299844,1,2,0
85681,5,1,299847,299847,299848,0,1,3
85682,2,2,299849,299849,299851,0,2,1
85683,2,1,299851,299851,299852,0,1,0
85684,6,2,299857,299857,299859,0,2,5
85685,3,3,299860,299860,299863,0,3,1
85686,4,3,299864,299864,299867,0,3,1
85687,3,2,299867,299867,299869,0,2,0
85688,1,1,299868,299869,299870,1,2,0
85689,5,3,299873,299873,299876,0,3,3
85690,1,3,299874,299876,299879,2,5,0
85691,3,2,299877,299879,299881,2,4,0
85692,3,3,299880,299881,299884,1,4,0
85693,2,1,299882,299884,299885,2,3,0
85694,6,3,299888,299888,299891,0,3,3
85695,3,2,299891,299891,299893,0,2,0
85696,4,3,299895,299895,299898,0,3,2
85697,1,1,299896,299898,299899,2,3,0
85698,6,2,299902,299902,299904,0,2,3
85699,6,1,299908,299908,299909,0,1,4
85700,6,3,299914,299914,299917,0,3,5
85701,2,3,299916,299917,299920,1,4,0
85702,5,1,299921,299921,299922,0,1,1
85703,5,1,299926,299926,299927,0,1,4
85704,6,1,299932,299932,299933,0,1,5
85705,4,3,299936,299936,299939,0,3,3
85706,6,3,299942,299942,299945,0,3,3
85707,5,3,299947,299947,299950,0,3,2
85708,4,2,299951,299951,299953,0,2,1
85709,6,1,299957,299957,299958,0,1,4
85710,1,2,299958,299958,299960,0,2,0
85711,2,1,299960,299960,299961,0,1,0
85712,3,1,299963,299963,299964,0,1,2
85713,1,1,299964,299964,299965,0,1,0
85714,3,1,299967,299967,299968,0,1,2
85715,6,3,299973,299973,299976,0,3,5
85716,4,1,299977,299977,299978,0,1,1
85717,2,3,299979,299979,299982,0,3,1
85718,3,2,299982,299982,299984,0,2,0
85719,5,1,299987,299987,299988,0,1,3
85720,1,1,299988,299988,299989,0,1,0
85721,3,3,299991,299991,299994,0,3,2
85722,2,1,299993,299994,299995,1,2,0
85723,1,2,299994,299995,299997,1,3,0
85724,5,3,299999,299999,300002,0,3,2
85725,2,1,300001,300002,300003,1,2,0
85726,1,3,300002,300003,300006,1,4,0
85727,4,2,300006,300006,300008,0,2,0
85728,2,3,300008,300008,300011,0,3,0
85729,2,2,300010,300011,300013,1,3,0
85730,1,1,300011,300013,300014,2,3,0
85731,4,1,300015,300015,300016,0,1,1
85732,6,1,300021,300021,300022,0,1,5
85733,1,3,300022,300022,300025,0,3,0
85734,2,3,300024,300025,300028,1,4,0
85735,6,3,300030,300030,300033,0,3,2
85736,4,2,300034,300034,300036,0,2,1
85737,2,1,300036,300036,300037,0,1,0
85738,4,3,300040,300040,300043,0,3,3
85739,6,2,300046,300046,300048,0,2,3
85740,2,2,300048,300048,300050,0,2,0
85741,4,2,300052,300052,300054,0,2,2
85742,2,3,300054,300054,300057,0,3,0
85743,3,2,300057,300057,300059,0,2,0
85744,1,2,300058,300059,300061,1,3,0
85745,4,1,300062,300062,300063,0,1,1
85746,4,2,300066,300066,300068,0,2,3
85747,1,1,300067,300068,300069,1,2,0
85748,3,2,300070,300070,300072,0,2,1
85749,2,2,300072,300072,300074,0,2,0
85750,3,2,300075,300075,300077,0,2,1
85751,6,3,300081,300081,300084,0,3,4
85752,3,2,300084,300084,300086,0,2,0
85753,3,3,300087,300087,300090,0,3,1
85754,4,1,300091,300091,300092,0,1,1
85755,4,2,300095,300095,300097,0,2,3
85756,1,2,300096,300097,300099,1,3,0
85757,4,1,300100,300100,300101,0,1,1
85758,6,1,300106,300106,300107,0,1,5
85759,1,1,300107,300107,300108,0,1,0
85760,3,1,300110,300110,300111,0,1,2
85761,2,1,300112,300112,300113,0,1,1
85762,5,2,300117,300117,300119,0,2,4
85763,2,3,300119,300119,300122,0,3,0
85764,4,1,300123,300123,300124,0,1,1
85765,1,3,300124,300124,300127,0,3,0
85766,5,1,300129,300129,300130,0,1,2
85767,3,2,300132,300132,300134,0,2,2
85768,1,1,300133,300134,300135,1,2,0
85769,6,3,300139,300139,300142,0,3,4
85770,1,3,300140,300142,300145,2,5,0
85771,4,3,300144,300145,300148,1,4,0
85772,1,3,300145,300148,300151,3,6,0
85773,3,2,300148,300151,300153,3,5,0
85774,5,2,300153,300153,300155,0,2,0
85775,1,3,300154,300155,300158,1,4,0
85776,1,2,300155,300158,300160,3,5,0
85777,1,2,300156,300160,300162,4,6,0
85778,6,2,300162,300162,300164,0,2,0
85779,3,2,300165,300165,300167,0,2,1
85780,5,1,300170,300170,300171,0,1,3
85781,3,3,300173,300173,300176,0,3,2
85782,3,1,300176,300176,300177,0,1,0
85783,2,1,300178,300178,300179,0,1,1
85784,5,1,300183,300183,300184,0,1,4
85785,1,1,300184,300184,300185,0,1,0
85786,2,1,300186,300186,300187,0,1,1
85787,2,2,300188,300188,300190,0,2,1
85788,5,2,300193,300193,300195,0,2,3
85789,4,2,300197,300197,300199,0,2,2
85790,4,3,300201,300201,300204,0,3,2
85791,5,1,300206,300206,300207,0,1,2
85792,1,2,300207,300207,300209,0,2,0
85793,3,2,300210,300210,300212,0,2,1
85794,2,1,300212,300212,300213,0,1,0
85795,6,2,300218,300218,300220,0,2,5
85796,4,3,300222,300222,300225,0,3,2
85797,4,2,300226,300226,300228,0,2,1
85798,1,1,300227,300228,300229,1,2,0
85799,2,2,300229,300229,300231,0,2,0
85800,4,3,300233,300233,300236,0,3,2
85801,2,1,300235,300236,300237,1,2,0
85802,3,1,300238,300238,300239,0,1,1
85803,2,3,300240,300240,300243,0,3,1
85804,6,2,300246,300246,300248,0,2,3
85805,6,1,300252,300252,300253,0,1,4
85806,6,2,300258,300258,300260,0,2,5
85807,1,1,300259,300260,300261,1,2,0
85808,2,2,300261,300261,300263,0,2,0
85809,6,1,300267,300267,300268,0,1,4
85810,5,3,300272,300272,300275,0,3,4
85811,6,3,300278,300278,300281,0,3,3
85812,1,2,300279,300281,300283,2,4,0
85813,4,3,300283,300283,300286,0,3,0
85814,6,2,300289,300289,300291,0,2,3
85815,6,3,300295,300295,300298,0,3,4
85816,6,1,300301,300301,300302,0,1,3
85817,2,3,300303,300303,300306,0,3,1
85818,1,2,300304,300306,300308,2,4,0
85819,4,1,300308,300308,300309,0,1,0
85820,2,3,300310,300310,300313,0,3,1
85821,5,2,300315,300315,300317,0,2,2
85822,5,1,300320,300320,300321,0,1,3
85823,3,2,300323,300323,300325,0,2,2
85824,4,3,300327,300327,300330,0,3,2
85825,6,2,300333,300333,300335,0,2,3
85826,4,1,300337,300337,300338,0,1,2
85827,6,2,300343,300343,300345,0,2,5
85828,5,1,300348,300348,300349,0,1,3
85829,3,3,300351,300351,300354,0,3,2
85830,1,3,300352,300354,300357,2,5,0
85831,2,2,300354,300357,300359,3,5,0
85832,3,3,300357,300359,300362,2,5,0
85833,1,1,300358,300362,300363,4,5,0
85834,3,1,300361,300363,300364,2,3,0
85835,1,2,300362,300364,300366,2,4,0
85836,1,2,300363,300366,300368,3,5,0
85837,3,2,300366,300368,300370,2,4,0
85838,6,1,300372,300372,300373,0,1,2
85839,5,1,300377,300377,300378,0,1,4
85840,4,2,300381,300381,300383,0,2,3
85841,2,1,300383,300383,300384,0,1,0
85842,5,2,300388,300388,300390,0,2,4
85843,5,2,300393,300393,300395,0,2,3
85844,2,2,300395,300395,300397,0,2,0
85845,3,2,300398,300398,300400,0,2,1
85846,5,2,300403,300403,300405,0,2,3
85847,3,1,300406,300406,300407,0,1,1
85848,6,2,300412,300412,300414,0,2,5
85849,3,2,300415,300415,300417,0,2,1
85850,2,1,300417,300417,300418,0,1,0
85851,1,2,300418,300418,300420,0,2,0
85852,2,2,300420,300420,300422,0,2,0
85853,5,3,300425,300425,300428,0,3,3
85854,1,1,300426,300428,300429,2,3,0
85855,5,1,300431,300431,300432,0,1,2
85856,6,1,300437,300437,300438,0,1,5
85857,2,1,300439,300439,300440,0,1,1
85858,5,2,300444,300444,300446,0,2,4
85859,3,3,300447,300447,300450,0,3,1
85860,4,1,300451,300451,300452,0,1,1
85861,4,1,300455,300455,300456,0,1,3
85862,5,2,300460,300460,300462,0,2,4
85863,5,3,300465,300465,300468,0,3,3
85864,1,3,300466,300468,300471,2,5,0
85865,3,2,300469,300471,300473,2,4,0
85866,3,2,300472,300473,300475,1,3,0
85867,3,2,300475,300475,300477,0,2,0
85868,4,3,300479,300479,300482,0,3,2
85869,6,2,300485,300485,300487,0,2,3
85870,6,3,300491,300491,300494,0,3,4
85871,5,2,300496,300496,300498,0,2,2
85872,6,3,300502,300502,300505,0,3,4
85873,2,3,300504,300505,300508,1,4,0
85874,3,1,300507,300508,300509,1,2,0
85875,4,1,300511,300511,300512,0,1,2
85876,2,1,300513,300513,300514,0,1,1
85877,2,3,300515,300515,300518,0,3,1
85878,1,1,300516,300518,300519,2,3,0
85879,6,2,300522,300522,300524,0,2,3
85880,4,3,300526,300526,300529,0,3,2
85881,2,2,300528,300529,300531,1,3,0
85882,5,2,300533,300533,300535,0,2,2
85883,3,1,300536,300536,300537,0,1,1
85884,5,3,300541,300541,300544,0,3,4
85885,4,2,300545,300545,300547,0,2,1
85886,1,2,300546,300547,300549,1,3,0
85887,5,2,300551,300551,300553,0,2,2
85888,5,2,300556,300556,300558,0,2,3
85889,6,3,300562,300562,300565,0,3,4
85890,3,1,300565,300565,300566,0,1,0
85891,5,3,300570,300570,300573,0,3,4
85892,6,2,300576,300576,300578,0,2,3
85893,2,2,300578,300578,300580,0,2,0
85894,3,3,300581,300581,300584,0,3,1
85895,4,2,300585,300585,300587,0,2,1
85896,3,2,300588,300588,300590,0,2,1
85897,2,3,300590,300590,300593,0,3,0
85898,1,2,300591,300593,300595,2,4,0
85899,1,3,300592,300595,300598,3,6,0
85900,2,1,300594,300598,300599,4,5,0
85901,4,1,300598,300599,300600,1,2,0
85902,3,3,300601,300601,300604,0,3,1
85903,6,2,300607,300607,300609,0,2,3
85904,3,3,300610,300610,300613,0,3,1
85905,5,3,300615,300615,300618,0,3,2
85906,3,2,300618,300618,300620,0,2,0
85907,4,1,300622,300622,300623,0,1,2
85908,3,3,300625,300625,300628,0,3,2
85909,5,1,300630,300630,300631,0,1,2
85910,6,3,300636,300636,300639,0,3,5
85911,1,3,300637,300639,300642,2,5,0
85912,3,3,300640,300642,300645,2,5,0
85913,6,1,300646,300646,300647,0,1,1
85914,6,3,300652,300652,300655,0,3,5
85915,2,1,300654,300655,300656,1,2,0
85916,6,1,300660,300660,300661,0,1,4
85917,1,2,300661,300661,300663,0,2,0
85918,6,1,300667,300667,300668,0,1,4
85919,5,3,300672,300672,300675,0,3,4
85920,3,1,300675,300675,300676,0,1,0
85921,5,3,300680,300680,300683,0,3,4
85922,6,2,300686,300686,300688,0,2,3
85923,1,1,300687,300688,300689,1,2,0
85924,6,3,300693,300693,300696,0,3,4
85925,6,3,300699,300699,300702,0,3,3
85926,3,1,300702,300702,300703,0,1,0
85927,1,1,300703,300703,300704,0,1,0
85928,3,2,300706,300706,300708,0,2,2
85929,6,2,300712,300712,300714,0,2,4
85930,4,1,300716,300716,300717,0,1,2
85931,2,1,300718,300718,300719,0,1,1
85932,3,1,300721,300721,300722,0,1,2
85933,4,3,300725,300725,300728,0,3,3
85934,3,1,300728,300728,300729,0,1,0
85935,3,3,300731,300731,300734,0,3,2
85936,3,2,300734,300734,300736,0,2,0
85937,6,1,300740,300740,300741,0,1,4
85938,3,1,300743,300743,300744,0,1,2
85939,5,3,300748,300748,300751,0,3,4
85940,3,2,300751,300751,300753,0,2,0
85941,3,1,300754,300754,300755,0,1,1
85942,6,3,300760,300760,300763,0,3,5
85943,5,1,300765,300765,300766,0,1,2
85944,6,2,300771,300771,300773,0,2,5
85945,6,1,300777,300777,300778,0,1,4
85946,5,1,300782,300782,300783,0,1,4
85947,1,3,300783,300783,300786,0,3,0
85948,3,2,300786,300786,300788,0,2,0
85949,3,1,300789,300789,300790,0,1,1
85950,5,2,300794,300794,300796,0,2,4
85951,5,1,300799,300799,300800,0,1,3
85952,1,1,300800,300800,300801,0,1,0
85953,6,1,300806,300806,300807,0,1,5
85954,2,3,300808,300808,300811,0,3,1
85955,1,3,300809,300811,300814,2,5,0
85956,6,2,300815,300815,300817,0,2,1
85957,3,3,300818,300818,300821,0,3,1
85958,5,2,300823,300823,300825,0,2,2
85959,5,3,300828,300828,300831,0,3,3
85960,2,1,300830,300831,300832,1,2,0
85961,4,1,300834,300834,300835,0,1,2
85962,2,3,300836,300836,300839,0,3,1
85963,6,3,300842,300842,300845,0,3,3
85964,2,3,300844,300845,300848,1,4,0
85965,1,2,300845,300848,300850,3,5,0
85966,6,1,300851,300851,300852,0,1,1
85967,1,2,300852,300852,300854,0,2,0
85968,3,2,300855,300855,300857,0,2,1
85969,6,1,300861,300861,300862,0,1,4
85970,6,1,300867,300867,300868,0,1,5
85971,3,1,300870,300870,300871,0,1,2
85972,6,2,300876,300876,300878,0,2,5
85973,2,3,300878,300878,300881,0,3,0
85974,6,3,300884,300884,300887,0,3,3
85975,5,2,300889,300889,300891,0,2,2
85976,1,3,300890,300891,300894,1,4,0
85977,1,3,300891,300894,300897,3,6,0
85978,4,3,300895,300897,300900,2,5,0
85979,5,2,300900,300900,300902,0,2,0
85980,3,1,300903,300903,300904,0,1,1
85981,4,3,300907,300907,300910,0,3,3
85982,4,1,300911,300911,300912,0,1,1
85983,5,3,300916,300916,300919,0,3,4
85984,5,2,300921,300921,300923,0,2,2
85985,2,3,300923,300923,300926,0,3,0
85986,6,3,300929,300929,300932,0,3,3
85987,5,2,300934,300934,300936,0,2,2
85988,6,1,300940,300940,300941,0,1,4
85989,1,3,300941,300941,300944,0,3,0
85990,5,1,300946,300946,300947,0,1,2
85991,2,2,300948,300948,300950,0,2,1
85992,5,1,300953,300953,300954,0,1,3
85993,3,2,300956,300956,300958,0,2,2
85994,5,1,300961,300961,300962,0,1,3
85995,2,1,300963,300963,300964,0,1,1
85996,3,2,300966,300966,300968,0,2,2
85997,5,2,300971,300971,300973,0,2,3
85998,6,1,300977,300977,300978,0,1,4
85999,4,1,300981,300981,300982,0,1,3
86000,4,1,300985,300985,300986,0,1,3
86001,2,2,300987,300987,300989,0,2,1
86002,5,2,300992,300992,300994,0,2,3
86003,5,1,300997,300997,300998,0,1,3
86004,4,1,301001,301001,301002,0,1,3
86005,6,1,301007,301007,301008,0,1,5
86006,4,1,301011,301011,301012,0,1,3
86007,3,2,301014,301014,301016,0,2,2
86008,6,3,301020,301020,301023,0,3,4
86009,5,1,301025,301025,301026,0,1,2
86010,6,1,301031,301031,301032,0,1,5
86011,6,1,301037,301037,301038,0,1,5
86012,4,2,301041,301041,301043,0,2,3
86013,5,3,301046,301046,301049,0,3,3
86014,4,3,301050,301050,301053,0,3,1
86015,2,1,301052,301053,301054,1,2,0
86016,2,1,301054,301054,301055,0,1,0
86017,5,2,301059,301059,301061,0,2,4
86018,2,2,301061,301061,301063,0,2,0
86019,2,3,301063,301063,301066,0,3,0
86020,5,1,301068,301068,301069,0,1,2
86021,4,1,301072,301072,301073,0,1,3
86022,3,3,301075,301075,301078,0,3,2
86023,3,2,301078,301078,301080,0,2,0
86024,2,2,301080,301080,301082,0,2,0
86025,5,2,301085,301085,301087,0,2,3
86026,6,3,301091,301091,301094,0,3,4
86027,1,2,301092,301094,301096,2,4,0
86028,3,2,301095,301096,301098,1,3,0
86029,6,3,301101,301101,301104,0,3,3
86030,5,2,301106,301106,301108,0,2,2
86031,3,3,301109,301109,301112,0,3,1
86032,1,1,301110,301112,301113,2,3,0
86033,6,2,301116,301116,301118,0,2,3
86034,2,2,301118,301118,301120,0,2,0
86035,4,2,301122,301122,301124,0,2,2
86036,3,1,301125,301125,301126,0,1,1
86037,1,2,301126,301126,301128,0,2,0
86038,4,3,301130,301130,301133,0,3,2
86039,4,1,301134,301134,301135,0,1,1
86040,4,2,301138,301138,301140,0,2,3
86041,5,2,301143,301143,301145,0,2,3
86042,5,1,301148,301148,301149,0,1,3
86043,3,3,301151,301151,301154,0,3,2
86044,5,3,301156,301156,301159,0,3,2
86045,1,2,301157,301159,301161,2,4,0
86046,5,3,301162,301162,301165,0,3,1
86047,1,2,301163,301165,301167,2,4,0
86048,2,1,301165,301167,301168,2,3,0
86049,2,2,301167,301168,301170,1,3,0
86050,1,1,301168,301170,301171,2,3,0
86051,3,1,301171,301171,301172,0,1,0
86052,2,2,301173,301173,301175,0,2,1
86053,1,2,301174,301175,301177,1,3,0
86054,6,1,301180,301180,301181,0,1,3
86055,4,2,301184,301184,301186,0,2,3
86056,2,3,301186,301186,301189,0,3,0
86057,2,2,301188,301189,301191,1,3,0
86058,2,2,301190,301191,301193,1,3,0
86059,1,3,301191,301193,301196,2,5,0
86060,4,3,301195,301196,301199,1,4,0
86061,1,2,301196,301199,301201,3,5,0
86062,5,2,301201,301201,301203,0,2,0
86063,2,3,301203,301203,301206,0,3,0
86064,1,3,301204,301206,301209,2,5,0
86065,4,1,301208,301209,301210,1,2,0
86066,5,2,301213,301213,301215,0,2,3
86067,3,3,301216,301216,301219,0,3,1
86068,1,1,301217,301219,301220,2,3,0
86069,2,2,301219,301220,301222,1,3,0
86070,4,2,301223,301223,301225,0,2,1
86071,6,3,301229,301229,301232,0,3,4
86072,4,3,301233,301233,301236,0,3,1
86073,2,3,301235,301236,301239,1,4,0
86074,3,1,301238,301239,301240,1,2,0
86075,2,1,301240,301240,301241,0,1,0
86076,1,2,301241,301241,301243,0,2,0
86077,6,3,301247,301247,301250,0,3,4
86078,1,3,301248,301250,301253,2,5,0
86079,3,3,301251,301253,301256,2,5,0
86080,2,3,301253,301256,301259,3,6,0
86081,1,2,301254,301259,301261,5,7,0
86082,3,1,301257,301261,301262,4,5,0
86083,1,1,301258,301262,301263,4,5,0
86084,4,2,301262,301263,301265,1,3,0
86085,4,2,301266,301266,301268,0,2,1
86086,5,3,301271,301271,301274,0,3,3
86087,6,3,301277,301277,301280,0,3,3
86088,6,1,301283,301283,301284,0,1,3
86089,4,2,301287,301287,301289,0,2,3
86090,2,3,301289,301289,301292,0,3,0
86091,5,1,301294,301294,301295,0,1,2
86092,1,1,301295,301295,301296,0,1,0
86093,3,1,301298,301298,301299,0,1,2
86094,5,2,301303,301303,301305,0,2,4
86095,2,2,301305,301305,301307,0,2,0
86096,3,1,301308,301308,301309,0,1,1
86097,3,1,301311,301311,301312,0,1,2
86098,5,2,301316,301316,301318,0,2,4
86099,5,2,301321,301321,301323,0,2,3
86100,6,2,301327,301327,301329,0,2,4
86101,1,2,301328,301329,301331,1,3,0
86102,3,3,301331,301331,301334,0,3,0
86103,4,1,301335,301335,301336,0,1,1
86104,5,1,301340,301340,301341,0,1,4
86105,6,3,301346,301346,301349,0,3,5
86106,1,2,301347,301349,301351,2,4,0
86107,3,1,301350,301351,301352,1,2,0
86108,3,2,301353,301353,301355,0,2,1
86109,4,2,301357,301357,301359,0,2,2
86110,6,2,301363,301363,301365,0,2,4
86111,2,3,301365,301365,301368,0,3,0
86112,1,2,301366,301368,301370,2,4,0
86113,4,1,301370,301370,301371,0,1,0
86114,2,2,301372,301372,301374,0,2,1
86115,6,2,301378,301378,301380,0,2,4
86116,1,1,301379,301380,301381,1,2,0
86117,5,1,301384,301384,301385,0,1,3
86118,2,2,301386,301386,301388,0,2,1
86119,3,2,301389,301389,301391,0,2,1
86120,6,3,301395,301395,301398,0,3,4
86121,2,3,301397,301398,301401,1,4,0
86122,1,3,301398,301401,301404,3,6,0
86123,6,1,301404,301404,301405,0,1,0
86124,1,2,301405,301405,301407,0,2,0
86125,4,1,301409,301409,301410,0,1,2
86126,6,2,301415,301415,301417,0,2,5
86127,1,3,301416,301417,301420,1,4,0
86128,3,3,301419,301420,301423,1,4,0
86129,1,3,301420,301423,301426,3,6,0
86130,1,2,301421,301426,301428,5,7,0
86131,3,3,301424,301428,301431,4,7,0
86132,6,3,301430,301431,301434,1,4,0
86133,3,1,301433,301434,301435,1,2,0
86134,3,1,301436,301436,301437,0,1,1
86135,1,1,301437,301437,301438,0,1,0
86136,6,2,301443,301443,301445,0,2,5
86137,2,2,301445,301445,301447,0,2,0
86138,6,3,301451,301451,301454,0,3,4
86139,6,1,301457,301457,301458,0,1,3
86140,3,1,301460,301460,301461,0,1,2
86141,2,3,301462,301462,301465,0,3,1
86142,3,1,301465,301465,301466,0,1,0
86143,2,2,301467,301467,301469,0,2,1
86144,2,1,301469,301469,301470,0,1,0
86145,3,3,301472,301472,301475,0,3,2
86146,6,1,301478,301478,301479,0,1,3
86147,5,1,301483,301483,301484,0,1,4
86148,6,3,301489,301489,301492,0,3,5
86149,4,1,301493,301493,301494,0,1,1
86150,2,1,301495,301495,301496,0,1,1
86151,3,1,301498,301498,301499,0,1,2
86152,4,2,301502,301502,301504,0,2,3
86153,1,1,301503,301504,301505,1,2,0
86154,5,2,301508,301508,301510,0,2,3
86155,3,2,301511,301511,301513,0,2,1
86156,6,1,301517,301517,301518,0,1,4
86157,4,3,301521,301521,301524,0,3,3
86158,3,2,301524,301524,301526,0,2,0
86159,1,3,301525,301526,301529,1,4,0
86160,4,2,301529,301529,301531,0,2,0
86161,5,1,301534,301534,301535,0,1,3
86162,2,2,301536,301536,301538,0,2,1
86163,1,2,301537,301538,301540,1,3,0
86164,2,1,301539,301540,301541,1,2,0
86165,6,1,301545,301545,301546,0,1,4
86166,1,2,301546,301546,301548,0,2,0
86167,4,3,301550,301550,301553,0,3,2
86168,5,2,301555,301555,301557,0,2,2
86169,4,3,301559,301559,301562,0,3,2
86170,3,1,301562,301562,301563,0,1,0
86171,5,1,301567,301567,301568,0,1,4
86172,4,2,301571,301571,301573,0,2,3
86173,5,3,301576,301576,301579,0,3,3
86174,5,3,301581,301581,301584,0,3,2
86175,1,1,301582,301584,301585,2,3,0
86176,3,2,301585,301585,301587,0,2,0
86177,5,3,301590,301590,301593,0,3,3
86178,4,2,301594,301594,301596,0,2,1
86179,2,1,301596,301596,301597,0,1,0
86180,3,1,301599,301599,301600,0,1,2
86181,1,3,301600,301600,301603,0,3,0
86182,2,2,301602,301603,301605,1,3,0
86183,1,1,301603,301605,301606,2,3,0
86184,3,3,301606,301606,301609,0,3,0
86185,1,2,301607,301609,301611,2,4,0
86186,2,1,301609,301611,301612,2,3,0
86187,4,2,301613,301613,301615,0,2,1
86188,1,1,301614,301615,301616,1,2,0
86189,5,3,301619,301619,301622,0,3,3
86190,2,3,301621,301622,301625,1,4,0
86191,3,2,301624,301625,301627,1,3,0
86192,5,3,301629,301629,301632,0,3,2
86193,5,3,301634,301634,301637,0,3,2
86194,1,3,301635,301637,301640,2,5,0
86195,3,1,301638,301640,301641,2,3,0
86196,6,1,301644,301644,301645,0,1,3
86197,4,1,301648,301648,301649,0,1,3
86198,1,1,301649,301649,301650,0,1,0
86199,3,3,301652,301652,301655,0,3,2
86200,6,2,301658,301658,301660,0,2,3
86201,3,3,301661,301661,301664,0,3,1
86202,6,1,301667,301667,301668,0,1,3
86203,2,3,301669,301669,301672,0,3,1
86204,1,3,301670,301672,301675,2,5,0
86205,3,1,301673,301675,301676,2,3,0
86206,2,3,301675,301676,301679,1,4,0
86207,4,3,301679,301679,301682,0,3,0
86208,3,1,301682,301682,301683,0,1,0
86209,6,3,301688,301688,301691,0,3,5
86210,4,2,301692,301692,301694,0,2,1
86211,5,2,301697,301697,301699,0,2,3
86212,2,3,301699,301699,301702,0,3,0
86213,2,2,301701,301702,301704,1,3,0
86214,6,2,301707,301707,301709,0,2,3
86215,2,2,301709,301709,301711,0,2,0
86216,2,1,301711,301711,301712,0,1,0
86217,3,3,301714,301714,301717,0,3,2
86218,2,3,301716,301717,301720,1,4,0
86219,5,1,301721,301721,301722,0,1,1
86220,6,2,301727,301727,301729,0,2,5
86221,6,1,301733,301733,301734,0,1,4
86222,4,1,301737,301737,301738,0,1,3
86223,6,2,301743,301743,301745,0,2,5
86224,2,2,301745,301745,301747,0,2,0
86225,6,3,301751,301751,301754,0,3,4
86226,5,1,301756,301756,301757,0,1,2
86227,3,1,301759,301759,301760,0,1,2
86228,3,2,301762,301762,301764,0,2,2
86229,1,2,301763,301764,301766,1,3,0
86230,4,3,301767,301767,301770,0,3,1
86231,5,2,301772,301772,301774,0,2,2
86232,6,3,301778,301778,301781,0,3,4
86233,1,2,301779,301781,301783,2,4,0
86234,3,1,301782,301783,301784,1,2,0
86235,1,1,301783,301784,301785,1,2,0
86236,1,1,301784,301785,301786,1,2,0
86237,2,2,301786,301786,301788,0,2,0
86238,1,2,301787,301788,301790,1,3,0
86239,6,1,301793,301793,301794,0,1,3
86240,3,3,301796,301796,301799,0,3,2
86241,4,2,301800,301800,301802,0,2,1
86242,3,2,301803,301803,301805,0,2,1
86243,4,3,301807,301807,301810,0,3,2
86244,4,2,301811,301811,301813,0,2,1
86245,1,2,301812,301813,301815,1,3,0
86246,5,2,301817,301817,301819,0,2,2
86247,2,2,301819,301819,301821,0,2,0
86248,3,3,301822,301822,301825,0,3,1
86249,4,3,301826,301826,301829,0,3,1
86250,3,3,301829,301829,301832,0,3,0
86251,4,3,301833,301833,301836,0,3,1
86252,1,2,301834,301836,301838,2,4,0
86253,3,3,301837,301838,301841,1,4,0
86254,4,3,301841,301841,301844,0,3,0
86255,6,2,301847,301847,301849,0,2,3
86256,2,3,301849,301849,301852,0,3,0
86257,6,1,301855,301855,301856,0,1,3
86258,3,2,301858,301858,301860,0,2,2
86259,1,1,301859,301860,301861,1,2,0
86260,1,3,301860,301861,301864,1,4,0
86261,1,1,301861,301864,301865,3,4,0
86262,6,3,301867,301867,301870,0,3,2
86263,3,3,301870,301870,301873,0,3,0
86264,5,2,301875,301875,301877,0,2,2
86265,6,1,301881,301881,301882,0,1,4
86266,6,3,301887,301887,301890,0,3,5
86267,6,3,301893,301893,301896,0,3,3
86268,6,1,301899,301899,301900,0,1,3
86269,3,3,301902,301902,301905,0,3,2
86270,4,1,301906,301906,301907,0,1,1
86271,4,3,301910,301910,301913,0,3,3
86272,4,2,301914,301914,301916,0,2,1
86273,2,1,301916,301916,301917,0,1,0
86274,2,3,301918,301918,301921,0,3,1
86275,2,3,301920,301921,301924,1,4,0
86276,3,2,301923,301924,301926,1,3,0
86277,6,3,301929,301929,301932,0,3,3
86278,3,2,301932,301932,301934,0,2,0
86279,3,1,301935,301935,301936,0,1,1
86280,6,1,301941,301941,301942,0,1,5
86281,5,3,301946,301946,301949,0,3,4
86282,4,1,301950,301950,301951,0,1,1
86283,1,2,301951,301951,301953,0,2,0
86284,1,2,301952,301953,301955,1,3,0
86285,2,2,301954,301955,301957,1,3,0
86286,5,3,301959,301959,301962,0,3,2
86287,3,1,301962,301962,301963,0,1,0
86288,1,2,301963,301963,301965,0,2,0
86289,1,1,301964,301965,301966,1,2,0
86290,2,1,301966,301966,301967,0,1,0
86291,6,2,301972,301972,301974,0,2,5
86292,6,1,301978,301978,301979,0,1,4
86293,2,1,301980,301980,301981,0,1,1
86294,6,1,301986,301986,301987,0,1,5
86295,6,2,301992,301992,301994,0,2,5
86296,2,3,301994,301994,301997,0,3,0
86297,6,3,302000,302000,302003,0,3,3
86298,1,1,302001,302003,302004,2,3,0
86299,2,2,302003,302004,302006,1,3,0
86300,1,2,302004,302006,302008,2,4,0
86301,6,1,302010,302010,302011,0,1,2
86302,1,2,302011,302011,302013,0,2,0
86303,5,2,302016,302016,302018,0,2,3
86304,1,1,302017,302018,302019,1,2,0
86305,1,1,302018,302019,302020,1,2,0
86306,5,2,302023,302023,302025,0,2,3
86307,5,1,302028,302028,302029,0,1,3
86308,5,3,302033,302033,302036,0,3,4
86309,5,3,302038,302038,302041,0,3,2
86310,4,1,302042,302042,302043,0,1,1
86311,3,1,302045,302045,302046,0,1,2
86312,3,1,302048,302048,302049,0,1,2
86313,3,3,302051,302051,302054,0,3,2
86314,1,1,302052,302054,302055,2,3,0
86315,3,2,302055,302055,302057,0,2,0
86316,6,3,302061,302061,302064,0,3,4
86317,4,3,302065,302065,302068,0,3,1
86318,5,1,302070,302070,302071,0,1,2
86319,5,2,302075,302075,302077,0,2,4
86320,2,1,302077,302077,302078,0,1,0
86321,4,1,302081,302081,302082,0,1,3
86322,1,1,302082,302082,302083,0,1,0
86323,1,1,302083,302083,302084,0,1,0
86324,4,1,302087,302087,302088,0,1,3
86325,4,1,302091,302091,302092,0,1,3
86326,1,2,302092,302092,302094,0,2,0
86327,4,2,302096,302096,302098,0,2,2
86328,3,3,302099,302099,302102,0,3,1
86329,2,3,302101,302102,302105,1,4,0
86330,1,2,302102,302105,302107,3,5,0
86331,6,1,302108,302108,302109,0,1,1
86332,5,3,302113,302113,302116,0,3,4
86333,2,3,302115,302116,302119,1,4,0
86334,6,1,302121,302121,302122,0,1,2
86335,6,1,302127,302127,302128,0,1,5
86336,3,1,302130,302130,302131,0,1,2
86337,2,2,302132,302132,302134,0,2,1
86338,1,1,302133,302134,302135,1,2,0
86339,5,1,302138,302138,302139,0,1,3
86340,2,2,302140,302140,302142,0,2,1
86341,6,2,302146,302146,302148,0,2,4
86342,1,3,302147,302148,302151,1,4,0
86343,4,1,302151,302151,302152,0,1,0
86344,5,3,302156,302156,302159,0,3,4
86345,2,2,302158,302159,302161,1,3,0
86346,4,2,302162,302162,302164,0,2,1
86347,3,1,302165,302165,302166,0,1,1
86348,5,2,302170,302170,302172,0,2,4
86349,1,2,302171,302172,302174,1,3,0
86350,2,3,302173,302174,302177,1,4,0
86351,3,2,302176,302177,302179,1,3,0
86352,1,3,302177,302179,302182,2,5,0
86353,5,1,302182,302182,302183,0,1,0
86354,6,2,302188,302188,302190,0,2,5
86355,2,1,302190,302190,302191,0,1,0
86356,3,2,302193,302193,302195,0,2,2
86357,4,2,302197,302197,302199,0,2,2
86358,4,1,302201,302201,302202,0,1,2
86359,2,2,302203,302203,302205,0,2,1
86360,5,3,302208,302208,302211,0,3,3
86361,4,1,302212,302212,302213,0,1,1
86362,5,2,302217,302217,302219,0,2,4
86363,2,3,302219,302219,302222,0,3,0
86364,4,3,302223,302223,302226,0,3,1
86365,5,2,302228,302228,302230,0,2,2
86366,1,1,302229,302230,302231,1,2,0
86367,5,3,302234,302234,302237,0,3,3
86368,1,2,302235,302237,302239,2,4,0
86369,1,2,302236,302239,302241,3,5,0
86370,5,3,302241,302241,302244,0,3,0
86371,1,1,302242,302244,302245,2,3,0
86372,3,2,302245,302245,302247,0,2,0
86373,5,1,302250,302250,302251,0,1,3
86374,2,2,302252,302252,302254,0,2,1
86375,1,2,302253,302254,302256,1,3,0
86376,2,2,302255,302256,302258,1,3,0
86377,4,2,302259,302259,302261,0,2,1
86378,5,3,302264,302264,302267,0,3,3
86379,1,2,302265,302267,302269,2,4,0
86380,4,2,302269,302269,302271,0,2,0
86381,5,2,302274,302274,302276,0,2,3
86382,3,2,302277,302277,302279,0,2,1
86383,6,1,302283,302283,302284,0,1,4
86384,1,2,302284,302284,302286,0,2,0
86385,2,1,302286,302286,302287,0,1,0
86386,2,1,302288,302288,302289,0,1,1
86387,1,3,302289,302289,302292,0,3,0
86388,6,2,302295,302295,302297,0,2,3
86389,1,1,302296,302297,302298,1,2,0
86390,2,3,302298,302298,302301,0,3,0
86391,2,2,302300,302301,302303,1,3,0
86392,2,3,302302,302303,302306,1,4,0
86393,4,3,302306,302306,302309,0,3,0
86394,6,3,302312,302312,302315,0,3,3
86395,2,3,302314,302315,302318,1,4,0
86396,4,1,302318,302318,302319,0,1,0
86397,5,1,302323,302323,302324,0,1,4
86398,2,2,302325,302325,302327,0,2,1
86399,2,1,302327,302327,302328,0,1,0
86400,3,1,302330,302330,302331,0,1,2
86401,1,1,302331,302331,302332,0,1,0
86402,2,2,302333,302333,302335,0,2,1
86403,1,3,302334,302335,302338,1,4,0
86404,3,1,302337,302338,302339,1,2,0
86405,2,2,302339,302339,302341,0,2,0
86406,5,2,302344,302344,302346,0,2,3
86407,5,1,302349,302349,302350,0,1,3
86408,4,3,302353,302353,302356,0,3,3
86409,2,2,302355,302356,302358,1,3,0
86410,2,1,302357,302358,302359,1,2,0
86411,6,3,302363,302363,302366,0,3,4
86412,3,1,302366,302366,302367,0,1,0
86413,2,3,302368,302368,302371,0,3,1
86414,5,2,302373,302373,302375,0,2,2
86415,4,3,302377,302377,302380,0,3,2
86416,2,1,302379,302380,302381,1,2,0
86417,6,3,302385,302385,302388,0,3,4
86418,1,3,302386,302388,302391,2,5,0
86419,5,1,302391,302391,302392,0,1,0
86420,6,2,302397,302397,302399,0,2,5
86421,4,2,302401,302401,302403,0,2,2
86422,2,3,302403,302403,302406,0,3,0
86423,6,1,302409,302409,302410,0,1,3
86424,5,2,302414,302414,302416,0,2,4
86425,1,1,302415,302416,302417,1,2,0
86426,3,3,302418,302418,302421,0,3,1
86427,4,3,302422,302422,302425,0,3,1
86428,2,2,302424,302425,302427,1,3,0
86429,3,3,302427,302427,302430,0,3,0
86430,4,3,302431,302431,302434,0,3,1
86431,6,2,302437,302437,302439,0,2,3
86432,1,1,302438,302439,302440,1,2,0
86433,2,1,302440,302440,302441,0,1,0
86434,6,3,302446,302446,302449,0,3,5
86435,1,1,302447,302449,302450,2,3,0
86436,1,3,302448,302450,302453,2,5,0
86437,5,2,302453,302453,302455,0,2,0
86438,1,1,302454,302455,302456,1,2,0
86439,1,1,302455,302456,302457,1,2,0
86440,2,3,302457,302457,302460,0,3,0
86441,5,1,302462,302462,302463,0,1,2
86442,1,3,302463,302463,302466,0,3,0
86443,5,2,302468,302468,302470,0,2,2
86444,1,3,302469,302470,302473,1,4,0
86445,2,3,302471,302473,302476,2,5,0
86446,6,3,302477,302477,302480,0,3,1
86447,4,1,302481,302481,302482,0,1,1
86448,1,1,302482,302482,302483,0,1,0
86449,3,2,302485,302485,302487,0,2,2
86450,2,3,302487,302487,302490,0,3,0
86451,1,1,302488,302490,302491,2,3,0
86452,2,1,302490,302491,302492,1,2,0
86453,4,2,302494,302494,302496,0,2,2
86454,2,3,302496,302496,302499,0,3,0
86455,3,2,302499,302499,302501,0,2,0
86456,4,2,302503,302503,302505,0,2,2
86457,3,1,302506,302506,302507,0,1,1
86458,4,2,302510,302510,302512,0,2,3
86459,3,1,302513,302513,302514,0,1,1
86460,5,1,302518,302518,302519,0,1,4
86461,4,2,302522,302522,302524,0,2,3
86462,4,1,302526,302526,302527,0,1,2
86463,2,3,302528,302528,302531,0,3,1
86464,1,2,302529,302531,302533,2,4,0
86465,5,2,302534,302534,302536,0,2,1
86466,5,3,302539,302539,302542,0,3,3
86467,1,3,302540,302542,302545,2,5,0
86468,4,2,302544,302545,302547,1,3,0
86469,5,3,302549,302549,302552,0,3,2
86470,1,1,302550,302552,302553,2,3,0
86471,5,2,302555,302555,302557,0,2,2
86472,5,1,302560,302560,302561,0,1,3
86473,3,2,302563,302563,302565,0,2,2
86474,6,2,302569,302569,302571,0,2,4
86475,6,3,302575,302575,302578,0,3,4
86476,6,1,302581,302581,302582,0,1,3
86477,2,3,302583,302583,302586,0,3,1
86478,3,1,302586,302586,302587,0,1,0
86479,2,2,302588,302588,302590,0,2,1
86480,3,3,302591,302591,302594,0,3,1
86481,4,1,302595,302595,302596,0,1,1
86482,1,3,302596,302596,302599,0,3,0
86483,2,1,302598,302599,302600,1,2,0
86484,2,3,302600,302600,302603,0,3,0
86485,3,1,302603,302603,302604,0,1,0
86486,5,1,302608,302608,302609,0,1,4
86487,4,3,302612,302612,302615,0,3,3
86488,2,3,302614,302615,302618,1,4,0
86489,3,3,302617,302618,302621,1,4,0
86490,4,1,302621,302621,302622,0,1,0
86491,6,1,302627,302627,302628,0,1,5
86492,2,2,302629,302629,302631,0,2,1
86493,3,3,302632,302632,302635,0,3,1
86494,1,3,302633,302635,302638,2,5,0
86495,5,1,302638,302638,302639,0,1,0
86496,1,2,302639,302639,302641,0,2,0
86497,6,2,302645,302645,302647,0,2,4
86498,5,2,302650,302650,302652,0,2,3
86499,1,3,302651,302652,302655,1,4,0
86500,1,1,302652,302655,302656,3,4,0
86501,1,2,302653,302656,302658,3,5,0
86502,1,2,302654,302658,302660,4,6,0
86503,4,1,302658,302660,302661,2,3,0
86504,3,1,302661,302661,302662,0,1,0
86505,2,2,302663,302663,302665,0,2,1
86506,3,1,302666,302666,302667,0,1,1
86507,3,1,302669,302669,302670,0,1,2
86508,1,1,302670,302670,302671,0,1,0
86509,5,2,302675,302675,302677,0,2,4
86510,2,2,302677,302677,302679,0,2,0
86511,1,3,302678,302679,302682,1,4,0
86512,5,3,302683,302683,302686,0,3,1
86513,6,2,302689,302689,302691,0,2,3
86514,6,3,302695,302695,302698,0,3,4
86515,4,1,302699,302699,302700,0,1,1
86516,6,2,302705,302705,302707,0,2,5
86517,6,3,302711,302711,302714,0,3,4
86518,2,2,302713,302714,302716,1,3,0
86519,1,3,302714,302716,302719,2,5,0
86520,3,2,302717,302719,302721,2,4,0
86521,5,3,302722,302722,302725,0,3,1
86522,4,3,302726,302726,302729,0,3,1
86523,5,1,302731,302731,302732,0,1,2
86524,3,3,302734,302734,302737,0,3,2
86525,5,1,302739,302739,302740,0,1,2
86526,4,1,302743,302743,302744,0,1,3
86527,3,1,302746,302746,302747,0,1,2
86528,1,1,302747,302747,302748,0,1,0
86529,6,1,302753,302753,302754,0,1,5
86530,4,1,302757,302757,302758,0,1,3
86531,3,2,302760,302760,302762,0,2,2
86532,2,1,302762,302762,302763,0,1,0
86533,5,3,302767,302767,302770,0,3,4
86534,2,1,302769,302770,302771,1,2,0
86535,2,2,302771,302771,302773,0,2,0
86536,5,1,302776,302776,302777,0,1,3
86537,5,2,302781,302781,302783,0,2,4
86538,3,1,302784,302784,302785,0,1,1
86539,2,1,302786,302786,302787,0,1,1
86540,3,2,302789,302789,302791,0,2,2
86541,5,1,302794,302794,302795,0,1,3
86542,5,3,302799,302799,302802,0,3,4
86543,4,1,302803,302803,302804,0,1,1
86544,3,3,302806,302806,302809,0,3,2
86545,6,3,302812,302812,302815,0,3,3
86546,5,3,302817,302817,302820,0,3,2
86547,1,2,302818,302820,302822,2,4,0
86548,1,2,302819,302822,302824,3,5,0
86549,6,3,302825,302825,302828,0,3,1
86550,5,3,302830,302830,302833,0,3,2
86551,6,3,302836,302836,302839,0,3,3
86552,6,3,302842,302842,302845,0,3,3
86553,3,1,302845,302845,302846,0,1,0
86554,5,3,302850,302850,302853,0,3,4
86555,2,1,302852,302853,302854,1,2,0
86556,5,3,302857,302857,302860,0,3,3
86557,6,2,302863,302863,302865,0,2,3
86558,5,2,302868,302868,302870,0,2,3
86559,5,3,302873,302873,302876,0,3,3
86560,2,2,302875,302876,302878,1,3,0
86561,3,3,302878,302878,302881,0,3,0
86562,1,2,302879,302881,302883,2,4,0
86563,6,3,302885,302885,302888,0,3,2
86564,1,3,302886,302888,302891,2,5,0
86565,1,3,302887,302891,302894,4,7,0
86566,4,2,302891,302894,302896,3,5,0
86567,1,1,302892,302896,302897,4,5,0
86568,2,1,302894,302897,302898,3,4,0
86569,1,1,302895,302898,302899,3,4,0
86570,4,1,302899,302899,302900,0,1,0
86571,5,3,302904,302904,302907,0,3,4
86572,6,2,302910,302910,302912,0,2,3
86573,6,3,302916,302916,302919,0,3,4
86574,3,3,302919,302919,302922,0,3,0
86575,3,1,302922,302922,302923,0,1,0
86576,4,1,302926,302926,302927,0,1,3
86577,3,2,302929,302929,302931,0,2,2
86578,5,2,302934,302934,302936,0,2,3
86579,5,2,302939,302939,302941,0,2,3
86580,1,3,302940,302941,302944,1,4,0
86581,1,2,302941,302944,302946,3,5,0
86582,1,2,302942,302946,302948,4,6,0
86583,1,3,302943,302948,302951,5,8,0
86584,3,1,302946,302951,302952,5,6,0
86585,6,3,302952,302952,302955,0,3,0
86586,2,3,302954,302955,302958,1,4,0
86587,1,3,302955,302958,302961,3,6,0
86588,4,1,302959,302961,302962,2,3,0
86589,6,3,302965,302965,302968,0,3,3
86590,6,1,302971,302971,302972,0,1,3
86591,1,2,302972,302972,302974,0,2,0
86592,5,2,302977,302977,302979,0,2,3
86593,5,2,302982,302982,302984,0,2,3
86594,4,3,302986,302986,302989,0,3,2
86595,5,1,302991,302991,302992,0,1,2
86596,6,2,302997,302997,302999,0,2,5
86597,5,1,303002,303002,303003,0,1,3
86598,3,1,303005,303005,303006,0,1,2
86599,5,2,303010,303010,303012,0,2,4
86600,2,3,303012,303012,303015,0,3,0
86601,3,2,303015,303015,303017,0,2,0
86602,4,2,303019,303019,303021,0,2,2
86603,5,2,303024,303024,303026,0,2,3
86604,2,3,303026,303026,303029,0,3,0
86605,2,1,303028,303029,303030,1,2,0
86606,6,1,303034,303034,303035,0,1,4
86607,4,1,303038,303038,303039,0,1,3
86608,1,1,303039,303039,303040,0,1,0
86609,3,1,303042,303042,303043,0,1,2
86610,1,3,303043,303043,303046,0,3,0
86611,6,3,303049,303049,303052,0,3,3
86612,2,3,303051,303052,303055,1,4,0
86613,4,3,303055,303055,303058,0,3,0
86614,5,3,303060,303060,303063,0,3,2
86615,2,1,303062,303063,303064,1,2,0
86616,5,2,303067,303067,303069,0,2,3
86617,3,3,303070,303070,303073,0,3,1
86618,6,3,303076,303076,303079,0,3,3
86619,6,2,303082,303082,303084,0,2,3
86620,2,2,303084,303084,303086,0,2,0
86621,2,1,303086,303086,303087,0,1,0
86622,2,1,303088,303088,303089,0,1,1
86623,1,3,303089,303089,303092,0,3,0
86624,5,2,303094,303094,303096,0,2,2
86625,3,2,303097,303097,303099,0,2,1
86626,2,1,303099,303099,303100,0,1,0
86627,6,1,303105,303105,303106,0,1,5
86628,2,3,303107,303107,303110,0,3,1
86629,3,3,303110,303110,303113,0,3,0
86630,5,2,303115,303115,303117,0,2,2
86631,4,1,303119,303119,303120,0,1,2
86632,2,3,303121,303121,303124,0,3,1
86633,5,2,303126,303126,303128,0,2,2
86634,5,1,303131,303131,303132,0,1,3
86635,4,1,303135,303135,303136,0,1,3
86636,4,2,303139,303139,303141,0,2,3
86637,2,1,303141,303141,303142,0,1,0
86638,6,1,303147,303147,303148,0,1,5
86639,3,1,303150,303150,303151,0,1,2
86640,2,1,303152,303152,303153,0,1,1
86641,6,2,303158,303158,303160,0,2,5
86642,3,3,303161,303161,303164,0,3,1
86643,1,1,303162,303164,303165,2,3,0
86644,5,2,303167,303167,303169,0,2,2
86645,3,1,303170,303170,303171,0,1,1
86646,1,2,303171,303171,303173,0,2,0
86647,2,3,303173,303173,303176,0,3,0
86648,3,2,303176,303176,303178,0,2,0
86649,2,2,303178,303178,303180,0,2,0
86650,2,2,303180,303180,303182,0,2,0
86651,4,3,303184,303184,303187,0,3,2
86652,6,2,303190,303190,303192,0,2,3
86653,5,1,303195,303195,303196,0,1,3
86654,3,1,303198,303198,303199,0,1,2
86655,6,2,303204,303204,303206,0,2,5
86656,3,1,303207,303207,303208,0,1,1
86657,2,3,303209,303209,303212,0,3,1
86658,2,1,303211,303212,303213,1,2,0
86659,4,3,303215,303215,303218,0,3,2
86660,2,2,303217,303218,303220,1,3,0
86661,5,2,303222,303222,303224,0,2,2
86662,2,2,303224,303224,303226,0,2,0
86663,4,3,303228,303228,303231,0,3,2
86664,6,3,303234,303234,303237,0,3,3
86665,6,2,303240,303240,303242,0,2,3
86666,3,1,303243,303243,303244,0,1,1
86667,2,1,303245,303245,303246,0,1,1
86668,1,2,303246,303246,303248,0,2,0
86669,1,1,303247,303248,303249,1,2,0
86670,4,1,303251,303251,303252,0,1,2
86671,5,3,303256,303256,303259,0,3,4
86672,5,3,303261,303261,303264,0,3,2
86673,2,1,303263,303264,303265,1,2,0
86674,1,3,303264,303265,303268,1,4,0
86675,6,3,303270,303270,303273,0,3,2
86676,2,1,303272,303273,303274,1,2,0
86677,2,3,303274,303274,303277,0,3,0
86678,4,1,303278,303278,303279,0,1,1
86679,3,1,303281,303281,303282,0,1,2
86680,3,1,303284,303284,303285,0,1,2
86681,4,1,303288,303288,303289,0,1,3
86682,6,2,303294,303294,303296,0,2,5
86683,3,1,303297,303297,303298,0,1,1
86684,2,2,303299,303299,303301,0,2,1
86685,5,3,303304,303304,303307,0,3,3
86686,4,3,303308,303308,303311,0,3,1
86687,2,2,303310,303311,303313,1,3,0
86688,5,1,303315,303315,303316,0,1,2
86689,4,2,303319,303319,303321,0,2,3
86690,3,2,303322,303322,303324,0,2,1
86691,5,3,303327,303327,303330,0,3,3
86692,5,3,303332,303332,303335,0,3,2
86693,3,2,303335,303335,303337,0,2,0
86694,4,1,303339,303339,303340,0,1,2
86695,2,3,303341,303341,303344,0,3,1
86696,4,3,303345,303345,303348,0,3,1
86697,4,3,303349,303349,303352,0,3,1
86698,6,1,303355,303355,303356,0,1,3
86699,1,2,303356,303356,303358,0,2,0
86700,6,1,303362,303362,303363,0,1,4
86701,4,3,303366,303366,303369,0,3,3
86702,4,2,303370,303370,303372,0,2,1
86703,2,2,303372,303372,303374,0,2,0
86704,3,2,303375,303375,303377,0,2,1
86705,2,2,303377,303377,303379,0,2,0
86706,5,1,303382,303382,303383,0,1,3
86707,3,3,303385,303385,303388,0,3,2
86708,5,3,303390,303390,303393,0,3,2
86709,6,3,303396,303396,303399,0,3,3
86710,6,1,303402,303402,303403,0,1,3
86711,1,1,303403,303403,303404,0,1,0
86712,6,3,303409,303409,303412,0,3,5
86713,1,2,303410,303412,303414,2,4,0
86714,1,3,303411,303414,303417,3,6,0
86715,4,2,303415,303417,303419,2,4,0
86716,1,3,303416,303419,303422,3,6,0
86717,1,3,303417,303422,303425,5,8,0
86718,4,2,303421,303425,303427,4,6,0
86719,3,3,303424,303427,303430,3,6,0
86720,5,1,303429,303430,303431,1,2,0
86721,3,3,303432,303432,303435,0,3,1
86722,2,3,303434,303435,303438,1,4,0
86723,1,1,303435,303438,303439,3,4,0
86724,4,2,303439,303439,303441,0,2,0
86725,2,1,303441,303441,303442,0,1,0
86726,5,2,303446,303446,303448,0,2,4
86727,2,1,303448,303448,303449,0,1,0
86728,4,1,303452,303452,303453,0,1,3
86729,2,1,303454,303454,303455,0,1,1
86730,5,2,303459,303459,303461,0,2,4
86731,1,3,303460,303461,303464,1,4,0
86732,4,3,303464,303464,303467,0,3,0
86733,4,2,303468,303468,303470,0,2,1
86734,3,3,303471,303471,303474,0,3,1
86735,4,3,303475,303475,303478,0,3,1
86736,4,3,303479,303479,303482,0,3,1
86737,2,3,303481,303482,303485,1,4,0
86738,2,2,303483,303485,303487,2,4,0
86739,4,2,303487,303487,303489,0,2,0
86740,3,3,303490,303490,303493,0,3,1
86741,2,3,303492,303493,303496,1,4,0
86742,4,3,303496,303496,303499,0,3,0
86743,2,3,303498,303499,303502,1,4,0
86744,5,2,303503,303503,303505,0,2,1
86745,3,2,303506,303506,303508,0,2,1
86746,3,3,303509,303509,303512,0,3,1
86747,5,1,303514,303514,303515,0,1,2
86748,3,1,303517,303517,303518,0,1,2
86749,6,2,303523,303523,303525,0,2,5
86750,1,1,303524,303525,303526,1,2,0
86751,6,3,303530,303530,303533,0,3,4
86752,1,3,303531,303533,303536,2,5,0
86753,5,1,303536,303536,303537,0,1,0
86754,5,2,303541,303541,303543,0,2,4
86755,2,1,303543,303543,303544,0,1,0
86756,4,1,303547,303547,303548,0,1,3
86757,3,3,303550,303550,303553,0,3,2
86758,3,2,303553,303553,303555,0,2,0
86759,4,3,303557,303557,303560,0,3,2
86760,6,2,303563,303563,303565,0,2,3
86761,3,3,303566,303566,303569,0,3,1
86762,1,2,303567,303569,303571,2,4,0
86763,3,1,303570,303571,303572,1,2,0
86764,6,2,303576,303576,303578,0,2,4
86765,5,1,303581,303581,303582,0,1,3
86766,2,3,303583,303583,303586,0,3,1
86767,4,3,303587,303587,303590,0,3,1
86768,6,1,303593,303593,303594,0,1,3
86769,5,2,303598,303598,303600,0,2,4
86770,1,1,303599,303600,303601,1,2,0
86771,3,1,303602,303602,303603,0,1,1
86772,6,3,303608,303608,303611,0,3,5
86773,3,2,303611,303611,303613,0,2,0
86774,1,3,303612,303613,303616,1,4,0
86775,5,2,303617,303617,303619,0,2,1
86776,6,3,303623,303623,303626,0,3,4
86777,6,1,303629,303629,303630,0,1,3
86778,2,3,303631,303631,303634,0,3,1
86779,2,1,303633,303634,303635,1,2,0
86780,5,3,303638,303638,303641,0,3,3
86781,2,2,303640,303641,303643,1,3,0
86782,6,1,303646,303646,303647,0,1,3
86783,1,3,303647,303647,303650,0,3,0
86784,1,1,303648,303650,303651,2,3,0
86785,5,3,303653,303653,303656,0,3,2
86786,3,2,303656,303656,303658,0,2,0
86787,5,2,303661,303661,303663,0,2,3
86788,1,3,303662,303663,303666,1,4,0
86789,1,2,303663,303666,303668,3,5,0
86790,5,1,303668,303668,303669,0,1,0
86791,4,3,303672,303672,303675,0,3,3
86792,3,1,303675,303675,303676,0,1,0
86793,3,2,303678,303678,303680,0,2,2
86794,2,3,303680,303680,303683,0,3,0
86795,4,1,303684,303684,303685,0,1,1
86796,3,3,303687,303687,303690,0,3,2
86797,2,1,303689,303690,303691,1,2,0
86798,1,2,303690,303691,303693,1,3,0
86799,5,1,303695,303695,303696,0,1,2
86800,5,3,303700,303700,303703,0,3,4
86801,6,3,303706,303706,303709,0,3,3
86802,4,2,303710,303710,303712,0,2,1
86803,4,1,303714,303714,303715,0,1,2
86804,4,2,303718,303718,303720,0,2,3
86805,4,1,303722,303722,303723,0,1,2
86806,5,1,303727,303727,303728,0,1,4
86807,2,1,303729,303729,303730,0,1,1
86808,4,1,303733,303733,303734,0,1,3
86809,1,3,303734,303734,303737,0,3,0
86810,1,2,303735,303737,303739,2,4,0
86811,3,3,303738,303739,303742,1,4,0
86812,6,1,303744,303744,303745,0,1,2
86813,5,1,303749,303749,303750,0,1,4
86814,3,1,303752,303752,303753,0,1,2
86815,5,2,303757,303757,303759,0,2,4
86816,6,1,303763,303763,303764,0,1,4
86817,3,1,303766,303766,303767,0,1,2
86818,6,3,303772,303772,303775,0,3,5
86819,4,2,303776,303776,303778,0,2,1
86820,1,1,303777,303778,303779,1,2,0
86821,3,2,303780,303780,303782,0,2,1
86822,3,1,303783,303783,303784,0,1,1
86823,2,3,303785,303785,303788,0,3,1
86824,6,2,303791,303791,303793,0,2,3
86825,6,2,303797,303797,303799,0,2,4
86826,2,2,303799,303799,303801,0,2,0
86827,4,2,303803,303803,303805,0,2,2
86828,6,3,303809,303809,303812,0,3,4
86829,2,2,303811,303812,303814,1,3,0
86830,1,2,303812,303814,303816,2,4,0
86831,3,1,303815,303816,303817,1,2,0
86832,5,3,303820,303820,303823,0,3,3
86833,4,1,303824,303824,303825,0,1,1
86834,2,1,303826,303826,303827,0,1,1
86835,3,3,303829,303829,303832,0,3,2
86836,6,2,303835,303835,303837,0,2,3
86837,1,2,303836,303837,303839,1,3,0
86838,5,2,303841,303841,303843,0,2,2
86839,5,2,303846,303846,303848,0,2,3
86840,2,3,303848,303848,303851,0,3,0
86841,5,2,303853,303853,303855,0,2,2
86842,6,2,303859,303859,303861,0,2,4
86843,3,1,303862,303862,303863,0,1,1
86844,2,3,303864,303864,303867,0,3,1
86845,4,2,303868,303868,303870,0,2,1
86846,2,1,303870,303870,303871,0,1,0
86847,5,3,303875,303875,303878,0,3,4
86848,4,3,303879,303879,303882,0,3,1
86849,6,1,303885,303885,303886,0,1,3
86850,3,2,303888,303888,303890,0,2,2
86851,3,1,303891,303891,303892,0,1,1
86852,2,2,303893,303893,303895,0,2,1
86853,1,3,303894,303895,303898,1,4,0
86854,1,1,303895,303898,303899,3,4,0
86855,4,1,303899,303899,303900,0,1,0
86856,2,2,303901,303901,303903,0,2,1
86857,2,3,303903,303903,303906,0,3,0
86858,1,3,303904,303906,303909,2,5,0
86859,6,2,303910,303910,303912,0,2,1
86860,4,2,303914,303914,303916,0,2,2
86861,6,3,303920,303920,303923,0,3,4
86862,3,2,303923,303923,303925,0,2,0
86863,3,3,303926,303926,303929,0,3,1
86864,1,1,303927,303929,303930,2,3,0
86865,5,3,303932,303932,303935,0,3,2
86866,1,1,303933,303935,303936,2,3,0
86867,5,3,303938,303938,303941,0,3,2
86868,5,1,303943,303943,303944,0,1,2
86869,2,2,303945,303945,303947,0,2,1
86870,6,1,303951,303951,303952,0,1,4
86871,4,3,303955,303955,303958,0,3,3
86872,1,1,303956,303958,303959,2,3,0
86873,2,3,303958,303959,303962,1,4,0
86874,5,3,303963,303963,303966,0,3,1
86875,5,2,303968,303968,303970,0,2,2
86876,4,3,303972,303972,303975,0,3,2
86877,5,3,303977,303977,303980,0,3,2
86878,4,1,303981,303981,303982,0,1,1
86879,6,3,303987,303987,303990,0,3,5
86880,2,1,303989,303990,303991,1,2,0
86881,1,3,303990,303991,303994,1,4,0
86882,4,2,303994,303994,303996,0,2,0
86883,2,2,303996,303996,303998,0,2,0
86884,5,2,304001,304001,304003,0,2,3
86885,3,3,304004,304004,304007,0,3,1
86886,2,2,304006,304007,304009,1,3,0
86887,4,1,304010,304010,304011,0,1,1
86888,3,2,304013,304013,304015,0,2,2
86889,4,3,304017,304017,304020,0,3,2
86890,6,2,304023,304023,304025,0,2,3
86891,1,3,304024,304025,304028,1,4,0
86892,1,3,304025,304028,304031,3,6,0
86893,5,1,304030,304031,304032,1,2,0
86894,2,2,304032,304032,304034,0,2,0
86895,5,1,304037,304037,304038,0,1,3
86896,6,2,304043,304043,304045,0,2,5
86897,3,1,304046,304046,304047,0,1,1
86898,1,3,304047,304047,304050,0,3,0
86899,1,3,304048,304050,304053,2,5,0
86900,1,1,304049,304053,304054,4,5,0
86901,3,1,304052,304054,304055,2,3,0
86902,3,3,304055,304055,304058,0,3,0
86903,2,1,304057,304058,304059,1,2,0
86904,2,3,304059,304059,304062,0,3,0
86905,5,3,304064,304064,304067,0,3,2
86906,5,2,304069,304069,304071,0,2,2
86907,3,1,304072,304072,304073,0,1,1
86908,5,1,304077,304077,304078,0,1,4
86909,2,3,304079,304079,304082,0,3,1
86910,2,3,304081,304082,304085,1,4,0
86911,2,1,304083,304085,304086,2,3,0
86912,3,2,304086,304086,304088,0,2,0
86913,3,3,304089,304089,304092,0,3,1
86914,5,3,304094,304094,304097,0,3,2
86915,3,3,304097,304097,304100,0,3,0
86916,3,1,304100,304100,304101,0,1,0
86917,5,3,304105,304105,304108,0,3,4
86918,1,3,304106,304108,304111,2,5,0
86919,4,3,304110,304111,304114,1,4,0
86920,6,2,304116,304116,304118,0,2,2
86921,3,3,304119,304119,304122,0,3,1
86922,5,3,304124,304124,304127,0,3,2
86923,2,1,304126,304127,304128,1,2,0
86924,5,2,304131,304131,304133,0,2,3
86925,4,3,304135,304135,304138,0,3,2
86926,1,1,304136,304138,304139,2,3,0
86927,3,1,304139,304139,304140,0,1,0
86928,3,3,304142,304142,304145,0,3,2
86929,4,2,304146,304146,304148,0,2,1
86930,4,1,304150,304150,304151,0,1,2
86931,3,2,304153,304153,304155,0,2,2
86932,4,1,304157,304157,304158,0,1,2
86933,5,3,304162,304162,304165,0,3,4
86934,2,2,304164,304165,304167,1,3,0
86935,2,2,304166,304167,304169,1,3,0
86936,4,2,304170,304170,304172,0,2,1
86937,1,1,304171,304172,304173,1,2,0
86938,5,1,304176,304176,304177,0,1,3
86939,6,2,304182,304182,304184,0,2,5
86940,1,1,304183,304184,304185,1,2,0
86941,2,1,304185,304185,304186,0,1,0
86942,3,1,304188,304188,304189,0,1,2
86943,2,1,304190,304190,304191,0,1,1
86944,3,1,304193,304193,304194,0,1,2
86945,2,3,304195,304195,304198,0,3,1
86946,4,2,304199,304199,304201,0,2,1
86947,6,1,304205,304205,304206,0,1,4
86948,1,2,304206,304206,304208,0,2,0
86949,1,3,304207,304208,304211,1,4,0
86950,6,3,304213,304213,304216,0,3,2
86951,2,3,304215,304216,304219,1,4,0
86952,5,3,304220,304220,304223,0,3,1
86953,1,1,304221,304223,304224,2,3,0
86954,1,3,304222,304224,304227,2,5,0
86955,3,1,304225,304227,304228,2,3,0
86956,4,2,304229,304229,304231,0,2,1
86957,3,3,304232,304232,304235,0,3,1
86958,4,1,304236,304236,304237,0,1,1
86959,5,3,304241,304241,304244,0,3,4
86960,6,3,304247,304247,304250,0,3,3
86961,5,1,304252,304252,304253,0,1,2
86962,4,3,304256,304256,304259,0,3,3
86963,2,3,304258,304259,304262,1,4,0
86964,6,1,304264,304264,304265,0,1,2
86965,1,1,304265,304265,304266,0,1,0
86966,4,3,304269,304269,304272,0,3,3
86967,2,2,304271,304272,304274,1,3,0
86968,6,2,304277,304277,304279,0,2,3
86969,1,3,304278,304279,304282,1,4,0
86970,5,1,304283,304283,304284,0,1,1
86971,2,1,304285,304285,304286,0,1,1
86972,4,2,304289,304289,304291,0,2,3
86973,4,3,304293,304293,304296,0,3,2
86974,4,2,304297,304297,304299,0,2,1
86975,2,3,304299,304299,304302,0,3,0
86976,1,3,304300,304302,304305,2,5,0
86977,6,2,304306,304306,304308,0,2,1
86978,6,2,304312,304312,304314,0,2,4
86979,4,2,304316,304316,304318,0,2,2
86980,4,3,304320,304320,304323,0,3,2
86981,5,1,304325,304325,304326,0,1,2
86982,3,2,304328,304328,304330,0,2,2
86983,3,1,304331,304331,304332,0,1,1
86984,6,3,304337,304337,304340,0,3,5
86985,6,2,304343,304343,304345,0,2,3
86986,5,3,304348,304348,304351,0,3,3
86987,1,3,304349,304351,304354,2,5,0
86988,1,1,304350,304354,304355,4,5,0
86989,5,2,304355,304355,304357,0,2,0
86990,2,3,304357,304357,304360,0,3,0
86991,2,2,304359,304360,304362,1,3,0
86992,5,1,304364,304364,304365,0,1,2
86993,6,2,304370,304370,304372,0,2,5
86994,1,2,304371,304372,304374,1,3,0
86995,2,3,304373,304374,304377,1,4,0
86996,4,1,304377,304377,304378,0,1,0
86997,4,1,304381,304381,304382,0,1,3
86998,4,2,304385,304385,304387,0,2,3
86999,5,2,304390,304390,304392,0,2,3
87000,4,2,304394,304394,304396,0,2,2
87001,2,3,304396,304396,304399,0,3,0
87002,5,3,304401,304401,304404,0,3,2
87003,5,2,304406,304406,304408,0,2,2
87004,4,2,304410,304410,304412,0,2,2
87005,2,2,304412,304412,304414,0,2,0
87006,3,3,304415,304415,304418,0,3,1
87007,1,1,304416,304418,304419,2,3,0
87008,3,1,304419,304419,304420,0,1,0
87009,2,3,304421,304421,304424,0,3,1
87010,6,3,304427,304427,304430,0,3,3
87011,1,2,304428,304430,304432,2,4,0
87012,4,2,304432,304432,304434,0,2,0
87013,5,2,304437,304437,304439,0,2,3
87014,3,1,304440,304440,304441,0,1,1
87015,4,1,304444,304444,304445,0,1,3
87016,5,3,304449,304449,304452,0,3,4
87017,2,1,304451,304452,304453,1,2,0
87018,3,1,304454,304454,304455,0,1,1
87019,1,1,304455,304455,304456,0,1,0
87020,4,1,304459,304459,304460,0,1,3
87021,6,3,304465,304465,304468,0,3,5
87022,2,2,304467,304468,304470,1,3,0
87023,5,2,304472,304472,304474,0,2,2
87024,4,1,304476,304476,304477,0,1,2
87025,1,1,304477,304477,304478,0,1,0
87026,3,2,304480,304480,304482,0,2,2
87027,2,2,304482,304482,304484,0,2,0
87028,6,1,304488,304488,304489,0,1,4
87029,1,3,304489,304489,304492,0,3,0
87030,1,3,304490,304492,304495,2,5,0
87031,3,3,304493,304495,304498,2,5,0
87032,1,3,304494,304498,304501,4,7,0
87033,3,2,304497,304501,304503,4,6,0
87034,4,1,304501,304503,304504,2,3,0
87035,2,3,304503,304504,304507,1,4,0
87036,5,2,304508,304508,304510,0,2,1
87037,4,1,304512,304512,304513,0,1,2
87038,5,1,304517,304517,304518,0,1,4
87039,5,3,304522,304522,304525,0,3,4
87040,1,2,304523,304525,304527,2,4,0
87041,5,2,304528,304528,304530,0,2,1
87042,6,3,304534,304534,304537,0,3,4
87043,4,3,304538,304538,304541,0,3,1
87044,1,3,304539,304541,304544,2,5,0
87045,1,3,304540,304544,304547,4,7,0
87046,6,1,304546,304547,304548,1,2,0
87047,6,3,304552,304552,304555,0,3,4
87048,1,3,304553,304555,304558,2,5,0
87049,6,1,304559,304559,304560,0,1,1
87050,1,2,304560,304560,304562,0,2,0
87051,4,2,304564,304564,304566,0,2,2
87052,1,1,304565,304566,304567,1,2,0
87053,2,2,304567,304567,304569,0,2,0
87054,6,3,304573,304573,304576,0,3,4
87055,4,3,304577,304577,304580,0,3,1
87056,3,3,304580,304580,304583,0,3,0
87057,1,2,304581,304583,304585,2,4,0
87058,1,3,304582,304585,304588,3,6,0
87059,1,3,304583,304588,304591,5,8,0
87060,5,3,304588,304591,304594,3,6,0
87061,5,1,304593,304594,304595,1,2,0
87062,5,1,304598,304598,304599,0,1,3
87063,6,2,304604,304604,304606,0,2,5
87064,1,1,304605,304606,304607,1,2,0
87065,6,2,304611,304611,304613,0,2,4
87066,3,2,304614,304614,304616,0,2,1
87067,3,1,304617,304617,304618,0,1,1
87068,5,1,304622,304622,304623,0,1,4
87069,5,2,304627,304627,304629,0,2,4
87070,2,1,304629,304629,304630,0,1,0
87071,3,3,304632,304632,304635,0,3,2
87072,5,3,304637,304637,304640,0,3,2
87073,2,1,304639,304640,304641,1,2,0
87074,5,1,304644,304644,304645,0,1,3
87075,1,2,304645,304645,304647,0,2,0
87076,1,2,304646,304647,304649,1,3,0
87077,3,1,304649,304649,304650,0,1,0
87078,5,2,304654,304654,304656,0,2,4
87079,6,2,304660,304660,304662,0,2,4
87080,2,2,304662,304662,304664,0,2,0
87081,5,2,304667,304667,304669,0,2,3
87082,3,2,304670,304670,304672,0,2,1
87083,1,1,304671,304672,304673,1,2,0
87084,3,1,304674,304674,304675,0,1,1
87085,2,2,304676,304676,304678,0,2,1
87086,3,3,304679,304679,304682,0,3,1
87087,5,3,304684,304684,304687,0,3,2
87088,6,3,304690,304690,304693,0,3,3
87089,1,3,304691,304693,304696,2,5,0
87090,4,1,304695,304696,304697,1,2,0
87091,5,3,304700,304700,304703,0,3,3
87092,2,2,304702,304703,304705,1,3,0
87093,1,3,304703,304705,304708,2,5,0
87094,4,2,304707,304708,304710,1,3,0
87095,6,1,304713,304713,304714,0,1,3
87096,2,2,304715,304715,304717,0,2,1
87097,4,1,304719,304719,304720,0,1,2
87098,2,2,304721,304721,304723,0,2,1
87099,2,3,304723,304723,304726,0,3,0
87100,1,2,304724,304726,304728,2,4,0
87101,4,3,304728,304728,304731,0,3,0
87102,4,1,304732,304732,304733,0,1,1
87103,5,2,304737,304737,304739,0,2,4
87104,6,1,304743,304743,304744,0,1,4
87105,4,1,304747,304747,304748,0,1,3
87106,1,3,304748,304748,304751,0,3,0
87107,5,1,304753,304753,304754,0,1,2
87108,5,2,304758,304758,304760,0,2,4
87109,6,1,304764,304764,304765,0,1,4
87110,5,2,304769,304769,304771,0,2,4
87111,5,3,304774,304774,304777,0,3,3
87112,4,2,304778,304778,304780,0,2,1
87113,3,2,304781,304781,304783,0,2,1
87114,5,2,304786,304786,304788,0,2,3
87115,3,1,304789,304789,304790,0,1,1
87116,6,2,304795,304795,304797,0,2,5
87117,3,1,304798,304798,304799,0,1,1
87118,3,1,304801,304801,304802,0,1,2
87119,1,1,304802,304802,304803,0,1,0
87120,2,3,304804,304804,304807,0,3,1
87121,3,2,304807,304807,304809,0,2,0
87122,1,1,304808,304809,304810,1,2,0
87123,5,2,304813,304813,304815,0,2,3
87124,3,1,304816,304816,304817,0,1,1
87125,3,1,304819,304819,304820,0,1,2
87126,4,2,304823,304823,304825,0,2,3
87127,6,1,304829,304829,304830,0,1,4
87128,1,2,304830,304830,304832,0,2,0
87129,4,2,304834,304834,304836,0,2,2
87130,4,1,304838,304838,304839,0,1,2
87131,6,3,304844,304844,304847,0,3,5
87132,4,2,304848,304848,304850,0,2,1
87133,1,2,304849,304850,304852,1,3,0
87134,5,2,304854,304854,304856,0,2,2
87135,2,3,304856,304856,304859,0,3,0
87136,1,1,304857,304859,304860,2,3,0
87137,3,3,304860,304860,304863,0,3,0
87138,3,1,304863,304863,304864,0,1,0
87139,2,2,304865,304865,304867,0,2,1
87140,5,1,304870,304870,304871,0,1,3
87141,1,3,304871,304871,304874,0,3,0
87142,1,1,304872,304874,304875,2,3,0
87143,4,2,304876,304876,304878,0,2,1
87144,5,3,304881,304881,304884,0,3,3
87145,6,1,304887,304887,304888,0,1,3
87146,3,3,304890,304890,304893,0,3,2
87147,4,1,304894,304894,304895,0,1,1
87148,4,3,304898,304898,304901,0,3,3
87149,4,3,304902,304902,304905,0,3,1
87150,5,2,304907,304907,304909,0,2,2
87151,1,3,304908,304909,304912,1,4,0
87152,2,2,304910,304912,304914,2,4,0
87153,2,2,304912,304914,304916,2,4,0
87154,5,1,304917,304917,304918,0,1,1
87155,5,3,304922,304922,304925,0,3,4
87156,6,2,304928,304928,304930,0,2,3
87157,5,1,304933,304933,304934,0,1,3
87158,5,2,304938,304938,304940,0,2,4
87159,2,2,304940,304940,304942,0,2,0
87160,6,3,304946,304946,304949,0,3,4
87161,2,1,304948,304949,304950,1,2,0
87162,2,1,304950,304950,304951,0,1,0
87163,6,1,304956,304956,304957,0,1,5
87164,6,2,304962,304962,304964,0,2,5
87165,6,1,304968,304968,304969,0,1,4
87166,6,3,304974,304974,304977,0,3,5
87167,5,3,304979,304979,304982,0,3,2
87168,5,1,304984,304984,304985,0,1,2
87169,4,2,304988,304988,304990,0,2,3
87170,5,3,304993,304993,304996,0,3,3
87171,3,1,304996,304996,304997,0,1,0
87172,6,2,305002,305002,305004,0,2,5
87173,6,1,305008,305008,305009,0,1,4
87174,4,3,305012,305012,305015,0,3,3
87175,6,1,305018,305018,305019,0,1,3
87176,2,3,305020,305020,305023,0,3,1
87177,6,3,305026,305026,305029,0,3,3
87178,3,1,305029,305029,305030,0,1,0
87179,6,1,305035,305035,305036,0,1,5
87180,2,2,305037,305037,305039,0,2,1
87181,1,3,305038,305039,305042,1,4,0
87182,3,3,305041,305042,305045,1,4,0
87183,2,1,305043,305045,305046,2,3,0
87184,4,3,305047,305047,305050,0,3,1
87185,3,3,305050,305050,305053,0,3,0
87186,3,2,305053,305053,305055,0,2,0
87187,3,2,305056,305056,305058,0,2,1
87188,2,1,305058,305058,305059,0,1,0
87189,2,2,305060,305060,305062,0,2,1
87190,1,1,305061,305062,305063,1,2,0
87191,5,2,305066,305066,305068,0,2,3
87192,3,3,305069,305069,305072,0,3,1
87193,2,2,305071,305072,305074,1,3,0
87194,3,3,305074,305074,305077,0,3,0
87195,2,1,305076,305077,305078,1,2,0
87196,5,3,305081,305081,305084,0,3,3
87197,1,2,305082,305084,305086,2,4,0
87198,4,2,305086,305086,305088,0,2,0
87199,1,1,305087,305088,305089,1,2,0
87200,4,3,305091,305091,305094,0,3,2
87201,1,2,305092,305094,305096,2,4,0
87202,4,1,305096,305096,305097,0,1,0
87203,2,3,305098,305098,305101,0,3,1
87204,2,1,305100,305101,305102,1,2,0
87205,6,2,305106,305106,305108,0,2,4
87206,4,2,305110,305110,305112,0,2,2
87207,6,3,305116,305116,305119,0,3,4
87208,5,1,305121,305121,305122,0,1,2
87209,6,3,305127,305127,305130,0,3,5
87210,3,3,305130,305130,305133,0,3,0
87211,4,3,305134,305134,305137,0,3,1
87212,3,3,305137,305137,305140,0,3,0
87213,4,2,305141,305141,305143,0,2,1
87214,5,3,305146,305146,305149,0,3,3
87215,2,1,305148,305149,305150,1,2,0
87216,4,1,305152,305152,305153,0,1,2
87217,3,2,305155,305155,305157,0,2,2
87218,2,1,305157,305157,305158,0,1,0
87219,2,3,305159,305159,305162,0,3,1
87220,4,1,305163,305163,305164,0,1,1
87221,4,1,305167,305167,305168,0,1,3
87222,3,1,305170,305170,305171,0,1,2
87223,5,1,305175,305175,305176,0,1,4
87224,1,2,305176,305176,305178,0,2,0
87225,1,2,305177,305178,305180,1,3,0
87226,6,3,305183,305183,305186,0,3,3
87227,4,1,305187,305187,305188,0,1,1
87228,5,2,305192,305192,305194,0,2,4
87229,4,1,305196,305196,305197,0,1,2
87230,6,2,305202,305202,305204,0,2,5
87231,2,1,305204,305204,305205,0,1,0
87232,4,2,305208,305208,305210,0,2,3
87233,1,1,305209,305210,305211,1,2,0
87234,6,1,305215,305215,305216,0,1,4
87235,2,3,305217,305217,305220,0,3,1
87236,1,2,305218,305220,305222,2,4,0
87237,4,1,305222,305222,305223,0,1,0
87238,4,2,305226,305226,305228,0,2,3
87239,1,1,305227,305228,305229,1,2,0
87240,6,3,305233,305233,305236,0,3,4
87241,6,3,305239,305239,305242,0,3,3
87242,2,2,305241,305242,305244,1,3,0
87243,2,1,305243,305244,305245,1,2,0
87244,5,2,305248,305248,305250,0,2,3
87245,2,1,305250,305250,305251,0,1,0
87246,4,2,305254,305254,305256,0,2,3
87247,1,1,305255,305256,305257,1,2,0
87248,4,3,305259,305259,305262,0,3,2
87249,1,3,305260,305262,305265,2,5,0
87250,1,2,305261,305265,305267,4,6,0
87251,6,1,305267,305267,305268,0,1,0
87252,4,2,305271,305271,305273,0,2,3
87253,2,2,305273,305273,305275,0,2,0
87254,1,1,305274,305275,305276,1,2,0
87255,3,1,305277,305277,305278,0,1,1
87256,3,3,305280,305280,305283,0,3,2
87257,2,2,305282,305283,305285,1,3,0
87258,1,3,305283,305285,305288,2,5,0
87259,2,3,305285,305288,305291,3,6,0
87260,3,3,305288,305291,305294,3,6,0
87261,3,3,305291,305294,305297,3,6,0
87262,6,2,305297,305297,305299,0,2,0
87263,5,1,305302,305302,305303,0,1,3
87264,5,1,305307,305307,305308,0,1,4
87265,1,2,305308,305308,305310,0,2,0
87266,3,2,305311,305311,305313,0,2,1
87267,1,3,305312,305313,305316,1,4,0
87268,1,2,305313,305316,305318,3,5,0
87269,2,2,305315,305318,305320,3,5,0
87270,4,3,305319,305320,305323,1,4,0
87271,2,2,305321,305323,305325,2,4,0
87272,3,2,305324,305325,305327,1,3,0
87273,3,3,305327,305327,305330,0,3,0
87274,1,3,305328,305330,305333,2,5,0
87275,1,1,305329,305333,305334,4,5,0
87276,3,1,305332,305334,305335,2,3,0
87277,6,1,305338,305338,305339,0,1,3
87278,1,3,305339,305339,305342,0,3,0
87279,1,2,305340,305342,305344,2,4,0
87280,3,1,305343,305344,305345,1,2,0
87281,6,2,305349,305349,305351,0,2,4
87282,4,2,305353,305353,305355,0,2,2
87283,5,3,305358,305358,305361,0,3,3
87284,2,1,305360,305361,305362,1,2,0
87285,4,1,305364,305364,305365,0,1,2
87286,2,2,305366,305366,305368,0,2,1
87287,1,1,305367,305368,305369,1,2,0
87288,1,2,305368,305369,305371,1,3,0
87289,4,2,305372,305372,305374,0,2,1
87290,2,3,305374,305374,305377,0,3,0
87291,5,3,305379,305379,305382,0,3,2
87292,3,2,305382,305382,305384,0,2,0
87293,1,2,305383,305384,305386,1,3,0
87294,5,1,305388,305388,305389,0,1,2
87295,1,3,305389,305389,305392,0,3,0
87296,5,3,305394,305394,305397,0,3,2
87297,1,1,305395,305397,305398,2,3,0
87298,5,1,305400,305400,305401,0,1,2
87299,6,1,305406,305406,305407,0,1,5
87300,2,1,305408,305408,305409,0,1,1
87301,6,2,305414,305414,305416,0,2,5
87302,2,3,305416,305416,305419,0,3,0
87303,5,3,305421,305421,305424,0,3,2
87304,5,3,305426,305426,305429,0,3,2
87305,1,1,305427,305429,305430,2,3,0
87306,4,3,305431,305431,305434,0,3,1
87307,3,3,305434,305434,305437,0,3,0
87308,5,1,305439,305439,305440,0,1,2
87309,6,1,305445,305445,305446,0,1,5
87310,3,3,305448,305448,305451,0,3,2
87311,3,1,305451,305451,305452,0,1,0
87312,3,3,305454,305454,305457,0,3,2
87313,4,1,305458,305458,305459,0,1,1
87314,2,2,305460,305460,305462,0,2,1
87315,1,2,305461,305462,305464,1,3,0
87316,5,2,305466,305466,305468,0,2,2
87317,5,1,305471,305471,305472,0,1,3
87318,1,3,305472,305472,305475,0,3,0
87319,6,2,305478,305478,305480,0,2,3
87320,6,2,305484,305484,305486,0,2,4
87321,3,3,305487,305487,305490,0,3,1
87322,5,1,305492,305492,305493,0,1,2
87323,3,3,305495,305495,305498,0,3,2
87324,4,3,305499,305499,305502,0,3,1
87325,5,2,305504,305504,305506,0,2,2
87326,6,2,305510,305510,305512,0,2,4
87327,3,2,305513,305513,305515,0,2,1
87328,4,2,305517,305517,305519,0,2,2
87329,5,1,305522,305522,305523,0,1,3
87330,4,1,305526,305526,305527,0,1,3
87331,4,1,305530,305530,305531,0,1,3
87332,1,2,305531,305531,305533,0,2,0
87333,4,1,305535,305535,305536,0,1,2
87334,3,3,305538,305538,305541,0,3,2
87335,3,2,305541,305541,305543,0,2,0
87336,2,2,305543,305543,305545,0,2,0
87337,2,3,305545,305545,305548,0,3,0
87338,1,1,305546,305548,305549,2,3,0
87339,4,1,305550,305550,305551,0,1,1
87340,4,2,305554,305554,305556,0,2,3
87341,4,3,305558,305558,305561,0,3,2
87342,5,3,305563,305563,305566,0,3,2
87343,1,3,305564,305566,305569,2,5,0
87344,4,2,305568,305569,305571,1,3,0
87345,2,3,305570,305571,305574,1,4,0
87346,2,2,305572,305574,305576,2,4,0
87347,6,3,305578,305578,305581,0,3,2
87348,4,1,305582,305582,305583,0,1,1
87349,3,2,305585,305585,305587,0,2,2
87350,4,1,305589,305589,305590,0,1,2
87351,3,2,305592,305592,305594,0,2,2
87352,5,3,305597,305597,305600,0,3,3
87353,2,3,305599,305600,305603,1,4,0
87354,4,2,305603,305603,305605,0,2,0
87355,5,3,305608,305608,305611,0,3,3
87356,3,3,305611,305611,305614,0,3,0
87357,2,1,305613,305614,305615,1,2,0
87358,3,1,305616,305616,305617,0,1,1
87359,1,3,305617,305617,305620,0,3,0
87360,2,1,305619,305620,305621,1,2,0
87361,6,1,305625,305625,305626,0,1,4
87362,5,2,305630,305630,305632,0,2,4
87363,6,2,305636,305636,305638,0,2,4
87364,5,3,305641,305641,305644,0,3,3
87365,4,3,305645,305645,305648,0,3,1
87366,1,1,305646,305648,305649,2,3,0
87367,6,2,305652,305652,305654,0,2,3
87368,5,1,305657,305657,305658,0,1,3
87369,1,1,305658,305658,305659,0,1,0
87370,4,1,305662,305662,305663,0,1,3
87371,5,3,305667,305667,305670,0,3,4
87372,1,2,305668,305670,305672,2,4,0
87373,2,2,305670,305672,305674,2,4,0
87374,5,2,305675,305675,305677,0,2,1
87375,5,1,305680,305680,305681,0,1,3
87376,4,1,305684,305684,305685,0,1,3
87377,2,3,305686,305686,305689,0,3,1
87378,3,2,305689,305689,305691,0,2,0
87379,5,2,305694,305694,305696,0,2,3
87380,3,2,305697,305697,305699,0,2,1
87381,1,1,305698,305699,305700,1,2,0
87382,5,3,305703,305703,305706,0,3,3
87383,1,1,305704,305706,305707,2,3,0
87384,2,3,305706,305707,305710,1,4,0
87385,6,2,305712,305712,305714,0,2,2
87386,3,1,305715,305715,305716,0,1,1
87387,5,2,305720,305720,305722,0,2,4
87388,2,3,305722,305722,305725,0,3,0
87389,2,2,305724,305725,305727,1,3,0
87390,3,2,305727,305727,305729,0,2,0
87391,6,2,305733,305733,305735,0,2,4
87392,2,1,305735,305735,305736,0,1,0
87393,2,2,305737,305737,305739,0,2,1
87394,4,3,305741,305741,305744,0,3,2
87395,3,3,305744,305744,305747,0,3,0
87396,2,2,305746,305747,305749,1,3,0
87397,3,1,305749,305749,305750,0,1,0
87398,4,2,305753,305753,305755,0,2,3
87399,6,3,305759,305759,305762,0,3,4
87400,3,2,305762,305762,305764,0,2,0
87401,5,1,305767,305767,305768,0,1,3
87402,1,3,305768,305768,305771,0,3,0
87403,6,2,305774,305774,305776,0,2,3
87404,4,1,305778,305778,305779,0,1,2
87405,4,3,305782,305782,305785,0,3,3
87406,6,3,305788,305788,305791,0,3,3
87407,5,2,305793,305793,305795,0,2,2
87408,2,2,305795,305795,305797,0,2,0
87409,5,3,305800,305800,305803,0,3,3
87410,5,3,305805,305805,305808,0,3,2
87411,6,2,305811,305811,305813,0,2,3
87412,3,2,305814,305814,305816,0,2,1
87413,5,2,305819,305819,305821,0,2,3
87414,4,3,305823,305823,305826,0,3,2
87415,2,3,305825,305826,305829,1,4,0
87416,1,2,305826,305829,305831,3,5,0
87417,1,1,305827,305831,305832,4,5,0
87418,5,2,305832,305832,305834,0,2,0
87419,3,1,305835,305835,305836,0,1,1
87420,5,1,305840,305840,305841,0,1,4
87421,6,1,305846,305846,305847,0,1,5
87422,5,2,305851,305851,305853,0,2,4
87423,2,2,305853,305853,305855,0,2,0
87424,6,2,305859,305859,305861,0,2,4
87425,3,3,305862,305862,305865,0,3,1
87426,3,3,305865,305865,305868,0,3,0
87427,4,3,305869,305869,305872,0,3,1
87428,4,1,305873,305873,305874,0,1,1
87429,6,1,305879,305879,305880,0,1,5
87430,4,2,305883,305883,305885,0,2,3
87431,6,3,305889,305889,305892,0,3,4
87432,1,2,305890,305892,305894,2,4,0
87433,2,2,305892,305894,305896,2,4,0
87434,3,3,305895,305896,305899,1,4,0
87435,6,3,305901,305901,305904,0,3,2
87436,1,3,305902,305904,305907,2,5,0
87437,1,3,305903,305907,305910,4,7,0
87438,6,3,305909,305910,305913,1,4,0
87439,2,2,305911,305913,305915,2,4,0
87440,6,2,305917,305917,305919,0,2,2
87441,6,2,305923,305923,305925,0,2,4
87442,4,1,305927,305927,305928,0,1,2
87443,5,3,305932,305932,305935,0,3,4
87444,4,1,305936,305936,305937,0,1,1
87445,2,3,305938,305938,305941,0,3,1
87446,1,2,305939,305941,305943,2,4,0
87447,6,2,305945,305945,305947,0,2,2
87448,1,2,305946,305947,305949,1,3,0
87449,5,3,305951,305951,305954,0,3,2
87450,1,3,305952,305954,305957,2,5,0
87451,6,1,305958,305958,305959,0,1,1
87452,4,3,305962,305962,305965,0,3,3
87453,5,3,305967,305967,305970,0,3,2
87454,2,2,305969,305970,305972,1,3,0
87455,5,2,305974,305974,305976,0,2,2
87456,1,2,305975,305976,305978,1,3,0
87457,1,1,305976,305978,305979,2,3,0
87458,2,2,305978,305979,305981,1,3,0
87459,2,2,305980,305981,305983,1,3,0
87460,6,1,305986,305986,305987,0,1,3
87461,1,1,305987,305987,305988,0,1,0
87462,6,3,305993,305993,305996,0,3,5
87463,1,1,305994,305996,305997,2,3,0
87464,1,1,305995,305997,305998,2,3,0
87465,2,3,305997,305998,306001,1,4,0
87466,3,1,306000,306001,306002,1,2,0
87467,4,1,306004,306004,306005,0,1,2
87468,3,1,306007,306007,306008,0,1,2
87469,1,3,306008,306008,306011,0,3,0
87470,6,2,306014,306014,306016,0,2,3
87471,1,3,306015,306016,306019,1,4,0
87472,1,3,306016,306019,306022,3,6,0
87473,4,1,306020,306022,306023,2,3,0
87474,6,2,306026,306026,306028,0,2,3
87475,5,1,306031,306031,306032,0,1,3
87476,1,1,306032,306032,306033,0,1,0
87477,6,1,306038,306038,306039,0,1,5
87478,1,2,306039,306039,306041,0,2,0
87479,5,1,306044,306044,306045,0,1,3
87480,6,3,306050,306050,306053,0,3,5
87481,6,3,306056,306056,306059,0,3,3
87482,6,2,306062,306062,306064,0,2,3
87483,4,3,306066,306066,306069,0,3,2
87484,1,2,306067,306069,306071,2,4,0
87485,3,1,306070,306071,306072,1,2,0
87486,3,1,306073,306073,306074,0,1,1
87487,3,1,306076,306076,306077,0,1,2
87488,4,2,306080,306080,306082,0,2,3
87489,1,3,306081,306082,306085,1,4,0
87490,2,1,306083,306085,306086,2,3,0
87491,2,2,306085,306086,306088,1,3,0
87492,4,3,306089,306089,306092,0,3,1
87493,3,2,306092,306092,306094,0,2,0
87494,6,3,306098,306098,306101,0,3,4
87495,2,3,306100,306101,306104,1,4,0
87496,3,2,306103,306104,306106,1,3,0
87497,2,3,306105,306106,306109,1,4,0
87498,4,1,306109,306109,306110,0,1,0
87499,6,1,306115,306115,306116,0,1,5
87500,2,3,306117,306117,306120,0,3,1
87501,4,3,306121,306121,306124,0,3,1
87502,4,2,306125,306125,306127,0,2,1
87503,5,3,306130,306130,306133,0,3,3
87504,3,2,306133,306133,306135,0,2,0
87505,5,3,306138,306138,306141,0,3,3
87506,6,1,306144,306144,306145,0,1,3
87507,3,3,306147,306147,306150,0,3,2
87508,6,1,306153,306153,306154,0,1,3
87509,5,1,306158,306158,306159,0,1,4
87510,2,2,306160,306160,306162,0,2,1
87511,1,3,306161,306162,306165,1,4,0
87512,4,2,306165,306165,306167,0,2,0
87513,3,1,306168,306168,306169,0,1,1
87514,4,1,306172,306172,306173,0,1,3
87515,1,3,306173,306173,306176,0,3,0
87516,3,2,306176,306176,306178,0,2,0
87517,2,3,306178,306178,306181,0,3,0
87518,3,1,306181,306181,306182,0,1,0
87519,5,2,306186,306186,306188,0,2,4
87520,2,1,306188,306188,306189,0,1,0
87521,1,2,306189,306189,306191,0,2,0
87522,5,1,306194,306194,306195,0,1,3
87523,6,2,306200,306200,306202,0,2,5
87524,4,3,306204,306204,306207,0,3,2
87525,3,2,306207,306207,306209,0,2,0
87526,5,3,306212,306212,306215,0,3,3
87527,6,3,306218,306218,306221,0,3,3
87528,1,1,306219,306221,306222,2,3,0
87529,2,3,306221,306222,306225,1,4,0
87530,3,2,306224,306225,306227,1,3,0
87531,3,2,306227,306227,306229,0,2,0
87532,6,3,306233,306233,306236,0,3,4
87533,3,1,306236,306236,306237,0,1,0
87534,6,3,306242,306242,306245,0,3,5
87535,6,2,306248,306248,306250,0,2,3
87536,6,1,306254,306254,306255,0,1,4
87537,3,1,306257,306257,306258,0,1,2
87538,3,1,306260,306260,306261,0,1,2
87539,5,3,306265,306265,306268,0,3,4
87540,1,1,306266,306268,306269,2,3,0
87541,3,2,306269,306269,306271,0,2,0
87542,5,1,306274,306274,306275,0,1,3
87543,2,2,306276,306276,306278,0,2,1
87544,6,3,306282,306282,306285,0,3,4
87545,5,2,306287,306287,306289,0,2,2
87546,4,3,306291,306291,306294,0,3,2
87547,4,1,306295,306295,306296,0,1,1
87548,1,1,306296,306296,306297,0,1,0
87549,3,1,306299,306299,306300,0,1,2
87550,6,3,306305,306305,306308,0,3,5
87551,3,2,306308,306308,306310,0,2,0
87552,6,1,306314,306314,306315,0,1,4
87553,4,1,306318,306318,306319,0,1,3
87554,4,2,306322,306322,306324,0,2,3
87555,4,1,306326,306326,306327,0,1,2
87556,3,3,306329,306329,306332,0,3,2
87557,1,3,306330,306332,306335,2,5,0
87558,5,1,306335,306335,306336,0,1,0
87559,6,3,306341,306341,306344,0,3,5
87560,4,2,306345,306345,306347,0,2,1
87561,3,3,306348,306348,306351,0,3,1
87562,3,3,306351,306351,306354,0,3,0
87563,3,1,306354,306354,306355,0,1,0
87564,5,1,306359,306359,306360,0,1,4
87565,5,2,306364,306364,306366,0,2,4
87566,6,3,306370,306370,306373,0,3,4
87567,5,3,306375,306375,306378,0,3,2
87568,3,1,306378,306378,306379,0,1,0
87569,5,3,306383,306383,306386,0,3,4
87570,2,3,306385,306386,306389,1,4,0
87571,6,2,306391,306391,306393,0,2,2
87572,2,2,306393,306393,306395,0,2,0
87573,5,3,306398,306398,306401,0,3,3
87574,3,3,306401,306401,306404,0,3,0
87575,2,2,306403,306404,306406,1,3,0
87576,3,3,306406,306406,306409,0,3,0
87577,5,1,306411,306411,306412,0,1,2
87578,3,3,306414,306414,306417,0,3,2
87579,2,2,306416,306417,306419,1,3,0
87580,6,1,306422,306422,306423,0,1,3
87581,3,1,306425,306425,306426,0,1,2
87582,2,1,306427,306427,306428,0,1,1
87583,5,1,306432,306432,306433,0,1,4
87584,4,2,306436,306436,306438,0,2,3
87585,2,3,306438,306438,306441,0,3,0
87586,1,3,306439,306441,306444,2,5,0
87587,4,3,306443,306444,306447,1,4,0
87588,1,2,306444,306447,306449,3,5,0
87589,4,2,306448,306449,306451,1,3,0
87590,3,3,306451,306451,306454,0,3,0
87591,1,3,306452,306454,306457,2,5,0
87592,2,1,306454,306457,306458,3,4,0
87593,6,3,306460,306460,306463,0,3,2
87594,3,2,306463,306463,306465,0,2,0
87595,1,3,306464,306465,306468,1,4,0
87596,4,2,306468,306468,306470,0,2,0
87597,4,3,306472,306472,306475,0,3,2
87598,4,3,306476,306476,306479,0,3,1
87599,4,2,306480,306480,306482,0,2,1
87600,6,1,306486,306486,306487,0,1,4
87601,6,2,306492,306492,306494,0,2,5
87602,6,2,306498,306498,306500,0,2,4
87603,1,2,306499,306500,306502,1,3,0
87604,2,1,306501,306502,306503,1,2,0
87605,3,2,306504,306504,306506,0,2,1
87606,6,1,306510,306510,306511,0,1,4
87607,2,3,306512,306512,306515,0,3,1
87608,3,3,306515,306515,306518,0,3,0
87609,3,2,306518,306518,306520,0,2,0
87610,2,1,306520,306520,306521,0,1,0
87611,5,1,306525,306525,306526,0,1,4
87612,4,3,306529,306529,306532,0,3,3
87613,4,1,306533,306533,306534,0,1,1
87614,1,2,306534,306534,306536,0,2,0
87615,6,2,306540,306540,306542,0,2,4
87616,4,3,306544,306544,306547,0,3,2
87617,6,2,306550,306550,306552,0,2,3
87618,5,1,306555,306555,306556,0,1,3
87619,3,3,306558,306558,306561,0,3,2
87620,2,3,306560,306561,306564,1,4,0
87621,3,3,306563,306564,306567,1,4,0
87622,4,1,306567,306567,306568,0,1,0
87623,2,3,306569,306569,306572,0,3,1
87624,1,2,306570,306572,306574,2,4,0
87625,4,3,306574,306574,306577,0,3,0
87626,1,3,306575,306577,306580,2,5,0
87627,6,3,306581,306581,306584,0,3,1
87628,6,1,306587,306587,306588,0,1,3
87629,4,1,306591,306591,306592,0,1,3
87630,5,1,306596,306596,306597,0,1,4
87631,4,2,306600,306600,306602,0,2,3
87632,4,1,306604,306604,306605,0,1,2
87633,4,1,306608,306608,306609,0,1,3
87634,3,1,306611,306611,306612,0,1,2
87635,3,1,306614,306614,306615,0,1,2
87636,2,1,306616,306616,306617,0,1,1
87637,5,2,306621,306621,306623,0,2,4
87638,6,2,306627,306627,306629,0,2,4
87639,6,1,306633,306633,306634,0,1,4
87640,1,2,306634,306634,306636,0,2,0
87641,2,1,306636,306636,306637,0,1,0
87642,2,2,306638,306638,306640,0,2,1
87643,3,1,306641,306641,306642,0,1,1
87644,1,2,306642,306642,306644,0,2,0
87645,4,2,306646,306646,306648,0,2,2
87646,2,2,306648,306648,306650,0,2,0
87647,6,3,306654,306654,306657,0,3,4
87648,4,1,306658,306658,306659,0,1,1
87649,1,1,306659,306659,306660,0,1,0
87650,3,1,306662,306662,306663,0,1,2
87651,6,3,306668,306668,306671,0,3,5
87652,1,3,306669,306671,306674,2,5,0
87653,1,3,306670,306674,306677,4,7,0
87654,4,1,306674,306677,306678,3,4,0
87655,4,1,306678,306678,306679,0,1,0
87656,3,1,306681,306681,306682,0,1,2
87657,1,2,306682,306682,306684,0,2,0
87658,3,1,306685,306685,306686,0,1,1
87659,4,1,306689,306689,306690,0,1,3
87660,4,3,306693,306693,306696,0,3,3
87661,6,2,306699,306699,306701,0,2,3
87662,2,3,306701,306701,306704,0,3,0
87663,1,1,306702,306704,306705,2,3,0
87664,2,2,306704,306705,306707,1,3,0
87665,6,3,306710,306710,306713,0,3,3
87666,4,2,306714,306714,306716,0,2,1
87667,6,3,306720,306720,306723,0,3,4
87668,1,3,306721,306723,306726,2,5,0
87669,1,3,306722,306726,306729,4,7,0
87670,5,2,306727,306729,306731,2,4,0
87671,2,3,306729,306731,306734,2,5,0
87672,5,2,306734,306734,306736,0,2,0
87673,4,3,306738,306738,306741,0,3,2
87674,6,1,306744,306744,306745,0,1,3
87675,6,2,306750,306750,306752,0,2,5
87676,6,3,306756,306756,306759,0,3,4
87677,5,1,306761,306761,306762,0,1,2
87678,1,1,306762,306762,306763,0,1,0
87679,2,2,306764,306764,306766,0,2,1
87680,2,1,306766,306766,306767,0,1,0
87681,5,1,306771,306771,306772,0,1,4
87682,6,3,306777,306777,306780,0,3,5
87683,2,3,306779,306780,306783,1,4,0
87684,2,3,306781,306783,306786,2,5,0
87685,3,1,306784,306786,306787,2,3,0
87686,6,1,306790,306790,306791,0,1,3
87687,2,3,306792,306792,306795,0,3,1
87688,2,3,306794,306795,306798,1,4,0
87689,4,3,306798,306798,306801,0,3,0
87690,5,1,306803,306803,306804,0,1,2
87691,5,2,306808,306808,306810,0,2,4
87692,5,2,306813,306813,306815,0,2,3
87693,5,3,306818,306818,306821,0,3,3
87694,3,2,306821,306821,306823,0,2,0
87695,3,3,306824,306824,306827,0,3,1
87696,4,1,306828,306828,306829,0,1,1
87697,5,3,306833,306833,306836,0,3,4
87698,5,3,306838,306838,306841,0,3,2
87699,5,2,306843,306843,306845,0,2,2
87700,2,1,306845,306845,306846,0,1,0
87701,3,1,306848,306848,306849,0,1,2
87702,6,1,306854,306854,306855,0,1,5
87703,6,1,306860,306860,306861,0,1,5
87704,1,3,306861,306861,306864,0,3,0
87705,2,2,306863,306864,306866,1,3,0
87706,5,3,306868,306868,306871,0,3,2
87707,1,2,306869,306871,306873,2,4,0
87708,6,1,306875,306875,306876,0,1,2
87709,2,1,306877,306877,306878,0,1,1
87710,6,3,306883,306883,306886,0,3,5
87711,2,2,306885,306886,306888,1,3,0
87712,1,3,306886,306888,306891,2,5,0
87713,6,2,306892,306892,306894,0,2,1
87714,2,3,306894,306894,306897,0,3,0
87715,4,3,306898,306898,306901,0,3,1
87716,5,3,306903,306903,306906,0,3,2
87717,1,1,306904,306906,306907,2,3,0
87718,1,2,306905,306907,306909,2,4,0
87719,1,2,306906,306909,306911,3,5,0
87720,1,1,306907,306911,306912,4,5,0
87721,2,1,306909,306912,306913,3,4,0
87722,1,2,306910,306913,306915,3,5,0
87723,2,3,306912,306915,306918,3,6,0
87724,5,2,306917,306918,306920,1,3,0
87725,1,3,306918,306920,306923,2,5,0
87726,4,2,306922,306923,306925,1,3,0
87727,1,3,306923,306925,306928,2,5,0
87728,2,2,306925,306928,306930,3,5,0
87729,4,1,306929,306930,306931,1,2,0
87730,1,2,306930,306931,306933,1,3,0
87731,6,2,306936,306936,306938,0,2,3
87732,1,3,306937,306938,306941,1,4,0
87733,2,3,306939,306941,306944,2,5,0
87734,5,1,306944,306944,306945,0,1,0
87735,3,2,306947,306947,306949,0,2,2
87736,6,1,306953,306953,306954,0,1,4
87737,2,2,306955,306955,306957,0,2,1
87738,6,3,306961,306961,306964,0,3,4
87739,1,3,306962,306964,306967,2,5,0
87740,1,1,306963,306967,306968,4,5,0
87741,2,1,306965,306968,306969,3,4,0
87742,5,1,306970,306970,306971,0,1,1
87743,1,2,306971,306971,306973,0,2,0
87744,6,3,306977,306977,306980,0,3,4
87745,5,2,306982,306982,306984,0,2,2
87746,3,3,306985,306985,306988,0,3,1
87747,2,3,306987,306988,306991,1,4,0
87748,3,1,306990,306991,306992,1,2,0
87749,1,2,306991,306992,306994,1,3,0
87750,1,3,306992,306994,306997,2,5,0
87751,6,2,306998,306998,307000,0,2,1
87752,5,1,307003,307003,307004,0,1,3
87753,1,3,307004,307004,307007,0,3,0
87754,1,2,307005,307007,307009,2,4,0
87755,3,3,307008,307009,307012,1,4,0
87756,3,1,307011,307012,307013,1,2,0
87757,5,2,307016,307016,307018,0,2,3
87758,3,1,307019,307019,307020,0,1,1
87759,5,2,307024,307024,307026,0,2,4
87760,6,1,307030,307030,307031,0,1,4
87761,1,3,307031,307031,307034,0,3,0
87762,3,2,307034,307034,307036,0,2,0
87763,6,3,307040,307040,307043,0,3,4
87764,5,1,307045,307045,307046,0,1,2
87765,2,2,307047,307047,307049,0,2,1
87766,3,1,307050,307050,307051,0,1,1
87767,4,1,307054,307054,307055,0,1,3
87768,2,2,307056,307056,307058,0,2,1
87769,2,1,307058,307058,307059,0,1,0
87770,6,3,307064,307064,307067,0,3,5
87771,5,3,307069,307069,307072,0,3,2
87772,4,3,307073,307073,307076,0,3,1
87773,4,2,307077,307077,307079,0,2,1
87774,3,3,307080,307080,307083,0,3,1
87775,3,3,307083,307083,307086,0,3,0
87776,5,2,307088,307088,307090,0,2,2
87777,4,3,307092,307092,307095,0,3,2
87778,3,1,307095,307095,307096,0,1,0
87779,3,3,307098,307098,307101,0,3,2
87780,1,2,307099,307101,307103,2,4,0
87781,3,1,307102,307103,307104,1,2,0
87782,3,2,307105,307105,307107,0,2,1
87783,2,2,307107,307107,307109,0,2,0
87784,3,3,307110,307110,307113,0,3,1
87785,4,3,307114,307114,307117,0,3,1
87786,1,3,307115,307117,307120,2,5,0
87787,1,3,307116,307120,307123,4,7,0
87788,5,1,307121,307123,307124,2,3,0
87789,3,2,307124,307124,307126,0,2,0
87790,1,3,307125,307126,307129,1,4,0
87791,1,2,307126,307129,307131,3,5,0
87792,5,2,307131,307131,307133,0,2,0
87793,1,3,307132,307133,307136,1,4,0
87794,3,3,307135,307136,307139,1,4,0
87795,2,1,307137,307139,307140,2,3,0
87796,6,2,307143,307143,307145,0,2,3
87797,1,1,307144,307145,307146,1,2,0
87798,6,3,307150,307150,307153,0,3,4
87799,6,2,307156,307156,307158,0,2,3
87800,2,1,307158,307158,307159,0,1,0
87801,3,3,307161,307161,307164,0,3,2
87802,5,1,307166,307166,307167,0,1,2
87803,5,1,307171,307171,307172,0,1,4
87804,3,3,307174,307174,307177,0,3,2
87805,1,1,307175,307177,307178,2,3,0
87806,2,3,307177,307178,307181,1,4,0
87807,1,3,307178,307181,307184,3,6,0
87808,3,1,307181,307184,307185,3,4,0
87809,6,1,307187,307187,307188,0,1,2
87810,2,3,307189,307189,307192,0,3,1
87811,4,3,307193,307193,307196,0,3,1
87812,4,1,307197,307197,307198,0,1,1
87813,4,3,307201,307201,307204,0,3,3
87814,3,3,307204,307204,307207,0,3,0
87815,4,1,307208,307208,307209,0,1,1
87816,4,3,307212,307212,307215,0,3,3
87817,6,2,307218,307218,307220,0,2,3
87818,1,1,307219,307220,307221,1,2,0
87819,4,3,307223,307223,307226,0,3,2
87820,5,2,307228,307228,307230,0,2,2
87821,4,2,307232,307232,307234,0,2,2
87822,1,2,307233,307234,307236,1,3,0
87823,3,2,307236,307236,307238,0,2,0
87824,2,2,307238,307238,307240,0,2,0
87825,1,3,307239,307240,307243,1,4,0
87826,5,1,307244,307244,307245,0,1,1
87827,3,1,307247,307247,307248,0,1,2
87828,3,1,307250,307250,307251,0,1,2
87829,6,3,307256,307256,307259,0,3,5
87830,2,3,307258,307259,307262,1,4,0
87831,1,3,307259,307262,307265,3,6,0
87832,1,2,307260,307265,307267,5,7,0
87833,3,3,307263,307267,307270,4,7,0
87834,6,2,307269,307270,307272,1,3,0
87835,3,3,307272,307272,307275,0,3,0
87836,4,1,307276,307276,307277,0,1,1
87837,2,1,307278,307278,307279,0,1,1
87838,4,3,307282,307282,307285,0,3,3
87839,5,1,307287,307287,307288,0,1,2
87840,5,1,307292,307292,307293,0,1,4
87841,1,2,307293,307293,307295,0,2,0
87842,4,3,307297,307297,307300,0,3,2
87843,3,3,307300,307300,307303,0,3,0
87844,2,3,307302,307303,307306,1,4,0
87845,4,2,307306,307306,307308,0,2,0
87846,4,1,307310,307310,307311,0,1,2
87847,3,1,307313,307313,307314,0,1,2
87848,5,1,307318,307318,307319,0,1,4
87849,3,3,307321,307321,307324,0,3,2
87850,5,3,307326,307326,307329,0,3,2
87851,4,1,307330,307330,307331,0,1,1
87852,3,2,307333,307333,307335,0,2,2
87853,1,1,307334,307335,307336,1,2,0
87854,4,3,307338,307338,307341,0,3,2
87855,3,2,307341,307341,307343,0,2,0
87856,4,2,307345,307345,307347,0,2,2
87857,6,1,307351,307351,307352,0,1,4
87858,6,1,307357,307357,307358,0,1,5
87859,4,3,307361,307361,307364,0,3,3
87860,2,1,307363,307364,307365,1,2,0
87861,6,1,307369,307369,307370,0,1,4
87862,4,3,307373,307373,307376,0,3,3
87863,3,1,307376,307376,307377,0,1,0
87864,6,1,307382,307382,307383,0,1,5
87865,3,1,307385,307385,307386,0,1,2
87866,4,1,307389,307389,307390,0,1,3
87867,5,2,307394,307394,307396,0,2,4
87868,4,1,307398,307398,307399,0,1,2
87869,2,2,307400,307400,307402,0,2,1
87870,4,3,307404,307404,307407,0,3,2
87871,4,2,307408,307408,307410,0,2,1
87872,4,3,307412,307412,307415,0,3,2
87873,4,2,307416,307416,307418,0,2,1
87874,6,3,307422,307422,307425,0,3,4
87875,4,3,307426,307426,307429,0,3,1
87876,2,3,307428,307429,307432,1,4,0
87877,4,2,307432,307432,307434,0,2,0
87878,2,3,307434,307434,307437,0,3,0
87879,4,3,307438,307438,307441,0,3,1
87880,5,2,307443,307443,307445,0,2,2
87881,4,2,307447,307447,307449,0,2,2
87882,1,3,307448,307449,307452,1,4,0
87883,2,3,307450,307452,307455,2,5,0
87884,5,2,307455,307455,307457,0,2,0
87885,5,1,307460,307460,307461,0,1,3
87886,5,1,307465,307465,307466,0,1,4
87887,6,1,307471,307471,307472,0,1,5
87888,1,3,307472,307472,307475,0,3,0
87889,4,2,307476,307476,307478,0,2,1
87890,4,3,307480,307480,307483,0,3,2
87891,1,2,307481,307483,307485,2,4,0
87892,1,1,307482,307485,307486,3,4,0
87893,2,2,307484,307486,307488,2,4,0
87894,4,1,307488,307488,307489,0,1,0
87895,5,2,307493,307493,307495,0,2,4
87896,1,2,307494,307495,307497,1,3,0
87897,1,2,307495,307497,307499,2,4,0
87898,1,2,307496,307499,307501,3,5,0
87899,3,1,307499,307501,307502,2,3,0
87900,1,1,307500,307502,307503,2,3,0
87901,1,1,307501,307503,307504,2,3,0
87902,5,1,307506,307506,307507,0,1,2
87903,1,3,307507,307507,307510,0,3,0
87904,2,3,307509,307510,307513,1,4,0
87905,1,1,307510,307513,307514,3,4,0
87906,4,2,307514,307514,307516,0,2,0
87907,3,1,307517,307517,307518,0,1,1
87908,3,1,307520,307520,307521,0,1,2
87909,4,1,307524,307524,307525,0,1,3
87910,6,1,307530,307530,307531,0,1,5
87911,5,3,307535,307535,307538,0,3,4
87912,2,1,307537,307538,307539,1,2,0
87913,5,2,307542,307542,307544,0,2,3
87914,2,2,307544,307544,307546,0,2,0
87915,5,2,307549,307549,307551,0,2,3
87916,6,2,307555,307555,307557,0,2,4
87917,6,2,307561,307561,307563,0,2,4
87918,3,1,307564,307564,307565,0,1,1
87919,2,2,307566,307566,307568,0,2,1
87920,5,2,307571,307571,307573,0,2,3
87921,3,1,307574,307574,307575,0,1,1
87922,1,2,307575,307575,307577,0,2,0
87923,1,1,307576,307577,307578,1,2,0
87924,3,1,307579,307579,307580,0,1,1
87925,1,1,307580,307580,307581,0,1,0
87926,1,3,307581,307581,307584,0,3,0
87927,2,2,307583,307584,307586,1,3,0
87928,1,3,307584,307586,307589,2,5,0
87929,1,2,307585,307589,307591,4,6,0
87930,2,2,307587,307591,307593,4,6,0
87931,3,2,307590,307593,307595,3,5,0
87932,2,2,307592,307595,307597,3,5,0
87933,4,1,307596,307597,307598,1,2,0
87934,2,3,307598,307598,307601,0,3,0
87935,3,2,307601,307601,307603,0,2,0
87936,4,2,307605,307605,307607,0,2,2
87937,3,1,307608,307608,307609,0,1,1
87938,5,3,307613,307613,307616,0,3,4
87939,1,1,307614,307616,307617,2,3,0
87940,1,3,307615,307617,307620,2,5,0
87941,2,2,307617,307620,307622,3,5,0
87942,4,3,307621,307622,307625,1,4,0
87943,3,1,307624,307625,307626,1,2,0
87944,5,1,307629,307629,307630,0,1,3
87945,3,2,307632,307632,307634,0,2,2
87946,3,2,307635,307635,307637,0,2,1
87947,2,3,307637,307637,307640,0,3,0
87948,5,3,307642,307642,307645,0,3,2
87949,6,1,307648,307648,307649,0,1,3
87950,2,3,307650,307650,307653,0,3,1
87951,2,2,307652,307653,307655,1,3,0
87952,1,1,307653,307655,307656,2,3,0
87953,3,2,307656,307656,307658,0,2,0
87954,1,2,307657,307658,307660,1,3,0
87955,4,3,307661,307661,307664,0,3,1
87956,3,1,307664,307664,307665,0,1,0
87957,6,3,307670,307670,307673,0,3,5
87958,4,1,307674,307674,307675,0,1,1
87959,2,3,307676,307676,307679,0,3,1
87960,5,3,307681,307681,307684,0,3,2
87961,1,3,307682,307684,307687,2,5,0
87962,3,2,307685,307687,307689,2,4,0
87963,4,3,307689,307689,307692,0,3,0
87964,4,1,307693,307693,307694,0,1,1
87965,4,1,307697,307697,307698,0,1,3
87966,3,2,307700,307700,307702,0,2,2
87967,3,1,307703,307703,307704,0,1,1
87968,3,2,307706,307706,307708,0,2,2
87969,3,3,307709,307709,307712,0,3,1
87970,5,1,307714,307714,307715,0,1,2
87971,4,3,307718,307718,307721,0,3,3
87972,5,1,307723,307723,307724,0,1,2
87973,4,3,307727,307727,307730,0,3,3
87974,2,3,307729,307730,307733,1,4,0
87975,5,3,307734,307734,307737,0,3,1
87976,3,2,307737,307737,307739,0,2,0
87977,3,3,307740,307740,307743,0,3,1
87978,4,1,307744,307744,307745,0,1,1
87979,1,2,307745,307745,307747,0,2,0
87980,3,2,307748,307748,307750,0,2,1
87981,2,1,307750,307750,307751,0,1,0
87982,5,3,307755,307755,307758,0,3,4
87983,2,1,307757,307758,307759,1,2,0
87984,3,2,307760,307760,307762,0,2,1
87985,5,2,307765,307765,307767,0,2,3
87986,6,2,307771,307771,307773,0,2,4
87987,6,2,307777,307777,307779,0,2,4
87988,1,2,307778,307779,307781,1,3,0
87989,6,3,307784,307784,307787,0,3,3
87990,4,3,307788,307788,307791,0,3,1
87991,3,3,307791,307791,307794,0,3,0
87992,3,3,307794,307794,307797,0,3,0
87993,5,2,307799,307799,307801,0,2,2
87994,4,2,307803,307803,307805,0,2,2
87995,1,2,307804,307805,307807,1,3,0
87996,6,2,307810,307810,307812,0,2,3
87997,6,2,307816,307816,307818,0,2,4
87998,3,2,307819,307819,307821,0,2,1
87999,5,2,307824,307824,307826,0,2,3
88000,4,2,307828,307828,307830,0,2,2
88001,6,2,307834,307834,307836,0,2,4
88002,4,2,307838,307838,307840,0,2,2
88003,2,2,307840,307840,307842,0,2,0
88004,6,3,307846,307846,307849,0,3,4
88005,3,1,307849,307849,307850,0,1,0
88006,2,1,307851,307851,307852,0,1,1
88007,5,3,307856,307856,307859,0,3,4
88008,4,2,307860,307860,307862,0,2,1
88009,2,2,307862,307862,307864,0,2,0
88010,2,2,307864,307864,307866,0,2,0
88011,6,1,307870,307870,307871,0,1,4
88012,4,1,307874,307874,307875,0,1,3
88013,1,3,307875,307875,307878,0,3,0
88014,2,2,307877,307878,307880,1,3,0
88015,6,3,307883,307883,307886,0,3,3
88016,2,3,307885,307886,307889,1,4,0
88017,3,2,307888,307889,307891,1,3,0
88018,3,1,307891,307891,307892,0,1,0
88019,5,2,307896,307896,307898,0,2,4
88020,1,3,307897,307898,307901,1,4,0
88021,1,2,307898,307901,307903,3,5,0
88022,4,2,307902,307903,307905,1,3,0
88023,5,1,307907,307907,307908,0,1,2
88024,1,3,307908,307908,307911,0,3,0
88025,5,3,307913,307913,307916,0,3,2
88026,1,3,307914,307916,307919,2,5,0
88027,4,1,307918,307919,307920,1,2,0
88028,4,2,307922,307922,307924,0,2,2
88029,1,1,307923,307924,307925,1,2,0
88030,2,2,307925,307925,307927,0,2,0
88031,1,1,307926,307927,307928,1,2,0
88032,3,2,307929,307929,307931,0,2,1
88033,2,3,307931,307931,307934,0,3,0
88034,2,2,307933,307934,307936,1,3,0
88035,1,2,307934,307936,307938,2,4,0
88036,6,1,307940,307940,307941,0,1,2
88037,4,3,307944,307944,307947,0,3,3
88038,2,1,307946,307947,307948,1,2,0
88039,4,1,307950,307950,307951,0,1,2
88040,4,3,307954,307954,307957,0,3,3
88041,6,2,307960,307960,307962,0,2,3
88042,6,1,307966,307966,307967,0,1,4
88043,1,2,307967,307967,307969,0,2,0
88044,2,2,307969,307969,307971,0,2,0
88045,5,3,307974,307974,307977,0,3,3
88046,2,1,307976,307977,307978,1,2,0
88047,5,1,307981,307981,307982,0,1,3
88048,4,2,307985,307985,307987,0,2,3
88049,4,2,307989,307989,307991,0,2,2
88050,1,1,307990,307991,307992,1,2,0
88051,6,3,307996,307996,307999,0,3,4
88052,2,2,307998,307999,308001,1,3,0
88053,5,1,308003,308003,308004,0,1,2
88054,6,3,308009,308009,308012,0,3,5
88055,2,1,308011,308012,308013,1,2,0
88056,4,1,308015,308015,308016,0,1,2
88057,3,3,308018,308018,308021,0,3,2
88058,4,1,308022,308022,308023,0,1,1
88059,5,3,308027,308027,308030,0,3,4
88060,2,2,308029,308030,308032,1,3,0
88061,4,3,308033,308033,308036,0,3,1
88062,4,3,308037,308037,308040,0,3,1
88063,2,2,308039,308040,308042,1,3,0
88064,6,3,308045,308045,308048,0,3,3
88065,3,2,308048,308048,308050,0,2,0
88066,3,1,308051,308051,308052,0,1,1
88067,1,1,308052,308052,308053,0,1,0
88068,5,3,308057,308057,308060,0,3,4
88069,2,1,308059,308060,308061,1,2,0
88070,6,2,308065,308065,308067,0,2,4
88071,4,1,308069,308069,308070,0,1,2
88072,4,1,308073,308073,308074,0,1,3
88073,5,3,308078,308078,308081,0,3,4
88074,5,3,308083,308083,308086,0,3,2
88075,3,1,308086,308086,308087,0,1,0
88076,3,3,308089,308089,308092,0,3,2
88077,4,1,308093,308093,308094,0,1,1
88078,2,1,308095,308095,308096,0,1,1
88079,4,1,308099,308099,308100,0,1,3
88080,4,2,308103,308103,308105,0,2,3
88081,3,1,308106,308106,308107,0,1,1
88082,4,2,308110,308110,308112,0,2,3
88083,4,3,308114,308114,308117,0,3,2
88084,2,1,308116,308117,308118,1,2,0
88085,6,1,308122,308122,308123,0,1,4
88086,4,1,308126,308126,308127,0,1,3
88087,4,3,308130,308130,308133,0,3,3
88088,4,1,308134,308134,308135,0,1,1
88089,3,3,308137,308137,308140,0,3,2
88090,1,1,308138,308140,308141,2,3,0
88091,2,1,308140,308141,308142,1,2,0
88092,3,1,308143,308143,308144,0,1,1
88093,6,2,308149,308149,308151,0,2,5
88094,6,1,308155,308155,308156,0,1,4
88095,3,1,308158,308158,308159,0,1,2
88096,4,3,308162,308162,308165,0,3,3
88097,1,2,308163,308165,308167,2,4,0
88098,1,3,308164,308167,308170,3,6,0
88099,6,3,308170,308170,308173,0,3,0
88100,3,2,308173,308173,308175,0,2,0
88101,3,1,308176,308176,308177,0,1,1
88102,3,2,308179,308179,308181,0,2,2
88103,5,3,308184,308184,308187,0,3,3
88104,3,2,308187,308187,308189,0,2,0
88105,4,2,308191,308191,308193,0,2,2
88106,4,1,308195,308195,308196,0,1,2
88107,1,2,308196,308196,308198,0,2,0
88108,1,2,308197,308198,308200,1,3,0
88109,2,2,308199,308200,308202,1,3,0
88110,4,3,308203,308203,308206,0,3,1
88111,1,2,308204,308206,308208,2,4,0
88112,4,1,308208,308208,308209,0,1,0
88113,1,3,308209,308209,308212,0,3,0
88114,1,1,308210,308212,308213,2,3,0
88115,1,2,308211,308213,308215,2,4,0
88116,5,3,308216,308216,308219,0,3,1
88117,2,3,308218,308219,308222,1,4,0
88118,5,1,308223,308223,308224,0,1,1
88119,3,1,308226,308226,308227,0,1,2
88120,4,3,308230,308230,308233,0,3,3
88121,5,3,308235,308235,308238,0,3,2
88122,5,3,308240,308240,308243,0,3,2
88123,1,1,308241,308243,308244,2,3,0
88124,6,2,308247,308247,308249,0,2,3
88125,5,2,308252,308252,308254,0,2,3
88126,1,2,308253,308254,308256,1,3,0
88127,6,3,308259,308259,308262,0,3,3
88128,5,2,308264,308264,308266,0,2,2
88129,3,2,308267,308267,308269,0,2,1
88130,4,1,308271,308271,308272,0,1,2
88131,2,2,308273,308273,308275,0,2,1
88132,4,3,308277,308277,308280,0,3,2
88133,4,3,308281,308281,308284,0,3,1
88134,5,3,308286,308286,308289,0,3,2
88135,2,2,308288,308289,308291,1,3,0
88136,4,1,308292,308292,308293,0,1,1
88137,1,2,308293,308293,308295,0,2,0
88138,6,3,308299,308299,308302,0,3,4
88139,2,1,308301,308302,308303,1,2,0
88140,6,1,308307,308307,308308,0,1,4
88141,4,2,308311,308311,308313,0,2,3
88142,4,3,308315,308315,308318,0,3,2
88143,1,1,308316,308318,308319,2,3,0
88144,6,1,308322,308322,308323,0,1,3
88145,5,3,308327,308327,308330,0,3,4
88146,1,2,308328,308330,308332,2,4,0
88147,2,1,308330,308332,308333,2,3,0
88148,4,1,308334,308334,308335,0,1,1
88149,3,1,308337,308337,308338,0,1,2
88150,4,2,308341,308341,308343,0,2,3
88151,2,1,308343,308343,308344,0,1,0
88152,3,3,308346,308346,308349,0,3,2
88153,3,3,308349,308349,308352,0,3,0
88154,2,1,308351,308352,308353,1,2,0
88155,4,2,308355,308355,308357,0,2,2
88156,1,2,308356,308357,308359,1,3,0
88157,6,1,308362,308362,308363,0,1,3
88158,5,2,308367,308367,308369,0,2,4
88159,2,2,308369,308369,308371,0,2,0
88160,6,1,308375,308375,308376,0,1,4
88161,2,3,308377,308377,308380,0,3,1
88162,4,2,308381,308381,308383,0,2,1
88163,5,3,308386,308386,308389,0,3,3
88164,4,2,308390,308390,308392,0,2,1
88165,3,2,308393,308393,308395,0,2,1
88166,6,1,308399,308399,308400,0,1,4
88167,2,2,308401,308401,308403,0,2,1
88168,3,3,308404,308404,308407,0,3,1
88169,2,2,308406,308407,308409,1,3,0
88170,2,1,308408,308409,308410,1,2,0
88171,6,1,308414,308414,308415,0,1,4
88172,5,1,308419,308419,308420,0,1,4
88173,6,1,308425,308425,308426,0,1,5
88174,3,3,308428,308428,308431,0,3,2
88175,3,2,308431,308431,308433,0,2,0
88176,4,3,308435,308435,308438,0,3,2
88177,3,2,308438,308438,308440,0,2,0
88178,3,3,308441,308441,308444,0,3,1
88179,4,2,308445,308445,308447,0,2,1
88180,3,2,308448,308448,308450,0,2,1
88181,4,2,308452,308452,308454,0,2,2
88182,3,2,308455,308455,308457,0,2,1
88183,2,2,308457,308457,308459,0,2,0
88184,3,2,308460,308460,308462,0,2,1
88185,3,1,308463,308463,308464,0,1,1
88186,2,2,308465,308465,308467,0,2,1
88187,4,2,308469,308469,308471,0,2,2
88188,3,3,308472,308472,308475,0,3,1
88189,5,1,308477,308477,308478,0,1,2
88190,4,2,308481,308481,308483,0,2,3
88191,6,3,308487,308487,308490,0,3,4
88192,2,3,308489,308490,308493,1,4,0
88193,3,1,308492,308493,308494,1,2,0
88194,6,3,308498,308498,308501,0,3,4
88195,5,3,308503,308503,308506,0,3,2
88196,3,1,308506,308506,308507,0,1,0
88197,5,3,308511,308511,308514,0,3,4
88198,6,3,308517,308517,308520,0,3,3
88199,2,3,308519,308520,308523,1,4,0
88200,3,2,308522,308523,308525,1,3,0
88201,6,3,308528,308528,308531,0,3,3
88202,3,1,308531,308531,308532,0,1,0
88203,6,1,308537,308537,308538,0,1,5
88204,4,2,308541,308541,308543,0,2,3
88205,2,2,308543,308543,308545,0,2,0
88206,4,3,308547,308547,308550,0,3,2
88207,3,1,308550,308550,308551,0,1,0
88208,3,3,308553,308553,308556,0,3,2
88209,1,2,308554,308556,308558,2,4,0
88210,3,1,308557,308558,308559,1,2,0
88211,2,3,308559,308559,308562,0,3,0
88212,2,1,308561,308562,308563,1,2,0
88213,3,2,308564,308564,308566,0,2,1
88214,1,3,308565,308566,308569,1,4,0
88215,6,2,308571,308571,308573,0,2,2
88216,3,1,308574,308574,308575,0,1,1
88217,5,2,308579,308579,308581,0,2,4
88218,2,2,308581,308581,308583,0,2,0
88219,2,1,308583,308583,308584,0,1,0
88220,3,1,308586,308586,308587,0,1,2
88221,5,2,308591,308591,308593,0,2,4
88222,6,1,308597,308597,308598,0,1,4
88223,1,3,308598,308598,308601,0,3,0
88224,6,2,308604,308604,308606,0,2,3
88225,5,3,308609,308609,308612,0,3,3
88226,3,1,308612,308612,308613,0,1,0
88227,5,2,308617,308617,308619,0,2,4
88228,3,2,308620,308620,308622,0,2,1
88229,4,1,308624,308624,308625,0,1,2
88230,4,3,308628,308628,308631,0,3,3
88231,2,1,308630,308631,308632,1,2,0
88232,5,2,308635,308635,308637,0,2,3
88233,4,1,308639,308639,308640,0,1,2
88234,1,2,308640,308640,308642,0,2,0
88235,5,3,308645,308645,308648,0,3,3
88236,5,3,308650,308650,308653,0,3,2
88237,1,1,308651,308653,308654,2,3,0
88238,5,2,308656,308656,308658,0,2,2
88239,3,1,308659,308659,308660,0,1,1
88240,3,3,308662,308662,308665,0,3,2
88241,5,2,308667,308667,308669,0,2,2
88242,4,3,308671,308671,308674,0,3,2
88243,6,3,308677,308677,308680,0,3,3
88244,1,1,308678,308680,308681,2,3,0
88245,2,2,308680,308681,308683,1,3,0
88246,5,3,308685,308685,308688,0,3,2
88247,4,3,308689,308689,308692,0,3,1
88248,6,3,308695,308695,308698,0,3,3
88249,3,1,308698,308698,308699,0,1,0
88250,4,2,308702,308702,308704,0,2,3
88251,3,2,308705,308705,308707,0,2,1
88252,1,3,308706,308707,308710,1,4,0
88253,5,1,308711,308711,308712,0,1,1
88254,2,3,308713,308713,308716,0,3,1
88255,4,3,308717,308717,308720,0,3,1
88256,1,2,308718,308720,308722,2,4,0
88257,4,3,308722,308722,308725,0,3,0
88258,6,2,308728,308728,308730,0,2,3
88259,3,3,308731,308731,308734,0,3,1
88260,3,2,308734,308734,308736,0,2,0
88261,3,1,308737,308737,308738,0,1,1
88262,3,1,308740,308740,308741,0,1,2
88263,3,1,308743,308743,308744,0,1,2
88264,4,3,308747,308747,308750,0,3,3
88265,5,2,308752,308752,308754,0,2,2
88266,2,3,308754,308754,308757,0,3,0
88267,4,3,308758,308758,308761,0,3,1
88268,5,3,308763,308763,308766,0,3,2
88269,2,1,308765,308766,308767,1,2,0
88270,4,2,308769,308769,308771,0,2,2
88271,3,1,308772,308772,308773,0,1,1
88272,6,2,308778,308778,308780,0,2,5
88273,3,1,308781,308781,308782,0,1,1
88274,3,2,308784,308784,308786,0,2,2
88275,5,1,308789,308789,308790,0,1,3
88276,5,1,308794,308794,308795,0,1,4
88277,1,1,308795,308795,308796,0,1,0
88278,5,2,308800,308800,308802,0,2,4
88279,4,2,308804,308804,308806,0,2,2
88280,6,3,308810,308810,308813,0,3,4
88281,6,1,308816,308816,308817,0,1,3
88282,2,3,308818,308818,308821,0,3,1
88283,6,3,308824,308824,308827,0,3,3
88284,1,1,308825,308827,308828,2,3,0
88285,5,1,308830,308830,308831,0,1,2
88286,1,3,308831,308831,308834,0,3,0
88287,1,3,308832,308834,308837,2,5,0
88288,6,2,308838,308838,308840,0,2,1
88289,5,1,308843,308843,308844,0,1,3
88290,2,3,308845,308845,308848,0,3,1
88291,6,1,308851,308851,308852,0,1,3
88292,3,3,308854,308854,308857,0,3,2
88293,2,2,308856,308857,308859,1,3,0
88294,2,3,308858,308859,308862,1,4,0
88295,4,2,308862,308862,308864,0,2,0
88296,4,3,308866,308866,308869,0,3,2
88297,1,2,308867,308869,308871,2,4,0
88298,6,2,308873,308873,308875,0,2,2
88299,5,3,308878,308878,308881,0,3,3
88300,5,3,308883,308883,308886,0,3,2
88301,3,1,308886,308886,308887,0,1,0
88302,3,2,308889,308889,308891,0,2,2
88303,4,2,308893,308893,308895,0,2,2
88304,6,1,308899,308899,308900,0,1,4
88305,4,3,308903,308903,308906,0,3,3
88306,4,3,308907,308907,308910,0,3,1
88307,1,3,308908,308910,308913,2,5,0
88308,3,3,308911,308913,308916,2,5,0
88309,3,2,308914,308916,308918,2,4,0
88310,4,1,308918,308918,308919,0,1,0
88311,2,3,308920,308920,308923,0,3,1
88312,6,1,308926,308926,308927,0,1,3
88313,5,1,308931,308931,308932,0,1,4
88314,2,1,308933,308933,308934,0,1,1
88315,6,3,308939,308939,308942,0,3,5
88316,1,3,308940,308942,308945,2,5,0
88317,4,3,308944,308945,308948,1,4,0
88318,5,1,308949,308949,308950,0,1,1
88319,4,2,308953,308953,308955,0,2,3
88320,3,3,308956,308956,308959,0,3,1
88321,6,1,308962,308962,308963,0,1,3
88322,1,1,308963,308963,308964,0,1,0
88323,4,2,308967,308967,308969,0,2,3
88324,1,1,308968,308969,308970,1,2,0
88325,6,3,308974,308974,308977,0,3,4
88326,4,2,308978,308978,308980,0,2,1
88327,3,3,308981,308981,308984,0,3,1
88328,6,2,308987,308987,308989,0,2,3
88329,3,1,308990,308990,308991,0,1,1
88330,6,2,308996,308996,308998,0,2,5
88331,5,1,309001,309001,309002,0,1,3
88332,2,3,309003,309003,309006,0,3,1
88333,4,1,309007,309007,309008,0,1,1
88334,1,3,309008,309008,309011,0,3,0
88335,3,1,309011,309011,309012,0,1,0
88336,2,2,309013,309013,309015,0,2,1
88337,5,3,309018,309018,309021,0,3,3
88338,1,3,309019,309021,309024,2,5,0
88339,1,3,309020,309024,309027,4,7,0
88340,3,2,309023,309027,309029,4,6,0
88341,6,3,309029,309029,309032,0,3,0
88342,6,1,309035,309035,309036,0,1,3
88343,1,2,309036,309036,309038,0,2,0
88344,2,3,309038,309038,309041,0,3,0
88345,4,1,309042,309042,309043,0,1,1
88346,5,2,309047,309047,309049,0,2,4
88347,3,3,309050,309050,309053,0,3,1
88348,3,3,309053,309053,309056,0,3,0
88349,3,1,309056,309056,309057,0,1,0
88350,4,1,309060,309060,309061,0,1,3
88351,4,2,309064,309064,309066,0,2,3
88352,3,2,309067,309067,309069,0,2,1
88353,6,2,309073,309073,309075,0,2,4
88354,3,1,309076,309076,309077,0,1,1
88355,6,1,309082,309082,309083,0,1,5
88356,3,1,309085,309085,309086,0,1,2
88357,2,1,309087,309087,309088,0,1,1
88358,3,3,309090,309090,309093,0,3,2
88359,5,2,309095,309095,309097,0,2,2
88360,2,3,309097,309097,309100,0,3,0
88361,3,1,309100,309100,309101,0,1,0
88362,1,3,309101,309101,309104,0,3,0
88363,6,2,309107,309107,309109,0,2,3
88364,4,3,309111,309111,309114,0,3,2
88365,5,2,309116,309116,309118,0,2,2
88366,6,1,309122,309122,309123,0,1,4
88367,1,3,309123,309123,309126,0,3,0
88368,2,2,309125,309126,309128,1,3,0
88369,5,2,309130,309130,309132,0,2,2
88370,4,1,309134,309134,309135,0,1,2
88371,4,1,309138,309138,309139,0,1,3
88372,3,3,309141,309141,309144,0,3,2
88373,2,1,309143,309144,309145,1,2,0
88374,4,2,309147,309147,309149,0,2,2
88375,4,1,309151,309151,309152,0,1,2
88376,2,3,309153,309153,309156,0,3,1
88377,4,2,309157,309157,309159,0,2,1
88378,5,1,309162,309162,309163,0,1,3
88379,6,2,309168,309168,309170,0,2,5
88380,4,3,309172,309172,309175,0,3,2
88381,2,1,309174,309175,309176,1,2,0
88382,1,3,309175,309176,309179,1,4,0
88383,5,1,309180,309180,309181,0,1,1
88384,5,2,309185,309185,309187,0,2,4
88385,5,3,309190,309190,309193,0,3,3
88386,5,3,309195,309195,309198,0,3,2
88387,1,2,309196,309198,309200,2,4,0
88388,5,3,309201,309201,309204,0,3,1
88389,4,1,309205,309205,309206,0,1,1
88390,1,2,309206,309206,309208,0,2,0
88391,2,3,309208,309208,309211,0,3,0
88392,2,2,309210,309211,309213,1,3,0
88393,6,3,309216,309216,309219,0,3,3
88394,4,1,309220,309220,309221,0,1,1
88395,6,3,309226,309226,309229,0,3,5
88396,2,2,309228,309229,309231,1,3,0
88397,6,2,309234,309234,309236,0,2,3
88398,6,2,309240,309240,309242,0,2,4
88399,6,1,309246,309246,309247,0,1,4
88400,1,2,309247,309247,309249,0,2,0
88401,5,1,309252,309252,309253,0,1,3
88402,6,2,309258,309258,309260,0,2,5
88403,5,1,309263,309263,309264,0,1,3
88404,6,2,309269,309269,309271,0,2,5
88405,1,3,309270,309271,309274,1,4,0
88406,1,1,309271,309274,309275,3,4,0
88407,2,3,309273,309275,309278,2,5,0
88408,2,1,309275,309278,309279,3,4,0
88409,4,3,309279,309279,309282,0,3,0
88410,5,2,309284,309284,309286,0,2,2
88411,4,2,309288,309288,309290,0,2,2
88412,2,2,309290,309290,309292,0,2,0
88413,5,2,309295,309295,309297,0,2,3
88414,3,3,309298,309298,309301,0,3,1
88415,3,2,309301,309301,309303,0,2,0
88416,1,1,309302,309303,309304,1,2,0
88417,4,1,309306,309306,309307,0,1,2
88418,1,3,309307,309307,309310,0,3,0
88419,4,3,309311,309311,309314,0,3,1
88420,5,1,309316,309316,309317,0,1,2
88421,2,1,309318,309318,309319,0,1,1
88422,5,1,309323,309323,309324,0,1,4
88423,1,2,309324,309324,309326,0,2,0
88424,1,2,309325,309326,309328,1,3,0
88425,1,2,309326,309328,309330,2,4,0
88426,5,3,309331,309331,309334,0,3,1
88427,3,3,309334,309334,309337,0,3,0
88428,2,3,309336,309337,309340,1,4,0
88429,2,3,309338,309340,309343,2,5,0
88430,5,2,309343,309343,309345,0,2,0
88431,6,3,309349,309349,309352,0,3,4
88432,3,3,309352,309352,309355,0,3,0
88433,2,1,309354,309355,309356,1,2,0
88434,4,1,309358,309358,309359,0,1,2
88435,2,1,309360,309360,309361,0,1,1
88436,5,3,309365,309365,309368,0,3,4
88437,4,3,309369,309369,309372,0,3,1
88438,3,1,309372,309372,309373,0,1,0
88439,2,2,309374,309374,309376,0,2,1
88440,2,3,309376,309376,309379,0,3,0
88441,4,1,309380,309380,309381,0,1,1
88442,4,1,309384,309384,309385,0,1,3
88443,4,2,309388,309388,309390,0,2,3
88444,1,1,309389,309390,309391,1,2,0
88445,1,1,309390,309391,309392,1,2,0
88446,5,3,309395,309395,309398,0,3,3
88447,3,1,309398,309398,309399,0,1,0
88448,5,1,309403,309403,309404,0,1,4
88449,5,2,309408,309408,309410,0,2,4
88450,2,3,309410,309410,309413,0,3,0
88451,6,2,309416,309416,309418,0,2,3
88452,3,1,309419,309419,309420,0,1,1
88453,1,2,309420,309420,309422,0,2,0
88454,2,1,309422,309422,309423,0,1,0
88455,4,1,309426,309426,309427,0,1,3
88456,3,1,309429,309429,309430,0,1,2
88457,1,3,309430,309430,309433,0,3,0
88458,3,3,309433,309433,309436,0,3,0
88459,3,3,309436,309436,309439,0,3,0
88460,5,1,309441,309441,309442,0,1,2
88461,4,2,309445,309445,309447,0,2,3
88462,3,1,309448,309448,309449,0,1,1
88463,2,3,309450,309450,309453,0,3,1
88464,6,2,309456,309456,309458,0,2,3
88465,6,1,309462,309462,309463,0,1,4
88466,1,3,309463,309463,309466,0,3,0
88467,6,1,309469,309469,309470,0,1,3
88468,5,3,309474,309474,309477,0,3,4
88469,5,3,309479,309479,309482,0,3,2
88470,3,2,309482,309482,309484,0,2,0
88471,3,2,309485,309485,309487,0,2,1
88472,3,2,309488,309488,309490,0,2,1
88473,5,2,309493,309493,309495,0,2,3
88474,2,3,309495,309495,309498,0,3,0
88475,1,2,309496,309498,309500,2,4,0
88476,6,1,309502,309502,309503,0,1,2
88477,2,1,309504,309504,309505,0,1,1
88478,1,2,309505,309505,309507,0,2,0
88479,6,1,309511,309511,309512,0,1,4
88480,4,1,309515,309515,309516,0,1,3
88481,1,3,309516,309516,309519,0,3,0
88482,5,1,309521,309521,309522,0,1,2
88483,5,2,309526,309526,309528,0,2,4
88484,2,3,309528,309528,309531,0,3,0
88485,1,3,309529,309531,309534,2,5,0
88486,5,3,309534,309534,309537,0,3,0
88487,5,3,309539,309539,309542,0,3,2
88488,1,2,309540,309542,309544,2,4,0
88489,2,1,309542,309544,309545,2,3,0
88490,6,3,309548,309548,309551,0,3,3
88491,3,2,309551,309551,309553,0,2,0
88492,5,3,309556,309556,309559,0,3,3
88493,5,3,309561,309561,309564,0,3,2
88494,4,3,309565,309565,309568,0,3,1
88495,4,3,309569,309569,309572,0,3,1
88496,6,3,309575,309575,309578,0,3,3
88497,4,3,309579,309579,309582,0,3,1
88498,6,1,309585,309585,309586,0,1,3
88499,6,2,309591,309591,309593,0,2,5
88500,3,3,309594,309594,309597,0,3,1
88501,2,3,309596,309597,309600,1,4,0
88502,1,3,309597,309600,309603,3,6,0
88503,1,3,309598,309603,309606,5,8,0
88504,3,3,309601,309606,309609,5,8,0
88505,6,3,309607,309609,309612,2,5,0
88506,4,3,309611,309612,309615,1,4,0
88507,5,2,309616,309616,309618,0,2,1
88508,2,2,309618,309618,309620,0,2,0
88509,1,2,309619,309620,309622,1,3,0
88510,2,3,309621,309622,309625,1,4,0
88511,4,2,309625,309625,309627,0,2,0
88512,5,2,309630,309630,309632,0,2,3
88513,3,3,309633,309633,309636,0,3,1
88514,3,3,309636,309636,309639,0,3,0
88515,4,3,309640,309640,309643,0,3,1
88516,2,2,309642,309643,309645,1,3,0
88517,1,1,309643,309645,309646,2,3,0
88518,6,1,309649,309649,309650,0,1,3
88519,3,1,309652,309652,309653,0,1,2
88520,3,2,309655,309655,309657,0,2,2
88521,6,2,309661,309661,309663,0,2,4
88522,1,1,309662,309663,309664,1,2,0
88523,1,1,309663,309664,309665,1,2,0
88524,1,3,309664,309665,309668,1,4,0
88525,5,1,309669,309669,309670,0,1,1
88526,1,1,309670,309670,309671,0,1,0
88527,3,3,309673,309673,309676,0,3,2
88528,4,3,309677,309677,309680,0,3,1
88529,5,2,309682,309682,309684,0,2,2
88530,4,3,309686,309686,309689,0,3,2
88531,6,2,309692,309692,309694,0,2,3
88532,5,2,309697,309697,309699,0,2,3
88533,1,2,309698,309699,309701,1,3,0
88534,6,2,309704,309704,309706,0,2,3
88535,5,3,309709,309709,309712,0,3,3
88536,5,2,309714,309714,309716,0,2,2
88537,3,1,309717,309717,309718,0,1,1
88538,4,2,309721,309721,309723,0,2,3
88539,5,1,309726,309726,309727,0,1,3
88540,4,2,309730,309730,309732,0,2,3
88541,4,2,309734,309734,309736,0,2,2
88542,3,3,309737,309737,309740,0,3,1
88543,4,3,309741,309741,309744,0,3,1
88544,3,3,309744,309744,309747,0,3,0
88545,5,1,309749,309749,309750,0,1,2
88546,2,3,309751,309751,309754,0,3,1
88547,5,2,309756,309756,309758,0,2,2
88548,6,1,309762,309762,309763,0,1,4
88549,5,1,309767,309767,309768,0,1,4
88550,4,1,309771,309771,309772,0,1,3
88551,6,1,309777,309777,309778,0,1,5
88552,2,1,309779,309779,309780,0,1,1
88553,4,1,309783,309783,309784,0,1,3
88554,5,1,309788,309788,309789,0,1,4
88555,2,2,309790,309790,309792,0,2,1
88556,3,2,309793,309793,309795,0,2,1
88557,4,3,309797,309797,309800,0,3,2
88558,6,1,309803,309803,309804,0,1,3
88559,3,2,309806,309806,309808,0,2,2
88560,4,2,309810,309810,309812,0,2,2
88561,5,3,309815,309815,309818,0,3,3
88562,4,1,309819,309819,309820,0,1,1
88563,6,3,309825,309825,309828,0,3,5
88564,4,3,309829,309829,309832,0,3,1
88565,5,3,309834,309834,309837,0,3,2
88566,6,3,309840,309840,309843,0,3,3
88567,1,3,309841,309843,309846,2,5,0
88568,3,2,309844,309846,309848,2,4,0
88569,2,2,309846,309848,309850,2,4,0
88570,5,1,309851,309851,309852,0,1,1
88571,2,1,309853,309853,309854,0,1,1
88572,3,1,309856,309856,309857,0,1,2
88573,1,3,309857,309857,309860,0,3,0
88574,2,2,309859,309860,309862,1,3,0
88575,1,1,309860,309862,309863,2,3,0
88576,2,1,309862,309863,309864,1,2,0
88577,5,2,309867,309867,309869,0,2,3
88578,2,2,309869,309869,309871,0,2,0
88579,6,3,309875,309875,309878,0,3,4
88580,2,3,309877,309878,309881,1,4,0
88581,1,1,309878,309881,309882,3,4,0
88582,4,2,309882,309882,309884,0,2,0
88583,5,2,309887,309887,309889,0,2,3
88584,2,3,309889,309889,309892,0,3,0
88585,4,3,309893,309893,309896,0,3,1
88586,2,1,309895,309896,309897,1,2,0
88587,5,3,309900,309900,309903,0,3,3
88588,6,2,309906,309906,309908,0,2,3
88589,3,2,309909,309909,309911,0,2,1
88590,2,3,309911,309911,309914,0,3,0
88591,5,2,309916,309916,309918,0,2,2
88592,3,1,309919,309919,309920,0,1,1
88593,4,2,309923,309923,309925,0,2,3
88594,1,1,309924,309925,309926,1,2,0
88595,3,1,309927,309927,309928,0,1,1
88596,3,1,309930,309930,309931,0,1,2
88597,6,3,309936,309936,309939,0,3,5
88598,5,3,309941,309941,309944,0,3,2
88599,3,3,309944,309944,309947,0,3,0
88600,4,3,309948,309948,309951,0,3,1
88601,3,3,309951,309951,309954,0,3,0
88602,5,3,309956,309956,309959,0,3,2
88603,3,3,309959,309959,309962,0,3,0
88604,1,2,309960,309962,309964,2,4,0
88605,5,1,309965,309965,309966,0,1,1
88606,1,2,309966,309966,309968,0,2,0
88607,4,1,309970,309970,309971,0,1,2
88608,1,1,309971,309971,309972,0,1,0
88609,4,1,309975,309975,309976,0,1,3
88610,3,3,309978,309978,309981,0,3,2
88611,3,2,309981,309981,309983,0,2,0
88612,5,1,309986,309986,309987,0,1,3
88613,5,2,309991,309991,309993,0,2,4
88614,6,2,309997,309997,309999,0,2,4
88615,3,1,310000,310000,310001,0,1,1
88616,4,3,310004,310004,310007,0,3,3
88617,3,1,310007,310007,310008,0,1,0
88618,6,2,310013,310013,310015,0,2,5
88619,5,3,310018,310018,310021,0,3,3
88620,1,2,310019,310021,310023,2,4,0
88621,5,2,310024,310024,310026,0,2,1
88622,3,2,310027,310027,310029,0,2,1
88623,6,2,310033,310033,310035,0,2,4
88624,1,3,310034,310035,310038,1,4,0
88625,5,2,310039,310039,310041,0,2,1
88626,6,3,310045,310045,310048,0,3,4
88627,3,1,310048,310048,310049,0,1,0
88628,5,3,310053,310053,310056,0,3,4
88629,2,2,310055,310056,310058,1,3,0
88630,6,1,310061,310061,310062,0,1,3
88631,6,2,310067,310067,310069,0,2,5
88632,6,3,310073,310073,310076,0,3,4
88633,6,2,310079,310079,310081,0,2,3
88634,2,1,310081,310081,310082,0,1,0
88635,2,3,310083,310083,310086,0,3,1
88636,3,2,310086,310086,310088,0,2,0
88637,5,1,310091,310091,310092,0,1,3
88638,2,3,310093,310093,310096,0,3,1
88639,3,3,310096,310096,310099,0,3,0
88640,6,2,310102,310102,310104,0,2,3
88641,6,2,310108,310108,310110,0,2,4
88642,6,3,310114,310114,310117,0,3,4
88643,2,1,310116,310117,310118,1,2,0
88644,3,1,310119,310119,310120,0,1,1
88645,5,2,310124,310124,310126,0,2,4
88646,1,2,310125,310126,310128,1,3,0
88647,4,3,310129,310129,310132,0,3,1
88648,1,2,310130,310132,310134,2,4,0
88649,3,3,310133,310134,310137,1,4,0
88650,3,2,310136,310137,310139,1,3,0
88651,3,3,310139,310139,310142,0,3,0
88652,5,3,310144,310144,310147,0,3,2
88653,2,1,310146,310147,310148,1,2,0
88654,5,3,310151,310151,310154,0,3,3
88655,3,2,310154,310154,310156,0,2,0
88656,3,3,310157,310157,310160,0,3,1
88657,4,1,310161,310161,310162,0,1,1
88658,3,1,310164,310164,310165,0,1,2
88659,1,2,310165,310165,310167,0,2,0
88660,6,2,310171,310171,310173,0,2,4
88661,5,1,310176,310176,310177,0,1,3
88662,3,3,310179,310179,310182,0,3,2
88663,2,2,310181,310182,310184,1,3,0
88664,3,1,310184,310184,310185,0,1,0
88665,2,1,310186,310186,310187,0,1,1
88666,3,3,310189,310189,310192,0,3,2
88667,6,3,310195,310195,310198,0,3,3
88668,2,3,310197,310198,310201,1,4,0
88669,6,1,310203,310203,310204,0,1,2
88670,4,3,310207,310207,310210,0,3,3
88671,4,1,310211,310211,310212,0,1,1
88672,1,3,310212,310212,310215,0,3,0
88673,2,3,310214,310215,310218,1,4,0
88674,5,1,310219,310219,310220,0,1,1
88675,6,1,310225,310225,310226,0,1,5
88676,3,3,310228,310228,310231,0,3,2
88677,3,3,310231,310231,310234,0,3,0
88678,5,1,310236,310236,310237,0,1,2
88679,1,2,310237,310237,310239,0,2,0
88680,1,1,310238,310239,310240,1,2,0
88681,3,2,310241,310241,310243,0,2,1
88682,6,1,310247,310247,310248,0,1,4
88683,6,2,310253,310253,310255,0,2,5
88684,5,1,310258,310258,310259,0,1,3
88685,5,1,310263,310263,310264,0,1,4
88686,3,3,310266,310266,310269,0,3,2
88687,1,3,310267,310269,310272,2,5,0
88688,5,2,310272,310272,310274,0,2,0
88689,4,3,310276,310276,310279,0,3,2
88690,4,2,310280,310280,310282,0,2,1
88691,3,3,310283,310283,310286,0,3,1
88692,5,1,310288,310288,310289,0,1,2
88693,4,2,310292,310292,310294,0,2,3
88694,1,3,310293,310294,310297,1,4,0
88695,3,3,310296,310297,310300,1,4,0
88696,6,3,310302,310302,310305,0,3,2
88697,5,1,310307,310307,310308,0,1,2
88698,4,3,310311,310311,310314,0,3,3
88699,4,2,310315,310315,310317,0,2,1
88700,3,3,310318,310318,310321,0,3,1
88701,2,2,310320,310321,310323,1,3,0
88702,2,2,310322,310323,310325,1,3,0
88703,2,2,310324,310325,310327,1,3,0
88704,3,2,310327,310327,310329,0,2,0
88705,6,3,310333,310333,310336,0,3,4
88706,1,2,310334,310336,310338,2,4,0
88707,2,3,310336,310338,310341,2,5,0
88708,6,2,310342,310342,310344,0,2,1
88709,4,1,310346,310346,310347,0,1,2
88710,5,3,310351,310351,310354,0,3,4
88711,5,1,310356,310356,310357,0,1,2
88712,3,2,310359,310359,310361,0,2,2
88713,5,2,310364,310364,310366,0,2,3
88714,6,2,310370,310370,310372,0,2,4
88715,3,1,310373,310373,310374,0,1,1
88716,4,1,310377,310377,310378,0,1,3
88717,4,2,310381,310381,310383,0,2,3
88718,4,3,310385,310385,310388,0,3,2
88719,5,2,310390,310390,310392,0,2,2
88720,4,3,310394,310394,310397,0,3,2
88721,2,2,310396,310397,310399,1,3,0
88722,5,3,310401,310401,310404,0,3,2
88723,4,1,310405,310405,310406,0,1,1
88724,4,3,310409,310409,310412,0,3,3
88725,5,2,310414,310414,310416,0,2,2
88726,2,2,310416,310416,310418,0,2,0
88727,3,2,310419,310419,310421,0,2,1
88728,2,3,310421,310421,310424,0,3,0
88729,4,3,310425,310425,310428,0,3,1
88730,5,1,310430,310430,310431,0,1,2
88731,4,2,310434,310434,310436,0,2,3
88732,5,2,310439,310439,310441,0,2,3
88733,5,2,310444,310444,310446,0,2,3
88734,6,2,310450,310450,310452,0,2,4
88735,3,1,310453,310453,310454,0,1,1
88736,3,2,310456,310456,310458,0,2,2
88737,4,3,310460,310460,310463,0,3,2
88738,1,1,310461,310463,310464,2,3,0
88739,4,3,310465,310465,310468,0,3,1
88740,6,3,310471,310471,310474,0,3,3
88741,4,2,310475,310475,310477,0,2,1
88742,1,3,310476,310477,310480,1,4,0
88743,4,3,310480,310480,310483,0,3,0
88744,6,1,310486,310486,310487,0,1,3
88745,2,1,310488,310488,310489,0,1,1
88746,5,2,310493,310493,310495,0,2,4
88747,1,2,310494,310495,310497,1,3,0
88748,5,1,310499,310499,310500,0,1,2
88749,3,1,310502,310502,310503,0,1,2
88750,3,1,310505,310505,310506,0,1,2
88751,1,1,310506,310506,310507,0,1,0
88752,5,3,310511,310511,310514,0,3,4
88753,1,2,310512,310514,310516,2,4,0
88754,3,1,310515,310516,310517,1,2,0
88755,3,3,310518,310518,310521,0,3,1
88756,4,3,310522,310522,310525,0,3,1
88757,2,1,310524,310525,310526,1,2,0
88758,5,1,310529,310529,310530,0,1,3
88759,1,2,310530,310530,310532,0,2,0
88760,4,1,310534,310534,310535,0,1,2
88761,3,2,310537,310537,310539,0,2,2
88762,6,2,310543,310543,310545,0,2,4
88763,3,2,310546,310546,310548,0,2,1
88764,5,2,310551,310551,310553,0,2,3
88765,6,2,310557,310557,310559,0,2,4
88766,3,1,310560,310560,310561,0,1,1
88767,2,2,310562,310562,310564,0,2,1
88768,3,1,310565,310565,310566,0,1,1
88769,5,3,310570,310570,310573,0,3,4
88770,4,1,310574,310574,310575,0,1,1
88771,5,1,310579,310579,310580,0,1,4
88772,3,2,310582,310582,310584,0,2,2
88773,3,1,310585,310585,310586,0,1,1
88774,2,1,310587,310587,310588,0,1,1
88775,6,3,310593,310593,310596,0,3,5
88776,6,3,310599,310599,310602,0,3,3
88777,3,2,310602,310602,310604,0,2,0
88778,4,1,310606,310606,310607,0,1,2
88779,6,3,310612,310612,310615,0,3,5
88780,4,1,310616,310616,310617,0,1,1
88781,5,2,310621,310621,310623,0,2,4
88782,2,2,310623,310623,310625,0,2,0
88783,2,3,310625,310625,310628,0,3,0
88784,5,2,310630,310630,310632,0,2,2
88785,1,2,310631,310632,310634,1,3,0
88786,6,2,310637,310637,310639,0,2,3
88787,1,3,310638,310639,310642,1,4,0
88788,1,2,310639,310642,310644,3,5,0
88789,3,3,310642,310644,310647,2,5,0
88790,2,3,310644,310647,310650,3,6,0
88791,1,2,310645,310650,310652,5,7,0
88792,5,1,310650,310652,310653,2,3,0
88793,3,2,310653,310653,310655,0,2,0
88794,3,3,310656,310656,310659,0,3,1
88795,6,2,310662,310662,310664,0,2,3
88796,5,3,310667,310667,310670,0,3,3
88797,5,2,310672,310672,310674,0,2,2
88798,1,1,310673,310674,310675,1,2,0
88799,1,2,310674,310675,310677,1,3,0
88800,2,3,310676,310677,310680,1,4,0
88801,3,2,310679,310680,310682,1,3,0
88802,6,2,310685,310685,310687,0,2,3
88803,1,2,310686,310687,310689,1,3,0
88804,5,2,310691,310691,310693,0,2,2
88805,2,3,310693,310693,310696,0,3,0
88806,4,3,310697,310697,310700,0,3,1
88807,1,3,310698,310700,310703,2,5,0
88808,5,1,310703,310703,310704,0,1,0
88809,3,1,310706,310706,310707,0,1,2
88810,5,1,310711,310711,310712,0,1,4
88811,1,1,310712,310712,310713,0,1,0
88812,5,1,310717,310717,310718,0,1,4
88813,4,3,310721,310721,310724,0,3,3
88814,2,3,310723,310724,310727,1,4,0
88815,2,3,310725,310727,310730,2,5,0
88816,4,3,310729,310730,310733,1,4,0
88817,4,3,310733,310733,310736,0,3,0
88818,4,3,310737,310737,310740,0,3,1
88819,6,3,310743,310743,310746,0,3,3
88820,6,1,310749,310749,310750,0,1,3
88821,4,1,310753,310753,310754,0,1,3
88822,5,2,310758,310758,310760,0,2,4
88823,3,3,310761,310761,310764,0,3,1
88824,2,2,310763,310764,310766,1,3,0
88825,1,3,310764,310766,310769,2,5,0
88826,3,3,310767,310769,310772,2,5,0
88827,4,1,310771,310772,310773,1,2,0
88828,4,2,310775,310775,310777,0,2,2
88829,6,3,310781,310781,310784,0,3,4
88830,3,3,310784,310784,310787,0,3,0
88831,2,2,310786,310787,310789,1,3,0
88832,5,3,310791,310791,310794,0,3,2
88833,3,3,310794,310794,310797,0,3,0
88834,1,2,310795,310797,310799,2,4,0
88835,5,1,310800,310800,310801,0,1,1
88836,2,3,310802,310802,310805,0,3,1
88837,4,2,310806,310806,310808,0,2,1
88838,6,3,310812,310812,310815,0,3,4
88839,3,2,310815,310815,310817,0,2,0
88840,1,3,310816,310817,310820,1,4,0
88841,4,3,310820,310820,310823,0,3,0
88842,3,3,310823,310823,310826,0,3,0
88843,4,2,310827,310827,310829,0,2,1
88844,3,3,310830,310830,310833,0,3,1
88845,4,2,310834,310834,310836,0,2,1
88846,2,3,310836,310836,310839,0,3,0
88847,5,2,310841,310841,310843,0,2,2
88848,1,2,310842,310843,310845,1,3,0
88849,2,1,310844,310845,310846,1,2,0
88850,3,2,310847,310847,310849,0,2,1
88851,3,1,310850,310850,310851,0,1,1
88852,3,2,310853,310853,310855,0,2,2
88853,1,1,310854,310855,310856,1,2,0
88854,6,3,310860,310860,310863,0,3,4
88855,4,1,310864,310864,310865,0,1,1
88856,5,3,310869,310869,310872,0,3,4
88857,1,3,310870,310872,310875,2,5,0
88858,5,1,310875,310875,310876,0,1,0
88859,6,3,310881,310881,310884,0,3,5
88860,2,1,310883,310884,310885,1,2,0
88861,3,1,310886,310886,310887,0,1,1
88862,2,2,310888,310888,310890,0,2,1
88863,4,1,310892,310892,310893,0,1,2
88864,4,2,310896,310896,310898,0,2,3
88865,6,1,310902,310902,310903,0,1,4
88866,6,2,310908,310908,310910,0,2,5
88867,4,1,310912,310912,310913,0,1,2
88868,1,2,310913,310913,310915,0,2,0
88869,5,2,310918,310918,310920,0,2,3
88870,1,1,310919,310920,310921,1,2,0
88871,3,3,310922,310922,310925,0,3,1
88872,4,3,310926,310926,310929,0,3,1
88873,1,3,310927,310929,310932,2,5,0
88874,5,2,310932,310932,310934,0,2,0
88875,5,2,310937,310937,310939,0,2,3
88876,2,3,310939,310939,310942,0,3,0
88877,5,1,310944,310944,310945,0,1,2
88878,5,1,310949,310949,310950,0,1,4
88879,6,2,310955,310955,310957,0,2,5
88880,6,2,310961,310961,310963,0,2,4
88881,4,3,310965,310965,310968,0,3,2
88882,4,2,310969,310969,310971,0,2,1
88883,5,2,310974,310974,310976,0,2,3
88884,5,1,310979,310979,310980,0,1,3
88885,3,3,310982,310982,310985,0,3,2
88886,4,3,310986,310986,310989,0,3,1
88887,5,2,310991,310991,310993,0,2,2
88888,6,3,310997,310997,311000,0,3,4
88889,5,3,311002,311002,311005,0,3,2
88890,2,3,311004,311005,311008,1,4,0
88891,5,2,311009,311009,311011,0,2,1
88892,6,3,311015,311015,311018,0,3,4
88893,2,3,311017,311018,311021,1,4,0
88894,5,1,311022,311022,311023,0,1,1
88895,5,2,311027,311027,311029,0,2,4
88896,2,2,311029,311029,311031,0,2,0
88897,1,3,311030,311031,311034,1,4,0
88898,3,3,311033,311034,311037,1,4,0
88899,1,1,311034,311037,311038,3,4,0
88900,2,1,311036,311038,311039,2,3,0
88901,2,3,311038,311039,311042,1,4,0
88902,6,1,311044,311044,311045,0,1,2
88903,3,2,311047,311047,311049,0,2,2
88904,2,1,311049,311049,311050,0,1,0
88905,3,3,311052,311052,311055,0,3,2
88906,1,3,311053,311055,311058,2,5,0
88907,2,1,311055,311058,311059,3,4,0
88908,1,1,311056,311059,311060,3,4,0
88909,6,2,311062,311062,311064,0,2,2
88910,4,2,311066,311066,311068,0,2,2
88911,2,1,311068,311068,311069,0,1,0
88912,1,3,311069,311069,311072,0,3,0
88913,2,2,311071,311072,311074,1,3,0
88914,1,2,311072,311074,311076,2,4,0
88915,4,1,311076,311076,311077,0,1,0
88916,4,1,311080,311080,311081,0,1,3
88917,6,3,311086,311086,311089,0,3,5
88918,6,2,311092,311092,311094,0,2,3
88919,3,2,311095,311095,311097,0,2,1
88920,1,3,311096,311097,311100,1,4,0
88921,2,2,311098,311100,311102,2,4,0
88922,2,1,311100,311102,311103,2,3,0
88923,3,1,311103,311103,311104,0,1,0
88924,6,1,311109,311109,311110,0,1,5
88925,3,3,311112,311112,311115,0,3,2
88926,3,3,311115,311115,311118,0,3,0
88927,6,2,311121,311121,311123,0,2,3
88928,3,3,311124,311124,311127,0,3,1
88929,5,2,311129,311129,311131,0,2,2
88930,6,3,311135,311135,311138,0,3,4
88931,2,3,311137,311138,311141,1,4,0
88932,5,1,311142,311142,311143,0,1,1
88933,4,1,311146,311146,311147,0,1,3
88934,2,2,311148,311148,311150,0,2,1
88935,3,1,311151,311151,311152,0,1,1
88936,4,3,311155,311155,311158,0,3,3
88937,5,3,311160,311160,311163,0,3,2
88938,1,1,311161,311163,311164,2,3,0
88939,1,2,311162,311164,311166,2,4,0
88940,4,3,311166,311166,311169,0,3,0
88941,3,1,311169,311169,311170,0,1,0
88942,6,1,311175,311175,311176,0,1,5
88943,2,2,311177,311177,311179,0,2,1
88944,3,1,311180,311180,311181,0,1,1
88945,3,1,311183,311183,311184,0,1,2
88946,4,2,311187,311187,311189,0,2,3
88947,3,3,311190,311190,311193,0,3,1
88948,4,1,311194,311194,311195,0,1,1
88949,3,2,311197,311197,311199,0,2,2
88950,5,3,311202,311202,311205,0,3,3
88951,1,2,311203,311205,311207,2,4,0
88952,1,2,311204,311207,311209,3,5,0
88953,3,3,311207,311209,311212,2,5,0
88954,6,2,311213,311213,311215,0,2,1
88955,1,2,311214,311215,311217,1,3,0
88956,1,1,311215,311217,311218,2,3,0
88957,6,2,311221,311221,311223,0,2,3
88958,3,3,311224,311224,311227,0,3,1
88959,2,1,311226,311227,311228,1,2,0
88960,3,3,311229,311229,311232,0,3,1
88961,3,3,311232,311232,311235,0,3,0
88962,2,2,311234,311235,311237,1,3,0
88963,1,3,311235,311237,311240,2,5,0
88964,3,3,311238,311240,311243,2,5,0
88965,1,2,311239,311243,311245,4,6,0
88966,2,2,311241,311245,311247,4,6,0
88967,1,1,311242,311247,311248,5,6,0
88968,4,3,311246,311248,311251,2,5,0
88969,5,3,311251,311251,311254,0,3,0
88970,1,1,311252,311254,311255,2,3,0
88971,3,3,311255,311255,311258,0,3,0
88972,1,3,311256,311258,311261,2,5,0
88973,3,2,311259,311261,311263,2,4,0
88974,1,3,311260,311263,311266,3,6,0
88975,4,1,311264,311266,311267,2,3,0
88976,1,3,311265,311267,311270,2,5,0
88977,5,1,311270,311270,311271,0,1,0
88978,3,2,311273,311273,311275,0,2,2
88979,2,2,311275,311275,311277,0,2,0
88980,6,2,311281,311281,311283,0,2,4
88981,6,1,311287,311287,311288,0,1,4
88982,1,2,311288,311288,311290,0,2,0
88983,3,1,311291,311291,311292,0,1,1
88984,5,3,311296,311296,311299,0,3,4
88985,6,2,311302,311302,311304,0,2,3
88986,4,3,311306,311306,311309,0,3,2
88987,5,3,311311,311311,311314,0,3,2
88988,6,1,311317,311317,311318,0,1,3
88989,1,2,311318,311318,311320,0,2,0
88990,3,2,311321,311321,311323,0,2,1
88991,6,2,311327,311327,311329,0,2,4
88992,6,2,311333,311333,311335,0,2,4
88993,1,1,311334,311335,311336,1,2,0
88994,5,3,311339,311339,311342,0,3,3
88995,4,2,311343,311343,311345,0,2,1
88996,3,1,311346,311346,311347,0,1,1
88997,2,3,311348,311348,311351,0,3,1
88998,3,3,311351,311351,311354,0,3,0
88999,6,2,311357,311357,311359,0,2,3
89000,6,2,311363,311363,311365,0,2,4
89001,1,3,311364,311365,311368,1,4,0
89002,3,2,311367,311368,311370,1,3,0
89003,6,1,311373,311373,311374,0,1,3
89004,5,2,311378,311378,311380,0,2,4
89005,2,3,311380,311380,311383,0,3,0
89006,2,3,311382,311383,311386,1,4,0
89007,3,1,311385,311386,311387,1,2,0
89008,1,3,311386,311387,311390,1,4,0
89009,2,1,311388,311390,311391,2,3,0
89010,5,2,311393,311393,311395,0,2,2
89011,5,3,311398,311398,311401,0,3,3
89012,1,3,311399,311401,311404,2,5,0
89013,3,1,311402,311404,311405,2,3,0
89014,3,2,311405,311405,311407,0,2,0
89015,5,2,311410,311410,311412,0,2,3
89016,3,1,311413,311413,311414,0,1,1
89017,2,3,311415,311415,311418,0,3,1
89018,1,3,311416,311418,311421,2,5,0
89019,5,2,311421,311421,311423,0,2,0
89020,5,2,311426,311426,311428,0,2,3
89021,1,2,311427,311428,311430,1,3,0
89022,4,3,311431,311431,311434,0,3,1
89023,5,2,311436,311436,311438,0,2,2
89024,3,1,311439,311439,311440,0,1,1
89025,2,3,311441,311441,311444,0,3,1
89026,1,2,311442,311444,311446,2,4,0
89027,2,2,311444,311446,311448,2,4,0
89028,5,2,311449,311449,311451,0,2,1
89029,1,2,311450,311451,311453,1,3,0
89030,3,2,311453,311453,311455,0,2,0
89031,6,3,311459,311459,311462,0,3,4
89032,5,3,311464,311464,311467,0,3,2
89033,3,3,311467,311467,311470,0,3,0
89034,5,3,311472,311472,311475,0,3,2
89035,1,2,311473,311475,311477,2,4,0
89036,3,1,311476,311477,311478,1,2,0
89037,3,1,311479,311479,311480,0,1,1
89038,5,2,311484,311484,311486,0,2,4
89039,3,3,311487,311487,311490,0,3,1
89040,2,3,311489,311490,311493,1,4,0
89041,2,3,311491,311493,311496,2,5,0
89042,1,1,311492,311496,311497,4,5,0
89043,3,1,311495,311497,311498,2,3,0
89044,2,2,311497,311498,311500,1,3,0
89045,4,3,311501,311501,311504,0,3,1
89046,6,1,311507,311507,311508,0,1,3
89047,2,3,311509,311509,311512,0,3,1
89048,6,2,311515,311515,311517,0,2,3
89049,6,1,311521,311521,311522,0,1,4
89050,6,3,311527,311527,311530,0,3,5
89051,4,2,311531,311531,311533,0,2,1
89052,1,3,311532,311533,311536,1,4,0
89053,4,2,311536,311536,311538,0,2,0
89054,4,3,311540,311540,311543,0,3,2
89055,4,2,311544,311544,311546,0,2,1
89056,5,3,311549,311549,311552,0,3,3
89057,1,3,311550,311552,311555,2,5,0
89058,2,3,311552,311555,311558,3,6,0
89059,6,1,311558,311558,311559,0,1,0
89060,6,2,311564,311564,311566,0,2,5
89061,1,2,311565,311566,311568,1,3,0
89062,6,3,311571,311571,311574,0,3,3
89063,5,2,311576,311576,311578,0,2,2
89064,3,3,311579,311579,311582,0,3,1
89065,1,2,311580,311582,311584,2,4,0
89066,3,2,311583,311584,311586,1,3,0
89067,2,3,311585,311586,311589,1,4,0
89068,2,2,311587,311589,311591,2,4,0
89069,5,1,311592,311592,311593,0,1,1
89070,5,2,311597,311597,311599,0,2,4
89071,1,1,311598,311599,311600,1,2,0
89072,2,3,311600,311600,311603,0,3,0
89073,1,1,311601,311603,311604,2,3,0
89074,2,1,311603,311604,311605,1,2,0
89075,5,2,311608,311608,311610,0,2,3
89076,2,3,311610,311610,311613,0,3,0
89077,5,1,311615,311615,311616,0,1,2
89078,5,1,311620,311620,311621,0,1,4
89079,4,1,311624,311624,311625,0,1,3
89080,3,3,311627,311627,311630,0,3,2
89081,2,3,311629,311630,311633,1,4,0
89082,5,1,311634,311634,311635,0,1,1
89083,6,1,311640,311640,311641,0,1,5
89084,6,3,311646,311646,311649,0,3,5
89085,1,3,311647,311649,311652,2,5,0
89086,1,3,311648,311652,311655,4,7,0
89087,2,3,311650,311655,311658,5,8,0
89088,1,3,311651,311658,311661,7,10,0
89089,1,2,311652,311661,311663,9,11,0
89090,1,1,311653,311663,311664,10,11,0
89091,6,1,311659,311664,311665,5,6,0
89092,6,1,311665,311665,311666,0,1,0
89093,4,2,311669,311669,311671,0,2,3
89094,5,3,311674,311674,311677,0,3,3
89095,4,3,311678,311678,311681,0,3,1
89096,3,3,311681,311681,311684,0,3,0
89097,5,2,311686,311686,311688,0,2,2
89098,4,1,311690,311690,311691,0,1,2
89099,6,1,311696,311696,311697,0,1,5
89100,5,2,311701,311701,311703,0,2,4
89101,2,3,311703,311703,311706,0,3,0
89102,1,1,311704,311706,311707,2,3,0
89103,5,2,311709,311709,311711,0,2,2
89104,4,3,311713,311713,311716,0,3,2
89105,4,2,311717,311717,311719,0,2,1
89106,5,1,311722,311722,311723,0,1,3
89107,6,3,311728,311728,311731,0,3,5
89108,1,2,311729,311731,311733,2,4,0
89109,3,2,311732,311733,311735,1,3,0
89110,1,3,311733,311735,311738,2,5,0
89111,1,3,311734,311738,311741,4,7,0
89112,1,1,311735,311741,311742,6,7,0
89113,1,3,311736,311742,311745,6,9,0
89114,3,2,311739,311745,311747,6,8,0
89115,1,3,311740,311747,311750,7,10,0
89116,1,3,311741,311750,311753,9,12,0
89117,4,1,311745,311753,311754,8,9,0
89118,5,3,311750,311754,311757,4,7,0
89119,3,2,311753,311757,311759,4,6,0
89120,2,2,311755,311759,311761,4,6,0
89121,2,3,311757,311761,311764,4,7,0
89122,1,2,311758,311764,311766,6,8,0
89123,5,1,311763,311766,311767,3,4,0
89124,5,1,311768,311768,311769,0,1,1
89125,1,3,311769,311769,311772,0,3,0
89126,4,2,311773,311773,311775,0,2,1
89127,4,3,311777,311777,311780,0,3,2
89128,1,3,311778,311780,311783,2,5,0
89129,4,2,311782,311783,311785,1,3,0
89130,2,1,311784,311785,311786,1,2,0
89131,4,2,311788,311788,311790,0,2,2
89132,5,2,311793,311793,311795,0,2,3
89133,4,3,311797,311797,311800,0,3,2
89134,6,1,311803,311803,311804,0,1,3
89135,4,1,311807,311807,311808,0,1,3
89136,4,3,311811,311811,311814,0,3,3
89137,3,1,311814,311814,311815,0,1,0
89138,4,3,311818,311818,311821,0,3,3
89139,3,1,311821,311821,311822,0,1,0
89140,2,3,311823,311823,311826,0,3,1
89141,2,3,311825,311826,311829,1,4,0
89142,6,2,311831,311831,311833,0,2,2
89143,4,2,311835,311835,311837,0,2,2
89144,4,3,311839,311839,311842,0,3,2
89145,3,3,311842,311842,311845,0,3,0
89146,4,2,311846,311846,311848,0,2,1
89147,2,3,311848,311848,311851,0,3,0
89148,3,1,311851,311851,311852,0,1,0
89149,4,2,311855,311855,311857,0,2,3
89150,5,3,311860,311860,311863,0,3,3
89151,1,2,311861,311863,311865,2,4,0
89152,3,1,311864,311865,311866,1,2,0
89153,1,1,311865,311866,311867,1,2,0
89154,1,3,311866,311867,311870,1,4,0
89155,5,2,311871,311871,311873,0,2,1
89156,1,3,311872,311873,311876,1,4,0
89157,5,3,311877,311877,311880,0,3,1
89158,1,1,311878,311880,311881,2,3,0
89159,1,2,311879,311881,311883,2,4,0
89160,2,2,311881,311883,311885,2,4,0
89161,2,3,311883,311885,311888,2,5,0
89162,3,1,311886,311888,311889,2,3,0
89163,2,1,311888,311889,311890,1,2,0
89164,1,2,311889,311890,311892,1,3,0
89165,5,1,311894,311894,311895,0,1,2
89166,6,3,311900,311900,311903,0,3,5
89167,4,3,311904,311904,311907,0,3,1
89168,6,2,311910,311910,311912,0,2,3
89169,4,3,311914,311914,311917,0,3,2
89170,6,2,311920,311920,311922,0,2,3
89171,6,3,311926,311926,311929,0,3,4
89172,5,1,311931,311931,311932,0,1,2
89173,4,2,311935,311935,311937,0,2,3
89174,2,2,311937,311937,311939,0,2,0
89175,4,1,311941,311941,311942,0,1,2
89176,6,1,311947,311947,311948,0,1,5
89177,1,2,311948,311948,311950,0,2,0
89178,4,3,311952,311952,311955,0,3,2
89179,1,1,311953,311955,311956,2,3,0
89180,2,1,311955,311956,311957,1,2,0
89181,2,2,311957,311957,311959,0,2,0
89182,3,3,311960,311960,311963,0,3,1
89183,4,1,311964,311964,311965,0,1,1
89184,4,2,311968,311968,311970,0,2,3
89185,3,3,311971,311971,311974,0,3,1
89186,6,1,311977,311977,311978,0,1,3
89187,6,1,311983,311983,311984,0,1,5
89188,1,3,311984,311984,311987,0,3,0
89189,4,3,311988,311988,311991,0,3,1
89190,4,3,311992,311992,311995,0,3,1
89191,6,2,311998,311998,312000,0,2,3
89192,3,1,312001,312001,312002,0,1,1
89193,1,2,312002,312002,312004,0,2,0
89194,4,3,312006,312006,312009,0,3,2
89195,4,2,312010,312010,312012,0,2,1
89196,4,2,312014,312014,312016,0,2,2
89197,5,3,312019,312019,312022,0,3,3
89198,6,1,312025,312025,312026,0,1,3
89199,2,1,312027,312027,312028,0,1,1
89200,1,1,312028,312028,312029,0,1,0
89201,1,1,312029,312029,312030,0,1,0
89202,6,1,312035,312035,312036,0,1,5
89203,3,2,312038,312038,312040,0,2,2
89204,5,2,312043,312043,312045,0,2,3
89205,2,3,312045,312045,312048,0,3,0
89206,1,3,312046,312048,312051,2,5,0
89207,5,1,312051,312051,312052,0,1,0
89208,4,3,312055,312055,312058,0,3,3
89209,5,3,312060,312060,312063,0,3,2
89210,5,1,312065,312065,312066,0,1,2
89211,4,3,312069,312069,312072,0,3,3
89212,2,1,312071,312072,312073,1,2,0
89213,5,3,312076,312076,312079,0,3,3
89214,1,2,312077,312079,312081,2,4,0
89215,5,1,312082,312082,312083,0,1,1
89216,1,3,312083,312083,312086,0,3,0
89217,1,2,312084,312086,312088,2,4,0
89218,6,1,312090,312090,312091,0,1,2
89219,3,1,312093,312093,312094,0,1,2
89220,3,1,312096,312096,312097,0,1,2
89221,6,1,312102,312102,312103,0,1,5
89222,6,1,312108,312108,312109,0,1,5
89223,4,1,312112,312112,312113,0,1,3
89224,4,1,312116,312116,312117,0,1,3
89225,1,2,312117,312117,312119,0,2,0
89226,2,3,312119,312119,312122,0,3,0
89227,1,1,312120,312122,312123,2,3,0
89228,6,1,312126,312126,312127,0,1,3
89229,2,2,312128,312128,312130,0,2,1
89230,4,2,312132,312132,312134,0,2,2
89231,3,3,312135,312135,312138,0,3,1
89232,1,3,312136,312138,312141,2,5,0
89233,3,2,312139,312141,312143,2,4,0
89234,6,1,312145,312145,312146,0,1,2
89235,6,1,312151,312151,312152,0,1,5
89236,4,2,312155,312155,312157,0,2,3
89237,5,2,312160,312160,312162,0,2,3
89238,2,3,312162,312162,312165,0,3,0
89239,4,3,312166,312166,312169,0,3,1
89240,5,3,312171,312171,312174,0,3,2
89241,1,2,312172,312174,312176,2,4,0
89242,5,1,312177,312177,312178,0,1,1
89243,1,1,312178,312178,312179,0,1,0
89244,5,3,312183,312183,312186,0,3,4
89245,2,1,312185,312186,312187,1,2,0
89246,2,2,312187,312187,312189,0,2,0
89247,3,2,312190,312190,312192,0,2,1
89248,3,1,312193,312193,312194,0,1,1
89249,4,3,312197,312197,312200,0,3,3
89250,4,3,312201,312201,312204,0,3,1
89251,2,2,312203,312204,312206,1,3,0
89252,5,2,312208,312208,312210,0,2,2
89253,4,2,312212,312212,312214,0,2,2
89254,4,2,312216,312216,312218,0,2,2
89255,5,2,312221,312221,312223,0,2,3
89256,6,1,312227,312227,312228,0,1,4
89257,6,2,312233,312233,312235,0,2,5
89258,5,2,312238,312238,312240,0,2,3
89259,1,3,312239,312240,312243,1,4,0
89260,5,3,312244,312244,312247,0,3,1
89261,6,3,312250,312250,312253,0,3,3
89262,3,2,312253,312253,312255,0,2,0
89263,6,2,312259,312259,312261,0,2,4
89264,3,1,312262,312262,312263,0,1,1
89265,5,2,312267,312267,312269,0,2,4
89266,6,3,312273,312273,312276,0,3,4
89267,3,3,312276,312276,312279,0,3,0
89268,6,1,312282,312282,312283,0,1,3
89269,6,1,312288,312288,312289,0,1,5
89270,3,2,312291,312291,312293,0,2,2
89271,3,3,312294,312294,312297,0,3,1
89272,1,3,312295,312297,312300,2,5,0
89273,3,1,312298,312300,312301,2,3,0
89274,6,2,312304,312304,312306,0,2,3
89275,2,1,312306,312306,312307,0,1,0
89276,6,1,312312,312312,312313,0,1,5
89277,2,1,312314,312314,312315,0,1,1
89278,5,2,312319,312319,312321,0,2,4
89279,5,3,312324,312324,312327,0,3,3
89280,1,2,312325,312327,312329,2,4,0
89281,6,3,312331,312331,312334,0,3,2
89282,5,2,312336,312336,312338,0,2,2
89283,1,2,312337,312338,312340,1,3,0
89284,6,2,312343,312343,312345,0,2,3
89285,4,3,312347,312347,312350,0,3,2
89286,6,1,312353,312353,312354,0,1,3
89287,3,2,312356,312356,312358,0,2,2
89288,3,2,312359,312359,312361,0,2,1
89289,6,2,312365,312365,312367,0,2,4
89290,6,2,312371,312371,312373,0,2,4
89291,5,3,312376,312376,312379,0,3,3
89292,3,2,312379,312379,312381,0,2,0
89293,6,2,312385,312385,312387,0,2,4
89294,3,1,312388,312388,312389,0,1,1
89295,3,1,312391,312391,312392,0,1,2
89296,3,1,312394,312394,312395,0,1,2
89297,3,2,312397,312397,312399,0,2,2
89298,3,3,312400,312400,312403,0,3,1
89299,6,2,312406,312406,312408,0,2,3
89300,1,1,312407,312408,312409,1,2,0
89301,6,2,312413,312413,312415,0,2,4
89302,4,1,312417,312417,312418,0,1,2
89303,2,3,312419,312419,312422,0,3,1
89304,4,2,312423,312423,312425,0,2,1
89305,3,2,312426,312426,312428,0,2,1
89306,2,2,312428,312428,312430,0,2,0
89307,3,3,312431,312431,312434,0,3,1
89308,3,3,312434,312434,312437,0,3,0
89309,5,2,312439,312439,312441,0,2,2
89310,6,3,312445,312445,312448,0,3,4
89311,2,3,312447,312448,312451,1,4,0
89312,2,1,312449,312451,312452,2,3,0
89313,4,1,312453,312453,312454,0,1,1
89314,4,2,312457,312457,312459,0,2,3
89315,1,3,312458,312459,312462,1,4,0
89316,6,1,312464,312464,312465,0,1,2
89317,5,2,312469,312469,312471,0,2,4
89318,4,1,312473,312473,312474,0,1,2
89319,3,2,312476,312476,312478,0,2,2
89320,6,2,312482,312482,312484,0,2,4
89321,3,2,312485,312485,312487,0,2,1
89322,2,2,312487,312487,312489,0,2,0
89323,4,1,312491,312491,312492,0,1,2
89324,1,2,312492,312492,312494,0,2,0
89325,3,3,312495,312495,312498,0,3,1
89326,1,1,312496,312498,312499,2,3,0
89327,3,3,312499,312499,312502,0,3,0
89328,2,2,312501,312502,312504,1,3,0
89329,5,3,312506,312506,312509,0,3,2
89330,3,3,312509,312509,312512,0,3,0
89331,2,2,312511,312512,312514,1,3,0
89332,2,1,312513,312514,312515,1,2,0
89333,3,2,312516,312516,312518,0,2,1
89334,5,3,312521,312521,312524,0,3,3
89335,1,3,312522,312524,312527,2,5,0
89336,2,3,312524,312527,312530,3,6,0
89337,6,1,312530,312530,312531,0,1,0
89338,2,2,312532,312532,312534,0,2,1
89339,3,3,312535,312535,312538,0,3,1
89340,3,2,312538,312538,312540,0,2,0
89341,6,2,312544,312544,312546,0,2,4
89342,2,1,312546,312546,312547,0,1,0
89343,4,2,312550,312550,312552,0,2,3
89344,4,1,312554,312554,312555,0,1,2
89345,4,3,312558,312558,312561,0,3,3
89346,1,2,312559,312561,312563,2,4,0
89347,5,3,312564,312564,312567,0,3,1
89348,6,3,312570,312570,312573,0,3,3
89349,2,3,312572,312573,312576,1,4,0
89350,6,1,312578,312578,312579,0,1,2
89351,1,1,312579,312579,312580,0,1,0
89352,6,3,312585,312585,312588,0,3,5
89353,1,1,312586,312588,312589,2,3,0
89354,2,1,312588,312589,312590,1,2,0
89355,2,2,312590,312590,312592,0,2,0
89356,1,1,312591,312592,312593,1,2,0
89357,1,1,312592,312593,312594,1,2,0
89358,2,1,312594,312594,312595,0,1,0
89359,6,2,312600,312600,312602,0,2,5
89360,3,2,312603,312603,312605,0,2,1
89361,5,1,312608,312608,312609,0,1,3
89362,6,1,312614,312614,312615,0,1,5
89363,6,2,312620,312620,312622,0,2,5
89364,2,1,312622,312622,312623,0,1,0
89365,1,3,312623,312623,312626,0,3,0
89366,6,3,312629,312629,312632,0,3,3
89367,2,2,312631,312632,312634,1,3,0
89368,4,3,312635,312635,312638,0,3,1
89369,4,3,312639,312639,312642,0,3,1
89370,4,1,312643,312643,312644,0,1,1
89371,2,3,312645,312645,312648,0,3,1
89372,1,2,312646,312648,312650,2,4,0
89373,5,3,312651,312651,312654,0,3,1
89374,6,1,312657,312657,312658,0,1,3
89375,5,3,312662,312662,312665,0,3,4
89376,2,2,312664,312665,312667,1,3,0
89377,2,3,312666,312667,312670,1,4,0
89378,4,2,312670,312670,312672,0,2,0
89379,4,3,312674,312674,312677,0,3,2
89380,6,1,312680,312680,312681,0,1,3
89381,3,1,312683,312683,312684,0,1,2
89382,5,3,312688,312688,312691,0,3,4
89383,2,2,312690,312691,312693,1,3,0
89384,1,2,312691,312693,312695,2,4,0
89385,3,2,312694,312695,312697,1,3,0
89386,6,3,312700,312700,312703,0,3,3
89387,1,2,312701,312703,312705,2,4,0
89388,5,3,312706,312706,312709,0,3,1
89389,6,2,312712,312712,312714,0,2,3
89390,4,1,312716,312716,312717,0,1,2
89391,1,2,312717,312717,312719,0,2,0
89392,4,3,312721,312721,312724,0,3,2
89393,3,3,312724,312724,312727,0,3,0
89394,5,1,312729,312729,312730,0,1,2
89395,1,3,312730,312730,312733,0,3,0
89396,1,1,312731,312733,312734,2,3,0
89397,2,2,312733,312734,312736,1,3,0
89398,5,1,312738,312738,312739,0,1,2
89399,3,2,312741,312741,312743,0,2,2
89400,5,3,312746,312746,312749,0,3,3
89401,1,2,312747,312749,312751,2,4,0
89402,4,3,312751,312751,312754,0,3,0
89403,5,3,312756,312756,312759,0,3,2
89404,5,1,312761,312761,312762,0,1,2
89405,1,1,312762,312762,312763,0,1,0
89406,4,2,312766,312766,312768,0,2,3
89407,4,2,312770,312770,312772,0,2,2
89408,5,2,312775,312775,312777,0,2,3
89409,1,1,312776,312777,312778,1,2,0
89410,1,3,312777,312778,312781,1,4,0
89411,4,2,312781,312781,312783,0,2,0
89412,4,2,312785,312785,312787,0,2,2
89413,6,1,312791,312791,312792,0,1,4
89414,1,2,312792,312792,312794,0,2,0
89415,5,3,312797,312797,312800,0,3,3
89416,5,3,312802,312802,312805,0,3,2
89417,2,2,312804,312805,312807,1,3,0
89418,1,1,312805,312807,312808,2,3,0
89419,5,1,312810,312810,312811,0,1,2
89420,6,2,312816,312816,312818,0,2,5
89421,6,2,312822,312822,312824,0,2,4
89422,5,3,312827,312827,312830,0,3,3
89423,3,2,312830,312830,312832,0,2,0
89424,5,3,312835,312835,312838,0,3,3
89425,6,1,312841,312841,312842,0,1,3
89426,6,2,312847,312847,312849,0,2,5
89427,3,1,312850,312850,312851,0,1,1
89428,5,1,312855,312855,312856,0,1,4
89429,4,3,312859,312859,312862,0,3,3
89430,4,2,312863,312863,312865,0,2,1
89431,1,2,312864,312865,312867,1,3,0
89432,4,2,312868,312868,312870,0,2,1
89433,3,3,312871,312871,312874,0,3,1
89434,1,1,312872,312874,312875,2,3,0
89435,2,3,312874,312875,312878,1,4,0
89436,6,2,312880,312880,312882,0,2,2
89437,5,2,312885,312885,312887,0,2,3
89438,4,2,312889,312889,312891,0,2,2
89439,5,1,312894,312894,312895,0,1,3
89440,3,3,312897,312897,312900,0,3,2
89441,2,3,312899,312900,312903,1,4,0
89442,3,3,312902,312903,312906,1,4,0
89443,2,3,312904,312906,312909,2,5,0
89444,4,3,312908,312909,312912,1,4,0
89445,5,2,312913,312913,312915,0,2,1
89446,2,3,312915,312915,312918,0,3,0
89447,2,2,312917,312918,312920,1,3,0
89448,3,3,312920,312920,312923,0,3,0
89449,4,2,312924,312924,312926,0,2,1
89450,2,3,312926,312926,312929,0,3,0
89451,2,1,312928,312929,312930,1,2,0
89452,2,3,312930,312930,312933,0,3,0
89453,6,1,312936,312936,312937,0,1,3
89454,2,1,312938,312938,312939,0,1,1
89455,3,3,312941,312941,312944,0,3,2
89456,5,3,312946,312946,312949,0,3,2
89457,4,2,312950,312950,312952,0,2,1
89458,6,2,312956,312956,312958,0,2,4
89459,6,3,312962,312962,312965,0,3,4
89460,1,1,312963,312965,312966,2,3,0
89461,5,2,312968,312968,312970,0,2,2
89462,6,2,312974,312974,312976,0,2,4
89463,6,2,312980,312980,312982,0,2,4
89464,1,3,312981,312982,312985,1,4,0
89465,1,1,312982,312985,312986,3,4,0
89466,6,1,312988,312988,312989,0,1,2
89467,2,3,312990,312990,312993,0,3,1
89468,2,3,312992,312993,312996,1,4,0
89469,3,2,312995,312996,312998,1,3,0
89470,2,2,312997,312998,313000,1,3,0
89471,6,2,313003,313003,313005,0,2,3
89472,4,1,313007,313007,313008,0,1,2
89473,3,1,313010,313010,313011,0,1,2
89474,3,3,313013,313013,313016,0,3,2
89475,4,2,313017,313017,313019,0,2,1
89476,5,1,313022,313022,313023,0,1,3
89477,5,2,313027,313027,313029,0,2,4
89478,6,1,313033,313033,313034,0,1,4
89479,1,3,313034,313034,313037,0,3,0
89480,5,3,313039,313039,313042,0,3,2
89481,3,1,313042,313042,313043,0,1,0
89482,5,1,313047,313047,313048,0,1,4
89483,2,1,313049,313049,313050,0,1,1
89484,3,3,313052,313052,313055,0,3,2
89485,6,3,313058,313058,313061,0,3,3
89486,2,1,313060,313061,313062,1,2,0
89487,4,3,313064,313064,313067,0,3,2
89488,3,2,313067,313067,313069,0,2,0
89489,6,3,313073,313073,313076,0,3,4
89490,6,3,313079,313079,313082,0,3,3
89491,5,3,313084,313084,313087,0,3,2
89492,5,2,313089,313089,313091,0,2,2
89493,2,1,313091,313091,313092,0,1,0
89494,1,3,313092,313092,313095,0,3,0
89495,3,3,313095,313095,313098,0,3,0
89496,2,3,313097,313098,313101,1,4,0
89497,2,3,313099,313101,313104,2,5,0
89498,4,2,313103,313104,313106,1,3,0
89499,2,2,313105,313106,313108,1,3,0
89500,4,3,313109,313109,313112,0,3,1
89501,5,1,313114,313114,313115,0,1,2
89502,1,1,313115,313115,313116,0,1,0
89503,2,1,313117,313117,313118,0,1,1
89504,2,1,313119,313119,313120,0,1,1
89505,1,2,313120,313120,313122,0,2,0
89506,3,3,313123,313123,313126,0,3,1
89507,6,2,313129,313129,313131,0,2,3
89508,2,1,313131,313131,313132,0,1,0
89509,3,3,313134,313134,313137,0,3,2
89510,4,2,313138,313138,313140,0,2,1
89511,4,1,313142,313142,313143,0,1,2
89512,4,3,313146,313146,313149,0,3,3
89513,3,2,313149,313149,313151,0,2,0
89514,4,2,313153,313153,313155,0,2,2
89515,2,3,313155,313155,313158,0,3,0
89516,1,1,313156,313158,313159,2,3,0
89517,6,3,313162,313162,313165,0,3,3
89518,5,1,313167,313167,313168,0,1,2
89519,6,3,313173,313173,313176,0,3,5
89520,6,1,313179,313179,313180,0,1,3
89521,5,3,313184,313184,313187,0,3,4
89522,5,2,313189,313189,313191,0,2,2
89523,1,1,313190,313191,313192,1,2,0
89524,3,2,313193,313193,313195,0,2,1
89525,6,2,313199,313199,313201,0,2,4
89526,6,3,313205,313205,313208,0,3,4
89527,4,3,313209,313209,313212,0,3,1
89528,5,2,313214,313214,313216,0,2,2
89529,1,1,313215,313216,313217,1,2,0
89530,2,1,313217,313217,313218,0,1,0
89531,5,3,313222,313222,313225,0,3,4
89532,4,1,313226,313226,313227,0,1,1
89533,6,2,313232,313232,313234,0,2,5
89534,2,2,313234,313234,313236,0,2,0
89535,5,3,313239,313239,313242,0,3,3
89536,4,2,313243,313243,313245,0,2,1
89537,6,1,313249,313249,313250,0,1,4
89538,4,1,313253,313253,313254,0,1,3
89539,3,2,313256,313256,313258,0,2,2
89540,1,2,313257,313258,313260,1,3,0
89541,5,1,313262,313262,313263,0,1,2
89542,3,3,313265,313265,313268,0,3,2
89543,3,1,313268,313268,313269,0,1,0
89544,3,1,313271,313271,313272,0,1,2
89545,3,2,313274,313274,313276,0,2,2
89546,2,1,313276,313276,313277,0,1,0
89547,3,2,313279,313279,313281,0,2,2
89548,2,3,313281,313281,313284,0,3,0
89549,2,3,313283,313284,313287,1,4,0
89550,6,2,313289,313289,313291,0,2,2
89551,5,3,313294,313294,313297,0,3,3
89552,2,2,313296,313297,313299,1,3,0
89553,5,1,313301,313301,313302,0,1,2
89554,6,3,313307,313307,313310,0,3,5
89555,4,3,313311,313311,313314,0,3,1
89556,1,3,313312,313314,313317,2,5,0
89557,3,2,313315,313317,313319,2,4,0
89558,6,2,313321,313321,313323,0,2,2
89559,1,1,313322,313323,313324,1,2,0
89560,5,1,313327,313327,313328,0,1,3
89561,4,2,313331,313331,313333,0,2,3
89562,1,1,313332,313333,313334,1,2,0
89563,2,3,313334,313334,313337,0,3,0
89564,3,2,313337,313337,313339,0,2,0
89565,4,1,313341,313341,313342,0,1,2
89566,1,3,313342,313342,313345,0,3,0
89567,1,2,313343,313345,313347,2,4,0
89568,3,1,313346,313347,313348,1,2,0
89569,5,1,313351,313351,313352,0,1,3
89570,5,3,313356,313356,313359,0,3,4
89571,3,2,313359,313359,313361,0,2,0
89572,1,2,313360,313361,313363,1,3,0
89573,2,3,313362,313363,313366,1,4,0
89574,6,2,313368,313368,313370,0,2,2
89575,3,1,313371,313371,313372,0,1,1
89576,1,2,313372,313372,313374,0,2,0
89577,2,1,313374,313374,313375,0,1,0
89578,5,1,313379,313379,313380,0,1,4
89579,2,2,313381,313381,313383,0,2,1
89580,4,2,313385,313385,313387,0,2,2
89581,6,2,313391,313391,313393,0,2,4
89582,4,3,313395,313395,313398,0,3,2
89583,1,3,313396,313398,313401,2,5,0
89584,2,3,313398,313401,313404,3,6,0
89585,1,3,313399,313404,313407,5,8,0
89586,6,2,313405,313407,313409,2,4,0
89587,1,2,313406,313409,313411,3,5,0
89588,6,1,313412,313412,313413,0,1,1
89589,5,3,313417,313417,313420,0,3,4
89590,1,1,313418,313420,313421,2,3,0
89591,1,2,313419,313421,313423,2,4,0
89592,5,3,313424,313424,313427,0,3,1
89593,2,2,313426,313427,313429,1,3,0
89594,5,1,313431,313431,313432,0,1,2
89595,5,3,313436,313436,313439,0,3,4
89596,6,1,313442,313442,313443,0,1,3
89597,2,3,313444,313444,313447,0,3,1
89598,2,2,313446,313447,313449,1,3,0
89599,2,2,313448,313449,313451,1,3,0
89600,2,1,313450,313451,313452,1,2,0
89601,4,1,313454,313454,313455,0,1,2
89602,2,2,313456,313456,313458,0,2,1
89603,3,3,313459,313459,313462,0,3,1
89604,6,3,313465,313465,313468,0,3,3
89605,5,2,313470,313470,313472,0,2,2
89606,5,3,313475,313475,313478,0,3,3
89607,2,1,313477,313478,313479,1,2,0
89608,2,2,313479,313479,313481,0,2,0
89609,1,2,313480,313481,313483,1,3,0
89610,1,1,313481,313483,313484,2,3,0
89611,5,1,313486,313486,313487,0,1,2
89612,4,2,313490,313490,313492,0,2,3
89613,4,3,313494,313494,313497,0,3,2
89614,3,3,313497,313497,313500,0,3,0
89615,6,3,313503,313503,313506,0,3,3
89616,3,2,313506,313506,313508,0,2,0
89617,1,1,313507,313508,313509,1,2,0
89618,5,3,313512,313512,313515,0,3,3
89619,5,2,313517,313517,313519,0,2,2
89620,6,1,313523,313523,313524,0,1,4
89621,1,1,313524,313524,313525,0,1,0
89622,3,2,313527,313527,313529,0,2,2
89623,1,2,313528,313529,313531,1,3,0
89624,2,1,313530,313531,313532,1,2,0
89625,2,1,313532,313532,313533,0,1,0
89626,2,3,313534,313534,313537,0,3,1
89627,2,3,313536,313537,313540,1,4,0
89628,4,3,313540,313540,313543,0,3,0
89629,4,2,313544,313544,313546,0,2,1
89630,6,1,313550,313550,313551,0,1,4
89631,2,3,313552,313552,313555,0,3,1
89632,3,1,313555,313555,313556,0,1,0
89633,3,1,313558,313558,313559,0,1,2
89634,4,2,313562,313562,313564,0,2,3
89635,4,1,313566,313566,313567,0,1,2
89636,1,2,313567,313567,313569,0,2,0
89637,5,2,313572,313572,313574,0,2,3
89638,3,1,313575,313575,313576,0,1,1
89639,1,2,313576,313576,313578,0,2,0
89640,5,3,313581,313581,313584,0,3,3
89641,5,1,313586,313586,313587,0,1,2
89642,2,2,313588,313588,313590,0,2,1
89643,1,2,313589,313590,313592,1,3,0
89644,3,3,313592,313592,313595,0,3,0
89645,4,3,313596,313596,313599,0,3,1
89646,2,3,313598,313599,313602,1,4,0
89647,2,1,313600,313602,313603,2,3,0
89648,5,1,313605,313605,313606,0,1,2
89649,2,3,313607,313607,313610,0,3,1
89650,6,3,313613,313613,313616,0,3,3
89651,6,1,313619,313619,313620,0,1,3
89652,1,3,313620,313620,313623,0,3,0
89653,2,3,313622,313623,313626,1,4,0
89654,2,1,313624,313626,313627,2,3,0
89655,4,1,313628,313628,313629,0,1,1
89656,6,3,313634,313634,313637,0,3,5
89657,2,3,313636,313637,313640,1,4,0
89658,4,3,313640,313640,313643,0,3,0
89659,2,1,313642,313643,313644,1,2,0
89660,6,3,313648,313648,313651,0,3,4
89661,2,2,313650,313651,313653,1,3,0
89662,4,2,313654,313654,313656,0,2,1
89663,6,1,313660,313660,313661,0,1,4
89664,2,1,313662,313662,313663,0,1,1
89665,6,3,313668,313668,313671,0,3,5
89666,3,3,313671,313671,313674,0,3,0
89667,4,1,313675,313675,313676,0,1,1
89668,1,3,313676,313676,313679,0,3,0
89669,5,2,313681,313681,313683,0,2,2
89670,6,1,313687,313687,313688,0,1,4
89671,5,2,313692,313692,313694,0,2,4
89672,5,2,313697,313697,313699,0,2,3
89673,2,1,313699,313699,313700,0,1,0
89674,2,1,313701,313701,313702,0,1,1
89675,6,1,313707,313707,313708,0,1,5
89676,5,3,313712,313712,313715,0,3,4
89677,2,3,313714,313715,313718,1,4,0
89678,2,1,313716,313718,313719,2,3,0
89679,4,2,313720,313720,313722,0,2,1
89680,5,3,313725,313725,313728,0,3,3
89681,5,2,313730,313730,313732,0,2,2
89682,6,2,313736,313736,313738,0,2,4
89683,4,3,313740,313740,313743,0,3,2
89684,1,1,313741,313743,313744,2,3,0
89685,3,3,313744,313744,313747,0,3,0
89686,4,2,313748,313748,313750,0,2,1
89687,2,1,313750,313750,313751,0,1,0
89688,1,2,313751,313751,313753,0,2,0
89689,1,1,313752,313753,313754,1,2,0
89690,5,3,313757,313757,313760,0,3,3
89691,6,3,313763,313763,313766,0,3,3
89692,6,2,313769,313769,313771,0,2,3
89693,3,2,313772,313772,313774,0,2,1
89694,4,1,313776,313776,313777,0,1,2
89695,5,3,313781,313781,313784,0,3,4
89696,6,3,313787,313787,313790,0,3,3
89697,6,3,313793,313793,313796,0,3,3
89698,6,1,313799,313799,313800,0,1,3
89699,6,2,313805,313805,313807,0,2,5
89700,2,2,313807,313807,313809,0,2,0
89701,3,2,313810,313810,313812,0,2,1
89702,4,2,313814,313814,313816,0,2,2
89703,2,2,313816,313816,313818,0,2,0
89704,5,2,313821,313821,313823,0,2,3
89705,6,3,313827,313827,313830,0,3,4
89706,1,1,313828,313830,313831,2,3,0
89707,3,1,313831,313831,313832,0,1,0
89708,1,1,313832,313832,313833,0,1,0
89709,3,3,313835,313835,313838,0,3,2
89710,2,3,313837,313838,313841,1,4,0
89711,6,2,313843,313843,313845,0,2,2
89712,1,3,313844,313845,313848,1,4,0
89713,4,2,313848,313848,313850,0,2,0
89714,3,2,313851,313851,313853,0,2,1
89715,2,2,313853,313853,313855,0,2,0
89716,3,1,313856,313856,313857,0,1,1
89717,2,1,313858,313858,313859,0,1,1
89718,2,2,313860,313860,313862,0,2,1
89719,6,2,313866,313866,313868,0,2,4
89720,4,3,313870,313870,313873,0,3,2
89721,4,3,313874,313874,313877,0,3,1
89722,5,2,313879,313879,313881,0,2,2
89723,2,2,313881,313881,313883,0,2,0
89724,5,1,313886,313886,313887,0,1,3
89725,2,3,313888,313888,313891,0,3,1
89726,5,3,313893,313893,313896,0,3,2
89727,5,1,313898,313898,313899,0,1,2
89728,4,2,313902,313902,313904,0,2,3
89729,4,2,313906,313906,313908,0,2,2
89730,5,3,313911,313911,313914,0,3,3
89731,6,3,313917,313917,313920,0,3,3
89732,5,2,313922,313922,313924,0,2,2
89733,6,2,313928,313928,313930,0,2,4
89734,2,2,313930,313930,313932,0,2,0
89735,3,1,313933,313933,313934,0,1,1
89736,2,1,313935,313935,313936,0,1,1
89737,6,2,313941,313941,313943,0,2,5
89738,6,1,313947,313947,313948,0,1,4
89739,1,1,313948,313948,313949,0,1,0
89740,4,1,313952,313952,313953,0,1,3
89741,3,1,313955,313955,313956,0,1,2
89742,4,2,313959,313959,313961,0,2,3
89743,3,2,313962,313962,313964,0,2,1
89744,2,3,313964,313964,313967,0,3,0
89745,3,2,313967,313967,313969,0,2,0
89746,6,2,313973,313973,313975,0,2,4
89747,6,1,313979,313979,313980,0,1,4
89748,1,1,313980,313980,313981,0,1,0
89749,2,2,313982,313982,313984,0,2,1
89750,1,3,313983,313984,313987,1,4,0
89751,1,2,313984,313987,313989,3,5,0
89752,3,3,313987,313989,313992,2,5,0
89753,6,1,313993,313993,313994,0,1,1
89754,3,2,313996,313996,313998,0,2,2
89755,5,1,314001,314001,314002,0,1,3
89756,3,1,314004,314004,314005,0,1,2
89757,1,2,314005,314005,314007,0,2,0
89758,6,2,314011,314011,314013,0,2,4
89759,5,2,314016,314016,314018,0,2,3
89760,1,1,314017,314018,314019,1,2,0
89761,5,3,314022,314022,314025,0,3,3
89762,6,3,314028,314028,314031,0,3,3
89763,2,1,314030,314031,314032,1,2,0
89764,5,3,314035,314035,314038,0,3,3
89765,2,1,314037,314038,314039,1,2,0
89766,4,2,314041,314041,314043,0,2,2
89767,4,1,314045,314045,314046,0,1,2
89768,3,3,314048,314048,314051,0,3,2
89769,3,2,314051,314051,314053,0,2,0
89770,2,3,314053,314053,314056,0,3,0
89771,1,3,314054,314056,314059,2,5,0
89772,3,2,314057,314059,314061,2,4,0
89773,1,3,314058,314061,314064,3,6,0
89774,4,3,314062,314064,314067,2,5,0
89775,5,2,314067,314067,314069,0,2,0
89776,1,1,314068,314069,314070,1,2,0
89777,3,1,314071,314071,314072,0,1,1
89778,1,1,314072,314072,314073,0,1,0
89779,2,2,314074,314074,314076,0,2,1
89780,3,3,314077,314077,314080,0,3,1
89781,3,3,314080,314080,314083,0,3,0
89782,1,1,314081,314083,314084,2,3,0
89783,1,3,314082,314084,314087,2,5,0
89784,4,3,314086,314087,314090,1,4,0
89785,6,3,314092,314092,314095,0,3,2
89786,1,1,314093,314095,314096,2,3,0
89787,4,1,314097,314097,314098,0,1,1
89788,4,1,314101,314101,314102,0,1,3
89789,1,3,314102,314102,314105,0,3,0
89790,1,3,314103,314105,314108,2,5,0
89791,5,1,314108,314108,314109,0,1,0
89792,6,1,314114,314114,314115,0,1,5
89793,2,2,314116,314116,314118,0,2,1
89794,1,1,314117,314118,314119,1,2,0
89795,6,1,314123,314123,314124,0,1,4
89796,4,3,314127,314127,314130,0,3,3
89797,6,2,314133,314133,314135,0,2,3
89798,6,1,314139,314139,314140,0,1,4
89799,5,1,314144,314144,314145,0,1,4
89800,6,1,314150,314150,314151,0,1,5
89801,4,1,314154,314154,314155,0,1,3
89802,1,3,314155,314155,314158,0,3,0
89803,4,1,314159,314159,314160,0,1,1
89804,1,1,314160,314160,314161,0,1,0
89805,6,1,314166,314166,314167,0,1,5
89806,3,2,314169,314169,314171,0,2,2
89807,6,1,314175,314175,314176,0,1,4
89808,4,1,314179,314179,314180,0,1,3
89809,4,2,314183,314183,314185,0,2,3
89810,5,2,314188,314188,314190,0,2,3
89811,2,2,314190,314190,314192,0,2,0
89812,3,2,314193,314193,314195,0,2,1
89813,2,3,314195,314195,314198,0,3,0
89814,3,2,314198,314198,314200,0,2,0
89815,1,2,314199,314200,314202,1,3,0
89816,4,2,314203,314203,314205,0,2,1
89817,6,3,314209,314209,314212,0,3,4
89818,4,3,314213,314213,314216,0,3,1
89819,1,1,314214,314216,314217,2,3,0
89820,3,2,314217,314217,314219,0,2,0
89821,3,3,314220,314220,314223,0,3,1
89822,2,1,314222,314223,314224,1,2,0
89823,5,3,314227,314227,314230,0,3,3
89824,1,2,314228,314230,314232,2,4,0
89825,5,2,314233,314233,314235,0,2,1
89826,1,2,314234,314235,314237,1,3,0
89827,6,2,314240,314240,314242,0,2,3
89828,6,3,314246,314246,314249,0,3,4
89829,6,2,314252,314252,314254,0,2,3
89830,6,3,314258,314258,314261,0,3,4
89831,2,2,314260,314261,314263,1,3,0
89832,5,2,314265,314265,314267,0,2,2
89833,4,3,314269,314269,314272,0,3,2
89834,3,1,314272,314272,314273,0,1,0
89835,6,1,314278,314278,314279,0,1,5
89836,6,3,314284,314284,314287,0,3,5
89837,4,1,314288,314288,314289,0,1,1
89838,6,3,314294,314294,314297,0,3,5
89839,5,1,314299,314299,314300,0,1,2
89840,6,1,314305,314305,314306,0,1,5
89841,3,1,314308,314308,314309,0,1,2
89842,3,2,314311,314311,314313,0,2,2
89843,1,1,314312,314313,314314,1,2,0
89844,5,3,314317,314317,314320,0,3,3
89845,4,2,314321,314321,314323,0,2,1
89846,2,2,314323,314323,314325,0,2,0
89847,2,3,314325,314325,314328,0,3,0
89848,6,3,314331,314331,314334,0,3,3
89849,4,2,314335,314335,314337,0,2,1
89850,1,3,314336,314337,314340,1,4,0
89851,2,1,314338,314340,314341,2,3,0
89852,5,2,314343,314343,314345,0,2,2
89853,5,2,314348,314348,314350,0,2,3
89854,4,3,314352,314352,314355,0,3,2
89855,1,1,314353,314355,314356,2,3,0
89856,6,1,314359,314359,314360,0,1,3
89857,5,2,314364,314364,314366,0,2,4
89858,1,2,314365,314366,314368,1,3,0
89859,1,1,314366,314368,314369,2,3,0
89860,5,3,314371,314371,314374,0,3,2
89861,2,3,314373,314374,314377,1,4,0
89862,3,3,314376,314377,314380,1,4,0
89863,5,3,314381,314381,314384,0,3,1
89864,3,3,314384,314384,314387,0,3,0
89865,6,1,314390,314390,314391,0,1,3
89866,4,3,314394,314394,314397,0,3,3
89867,6,1,314400,314400,314401,0,1,3
89868,3,2,314403,314403,314405,0,2,2
89869,5,2,314408,314408,314410,0,2,3
89870,6,2,314414,314414,314416,0,2,4
89871,1,2,314415,314416,314418,1,3,0
89872,4,1,314419,314419,314420,0,1,1
89873,4,2,314423,314423,314425,0,2,3
89874,2,1,314425,314425,314426,0,1,0
89875,3,1,314428,314428,314429,0,1,2
89876,2,3,314430,314430,314433,0,3,1
89877,2,1,314432,314433,314434,1,2,0
89878,6,1,314438,314438,314439,0,1,4
89879,6,1,314444,314444,314445,0,1,5
89880,4,3,314448,314448,314451,0,3,3
89881,6,1,314454,314454,314455,0,1,3
89882,6,3,314460,314460,314463,0,3,5
89883,6,3,314466,314466,314469,0,3,3
89884,3,1,314469,314469,314470,0,1,0
89885,3,3,314472,314472,314475,0,3,2
89886,3,3,314475,314475,314478,0,3,0
89887,5,2,314480,314480,314482,0,2,2
89888,1,2,314481,314482,314484,1,3,0
89889,1,3,314482,314484,314487,2,5,0
89890,6,2,314488,314488,314490,0,2,1
89891,6,2,314494,314494,314496,0,2,4
89892,5,3,314499,314499,314502,0,3,3
89893,6,3,314505,314505,314508,0,3,3
89894,5,2,314510,314510,314512,0,2,2
89895,2,3,314512,314512,314515,0,3,0
89896,1,2,314513,314515,314517,2,4,0
89897,4,3,314517,314517,314520,0,3,0
89898,6,1,314523,314523,314524,0,1,3
89899,2,3,314525,314525,314528,0,3,1
89900,4,3,314529,314529,314532,0,3,1
89901,4,1,314533,314533,314534,0,1,1
89902,4,2,314537,314537,314539,0,2,3
89903,6,3,314543,314543,314546,0,3,4
89904,1,1,314544,314546,314547,2,3,0
89905,3,2,314547,314547,314549,0,2,0
89906,4,2,314551,314551,314553,0,2,2
89907,5,3,314556,314556,314559,0,3,3
89908,5,3,314561,314561,314564,0,3,2
89909,5,3,314566,314566,314569,0,3,2
89910,1,1,314567,314569,314570,2,3,0
89911,3,3,314570,314570,314573,0,3,0
89912,2,2,314572,314573,314575,1,3,0
89913,2,3,314574,314575,314578,1,4,0
89914,2,2,314576,314578,314580,2,4,0
89915,5,1,314581,314581,314582,0,1,1
89916,3,2,314584,314584,314586,0,2,2
89917,3,2,314587,314587,314589,0,2,1
89918,3,2,314590,314590,314592,0,2,1
89919,5,2,314595,314595,314597,0,2,3
89920,5,1,314600,314600,314601,0,1,3
89921,2,1,314602,314602,314603,0,1,1
89922,5,1,314607,314607,314608,0,1,4
89923,3,1,314610,314610,314611,0,1,2
89924,4,3,314614,314614,314617,0,3,3
89925,2,2,314616,314617,314619,1,3,0
89926,5,3,314621,314621,314624,0,3,2
89927,5,3,314626,314626,314629,0,3,2
89928,6,3,314632,314632,314635,0,3,3
89929,3,1,314635,314635,314636,0,1,0
89930,4,3,314639,314639,314642,0,3,3
89931,5,1,314644,314644,314645,0,1,2
89932,2,2,314646,314646,314648,0,2,1
89933,6,3,314652,314652,314655,0,3,4
89934,1,2,314653,314655,314657,2,4,0
89935,1,1,314654,314657,314658,3,4,0
89936,4,2,314658,314658,314660,0,2,0
89937,6,1,314664,314664,314665,0,1,4
89938,2,3,314666,314666,314669,0,3,1
89939,3,2,314669,314669,314671,0,2,0
89940,1,3,314670,314671,314674,1,4,0
89941,4,1,314674,314674,314675,0,1,0
89942,3,1,314677,314677,314678,0,1,2
89943,6,3,314683,314683,314686,0,3,5
89944,2,1,314685,314686,314687,1,2,0
89945,6,2,314691,314691,314693,0,2,4
89946,2,3,314693,314693,314696,0,3,0
89947,4,1,314697,314697,314698,0,1,1
89948,6,2,314703,314703,314705,0,2,5
89949,5,2,314708,314708,314710,0,2,3
89950,2,2,314710,314710,314712,0,2,0
89951,5,1,314715,314715,314716,0,1,3
89952,6,1,314721,314721,314722,0,1,5
89953,5,3,314726,314726,314729,0,3,4
89954,2,1,314728,314729,314730,1,2,0
89955,5,2,314733,314733,314735,0,2,3
89956,6,2,314739,314739,314741,0,2,4
89957,5,3,314744,314744,314747,0,3,3
89958,6,1,314750,314750,314751,0,1,3
89959,6,3,314756,314756,314759,0,3,5
89960,2,1,314758,314759,314760,1,2,0
89961,4,3,314762,314762,314765,0,3,2
89962,1,3,314763,314765,314768,2,5,0
89963,5,1,314768,314768,314769,0,1,0
89964,4,1,314772,314772,314773,0,1,3
89965,3,2,314775,314775,314777,0,2,2
89966,6,3,314781,314781,314784,0,3,4
89967,6,2,314787,314787,314789,0,2,3
89968,3,1,314790,314790,314791,0,1,1
89969,5,2,314795,314795,314797,0,2,4
89970,5,1,314800,314800,314801,0,1,3
89971,1,1,314801,314801,314802,0,1,0
89972,6,3,314807,314807,314810,0,3,5
89973,6,3,314813,314813,314816,0,3,3
89974,1,1,314814,314816,314817,2,3,0
89975,2,3,314816,314817,314820,1,4,0
89976,3,3,314819,314820,314823,1,4,0
89977,4,1,314823,314823,314824,0,1,0
89978,3,3,314826,314826,314829,0,3,2
89979,6,3,314832,314832,314835,0,3,3
89980,2,1,314834,314835,314836,1,2,0
89981,4,2,314838,314838,314840,0,2,2
89982,4,3,314842,314842,314845,0,3,2
89983,6,3,314848,314848,314851,0,3,3
89984,2,2,314850,314851,314853,1,3,0
89985,1,2,314851,314853,314855,2,4,0
89986,2,1,314853,314855,314856,2,3,0
89987,2,3,314855,314856,314859,1,4,0
89988,4,1,314859,314859,314860,0,1,0
89989,3,1,314862,314862,314863,0,1,2
89990,5,3,314867,314867,314870,0,3,4
89991,4,1,314871,314871,314872,0,1,1
89992,4,3,314875,314875,314878,0,3,3
89993,4,2,314879,314879,314881,0,2,1
89994,4,1,314883,314883,314884,0,1,2
89995,4,1,314887,314887,314888,0,1,3
89996,3,3,314890,314890,314893,0,3,2
89997,6,2,314896,314896,314898,0,2,3
89998,4,1,314900,314900,314901,0,1,2
89999,6,3,314906,314906,314909,0,3,5
90000,5,2,314911,314911,314913,0,2,2
90001,3,1,314914,314914,314915,0,1,1
90002,3,1,314917,314917,314918,0,1,2
90003,6,2,314923,314923,314925,0,2,5
90004,5,3,314928,314928,314931,0,3,3
90005,2,2,314930,314931,314933,1,3,0
90006,2,1,314932,314933,314934,1,2,0
90007,4,3,314936,314936,314939,0,3,2
90008,5,2,314941,314941,314943,0,2,2
90009,3,3,314944,314944,314947,0,3,1
90010,4,2,314948,314948,314950,0,2,1
90011,3,2,314951,314951,314953,0,2,1
90012,3,3,314954,314954,314957,0,3,1
90013,5,1,314959,314959,314960,0,1,2
90014,1,3,314960,314960,314963,0,3,0
90015,2,2,314962,314963,314965,1,3,0
90016,5,3,314967,314967,314970,0,3,2
90017,5,1,314972,314972,314973,0,1,2
90018,1,3,314973,314973,314976,0,3,0
90019,3,2,314976,314976,314978,0,2,0
90020,6,3,314982,314982,314985,0,3,4
90021,3,1,314985,314985,314986,0,1,0
90022,3,2,314988,314988,314990,0,2,2
90023,2,1,314990,314990,314991,0,1,0
90024,5,3,314995,314995,314998,0,3,4
90025,6,2,315001,315001,315003,0,2,3
90026,5,1,315006,315006,315007,0,1,3
90027,6,2,315012,315012,315014,0,2,5
90028,1,2,315013,315014,315016,1,3,0
90029,3,3,315016,315016,315019,0,3,0
90030,4,1,315020,315020,315021,0,1,1
90031,1,1,315021,315021,315022,0,1,0
90032,1,2,315022,315022,315024,0,2,0
90033,5,1,315027,315027,315028,0,1,3
90034,2,1,315029,315029,315030,0,1,1
90035,1,1,315030,315030,315031,0,1,0
90036,2,3,315032,315032,315035,0,3,1
90037,3,1,315035,315035,315036,0,1,0
90038,1,1,315036,315036,315037,0,1,0
90039,3,2,315039,315039,315041,0,2,2
90040,1,3,315040,315041,315044,1,4,0
90041,1,3,315041,315044,315047,3,6,0
90042,5,3,315046,315047,315050,1,4,0
90043,1,2,315047,315050,315052,3,5,0
90044,2,3,315049,315052,315055,3,6,0
90045,1,1,315050,315055,315056,5,6,0
90046,6,3,315056,315056,315059,0,3,0
90047,3,3,315059,315059,315062,0,3,0
90048,2,1,315061,315062,315063,1,2,0
90049,1,1,315062,315063,315064,1,2,0
90050,6,2,315068,315068,315070,0,2,4
90051,2,2,315070,315070,315072,0,2,0
90052,6,3,315076,315076,315079,0,3,4
90053,4,1,315080,315080,315081,0,1,1
90054,1,3,315081,315081,315084,0,3,0
90055,1,3,315082,315084,315087,2,5,0
90056,1,3,315083,315087,315090,4,7,0
90057,4,1,315087,315090,315091,3,4,0
90058,2,2,315089,315091,315093,2,4,0
90059,4,3,315093,315093,315096,0,3,0
90060,6,3,315099,315099,315102,0,3,3
90061,5,1,315104,315104,315105,0,1,2
90062,4,3,315108,315108,315111,0,3,3
90063,1,3,315109,315111,315114,2,5,0
90064,4,3,315113,315114,315117,1,4,0
90065,6,2,315119,315119,315121,0,2,2
90066,1,3,315120,315121,315124,1,4,0
90067,6,3,315126,315126,315129,0,3,2
90068,5,3,315131,315131,315134,0,3,2
90069,4,1,315135,315135,315136,0,1,1
90070,3,1,315138,315138,315139,0,1,2
90071,5,2,315143,315143,315145,0,2,4
90072,6,1,315149,315149,315150,0,1,4
90073,6,2,315155,315155,315157,0,2,5
90074,5,3,315160,315160,315163,0,3,3
90075,3,1,315163,315163,315164,0,1,0
90076,4,3,315167,315167,315170,0,3,3
90077,2,1,315169,315170,315171,1,2,0
90078,3,2,315172,315172,315174,0,2,1
90079,5,2,315177,315177,315179,0,2,3
90080,3,1,315180,315180,315181,0,1,1
90081,5,1,315185,315185,315186,0,1,4
90082,1,1,315186,315186,315187,0,1,0
90083,6,1,315192,315192,315193,0,1,5
90084,3,2,315195,315195,315197,0,2,2
90085,1,1,315196,315197,315198,1,2,0
90086,6,2,315202,315202,315204,0,2,4
90087,4,3,315206,315206,315209,0,3,2
90088,1,3,315207,315209,315212,2,5,0
90089,6,2,315213,315213,315215,0,2,1
90090,5,3,315218,315218,315221,0,3,3
90091,6,2,315224,315224,315226,0,2,3
90092,1,1,315225,315226,315227,1,2,0
90093,2,3,315227,315227,315230,0,3,0
90094,4,2,315231,315231,315233,0,2,1
90095,2,2,315233,315233,315235,0,2,0
90096,1,3,315234,315235,315238,1,4,0
90097,3,3,315237,315238,315241,1,4,0
90098,2,1,315239,315241,315242,2,3,0
90099,3,1,315242,315242,315243,0,1,0
90100,4,2,315246,315246,315248,0,2,3
90101,1,2,315247,315248,315250,1,3,0
90102,2,3,315249,315250,315253,1,4,0
90103,6,1,315255,315255,315256,0,1,2
90104,4,3,315259,315259,315262,0,3,3
90105,1,2,315260,315262,315264,2,4,0
90106,4,3,315264,315264,315267,0,3,0
90107,6,3,315270,315270,315273,0,3,3
90108,5,1,315275,315275,315276,0,1,2
90109,6,1,315281,315281,315282,0,1,5
90110,5,3,315286,315286,315289,0,3,4
90111,2,1,315288,315289,315290,1,2,0
90112,2,3,315290,315290,315293,0,3,0
90113,1,3,315291,315293,315296,2,5,0
90114,2,1,315293,315296,315297,3,4,0
90115,4,1,315297,315297,315298,0,1,0
90116,3,3,315300,315300,315303,0,3,2
90117,6,3,315306,315306,315309,0,3,3
90118,3,1,315309,315309,315310,0,1,0
90119,1,2,315310,315310,315312,0,2,0
90120,5,2,315315,315315,315317,0,2,3
90121,3,1,315318,315318,315319,0,1,1
90122,4,3,315322,315322,315325,0,3,3
90123,4,1,315326,315326,315327,0,1,1
90124,6,1,315332,315332,315333,0,1,5
90125,5,2,315337,315337,315339,0,2,4
90126,2,2,315339,315339,315341,0,2,0
90127,5,3,315344,315344,315347,0,3,3
90128,3,2,315347,315347,315349,0,2,0
90129,2,2,315349,315349,315351,0,2,0
90130,6,3,315355,315355,315358,0,3,4
90131,2,2,315357,315358,315360,1,3,0
90132,3,3,315360,315360,315363,0,3,0
90133,1,1,315361,315363,315364,2,3,0
90134,4,3,315365,315365,315368,0,3,1
90135,2,2,315367,315368,315370,1,3,0
90136,6,3,315373,315373,315376,0,3,3
90137,6,3,315379,315379,315382,0,3,3
90138,4,2,315383,315383,315385,0,2,1
90139,1,3,315384,315385,315388,1,4,0
90140,3,3,315387,315388,315391,1,4,0
90141,1,2,315388,315391,315393,3,5,0
90142,2,2,315390,315393,315395,3,5,0
90143,1,2,315391,315395,315397,4,6,0
90144,3,1,315394,315397,315398,3,4,0
90145,1,2,315395,315398,315400,3,5,0
90146,3,3,315398,315400,315403,2,5,0
90147,4,3,315402,315403,315406,1,4,0
90148,5,3,315407,315407,315410,0,3,1
90149,1,2,315408,315410,315412,2,4,0
90150,3,3,315411,315412,315415,1,4,0
90151,6,1,315417,315417,315418,0,1,2
90152,4,2,315421,315421,315423,0,2,3
90153,4,3,315425,315425,315428,0,3,2
90154,4,2,315429,315429,315431,0,2,1
90155,2,1,315431,315431,315432,0,1,0
90156,2,3,315433,315433,315436,0,3,1
90157,3,2,315436,315436,315438,0,2,0
90158,3,3,315439,315439,315442,0,3,1
90159,1,3,315440,315442,315445,2,5,0
90160,2,3,315442,315445,315448,3,6,0
90161,2,1,315444,315448,315449,4,5,0
90162,4,2,315448,315449,315451,1,3,0
90163,6,2,315454,315454,315456,0,2,3
90164,2,1,315456,315456,315457,0,1,0
90165,2,1,315458,315458,315459,0,1,1
90166,2,2,315460,315460,315462,0,2,1
90167,3,2,315463,315463,315465,0,2,1
90168,5,1,315468,315468,315469,0,1,3
90169,4,2,315472,315472,315474,0,2,3
90170,5,1,315477,315477,315478,0,1,3
90171,1,1,315478,315478,315479,0,1,0
90172,5,1,315483,315483,315484,0,1,4
90173,6,1,315489,315489,315490,0,1,5
90174,5,1,315494,315494,315495,0,1,4
90175,1,2,315495,315495,315497,0,2,0
90176,5,2,315500,315500,315502,0,2,3
90177,2,3,315502,315502,315505,0,3,0
90178,6,1,315508,315508,315509,0,1,3
90179,2,1,315510,315510,315511,0,1,1
90180,5,2,315515,315515,315517,0,2,4
90181,2,2,315517,315517,315519,0,2,0
90182,6,1,315523,315523,315524,0,1,4
90183,3,1,315526,315526,315527,0,1,2
90184,2,1,315528,315528,315529,0,1,1
90185,3,2,315531,315531,315533,0,2,2
90186,2,3,315533,315533,315536,0,3,0
90187,5,2,315538,315538,315540,0,2,2
90188,3,1,315541,315541,315542,0,1,1
90189,2,1,315543,315543,315544,0,1,1
90190,6,1,315549,315549,315550,0,1,5
90191,4,2,315553,315553,315555,0,2,3
90192,3,2,315556,315556,315558,0,2,1
90193,2,1,315558,315558,315559,0,1,0
90194,1,2,315559,315559,315561,0,2,0
90195,1,2,315560,315561,315563,1,3,0
90196,4,2,315564,315564,315566,0,2,1
90197,3,3,315567,315567,315570,0,3,1
90198,6,1,315573,315573,315574,0,1,3
90199,1,1,315574,315574,315575,0,1,0
90200,2,2,315576,315576,315578,0,2,1
90201,1,3,315577,315578,315581,1,4,0
90202,6,2,315583,315583,315585,0,2,2
90203,6,3,315589,315589,315592,0,3,4
90204,3,3,315592,315592,315595,0,3,0
90205,5,2,315597,315597,315599,0,2,2
90206,5,1,315602,315602,315603,0,1,3
90207,2,2,315604,315604,315606,0,2,1
90208,4,2,315608,315608,315610,0,2,2
90209,4,3,315612,315612,315615,0,3,2
90210,2,2,315614,315615,315617,1,3,0
90211,3,2,315617,315617,315619,0,2,0
90212,4,3,315621,315621,315624,0,3,2
90213,1,2,315622,315624,315626,2,4,0
90214,3,1,315625,315626,315627,1,2,0
90215,2,1,315627,315627,315628,0,1,0
90216,2,2,315629,315629,315631,0,2,1
90217,4,1,315633,315633,315634,0,1,2
90218,4,1,315637,315637,315638,0,1,3
90219,6,3,315643,315643,315646,0,3,5
90220,5,1,315648,315648,315649,0,1,2
90221,5,2,315653,315653,315655,0,2,4
90222,3,2,315656,315656,315658,0,2,1
90223,5,2,315661,315661,315663,0,2,3
90224,6,1,315667,315667,315668,0,1,4
90225,1,3,315668,315668,315671,0,3,0
90226,1,1,315669,315671,315672,2,3,0
90227,5,2,315674,315674,315676,0,2,2
90228,4,1,315678,315678,315679,0,1,2
90229,4,1,315682,315682,315683,0,1,3
90230,3,1,315685,315685,315686,0,1,2
90231,2,1,315687,315687,315688,0,1,1
90232,3,2,315690,315690,315692,0,2,2
90233,4,2,315694,315694,315696,0,2,2
90234,3,2,315697,315697,315699,0,2,1
90235,3,1,315700,315700,315701,0,1,1
90236,1,1,315701,315701,315702,0,1,0
90237,4,1,315705,315705,315706,0,1,3
90238,5,1,315710,315710,315711,0,1,4
90239,1,2,315711,315711,315713,0,2,0
90240,1,2,315712,315713,315715,1,3,0
90241,4,1,315716,315716,315717,0,1,1
90242,6,1,315722,315722,315723,0,1,5
90243,2,3,315724,315724,315727,0,3,1
90244,3,2,315727,315727,315729,0,2,0
90245,2,3,315729,315729,315732,0,3,0
90246,5,3,315734,315734,315737,0,3,2
90247,4,1,315738,315738,315739,0,1,1
90248,5,3,315743,315743,315746,0,3,4
90249,6,3,315749,315749,315752,0,3,3
90250,2,3,315751,315752,315755,1,4,0
90251,3,2,315754,315755,315757,1,3,0
90252,4,2,315758,315758,315760,0,2,1
90253,4,3,315762,315762,315765,0,3,2
90254,6,3,315768,315768,315771,0,3,3
90255,6,3,315774,315774,315777,0,3,3
90256,1,3,315775,315777,315780,2,5,0
90257,5,3,315780,315780,315783,0,3,0
90258,3,2,315783,315783,315785,0,2,0
90259,3,1,315786,315786,315787,0,1,1
90260,3,1,315789,315789,315790,0,1,2
90261,5,2,315794,315794,315796,0,2,4
90262,6,1,315800,315800,315801,0,1,4
90263,2,1,315802,315802,315803,0,1,1
90264,4,3,315806,315806,315809,0,3,3
90265,1,2,315807,315809,315811,2,4,0
90266,1,1,315808,315811,315812,3,4,0
90267,3,1,315811,315812,315813,1,2,0
90268,3,2,315814,315814,315816,0,2,1
90269,5,3,315819,315819,315822,0,3,3
90270,2,1,315821,315822,315823,1,2,0
90271,3,1,315824,315824,315825,0,1,1
90272,1,1,315825,315825,315826,0,1,0
90273,3,2,315828,315828,315830,0,2,2
90274,5,3,315833,315833,315836,0,3,3
90275,4,1,315837,315837,315838,0,1,1
90276,1,3,315838,315838,315841,0,3,0
90277,5,1,315843,315843,315844,0,1,2
90278,6,3,315849,315849,315852,0,3,5
90279,5,1,315854,315854,315855,0,1,2
90280,5,3,315859,315859,315862,0,3,4
90281,2,2,315861,315862,315864,1,3,0
90282,5,1,315866,315866,315867,0,1,2
90283,5,2,315871,315871,315873,0,2,4
90284,2,1,315873,315873,315874,0,1,0
90285,5,3,315878,315878,315881,0,3,4
90286,2,2,315880,315881,315883,1,3,0
90287,2,1,315882,315883,315884,1,2,0
90288,1,2,315883,315884,315886,1,3,0
90289,5,1,315888,315888,315889,0,1,2
90290,3,2,315891,315891,315893,0,2,2
90291,3,1,315894,315894,315895,0,1,1
90292,5,3,315899,315899,315902,0,3,4
90293,5,3,315904,315904,315907,0,3,2
90294,4,1,315908,315908,315909,0,1,1
90295,4,3,315912,315912,315915,0,3,3
90296,4,1,315916,315916,315917,0,1,1
90297,5,1,315921,315921,315922,0,1,4
90298,1,3,315922,315922,315925,0,3,0
90299,1,3,315923,315925,315928,2,5,0
90300,4,1,315927,315928,315929,1,2,0
90301,3,3,315930,315930,315933,0,3,1
90302,3,2,315933,315933,315935,0,2,0
90303,4,2,315937,315937,315939,0,2,2
90304,5,3,315942,315942,315945,0,3,3
90305,5,3,315947,315947,315950,0,3,2
90306,5,1,315952,315952,315953,0,1,2
90307,2,2,315954,315954,315956,0,2,1
90308,6,1,315960,315960,315961,0,1,4
90309,1,1,315961,315961,315962,0,1,0
90310,3,1,315964,315964,315965,0,1,2
90311,1,2,315965,315965,315967,0,2,0
90312,5,3,315970,315970,315973,0,3,3
90313,2,3,315972,315973,315976,1,4,0
90314,1,2,315973,315976,315978,3,5,0
90315,4,2,315977,315978,315980,1,3,0
90316,6,2,315983,315983,315985,0,2,3
90317,6,1,315989,315989,315990,0,1,4
90318,1,2,315990,315990,315992,0,2,0
90319,5,2,315995,315995,315997,0,2,3
90320,1,2,315996,315997,315999,1,3,0
90321,5,3,316001,316001,316004,0,3,2
90322,2,2,316003,316004,316006,1,3,0
90323,6,1,316009,316009,316010,0,1,3
90324,4,3,316013,316013,316016,0,3,3
90325,4,2,316017,316017,316019,0,2,1
90326,1,1,316018,316019,316020,1,2,0
90327,1,1,316019,316020,316021,1,2,0
90328,6,1,316025,316025,316026,0,1,4
90329,5,1,316030,316030,316031,0,1,4
90330,6,2,316036,316036,316038,0,2,5
90331,4,1,316040,316040,316041,0,1,2
90332,4,1,316044,316044,316045,0,1,3
90333,3,1,316047,316047,316048,0,1,2
90334,6,3,316053,316053,316056,0,3,5
90335,2,3,316055,316056,316059,1,4,0
90336,5,2,316060,316060,316062,0,2,1
90337,6,3,316066,316066,316069,0,3,4
90338,6,3,316072,316072,316075,0,3,3
90339,2,1,316074,316075,316076,1,2,0
90340,6,3,316080,316080,316083,0,3,4
90341,3,1,316083,316083,316084,0,1,0
90342,4,2,316087,316087,316089,0,2,3
90343,4,2,316091,316091,316093,0,2,2
90344,4,2,316095,316095,316097,0,2,2
90345,3,1,316098,316098,316099,0,1,1
90346,4,3,316102,316102,316105,0,3,3
90347,5,1,316107,316107,316108,0,1,2
90348,4,3,316111,316111,316114,0,3,3
90349,1,1,316112,316114,316115,2,3,0
90350,4,2,316116,316116,316118,0,2,1
90351,6,3,316122,316122,316125,0,3,4
90352,1,3,316123,316125,316128,2,5,0
90353,1,2,316124,316128,316130,4,6,0
90354,3,2,316127,316130,316132,3,5,0
90355,6,1,316133,316133,316134,0,1,1
90356,1,2,316134,316134,316136,0,2,0
90357,6,1,316140,316140,316141,0,1,4
90358,3,1,316143,316143,316144,0,1,2
90359,1,1,316144,316144,316145,0,1,0
90360,5,2,316149,316149,316151,0,2,4
90361,4,3,316153,316153,316156,0,3,2
90362,5,2,316158,316158,316160,0,2,2
90363,3,3,316161,316161,316164,0,3,1
90364,5,2,316166,316166,316168,0,2,2
90365,2,1,316168,316168,316169,0,1,0
90366,4,3,316172,316172,316175,0,3,3
90367,5,2,316177,316177,316179,0,2,2
90368,4,3,316181,316181,316184,0,3,2
90369,5,3,316186,316186,316189,0,3,2
90370,4,3,316190,316190,316193,0,3,1
90371,4,3,316194,316194,316197,0,3,1
90372,1,2,316195,316197,316199,2,4,0
90373,6,3,316201,316201,316204,0,3,2
90374,1,1,316202,316204,316205,2,3,0
90375,6,2,316208,316208,316210,0,2,3
90376,3,3,316211,316211,316214,0,3,1
90377,2,3,316213,316214,316217,1,4,0
90378,6,1,316219,316219,316220,0,1,2
90379,3,2,316222,316222,316224,0,2,2
90380,6,3,316228,316228,316231,0,3,4
90381,1,2,316229,316231,316233,2,4,0
90382,3,2,316232,316233,316235,1,3,0
90383,1,2,316233,316235,316237,2,4,0
90384,2,2,316235,316237,316239,2,4,0
90385,6,1,316241,316241,316242,0,1,2
90386,1,1,316242,316242,316243,0,1,0
90387,3,3,316245,316245,316248,0,3,2
90388,5,3,316250,316250,316253,0,3,2
90389,5,2,316255,316255,316257,0,2,2
90390,4,3,316259,316259,316262,0,3,2
90391,1,3,316260,316262,316265,2,5,0
90392,1,1,316261,316265,316266,4,5,0
90393,2,2,316263,316266,316268,3,5,0
90394,5,1,316268,316268,316269,0,1,0
90395,6,2,316274,316274,316276,0,2,5
90396,5,3,316279,316279,316282,0,3,3
90397,6,2,316285,316285,316287,0,2,3
90398,6,1,316291,316291,316292,0,1,4
90399,1,3,316292,316292,316295,0,3,0
90400,6,2,316298,316298,316300,0,2,3
90401,4,2,316302,316302,316304,0,2,2
90402,2,1,316304,316304,316305,0,1,0
90403,6,2,316310,316310,316312,0,2,5
90404,3,2,316313,316313,316315,0,2,1
90405,5,2,316318,316318,316320,0,2,3
90406,3,2,316321,316321,316323,0,2,1
90407,5,2,316326,316326,316328,0,2,3
90408,5,2,316331,316331,316333,0,2,3
90409,5,3,316336,316336,316339,0,3,3
90410,3,3,316339,316339,316342,0,3,0
90411,3,2,316342,316342,316344,0,2,0
90412,6,3,316348,316348,316351,0,3,4
90413,3,2,316351,316351,316353,0,2,0
90414,3,2,316354,316354,316356,0,2,1
90415,4,3,316358,316358,316361,0,3,2
90416,6,1,316364,316364,316365,0,1,3
90417,1,2,316365,316365,316367,0,2,0
90418,3,1,316368,316368,316369,0,1,1
90419,3,2,316371,316371,316373,0,2,2
90420,6,1,316377,316377,316378,0,1,4
90421,1,2,316378,316378,316380,0,2,0
90422,6,3,316384,316384,316387,0,3,4
90423,2,3,316386,316387,316390,1,4,0
90424,4,2,316390,316390,316392,0,2,0
90425,1,2,316391,316392,316394,1,3,0
90426,2,1,316393,316394,316395,1,2,0
90427,2,2,316395,316395,316397,0,2,0
90428,6,2,316401,316401,316403,0,2,4
90429,5,3,316406,316406,316409,0,3,3
90430,6,3,316412,316412,316415,0,3,3
90431,2,1,316414,316415,316416,1,2,0
90432,5,1,316419,316419,316420,0,1,3
90433,3,2,316422,316422,316424,0,2,2
90434,5,1,316427,316427,316428,0,1,3
90435,3,1,316430,316430,316431,0,1,2
90436,4,2,316434,316434,316436,0,2,3
90437,6,2,316440,316440,316442,0,2,4
90438,1,3,316441,316442,316445,1,4,0
90439,3,3,316444,316445,316448,1,4,0
90440,5,3,316449,316449,316452,0,3,1
90441,4,1,316453,316453,316454,0,1,1
90442,2,1,316455,316455,316456,0,1,1
90443,1,3,316456,316456,316459,0,3,0
90444,4,2,316460,316460,316462,0,2,1
90445,4,1,316464,316464,316465,0,1,2
90446,6,1,316470,316470,316471,0,1,5
90447,5,2,316475,316475,316477,0,2,4
90448,5,3,316480,316480,316483,0,3,3
90449,3,3,316483,316483,316486,0,3,0
90450,6,2,316489,316489,316491,0,2,3
90451,5,3,316494,316494,316497,0,3,3
90452,4,1,316498,316498,316499,0,1,1
90453,6,1,316504,316504,316505,0,1,5
90454,6,1,316510,316510,316511,0,1,5
90455,2,1,316512,316512,316513,0,1,1
90456,1,3,316513,316513,316516,0,3,0
90457,2,1,316515,316516,316517,1,2,0
90458,3,2,316518,316518,316520,0,2,1
90459,1,3,316519,316520,316523,1,4,0
90460,3,1,316522,316523,316524,1,2,0
90461,1,2,316523,316524,316526,1,3,0
90462,3,1,316526,316526,316527,0,1,0
90463,4,2,316530,316530,316532,0,2,3
90464,1,3,316531,316532,316535,1,4,0
90465,2,3,316533,316535,316538,2,5,0
90466,3,3,316536,316538,316541,2,5,0
90467,6,1,316542,316542,316543,0,1,1
90468,3,1,316545,316545,316546,0,1,2
90469,3,2,316548,316548,316550,0,2,2
90470,1,3,316549,316550,316553,1,4,0
90471,2,1,316551,316553,316554,2,3,0
90472,2,3,316553,316554,316557,1,4,0
90473,5,3,316558,316558,316561,0,3,1
90474,1,3,316559,316561,316564,2,5,0
90475,4,2,316563,316564,316566,1,3,0
90476,2,2,316565,316566,316568,1,3,0
90477,2,3,316567,316568,316571,1,4,0
90478,3,2,316570,316571,316573,1,3,0
90479,6,1,316576,316576,316577,0,1,3
90480,6,1,316582,316582,316583,0,1,5
90481,3,1,316585,316585,316586,0,1,2
90482,4,2,316589,316589,316591,0,2,3
90483,6,2,316595,316595,316597,0,2,4
90484,3,2,316598,316598,316600,0,2,1
90485,1,2,316599,316600,316602,1,3,0
90486,4,3,316603,316603,316606,0,3,1
90487,3,3,316606,316606,316609,0,3,0
90488,1,3,316607,316609,316612,2,5,0
90489,2,2,316609,316612,316614,3,5,0
90490,6,1,316615,316615,316616,0,1,1
90491,4,1,316619,316619,316620,0,1,3
90492,5,2,316624,316624,316626,0,2,4
90493,3,2,316627,316627,316629,0,2,1
90494,4,1,316631,316631,316632,0,1,2
90495,2,3,316633,316633,316636,0,3,1
90496,1,3,316634,316636,316639,2,5,0
90497,3,2,316637,316639,316641,2,4,0
90498,4,1,316641,316641,316642,0,1,0
90499,1,2,316642,316642,316644,0,2,0
90500,4,3,316646,316646,316649,0,3,2
90501,3,2,316649,316649,316651,0,2,0
90502,4,3,316653,316653,316656,0,3,2
90503,6,1,316659,316659,316660,0,1,3
90504,2,3,316661,316661,316664,0,3,1
90505,4,2,316665,316665,316667,0,2,1
90506,5,2,316670,316670,316672,0,2,3
90507,4,2,316674,316674,316676,0,2,2
90508,3,2,316677,316677,316679,0,2,1
90509,5,3,316682,316682,316685,0,3,3
90510,3,1,316685,316685,316686,0,1,0
90511,6,1,316691,316691,316692,0,1,5
90512,6,1,316697,316697,316698,0,1,5
90513,4,3,316701,316701,316704,0,3,3
90514,5,3,316706,316706,316709,0,3,2
90515,3,3,316709,316709,316712,0,3,0
90516,1,1,316710,316712,316713,2,3,0
90517,3,3,316713,316713,316716,0,3,0
90518,4,3,316717,316717,316720,0,3,1
90519,5,2,316722,316722,316724,0,2,2
90520,3,3,316725,316725,316728,0,3,1
90521,2,1,316727,316728,316729,1,2,0
90522,4,3,316731,316731,316734,0,3,2
90523,1,1,316732,316734,316735,2,3,0
90524,2,2,316734,316735,316737,1,3,0
90525,1,3,316735,316737,316740,2,5,0
90526,4,3,316739,316740,316743,1,4,0
90527,5,3,316744,316744,316747,0,3,1
90528,3,3,316747,316747,316750,0,3,0
90529,2,1,316749,316750,316751,1,2,0
90530,1,3,316750,316751,316754,1,4,0
90531,5,2,316755,316755,316757,0,2,1
90532,4,1,316759,316759,316760,0,1,2
90533,1,3,316760,316760,316763,0,3,0
90534,2,2,316762,316763,316765,1,3,0
90535,4,3,316766,316766,316769,0,3,1
90536,6,1,316772,316772,316773,0,1,3
90537,2,1,316774,316774,316775,0,1,1
90538,4,1,316778,316778,316779,0,1,3
90539,6,1,316784,316784,316785,0,1,5
90540,3,2,316787,316787,316789,0,2,2
90541,6,2,316793,316793,316795,0,2,4
90542,3,3,316796,316796,316799,0,3,1
90543,3,3,316799,316799,316802,0,3,0
90544,3,3,316802,316802,316805,0,3,0
90545,6,1,316808,316808,316809,0,1,3
90546,4,1,316812,316812,316813,0,1,3
90547,3,3,316815,316815,316818,0,3,2
90548,6,3,316821,316821,316824,0,3,3
90549,1,2,316822,316824,316826,2,4,0
90550,2,3,316824,316826,316829,2,5,0
90551,1,1,316825,316829,316830,4,5,0
90552,6,1,316831,316831,316832,0,1,1
90553,3,1,316834,316834,316835,0,1,2
90554,3,2,316837,316837,316839,0,2,2
90555,4,1,316841,316841,316842,0,1,2
90556,2,3,316843,316843,316846,0,3,1
90557,1,3,316844,316846,316849,2,5,0
90558,5,3,316849,316849,316852,0,3,0
90559,4,3,316853,316853,316856,0,3,1
90560,4,2,316857,316857,316859,0,2,1
90561,5,1,316862,316862,316863,0,1,3
90562,4,2,316866,316866,316868,0,2,3
90563,1,2,316867,316868,316870,1,3,0
90564,5,1,316872,316872,316873,0,1,2
90565,2,1,316874,316874,316875,0,1,1
90566,4,1,316878,316878,316879,0,1,3
90567,1,1,316879,316879,316880,0,1,0
90568,2,2,316881,316881,316883,0,2,1
90569,6,1,316887,316887,316888,0,1,4
90570,2,1,316889,316889,316890,0,1,1
90571,6,1,316895,316895,316896,0,1,5
90572,1,1,316896,316896,316897,0,1,0
90573,5,1,316901,316901,316902,0,1,4
90574,4,3,316905,316905,316908,0,3,3
90575,2,2,316907,316908,316910,1,3,0
90576,4,3,316911,316911,316914,0,3,1
90577,4,3,316915,316915,316918,0,3,1
90578,3,3,316918,316918,316921,0,3,0
90579,6,2,316924,316924,316926,0,2,3
90580,4,3,316928,316928,316931,0,3,2
90581,5,1,316933,316933,316934,0,1,2
90582,4,1,316937,316937,316938,0,1,3
90583,3,1,316940,316940,316941,0,1,2
90584,3,3,316943,316943,316946,0,3,2
90585,3,2,316946,316946,316948,0,2,0
90586,4,2,316950,316950,316952,0,2,2
90587,5,2,316955,316955,316957,0,2,3
90588,1,1,316956,316957,316958,1,2,0
90589,3,3,316959,316959,316962,0,3,1
90590,4,1,316963,316963,316964,0,1,1
90591,4,1,316967,316967,316968,0,1,3
90592,1,1,316968,316968,316969,0,1,0
90593,5,1,316973,316973,316974,0,1,4
90594,2,3,316975,316975,316978,0,3,1
90595,3,3,316978,316978,316981,0,3,0
90596,1,3,316979,316981,316984,2,5,0
90597,3,2,316982,316984,316986,2,4,0
90598,3,1,316985,316986,316987,1,2,0
90599,3,1,316988,316988,316989,0,1,1
90600,3,3,316991,316991,316994,0,3,2
90601,4,1,316995,316995,316996,0,1,1
90602,4,1,316999,316999,317000,0,1,3
90603,1,1,317000,317000,317001,0,1,0
90604,6,1,317006,317006,317007,0,1,5
90605,6,3,317012,317012,317015,0,3,5
90606,1,2,317013,317015,317017,2,4,0
90607,5,1,317018,317018,317019,0,1,1
90608,6,3,317024,317024,317027,0,3,5
90609,2,3,317026,317027,317030,1,4,0
90610,1,2,317027,317030,317032,3,5,0
90611,4,2,317031,317032,317034,1,3,0
90612,5,3,317036,317036,317039,0,3,2
90613,2,3,317038,317039,317042,1,4,0
90614,6,2,317044,317044,317046,0,2,2
90615,5,1,317049,317049,317050,0,1,3
90616,4,2,317053,317053,317055,0,2,3
90617,1,2,317054,317055,317057,1,3,0
90618,4,3,317058,317058,317061,0,3,1
90619,5,2,317063,317063,317065,0,2,2
90620,6,1,317069,317069,317070,0,1,4
90621,1,3,317070,317070,317073,0,3,0
90622,4,1,317074,317074,317075,0,1,1
90623,6,1,317080,317080,317081,0,1,5
90624,5,2,317085,317085,317087,0,2,4
90625,3,3,317088,317088,317091,0,3,1
90626,1,3,317089,317091,317094,2,5,0
90627,1,3,317090,317094,317097,4,7,0
90628,3,1,317093,317097,317098,4,5,0
90629,2,1,317095,317098,317099,3,4,0
90630,5,2,317100,317100,317102,0,2,1
90631,2,3,317102,317102,317105,0,3,0
90632,6,2,317108,317108,317110,0,2,3
90633,3,3,317111,317111,317114,0,3,1
90634,2,3,317113,317114,317117,1,4,0
90635,2,2,317115,317117,317119,2,4,0
90636,5,1,317120,317120,317121,0,1,1
90637,1,1,317121,317121,317122,0,1,0
90638,4,2,317125,317125,317127,0,2,3
90639,5,2,317130,317130,317132,0,2,3
90640,2,2,317132,317132,317134,0,2,0
90641,2,2,317134,317134,317136,0,2,0
90642,6,2,317140,317140,317142,0,2,4
90643,5,1,317145,317145,317146,0,1,3
90644,5,1,317150,317150,317151,0,1,4
90645,6,1,317156,317156,317157,0,1,5
90646,1,2,317157,317157,317159,0,2,0
90647,6,3,317163,317163,317166,0,3,4
90648,6,3,317169,317169,317172,0,3,3
90649,2,1,317171,317172,317173,1,2,0
90650,3,3,317174,317174,317177,0,3,1
90651,2,1,317176,317177,317178,1,2,0
90652,3,2,317179,317179,317181,0,2,1
90653,5,2,317184,317184,317186,0,2,3
90654,6,2,317190,317190,317192,0,2,4
90655,3,2,317193,317193,317195,0,2,1
90656,4,2,317197,317197,317199,0,2,2
90657,2,1,317199,317199,317200,0,1,0
90658,6,1,317205,317205,317206,0,1,5
90659,1,2,317206,317206,317208,0,2,0
90660,4,3,317210,317210,317213,0,3,2
90661,3,1,317213,317213,317214,0,1,0
90662,6,3,317219,317219,317222,0,3,5
90663,4,3,317223,317223,317226,0,3,1
90664,3,2,317226,317226,317228,0,2,0
90665,6,2,317232,317232,317234,0,2,4
90666,4,1,317236,317236,317237,0,1,2
90667,4,2,317240,317240,317242,0,2,3
90668,1,3,317241,317242,317245,1,4,0
90669,4,3,317245,317245,317248,0,3,0
90670,2,3,317247,317248,317251,1,4,0
90671,3,3,317250,317251,317254,1,4,0
90672,1,3,317251,317254,317257,3,6,0
90673,5,1,317256,317257,317258,1,2,0
90674,2,2,317258,317258,317260,0,2,0
90675,5,3,317263,317263,317266,0,3,3
90676,3,2,317266,317266,317268,0,2,0
90677,5,3,317271,317271,317274,0,3,3
90678,2,2,317273,317274,317276,1,3,0
90679,6,2,317279,317279,317281,0,2,3
90680,5,1,317284,317284,317285,0,1,3
90681,1,3,317285,317285,317288,0,3,0
90682,5,2,317290,317290,317292,0,2,2
90683,6,1,317296,317296,317297,0,1,4
90684,2,3,317298,317298,317301,0,3,1
90685,6,3,317304,317304,317307,0,3,3
90686,2,2,317306,317307,317309,1,3,0
90687,4,1,317310,317310,317311,0,1,1
90688,1,1,317311,317311,317312,0,1,0
90689,5,2,317316,317316,317318,0,2,4
90690,3,1,317319,317319,317320,0,1,1
90691,5,3,317324,317324,317327,0,3,4
90692,6,1,317330,317330,317331,0,1,3
90693,4,2,317334,317334,317336,0,2,3
90694,3,3,317337,317337,317340,0,3,1
90695,3,2,317340,317340,317342,0,2,0
90696,2,2,317342,317342,317344,0,2,0
90697,2,2,317344,317344,317346,0,2,0
90698,3,2,317347,317347,317349,0,2,1
90699,6,1,317353,317353,317354,0,1,4
90700,1,2,317354,317354,317356,0,2,0
90701,4,2,317358,317358,317360,0,2,2
90702,1,3,317359,317360,317363,1,4,0
90703,2,1,317361,317363,317364,2,3,0
90704,1,1,317362,317364,317365,2,3,0
90705,3,1,317365,317365,317366,0,1,0
90706,6,3,317371,317371,317374,0,3,5
90707,5,1,317376,317376,317377,0,1,2
90708,2,2,317378,317378,317380,0,2,1
90709,6,3,317384,317384,317387,0,3,4
90710,3,2,317387,317387,317389,0,2,0
90711,5,3,317392,317392,317395,0,3,3
90712,4,3,317396,317396,317399,0,3,1
90713,5,1,317401,317401,317402,0,1,2
90714,3,1,317404,317404,317405,0,1,2
90715,6,1,317410,317410,317411,0,1,5
90716,1,1,317411,317411,317412,0,1,0
90717,4,2,317415,317415,317417,0,2,3
90718,6,3,317421,317421,317424,0,3,4
90719,6,3,317427,317427,317430,0,3,3
90720,4,2,317431,317431,317433,0,2,1
90721,4,2,317435,317435,317437,0,2,2
90722,2,3,317437,317437,317440,0,3,0
90723,5,1,317442,317442,317443,0,1,2
90724,2,2,317444,317444,317446,0,2,1
90725,4,3,317448,317448,317451,0,3,2
90726,2,1,317450,317451,317452,1,2,0
90727,3,2,317453,317453,317455,0,2,1
90728,6,2,317459,317459,317461,0,2,4
90729,3,2,317462,317462,317464,0,2,1
90730,6,1,317468,317468,317469,0,1,4
90731,1,2,317469,317469,317471,0,2,0
90732,3,2,317472,317472,317474,0,2,1
90733,3,1,317475,317475,317476,0,1,1
90734,3,1,317478,317478,317479,0,1,2
90735,2,1,317480,317480,317481,0,1,1
90736,3,3,317483,317483,317486,0,3,2
90737,5,2,317488,317488,317490,0,2,2
90738,6,1,317494,317494,317495,0,1,4
90739,5,1,317499,317499,317500,0,1,4
90740,6,3,317505,317505,317508,0,3,5
90741,2,1,317507,317508,317509,1,2,0
90742,5,3,317512,317512,317515,0,3,3
90743,3,3,317515,317515,317518,0,3,0
90744,5,2,317520,317520,317522,0,2,2
90745,4,1,317524,317524,317525,0,1,2
90746,6,2,317530,317530,317532,0,2,5
90747,6,3,317536,317536,317539,0,3,4
90748,4,3,317540,317540,317543,0,3,1
90749,4,2,317544,317544,317546,0,2,1
90750,6,1,317550,317550,317551,0,1,4
90751,4,2,317554,317554,317556,0,2,3
90752,5,2,317559,317559,317561,0,2,3
90753,6,3,317565,317565,317568,0,3,4
90754,6,3,317571,317571,317574,0,3,3
90755,3,3,317574,317574,317577,0,3,0
90756,5,2,317579,317579,317581,0,2,2
90757,2,3,317581,317581,317584,0,3,0
90758,3,1,317584,317584,317585,0,1,0
90759,2,2,317586,317586,317588,0,2,1
90760,1,1,317587,317588,317589,1,2,0
90761,6,3,317593,317593,317596,0,3,4
90762,3,3,317596,317596,317599,0,3,0
90763,5,3,317601,317601,317604,0,3,2
90764,2,3,317603,317604,317607,1,4,0
90765,1,2,317604,317607,317609,3,5,0
90766,1,2,317605,317609,317611,4,6,0
90767,6,2,317611,317611,317613,0,2,0
90768,2,3,317613,317613,317616,0,3,0
90769,6,3,317619,317619,317622,0,3,3
90770,5,3,317624,317624,317627,0,3,2
90771,2,1,317626,317627,317628,1,2,0
90772,1,3,317627,317628,317631,1,4,0
90773,4,1,317631,317631,317632,0,1,0
90774,3,3,317634,317634,317637,0,3,2
90775,4,2,317638,317638,317640,0,2,1
90776,4,3,317642,317642,317645,0,3,2
90777,4,2,317646,317646,317648,0,2,1
90778,2,3,317648,317648,317651,0,3,0
90779,3,2,317651,317651,317653,0,2,0
90780,3,2,317654,317654,317656,0,2,1
90781,3,2,317657,317657,317659,0,2,1
90782,5,1,317662,317662,317663,0,1,3
90783,6,2,317668,317668,317670,0,2,5
90784,4,3,317672,317672,317675,0,3,2
90785,3,2,317675,317675,317677,0,2,0
90786,1,2,317676,317677,317679,1,3,0
90787,1,3,317677,317679,317682,2,5,0
90788,6,3,317683,317683,317686,0,3,1
90789,3,3,317686,317686,317689,0,3,0
90790,5,2,317691,317691,317693,0,2,2
90791,5,2,317696,317696,317698,0,2,3
90792,2,2,317698,317698,317700,0,2,0
90793,1,1,317699,317700,317701,1,2,0
90794,6,1,317705,317705,317706,0,1,4
90795,3,2,317708,317708,317710,0,2,2
90796,4,1,317712,317712,317713,0,1,2
90797,5,2,317717,317717,317719,0,2,4
90798,2,3,317719,317719,317722,0,3,0
90799,4,3,317723,317723,317726,0,3,1
90800,3,3,317726,317726,317729,0,3,0
90801,1,3,317727,317729,317732,2,5,0
90802,2,2,317729,317732,317734,3,5,0
90803,3,1,317732,317734,317735,2,3,0
90804,6,1,317738,317738,317739,0,1,3
90805,5,2,317743,317743,317745,0,2,4
90806,3,1,317746,317746,317747,0,1,1
90807,2,1,317748,317748,317749,0,1,1
90808,1,3,317749,317749,317752,0,3,0
90809,5,3,317754,317754,317757,0,3,2
90810,5,1,317759,317759,317760,0,1,2
90811,2,3,317761,317761,317764,0,3,1
90812,4,2,317765,317765,317767,0,2,1
90813,1,3,317766,317767,317770,1,4,0
90814,4,1,317770,317770,317771,0,1,0
90815,1,1,317771,317771,317772,0,1,0
90816,4,2,317775,317775,317777,0,2,3
90817,3,2,317778,317778,317780,0,2,1
90818,4,3,317782,317782,317785,0,3,2
90819,4,3,317786,317786,317789,0,3,1
90820,1,2,317787,317789,317791,2,4,0
90821,6,2,317793,317793,317795,0,2,2
90822,2,2,317795,317795,317797,0,2,0
90823,3,3,317798,317798,317801,0,3,1
90824,5,2,317803,317803,317805,0,2,2
90825,4,3,317807,317807,317810,0,3,2
90826,4,1,317811,317811,317812,0,1,1
90827,2,2,317813,317813,317815,0,2,1
90828,6,1,317819,317819,317820,0,1,4
90829,4,2,317823,317823,317825,0,2,3
90830,1,2,317824,317825,317827,1,3,0
90831,1,2,317825,317827,317829,2,4,0
90832,1,3,317826,317829,317832,3,6,0
90833,6,2,317832,317832,317834,0,2,0
90834,6,3,317838,317838,317841,0,3,4
90835,6,2,317844,317844,317846,0,2,3
90836,5,3,317849,317849,317852,0,3,3
90837,1,1,317850,317852,317853,2,3,0
90838,4,2,317854,317854,317856,0,2,1
90839,2,3,317856,317856,317859,0,3,0
90840,1,3,317857,317859,317862,2,5,0
90841,4,3,317861,317862,317865,1,4,0
90842,2,1,317863,317865,317866,2,3,0
90843,5,3,317868,317868,317871,0,3,2
90844,2,3,317870,317871,317874,1,4,0
90845,3,2,317873,317874,317876,1,3,0
90846,4,1,317877,317877,317878,0,1,1
90847,2,2,317879,317879,317881,0,2,1
90848,6,3,317885,317885,317888,0,3,4
90849,1,1,317886,317888,317889,2,3,0
90850,2,2,317888,317889,317891,1,3,0
90851,6,1,317894,317894,317895,0,1,3
90852,2,1,317896,317896,317897,0,1,1
90853,1,1,317897,317897,317898,0,1,0
90854,6,1,317903,317903,317904,0,1,5
90855,3,3,317906,317906,317909,0,3,2
90856,5,2,317911,317911,317913,0,2,2
90857,5,3,317916,317916,317919,0,3,3
90858,5,3,317921,317921,317924,0,3,2
90859,6,1,317927,317927,317928,0,1,3
90860,6,1,317933,317933,317934,0,1,5
90861,5,2,317938,317938,317940,0,2,4
90862,5,3,317943,317943,317946,0,3,3
90863,1,3,317944,317946,317949,2,5,0
90864,6,1,317950,317950,317951,0,1,1
90865,1,2,317951,317951,317953,0,2,0
90866,1,1,317952,317953,317954,1,2,0
90867,6,3,317958,317958,317961,0,3,4
90868,6,2,317964,317964,317966,0,2,3
90869,5,1,317969,317969,317970,0,1,3
90870,2,2,317971,317971,317973,0,2,1
90871,5,2,317976,317976,317978,0,2,3
90872,3,3,317979,317979,317982,0,3,1
90873,3,2,317982,317982,317984,0,2,0
90874,4,2,317986,317986,317988,0,2,2
90875,4,3,317990,317990,317993,0,3,2
90876,4,1,317994,317994,317995,0,1,1
90877,5,3,317999,317999,318002,0,3,4
90878,1,2,318000,318002,318004,2,4,0
90879,1,1,318001,318004,318005,3,4,0
90880,2,3,318003,318005,318008,2,5,0
90881,5,1,318008,318008,318009,0,1,0
90882,3,2,318011,318011,318013,0,2,2
90883,6,1,318017,318017,318018,0,1,4
90884,2,2,318019,318019,318021,0,2,1
90885,4,2,318023,318023,318025,0,2,2
90886,5,3,318028,318028,318031,0,3,3
90887,4,1,318032,318032,318033,0,1,1
90888,4,2,318036,318036,318038,0,2,3
90889,3,2,318039,318039,318041,0,2,1
90890,5,3,318044,318044,318047,0,3,3
90891,5,1,318049,318049,318050,0,1,2
90892,6,3,318055,318055,318058,0,3,5
90893,6,3,318061,318061,318064,0,3,3
90894,5,3,318066,318066,318069,0,3,2
90895,6,2,318072,318072,318074,0,2,3
90896,2,3,318074,318074,318077,0,3,0
90897,1,3,318075,318077,318080,2,5,0
90898,5,2,318080,318080,318082,0,2,0
90899,1,3,318081,318082,318085,1,4,0
90900,6,1,318087,318087,318088,0,1,2
90901,6,3,318093,318093,318096,0,3,5
90902,4,3,318097,318097,318100,0,3,1
90903,4,3,318101,318101,318104,0,3,1
90904,3,1,318104,318104,318105,0,1,0
90905,6,1,318110,318110,318111,0,1,5
90906,6,3,318116,318116,318119,0,3,5
90907,4,1,318120,318120,318121,0,1,1
90908,3,1,318123,318123,318124,0,1,2
90909,1,1,318124,318124,318125,0,1,0
90910,6,2,318130,318130,318132,0,2,5
90911,2,3,318132,318132,318135,0,3,0
90912,5,2,318137,318137,318139,0,2,2
90913,2,3,318139,318139,318142,0,3,0
90914,1,1,318140,318142,318143,2,3,0
90915,2,3,318142,318143,318146,1,4,0
90916,1,2,318143,318146,318148,3,5,0
90917,3,1,318146,318148,318149,2,3,0
90918,4,3,318150,318150,318153,0,3,1
90919,1,2,318151,318153,318155,2,4,0
90920,4,1,318155,318155,318156,0,1,0
90921,3,3,318158,318158,318161,0,3,2
90922,2,1,318160,318161,318162,1,2,0
90923,1,3,318161,318162,318165,1,4,0
90924,5,1,318166,318166,318167,0,1,1
90925,5,3,318171,318171,318174,0,3,4
90926,4,1,318175,318175,318176,0,1,1
90927,2,2,318177,318177,318179,0,2,1
90928,4,3,318181,318181,318184,0,3,2
90929,5,1,318186,318186,318187,0,1,2
90930,4,2,318190,318190,318192,0,2,3
90931,2,3,318192,318192,318195,0,3,0
90932,4,2,318196,318196,318198,0,2,1
90933,4,1,318200,318200,318201,0,1,2
90934,2,2,318202,318202,318204,0,2,1
90935,5,1,318207,318207,318208,0,1,3
90936,3,3,318210,318210,318213,0,3,2
90937,4,2,318214,318214,318216,0,2,1
90938,5,2,318219,318219,318221,0,2,3
90939,5,2,318224,318224,318226,0,2,3
90940,5,3,318229,318229,318232,0,3,3
90941,3,1,318232,318232,318233,0,1,0
90942,3,2,318235,318235,318237,0,2,2
90943,3,3,318238,318238,318241,0,3,1
90944,1,1,318239,318241,318242,2,3,0
90945,3,2,318242,318242,318244,0,2,0
90946,6,1,318248,318248,318249,0,1,4
90947,5,1,318253,318253,318254,0,1,4
90948,6,2,318259,318259,318261,0,2,5
90949,4,1,318263,318263,318264,0,1,2
90950,5,1,318268,318268,318269,0,1,4
90951,4,1,318272,318272,318273,0,1,3
90952,5,3,318277,318277,318280,0,3,4
90953,5,3,318282,318282,318285,0,3,2
90954,3,3,318285,318285,318288,0,3,0
90955,2,2,318287,318288,318290,1,3,0
90956,6,3,318293,318293,318296,0,3,3
90957,5,3,318298,318298,318301,0,3,2
90958,6,1,318304,318304,318305,0,1,3
90959,4,2,318308,318308,318310,0,2,3
90960,3,2,318311,318311,318313,0,2,1
90961,2,1,318313,318313,318314,0,1,0
90962,3,1,318316,318316,318317,0,1,2
90963,2,3,318318,318318,318321,0,3,1
90964,1,3,318319,318321,318324,2,5,0
90965,2,1,318321,318324,318325,3,4,0
90966,4,2,318325,318325,318327,0,2,0
90967,5,2,318330,318330,318332,0,2,3
90968,1,1,318331,318332,318333,1,2,0
90969,5,3,318336,318336,318339,0,3,3
90970,4,3,318340,318340,318343,0,3,1
90971,1,1,318341,318343,318344,2,3,0
90972,3,1,318344,318344,318345,0,1,0
90973,2,2,318346,318346,318348,0,2,1
90974,1,3,318347,318348,318351,1,4,0
90975,5,3,318352,318352,318355,0,3,1
90976,4,2,318356,318356,318358,0,2,1
90977,3,3,318359,318359,318362,0,3,1
90978,6,3,318365,318365,318368,0,3,3
90979,1,3,318366,318368,318371,2,5,0
90980,6,1,318372,318372,318373,0,1,1
90981,6,1,318378,318378,318379,0,1,5
90982,3,1,318381,318381,318382,0,1,2
90983,4,1,318385,318385,318386,0,1,3
90984,2,2,318387,318387,318389,0,2,1
90985,1,2,318388,318389,318391,1,3,0
90986,1,3,318389,318391,318394,2,5,0
90987,4,3,318393,318394,318397,1,4,0
90988,5,3,318398,318398,318401,0,3,1
90989,6,3,318404,318404,318407,0,3,3
90990,2,2,318406,318407,318409,1,3,0
90991,4,3,318410,318410,318413,0,3,1
90992,6,3,318416,318416,318419,0,3,3
90993,3,3,318419,318419,318422,0,3,0
90994,2,1,318421,318422,318423,1,2,0
90995,2,3,318423,318423,318426,0,3,0
90996,4,3,318427,318427,318430,0,3,1
90997,1,3,318428,318430,318433,2,5,0
90998,6,2,318434,318434,318436,0,2,1
90999,4,1,318438,318438,318439,0,1,2
91000,5,2,318443,318443,318445,0,2,4
91001,5,2,318448,318448,318450,0,2,3
91002,3,1,318451,318451,318452,0,1,1
91003,5,2,318456,318456,318458,0,2,4
91004,3,3,318459,318459,318462,0,3,1
91005,6,2,318465,318465,318467,0,2,3
91006,3,3,318468,318468,318471,0,3,1
91007,4,3,318472,318472,318475,0,3,1
91008,5,2,318477,318477,318479,0,2,2
91009,1,1,318478,318479,318480,1,2,0
91010,1,3,318479,318480,318483,1,4,0
91011,5,2,318484,318484,318486,0,2,1
91012,4,1,318488,318488,318489,0,1,2
91013,1,1,318489,318489,318490,0,1,0
91014,3,1,318492,318492,318493,0,1,2
91015,1,3,318493,318493,318496,0,3,0
91016,1,3,318494,318496,318499,2,5,0
91017,1,3,318495,318499,318502,4,7,0
91018,5,3,318500,318502,318505,2,5,0
91019,3,2,318503,318505,318507,2,4,0
91020,2,3,318505,318507,318510,2,5,0
91021,1,3,318506,318510,318513,4,7,0
91022,1,3,318507,318513,318516,6,9,0
91023,1,2,318508,318516,318518,8,10,0
91024,1,2,318509,318518,318520,9,11,0
91025,6,3,318515,318520,318523,5,8,0
91026,4,3,318519,318523,318526,4,7,0
91027,2,2,318521,318526,318528,5,7,0
91028,2,1,318523,318528,318529,5,6,0
91029,4,2,318527,318529,318531,2,4,0
91030,2,1,318529,318531,318532,2,3,0
91031,2,2,318531,318532,318534,1,3,0
91032,5,3,318536,318536,318539,0,3,2
91033,4,2,318540,318540,318542,0,2,1
91034,5,3,318545,318545,318548,0,3,3
91035,6,2,318551,318551,318553,0,2,3
91036,3,2,318554,318554,318556,0,2,1
91037,3,2,318557,318557,318559,0,2,1
91038,1,1,318558,318559,318560,1,2,0
91039,4,2,318562,318562,318564,0,2,2
91040,4,2,318566,318566,318568,0,2,2
91041,2,3,318568,318568,318571,0,3,0
91042,6,3,318574,318574,318577,0,3,3
91043,5,3,318579,318579,318582,0,3,2
91044,2,1,318581,318582,318583,1,2,0
91045,2,1,318583,318583,318584,0,1,0
91046,3,2,318586,318586,318588,0,2,2
91047,3,1,318589,318589,318590,0,1,1
91048,5,2,318594,318594,318596,0,2,4
91049,3,1,318597,318597,318598,0,1,1
91050,6,2,318603,318603,318605,0,2,5
91051,1,3,318604,318605,318608,1,4,0
91052,5,1,318609,318609,318610,0,1,1
91053,4,1,318613,318613,318614,0,1,3
91054,1,1,318614,318614,318615,0,1,0
91055,6,2,318620,318620,318622,0,2,5
91056,3,3,318623,318623,318626,0,3,1
91057,5,2,318628,318628,318630,0,2,2
91058,2,1,318630,318630,318631,0,1,0
91059,2,1,318632,318632,318633,0,1,1
91060,3,3,318635,318635,318638,0,3,2
91061,4,3,318639,318639,318642,0,3,1
91062,3,3,318642,318642,318645,0,3,0
91063,6,3,318648,318648,318651,0,3,3
91064,5,3,318653,318653,318656,0,3,2
91065,2,3,318655,318656,318659,1,4,0
91066,3,3,318658,318659,318662,1,4,0
91067,5,2,318663,318663,318665,0,2,1
91068,3,3,318666,318666,318669,0,3,1
91069,6,3,318672,318672,318675,0,3,3
91070,4,3,318676,318676,318679,0,3,1
91071,6,3,318682,318682,318685,0,3,3
91072,1,2,318683,318685,318687,2,4,0
91073,4,1,318687,318687,318688,0,1,0
91074,5,3,318692,318692,318695,0,3,4
91075,4,2,318696,318696,318698,0,2,1
91076,3,1,318699,318699,318700,0,1,1
91077,4,1,318703,318703,318704,0,1,3
91078,2,3,318705,318705,318708,0,3,1
91079,6,1,318711,318711,318712,0,1,3
91080,2,1,318713,318713,318714,0,1,1
91081,5,1,318718,318718,318719,0,1,4
91082,1,2,318719,318719,318721,0,2,0
91083,2,3,318721,318721,318724,0,3,0
91084,6,3,318727,318727,318730,0,3,3
91085,1,3,318728,318730,318733,2,5,0
91086,6,3,318734,318734,318737,0,3,1
91087,4,3,318738,318738,318741,0,3,1
91088,4,1,318742,318742,318743,0,1,1
91089,6,1,318748,318748,318749,0,1,5
91090,2,1,318750,318750,318751,0,1,1
91091,1,3,318751,318751,318754,0,3,0
91092,1,3,318752,318754,318757,2,5,0
91093,3,2,318755,318757,318759,2,4,0
91094,6,2,318761,318761,318763,0,2,2
91095,1,3,318762,318763,318766,1,4,0
91096,5,3,318767,318767,318770,0,3,1
91097,5,3,318772,318772,318775,0,3,2
91098,5,1,318777,318777,318778,0,1,2
91099,2,3,318779,318779,318782,0,3,1
91100,5,2,318784,318784,318786,0,2,2
91101,4,3,318788,318788,318791,0,3,2
91102,1,3,318789,318791,318794,2,5,0
91103,2,3,318791,318794,318797,3,6,0
91104,1,3,318792,318797,318800,5,8,0
91105,1,3,318793,318800,318803,7,10,0
91106,3,2,318796,318803,318805,7,9,0
91107,1,3,318797,318805,318808,8,11,0
91108,6,1,318803,318808,318809,5,6,0
91109,3,1,318806,318809,318810,3,4,0
91110,3,1,318809,318810,318811,1,2,0
91111,6,1,318815,318815,318816,0,1,4
91112,5,2,318820,318820,318822,0,2,4
91113,1,1,318821,318822,318823,1,2,0
91114,6,1,318827,318827,318828,0,1,4
91115,1,3,318828,318828,318831,0,3,0
91116,1,2,318829,318831,318833,2,4,0
91117,1,3,318830,318833,318836,3,6,0
91118,4,1,318834,318836,318837,2,3,0
91119,5,1,318839,318839,318840,0,1,2
91120,1,2,318840,318840,318842,0,2,0
91121,1,2,318841,318842,318844,1,3,0
91122,5,1,318846,318846,318847,0,1,2
91123,1,3,318847,318847,318850,0,3,0
91124,3,1,318850,318850,318851,0,1,0
91125,1,3,318851,318851,318854,0,3,0
91126,1,1,318852,318854,318855,2,3,0
91127,2,1,318854,318855,318856,1,2,0
91128,4,1,318858,318858,318859,0,1,2
91129,2,2,318860,318860,318862,0,2,1
91130,1,2,318861,318862,318864,1,3,0
91131,3,2,318864,318864,318866,0,2,0
91132,1,2,318865,318866,318868,1,3,0
91133,2,2,318867,318868,318870,1,3,0
91134,1,3,318868,318870,318873,2,5,0
91135,2,1,318870,318873,318874,3,4,0
91136,1,1,318871,318874,318875,3,4,0
91137,4,3,318875,318875,318878,0,3,0
91138,3,2,318878,318878,318880,0,2,0
91139,5,3,318883,318883,318886,0,3,3
91140,1,3,318884,318886,318889,2,5,0
91141,3,1,318887,318889,318890,2,3,0
91142,3,2,318890,318890,318892,0,2,0
91143,5,3,318895,318895,318898,0,3,3
91144,2,2,318897,318898,318900,1,3,0
91145,3,2,318900,318900,318902,0,2,0
91146,1,1,318901,318902,318903,1,2,0
91147,6,1,318907,318907,318908,0,1,4
91148,5,3,318912,318912,318915,0,3,4
91149,4,3,318916,318916,318919,0,3,1
91150,2,3,318918,318919,318922,1,4,0
91151,5,3,318923,318923,318926,0,3,1
91152,5,3,318928,318928,318931,0,3,2
91153,3,3,318931,318931,318934,0,3,0
91154,3,2,318934,318934,318936,0,2,0
91155,5,2,318939,318939,318941,0,2,3
91156,1,3,318940,318941,318944,1,4,0
91157,2,1,318942,318944,318945,2,3,0
91158,4,3,318946,318946,318949,0,3,1
91159,1,3,318947,318949,318952,2,5,0
91160,3,3,318950,318952,318955,2,5,0
91161,2,3,318952,318955,318958,3,6,0
91162,4,1,318956,318958,318959,2,3,0
91163,5,2,318961,318961,318963,0,2,2
91164,6,2,318967,318967,318969,0,2,4
91165,2,1,318969,318969,318970,0,1,0
91166,5,2,318974,318974,318976,0,2,4
91167,6,2,318980,318980,318982,0,2,4
91168,1,2,318981,318982,318984,1,3,0
91169,2,3,318983,318984,318987,1,4,0
91170,3,2,318986,318987,318989,1,3,0
91171,1,1,318987,318989,318990,2,3,0
91172,2,1,318989,318990,318991,1,2,0
91173,2,1,318991,318991,318992,0,1,0
91174,2,2,318993,318993,318995,0,2,1
91175,3,3,318996,318996,318999,0,3,1
91176,2,1,318998,318999,319000,1,2,0
91177,3,3,319001,319001,319004,0,3,1
91178,3,1,319004,319004,319005,0,1,0
91179,5,1,319009,319009,319010,0,1,4
91180,1,3,319010,319010,319013,0,3,0
91181,1,2,319011,319013,319015,2,4,0
91182,1,2,319012,319015,319017,3,5,0
91183,2,3,319014,319017,319020,3,6,0
91184,4,2,319018,319020,319022,2,4,0
91185,2,1,319020,319022,319023,2,3,0
91186,2,1,319022,319023,319024,1,2,0
91187,4,1,319026,319026,319027,0,1,2
91188,6,2,319032,319032,319034,0,2,5
91189,5,2,319037,319037,319039,0,2,3
91190,1,3,319038,319039,319042,1,4,0
91191,3,3,319041,319042,319045,1,4,0
91192,6,3,319047,319047,319050,0,3,2
91193,3,2,319050,319050,319052,0,2,0
91194,6,2,319056,319056,319058,0,2,4
91195,6,1,319062,319062,319063,0,1,4
91196,5,2,319067,319067,319069,0,2,4
91197,2,2,319069,319069,319071,0,2,0
91198,1,3,319070,319071,319074,1,4,0
91199,1,2,319071,319074,319076,3,5,0
91200,5,1,319076,319076,319077,0,1,0
91201,6,2,319082,319082,319084,0,2,5
91202,4,2,319086,319086,319088,0,2,2
91203,4,2,319090,319090,319092,0,2,2
91204,5,2,319095,319095,319097,0,2,3
91205,2,1,319097,319097,319098,0,1,0
91206,6,3,319103,319103,319106,0,3,5
91207,3,3,319106,319106,319109,0,3,0
91208,5,3,319111,319111,319114,0,3,2
91209,2,2,319113,319114,319116,1,3,0
91210,4,3,319117,319117,319120,0,3,1
91211,1,2,319118,319120,319122,2,4,0
91212,4,2,319122,319122,319124,0,2,0
91213,1,2,319123,319124,319126,1,3,0
91214,5,3,319128,319128,319131,0,3,2
91215,1,2,319129,319131,319133,2,4,0
91216,4,3,319133,319133,319136,0,3,0
91217,2,2,319135,319136,319138,1,3,0
91218,5,1,319140,319140,319141,0,1,2
91219,5,1,319145,319145,319146,0,1,4
91220,2,1,319147,319147,319148,0,1,1
91221,6,1,319153,319153,319154,0,1,5
91222,1,1,319154,319154,319155,0,1,0
91223,6,3,319160,319160,319163,0,3,5
91224,5,1,319165,319165,319166,0,1,2
91225,3,3,319168,319168,319171,0,3,2
91226,6,1,319174,319174,319175,0,1,3
91227,5,1,319179,319179,319180,0,1,4
91228,4,2,319183,319183,319185,0,2,3
91229,6,1,319189,319189,319190,0,1,4
91230,2,1,319191,319191,319192,0,1,1
91231,6,2,319197,319197,319199,0,2,5
91232,6,2,319203,319203,319205,0,2,4
91233,4,2,319207,319207,319209,0,2,2
91234,6,2,319213,319213,319215,0,2,4
91235,2,2,319215,319215,319217,0,2,0
91236,6,3,319221,319221,319224,0,3,4
91237,1,2,319222,319224,319226,2,4,0
91238,2,3,319224,319226,319229,2,5,0
91239,3,3,319227,319229,319232,2,5,0
91240,2,2,319229,319232,319234,3,5,0
91241,6,2,319235,319235,319237,0,2,1
91242,2,2,319237,319237,319239,0,2,0
91243,4,2,319241,319241,319243,0,2,2
91244,5,3,319246,319246,319249,0,3,3
91245,1,1,319247,319249,319250,2,3,0
91246,6,2,319253,319253,319255,0,2,3
91247,5,3,319258,319258,319261,0,3,3
91248,3,3,319261,319261,319264,0,3,0
91249,6,3,319267,319267,319270,0,3,3
91250,1,2,319268,319270,319272,2,4,0
91251,3,1,319271,319272,319273,1,2,0
91252,5,3,319276,319276,319279,0,3,3
91253,3,2,319279,319279,319281,0,2,0
91254,2,1,319281,319281,319282,0,1,0
91255,4,2,319285,319285,319287,0,2,3
91256,5,3,319290,319290,319293,0,3,3
91257,5,3,319295,319295,319298,0,3,2
91258,5,2,319300,319300,319302,0,2,2
91259,6,2,319306,319306,319308,0,2,4
91260,4,2,319310,319310,319312,0,2,2
91261,5,2,319315,319315,319317,0,2,3
91262,5,1,319320,319320,319321,0,1,3
91263,5,2,319325,319325,319327,0,2,4
91264,1,3,319326,319327,319330,1,4,0
91265,3,2,319329,319330,319332,1,3,0
91266,6,2,319335,319335,319337,0,2,3
91267,5,2,319340,319340,319342,0,2,3
91268,2,3,319342,319342,319345,0,3,0
91269,1,1,319343,319345,319346,2,3,0
91270,6,1,319349,319349,319350,0,1,3
91271,6,3,319355,319355,319358,0,3,5
91272,4,3,319359,319359,319362,0,3,1
91273,3,2,319362,319362,319364,0,2,0
91274,6,1,319368,319368,319369,0,1,4
91275,4,1,319372,319372,319373,0,1,3
91276,4,3,319376,319376,319379,0,3,3
91277,2,3,319378,319379,319382,1,4,0
91278,5,1,319383,319383,319384,0,1,1
91279,1,3,319384,319384,319387,0,3,0
91280,2,1,319386,319387,319388,1,2,0
91281,1,2,319387,319388,319390,1,3,0
91282,6,2,319393,319393,319395,0,2,3
91283,6,3,319399,319399,319402,0,3,4
91284,6,2,319405,319405,319407,0,2,3
91285,2,1,319407,319407,319408,0,1,0
91286,2,2,319409,319409,319411,0,2,1
91287,2,2,319411,319411,319413,0,2,0
91288,1,3,319412,319413,319416,1,4,0
91289,3,2,319415,319416,319418,1,3,0
91290,5,1,319420,319420,319421,0,1,2
91291,5,3,319425,319425,319428,0,3,4
91292,6,2,319431,319431,319433,0,2,3
91293,6,2,319437,319437,319439,0,2,4
91294,3,1,319440,319440,319441,0,1,1
91295,1,2,319441,319441,319443,0,2,0
91296,2,1,319443,319443,319444,0,1,0
91297,1,1,319444,319444,319445,0,1,0
91298,4,2,319448,319448,319450,0,2,3
91299,1,3,319449,319450,319453,1,4,0
91300,1,1,319450,319453,319454,3,4,0
91301,5,1,319455,319455,319456,0,1,1
91302,1,3,319456,319456,319459,0,3,0
91303,6,1,319462,319462,319463,0,1,3
91304,3,2,319465,319465,319467,0,2,2
91305,2,2,319467,319467,319469,0,2,0
91306,5,3,319472,319472,319475,0,3,3
91307,5,1,319477,319477,319478,0,1,2
91308,6,1,319483,319483,319484,0,1,5
91309,3,3,319486,319486,319489,0,3,2
91310,3,2,319489,319489,319491,0,2,0
91311,6,2,319495,319495,319497,0,2,4
91312,2,3,319497,319497,319500,0,3,0
91313,5,3,319502,319502,319505,0,3,2
91314,1,1,319503,319505,319506,2,3,0
91315,1,1,319504,319506,319507,2,3,0
91316,5,3,319509,319509,319512,0,3,2
91317,5,3,319514,319514,319517,0,3,2
91318,2,3,319516,319517,319520,1,4,0
91319,1,3,319517,319520,319523,3,6,0
91320,4,2,319521,319523,319525,2,4,0
91321,4,3,319525,319525,319528,0,3,0
91322,6,3,319531,319531,319534,0,3,3
91323,3,2,319534,319534,319536,0,2,0
91324,4,1,319538,319538,319539,0,1,2
91325,1,1,319539,319539,319540,0,1,0
91326,3,3,319542,319542,319545,0,3,2
91327,1,2,319543,319545,319547,2,4,0
91328,6,2,319549,319549,319551,0,2,2
91329,3,3,319552,319552,319555,0,3,1
91330,6,3,319558,319558,319561,0,3,3
91331,6,3,319564,319564,319567,0,3,3
91332,4,1,319568,319568,319569,0,1,1
91333,4,1,319572,319572,319573,0,1,3
91334,5,3,319577,319577,319580,0,3,4
91335,5,3,319582,319582,319585,0,3,2
91336,4,2,319586,319586,319588,0,2,1
91337,2,1,319588,319588,319589,0,1,0
91338,3,2,319591,319591,319593,0,2,2
91339,2,1,319593,319593,319594,0,1,0
91340,6,3,319599,319599,319602,0,3,5
91341,2,2,319601,319602,319604,1,3,0
91342,1,3,319602,319604,319607,2,5,0
91343,3,1,319605,319607,319608,2,3,0
91344,6,2,319611,319611,319613,0,2,3
91345,4,3,319615,319615,319618,0,3,2
91346,3,3,319618,319618,319621,0,3,0
91347,6,1,319624,319624,319625,0,1,3
91348,5,1,319629,319629,319630,0,1,4
91349,2,1,319631,319631,319632,0,1,1
91350,4,3,319635,319635,319638,0,3,3
91351,3,1,319638,319638,319639,0,1,0
91352,4,1,319642,319642,319643,0,1,3
91353,6,2,319648,319648,319650,0,2,5
91354,1,1,319649,319650,319651,1,2,0
91355,2,2,319651,319651,319653,0,2,0
91356,1,1,319652,319653,319654,1,2,0
91357,4,1,319656,319656,319657,0,1,2
91358,5,2,319661,319661,319663,0,2,4
91359,1,3,319662,319663,319666,1,4,0
91360,4,3,319666,319666,319669,0,3,0
91361,1,1,319667,319669,319670,2,3,0
91362,2,1,319669,319670,319671,1,2,0
91363,6,2,319675,319675,319677,0,2,4
91364,4,1,319679,319679,319680,0,1,2
91365,3,2,319682,319682,319684,0,2,2
91366,5,1,319687,319687,319688,0,1,3
91367,2,2,319689,319689,319691,0,2,1
91368,3,1,319692,319692,319693,0,1,1
91369,1,3,319693,319693,319696,0,3,0
91370,1,3,319694,319696,319699,2,5,0
91371,6,2,319700,319700,319702,0,2,1
91372,6,2,319706,319706,319708,0,2,4
91373,6,3,319712,319712,319715,0,3,4
91374,3,2,319715,319715,319717,0,2,0
91375,4,3,319719,319719,319722,0,3,2
91376,2,2,319721,319722,319724,1,3,0
91377,1,3,319722,319724,319727,2,5,0
91378,3,3,319725,319727,319730,2,5,0
91379,6,3,319731,319731,319734,0,3,1
91380,4,1,319735,319735,319736,0,1,1
91381,6,1,319741,319741,319742,0,1,5
91382,1,1,319742,319742,319743,0,1,0
91383,5,2,319747,319747,319749,0,2,4
91384,4,1,319751,319751,319752,0,1,2
91385,4,3,319755,319755,319758,0,3,3
91386,4,1,319759,319759,319760,0,1,1
91387,4,1,319763,319763,319764,0,1,3
91388,4,1,319767,319767,319768,0,1,3
91389,1,2,319768,319768,319770,0,2,0
91390,1,3,319769,319770,319773,1,4,0
91391,3,3,319772,319773,319776,1,4,0
91392,1,1,319773,319776,319777,3,4,0
91393,6,3,319779,319779,319782,0,3,2
91394,1,1,319780,319782,319783,2,3,0
91395,1,2,319781,319783,319785,2,4,0
91396,3,3,319784,319785,319788,1,4,0
91397,1,2,319785,319788,319790,3,5,0
91398,3,3,319788,319790,319793,2,5,0
91399,3,2,319791,319793,319795,2,4,0
91400,6,2,319797,319797,319799,0,2,2
91401,3,2,319800,319800,319802,0,2,1
91402,3,1,319803,319803,319804,0,1,1
91403,3,3,319806,319806,319809,0,3,2
91404,2,1,319808,319809,319810,1,2,0
91405,2,2,319810,319810,319812,0,2,0
91406,1,2,319811,319812,319814,1,3,0
91407,5,2,319816,319816,319818,0,2,2
91408,2,2,319818,319818,319820,0,2,0
91409,4,2,319822,319822,319824,0,2,2
91410,5,2,319827,319827,319829,0,2,3
91411,2,1,319829,319829,319830,0,1,0
91412,5,2,319834,319834,319836,0,2,4
91413,6,3,319840,319840,319843,0,3,4
91414,4,1,319844,319844,319845,0,1,1
91415,5,2,319849,319849,319851,0,2,4
91416,3,1,319852,319852,319853,0,1,1
91417,6,3,319858,319858,319861,0,3,5
91418,4,1,319862,319862,319863,0,1,1
91419,5,1,319867,319867,319868,0,1,4
91420,2,1,319869,319869,319870,0,1,1
91421,2,1,319871,319871,319872,0,1,1
91422,2,3,319873,319873,319876,0,3,1
91423,5,3,319878,319878,319881,0,3,2
91424,6,1,319884,319884,319885,0,1,3
91425,3,2,319887,319887,319889,0,2,2
91426,5,3,319892,319892,319895,0,3,3
91427,4,3,319896,319896,319899,0,3,1
91428,1,1,319897,319899,319900,2,3,0
91429,5,3,319902,319902,319905,0,3,2
91430,1,3,319903,319905,319908,2,5,0
91431,2,1,319905,319908,319909,3,4,0
91432,6,1,319911,319911,319912,0,1,2
91433,2,3,319913,319913,319916,0,3,1
91434,4,1,319917,319917,319918,0,1,1
91435,5,1,319922,319922,319923,0,1,4
91436,3,1,319925,319925,319926,0,1,2
91437,3,2,319928,319928,319930,0,2,2
91438,1,1,319929,319930,319931,1,2,0
91439,4,2,319933,319933,319935,0,2,2
91440,6,2,319939,319939,319941,0,2,4
91441,3,1,319942,319942,319943,0,1,1
91442,3,3,319945,319945,319948,0,3,2
91443,3,3,319948,319948,319951,0,3,0
91444,1,1,319949,319951,319952,2,3,0
91445,5,1,319954,319954,319955,0,1,2
91446,2,1,319956,319956,319957,0,1,1
91447,6,3,319962,319962,319965,0,3,5
91448,5,3,319967,319967,319970,0,3,2
91449,4,3,319971,319971,319974,0,3,1
91450,2,2,319973,319974,319976,1,3,0
91451,2,3,319975,319976,319979,1,4,0
91452,1,2,319976,319979,319981,3,5,0
91453,1,1,319977,319981,319982,4,5,0
91454,1,1,319978,319982,319983,4,5,0
91455,3,3,319981,319983,319986,2,5,0
91456,5,2,319986,319986,319988,0,2,0
91457,2,2,319988,319988,319990,0,2,0
91458,3,3,319991,319991,319994,0,3,1
91459,1,2,319992,319994,319996,2,4,0
91460,2,3,319994,319996,319999,2,5,0
91461,5,1,319999,319999,320000,0,1,0
91462,3,2,320002,320002,320004,0,2,2
91463,1,2,320003,320004,320006,1,3,0
91464,1,1,320004,320006,320007,2,3,0
91465,3,3,320007,320007,320010,0,3,0
91466,1,1,320008,320010,320011,2,3,0
91467,5,1,320013,320013,320014,0,1,2
91468,5,2,320018,320018,320020,0,2,4
91469,6,1,320024,320024,320025,0,1,4
91470,3,3,320027,320027,320030,0,3,2
91471,2,1,320029,320030,320031,1,2,0
91472,6,1,320035,320035,320036,0,1,4
91473,3,2,320038,320038,320040,0,2,2
91474,5,3,320043,320043,320046,0,3,3
91475,1,3,320044,320046,320049,2,5,0
91476,4,2,320048,320049,320051,1,3,0
91477,3,1,320051,320051,320052,0,1,0
91478,4,3,320055,320055,320058,0,3,3
91479,2,1,320057,320058,320059,1,2,0
91480,2,1,320059,320059,320060,0,1,0
91481,2,3,320061,320061,320064,0,3,1
91482,4,3,320065,320065,320068,0,3,1
91483,5,1,320070,320070,320071,0,1,2
91484,6,1,320076,320076,320077,0,1,5
91485,5,3,320081,320081,320084,0,3,4
91486,4,1,320085,320085,320086,0,1,1
91487,4,2,320089,320089,320091,0,2,3
91488,2,3,320091,320091,320094,0,3,0
91489,1,3,320092,320094,320097,2,5,0
91490,5,2,320097,320097,320099,0,2,0
91491,1,2,320098,320099,320101,1,3,0
91492,6,1,320104,320104,320105,0,1,3
91493,5,1,320109,320109,320110,0,1,4
91494,2,2,320111,320111,320113,0,2,1
91495,2,2,320113,320113,320115,0,2,0
91496,6,2,320119,320119,320121,0,2,4
91497,1,3,320120,320121,320124,1,4,0
91498,1,1,320121,320124,320125,3,4,0
91499,6,1,320127,320127,320128,0,1,2
91500,4,1,320131,320131,320132,0,1,3
91501,1,1,320132,320132,320133,0,1,0
91502,6,1,320138,320138,320139,0,1,5
91503,5,2,320143,320143,320145,0,2,4
91504,3,1,320146,320146,320147,0,1,1
91505,4,1,320150,320150,320151,0,1,3
91506,5,3,320155,320155,320158,0,3,4
91507,3,3,320158,320158,320161,0,3,0
91508,4,3,320162,320162,320165,0,3,1
91509,5,2,320167,320167,320169,0,2,2
91510,5,3,320172,320172,320175,0,3,3
91511,6,3,320178,320178,320181,0,3,3
91512,3,1,320181,320181,320182,0,1,0
91513,2,1,320183,320183,320184,0,1,1
91514,3,1,320186,320186,320187,0,1,2
91515,4,2,320190,320190,320192,0,2,3
91516,5,1,320195,320195,320196,0,1,3
91517,5,3,320200,320200,320203,0,3,4
91518,3,3,320203,320203,320206,0,3,0
91519,1,1,320204,320206,320207,2,3,0
91520,6,1,320210,320210,320211,0,1,3
91521,1,3,320211,320211,320214,0,3,0
91522,6,3,320217,320217,320220,0,3,3
91523,6,3,320223,320223,320226,0,3,3
91524,3,1,320226,320226,320227,0,1,0
91525,5,2,320231,320231,320233,0,2,4
91526,1,3,320232,320233,320236,1,4,0
91527,4,3,320236,320236,320239,0,3,0
91528,1,1,320237,320239,320240,2,3,0
91529,2,1,320239,320240,320241,1,2,0
91530,4,1,320243,320243,320244,0,1,2
91531,1,1,320244,320244,320245,0,1,0
91532,4,2,320248,320248,320250,0,2,3
91533,3,2,320251,320251,320253,0,2,1
91534,3,1,320254,320254,320255,0,1,1
91535,2,3,320256,320256,320259,0,3,1
91536,6,2,320262,320262,320264,0,2,3
91537,5,1,320267,320267,320268,0,1,3
91538,2,1,320269,320269,320270,0,1,1
91539,1,3,320270,320270,320273,0,3,0
91540,2,2,320272,320273,320275,1,3,0
91541,3,2,320275,320275,320277,0,2,0
91542,2,3,320277,320277,320280,0,3,0
91543,4,1,320281,320281,320282,0,1,1
91544,5,2,320286,320286,320288,0,2,4
91545,5,2,320291,320291,320293,0,2,3
91546,1,1,320292,320293,320294,1,2,0
91547,3,2,320295,320295,320297,0,2,1
91548,4,2,320299,320299,320301,0,2,2
91549,6,2,320305,320305,320307,0,2,4
91550,2,2,320307,320307,320309,0,2,0
91551,2,3,320309,320309,320312,0,3,0
91552,3,2,320312,320312,320314,0,2,0
91553,4,1,320316,320316,320317,0,1,2
91554,4,2,320320,320320,320322,0,2,3
91555,5,1,320325,320325,320326,0,1,3
91556,6,2,320331,320331,320333,0,2,5
91557,1,3,320332,320333,320336,1,4,0
91558,4,3,320336,320336,320339,0,3,0
91559,6,3,320342,320342,320345,0,3,3
91560,3,1,320345,320345,320346,0,1,0
91561,3,1,320348,320348,320349,0,1,2
91562,1,3,320349,320349,320352,0,3,0
91563,5,3,320354,320354,320357,0,3,2
91564,1,2,320355,320357,320359,2,4,0
91565,4,3,320359,320359,320362,0,3,0
91566,1,1,320360,320362,320363,2,3,0
91567,6,1,320366,320366,320367,0,1,3
91568,5,1,320371,320371,320372,0,1,4
91569,3,2,320374,320374,320376,0,2,2
91570,1,2,320375,320376,320378,1,3,0
91571,5,1,320380,320380,320381,0,1,2
91572,5,3,320385,320385,320388,0,3,4
91573,4,1,320389,320389,320390,0,1,1
91574,2,1,320391,320391,320392,0,1,1
91575,5,3,320396,320396,320399,0,3,4
91576,2,1,320398,320399,320400,1,2,0
91577,3,3,320401,320401,320404,0,3,1
91578,1,2,320402,320404,320406,2,4,0
91579,5,1,320407,320407,320408,0,1,1
91580,2,2,320409,320409,320411,0,2,1
91581,5,1,320414,320414,320415,0,1,3
91582,6,2,320420,320420,320422,0,2,5
91583,3,3,320423,320423,320426,0,3,1
91584,5,1,320428,320428,320429,0,1,2
91585,2,1,320430,320430,320431,0,1,1
91586,1,1,320431,320431,320432,0,1,0
91587,2,3,320433,320433,320436,0,3,1
91588,3,2,320436,320436,320438,0,2,0
91589,6,3,320442,320442,320445,0,3,4
91590,4,1,320446,320446,320447,0,1,1
91591,6,3,320452,320452,320455,0,3,5
91592,1,1,320453,320455,320456,2,3,0
91593,4,1,320457,320457,320458,0,1,1
91594,4,2,320461,320461,320463,0,2,3
91595,5,2,320466,320466,320468,0,2,3
91596,2,3,320468,320468,320471,0,3,0
91597,6,2,320474,320474,320476,0,2,3
91598,1,2,320475,320476,320478,1,3,0
91599,2,2,320477,320478,320480,1,3,0
91600,1,3,320478,320480,320483,2,5,0
91601,6,2,320484,320484,320486,0,2,1
91602,1,1,320485,320486,320487,1,2,0
91603,2,1,320487,320487,320488,0,1,0
91604,2,3,320489,320489,320492,0,3,1
91605,4,3,320493,320493,320496,0,3,1
91606,3,3,320496,320496,320499,0,3,0
91607,3,3,320499,320499,320502,0,3,0
91608,4,1,320503,320503,320504,0,1,1
91609,4,1,320507,320507,320508,0,1,3
91610,2,1,320509,320509,320510,0,1,1
91611,5,2,320514,320514,320516,0,2,4
91612,5,3,320519,320519,320522,0,3,3
91613,2,3,320521,320522,320525,1,4,0
91614,2,1,320523,320525,320526,2,3,0
91615,3,3,320526,320526,320529,0,3,0
91616,6,3,320532,320532,320535,0,3,3
91617,6,1,320538,320538,320539,0,1,3
91618,2,3,320540,320540,320543,0,3,1
91619,2,1,320542,320543,320544,1,2,0
91620,2,3,320544,320544,320547,0,3,0
91621,4,2,320548,320548,320550,0,2,1
91622,3,3,320551,320551,320554,0,3,1
91623,5,1,320556,320556,320557,0,1,2
91624,5,3,320561,320561,320564,0,3,4
91625,5,1,320566,320566,320567,0,1,2
91626,4,3,320570,320570,320573,0,3,3
91627,6,1,320576,320576,320577,0,1,3
91628,5,3,320581,320581,320584,0,3,4
91629,2,1,320583,320584,320585,1,2,0
91630,5,3,320588,320588,320591,0,3,3
91631,6,3,320594,320594,320597,0,3,3
91632,6,3,320600,320600,320603,0,3,3
91633,1,3,320601,320603,320606,2,5,0
91634,5,3,320606,320606,320609,0,3,0
91635,1,3,320607,320609,320612,2,5,0
91636,1,1,320608,320612,320613,4,5,0
91637,4,3,320612,320613,320616,1,4,0
91638,3,1,320615,320616,320617,1,2,0
91639,5,1,320620,320620,320621,0,1,3
91640,4,3,320624,320624,320627,0,3,3
91641,3,2,320627,320627,320629,0,2,0
91642,6,1,320633,320633,320634,0,1,4
91643,6,3,320639,320639,320642,0,3,5
91644,3,2,320642,320642,320644,0,2,0
91645,6,1,320648,320648,320649,0,1,4
91646,1,2,320649,320649,320651,0,2,0
91647,6,2,320655,320655,320657,0,2,4
91648,2,1,320657,320657,320658,0,1,0
91649,5,2,320662,320662,320664,0,2,4
91650,5,1,320667,320667,320668,0,1,3
91651,3,3,320670,320670,320673,0,3,2
91652,3,1,320673,320673,320674,0,1,0
91653,6,3,320679,320679,320682,0,3,5
91654,4,3,320683,320683,320686,0,3,1
91655,6,3,320689,320689,320692,0,3,3
91656,1,1,320690,320692,320693,2,3,0
91657,4,2,320694,320694,320696,0,2,1
91658,5,1,320699,320699,320700,0,1,3
91659,5,2,320704,320704,320706,0,2,4
91660,5,3,320709,320709,320712,0,3,3
91661,1,3,320710,320712,320715,2,5,0
91662,4,3,320714,320715,320718,1,4,0
91663,2,2,320716,320718,320720,2,4,0
91664,3,1,320719,320720,320721,1,2,0
91665,3,2,320722,320722,320724,0,2,1
91666,3,2,320725,320725,320727,0,2,1
91667,4,1,320729,320729,320730,0,1,2
91668,6,2,320735,320735,320737,0,2,5
91669,1,2,320736,320737,320739,1,3,0
91670,2,3,320738,320739,320742,1,4,0
91671,4,1,320742,320742,320743,0,1,0
91672,6,3,320748,320748,320751,0,3,5
91673,1,2,320749,320751,320753,2,4,0
91674,2,3,320751,320753,320756,2,5,0
91675,4,2,320755,320756,320758,1,3,0
91676,4,1,320759,320759,320760,0,1,1
91677,1,1,320760,320760,320761,0,1,0
91678,2,3,320762,320762,320765,0,3,1
91679,1,2,320763,320765,320767,2,4,0
91680,2,3,320765,320767,320770,2,5,0
91681,3,1,320768,320770,320771,2,3,0
91682,1,3,320769,320771,320774,2,5,0
91683,4,2,320773,320774,320776,1,3,0
91684,2,1,320775,320776,320777,1,2,0
91685,4,1,320779,320779,320780,0,1,2
91686,3,2,320782,320782,320784,0,2,2
91687,1,2,320783,320784,320786,1,3,0
91688,2,2,320785,320786,320788,1,3,0
91689,3,2,320788,320788,320790,0,2,0
91690,1,2,320789,320790,320792,1,3,0
91691,1,2,320790,320792,320794,2,4,0
91692,5,3,320795,320795,320798,0,3,1
91693,1,1,320796,320798,320799,2,3,0
91694,2,1,320798,320799,320800,1,2,0
91695,5,1,320803,320803,320804,0,1,3
91696,3,3,320806,320806,320809,0,3,2
91697,3,3,320809,320809,320812,0,3,0
91698,1,1,320810,320812,320813,2,3,0
91699,3,2,320813,320813,320815,0,2,0
91700,1,1,320814,320815,320816,1,2,0
91701,2,3,320816,320816,320819,0,3,0
91702,4,1,320820,320820,320821,0,1,1
91703,2,2,320822,320822,320824,0,2,1
91704,5,3,320827,320827,320830,0,3,3
91705,1,2,320828,320830,320832,2,4,0
91706,5,3,320833,320833,320836,0,3,1
91707,5,3,320838,320838,320841,0,3,2
91708,3,1,320841,320841,320842,0,1,0
91709,3,3,320844,320844,320847,0,3,2
91710,6,2,320850,320850,320852,0,2,3
91711,3,1,320853,320853,320854,0,1,1
91712,6,1,320859,320859,320860,0,1,5
91713,5,3,320864,320864,320867,0,3,4
91714,1,1,320865,320867,320868,2,3,0
91715,2,1,320867,320868,320869,1,2,0
91716,4,3,320871,320871,320874,0,3,2
91717,1,2,320872,320874,320876,2,4,0
91718,3,1,320875,320876,320877,1,2,0
91719,3,2,320878,320878,320880,0,2,1
91720,6,3,320884,320884,320887,0,3,4
91721,6,1,320890,320890,320891,0,1,3
91722,1,2,320891,320891,320893,0,2,0
91723,4,3,320895,320895,320898,0,3,2
91724,4,2,320899,320899,320901,0,2,1
91725,3,3,320902,320902,320905,0,3,1
91726,2,3,320904,320905,320908,1,4,0
91727,6,3,320910,320910,320913,0,3,2
91728,5,2,320915,320915,320917,0,2,2
91729,1,1,320916,320917,320918,1,2,0
91730,1,1,320917,320918,320919,1,2,0
91731,3,3,320920,320920,320923,0,3,1
91732,5,2,320925,320925,320927,0,2,2
91733,2,2,320927,320927,320929,0,2,0
91734,2,2,320929,320929,320931,0,2,0
91735,3,1,320932,320932,320933,0,1,1
91736,2,2,320934,320934,320936,0,2,1
91737,2,1,320936,320936,320937,0,1,0
91738,3,3,320939,320939,320942,0,3,2
91739,1,2,320940,320942,320944,2,4,0
91740,2,2,320942,320944,320946,2,4,0
91741,1,2,320943,320946,320948,3,5,0
91742,4,2,320947,320948,320950,1,3,0
91743,3,3,320950,320950,320953,0,3,0
91744,5,3,320955,320955,320958,0,3,2
91745,6,1,320961,320961,320962,0,1,3
91746,6,1,320967,320967,320968,0,1,5
91747,2,3,320969,320969,320972,0,3,1
91748,5,3,320974,320974,320977,0,3,2
91749,4,2,320978,320978,320980,0,2,1
91750,4,1,320982,320982,320983,0,1,2
91751,3,2,320985,320985,320987,0,2,2
91752,2,2,320987,320987,320989,0,2,0
91753,6,3,320993,320993,320996,0,3,4
91754,6,1,320999,320999,321000,0,1,3
91755,5,1,321004,321004,321005,0,1,4
91756,5,2,321009,321009,321011,0,2,4
91757,1,2,321010,321011,321013,1,3,0
91758,4,3,321014,321014,321017,0,3,1
91759,3,3,321017,321017,321020,0,3,0
91760,2,1,321019,321020,321021,1,2,0
91761,3,3,321022,321022,321025,0,3,1
91762,4,3,321026,321026,321029,0,3,1
91763,6,1,321032,321032,321033,0,1,3
91764,2,3,321034,321034,321037,0,3,1
91765,5,2,321039,321039,321041,0,2,2
91766,6,1,321045,321045,321046,0,1,4
91767,6,2,321051,321051,321053,0,2,5
91768,4,2,321055,321055,321057,0,2,2
91769,6,3,321061,321061,321064,0,3,4
91770,4,3,321065,321065,321068,0,3,1
91771,1,2,321066,321068,321070,2,4,0
91772,6,2,321072,321072,321074,0,2,2
91773,1,2,321073,321074,321076,1,3,0
91774,6,3,321079,321079,321082,0,3,3
91775,3,2,321082,321082,321084,0,2,0
91776,1,1,321083,321084,321085,1,2,0
91777,3,3,321086,321086,321089,0,3,1
91778,6,2,321092,321092,321094,0,2,3
91779,2,3,321094,321094,321097,0,3,0
91780,4,1,321098,321098,321099,0,1,1
91781,1,2,321099,321099,321101,0,2,0
91782,4,2,321103,321103,321105,0,2,2
91783,4,3,321107,321107,321110,0,3,2
91784,5,1,321112,321112,321113,0,1,2
91785,6,1,321118,321118,321119,0,1,5
91786,2,2,321120,321120,321122,0,2,1
91787,1,1,321121,321122,321123,1,2,0
91788,1,3,321122,321123,321126,1,4,0
91789,4,1,321126,321126,321127,0,1,0
91790,5,1,321131,321131,321132,0,1,4
91791,4,2,321135,321135,321137,0,2,3
91792,2,3,321137,321137,321140,0,3,0
91793,6,2,321143,321143,321145,0,2,3
91794,1,3,321144,321145,321148,1,4,0
91795,6,1,321150,321150,321151,0,1,2
91796,2,3,321152,321152,321155,0,3,1
91797,1,3,321153,321155,321158,2,5,0
91798,2,1,321155,321158,321159,3,4,0
91799,2,3,321157,321159,321162,2,5,0
91800,5,3,321162,321162,321165,0,3,0
91801,4,3,321166,321166,321169,0,3,1
91802,4,3,321170,321170,321173,0,3,1
91803,2,1,321172,321173,321174,1,2,0
91804,1,2,321173,321174,321176,1,3,0
91805,5,2,321178,321178,321180,0,2,2
91806,5,3,321183,321183,321186,0,3,3
91807,5,2,321188,321188,321190,0,2,2
91808,1,1,321189,321190,321191,1,2,0
91809,1,2,321190,321191,321193,1,3,0
91810,5,1,321195,321195,321196,0,1,2
91811,4,2,321199,321199,321201,0,2,3
91812,1,2,321200,321201,321203,1,3,0
91813,6,3,321206,321206,321209,0,3,3
91814,3,3,321209,321209,321212,0,3,0
91815,4,1,321213,321213,321214,0,1,1
91816,3,3,321216,321216,321219,0,3,2
91817,3,3,321219,321219,321222,0,3,0
91818,3,3,321222,321222,321225,0,3,0
91819,6,2,321228,321228,321230,0,2,3
91820,3,2,321231,321231,321233,0,2,1
91821,1,1,321232,321233,321234,1,2,0
91822,5,2,321237,321237,321239,0,2,3
91823,6,3,321243,321243,321246,0,3,4
91824,5,3,321248,321248,321251,0,3,2
91825,5,2,321253,321253,321255,0,2,2
91826,4,1,321257,321257,321258,0,1,2
91827,2,1,321259,321259,321260,0,1,1
91828,4,3,321263,321263,321266,0,3,3
91829,3,3,321266,321266,321269,0,3,0
91830,1,3,321267,321269,321272,2,5,0
91831,1,2,321268,321272,321274,4,6,0
91832,4,1,321272,321274,321275,2,3,0
91833,2,1,321274,321275,321276,1,2,0
91834,4,3,321278,321278,321281,0,3,2
91835,6,1,321284,321284,321285,0,1,3
91836,2,3,321286,321286,321289,0,3,1
91837,4,1,321290,321290,321291,0,1,1
91838,2,1,321292,321292,321293,0,1,1
91839,3,2,321295,321295,321297,0,2,2
91840,5,2,321300,321300,321302,0,2,3
91841,2,1,321302,321302,321303,0,1,0
91842,3,3,321305,321305,321308,0,3,2
91843,2,1,321307,321308,321309,1,2,0
91844,5,1,321312,321312,321313,0,1,3
91845,3,2,321315,321315,321317,0,2,2
91846,1,1,321316,321317,321318,1,2,0
91847,2,1,321318,321318,321319,0,1,0
91848,4,2,321322,321322,321324,0,2,3
91849,1,2,321323,321324,321326,1,3,0
91850,2,3,321325,321326,321329,1,4,0
91851,3,1,321328,321329,321330,1,2,0
91852,6,3,321334,321334,321337,0,3,4
91853,5,2,321339,321339,321341,0,2,2
91854,3,2,321342,321342,321344,0,2,1
91855,2,1,321344,321344,321345,0,1,0
91856,3,3,321347,321347,321350,0,3,2
91857,3,3,321350,321350,321353,0,3,0
91858,3,1,321353,321353,321354,0,1,0
91859,4,2,321357,321357,321359,0,2,3
91860,2,2,321359,321359,321361,0,2,0
91861,6,2,321365,321365,321367,0,2,4
91862,6,3,321371,321371,321374,0,3,4
91863,6,1,321377,321377,321378,0,1,3
91864,5,1,321382,321382,321383,0,1,4
91865,2,1,321384,321384,321385,0,1,1
91866,1,2,321385,321385,321387,0,2,0
91867,2,3,321387,321387,321390,0,3,0
91868,4,1,321391,321391,321392,0,1,1
91869,2,3,321393,321393,321396,0,3,1
91870,5,3,321398,321398,321401,0,3,2
91871,4,2,321402,321402,321404,0,2,1
91872,4,3,321406,321406,321409,0,3,2
91873,3,1,321409,321409,321410,0,1,0
91874,6,1,321415,321415,321416,0,1,5
91875,4,1,321419,321419,321420,0,1,3
91876,5,1,321424,321424,321425,0,1,4
91877,3,2,321427,321427,321429,0,2,2
91878,3,3,321430,321430,321433,0,3,1
91879,4,1,321434,321434,321435,0,1,1
91880,2,2,321436,321436,321438,0,2,1
91881,1,3,321437,321438,321441,1,4,0
91882,5,1,321442,321442,321443,0,1,1
91883,6,1,321448,321448,321449,0,1,5
91884,2,2,321450,321450,321452,0,2,1
91885,6,2,321456,321456,321458,0,2,4
91886,6,3,321462,321462,321465,0,3,4
91887,6,3,321468,321468,321471,0,3,3
91888,6,3,321474,321474,321477,0,3,3
91889,2,3,321476,321477,321480,1,4,0
91890,1,3,321477,321480,321483,3,6,0
91891,1,3,321478,321483,321486,5,8,0
91892,1,3,321479,321486,321489,7,10,0
91893,6,2,321485,321489,321491,4,6,0
91894,3,3,321488,321491,321494,3,6,0
91895,6,3,321494,321494,321497,0,3,0
91896,5,2,321499,321499,321501,0,2,2
91897,6,2,321505,321505,321507,0,2,4
91898,4,1,321509,321509,321510,0,1,2
91899,5,2,321514,321514,321516,0,2,4
91900,2,3,321516,321516,321519,0,3,0
91901,1,3,321517,321519,321522,2,5,0
91902,4,2,321521,321522,321524,1,3,0
91903,4,3,321525,321525,321528,0,3,1
91904,1,1,321526,321528,321529,2,3,0
91905,2,3,321528,321529,321532,1,4,0
91906,3,1,321531,321532,321533,1,2,0
91907,2,2,321533,321533,321535,0,2,0
91908,4,2,321537,321537,321539,0,2,2
91909,4,1,321541,321541,321542,0,1,2
91910,2,3,321543,321543,321546,0,3,1
91911,4,3,321547,321547,321550,0,3,1
91912,6,3,321553,321553,321556,0,3,3
91913,6,2,321559,321559,321561,0,2,3
91914,3,2,321562,321562,321564,0,2,1
91915,2,1,321564,321564,321565,0,1,0
91916,3,1,321567,321567,321568,0,1,2
91917,3,1,321570,321570,321571,0,1,2
91918,3,3,321573,321573,321576,0,3,2
91919,6,1,321579,321579,321580,0,1,3
91920,4,1,321583,321583,321584,0,1,3
91921,5,2,321588,321588,321590,0,2,4
91922,6,1,321594,321594,321595,0,1,4
91923,3,1,321597,321597,321598,0,1,2
91924,2,2,321599,321599,321601,0,2,1
91925,2,2,321601,321601,321603,0,2,0
91926,1,3,321602,321603,321606,1,4,0
91927,3,1,321605,321606,321607,1,2,0
91928,2,1,321607,321607,321608,0,1,0
91929,6,2,321613,321613,321615,0,2,5
91930,5,1,321618,321618,321619,0,1,3
91931,1,1,321619,321619,321620,0,1,0
91932,5,1,321624,321624,321625,0,1,4
91933,4,1,321628,321628,321629,0,1,3
91934,5,3,321633,321633,321636,0,3,4
91935,5,1,321638,321638,321639,0,1,2
91936,6,1,321644,321644,321645,0,1,5
91937,6,2,321650,321650,321652,0,2,5
91938,5,2,321655,321655,321657,0,2,3
91939,4,3,321659,321659,321662,0,3,2
91940,1,2,321660,321662,321664,2,4,0
91941,4,1,321664,321664,321665,0,1,0
91942,2,2,321666,321666,321668,0,2,1
91943,4,2,321670,321670,321672,0,2,2
91944,2,1,321672,321672,321673,0,1,0
91945,5,2,321677,321677,321679,0,2,4
91946,5,1,321682,321682,321683,0,1,3
91947,6,3,321688,321688,321691,0,3,5
91948,3,1,321691,321691,321692,0,1,0
91949,4,3,321695,321695,321698,0,3,3
91950,6,1,321701,321701,321702,0,1,3
91951,3,1,321704,321704,321705,0,1,2
91952,2,1,321706,321706,321707,0,1,1
91953,2,1,321708,321708,321709,0,1,1
91954,2,2,321710,321710,321712,0,2,1
91955,3,1,321713,321713,321714,0,1,1
91956,5,1,321718,321718,321719,0,1,4
91957,1,3,321719,321719,321722,0,3,0
91958,4,2,321723,321723,321725,0,2,1
91959,5,2,321728,321728,321730,0,2,3
91960,2,3,321730,321730,321733,0,3,0
91961,5,3,321735,321735,321738,0,3,2
91962,2,3,321737,321738,321741,1,4,0
91963,5,1,321742,321742,321743,0,1,1
91964,6,3,321748,321748,321751,0,3,5
91965,5,2,321753,321753,321755,0,2,2
91966,2,1,321755,321755,321756,0,1,0
91967,3,1,321758,321758,321759,0,1,2
91968,4,2,321762,321762,321764,0,2,3
91969,3,3,321765,321765,321768,0,3,1
91970,5,1,321770,321770,321771,0,1,2
91971,2,3,321772,321772,321775,0,3,1
91972,1,1,321773,321775,321776,2,3,0
91973,2,1,321775,321776,321777,1,2,0
91974,6,2,321781,321781,321783,0,2,4
91975,5,1,321786,321786,321787,0,1,3
91976,4,1,321790,321790,321791,0,1,3
91977,6,2,321796,321796,321798,0,2,5
91978,4,3,321800,321800,321803,0,3,2
91979,1,2,321801,321803,321805,2,4,0
91980,6,2,321807,321807,321809,0,2,2
91981,6,3,321813,321813,321816,0,3,4
91982,2,3,321815,321816,321819,1,4,0
91983,6,3,321821,321821,321824,0,3,2
91984,1,3,321822,321824,321827,2,5,0
91985,4,3,321826,321827,321830,1,4,0
91986,1,1,321827,321830,321831,3,4,0
91987,1,1,321828,321831,321832,3,4,0
91988,2,1,321830,321832,321833,2,3,0
91989,2,2,321832,321833,321835,1,3,0
91990,6,2,321838,321838,321840,0,2,3
91991,2,1,321840,321840,321841,0,1,0
91992,6,2,321846,321846,321848,0,2,5
91993,2,3,321848,321848,321851,0,3,0
91994,2,1,321850,321851,321852,1,2,0
91995,5,2,321855,321855,321857,0,2,3
91996,6,2,321861,321861,321863,0,2,4
91997,5,2,321866,321866,321868,0,2,3
91998,3,3,321869,321869,321872,0,3,1
91999,1,2,321870,321872,321874,2,4,0
92000,3,1,321873,321874,321875,1,2,0
92001,1,1,321874,321875,321876,1,2,0
92002,4,3,321878,321878,321881,0,3,2
92003,6,1,321884,321884,321885,0,1,3
92004,1,1,321885,321885,321886,0,1,0
92005,4,2,321889,321889,321891,0,2,3
92006,1,3,321890,321891,321894,1,4,0
92007,3,3,321893,321894,321897,1,4,0
92008,2,1,321895,321897,321898,2,3,0
92009,6,2,321901,321901,321903,0,2,3
92010,3,3,321904,321904,321907,0,3,1
92011,1,2,321905,321907,321909,2,4,0
92012,1,2,321906,321909,321911,3,5,0
92013,3,3,321909,321911,321914,2,5,0
92014,2,1,321911,321914,321915,3,4,0
92015,1,2,321912,321915,321917,3,5,0
92016,5,1,321917,321917,321918,0,1,0
92017,2,2,321919,321919,321921,0,2,1
92018,3,3,321922,321922,321925,0,3,1
92019,4,1,321926,321926,321927,0,1,1
92020,1,2,321927,321927,321929,0,2,0
92021,4,1,321931,321931,321932,0,1,2
92022,5,1,321936,321936,321937,0,1,4
92023,2,1,321938,321938,321939,0,1,1
92024,6,2,321944,321944,321946,0,2,5
92025,6,1,321950,321950,321951,0,1,4
92026,6,1,321956,321956,321957,0,1,5
92027,4,2,321960,321960,321962,0,2,3
92028,1,3,321961,321962,321965,1,4,0
92029,2,1,321963,321965,321966,2,3,0
92030,6,1,321969,321969,321970,0,1,3
92031,4,3,321973,321973,321976,0,3,3
92032,5,3,321978,321978,321981,0,3,2
92033,5,2,321983,321983,321985,0,2,2
92034,4,3,321987,321987,321990,0,3,2
92035,5,2,321992,321992,321994,0,2,2
92036,2,3,321994,321994,321997,0,3,0
92037,6,3,322000,322000,322003,0,3,3
92038,4,1,322004,322004,322005,0,1,1
92039,4,1,322008,322008,322009,0,1,3
92040,5,3,322013,322013,322016,0,3,4
92041,2,1,322015,322016,322017,1,2,0
92042,2,1,322017,322017,322018,0,1,0
92043,2,1,322019,322019,322020,0,1,1
92044,4,1,322023,322023,322024,0,1,3
92045,6,3,322029,322029,322032,0,3,5
92046,1,2,322030,322032,322034,2,4,0
92047,5,1,322035,322035,322036,0,1,1
92048,4,1,322039,322039,322040,0,1,3
92049,3,3,322042,322042,322045,0,3,2
92050,5,2,322047,322047,322049,0,2,2
92051,2,1,322049,322049,322050,0,1,0
92052,2,2,322051,322051,322053,0,2,1
92053,3,1,322054,322054,322055,0,1,1
92054,6,3,322060,322060,322063,0,3,5
92055,2,3,322062,322063,322066,1,4,0
92056,5,1,322067,322067,322068,0,1,1
92057,3,1,322070,322070,322071,0,1,2
92058,1,3,322071,322071,322074,0,3,0
92059,5,1,322076,322076,322077,0,1,2
92060,2,2,322078,322078,322080,0,2,1
92061,6,3,322084,322084,322087,0,3,4
92062,6,3,322090,322090,322093,0,3,3
92063,4,1,322094,322094,322095,0,1,1
92064,1,3,322095,322095,322098,0,3,0
92065,3,1,322098,322098,322099,0,1,0
92066,1,2,322099,322099,322101,0,2,0
92067,2,2,322101,322101,322103,0,2,0
92068,5,3,322106,322106,322109,0,3,3
92069,4,3,322110,322110,322113,0,3,1
92070,3,1,322113,322113,322114,0,1,0
92071,3,3,322116,322116,322119,0,3,2
92072,6,2,322122,322122,322124,0,2,3
92073,4,3,322126,322126,322129,0,3,2
92074,6,1,322132,322132,322133,0,1,3
92075,1,3,322133,322133,322136,0,3,0
92076,5,3,322138,322138,322141,0,3,2
92077,2,2,322140,322141,322143,1,3,0
92078,1,1,322141,322143,322144,2,3,0
92079,4,2,322145,322145,322147,0,2,1
92080,5,2,322150,322150,322152,0,2,3
92081,2,2,322152,322152,322154,0,2,0
92082,3,2,322155,322155,322157,0,2,1
92083,4,3,322159,322159,322162,0,3,2
92084,4,2,322163,322163,322165,0,2,1
92085,4,3,322167,322167,322170,0,3,2
92086,5,1,322172,322172,322173,0,1,2
92087,2,3,322174,322174,322177,0,3,1
92088,5,3,322179,322179,322182,0,3,2
92089,1,1,322180,322182,322183,2,3,0
92090,6,2,322186,322186,322188,0,2,3
92091,5,3,322191,322191,322194,0,3,3
92092,4,1,322195,322195,322196,0,1,1
92093,2,2,322197,322197,322199,0,2,1
92094,1,2,322198,322199,322201,1,3,0
92095,4,2,322202,322202,322204,0,2,1
92096,6,1,322208,322208,322209,0,1,4
92097,2,3,322210,322210,322213,0,3,1
92098,6,2,322216,322216,322218,0,2,3
92099,5,2,322221,322221,322223,0,2,3
92100,1,3,322222,322223,322226,1,4,0
92101,2,1,322224,322226,322227,2,3,0
92102,3,1,322227,322227,322228,0,1,0
92103,5,1,322232,322232,322233,0,1,4
92104,4,2,322236,322236,322238,0,2,3
92105,2,3,322238,322238,322241,0,3,0
92106,2,1,322240,322241,322242,1,2,0
92107,5,1,322245,322245,322246,0,1,3
92108,5,2,322250,322250,322252,0,2,4
92109,6,2,322256,322256,322258,0,2,4
92110,2,3,322258,322258,322261,0,3,0
92111,2,3,322260,322261,322264,1,4,0
92112,5,1,322265,322265,322266,0,1,1
92113,5,3,322270,322270,322273,0,3,4
92114,1,1,322271,322273,322274,2,3,0
92115,4,1,322275,322275,322276,0,1,1
92116,2,2,322277,322277,322279,0,2,1
92117,4,1,322281,322281,322282,0,1,2
92118,5,2,322286,322286,322288,0,2,4
92119,4,2,322290,322290,322292,0,2,2
92120,2,2,322292,322292,322294,0,2,0
92121,2,3,322294,322294,322297,0,3,0
92122,4,3,322298,322298,322301,0,3,1
92123,4,1,322302,322302,322303,0,1,1
92124,1,1,322303,322303,322304,0,1,0
92125,5,3,322308,322308,322311,0,3,4
92126,3,1,322311,322311,322312,0,1,0
92127,5,3,322316,322316,322319,0,3,4
92128,6,2,322322,322322,322324,0,2,3
92129,5,1,322327,322327,322328,0,1,3
92130,5,2,322332,322332,322334,0,2,4
92131,2,3,322334,322334,322337,0,3,0
92132,3,3,322337,322337,322340,0,3,0
92133,2,1,322339,322340,322341,1,2,0
92134,6,1,322345,322345,322346,0,1,4
92135,1,1,322346,322346,322347,0,1,0
92136,1,2,322347,322347,322349,0,2,0
92137,3,3,322350,322350,322353,0,3,1
92138,5,1,322355,322355,322356,0,1,2
92139,4,3,322359,322359,322362,0,3,3
92140,3,3,322362,322362,322365,0,3,0
92141,4,3,322366,322366,322369,0,3,1
92142,3,1,322369,322369,322370,0,1,0
92143,6,2,322375,322375,322377,0,2,5
92144,5,1,322380,322380,322381,0,1,3
92145,3,3,322383,322383,322386,0,3,2
92146,2,3,322385,322386,322389,1,4,0
92147,2,3,322387,322389,322392,2,5,0
92148,4,2,322391,322392,322394,1,3,0
92149,4,1,322395,322395,322396,0,1,1
92150,4,2,322399,322399,322401,0,2,3
92151,5,2,322404,322404,322406,0,2,3
92152,1,3,322405,322406,322409,1,4,0
92153,1,3,322406,322409,322412,3,6,0
92154,2,3,322408,322412,322415,4,7,0
92155,5,1,322413,322415,322416,2,3,0
92156,6,2,322419,322419,322421,0,2,3
92157,5,2,322424,322424,322426,0,2,3
92158,4,3,322428,322428,322431,0,3,2
92159,1,3,322429,322431,322434,2,5,0
92160,1,3,322430,322434,322437,4,7,0
92161,1,1,322431,322437,322438,6,7,0
92162,1,3,322432,322438,322441,6,9,0
92163,3,1,322435,322441,322442,6,7,0
92164,6,3,322441,322442,322445,1,4,0
92165,6,3,322447,322447,322450,0,3,2
92166,2,2,322449,322450,322452,1,3,0
92167,1,2,322450,322452,322454,2,4,0
92168,2,1,322452,322454,322455,2,3,0
92169,1,2,322453,322455,322457,2,4,0
92170,3,1,322456,322457,322458,1,2,0
92171,6,3,322462,322462,322465,0,3,4
92172,2,3,322464,322465,322468,1,4,0
92173,6,3,322470,322470,322473,0,3,2
92174,1,3,322471,322473,322476,2,5,0
92175,5,2,322476,322476,322478,0,2,0
92176,6,2,322482,322482,322484,0,2,4
92177,2,2,322484,322484,322486,0,2,0
92178,1,1,322485,322486,322487,1,2,0
92179,3,1,322488,322488,322489,0,1,1
92180,1,3,322489,322489,322492,0,3,0
92181,2,1,322491,322492,322493,1,2,0
92182,6,2,322497,322497,322499,0,2,4
92183,2,3,322499,322499,322502,0,3,0
92184,5,1,322504,322504,322505,0,1,2
92185,2,2,322506,322506,322508,0,2,1
92186,3,1,322509,322509,322510,0,1,1
92187,2,2,322511,322511,322513,0,2,1
92188,2,2,322513,322513,322515,0,2,0
92189,6,1,322519,322519,322520,0,1,4
92190,4,1,322523,322523,322524,0,1,3
92191,3,2,322526,322526,322528,0,2,2
92192,5,2,322531,322531,322533,0,2,3
92193,4,2,322535,322535,322537,0,2,2
92194,1,3,322536,322537,322540,1,4,0
92195,5,3,322541,322541,322544,0,3,1
92196,6,3,322547,322547,322550,0,3,3
92197,5,3,322552,322552,322555,0,3,2
92198,4,1,322556,322556,322557,0,1,1
92199,5,3,322561,322561,322564,0,3,4
92200,6,3,322567,322567,322570,0,3,3
92201,2,1,322569,322570,322571,1,2,0
92202,1,3,322570,322571,322574,1,4,0
92203,4,3,322574,322574,322577,0,3,0
92204,2,1,322576,322577,322578,1,2,0
92205,6,3,322582,322582,322585,0,3,4
92206,1,2,322583,322585,322587,2,4,0
92207,6,1,322589,322589,322590,0,1,2
92208,1,1,322590,322590,322591,0,1,0
92209,6,3,322596,322596,322599,0,3,5
92210,5,1,322601,322601,322602,0,1,2
92211,1,1,322602,322602,322603,0,1,0
92212,2,1,322604,322604,322605,0,1,1
92213,3,3,322607,322607,322610,0,3,2
92214,1,2,322608,322610,322612,2,4,0
92215,1,3,322609,322612,322615,3,6,0
92216,3,1,322612,322615,322616,3,4,0
92217,5,2,322617,322617,322619,0,2,1
92218,5,3,322622,322622,322625,0,3,3
92219,6,1,322628,322628,322629,0,1,3
92220,5,2,322633,322633,322635,0,2,4
92221,6,1,322639,322639,322640,0,1,4
92222,6,3,322645,322645,322648,0,3,5
92223,1,2,322646,322648,322650,2,4,0
92224,2,2,322648,322650,322652,2,4,0
92225,3,3,322651,322652,322655,1,4,0
92226,2,2,322653,322655,322657,2,4,0
92227,6,3,322659,322659,322662,0,3,2
92228,3,1,322662,322662,322663,0,1,0
92229,5,1,322667,322667,322668,0,1,4
92230,5,1,322672,322672,322673,0,1,4
92231,5,1,322677,322677,322678,0,1,4
92232,1,3,322678,322678,322681,0,3,0
92233,1,3,322679,322681,322684,2,5,0
92234,4,1,322683,322684,322685,1,2,0
92235,3,3,322686,322686,322689,0,3,1
92236,5,1,322691,322691,322692,0,1,2
92237,5,3,322696,322696,322699,0,3,4
92238,3,1,322699,322699,322700,0,1,0
92239,3,3,322702,322702,322705,0,3,2
92240,2,1,322704,322705,322706,1,2,0
92241,3,1,322707,322707,322708,0,1,1
92242,1,1,322708,322708,322709,0,1,0
92243,1,3,322709,322709,322712,0,3,0
92244,1,2,322710,322712,322714,2,4,0
92245,1,3,322711,322714,322717,3,6,0
92246,5,2,322716,322717,322719,1,3,0
92247,4,2,322720,322720,322722,0,2,1
92248,3,1,322723,322723,322724,0,1,1
92249,1,1,322724,322724,322725,0,1,0
92250,6,3,322730,322730,322733,0,3,5
92251,5,1,322735,322735,322736,0,1,2
92252,6,3,322741,322741,322744,0,3,5
92253,6,1,322747,322747,322748,0,1,3
92254,6,2,322753,322753,322755,0,2,5
92255,6,1,322759,322759,322760,0,1,4
92256,4,3,322763,322763,322766,0,3,3
92257,1,3,322764,322766,322769,2,5,0
92258,4,3,322768,322769,322772,1,4,0
92259,4,3,322772,322772,322775,0,3,0
92260,4,3,322776,322776,322779,0,3,1
92261,4,2,322780,322780,322782,0,2,1
92262,2,2,322782,322782,322784,0,2,0
92263,1,1,322783,322784,322785,1,2,0
92264,4,1,322787,322787,322788,0,1,2
92265,2,1,322789,322789,322790,0,1,1
92266,2,2,322791,322791,322793,0,2,1
92267,5,2,322796,322796,322798,0,2,3
92268,5,1,322801,322801,322802,0,1,3
92269,1,2,322802,322802,322804,0,2,0
92270,4,3,322806,322806,322809,0,3,2
92271,2,1,322808,322809,322810,1,2,0
92272,6,1,322814,322814,322815,0,1,4
92273,4,3,322818,322818,322821,0,3,3
92274,3,2,322821,322821,322823,0,2,0
92275,5,3,322826,322826,322829,0,3,3
92276,3,3,322829,322829,322832,0,3,0
92277,4,1,322833,322833,322834,0,1,1
92278,5,1,322838,322838,322839,0,1,4
92279,5,2,322843,322843,322845,0,2,4
92280,6,2,322849,322849,322851,0,2,4
92281,3,1,322852,322852,322853,0,1,1
92282,4,2,322856,322856,322858,0,2,3
92283,3,3,322859,322859,322862,0,3,1
92284,4,3,322863,322863,322866,0,3,1
92285,1,3,322864,322866,322869,2,5,0
92286,3,2,322867,322869,322871,2,4,0
92287,2,3,322869,322871,322874,2,5,0
92288,3,1,322872,322874,322875,2,3,0
92289,5,2,322877,322877,322879,0,2,2
92290,6,1,322883,322883,322884,0,1,4
92291,5,3,322888,322888,322891,0,3,4
92292,3,2,322891,322891,322893,0,2,0
92293,3,3,322894,322894,322897,0,3,1
92294,6,1,322900,322900,322901,0,1,3
92295,1,1,322901,322901,322902,0,1,0
92296,4,2,322905,322905,322907,0,2,3
92297,1,3,322906,322907,322910,1,4,0
92298,2,1,322908,322910,322911,2,3,0
92299,6,1,322914,322914,322915,0,1,3
92300,6,1,322920,322920,322921,0,1,5
92301,3,1,322923,322923,322924,0,1,2
92302,5,2,322928,322928,322930,0,2,4
92303,2,3,322930,322930,322933,0,3,0
92304,5,3,322935,322935,322938,0,3,2
92305,1,1,322936,322938,322939,2,3,0
92306,3,3,322939,322939,322942,0,3,0
92307,5,1,322944,322944,322945,0,1,2
92308,3,1,322947,322947,322948,0,1,2
92309,1,3,322948,322948,322951,0,3,0
92310,3,3,322951,322951,322954,0,3,0
92311,1,2,322952,322954,322956,2,4,0
92312,2,1,322954,322956,322957,2,3,0
92313,5,3,322959,322959,322962,0,3,2
92314,6,1,322965,322965,322966,0,1,3
92315,3,3,322968,322968,322971,0,3,2
92316,5,1,322973,322973,322974,0,1,2
92317,6,3,322979,322979,322982,0,3,5
92318,1,2,322980,322982,322984,2,4,0
92319,4,1,322984,322984,322985,0,1,0
92320,1,1,322985,322985,322986,0,1,0
92321,4,1,322989,322989,322990,0,1,3
92322,4,1,322993,322993,322994,0,1,3
92323,2,2,322995,322995,322997,0,2,1
92324,1,2,322996,322997,322999,1,3,0
92325,6,1,323002,323002,323003,0,1,3
92326,4,1,323006,323006,323007,0,1,3
92327,4,1,323010,323010,323011,0,1,3
92328,2,3,323012,323012,323015,0,3,1
92329,6,1,323018,323018,323019,0,1,3
92330,6,2,323024,323024,323026,0,2,5
92331,1,2,323025,323026,323028,1,3,0
92332,4,1,323029,323029,323030,0,1,1
92333,6,1,323035,323035,323036,0,1,5
92334,1,1,323036,323036,323037,0,1,0
92335,4,1,323040,323040,323041,0,1,3
92336,6,1,323046,323046,323047,0,1,5
92337,5,3,323051,323051,323054,0,3,4
92338,4,2,323055,323055,323057,0,2,1
92339,1,1,323056,323057,323058,1,2,0
92340,6,1,323062,323062,323063,0,1,4
92341,2,1,323064,323064,323065,0,1,1
92342,3,2,323067,323067,323069,0,2,2
92343,5,3,323072,323072,323075,0,3,3
92344,4,1,323076,323076,323077,0,1,1
92345,1,3,323077,323077,323080,0,3,0
92346,1,2,323078,323080,323082,2,4,0
92347,4,2,323082,323082,323084,0,2,0
92348,1,2,323083,323084,323086,1,3,0
92349,2,2,323085,323086,323088,1,3,0
92350,6,1,323091,323091,323092,0,1,3
92351,1,1,323092,323092,323093,0,1,0
92352,1,1,323093,323093,323094,0,1,0
92353,2,3,323095,323095,323098,0,3,1
92354,4,2,323099,323099,323101,0,2,1
92355,6,1,323105,323105,323106,0,1,4
92356,1,2,323106,323106,323108,0,2,0
92357,5,1,323111,323111,323112,0,1,3
92358,2,3,323113,323113,323116,0,3,1
92359,1,3,323114,323116,323119,2,5,0
92360,1,2,323115,323119,323121,4,6,0
92361,4,2,323119,323121,323123,2,4,0
92362,5,1,323124,323124,323125,0,1,1
92363,4,2,323128,323128,323130,0,2,3
92364,4,2,323132,323132,323134,0,2,2
92365,4,3,323136,323136,323139,0,3,2
92366,3,1,323139,323139,323140,0,1,0
92367,1,2,323140,323140,323142,0,2,0
92368,3,3,323143,323143,323146,0,3,1
92369,6,1,323149,323149,323150,0,1,3
92370,6,2,323155,323155,323157,0,2,5
92371,2,1,323157,323157,323158,0,1,0
92372,5,2,323162,323162,323164,0,2,4
92373,1,2,323163,323164,323166,1,3,0
92374,2,3,323165,323166,323169,1,4,0
92375,1,1,323166,323169,323170,3,4,0
92376,6,3,323172,323172,323175,0,3,2
92377,5,1,323177,323177,323178,0,1,2
92378,4,1,323181,323181,323182,0,1,3
92379,1,2,323182,323182,323184,0,2,0
92380,1,3,323183,323184,323187,1,4,0
92381,6,2,323189,323189,323191,0,2,2
92382,2,1,323191,323191,323192,0,1,0
92383,5,2,323196,323196,323198,0,2,4
92384,3,1,323199,323199,323200,0,1,1
92385,6,3,323205,323205,323208,0,3,5
92386,5,3,323210,323210,323213,0,3,2
92387,3,1,323213,323213,323214,0,1,0
92388,6,1,323219,323219,323220,0,1,5
92389,2,2,323221,323221,323223,0,2,1
92390,3,1,323224,323224,323225,0,1,1
92391,1,3,323225,323225,323228,0,3,0
92392,3,3,323228,323228,323231,0,3,0
92393,6,3,323234,323234,323237,0,3,3
92394,3,2,323237,323237,323239,0,2,0
92395,5,2,323242,323242,323244,0,2,3
92396,2,2,323244,323244,323246,0,2,0
92397,3,1,323247,323247,323248,0,1,1
92398,2,3,323249,323249,323252,0,3,1
92399,4,1,323253,323253,323254,0,1,1
92400,1,2,323254,323254,323256,0,2,0
92401,2,2,323256,323256,323258,0,2,0
92402,6,2,323262,323262,323264,0,2,4
92403,2,3,323264,323264,323267,0,3,0
92404,4,2,323268,323268,323270,0,2,1
92405,3,1,323271,323271,323272,0,1,1
92406,3,3,323274,323274,323277,0,3,2
92407,2,1,323276,323277,323278,1,2,0
92408,6,1,323282,323282,323283,0,1,4
92409,6,2,323288,323288,323290,0,2,5
92410,4,2,323292,323292,323294,0,2,2
92411,3,3,323295,323295,323298,0,3,1
92412,1,1,323296,323298,323299,2,3,0
92413,4,2,323300,323300,323302,0,2,1
92414,1,3,323301,323302,323305,1,4,0
92415,6,2,323307,323307,323309,0,2,2
92416,4,3,323311,323311,323314,0,3,2
92417,4,2,323315,323315,323317,0,2,1
92418,3,3,323318,323318,323321,0,3,1
92419,1,2,323319,323321,323323,2,4,0
92420,6,2,323325,323325,323327,0,2,2
92421,4,2,323329,323329,323331,0,2,2
92422,6,1,323335,323335,323336,0,1,4
92423,3,1,323338,323338,323339,0,1,2
92424,3,1,323341,323341,323342,0,1,2
92425,5,3,323346,323346,323349,0,3,4
92426,6,3,323352,323352,323355,0,3,3
92427,4,2,323356,323356,323358,0,2,1
92428,1,1,323357,323358,323359,1,2,0
92429,5,3,323362,323362,323365,0,3,3
92430,2,1,323364,323365,323366,1,2,0
92431,3,3,323367,323367,323370,0,3,1
92432,3,2,323370,323370,323372,0,2,0
92433,6,1,323376,323376,323377,0,1,4
92434,4,2,323380,323380,323382,0,2,3
92435,3,3,323383,323383,323386,0,3,1
92436,3,2,323386,323386,323388,0,2,0
92437,5,2,323391,323391,323393,0,2,3
92438,3,3,323394,323394,323397,0,3,1
92439,1,2,323395,323397,323399,2,4,0
92440,4,3,323399,323399,323402,0,3,0
92441,1,2,323400,323402,323404,2,4,0
92442,1,3,323401,323404,323407,3,6,0
92443,5,2,323406,323407,323409,1,3,0
92444,2,1,323408,323409,323410,1,2,0
92445,5,2,323413,323413,323415,0,2,3
92446,3,3,323416,323416,323419,0,3,1
92447,2,2,323418,323419,323421,1,3,0
92448,2,3,323420,323421,323424,1,4,0
92449,6,1,323426,323426,323427,0,1,2
92450,4,3,323430,323430,323433,0,3,3
92451,6,2,323436,323436,323438,0,2,3
92452,5,1,323441,323441,323442,0,1,3
92453,5,3,323446,323446,323449,0,3,4
92454,4,2,323450,323450,323452,0,2,1
92455,3,3,323453,323453,323456,0,3,1
92456,1,2,323454,323456,323458,2,4,0
92457,6,1,323460,323460,323461,0,1,2
92458,2,3,323462,323462,323465,0,3,1
92459,3,3,323465,323465,323468,0,3,0
92460,3,3,323468,323468,323471,0,3,0
92461,5,2,323473,323473,323475,0,2,2
92462,6,2,323479,323479,323481,0,2,4
92463,1,1,323480,323481,323482,1,2,0
92464,5,1,323485,323485,323486,0,1,3
92465,1,2,323486,323486,323488,0,2,0
92466,6,3,323492,323492,323495,0,3,4
92467,3,2,323495,323495,323497,0,2,0
92468,6,1,323501,323501,323502,0,1,4
92469,3,2,323504,323504,323506,0,2,2
92470,5,1,323509,323509,323510,0,1,3
92471,1,2,323510,323510,323512,0,2,0
92472,6,3,323516,323516,323519,0,3,4
92473,6,2,323522,323522,323524,0,2,3
92474,5,1,323527,323527,323528,0,1,3
92475,2,1,323529,323529,323530,0,1,1
92476,5,1,323534,323534,323535,0,1,4
92477,1,2,323535,323535,323537,0,2,0
92478,2,3,323537,323537,323540,0,3,0
92479,4,1,323541,323541,323542,0,1,1
92480,3,1,323544,323544,323545,0,1,2
92481,2,3,323546,323546,323549,0,3,1
92482,6,3,323552,323552,323555,0,3,3
92483,1,3,323553,323555,323558,2,5,0
92484,3,2,323556,323558,323560,2,4,0
92485,1,1,323557,323560,323561,3,4,0
92486,1,2,323558,323561,323563,3,5,0
92487,5,1,323563,323563,323564,0,1,0
92488,6,1,323569,323569,323570,0,1,5
92489,3,1,323572,323572,323573,0,1,2
92490,3,2,323575,323575,323577,0,2,2
92491,4,3,323579,323579,323582,0,3,2
92492,6,2,323585,323585,323587,0,2,3
92493,1,3,323586,323587,323590,1,4,0
92494,6,3,323592,323592,323595,0,3,2
92495,6,3,323598,323598,323601,0,3,3
92496,5,1,323603,323603,323604,0,1,2
92497,5,1,323608,323608,323609,0,1,4
92498,2,2,323610,323610,323612,0,2,1
92499,3,1,323613,323613,323614,0,1,1
92500,6,1,323619,323619,323620,0,1,5
92501,6,2,323625,323625,323627,0,2,5
92502,1,2,323626,323627,323629,1,3,0
92503,6,2,323632,323632,323634,0,2,3
92504,4,1,323636,323636,323637,0,1,2
92505,1,1,323637,323637,323638,0,1,0
92506,5,2,323642,323642,323644,0,2,4
92507,3,2,323645,323645,323647,0,2,1
92508,6,1,323651,323651,323652,0,1,4
92509,4,3,323655,323655,323658,0,3,3
92510,3,1,323658,323658,323659,0,1,0
92511,1,1,323659,323659,323660,0,1,0
92512,5,3,323664,323664,323667,0,3,4
92513,3,3,323667,323667,323670,0,3,0
92514,4,3,323671,323671,323674,0,3,1
92515,5,1,323676,323676,323677,0,1,2
92516,5,2,323681,323681,323683,0,2,4
92517,2,1,323683,323683,323684,0,1,0
92518,6,1,323689,323689,323690,0,1,5
92519,1,1,323690,323690,323691,0,1,0
92520,4,2,323694,323694,323696,0,2,3
92521,6,1,323700,323700,323701,0,1,4
92522,2,3,323702,323702,323705,0,3,1
92523,1,1,323703,323705,323706,2,3,0
92524,4,2,323707,323707,323709,0,2,1
92525,5,2,323712,323712,323714,0,2,3
92526,6,1,323718,323718,323719,0,1,4
92527,4,2,323722,323722,323724,0,2,3
92528,1,3,323723,323724,323727,1,4,0
92529,2,2,323725,323727,323729,2,4,0
92530,3,1,323728,323729,323730,1,2,0
92531,5,1,323733,323733,323734,0,1,3
92532,1,2,323734,323734,323736,0,2,0
92533,3,3,323737,323737,323740,0,3,1
92534,2,3,323739,323740,323743,1,4,0
92535,3,2,323742,323743,323745,1,3,0
92536,3,3,323745,323745,323748,0,3,0
92537,3,2,323748,323748,323750,0,2,0
92538,2,1,323750,323750,323751,0,1,0
92539,5,3,323755,323755,323758,0,3,4
92540,3,3,323758,323758,323761,0,3,0
92541,2,2,323760,323761,323763,1,3,0
92542,2,1,323762,323763,323764,1,2,0
92543,3,1,323765,323765,323766,0,1,1
92544,3,1,323768,323768,323769,0,1,2
92545,5,3,323773,323773,323776,0,3,4
92546,3,1,323776,323776,323777,0,1,0
92547,1,1,323777,323777,323778,0,1,0
92548,4,3,323781,323781,323784,0,3,3
92549,4,1,323785,323785,323786,0,1,1
92550,6,1,323791,323791,323792,0,1,5
92551,3,2,323794,323794,323796,0,2,2
92552,1,3,323795,323796,323799,1,4,0
92553,6,1,323801,323801,323802,0,1,2
92554,1,3,323802,323802,323805,0,3,0
92555,6,1,323808,323808,323809,0,1,3
92556,3,2,323811,323811,323813,0,2,2
92557,6,1,323817,323817,323818,0,1,4
92558,3,3,323820,323820,323823,0,3,2
92559,4,2,323824,323824,323826,0,2,1
92560,6,3,323830,323830,323833,0,3,4
92561,2,1,323832,323833,323834,1,2,0
92562,1,2,323833,323834,323836,1,3,0
92563,2,1,323835,323836,323837,1,2,0
92564,2,3,323837,323837,323840,0,3,0
92565,4,3,323841,323841,323844,0,3,1
92566,4,1,323845,323845,323846,0,1,1
92567,4,2,323849,323849,323851,0,2,3
92568,5,2,323854,323854,323856,0,2,3
92569,4,1,323858,323858,323859,0,1,2
92570,3,1,323861,323861,323862,0,1,2
92571,6,1,323867,323867,323868,0,1,5
92572,4,2,323871,323871,323873,0,2,3
92573,2,2,323873,323873,323875,0,2,0
92574,6,3,323879,323879,323882,0,3,4
92575,4,3,323883,323883,323886,0,3,1
92576,4,2,323887,323887,323889,0,2,1
92577,6,1,323893,323893,323894,0,1,4
92578,6,1,323899,323899,323900,0,1,5
92579,6,3,323905,323905,323908,0,3,5
92580,2,2,323907,323908,323910,1,3,0
92581,3,1,323910,323910,323911,0,1,0
92582,6,2,323916,323916,323918,0,2,5
92583,1,2,323917,323918,323920,1,3,0
92584,5,3,323922,323922,323925,0,3,2
92585,2,3,323924,323925,323928,1,4,0
92586,4,3,323928,323928,323931,0,3,0
92587,6,2,323934,323934,323936,0,2,3
92588,1,1,323935,323936,323937,1,2,0
92589,1,3,323936,323937,323940,1,4,0
92590,5,2,323941,323941,323943,0,2,1
92591,6,3,323947,323947,323950,0,3,4
92592,4,2,323951,323951,323953,0,2,1
92593,5,1,323956,323956,323957,0,1,3
92594,4,1,323960,323960,323961,0,1,3
92595,1,1,323961,323961,323962,0,1,0
92596,4,2,323965,323965,323967,0,2,3
92597,4,2,323969,323969,323971,0,2,2
92598,2,2,323971,323971,323973,0,2,0
92599,3,1,323974,323974,323975,0,1,1
92600,6,3,323980,323980,323983,0,3,5
92601,3,3,323983,323983,323986,0,3,0
92602,6,1,323989,323989,323990,0,1,3
92603,2,2,323991,323991,323993,0,2,1
92604,2,1,323993,323993,323994,0,1,0
92605,2,3,323995,323995,323998,0,3,1
92606,6,1,324001,324001,324002,0,1,3
92607,5,3,324006,324006,324009,0,3,4
92608,1,1,324007,324009,324010,2,3,0
92609,2,2,324009,324010,324012,1,3,0
92610,4,1,324013,324013,324014,0,1,1
92611,4,3,324017,324017,324020,0,3,3
92612,5,3,324022,324022,324025,0,3,2
92613,3,3,324025,324025,324028,0,3,0
92614,5,3,324030,324030,324033,0,3,2
92615,2,1,324032,324033,324034,1,2,0
92616,5,3,324037,324037,324040,0,3,3
92617,3,3,324040,324040,324043,0,3,0
92618,6,1,324046,324046,324047,0,1,3
92619,5,1,324051,324051,324052,0,1,4
92620,5,1,324056,324056,324057,0,1,4
92621,6,1,324062,324062,324063,0,1,5
92622,6,1,324068,324068,324069,0,1,5
92623,5,3,324073,324073,324076,0,3,4
92624,1,1,324074,324076,324077,2,3,0
92625,1,2,324075,324077,324079,2,4,0
92626,3,3,324078,324079,324082,1,4,0
92627,1,3,324079,324082,324085,3,6,0
92628,5,2,324084,324085,324087,1,3,0
92629,4,1,324088,324088,324089,0,1,1
92630,2,3,324090,324090,324093,0,3,1
92631,2,2,324092,324093,324095,1,3,0
92632,5,2,324097,324097,324099,0,2,2
92633,2,3,324099,324099,324102,0,3,0
92634,2,3,324101,324102,324105,1,4,0
92635,6,3,324107,324107,324110,0,3,2
92636,6,2,324113,324113,324115,0,2,3
92637,3,1,324116,324116,324117,0,1,1
92638,3,3,324119,324119,324122,0,3,2
92639,2,1,324121,324122,324123,1,2,0
92640,2,1,324123,324123,324124,0,1,0
92641,1,3,324124,324124,324127,0,3,0
92642,1,3,324125,324127,324130,2,5,0
92643,1,1,324126,324130,324131,4,5,0
92644,4,3,324130,324131,324134,1,4,0
92645,2,3,324132,324134,324137,2,5,0
92646,1,3,324133,324137,324140,4,7,0
92647,4,2,324137,324140,324142,3,5,0
92648,4,3,324141,324142,324145,1,4,0
92649,6,2,324147,324147,324149,0,2,2
92650,6,3,324153,324153,324156,0,3,4
92651,1,3,324154,324156,324159,2,5,0
92652,5,3,324159,324159,324162,0,3,0
92653,6,3,324165,324165,324168,0,3,3
92654,1,1,324166,324168,324169,2,3,0
92655,5,3,324171,324171,324174,0,3,2
92656,5,1,324176,324176,324177,0,1,2
92657,6,2,324182,324182,324184,0,2,5
92658,1,3,324183,324184,324187,1,4,0
92659,4,1,324187,324187,324188,0,1,0
92660,6,3,324193,324193,324196,0,3,5
92661,3,2,324196,324196,324198,0,2,0
92662,6,1,324202,324202,324203,0,1,4
92663,4,1,324206,324206,324207,0,1,3
92664,4,3,324210,324210,324213,0,3,3
92665,6,2,324216,324216,324218,0,2,3
92666,5,3,324221,324221,324224,0,3,3
92667,6,3,324227,324227,324230,0,3,3
92668,4,3,324231,324231,324234,0,3,1
92669,2,3,324233,324234,324237,1,4,0
92670,4,2,324237,324237,324239,0,2,0
92671,3,3,324240,324240,324243,0,3,1
92672,2,2,324242,324243,324245,1,3,0
92673,2,2,324244,324245,324247,1,3,0
92674,1,1,324245,324247,324248,2,3,0
92675,4,3,324249,324249,324252,0,3,1
92676,5,1,324254,324254,324255,0,1,2
92677,3,2,324257,324257,324259,0,2,2
92678,2,3,324259,324259,324262,0,3,0
92679,5,1,324264,324264,324265,0,1,2
92680,2,1,324266,324266,324267,0,1,1
92681,5,1,324271,324271,324272,0,1,4
92682,6,3,324277,324277,324280,0,3,5
92683,6,3,324283,324283,324286,0,3,3
92684,1,1,324284,324286,324287,2,3,0
92685,3,3,324287,324287,324290,0,3,0
92686,2,2,324289,324290,324292,1,3,0
92687,4,2,324293,324293,324295,0,2,1
92688,4,1,324297,324297,324298,0,1,2
92689,5,3,324302,324302,324305,0,3,4
92690,5,2,324307,324307,324309,0,2,2
92691,2,3,324309,324309,324312,0,3,0
92692,4,1,324313,324313,324314,0,1,1
92693,1,1,324314,324314,324315,0,1,0
92694,1,2,324315,324315,324317,0,2,0
92695,2,1,324317,324317,324318,0,1,0
92696,1,3,324318,324318,324321,0,3,0
92697,5,1,324323,324323,324324,0,1,2
92698,3,2,324326,324326,324328,0,2,2
92699,5,3,324331,324331,324334,0,3,3
92700,2,2,324333,324334,324336,1,3,0
92701,3,2,324336,324336,324338,0,2,0
92702,1,3,324337,324338,324341,1,4,0
92703,6,2,324343,324343,324345,0,2,2
92704,1,3,324344,324345,324348,1,4,0
92705,1,1,324345,324348,324349,3,4,0
92706,3,1,324348,324349,324350,1,2,0
92707,6,3,324354,324354,324357,0,3,4
92708,6,3,324360,324360,324363,0,3,3
92709,4,2,324364,324364,324366,0,2,1
92710,5,2,324369,324369,324371,0,2,3
92711,5,3,324374,324374,324377,0,3,3
92712,6,1,324380,324380,324381,0,1,3
92713,2,2,324382,324382,324384,0,2,1
92714,5,3,324387,324387,324390,0,3,3
92715,2,1,324389,324390,324391,1,2,0
92716,1,3,324390,324391,324394,1,4,0
92717,1,1,324391,324394,324395,3,4,0
92718,6,2,324397,324397,324399,0,2,2
92719,6,2,324403,324403,324405,0,2,4
92720,2,1,324405,324405,324406,0,1,0
92721,1,2,324406,324406,324408,0,2,0
92722,3,3,324409,324409,324412,0,3,1
92723,6,2,324415,324415,324417,0,2,3
92724,1,2,324416,324417,324419,1,3,0
92725,4,3,324420,324420,324423,0,3,1
92726,6,1,324426,324426,324427,0,1,3
92727,5,1,324431,324431,324432,0,1,4
92728,6,3,324437,324437,324440,0,3,5
92729,5,3,324442,324442,324445,0,3,2
92730,6,3,324448,324448,324451,0,3,3
92731,5,3,324453,324453,324456,0,3,2
92732,1,3,324454,324456,324459,2,5,0
92733,3,2,324457,324459,324461,2,4,0
92734,2,2,324459,324461,324463,2,4,0
92735,6,1,324465,324465,324466,0,1,2
92736,5,3,324470,324470,324473,0,3,4
92737,2,2,324472,324473,324475,1,3,0
92738,2,2,324474,324475,324477,1,3,0
92739,4,3,324478,324478,324481,0,3,1
92740,6,3,324484,324484,324487,0,3,3
92741,4,2,324488,324488,324490,0,2,1
92742,5,2,324493,324493,324495,0,2,3
92743,5,1,324498,324498,324499,0,1,3
92744,6,1,324504,324504,324505,0,1,5
92745,1,3,324505,324505,324508,0,3,0
92746,1,1,324506,324508,324509,2,3,0
92747,2,2,324508,324509,324511,1,3,0
92748,3,3,324511,324511,324514,0,3,0
92749,3,1,324514,324514,324515,0,1,0
92750,1,3,324515,324515,324518,0,3,0
92751,5,3,324520,324520,324523,0,3,2
92752,1,2,324521,324523,324525,2,4,0
92753,4,1,324525,324525,324526,0,1,0
92754,6,3,324531,324531,324534,0,3,5
92755,1,1,324532,324534,324535,2,3,0
92756,4,1,324536,324536,324537,0,1,1
92757,1,2,324537,324537,324539,0,2,0
92758,3,3,324540,324540,324543,0,3,1
92759,6,3,324546,324546,324549,0,3,3
92760,2,3,324548,324549,324552,1,4,0
92761,4,3,324552,324552,324555,0,3,0
92762,6,3,324558,324558,324561,0,3,3
92763,6,1,324564,324564,324565,0,1,3
92764,4,1,324568,324568,324569,0,1,3
92765,4,2,324572,324572,324574,0,2,3
92766,6,2,324578,324578,324580,0,2,4
92767,4,1,324582,324582,324583,0,1,2
92768,4,2,324586,324586,324588,0,2,3
92769,3,1,324589,324589,324590,0,1,1
92770,3,1,324592,324592,324593,0,1,2
92771,2,2,324594,324594,324596,0,2,1
92772,4,2,324598,324598,324600,0,2,2
92773,5,1,324603,324603,324604,0,1,3
92774,4,3,324607,324607,324610,0,3,3
92775,6,2,324613,324613,324615,0,2,3
92776,2,2,324615,324615,324617,0,2,0
92777,1,2,324616,324617,324619,1,3,0
92778,6,3,324622,324622,324625,0,3,3
92779,4,3,324626,324626,324629,0,3,1
92780,5,2,324631,324631,324633,0,2,2
92781,4,2,324635,324635,324637,0,2,2
92782,6,3,324641,324641,324644,0,3,4
92783,4,3,324645,324645,324648,0,3,1
92784,3,1,324648,324648,324649,0,1,0
92785,1,2,324649,324649,324651,0,2,0
92786,1,3,324650,324651,324654,1,4,0
92787,2,2,324652,324654,324656,2,4,0
92788,2,2,324654,324656,324658,2,4,0
92789,6,1,324660,324660,324661,0,1,2
92790,1,1,324661,324661,324662,0,1,0
92791,1,1,324662,324662,324663,0,1,0
92792,2,2,324664,324664,324666,0,2,1
92793,6,1,324670,324670,324671,0,1,4
92794,2,3,324672,324672,324675,0,3,1
92795,1,2,324673,324675,324677,2,4,0
92796,3,3,324676,324677,324680,1,4,0
92797,2,3,324678,324680,324683,2,5,0
92798,1,2,324679,324683,324685,4,6,0
92799,6,3,324685,324685,324688,0,3,0
92800,1,1,324686,324688,324689,2,3,0
92801,3,3,324689,324689,324692,0,3,0
92802,1,3,324690,324692,324695,2,5,0
92803,3,2,324693,324695,324697,2,4,0
92804,5,3,324698,324698,324701,0,3,1
92805,1,3,324699,324701,324704,2,5,0
92806,1,2,324700,324704,324706,4,6,0
92807,5,1,324705,324706,324707,1,2,0
92808,5,2,324710,324710,324712,0,2,3
92809,2,1,324712,324712,324713,0,1,0
92810,2,2,324714,324714,324716,0,2,1
92811,3,3,324717,324717,324720,0,3,1
92812,4,2,324721,324721,324723,0,2,1
92813,4,3,324725,324725,324728,0,3,2
92814,4,2,324729,324729,324731,0,2,1
92815,1,2,324730,324731,324733,1,3,0
92816,4,1,324734,324734,324735,0,1,1
92817,5,1,324739,324739,324740,0,1,4
92818,3,2,324742,324742,324744,0,2,2
92819,6,2,324748,324748,324750,0,2,4
92820,1,2,324749,324750,324752,1,3,0
92821,5,1,324754,324754,324755,0,1,2
92822,1,2,324755,324755,324757,0,2,0
92823,6,2,324761,324761,324763,0,2,4
92824,3,1,324764,324764,324765,0,1,1
92825,5,1,324769,324769,324770,0,1,4
92826,5,3,324774,324774,324777,0,3,4
92827,6,3,324780,324780,324783,0,3,3
92828,1,1,324781,324783,324784,2,3,0
92829,2,3,324783,324784,324787,1,4,0
92830,6,2,324789,324789,324791,0,2,2
92831,6,1,324795,324795,324796,0,1,4
92832,4,1,324799,324799,324800,0,1,3
92833,3,2,324802,324802,324804,0,2,2
92834,1,2,324803,324804,324806,1,3,0
92835,3,3,324806,324806,324809,0,3,0
92836,2,3,324808,324809,324812,1,4,0
92837,2,2,324810,324812,324814,2,4,0
92838,6,3,324816,324816,324819,0,3,2
92839,5,1,324821,324821,324822,0,1,2
92840,3,3,324824,324824,324827,0,3,2
92841,6,3,324830,324830,324833,0,3,3
92842,1,1,324831,324833,324834,2,3,0
92843,4,1,324835,324835,324836,0,1,1
92844,1,3,324836,324836,324839,0,3,0
92845,1,3,324837,324839,324842,2,5,0
92846,3,3,324840,324842,324845,2,5,0
92847,4,3,324844,324845,324848,1,4,0
92848,5,3,324849,324849,324852,0,3,1
92849,1,1,324850,324852,324853,2,3,0
92850,3,1,324853,324853,324854,0,1,0
92851,5,3,324858,324858,324861,0,3,4
92852,2,2,324860,324861,324863,1,3,0
92853,3,3,324863,324863,324866,0,3,0
92854,5,3,324868,324868,324871,0,3,2
92855,3,1,324871,324871,324872,0,1,0
92856,1,1,324872,324872,324873,0,1,0
92857,4,2,324876,324876,324878,0,2,3
92858,4,1,324880,324880,324881,0,1,2
92859,1,2,324881,324881,324883,0,2,0
92860,3,1,324884,324884,324885,0,1,1
92861,2,1,324886,324886,324887,0,1,1
92862,3,1,324889,324889,324890,0,1,2
92863,5,2,324894,324894,324896,0,2,4
92864,1,3,324895,324896,324899,1,4,0
92865,6,3,324901,324901,324904,0,3,2
92866,6,1,324907,324907,324908,0,1,3
92867,6,2,324913,324913,324915,0,2,5
92868,4,1,324917,324917,324918,0,1,2
92869,1,3,324918,324918,324921,0,3,0
92870,1,1,324919,324921,324922,2,3,0
92871,5,2,324924,324924,324926,0,2,2
92872,1,2,324925,324926,324928,1,3,0
92873,3,3,324928,324928,324931,0,3,0
92874,1,1,324929,324931,324932,2,3,0
92875,1,1,324930,324932,324933,2,3,0
92876,2,2,324932,324933,324935,1,3,0
92877,3,3,324935,324935,324938,0,3,0
92878,6,2,324941,324941,324943,0,2,3
92879,1,1,324942,324943,324944,1,2,0
92880,5,3,324947,324947,324950,0,3,3
92881,1,1,324948,324950,324951,2,3,0
92882,6,2,324954,324954,324956,0,2,3
92883,5,1,324959,324959,324960,0,1,3
92884,4,1,324963,324963,324964,0,1,3
92885,5,1,324968,324968,324969,0,1,4
92886,4,1,324972,324972,324973,0,1,3
92887,3,3,324975,324975,324978,0,3,2
92888,6,2,324981,324981,324983,0,2,3
92889,2,1,324983,324983,324984,0,1,0
92890,1,2,324984,324984,324986,0,2,0
92891,2,3,324986,324986,324989,0,3,0
92892,3,2,324989,324989,324991,0,2,0
92893,6,3,324995,324995,324998,0,3,4
92894,6,2,325001,325001,325003,0,2,3
92895,6,1,325007,325007,325008,0,1,4
92896,1,3,325008,325008,325011,0,3,0
92897,4,2,325012,325012,325014,0,2,1
92898,1,3,325013,325014,325017,1,4,0
92899,5,3,325018,325018,325021,0,3,1
92900,1,2,325019,325021,325023,2,4,0
92901,2,2,325021,325023,325025,2,4,0
92902,1,1,325022,325025,325026,3,4,0
92903,6,2,325028,325028,325030,0,2,2
92904,4,2,325032,325032,325034,0,2,2
92905,6,3,325038,325038,325041,0,3,4
92906,1,2,325039,325041,325043,2,4,0
92907,3,1,325042,325043,325044,1,2,0
92908,2,3,325044,325044,325047,0,3,0
92909,5,2,325049,325049,325051,0,2,2
92910,2,2,325051,325051,325053,0,2,0
92911,6,2,325057,325057,325059,0,2,4
92912,4,3,325061,325061,325064,0,3,2
92913,1,2,325062,325064,325066,2,4,0
92914,6,2,325068,325068,325070,0,2,2
92915,1,1,325069,325070,325071,1,2,0
92916,4,2,325073,325073,325075,0,2,2
92917,4,3,325077,325077,325080,0,3,2
92918,6,1,325083,325083,325084,0,1,3
92919,6,2,325089,325089,325091,0,2,5
92920,1,2,325090,325091,325093,1,3,0
92921,6,1,325096,325096,325097,0,1,3
92922,3,2,325099,325099,325101,0,2,2
92923,5,1,325104,325104,325105,0,1,3
92924,2,3,325106,325106,325109,0,3,1
92925,5,3,325111,325111,325114,0,3,2
92926,5,3,325116,325116,325119,0,3,2
92927,1,3,325117,325119,325122,2,5,0
92928,2,3,325119,325122,325125,3,6,0
92929,6,1,325125,325125,325126,0,1,0
92930,5,2,325130,325130,325132,0,2,4
92931,3,1,325133,325133,325134,0,1,1
92932,3,3,325136,325136,325139,0,3,2
92933,1,2,325137,325139,325141,2,4,0
92934,1,2,325138,325141,325143,3,5,0
92935,3,3,325141,325143,325146,2,5,0
92936,5,1,325146,325146,325147,0,1,0
92937,2,3,325148,325148,325151,0,3,1
92938,3,2,325151,325151,325153,0,2,0
92939,5,3,325156,325156,325159,0,3,3
92940,2,2,325158,325159,325161,1,3,0
92941,5,1,325163,325163,325164,0,1,2
92942,2,2,325165,325165,325167,0,2,1
92943,3,3,325168,325168,325171,0,3,1
92944,6,3,325174,325174,325177,0,3,3
92945,3,2,325177,325177,325179,0,2,0
92946,4,2,325181,325181,325183,0,2,2
92947,1,1,325182,325183,325184,1,2,0
92948,1,1,325183,325184,325185,1,2,0
92949,2,3,325185,325185,325188,0,3,0
92950,5,1,325190,325190,325191,0,1,2
92951,4,2,325194,325194,325196,0,2,3
92952,2,3,325196,325196,325199,0,3,0
92953,5,3,325201,325201,325204,0,3,2
92954,4,2,325205,325205,325207,0,2,1
92955,5,3,325210,325210,325213,0,3,3
92956,2,3,325212,325213,325216,1,4,0
92957,1,3,325213,325216,325219,3,6,0
92958,4,1,325217,325219,325220,2,3,0
92959,3,3,325220,325220,325223,0,3,0
92960,2,3,325222,325223,325226,1,4,0
92961,6,2,325228,325228,325230,0,2,2
92962,1,1,325229,325230,325231,1,2,0
92963,6,2,325235,325235,325237,0,2,4
92964,5,1,325240,325240,325241,0,1,3
92965,1,2,325241,325241,325243,0,2,0
92966,3,1,325244,325244,325245,0,1,1
92967,2,3,325246,325246,325249,0,3,1
92968,3,1,325249,325249,325250,0,1,0
92969,5,1,325254,325254,325255,0,1,4
92970,5,1,325259,325259,325260,0,1,4
92971,3,3,325262,325262,325265,0,3,2
92972,3,1,325265,325265,325266,0,1,0
92973,1,3,325266,325266,325269,0,3,0
92974,4,3,325270,325270,325273,0,3,1
92975,4,3,325274,325274,325277,0,3,1
92976,5,1,325279,325279,325280,0,1,2
92977,2,3,325281,325281,325284,0,3,1
92978,2,1,325283,325284,325285,1,2,0
92979,2,2,325285,325285,325287,0,2,0
92980,2,2,325287,325287,325289,0,2,0
92981,4,3,325291,325291,325294,0,3,2
92982,3,1,325294,325294,325295,0,1,0
92983,4,1,325298,325298,325299,0,1,3
92984,4,3,325302,325302,325305,0,3,3
92985,5,3,325307,325307,325310,0,3,2
92986,4,1,325311,325311,325312,0,1,1
92987,1,3,325312,325312,325315,0,3,0
92988,5,2,325317,325317,325319,0,2,2
92989,1,3,325318,325319,325322,1,4,0
92990,3,1,325321,325322,325323,1,2,0
92991,2,2,325323,325323,325325,0,2,0
92992,2,3,325325,325325,325328,0,3,0
92993,5,3,325330,325330,325333,0,3,2
92994,3,1,325333,325333,325334,0,1,0
92995,4,1,325337,325337,325338,0,1,3
92996,5,2,325342,325342,325344,0,2,4
92997,2,3,325344,325344,325347,0,3,0
92998,1,2,325345,325347,325349,2,4,0
92999,3,2,325348,325349,325351,1,3,0
93000,3,1,325351,325351,325352,0,1,0
93001,4,2,325355,325355,325357,0,2,3
93002,4,1,325359,325359,325360,0,1,2
93003,4,1,325363,325363,325364,0,1,3
93004,2,1,325365,325365,325366,0,1,1
93005,2,3,325367,325367,325370,0,3,1
93006,1,1,325368,325370,325371,2,3,0
93007,1,3,325369,325371,325374,2,5,0
93008,1,3,325370,325374,325377,4,7,0
93009,3,2,325373,325377,325379,4,6,0
93010,5,3,325378,325379,325382,1,4,0
93011,4,3,325382,325382,325385,0,3,0
93012,4,1,325386,325386,325387,0,1,1
93013,1,1,325387,325387,325388,0,1,0
93014,4,2,325391,325391,325393,0,2,3
93015,6,3,325397,325397,325400,0,3,4
93016,3,3,325400,325400,325403,0,3,0
93017,2,2,325402,325403,325405,1,3,0
93018,3,3,325405,325405,325408,0,3,0
93019,4,3,325409,325409,325412,0,3,1
93020,2,1,325411,325412,325413,1,2,0
93021,3,2,325414,325414,325416,0,2,1
93022,6,3,325420,325420,325423,0,3,4
93023,3,2,325423,325423,325425,0,2,0
93024,4,3,325427,325427,325430,0,3,2
93025,6,2,325433,325433,325435,0,2,3
93026,5,3,325438,325438,325441,0,3,3
93027,6,1,325444,325444,325445,0,1,3
93028,1,1,325445,325445,325446,0,1,0
93029,6,1,325451,325451,325452,0,1,5
93030,1,1,325452,325452,325453,0,1,0
93031,5,2,325457,325457,325459,0,2,4
93032,5,3,325462,325462,325465,0,3,3
93033,6,2,325468,325468,325470,0,2,3
93034,6,3,325474,325474,325477,0,3,4
93035,2,1,325476,325477,325478,1,2,0
93036,4,2,325480,325480,325482,0,2,2
93037,5,3,325485,325485,325488,0,3,3
93038,3,2,325488,325488,325490,0,2,0
93039,1,3,325489,325490,325493,1,4,0
93040,4,2,325493,325493,325495,0,2,0
93041,1,1,325494,325495,325496,1,2,0
93042,2,2,325496,325496,325498,0,2,0
93043,4,1,325500,325500,325501,0,1,2
93044,2,2,325502,325502,325504,0,2,1
93045,5,2,325507,325507,325509,0,2,3
93046,4,3,325511,325511,325514,0,3,2
93047,2,3,325513,325514,325517,1,4,0
93048,3,3,325516,325517,325520,1,4,0
93049,4,3,325520,325520,325523,0,3,0
93050,5,3,325525,325525,325528,0,3,2
93051,6,2,325531,325531,325533,0,2,3
93052,4,3,325535,325535,325538,0,3,2
93053,3,1,325538,325538,325539,0,1,0
93054,1,2,325539,325539,325541,0,2,0
93055,1,2,325540,325541,325543,1,3,0
93056,2,2,325542,325543,325545,1,3,0
93057,6,3,325548,325548,325551,0,3,3
93058,4,2,325552,325552,325554,0,2,1
93059,3,2,325555,325555,325557,0,2,1
93060,5,3,325560,325560,325563,0,3,3
93061,4,2,325564,325564,325566,0,2,1
93062,4,2,325568,325568,325570,0,2,2
93063,5,1,325573,325573,325574,0,1,3
93064,2,2,325575,325575,325577,0,2,1
93065,6,1,325581,325581,325582,0,1,4
93066,3,3,325584,325584,325587,0,3,2
93067,4,2,325588,325588,325590,0,2,1
93068,4,1,325592,325592,325593,0,1,2
93069,1,3,325593,325593,325596,0,3,0
93070,2,3,325595,325596,325599,1,4,0
93071,6,1,325601,325601,325602,0,1,2
93072,2,2,325603,325603,325605,0,2,1
93073,5,1,325608,325608,325609,0,1,3
93074,1,3,325609,325609,325612,0,3,0
93075,2,1,325611,325612,325613,1,2,0
93076,3,1,325614,325614,325615,0,1,1
93077,6,1,325620,325620,325621,0,1,5
93078,1,3,325621,325621,325624,0,3,0
93079,6,3,325627,325627,325630,0,3,3
93080,5,1,325632,325632,325633,0,1,2
93081,6,2,325638,325638,325640,0,2,5
93082,1,1,325639,325640,325641,1,2,0
93083,3,3,325642,325642,325645,0,3,1
93084,2,3,325644,325645,325648,1,4,0
93085,2,2,325646,325648,325650,2,4,0
93086,6,2,325652,325652,325654,0,2,2
93087,4,1,325656,325656,325657,0,1,2
93088,5,1,325661,325661,325662,0,1,4
93089,6,1,325667,325667,325668,0,1,5
93090,4,3,325671,325671,325674,0,3,3
93091,4,2,325675,325675,325677,0,2,1
93092,1,1,325676,325677,325678,1,2,0
93093,3,2,325679,325679,325681,0,2,1
93094,1,3,325680,325681,325684,1,4,0
93095,3,2,325683,325684,325686,1,3,0
93096,3,3,325686,325686,325689,0,3,0
93097,2,2,325688,325689,325691,1,3,0
93098,4,3,325692,325692,325695,0,3,1
93099,1,2,325693,325695,325697,2,4,0
93100,1,1,325694,325697,325698,3,4,0
93101,5,2,325699,325699,325701,0,2,1
93102,2,3,325701,325701,325704,0,3,0
93103,3,1,325704,325704,325705,0,1,0
93104,3,3,325707,325707,325710,0,3,2
93105,5,1,325712,325712,325713,0,1,2
93106,2,3,325714,325714,325717,0,3,1
93107,3,3,325717,325717,325720,0,3,0
93108,2,2,325719,325720,325722,1,3,0
93109,4,1,325723,325723,325724,0,1,1
93110,4,3,325727,325727,325730,0,3,3
93111,4,1,325731,325731,325732,0,1,1
93112,5,1,325736,325736,325737,0,1,4
93113,2,2,325738,325738,325740,0,2,1
93114,1,1,325739,325740,325741,1,2,0
93115,4,2,325743,325743,325745,0,2,2
93116,5,2,325748,325748,325750,0,2,3
93117,3,2,325751,325751,325753,0,2,1
93118,1,3,325752,325753,325756,1,4,0
93119,2,2,325754,325756,325758,2,4,0
93120,4,3,325758,325758,325761,0,3,0
93121,1,2,325759,325761,325763,2,4,0
93122,2,3,325761,325763,325766,2,5,0
93123,5,1,325766,325766,325767,0,1,0
93124,3,1,325769,325769,325770,0,1,2
93125,5,2,325774,325774,325776,0,2,4
93126,3,2,325777,325777,325779,0,2,1
93127,3,3,325780,325780,325783,0,3,1
93128,4,1,325784,325784,325785,0,1,1
93129,3,2,325787,325787,325789,0,2,2
93130,3,3,325790,325790,325793,0,3,1
93131,5,3,325795,325795,325798,0,3,2
93132,1,1,325796,325798,325799,2,3,0
93133,4,1,325800,325800,325801,0,1,1
93134,3,2,325803,325803,325805,0,2,2
93135,5,1,325808,325808,325809,0,1,3
93136,1,3,325809,325809,325812,0,3,0
93137,5,2,325814,325814,325816,0,2,2
93138,3,2,325817,325817,325819,0,2,1
93139,4,2,325821,325821,325823,0,2,2
93140,2,3,325823,325823,325826,0,3,0
93141,3,2,325826,325826,325828,0,2,0
93142,4,2,325830,325830,325832,0,2,2
93143,3,2,325833,325833,325835,0,2,1
93144,1,1,325834,325835,325836,1,2,0
93145,1,3,325835,325836,325839,1,4,0
93146,2,1,325837,325839,325840,2,3,0
93147,5,3,325842,325842,325845,0,3,2
93148,1,1,325843,325845,325846,2,3,0
93149,6,1,325849,325849,325850,0,1,3
93150,3,3,325852,325852,325855,0,3,2
93151,3,1,325855,325855,325856,0,1,0
93152,6,3,325861,325861,325864,0,3,5
93153,3,1,325864,325864,325865,0,1,0
93154,3,1,325867,325867,325868,0,1,2
93155,2,2,325869,325869,325871,0,2,1
93156,6,1,325875,325875,325876,0,1,4
93157,2,1,325877,325877,325878,0,1,1
93158,1,2,325878,325878,325880,0,2,0
93159,3,2,325881,325881,325883,0,2,1
93160,6,1,325887,325887,325888,0,1,4
93161,6,2,325893,325893,325895,0,2,5
93162,2,3,325895,325895,325898,0,3,0
93163,6,2,325901,325901,325903,0,2,3
93164,5,2,325906,325906,325908,0,2,3
93165,5,2,325911,325911,325913,0,2,3
93166,4,2,325915,325915,325917,0,2,2
93167,2,2,325917,325917,325919,0,2,0
93168,2,1,325919,325919,325920,0,1,0
93169,5,2,325924,325924,325926,0,2,4
93170,6,3,325930,325930,325933,0,3,4
93171,4,1,325934,325934,325935,0,1,1
93172,5,3,325939,325939,325942,0,3,4
93173,2,3,325941,325942,325945,1,4,0
93174,4,2,325945,325945,325947,0,2,0
93175,1,1,325946,325947,325948,1,2,0
93176,1,1,325947,325948,325949,1,2,0
93177,5,2,325952,325952,325954,0,2,3
93178,2,3,325954,325954,325957,0,3,0
93179,4,3,325958,325958,325961,0,3,1
93180,6,3,325964,325964,325967,0,3,3
93181,5,3,325969,325969,325972,0,3,2
93182,3,3,325972,325972,325975,0,3,0
93183,6,1,325978,325978,325979,0,1,3
93184,1,2,325979,325979,325981,0,2,0
93185,6,3,325985,325985,325988,0,3,4
93186,6,1,325991,325991,325992,0,1,3
93187,1,3,325992,325992,325995,0,3,0
93188,5,3,325997,325997,326000,0,3,2
93189,5,1,326002,326002,326003,0,1,2
93190,2,1,326004,326004,326005,0,1,1
93191,2,2,326006,326006,326008,0,2,1
93192,2,3,326008,326008,326011,0,3,0
93193,4,2,326012,326012,326014,0,2,1
93194,1,1,326013,326014,326015,1,2,0
93195,2,3,326015,326015,326018,0,3,0
93196,2,1,326017,326018,326019,1,2,0
93197,6,3,326023,326023,326026,0,3,4
93198,1,2,326024,326026,326028,2,4,0
93199,2,2,326026,326028,326030,2,4,0
93200,2,2,326028,326030,326032,2,4,0
93201,4,2,326032,326032,326034,0,2,0
93202,1,1,326033,326034,326035,1,2,0
93203,1,2,326034,326035,326037,1,3,0
93204,5,3,326039,326039,326042,0,3,2
93205,6,3,326045,326045,326048,0,3,3
93206,6,3,326051,326051,326054,0,3,3
93207,1,2,326052,326054,326056,2,4,0
93208,6,1,326058,326058,326059,0,1,2
93209,3,2,326061,326061,326063,0,2,2
93210,4,1,326065,326065,326066,0,1,2
93211,6,2,326071,326071,326073,0,2,5
93212,3,3,326074,326074,326077,0,3,1
93213,4,3,326078,326078,326081,0,3,1
93214,1,3,326079,326081,326084,2,5,0
93215,5,1,326084,326084,326085,0,1,0
93216,2,1,326086,326086,326087,0,1,1
93217,2,2,326088,326088,326090,0,2,1
93218,6,2,326094,326094,326096,0,2,4
93219,1,3,326095,326096,326099,1,4,0
93220,2,3,326097,326099,326102,2,5,0
93221,4,3,326101,326102,326105,1,4,0
93222,4,1,326105,326105,326106,0,1,0
93223,6,3,326111,326111,326114,0,3,5
93224,3,1,326114,326114,326115,0,1,0
93225,3,2,326117,326117,326119,0,2,2
93226,3,3,326120,326120,326123,0,3,1
93227,3,2,326123,326123,326125,0,2,0
93228,2,2,326125,326125,326127,0,2,0
93229,1,2,326126,326127,326129,1,3,0
93230,4,2,326130,326130,326132,0,2,1
93231,5,1,326135,326135,326136,0,1,3
93232,1,1,326136,326136,326137,0,1,0
93233,1,3,326137,326137,326140,0,3,0
93234,4,1,326141,326141,326142,0,1,1
93235,3,2,326144,326144,326146,0,2,2
93236,5,3,326149,326149,326152,0,3,3
93237,6,2,326155,326155,326157,0,2,3
93238,1,1,326156,326157,326158,1,2,0
93239,5,3,326161,326161,326164,0,3,3
93240,1,3,326162,326164,326167,2,5,0
93241,3,3,326165,326167,326170,2,5,0
93242,4,1,326169,326170,326171,1,2,0
93243,1,2,326170,326171,326173,1,3,0
93244,5,2,326175,326175,326177,0,2,2
93245,1,3,326176,326177,326180,1,4,0
93246,1,2,326177,326180,326182,3,5,0
93247,1,3,326178,326182,326185,4,7,0
93248,6,1,326184,326185,326186,1,2,0
93249,6,2,326190,326190,326192,0,2,4
93250,1,2,326191,326192,326194,1,3,0
93251,1,3,326192,326194,326197,2,5,0
93252,4,2,326196,326197,326199,1,3,0
93253,5,1,326201,326201,326202,0,1,2
93254,2,2,326203,326203,326205,0,2,1
93255,6,2,326209,326209,326211,0,2,4
93256,5,1,326214,326214,326215,0,1,3
93257,1,1,326215,326215,326216,0,1,0
93258,3,1,326218,326218,326219,0,1,2
93259,2,3,326220,326220,326223,0,3,1
93260,3,1,326223,326223,326224,0,1,0
93261,5,2,326228,326228,326230,0,2,4
93262,1,2,326229,326230,326232,1,3,0
93263,4,2,326233,326233,326235,0,2,1
93264,3,2,326236,326236,326238,0,2,1
93265,5,1,326241,326241,326242,0,1,3
93266,3,3,326244,326244,326247,0,3,2
93267,2,1,326246,326247,326248,1,2,0
93268,1,3,326247,326248,326251,1,4,0
93269,2,3,326249,326251,326254,2,5,0
93270,5,2,326254,326254,326256,0,2,0
93271,5,2,326259,326259,326261,0,2,3
93272,6,2,326265,326265,326267,0,2,4
93273,4,3,326269,326269,326272,0,3,2
93274,1,3,326270,326272,326275,2,5,0
93275,4,1,326274,326275,326276,1,2,0
93276,2,1,326276,326276,326277,0,1,0
93277,2,3,326278,326278,326281,0,3,1
93278,3,3,326281,326281,326284,0,3,0
93279,5,1,326286,326286,326287,0,1,2
93280,5,1,326291,326291,326292,0,1,4
93281,1,3,326292,326292,326295,0,3,0
93282,2,2,326294,326295,326297,1,3,0
93283,5,2,326299,326299,326301,0,2,2
93284,1,1,326300,326301,326302,1,2,0
93285,3,1,326303,326303,326304,0,1,1
93286,6,3,326309,326309,326312,0,3,5
93287,2,3,326311,326312,326315,1,4,0
93288,2,1,326313,326315,326316,2,3,0
93289,1,2,326314,326316,326318,2,4,0
93290,6,1,326320,326320,326321,0,1,2
93291,5,1,326325,326325,326326,0,1,4
93292,2,2,326327,326327,326329,0,2,1
93293,6,3,326333,326333,326336,0,3,4
93294,6,3,326339,326339,326342,0,3,3
93295,3,2,326342,326342,326344,0,2,0
93296,2,3,326344,326344,326347,0,3,0
93297,6,3,326350,326350,326353,0,3,3
93298,2,3,326352,326353,326356,1,4,0
93299,2,1,326354,326356,326357,2,3,0
93300,6,1,326360,326360,326361,0,1,3
93301,1,3,326361,326361,326364,0,3,0
93302,3,2,326364,326364,326366,0,2,0
93303,6,2,326370,326370,326372,0,2,4
93304,6,2,326376,326376,326378,0,2,4
93305,1,3,326377,326378,326381,1,4,0
93306,6,3,326383,326383,326386,0,3,2
93307,3,1,326386,326386,326387,0,1,0
93308,2,2,326388,326388,326390,0,2,1
93309,4,2,326392,326392,326394,0,2,2
93310,4,1,326396,326396,326397,0,1,2
93311,2,3,326398,326398,326401,0,3,1
93312,1,2,326399,326401,326403,2,4,0
93313,2,2,326401,326403,326405,2,4,0
93314,4,1,326405,326405,326406,0,1,0
93315,5,2,326410,326410,326412,0,2,4
93316,1,3,326411,326412,326415,1,4,0
93317,5,2,326416,326416,326418,0,2,1
93318,5,3,326421,326421,326424,0,3,3
93319,5,2,326426,326426,326428,0,2,2
93320,1,2,326427,326428,326430,1,3,0
93321,4,2,326431,326431,326433,0,2,1
93322,1,3,326432,326433,326436,1,4,0
93323,3,2,326435,326436,326438,1,3,0
93324,3,1,326438,326438,326439,0,1,0
93325,3,3,326441,326441,326444,0,3,2
93326,6,1,326447,326447,326448,0,1,3
93327,4,2,326451,326451,326453,0,2,3
93328,1,3,326452,326453,326456,1,4,0
93329,6,3,326458,326458,326461,0,3,2
93330,2,2,326460,326461,326463,1,3,0
93331,5,1,326465,326465,326466,0,1,2
93332,6,3,326471,326471,326474,0,3,5
93333,4,1,326475,326475,326476,0,1,1
93334,2,2,326477,326477,326479,0,2,1
93335,5,1,326482,326482,326483,0,1,3
93336,2,3,326484,326484,326487,0,3,1
93337,4,1,326488,326488,326489,0,1,1
93338,5,2,326493,326493,326495,0,2,4
93339,2,2,326495,326495,326497,0,2,0
93340,3,3,326498,326498,326501,0,3,1
93341,1,2,326499,326501,326503,2,4,0
93342,4,2,326503,326503,326505,0,2,0
93343,1,2,326504,326505,326507,1,3,0
93344,2,3,326506,326507,326510,1,4,0
93345,4,2,326510,326510,326512,0,2,0
93346,3,1,326513,326513,326514,0,1,1
93347,5,2,326518,326518,326520,0,2,4
93348,5,3,326523,326523,326526,0,3,3
93349,2,2,326525,326526,326528,1,3,0
93350,2,1,326527,326528,326529,1,2,0
93351,2,1,326529,326529,326530,0,1,0
93352,6,2,326535,326535,326537,0,2,5
93353,5,3,326540,326540,326543,0,3,3
93354,3,2,326543,326543,326545,0,2,0
93355,4,2,326547,326547,326549,0,2,2
93356,6,2,326553,326553,326555,0,2,4
93357,4,3,326557,326557,326560,0,3,2
93358,3,2,326560,326560,326562,0,2,0
93359,2,2,326562,326562,326564,0,2,0
93360,1,2,326563,326564,326566,1,3,0
93361,2,1,326565,326566,326567,1,2,0
93362,4,3,326569,326569,326572,0,3,2
93363,3,2,326572,326572,326574,0,2,0
93364,6,1,326578,326578,326579,0,1,4
93365,1,2,326579,326579,326581,0,2,0
93366,6,1,326585,326585,326586,0,1,4
93367,1,2,326586,326586,326588,0,2,0
93368,4,1,326590,326590,326591,0,1,2
93369,1,1,326591,326591,326592,0,1,0
93370,4,3,326595,326595,326598,0,3,3
93371,6,3,326601,326601,326604,0,3,3
93372,4,2,326605,326605,326607,0,2,1
93373,1,3,326606,326607,326610,1,4,0
93374,6,1,326612,326612,326613,0,1,2
93375,2,3,326614,326614,326617,0,3,1
93376,1,3,326615,326617,326620,2,5,0
93377,6,2,326621,326621,326623,0,2,1
93378,4,3,326625,326625,326628,0,3,2
93379,3,1,326628,326628,326629,0,1,0
93380,1,1,326629,326629,326630,0,1,0
93381,3,1,326632,326632,326633,0,1,2
93382,4,1,326636,326636,326637,0,1,3
93383,2,3,326638,326638,326641,0,3,1
93384,4,2,326642,326642,326644,0,2,1
93385,6,1,326648,326648,326649,0,1,4
93386,5,2,326653,326653,326655,0,2,4
93387,1,3,326654,326655,326658,1,4,0
93388,4,2,326658,326658,326660,0,2,0
93389,1,2,326659,326660,326662,1,3,0
93390,2,2,326661,326662,326664,1,3,0
93391,5,3,326666,326666,326669,0,3,2
93392,5,1,326671,326671,326672,0,1,2
93393,4,2,326675,326675,326677,0,2,3
93394,5,3,326680,326680,326683,0,3,3
93395,5,3,326685,326685,326688,0,3,2
93396,6,2,326691,326691,326693,0,2,3
93397,4,3,326695,326695,326698,0,3,2
93398,1,2,326696,326698,326700,2,4,0
93399,1,1,326697,326700,326701,3,4,0
93400,5,1,326702,326702,326703,0,1,1
93401,5,1,326707,326707,326708,0,1,4
93402,3,2,326710,326710,326712,0,2,2
93403,6,1,326716,326716,326717,0,1,4
93404,4,3,326720,326720,326723,0,3,3
93405,4,2,326724,326724,326726,0,2,1
93406,4,1,326728,326728,326729,0,1,2
93407,4,3,326732,326732,326735,0,3,3
93408,2,1,326734,326735,326736,1,2,0
93409,6,1,326740,326740,326741,0,1,4
93410,6,2,326746,326746,326748,0,2,5
93411,4,2,326750,326750,326752,0,2,2
93412,3,2,326753,326753,326755,0,2,1
93413,1,2,326754,326755,326757,1,3,0
93414,3,2,326757,326757,326759,0,2,0
93415,2,1,326759,326759,326760,0,1,0
93416,3,3,326762,326762,326765,0,3,2
93417,3,2,326765,326765,326767,0,2,0
93418,3,3,326768,326768,326771,0,3,1
93419,4,2,326772,326772,326774,0,2,1
93420,5,1,326777,326777,326778,0,1,3
93421,1,1,326778,326778,326779,0,1,0
93422,3,3,326781,326781,326784,0,3,2
93423,6,1,326787,326787,326788,0,1,3
93424,2,3,326789,326789,326792,0,3,1
93425,6,2,326795,326795,326797,0,2,3
93426,6,2,326801,326801,326803,0,2,4
93427,5,2,326806,326806,326808,0,2,3
93428,4,3,326810,326810,326813,0,3,2
93429,6,1,326816,326816,326817,0,1,3
93430,6,3,326822,326822,326825,0,3,5
93431,5,2,326827,326827,326829,0,2,2
93432,2,1,326829,326829,326830,0,1,0
93433,5,1,326834,326834,326835,0,1,4
93434,5,3,326839,326839,326842,0,3,4
93435,4,3,326843,326843,326846,0,3,1
93436,3,2,326846,326846,326848,0,2,0
93437,4,2,326850,326850,326852,0,2,2
93438,3,1,326853,326853,326854,0,1,1
93439,4,2,326857,326857,326859,0,2,3
93440,3,3,326860,326860,326863,0,3,1
93441,3,1,326863,326863,326864,0,1,0
93442,4,3,326867,326867,326870,0,3,3
93443,5,3,326872,326872,326875,0,3,2
93444,6,2,326878,326878,326880,0,2,3
93445,4,2,326882,326882,326884,0,2,2
93446,5,3,326887,326887,326890,0,3,3
93447,2,3,326889,326890,326893,1,4,0
93448,5,3,326894,326894,326897,0,3,1
93449,5,3,326899,326899,326902,0,3,2
93450,2,3,326901,326902,326905,1,4,0
93451,5,3,326906,326906,326909,0,3,1
93452,1,3,326907,326909,326912,2,5,0
93453,1,2,326908,326912,326914,4,6,0
93454,1,2,326909,326914,326916,5,7,0
93455,1,1,326910,326916,326917,6,7,0
93456,6,2,326916,326917,326919,1,3,0
93457,1,2,326917,326919,326921,2,4,0
93458,2,1,326919,326921,326922,2,3,0
93459,6,1,326925,326925,326926,0,1,3
93460,1,3,326926,326926,326929,0,3,0
93461,2,2,326928,326929,326931,1,3,0
93462,3,1,326931,326931,326932,0,1,0
93463,5,2,326936,326936,326938,0,2,4
93464,5,3,326941,326941,326944,0,3,3
93465,6,1,326947,326947,326948,0,1,3
93466,2,3,326949,326949,326952,0,3,1
93467,2,1,326951,326952,326953,1,2,0
93468,1,1,326952,326953,326954,1,2,0
93469,2,1,326954,326954,326955,0,1,0
93470,5,1,326959,326959,326960,0,1,4
93471,3,3,326962,326962,326965,0,3,2
93472,2,3,326964,326965,326968,1,4,0
93473,4,1,326968,326968,326969,0,1,0
93474,6,1,326974,326974,326975,0,1,5
93475,2,3,326976,326976,326979,0,3,1
93476,4,2,326980,326980,326982,0,2,1
93477,6,3,326986,326986,326989,0,3,4
93478,4,3,326990,326990,326993,0,3,1
93479,2,3,326992,326993,326996,1,4,0
93480,3,1,326995,326996,326997,1,2,0
93481,1,2,326996,326997,326999,1,3,0
93482,3,3,326999,326999,327002,0,3,0
93483,5,1,327004,327004,327005,0,1,2
93484,4,3,327008,327008,327011,0,3,3
93485,5,3,327013,327013,327016,0,3,2
93486,2,2,327015,327016,327018,1,3,0
93487,2,1,327017,327018,327019,1,2,0
93488,4,2,327021,327021,327023,0,2,2
93489,5,2,327026,327026,327028,0,2,3
93490,1,3,327027,327028,327031,1,4,0
93491,1,2,327028,327031,327033,3,5,0
93492,5,2,327033,327033,327035,0,2,0
93493,3,2,327036,327036,327038,0,2,1
93494,5,2,327041,327041,327043,0,2,3
93495,1,3,327042,327043,327046,1,4,0
93496,6,1,327048,327048,327049,0,1,2
93497,4,2,327052,327052,327054,0,2,3
93498,2,2,327054,327054,327056,0,2,0
93499,1,3,327055,327056,327059,1,4,0
93500,2,3,327057,327059,327062,2,5,0
93501,6,1,327063,327063,327064,0,1,1
93502,1,3,327064,327064,327067,0,3,0
93503,5,2,327069,327069,327071,0,2,2
93504,6,3,327075,327075,327078,0,3,4
93505,6,2,327081,327081,327083,0,2,3
93506,5,1,327086,327086,327087,0,1,3
93507,3,3,327089,327089,327092,0,3,2
93508,5,1,327094,327094,327095,0,1,2
93509,6,2,327100,327100,327102,0,2,5
93510,1,2,327101,327102,327104,1,3,0
93511,2,1,327103,327104,327105,1,2,0
93512,1,2,327104,327105,327107,1,3,0
93513,3,1,327107,327107,327108,0,1,0
93514,6,2,327113,327113,327115,0,2,5
93515,3,2,327116,327116,327118,0,2,1
93516,3,3,327119,327119,327122,0,3,1
93517,3,3,327122,327122,327125,0,3,0
93518,4,2,327126,327126,327128,0,2,1
93519,2,3,327128,327128,327131,0,3,0
93520,6,2,327134,327134,327136,0,2,3
93521,4,2,327138,327138,327140,0,2,2
93522,5,3,327143,327143,327146,0,3,3
93523,4,3,327147,327147,327150,0,3,1
93524,5,1,327152,327152,327153,0,1,2
93525,4,3,327156,327156,327159,0,3,3
93526,5,3,327161,327161,327164,0,3,2
93527,3,2,327164,327164,327166,0,2,0
93528,1,3,327165,327166,327169,1,4,0
93529,1,1,327166,327169,327170,3,4,0
93530,4,2,327170,327170,327172,0,2,0
93531,5,2,327175,327175,327177,0,2,3
93532,4,2,327179,327179,327181,0,2,2
93533,4,3,327183,327183,327186,0,3,2
93534,1,3,327184,327186,327189,2,5,0
93535,2,2,327186,327189,327191,3,5,0
93536,5,2,327191,327191,327193,0,2,0
93537,2,2,327193,327193,327195,0,2,0
93538,2,3,327195,327195,327198,0,3,0
93539,6,1,327201,327201,327202,0,1,3
93540,6,1,327207,327207,327208,0,1,5
93541,6,2,327213,327213,327215,0,2,5
93542,3,3,327216,327216,327219,0,3,1
93543,4,1,327220,327220,327221,0,1,1
93544,4,2,327224,327224,327226,0,2,3
93545,2,3,327226,327226,327229,0,3,0
93546,4,3,327230,327230,327233,0,3,1
93547,1,3,327231,327233,327236,2,5,0
93548,6,2,327237,327237,327239,0,2,1
93549,2,2,327239,327239,327241,0,2,0
93550,3,3,327242,327242,327245,0,3,1
93551,2,2,327244,327245,327247,1,3,0
93552,1,1,327245,327247,327248,2,3,0
93553,2,3,327247,327248,327251,1,4,0
93554,6,3,327253,327253,327256,0,3,2
93555,6,2,327259,327259,327261,0,2,3
93556,3,1,327262,327262,327263,0,1,1
93557,4,3,327266,327266,327269,0,3,3
93558,2,3,327268,327269,327272,1,4,0
93559,2,2,327270,327272,327274,2,4,0
93560,3,1,327273,327274,327275,1,2,0
93561,6,2,327279,327279,327281,0,2,4
93562,6,2,327285,327285,327287,0,2,4
93563,5,2,327290,327290,327292,0,2,3
93564,1,1,327291,327292,327293,1,2,0
93565,6,3,327297,327297,327300,0,3,4
93566,4,1,327301,327301,327302,0,1,1
93567,6,1,327307,327307,327308,0,1,5
93568,2,2,327309,327309,327311,0,2,1
93569,3,1,327312,327312,327313,0,1,1
93570,4,2,327316,327316,327318,0,2,3
93571,3,2,327319,327319,327321,0,2,1
93572,6,3,327325,327325,327328,0,3,4
93573,5,2,327330,327330,327332,0,2,2
93574,5,1,327335,327335,327336,0,1,3
93575,6,3,327341,327341,327344,0,3,5
93576,5,3,327346,327346,327349,0,3,2
93577,1,2,327347,327349,327351,2,4,0
93578,6,1,327353,327353,327354,0,1,2
93579,6,3,327359,327359,327362,0,3,5
93580,2,1,327361,327362,327363,1,2,0
93581,1,3,327362,327363,327366,1,4,0
93582,3,3,327365,327366,327369,1,4,0
93583,5,2,327370,327370,327372,0,2,1
93584,2,1,327372,327372,327373,0,1,0
93585,2,1,327374,327374,327375,0,1,1
93586,2,1,327376,327376,327377,0,1,1
93587,4,1,327380,327380,327381,0,1,3
93588,3,3,327383,327383,327386,0,3,2
93589,6,1,327389,327389,327390,0,1,3
93590,6,3,327395,327395,327398,0,3,5
93591,2,1,327397,327398,327399,1,2,0
93592,2,2,327399,327399,327401,0,2,0
93593,3,2,327402,327402,327404,0,2,1
93594,6,3,327408,327408,327411,0,3,4
93595,5,1,327413,327413,327414,0,1,2
93596,6,3,327419,327419,327422,0,3,5
93597,2,3,327421,327422,327425,1,4,0
93598,1,3,327422,327425,327428,3,6,0
93599,1,3,327423,327428,327431,5,8,0
93600,3,1,327426,327431,327432,5,6,0
93601,1,2,327427,327432,327434,5,7,0
93602,6,3,327433,327434,327437,1,4,0
93603,2,1,327435,327437,327438,2,3,0
93604,3,3,327438,327438,327441,0,3,0
93605,5,1,327443,327443,327444,0,1,2
93606,6,1,327449,327449,327450,0,1,5
93607,1,2,327450,327450,327452,0,2,0
93608,1,2,327451,327452,327454,1,3,0
93609,4,2,327455,327455,327457,0,2,1
93610,6,2,327461,327461,327463,0,2,4
93611,3,3,327464,327464,327467,0,3,1
93612,6,3,327470,327470,327473,0,3,3
93613,5,3,327475,327475,327478,0,3,2
93614,2,3,327477,327478,327481,1,4,0
93615,3,1,327480,327481,327482,1,2,0
93616,1,1,327481,327482,327483,1,2,0
93617,5,2,327486,327486,327488,0,2,3
93618,2,1,327488,327488,327489,0,1,0
93619,1,3,327489,327489,327492,0,3,0
93620,1,2,327490,327492,327494,2,4,0
93621,3,1,327493,327494,327495,1,2,0
93622,4,3,327497,327497,327500,0,3,2
93623,1,3,327498,327500,327503,2,5,0
93624,5,3,327503,327503,327506,0,3,0
93625,5,3,327508,327508,327511,0,3,2
93626,3,2,327511,327511,327513,0,2,0
93627,3,1,327514,327514,327515,0,1,1
93628,3,3,327517,327517,327520,0,3,2
93629,4,1,327521,327521,327522,0,1,1
93630,3,1,327524,327524,327525,0,1,2
93631,4,2,327528,327528,327530,0,2,3
93632,5,3,327533,327533,327536,0,3,3
93633,1,3,327534,327536,327539,2,5,0
93634,2,2,327536,327539,327541,3,5,0
93635,1,2,327537,327541,327543,4,6,0
93636,2,1,327539,327543,327544,4,5,0
93637,1,2,327540,327544,327546,4,6,0
93638,5,1,327545,327546,327547,1,2,0
93639,3,3,327548,327548,327551,0,3,1
93640,4,1,327552,327552,327553,0,1,1
93641,1,3,327553,327553,327556,0,3,0
93642,6,1,327559,327559,327560,0,1,3
93643,5,3,327564,327564,327567,0,3,4
93644,1,3,327565,327567,327570,2,5,0
93645,3,3,327568,327570,327573,2,5,0
93646,4,3,327572,327573,327576,1,4,0
93647,1,3,327573,327576,327579,3,6,0
93648,2,1,327575,327579,327580,4,5,0
93649,2,2,327577,327580,327582,3,5,0
93650,3,1,327580,327582,327583,2,3,0
93651,2,3,327582,327583,327586,1,4,0
93652,6,3,327588,327588,327591,0,3,2
93653,5,1,327593,327593,327594,0,1,2
93654,4,3,327597,327597,327600,0,3,3
93655,6,2,327603,327603,327605,0,2,3
93656,1,3,327604,327605,327608,1,4,0
93657,1,1,327605,327608,327609,3,4,0
93658,4,1,327609,327609,327610,0,1,0
93659,2,1,327611,327611,327612,0,1,1
93660,5,3,327616,327616,327619,0,3,4
93661,1,2,327617,327619,327621,2,4,0
93662,6,2,327623,327623,327625,0,2,2
93663,1,1,327624,327625,327626,1,2,0
93664,4,3,327628,327628,327631,0,3,2
93665,1,3,327629,327631,327634,2,5,0
93666,2,2,327631,327634,327636,3,5,0
93667,4,1,327635,327636,327637,1,2,0
93668,1,2,327636,327637,327639,1,3,0
93669,2,2,327638,327639,327641,1,3,0
93670,4,2,327642,327642,327644,0,2,1
93671,3,1,327645,327645,327646,0,1,1
93672,6,2,327651,327651,327653,0,2,5
93673,5,1,327656,327656,327657,0,1,3
93674,2,3,327658,327658,327661,0,3,1
93675,5,3,327663,327663,327666,0,3,2
93676,2,3,327665,327666,327669,1,4,0
93677,3,1,327668,327669,327670,1,2,0
93678,5,3,327673,327673,327676,0,3,3
93679,2,1,327675,327676,327677,1,2,0
93680,4,3,327679,327679,327682,0,3,2
93681,2,2,327681,327682,327684,1,3,0
93682,3,2,327684,327684,327686,0,2,0
93683,5,3,327689,327689,327692,0,3,3
93684,4,1,327693,327693,327694,0,1,1
93685,2,1,327695,327695,327696,0,1,1
93686,2,1,327697,327697,327698,0,1,1
93687,2,1,327699,327699,327700,0,1,1
93688,5,2,327704,327704,327706,0,2,4
93689,3,1,327707,327707,327708,0,1,1
93690,3,3,327710,327710,327713,0,3,2
93691,1,3,327711,327713,327716,2,5,0
93692,2,1,327713,327716,327717,3,4,0
93693,5,1,327718,327718,327719,0,1,1
93694,1,3,327719,327719,327722,0,3,0
93695,3,3,327722,327722,327725,0,3,0
93696,2,3,327724,327725,327728,1,4,0
93697,4,1,327728,327728,327729,0,1,0
93698,6,3,327734,327734,327737,0,3,5
93699,5,1,327739,327739,327740,0,1,2
93700,6,2,327745,327745,327747,0,2,5
93701,4,3,327749,327749,327752,0,3,2
93702,3,3,327752,327752,327755,0,3,0
93703,5,3,327757,327757,327760,0,3,2
93704,1,3,327758,327760,327763,2,5,0
93705,1,1,327759,327763,327764,4,5,0
93706,3,1,327762,327764,327765,2,3,0
93707,2,2,327764,327765,327767,1,3,0
93708,2,2,327766,327767,327769,1,3,0
93709,1,3,327767,327769,327772,2,5,0
93710,6,3,327773,327773,327776,0,3,1
93711,4,3,327777,327777,327780,0,3,1
93712,4,1,327781,327781,327782,0,1,1
93713,6,2,327787,327787,327789,0,2,5
93714,3,1,327790,327790,327791,0,1,1
93715,1,3,327791,327791,327794,0,3,0
93716,3,3,327794,327794,327797,0,3,0
93717,2,1,327796,327797,327798,1,2,0
93718,1,2,327797,327798,327800,1,3,0
93719,6,1,327803,327803,327804,0,1,3
93720,4,2,327807,327807,327809,0,2,3
93721,2,1,327809,327809,327810,0,1,0
93722,3,3,327812,327812,327815,0,3,2
93723,4,2,327816,327816,327818,0,2,1
93724,1,1,327817,327818,327819,1,2,0
93725,3,1,327820,327820,327821,0,1,1
93726,5,3,327825,327825,327828,0,3,4
93727,2,1,327827,327828,327829,1,2,0
93728,4,1,327831,327831,327832,0,1,2
93729,3,1,327834,327834,327835,0,1,2
93730,4,3,327838,327838,327841,0,3,3
93731,1,1,327839,327841,327842,2,3,0
93732,4,3,327843,327843,327846,0,3,1
93733,6,3,327849,327849,327852,0,3,3
93734,3,2,327852,327852,327854,0,2,0
93735,6,3,327858,327858,327861,0,3,4
93736,1,3,327859,327861,327864,2,5,0
93737,6,3,327865,327865,327868,0,3,1
93738,6,3,327871,327871,327874,0,3,3
93739,3,1,327874,327874,327875,0,1,0
93740,1,3,327875,327875,327878,0,3,0
93741,4,3,327879,327879,327882,0,3,1
93742,6,3,327885,327885,327888,0,3,3
93743,3,1,327888,327888,327889,0,1,0
93744,4,2,327892,327892,327894,0,2,3
93745,6,3,327898,327898,327901,0,3,4
93746,5,2,327903,327903,327905,0,2,2
93747,3,1,327906,327906,327907,0,1,1
93748,3,3,327909,327909,327912,0,3,2
93749,1,1,327910,327912,327913,2,3,0
93750,3,2,327913,327913,327915,0,2,0
93751,4,1,327917,327917,327918,0,1,2
93752,6,1,327923,327923,327924,0,1,5
93753,1,3,327924,327924,327927,0,3,0
93754,1,3,327925,327927,327930,2,5,0
93755,1,3,327926,327930,327933,4,7,0
93756,6,3,327932,327933,327936,1,4,0
93757,2,2,327934,327936,327938,2,4,0
93758,2,2,327936,327938,327940,2,4,0
93759,6,1,327942,327942,327943,0,1,2
93760,4,2,327946,327946,327948,0,2,3
93761,1,2,327947,327948,327950,1,3,0
93762,1,2,327948,327950,327952,2,4,0
93763,3,1,327951,327952,327953,1,2,0
93764,3,3,327954,327954,327957,0,3,1
93765,1,2,327955,327957,327959,2,4,0
93766,3,3,327958,327959,327962,1,4,0
93767,3,1,327961,327962,327963,1,2,0
93768,1,1,327962,327963,327964,1,2,0
93769,1,2,327963,327964,327966,1,3,0
93770,1,2,327964,327966,327968,2,4,0
93771,4,1,327968,327968,327969,0,1,0
93772,5,1,327973,327973,327974,0,1,4
93773,5,3,327978,327978,327981,0,3,4
93774,3,2,327981,327981,327983,0,2,0
93775,5,1,327986,327986,327987,0,1,3
93776,3,2,327989,327989,327991,0,2,2
93777,2,3,327991,327991,327994,0,3,0
93778,2,2,327993,327994,327996,1,3,0
93779,5,3,327998,327998,328001,0,3,2
93780,6,3,328004,328004,328007,0,3,3
93781,1,1,328005,328007,328008,2,3,0
93782,5,1,328010,328010,328011,0,1,2
93783,4,1,328014,328014,328015,0,1,3
93784,2,2,328016,328016,328018,0,2,1
93785,6,1,328022,328022,328023,0,1,4
93786,2,1,328024,328024,328025,0,1,1
93787,6,2,328030,328030,328032,0,2,5
93788,2,2,328032,328032,328034,0,2,0
93789,3,3,328035,328035,328038,0,3,1
93790,3,3,328038,328038,328041,0,3,0
93791,6,3,328044,328044,328047,0,3,3
93792,3,3,328047,328047,328050,0,3,0
93793,2,3,328049,328050,328053,1,4,0
93794,4,2,328053,328053,328055,0,2,0
93795,2,3,328055,328055,328058,0,3,0
93796,2,1,328057,328058,328059,1,2,0
93797,1,2,328058,328059,328061,1,3,0
93798,2,1,328060,328061,328062,1,2,0
93799,2,2,328062,328062,328064,0,2,0
93800,4,2,328066,328066,328068,0,2,2
93801,5,3,328071,328071,328074,0,3,3
93802,4,2,328075,328075,328077,0,2,1
93803,2,2,328077,328077,328079,0,2,0
93804,2,3,328079,328079,328082,0,3,0
93805,4,1,328083,328083,328084,0,1,1
93806,1,2,328084,328084,328086,0,2,0
93807,5,3,328089,328089,328092,0,3,3
93808,2,1,328091,328092,328093,1,2,0
93809,3,1,328094,328094,328095,0,1,1
93810,2,3,328096,328096,328099,0,3,1
93811,4,2,328100,328100,328102,0,2,1
93812,6,3,328106,328106,328109,0,3,4
93813,3,3,328109,328109,328112,0,3,0
93814,1,3,328110,328112,328115,2,5,0
93815,4,2,328114,328115,328117,1,3,0
93816,2,2,328116,328117,328119,1,3,0
93817,2,3,328118,328119,328122,1,4,0
93818,6,2,328124,328124,328126,0,2,2
93819,4,3,328128,328128,328131,0,3,2
93820,5,2,328133,328133,328135,0,2,2
93821,6,2,328139,328139,328141,0,2,4
93822,6,1,328145,328145,328146,0,1,4
93823,4,1,328149,328149,328150,0,1,3
93824,4,2,328153,328153,328155,0,2,3
93825,5,2,328158,328158,328160,0,2,3
93826,5,1,328163,328163,328164,0,1,3
93827,6,1,328169,328169,328170,0,1,5
93828,6,2,328175,328175,328177,0,2,5
93829,2,2,328177,328177,328179,0,2,0
93830,2,1,328179,328179,328180,0,1,0
93831,3,1,328182,328182,328183,0,1,2
93832,6,3,328188,328188,328191,0,3,5
93833,2,1,328190,328191,328192,1,2,0
93834,5,3,328195,328195,328198,0,3,3
93835,6,3,328201,328201,328204,0,3,3
93836,4,3,328205,328205,328208,0,3,1
93837,5,2,328210,328210,328212,0,2,2
93838,5,1,328215,328215,328216,0,1,3
93839,5,1,328220,328220,328221,0,1,4
93840,1,1,328221,328221,328222,0,1,0
93841,5,3,328226,328226,328229,0,3,4
93842,2,3,328228,328229,328232,1,4,0
93843,4,1,328232,328232,328233,0,1,0
93844,4,1,328236,328236,328237,0,1,3
93845,5,2,328241,328241,328243,0,2,4
93846,1,2,328242,328243,328245,1,3,0
93847,4,3,328246,328246,328249,0,3,1
93848,1,1,328247,328249,328250,2,3,0
93849,1,2,328248,328250,328252,2,4,0
93850,2,3,328250,328252,328255,2,5,0
93851,1,1,328251,328255,328256,4,5,0
93852,5,3,328256,328256,328259,0,3,0
93853,1,2,328257,328259,328261,2,4,0
93854,2,2,328259,328261,328263,2,4,0
93855,1,1,328260,328263,328264,3,4,0
93856,2,1,328262,328264,328265,2,3,0
93857,2,2,328264,328265,328267,1,3,0
93858,5,1,328269,328269,328270,0,1,2
93859,5,2,328274,328274,328276,0,2,4
93860,5,3,328279,328279,328282,0,3,3
93861,2,3,328281,328282,328285,1,4,0
93862,3,3,328284,328285,328288,1,4,0
93863,4,2,328288,328288,328290,0,2,0
93864,2,2,328290,328290,328292,0,2,0
93865,4,2,328294,328294,328296,0,2,2
93866,4,1,328298,328298,328299,0,1,2
93867,3,1,328301,328301,328302,0,1,2
93868,2,2,328303,328303,328305,0,2,1
93869,4,1,328307,328307,328308,0,1,2
93870,3,2,328310,328310,328312,0,2,2
93871,6,1,328316,328316,328317,0,1,4
93872,6,2,328322,328322,328324,0,2,5
93873,1,1,328323,328324,328325,1,2,0
93874,2,2,328325,328325,328327,0,2,0
93875,5,3,328330,328330,328333,0,3,3
93876,6,2,328336,328336,328338,0,2,3
93877,1,3,328337,328338,328341,1,4,0
93878,5,2,328342,328342,328344,0,2,1
93879,6,1,328348,328348,328349,0,1,4
93880,6,2,328354,328354,328356,0,2,5
93881,5,1,328359,328359,328360,0,1,3
93882,5,1,328364,328364,328365,0,1,4
93883,2,3,328366,328366,328369,0,3,1
93884,6,3,328372,328372,328375,0,3,3
93885,3,1,328375,328375,328376,0,1,0
93886,2,2,328377,328377,328379,0,2,1
93887,2,3,328379,328379,328382,0,3,0
93888,6,2,328385,328385,328387,0,2,3
93889,4,2,328389,328389,328391,0,2,2
93890,6,3,328395,328395,328398,0,3,4
93891,2,2,328397,328398,328400,1,3,0
93892,1,2,328398,328400,328402,2,4,0
93893,5,1,328403,328403,328404,0,1,1
93894,4,1,328407,328407,328408,0,1,3
93895,3,2,328410,328410,328412,0,2,2
93896,1,2,328411,328412,328414,1,3,0
93897,4,3,328415,328415,328418,0,3,1
93898,3,2,328418,328418,328420,0,2,0
93899,2,2,328420,328420,328422,0,2,0
93900,4,2,328424,328424,328426,0,2,2
93901,6,1,328430,328430,328431,0,1,4
93902,5,2,328435,328435,328437,0,2,4
93903,4,3,328439,328439,328442,0,3,2
93904,6,2,328445,328445,328447,0,2,3
93905,3,1,328448,328448,328449,0,1,1
93906,5,2,328453,328453,328455,0,2,4
93907,1,3,328454,328455,328458,1,4,0
93908,6,3,328460,328460,328463,0,3,2
93909,1,1,328461,328463,328464,2,3,0
93910,4,3,328465,328465,328468,0,3,1
93911,4,2,328469,328469,328471,0,2,1
93912,2,2,328471,328471,328473,0,2,0
93913,1,1,328472,328473,328474,1,2,0
93914,4,2,328476,328476,328478,0,2,2
93915,4,2,328480,328480,328482,0,2,2
93916,6,3,328486,328486,328489,0,3,4
93917,5,3,328491,328491,328494,0,3,2
93918,4,2,328495,328495,328497,0,2,1
93919,4,1,328499,328499,328500,0,1,2
93920,1,1,328500,328500,328501,0,1,0
93921,1,1,328501,328501,328502,0,1,0
93922,1,1,328502,328502,328503,0,1,0
93923,1,2,328503,328503,328505,0,2,0
93924,3,3,328506,328506,328509,0,3,1
93925,4,1,328510,328510,328511,0,1,1
93926,1,1,328511,328511,328512,0,1,0
93927,5,2,328516,328516,328518,0,2,4
93928,3,3,328519,328519,328522,0,3,1
93929,1,2,328520,328522,328524,2,4,0
93930,4,2,328524,328524,328526,0,2,0
93931,6,1,328530,328530,328531,0,1,4
93932,3,3,328533,328533,328536,0,3,2
93933,5,2,328538,328538,328540,0,2,2
93934,6,2,328544,328544,328546,0,2,4
93935,2,2,328546,328546,328548,0,2,0
93936,3,1,328549,328549,328550,0,1,1
93937,3,1,328552,328552,328553,0,1,2
93938,1,3,328553,328553,328556,0,3,0
93939,6,3,328559,328559,328562,0,3,3
93940,3,1,328562,328562,328563,0,1,0
93941,4,1,328566,328566,328567,0,1,3
93942,6,2,328572,328572,328574,0,2,5
93943,3,2,328575,328575,328577,0,2,1
93944,2,2,328577,328577,328579,0,2,0
93945,3,2,328580,328580,328582,0,2,1
93946,3,2,328583,328583,328585,0,2,1
93947,5,2,328588,328588,328590,0,2,3
93948,1,2,328589,328590,328592,1,3,0
93949,2,2,328591,328592,328594,1,3,0
93950,4,1,328595,328595,328596,0,1,1
93951,6,2,328601,328601,328603,0,2,5
93952,2,2,328603,328603,328605,0,2,0
93953,3,3,328606,328606,328609,0,3,1
93954,3,2,328609,328609,328611,0,2,0
93955,1,2,328610,328611,328613,1,3,0
93956,6,3,328616,328616,328619,0,3,3
93957,2,2,328618,328619,328621,1,3,0
93958,5,3,328623,328623,328626,0,3,2
93959,6,3,328629,328629,328632,0,3,3
93960,3,3,328632,328632,328635,0,3,0
93961,5,2,328637,328637,328639,0,2,2
93962,2,3,328639,328639,328642,0,3,0
93963,4,2,328643,328643,328645,0,2,1
93964,1,1,328644,328645,328646,1,2,0
93965,2,1,328646,328646,328647,0,1,0
93966,3,1,328649,328649,328650,0,1,2
93967,4,3,328653,328653,328656,0,3,3
93968,5,2,328658,328658,328660,0,2,2
93969,3,1,328661,328661,328662,0,1,1
93970,4,3,328665,328665,328668,0,3,3
93971,5,3,328670,328670,328673,0,3,2
93972,6,3,328676,328676,328679,0,3,3
93973,2,1,328678,328679,328680,1,2,0
93974,2,3,328680,328680,328683,0,3,0
93975,4,2,328684,328684,328686,0,2,1
93976,3,2,328687,328687,328689,0,2,1
93977,5,2,328692,328692,328694,0,2,3
93978,4,2,328696,328696,328698,0,2,2
93979,1,3,328697,328698,328701,1,4,0
93980,3,3,328700,328701,328704,1,4,0
93981,3,2,328703,328704,328706,1,3,0
93982,2,2,328705,328706,328708,1,3,0
93983,6,1,328711,328711,328712,0,1,3
93984,1,1,328712,328712,328713,0,1,0
93985,3,1,328715,328715,328716,0,1,2
93986,2,3,328717,328717,328720,0,3,1
93987,4,3,328721,328721,328724,0,3,1
93988,3,3,328724,328724,328727,0,3,0
93989,4,2,328728,328728,328730,0,2,1
93990,5,2,328733,328733,328735,0,2,3
93991,5,2,328738,328738,328740,0,2,3
93992,1,2,328739,328740,328742,1,3,0
93993,1,2,328740,328742,328744,2,4,0
93994,2,1,328742,328744,328745,2,3,0
93995,6,1,328748,328748,328749,0,1,3
93996,6,3,328754,328754,328757,0,3,5
93997,4,3,328758,328758,328761,0,3,1
93998,6,1,328764,328764,328765,0,1,3
93999,2,3,328766,328766,328769,0,3,1
94000,2,2,328768,328769,328771,1,3,0
94001,3,2,328771,328771,328773,0,2,0
94002,6,1,328777,328777,328778,0,1,4
94003,6,1,328783,328783,328784,0,1,5
94004,4,3,328787,328787,328790,0,3,3
94005,3,3,328790,328790,328793,0,3,0
94006,3,3,328793,328793,328796,0,3,0
94007,5,2,328798,328798,328800,0,2,2
94008,4,2,328802,328802,328804,0,2,2
94009,3,1,328805,328805,328806,0,1,1
94010,5,1,328810,328810,328811,0,1,4
94011,1,2,328811,328811,328813,0,2,0
94012,4,2,328815,328815,328817,0,2,2
94013,5,2,328820,328820,328822,0,2,3
94014,1,3,328821,328822,328825,1,4,0
94015,2,3,328823,328825,328828,2,5,0
94016,5,2,328828,328828,328830,0,2,0
94017,2,2,328830,328830,328832,0,2,0
94018,1,2,328831,328832,328834,1,3,0
94019,1,2,328832,328834,328836,2,4,0
94020,2,1,328834,328836,328837,2,3,0
94021,1,2,328835,328837,328839,2,4,0
94022,4,3,328839,328839,328842,0,3,0
94023,1,1,328840,328842,328843,2,3,0
94024,2,2,328842,328843,328845,1,3,0
94025,6,3,328848,328848,328851,0,3,3
94026,4,3,328852,328852,328855,0,3,1
94027,4,3,328856,328856,328859,0,3,1
94028,2,2,328858,328859,328861,1,3,0
94029,6,1,328864,328864,328865,0,1,3
94030,2,2,328866,328866,328868,0,2,1
94031,3,2,328869,328869,328871,0,2,1
94032,4,2,328873,328873,328875,0,2,2
94033,4,3,328877,328877,328880,0,3,2
94034,4,1,328881,328881,328882,0,1,1
94035,4,3,328885,328885,328888,0,3,3
94036,6,2,328891,328891,328893,0,2,3
94037,6,3,328897,328897,328900,0,3,4
94038,2,1,328899,328900,328901,1,2,0
94039,5,2,328904,328904,328906,0,2,3
94040,4,2,328908,328908,328910,0,2,2
94041,6,3,328914,328914,328917,0,3,4
94042,3,1,328917,328917,328918,0,1,0
94043,1,2,328918,328918,328920,0,2,0
94044,4,1,328922,328922,328923,0,1,2
94045,6,3,328928,328928,328931,0,3,5
94046,5,3,328933,328933,328936,0,3,2
94047,1,2,328934,328936,328938,2,4,0
94048,6,3,328940,328940,328943,0,3,2
94049,5,1,328945,328945,328946,0,1,2
94050,1,3,328946,328946,328949,0,3,0
94051,5,2,328951,328951,328953,0,2,2
94052,3,1,328954,328954,328955,0,1,1
94053,6,1,328960,328960,328961,0,1,5
94054,2,2,328962,328962,328964,0,2,1
94055,4,2,328966,328966,328968,0,2,2
94056,6,2,328972,328972,328974,0,2,4
94057,4,2,328976,328976,328978,0,2,2
94058,6,1,328982,328982,328983,0,1,4
94059,3,3,328985,328985,328988,0,3,2
94060,3,1,328988,328988,328989,0,1,0
94061,4,2,328992,328992,328994,0,2,3
94062,2,3,328994,328994,328997,0,3,0
94063,2,3,328996,328997,329000,1,4,0
94064,5,2,329001,329001,329003,0,2,1
94065,1,1,329002,329003,329004,1,2,0
94066,3,2,329005,329005,329007,0,2,1
94067,1,2,329006,329007,329009,1,3,0
94068,6,1,329012,329012,329013,0,1,3
94069,4,1,329016,329016,329017,0,1,3
94070,1,1,329017,329017,329018,0,1,0
94071,6,2,329023,329023,329025,0,2,5
94072,5,1,329028,329028,329029,0,1,3
94073,3,3,329031,329031,329034,0,3,2
94074,4,2,329035,329035,329037,0,2,1
94075,3,1,329038,329038,329039,0,1,1
94076,3,1,329041,329041,329042,0,1,2
94077,6,3,329047,329047,329050,0,3,5
94078,3,3,329050,329050,329053,0,3,0
94079,3,2,329053,329053,329055,0,2,0
94080,3,2,329056,329056,329058,0,2,1
94081,3,3,329059,329059,329062,0,3,1
94082,6,2,329065,329065,329067,0,2,3
94083,2,1,329067,329067,329068,0,1,0
94084,1,1,329068,329068,329069,0,1,0
94085,3,3,329071,329071,329074,0,3,2
94086,5,2,329076,329076,329078,0,2,2
94087,5,1,329081,329081,329082,0,1,3
94088,3,2,329084,329084,329086,0,2,2
94089,5,1,329089,329089,329090,0,1,3
94090,5,1,329094,329094,329095,0,1,4
94091,1,3,329095,329095,329098,0,3,0
94092,6,3,329101,329101,329104,0,3,3
94093,4,1,329105,329105,329106,0,1,1
94094,2,2,329107,329107,329109,0,2,1
94095,5,1,329112,329112,329113,0,1,3
94096,4,2,329116,329116,329118,0,2,3
94097,3,3,329119,329119,329122,0,3,1
94098,6,1,329125,329125,329126,0,1,3
94099,4,1,329129,329129,329130,0,1,3
94100,4,1,329133,329133,329134,0,1,3
94101,2,2,329135,329135,329137,0,2,1
94102,3,1,329138,329138,329139,0,1,1
94103,1,3,329139,329139,329142,0,3,0
94104,4,3,329143,329143,329146,0,3,1
94105,6,1,329149,329149,329150,0,1,3
94106,6,2,329155,329155,329157,0,2,5
94107,2,2,329157,329157,329159,0,2,0
94108,6,1,329163,329163,329164,0,1,4
94109,3,3,329166,329166,329169,0,3,2
94110,4,2,329170,329170,329172,0,2,1
94111,6,3,329176,329176,329179,0,3,4
94112,5,1,329181,329181,329182,0,1,2
94113,6,1,329187,329187,329188,0,1,5
94114,6,3,329193,329193,329196,0,3,5
94115,1,2,329194,329196,329198,2,4,0
94116,5,1,329199,329199,329200,0,1,1
94117,4,3,329203,329203,329206,0,3,3
94118,5,3,329208,329208,329211,0,3,2
94119,4,3,329212,329212,329215,0,3,1
94120,1,1,329213,329215,329216,2,3,0
94121,5,1,329218,329218,329219,0,1,2
94122,6,3,329224,329224,329227,0,3,5
94123,4,1,329228,329228,329229,0,1,1
94124,6,3,329234,329234,329237,0,3,5
94125,2,2,329236,329237,329239,1,3,0
94126,1,2,329237,329239,329241,2,4,0
94127,1,3,329238,329241,329244,3,6,0
94128,3,2,329241,329244,329246,3,5,0
94129,6,3,329247,329247,329250,0,3,1
94130,2,3,329249,329250,329253,1,4,0
94131,6,3,329255,329255,329258,0,3,2
94132,1,2,329256,329258,329260,2,4,0
94133,1,1,329257,329260,329261,3,4,0
94134,6,1,329263,329263,329264,0,1,2
94135,1,2,329264,329264,329266,0,2,0
94136,1,1,329265,329266,329267,1,2,0
94137,3,3,329268,329268,329271,0,3,1
94138,4,1,329272,329272,329273,0,1,1
94139,4,2,329276,329276,329278,0,2,3
94140,1,2,329277,329278,329280,1,3,0
94141,5,1,329282,329282,329283,0,1,2
94142,3,3,329285,329285,329288,0,3,2
94143,1,1,329286,329288,329289,2,3,0
94144,4,2,329290,329290,329292,0,2,1
94145,5,1,329295,329295,329296,0,1,3
94146,6,1,329301,329301,329302,0,1,5
94147,6,1,329307,329307,329308,0,1,5
94148,4,2,329311,329311,329313,0,2,3
94149,3,1,329314,329314,329315,0,1,1
94150,3,3,329317,329317,329320,0,3,2
94151,4,2,329321,329321,329323,0,2,1
94152,3,3,329324,329324,329327,0,3,1
94153,1,1,329325,329327,329328,2,3,0
94154,5,2,329330,329330,329332,0,2,2
94155,6,1,329336,329336,329337,0,1,4
94156,2,3,329338,329338,329341,0,3,1
94157,4,1,329342,329342,329343,0,1,1
94158,1,3,329343,329343,329346,0,3,0
94159,1,2,329344,329346,329348,2,4,0
94160,2,1,329346,329348,329349,2,3,0
94161,5,2,329351,329351,329353,0,2,2
94162,1,2,329352,329353,329355,1,3,0
94163,6,1,329358,329358,329359,0,1,3
94164,6,2,329364,329364,329366,0,2,5
94165,5,2,329369,329369,329371,0,2,3
94166,2,2,329371,329371,329373,0,2,0
94167,2,3,329373,329373,329376,0,3,0
94168,2,2,329375,329376,329378,1,3,0
94169,4,3,329379,329379,329382,0,3,1
94170,5,3,329384,329384,329387,0,3,2
94171,2,1,329386,329387,329388,1,2,0
94172,6,3,329392,329392,329395,0,3,4
94173,5,2,329397,329397,329399,0,2,2
94174,5,2,329402,329402,329404,0,2,3
94175,2,1,329404,329404,329405,0,1,0
94176,2,1,329406,329406,329407,0,1,1
94177,6,1,329412,329412,329413,0,1,5
94178,2,3,329414,329414,329417,0,3,1
94179,5,2,329419,329419,329421,0,2,2
94180,4,2,329423,329423,329425,0,2,2
94181,3,3,329426,329426,329429,0,3,1
94182,5,1,329431,329431,329432,0,1,2
94183,5,2,329436,329436,329438,0,2,4
94184,3,1,329439,329439,329440,0,1,1
94185,5,1,329444,329444,329445,0,1,4
94186,6,3,329450,329450,329453,0,3,5
94187,4,2,329454,329454,329456,0,2,1
94188,6,1,329460,329460,329461,0,1,4
94189,5,1,329465,329465,329466,0,1,4
94190,1,1,329466,329466,329467,0,1,0
94191,1,3,329467,329467,329470,0,3,0
94192,5,1,329472,329472,329473,0,1,2
94193,3,1,329475,329475,329476,0,1,2
94194,5,2,329480,329480,329482,0,2,4
94195,3,1,329483,329483,329484,0,1,1
94196,5,2,329488,329488,329490,0,2,4
94197,5,2,329493,329493,329495,0,2,3
94198,1,3,329494,329495,329498,1,4,0
94199,4,2,329498,329498,329500,0,2,0
94200,2,3,329500,329500,329503,0,3,0
94201,4,3,329504,329504,329507,0,3,1
94202,6,3,329510,329510,329513,0,3,3
94203,5,2,329515,329515,329517,0,2,2
94204,2,1,329517,329517,329518,0,1,0
94205,4,2,329521,329521,329523,0,2,3
94206,1,1,329522,329523,329524,1,2,0
94207,5,1,329527,329527,329528,0,1,3
94208,4,2,329531,329531,329533,0,2,3
94209,5,3,329536,329536,329539,0,3,3
94210,5,1,329541,329541,329542,0,1,2
94211,2,2,329543,329543,329545,0,2,1
94212,6,1,329549,329549,329550,0,1,4
94213,5,3,329554,329554,329557,0,3,4
94214,2,1,329556,329557,329558,1,2,0
94215,6,3,329562,329562,329565,0,3,4
94216,1,1,329563,329565,329566,2,3,0
94217,3,1,329566,329566,329567,0,1,0
94218,6,2,329572,329572,329574,0,2,5
94219,1,2,329573,329574,329576,1,3,0
94220,1,1,329574,329576,329577,2,3,0
94221,6,1,329580,329580,329581,0,1,3
94222,2,1,329582,329582,329583,0,1,1
94223,1,3,329583,329583,329586,0,3,0
94224,4,1,329587,329587,329588,0,1,1
94225,6,1,329593,329593,329594,0,1,5
94226,2,2,329595,329595,329597,0,2,1
94227,2,2,329597,329597,329599,0,2,0
94228,6,2,329603,329603,329605,0,2,4
94229,1,2,329604,329605,329607,1,3,0
94230,1,2,329605,329607,329609,2,4,0
94231,6,2,329611,329611,329613,0,2,2
94232,4,3,329615,329615,329618,0,3,2
94233,6,1,329621,329621,329622,0,1,3
94234,3,2,329624,329624,329626,0,2,2
94235,4,3,329628,329628,329631,0,3,2
94236,5,2,329633,329633,329635,0,2,2
94237,6,3,329639,329639,329642,0,3,4
94238,2,3,329641,329642,329645,1,4,0
94239,5,3,329646,329646,329649,0,3,1
94240,3,3,329649,329649,329652,0,3,0
94241,6,3,329655,329655,329658,0,3,3
94242,1,2,329656,329658,329660,2,4,0
94243,1,2,329657,329660,329662,3,5,0
94244,2,3,329659,329662,329665,3,6,0
94245,4,1,329663,329665,329666,2,3,0
94246,3,1,329666,329666,329667,0,1,0
94247,6,1,329672,329672,329673,0,1,5
94248,1,2,329673,329673,329675,0,2,0
94249,3,2,329676,329676,329678,0,2,1
94250,2,2,329678,329678,329680,0,2,0
94251,6,2,329684,329684,329686,0,2,4
94252,1,1,329685,329686,329687,1,2,0
94253,2,1,329687,329687,329688,0,1,0
94254,4,3,329691,329691,329694,0,3,3
94255,6,1,329697,329697,329698,0,1,3
94256,2,3,329699,329699,329702,0,3,1
94257,4,2,329703,329703,329705,0,2,1
94258,5,2,329708,329708,329710,0,2,3
94259,6,2,329714,329714,329716,0,2,4
94260,5,3,329719,329719,329722,0,3,3
94261,3,3,329722,329722,329725,0,3,0
94262,5,3,329727,329727,329730,0,3,2
94263,4,3,329731,329731,329734,0,3,1
94264,6,1,329737,329737,329738,0,1,3
94265,4,3,329741,329741,329744,0,3,3
94266,5,1,329746,329746,329747,0,1,2
94267,6,1,329752,329752,329753,0,1,5
94268,2,3,329754,329754,329757,0,3,1
94269,4,3,329758,329758,329761,0,3,1
94270,5,2,329763,329763,329765,0,2,2
94271,6,2,329769,329769,329771,0,2,4
94272,5,1,329774,329774,329775,0,1,3
94273,6,2,329780,329780,329782,0,2,5
94274,1,3,329781,329782,329785,1,4,0
94275,3,2,329784,329785,329787,1,3,0
94276,6,1,329790,329790,329791,0,1,3
94277,6,2,329796,329796,329798,0,2,5
94278,6,2,329802,329802,329804,0,2,4
94279,4,3,329806,329806,329809,0,3,2
94280,1,1,329807,329809,329810,2,3,0
94281,4,3,329811,329811,329814,0,3,1
94282,6,2,329817,329817,329819,0,2,3
94283,3,3,329820,329820,329823,0,3,1
94284,5,3,329825,329825,329828,0,3,2
94285,2,3,329827,329828,329831,1,4,0
94286,1,1,329828,329831,329832,3,4,0
94287,2,1,329830,329832,329833,2,3,0
94288,5,2,329835,329835,329837,0,2,2
94289,6,1,329841,329841,329842,0,1,4
94290,1,3,329842,329842,329845,0,3,0
94291,5,3,329847,329847,329850,0,3,2
94292,3,1,329850,329850,329851,0,1,0
94293,5,3,329855,329855,329858,0,3,4
94294,4,1,329859,329859,329860,0,1,1
94295,4,2,329863,329863,329865,0,2,3
94296,5,2,329868,329868,329870,0,2,3
94297,4,2,329872,329872,329874,0,2,2
94298,2,1,329874,329874,329875,0,1,0
94299,4,1,329878,329878,329879,0,1,3
94300,1,3,329879,329879,329882,0,3,0
94301,2,2,329881,329882,329884,1,3,0
94302,3,1,329884,329884,329885,0,1,0
94303,6,2,329890,329890,329892,0,2,5
94304,4,2,329894,329894,329896,0,2,2
94305,6,2,329900,329900,329902,0,2,4
94306,3,1,329903,329903,329904,0,1,1
94307,3,1,329906,329906,329907,0,1,2
94308,2,1,329908,329908,329909,0,1,1
94309,3,3,329911,329911,329914,0,3,2
94310,3,1,329914,329914,329915,0,1,0
94311,6,2,329920,329920,329922,0,2,5
94312,3,1,329923,329923,329924,0,1,1
94313,5,2,329928,329928,329930,0,2,4
94314,4,2,329932,329932,329934,0,2,2
94315,2,1,329934,329934,329935,0,1,0
94316,1,1,329935,329935,329936,0,1,0
94317,6,1,329941,329941,329942,0,1,5
94318,5,1,329946,329946,329947,0,1,4
94319,2,2,329948,329948,329950,0,2,1
94320,5,1,329953,329953,329954,0,1,3
94321,2,3,329955,329955,329958,0,3,1
94322,3,1,329958,329958,329959,0,1,0
94323,6,2,329964,329964,329966,0,2,5
94324,5,3,329969,329969,329972,0,3,3
94325,5,3,329974,329974,329977,0,3,2
94326,5,3,329979,329979,329982,0,3,2
94327,4,2,329983,329983,329985,0,2,1
94328,5,1,329988,329988,329989,0,1,3
94329,3,2,329991,329991,329993,0,2,2
94330,6,1,329997,329997,329998,0,1,4
94331,2,3,329999,329999,330002,0,3,1
94332,1,2,330000,330002,330004,2,4,0
94333,4,2,330004,330004,330006,0,2,0
94334,5,3,330009,330009,330012,0,3,3
94335,3,1,330012,330012,330013,0,1,0
94336,4,2,330016,330016,330018,0,2,3
94337,3,3,330019,330019,330022,0,3,1
94338,6,1,330025,330025,330026,0,1,3
94339,4,3,330029,330029,330032,0,3,3
94340,6,1,330035,330035,330036,0,1,3
94341,4,2,330039,330039,330041,0,2,3
94342,4,1,330043,330043,330044,0,1,2
94343,6,2,330049,330049,330051,0,2,5
94344,5,2,330054,330054,330056,0,2,3
94345,2,1,330056,330056,330057,0,1,0
94346,2,2,330058,330058,330060,0,2,1
94347,6,1,330064,330064,330065,0,1,4
94348,5,2,330069,330069,330071,0,2,4
94349,6,1,330075,330075,330076,0,1,4
94350,4,2,330079,330079,330081,0,2,3
94351,5,1,330084,330084,330085,0,1,3
94352,4,2,330088,330088,330090,0,2,3
94353,4,1,330092,330092,330093,0,1,2
94354,4,3,330096,330096,330099,0,3,3
94355,3,2,330099,330099,330101,0,2,0
94356,2,2,330101,330101,330103,0,2,0
94357,3,1,330104,330104,330105,0,1,1
94358,3,1,330107,330107,330108,0,1,2
94359,3,3,330110,330110,330113,0,3,2
94360,2,2,330112,330113,330115,1,3,0
94361,2,3,330114,330115,330118,1,4,0
94362,3,1,330117,330118,330119,1,2,0
94363,4,2,330121,330121,330123,0,2,2
94364,6,2,330127,330127,330129,0,2,4
94365,1,3,330128,330129,330132,1,4,0
94366,1,1,330129,330132,330133,3,4,0
94367,3,2,330132,330133,330135,1,3,0
94368,4,3,330136,330136,330139,0,3,1
94369,1,2,330137,330139,330141,2,4,0
94370,4,2,330141,330141,330143,0,2,0
94371,2,2,330143,330143,330145,0,2,0
94372,2,3,330145,330145,330148,0,3,0
94373,2,1,330147,330148,330149,1,2,0
94374,5,1,330152,330152,330153,0,1,3
94375,6,1,330158,330158,330159,0,1,5
94376,5,2,330163,330163,330165,0,2,4
94377,3,3,330166,330166,330169,0,3,1
94378,4,1,330170,330170,330171,0,1,1
94379,3,1,330173,330173,330174,0,1,2
94380,4,1,330177,330177,330178,0,1,3
94381,6,2,330183,330183,330185,0,2,5
94382,1,3,330184,330185,330188,1,4,0
94383,1,1,330185,330188,330189,3,4,0
94384,2,3,330187,330189,330192,2,5,0
94385,5,1,330192,330192,330193,0,1,0
94386,2,2,330194,330194,330196,0,2,1
94387,3,1,330197,330197,330198,0,1,1
94388,5,3,330202,330202,330205,0,3,4
94389,5,3,330207,330207,330210,0,3,2
94390,6,2,330213,330213,330215,0,2,3
94391,4,1,330217,330217,330218,0,1,2
94392,3,3,330220,330220,330223,0,3,2
94393,1,2,330221,330223,330225,2,4,0
94394,5,2,330226,330226,330228,0,2,1
94395,1,1,330227,330228,330229,1,2,0
94396,3,3,330230,330230,330233,0,3,1
94397,2,3,330232,330233,330236,1,4,0
94398,2,2,330234,330236,330238,2,4,0
94399,5,3,330239,330239,330242,0,3,1
94400,6,2,330245,330245,330247,0,2,3
94401,5,3,330250,330250,330253,0,3,3
94402,1,2,330251,330253,330255,2,4,0
94403,6,2,330257,330257,330259,0,2,2
94404,4,3,330261,330261,330264,0,3,2
94405,4,2,330265,330265,330267,0,2,1
94406,5,2,330270,330270,330272,0,2,3
94407,6,3,330276,330276,330279,0,3,4
94408,1,1,330277,330279,330280,2,3,0
94409,4,3,330281,330281,330284,0,3,1
94410,3,1,330284,330284,330285,0,1,0
94411,1,2,330285,330285,330287,0,2,0
94412,1,3,330286,330287,330290,1,4,0
94413,1,1,330287,330290,330291,3,4,0
94414,5,3,330292,330292,330295,0,3,1
94415,2,3,330294,330295,330298,1,4,0
94416,2,2,330296,330298,330300,2,4,0
94417,3,2,330299,330300,330302,1,3,0
94418,2,1,330301,330302,330303,1,2,0
94419,3,1,330304,330304,330305,0,1,1
94420,6,1,330310,330310,330311,0,1,5
94421,3,2,330313,330313,330315,0,2,2
94422,2,3,330315,330315,330318,0,3,0
94423,3,1,330318,330318,330319,0,1,0
94424,1,2,330319,330319,330321,0,2,0
94425,5,2,330324,330324,330326,0,2,3
94426,3,2,330327,330327,330329,0,2,1
94427,3,3,330330,330330,330333,0,3,1
94428,4,3,330334,330334,330337,0,3,1
94429,4,2,330338,330338,330340,0,2,1
94430,5,2,330343,330343,330345,0,2,3
94431,2,1,330345,330345,330346,0,1,0
94432,1,3,330346,330346,330349,0,3,0
94433,1,2,330347,330349,330351,2,4,0
94434,4,1,330351,330351,330352,0,1,0
94435,6,2,330357,330357,330359,0,2,5
94436,3,3,330360,330360,330363,0,3,1
94437,4,1,330364,330364,330365,0,1,1
94438,5,3,330369,330369,330372,0,3,4
94439,1,1,330370,330372,330373,2,3,0
94440,1,3,330371,330373,330376,2,5,0
94441,6,2,330377,330377,330379,0,2,1
94442,3,3,330380,330380,330383,0,3,1
94443,6,2,330386,330386,330388,0,2,3
94444,1,1,330387,330388,330389,1,2,0
94445,4,2,330391,330391,330393,0,2,2
94446,1,2,330392,330393,330395,1,3,0
94447,6,2,330398,330398,330400,0,2,3
94448,3,2,330401,330401,330403,0,2,1
94449,5,3,330406,330406,330409,0,3,3
94450,1,1,330407,330409,330410,2,3,0
94451,1,1,330408,330410,330411,2,3,0
94452,3,3,330411,330411,330414,0,3,0
94453,5,2,330416,330416,330418,0,2,2
94454,3,2,330419,330419,330421,0,2,1
94455,1,2,330420,330421,330423,1,3,0
94456,3,2,330423,330423,330425,0,2,0
94457,5,3,330428,330428,330431,0,3,3
94458,5,2,330433,330433,330435,0,2,2
94459,2,2,330435,330435,330437,0,2,0
94460,5,1,330440,330440,330441,0,1,3
94461,2,1,330442,330442,330443,0,1,1
94462,1,1,330443,330443,330444,0,1,0
94463,6,3,330449,330449,330452,0,3,5
94464,3,3,330452,330452,330455,0,3,0
94465,2,1,330454,330455,330456,1,2,0
94466,5,3,330459,330459,330462,0,3,3
94467,5,3,330464,330464,330467,0,3,2
94468,4,1,330468,330468,330469,0,1,1
94469,2,2,330470,330470,330472,0,2,1
94470,5,2,330475,330475,330477,0,2,3
94471,3,1,330478,330478,330479,0,1,1
94472,1,1,330479,330479,330480,0,1,0
94473,2,3,330481,330481,330484,0,3,1
94474,3,3,330484,330484,330487,0,3,0
94475,6,1,330490,330490,330491,0,1,3
94476,5,3,330495,330495,330498,0,3,4
94477,2,1,330497,330498,330499,1,2,0
94478,2,3,330499,330499,330502,0,3,0
94479,2,1,330501,330502,330503,1,2,0
94480,3,1,330504,330504,330505,0,1,1
94481,3,1,330507,330507,330508,0,1,2
94482,4,3,330511,330511,330514,0,3,3
94483,4,2,330515,330515,330517,0,2,1
94484,3,2,330518,330518,330520,0,2,1
94485,3,3,330521,330521,330524,0,3,1
94486,1,3,330522,330524,330527,2,5,0
94487,3,3,330525,330527,330530,2,5,0
94488,5,1,330530,330530,330531,0,1,0
94489,6,2,330536,330536,330538,0,2,5
94490,3,1,330539,330539,330540,0,1,1
94491,1,1,330540,330540,330541,0,1,0
94492,1,3,330541,330541,330544,0,3,0
94493,1,2,330542,330544,330546,2,4,0
94494,6,2,330548,330548,330550,0,2,2
94495,4,1,330552,330552,330553,0,1,2
94496,3,1,330555,330555,330556,0,1,2
94497,6,3,330561,330561,330564,0,3,5
94498,6,3,330567,330567,330570,0,3,3
94499,6,3,330573,330573,330576,0,3,3
94500,4,3,330577,330577,330580,0,3,1
94501,4,3,330581,330581,330584,0,3,1
94502,2,1,330583,330584,330585,1,2,0
94503,3,2,330586,330586,330588,0,2,1
94504,2,3,330588,330588,330591,0,3,0
94505,3,1,330591,330591,330592,0,1,0
94506,4,3,330595,330595,330598,0,3,3
94507,4,2,330599,330599,330601,0,2,1
94508,6,2,330605,330605,330607,0,2,4
94509,5,3,330610,330610,330613,0,3,3
94510,5,2,330615,330615,330617,0,2,2
94511,6,2,330621,330621,330623,0,2,4
94512,2,1,330623,330623,330624,0,1,0
94513,4,2,330627,330627,330629,0,2,3
94514,6,3,330633,330633,330636,0,3,4
94515,5,2,330638,330638,330640,0,2,2
94516,6,2,330644,330644,330646,0,2,4
94517,3,2,330647,330647,330649,0,2,1
94518,1,1,330648,330649,330650,1,2,0
94519,4,2,330652,330652,330654,0,2,2
94520,6,2,330658,330658,330660,0,2,4
94521,2,3,330660,330660,330663,0,3,0
94522,3,3,330663,330663,330666,0,3,0
94523,5,2,330668,330668,330670,0,2,2
94524,4,1,330672,330672,330673,0,1,2
94525,4,3,330676,330676,330679,0,3,3
94526,4,2,330680,330680,330682,0,2,1
94527,1,1,330681,330682,330683,1,2,0
94528,3,1,330684,330684,330685,0,1,1
94529,1,2,330685,330685,330687,0,2,0
94530,4,1,330689,330689,330690,0,1,2
94531,3,3,330692,330692,330695,0,3,2
94532,3,3,330695,330695,330698,0,3,0
94533,5,3,330700,330700,330703,0,3,2
94534,5,3,330705,330705,330708,0,3,2
94535,1,1,330706,330708,330709,2,3,0
94536,6,1,330712,330712,330713,0,1,3
94537,3,1,330715,330715,330716,0,1,2
94538,3,1,330718,330718,330719,0,1,2
94539,3,3,330721,330721,330724,0,3,2
94540,2,2,330723,330724,330726,1,3,0
94541,1,1,330724,330726,330727,2,3,0
94542,5,2,330729,330729,330731,0,2,2
94543,3,1,330732,330732,330733,0,1,1
94544,1,3,330733,330733,330736,0,3,0
94545,4,1,330737,330737,330738,0,1,1
94546,1,1,330738,330738,330739,0,1,0
94547,4,3,330742,330742,330745,0,3,3
94548,6,2,330748,330748,330750,0,2,3
94549,4,3,330752,330752,330755,0,3,2
94550,5,3,330757,330757,330760,0,3,2
94551,3,3,330760,330760,330763,0,3,0
94552,1,2,330761,330763,330765,2,4,0
94553,2,1,330763,330765,330766,2,3,0
94554,2,3,330765,330766,330769,1,4,0
94555,5,1,330770,330770,330771,0,1,1
94556,2,3,330772,330772,330775,0,3,1
94557,6,2,330778,330778,330780,0,2,3
94558,4,2,330782,330782,330784,0,2,2
94559,4,1,330786,330786,330787,0,1,2
94560,3,3,330789,330789,330792,0,3,2
94561,5,1,330794,330794,330795,0,1,2
94562,6,3,330800,330800,330803,0,3,5
94563,4,2,330804,330804,330806,0,2,1
94564,2,2,330806,330806,330808,0,2,0
94565,1,2,330807,330808,330810,1,3,0
94566,2,2,330809,330810,330812,1,3,0
94567,2,3,330811,330812,330815,1,4,0
94568,4,2,330815,330815,330817,0,2,0
94569,5,1,330820,330820,330821,0,1,3
94570,6,3,330826,330826,330829,0,3,5
94571,3,1,330829,330829,330830,0,1,0
94572,4,3,330833,330833,330836,0,3,3
94573,2,2,330835,330836,330838,1,3,0
94574,2,2,330837,330838,330840,1,3,0
94575,4,1,330841,330841,330842,0,1,1
94576,4,3,330845,330845,330848,0,3,3
94577,6,1,330851,330851,330852,0,1,3
94578,1,3,330852,330852,330855,0,3,0
94579,5,3,330857,330857,330860,0,3,2
94580,3,1,330860,330860,330861,0,1,0
94581,5,3,330865,330865,330868,0,3,4
94582,2,3,330867,330868,330871,1,4,0
94583,6,1,330873,330873,330874,0,1,2
94584,6,3,330879,330879,330882,0,3,5
94585,3,2,330882,330882,330884,0,2,0
94586,2,3,330884,330884,330887,0,3,0
94587,2,3,330886,330887,330890,1,4,0
94588,3,1,330889,330890,330891,1,2,0
94589,6,3,330895,330895,330898,0,3,4
94590,6,3,330901,330901,330904,0,3,3
94591,5,3,330906,330906,330909,0,3,2
94592,2,3,330908,330909,330912,1,4,0
94593,1,2,330909,330912,330914,3,5,0
94594,4,2,330913,330914,330916,1,3,0
94595,6,3,330919,330919,330922,0,3,3
94596,4,2,330923,330923,330925,0,2,1
94597,3,1,330926,330926,330927,0,1,1
94598,1,2,330927,330927,330929,0,2,0
94599,1,1,330928,330929,330930,1,2,0
94600,4,3,330932,330932,330935,0,3,2
94601,5,1,330937,330937,330938,0,1,2
94602,6,1,330943,330943,330944,0,1,5
94603,5,2,330948,330948,330950,0,2,4
94604,4,3,330952,330952,330955,0,3,2
94605,4,3,330956,330956,330959,0,3,1
94606,1,2,330957,330959,330961,2,4,0
94607,6,3,330963,330963,330966,0,3,2
94608,3,2,330966,330966,330968,0,2,0
94609,3,1,330969,330969,330970,0,1,1
94610,5,2,330974,330974,330976,0,2,4
94611,3,2,330977,330977,330979,0,2,1
94612,3,3,330980,330980,330983,0,3,1
94613,3,2,330983,330983,330985,0,2,0
94614,3,1,330986,330986,330987,0,1,1
94615,4,2,330990,330990,330992,0,2,3
94616,6,2,330996,330996,330998,0,2,4
94617,6,3,331002,331002,331005,0,3,4
94618,1,2,331003,331005,331007,2,4,0
94619,3,1,331006,331007,331008,1,2,0
94620,4,3,331010,331010,331013,0,3,2
94621,2,3,331012,331013,331016,1,4,0
94622,4,2,331016,331016,331018,0,2,0
94623,4,3,331020,331020,331023,0,3,2
94624,3,3,331023,331023,331026,0,3,0
94625,4,3,331027,331027,331030,0,3,1
94626,3,2,331030,331030,331032,0,2,0
94627,3,1,331033,331033,331034,0,1,1
94628,5,1,331038,331038,331039,0,1,4
94629,1,3,331039,331039,331042,0,3,0
94630,3,1,331042,331042,331043,0,1,0
94631,1,2,331043,331043,331045,0,2,0
94632,5,2,331048,331048,331050,0,2,3
94633,4,3,331052,331052,331055,0,3,2
94634,3,2,331055,331055,331057,0,2,0
94635,1,1,331056,331057,331058,1,2,0
94636,1,3,331057,331058,331061,1,4,0
94637,2,1,331059,331061,331062,2,3,0
94638,4,1,331063,331063,331064,0,1,1
94639,3,1,331066,331066,331067,0,1,2
94640,4,1,331070,331070,331071,0,1,3
94641,2,1,331072,331072,331073,0,1,1
94642,5,2,331077,331077,331079,0,2,4
94643,5,2,331082,331082,331084,0,2,3
94644,2,3,331084,331084,331087,0,3,0
94645,2,2,331086,331087,331089,1,3,0
94646,6,3,331092,331092,331095,0,3,3
94647,4,1,331096,331096,331097,0,1,1
94648,4,1,331100,331100,331101,0,1,3
94649,5,1,331105,331105,331106,0,1,4
94650,1,2,331106,331106,331108,0,2,0
94651,5,2,331111,331111,331113,0,2,3
94652,5,2,331116,331116,331118,0,2,3
94653,1,3,331117,331118,331121,1,4,0
94654,6,1,331123,331123,331124,0,1,2
94655,1,1,331124,331124,331125,0,1,0
94656,4,1,331128,331128,331129,0,1,3
94657,3,2,331131,331131,331133,0,2,2
94658,1,2,331132,331133,331135,1,3,0
94659,6,2,331138,331138,331140,0,2,3
94660,1,1,331139,331140,331141,1,2,0
94661,3,2,331142,331142,331144,0,2,1
94662,6,1,331148,331148,331149,0,1,4
94663,5,1,331153,331153,331154,0,1,4
94664,4,1,331157,331157,331158,0,1,3
94665,3,2,331160,331160,331162,0,2,2
94666,4,2,331164,331164,331166,0,2,2
94667,6,1,331170,331170,331171,0,1,4
94668,2,2,331172,331172,331174,0,2,1
94669,4,1,331176,331176,331177,0,1,2
94670,4,1,331180,331180,331181,0,1,3
94671,2,2,331182,331182,331184,0,2,1
94672,3,3,331185,331185,331188,0,3,1
94673,2,1,331187,331188,331189,1,2,0
94674,2,1,331189,331189,331190,0,1,0
94675,3,3,331192,331192,331195,0,3,2
94676,6,1,331198,331198,331199,0,1,3
94677,2,2,331200,331200,331202,0,2,1
94678,1,2,331201,331202,331204,1,3,0
94679,6,3,331207,331207,331210,0,3,3
94680,2,1,331209,331210,331211,1,2,0
94681,3,2,331212,331212,331214,0,2,1
94682,3,3,331215,331215,331218,0,3,1
94683,4,1,331219,331219,331220,0,1,1
94684,6,3,331225,331225,331228,0,3,5
94685,1,2,331226,331228,331230,2,4,0
94686,1,1,331227,331230,331231,3,4,0
94687,4,1,331231,331231,331232,0,1,0
94688,3,2,331234,331234,331236,0,2,2
94689,4,1,331238,331238,331239,0,1,2
94690,5,3,331243,331243,331246,0,3,4
94691,4,2,331247,331247,331249,0,2,1
94692,3,3,331250,331250,331253,0,3,1
94693,3,3,331253,331253,331256,0,3,0
94694,5,2,331258,331258,331260,0,2,2
94695,5,3,331263,331263,331266,0,3,3
94696,5,3,331268,331268,331271,0,3,2
94697,5,1,331273,331273,331274,0,1,2
94698,1,3,331274,331274,331277,0,3,0
94699,6,2,331280,331280,331282,0,2,3
94700,1,2,331281,331282,331284,1,3,0
94701,1,2,331282,331284,331286,2,4,0
94702,2,1,331284,331286,331287,2,3,0
94703,4,1,331288,331288,331289,0,1,1
94704,6,2,331294,331294,331296,0,2,5
94705,1,3,331295,331296,331299,1,4,0
94706,6,1,331301,331301,331302,0,1,2
94707,3,3,331304,331304,331307,0,3,2
94708,3,1,331307,331307,331308,0,1,0
94709,2,2,331309,331309,331311,0,2,1
94710,4,3,331313,331313,331316,0,3,2
94711,5,3,331318,331318,331321,0,3,2
94712,2,3,331320,331321,331324,1,4,0
94713,6,2,331326,331326,331328,0,2,2
94714,5,3,331331,331331,331334,0,3,3
94715,1,2,331332,331334,331336,2,4,0
94716,1,3,331333,331336,331339,3,6,0
94717,2,2,331335,331339,331341,4,6,0
94718,2,2,331337,331341,331343,4,6,0
94719,2,2,331339,331343,331345,4,6,0
94720,5,2,331344,331345,331347,1,3,0
94721,2,3,331346,331347,331350,1,4,0
94722,1,3,331347,331350,331353,3,6,0
94723,3,3,331350,331353,331356,3,6,0
94724,2,1,331352,331356,331357,4,5,0
94725,1,1,331353,331357,331358,4,5,0
94726,2,2,331355,331358,331360,3,5,0
94727,1,3,331356,331360,331363,4,7,0
94728,3,3,331359,331363,331366,4,7,0
94729,4,1,331363,331366,331367,3,4,0
94730,2,2,331365,331367,331369,2,4,0
94731,2,3,331367,331369,331372,2,5,0
94732,4,1,331371,331372,331373,1,2,0
94733,5,2,331376,331376,331378,0,2,3
94734,6,1,331382,331382,331383,0,1,4
94735,6,3,331388,331388,331391,0,3,5
94736,6,1,331394,331394,331395,0,1,3
94737,6,3,331400,331400,331403,0,3,5
94738,5,2,331405,331405,331407,0,2,2
94739,3,3,331408,331408,331411,0,3,1
94740,3,3,331411,331411,331414,0,3,0
94741,4,3,331415,331415,331418,0,3,1
94742,6,3,331421,331421,331424,0,3,3
94743,6,2,331427,331427,331429,0,2,3
94744,4,3,331431,331431,331434,0,3,2
94745,5,1,331436,331436,331437,0,1,2
94746,2,3,331438,331438,331441,0,3,1
94747,1,2,331439,331441,331443,2,4,0
94748,6,1,331445,331445,331446,0,1,2
94749,6,2,331451,331451,331453,0,2,5
94750,6,3,331457,331457,331460,0,3,4
94751,3,2,331460,331460,331462,0,2,0
94752,6,2,331466,331466,331468,0,2,4
94753,5,1,331471,331471,331472,0,1,3
94754,3,3,331474,331474,331477,0,3,2
94755,5,3,331479,331479,331482,0,3,2
94756,3,1,331482,331482,331483,0,1,0
94757,4,2,331486,331486,331488,0,2,3
94758,4,1,331490,331490,331491,0,1,2
94759,3,2,331493,331493,331495,0,2,2
94760,3,2,331496,331496,331498,0,2,1
94761,6,2,331502,331502,331504,0,2,4
94762,2,1,331504,331504,331505,0,1,0
94763,5,3,331509,331509,331512,0,3,4
94764,4,3,331513,331513,331516,0,3,1
94765,6,2,331519,331519,331521,0,2,3
94766,4,1,331523,331523,331524,0,1,2
94767,4,2,331527,331527,331529,0,2,3
94768,6,2,331533,331533,331535,0,2,4
94769,2,2,331535,331535,331537,0,2,0
94770,4,1,331539,331539,331540,0,1,2
94771,6,1,331545,331545,331546,0,1,5
94772,6,1,331551,331551,331552,0,1,5
94773,5,2,331556,331556,331558,0,2,4
94774,6,2,331562,331562,331564,0,2,4
94775,3,3,331565,331565,331568,0,3,1
94776,1,1,331566,331568,331569,2,3,0
94777,4,3,331570,331570,331573,0,3,1
94778,4,3,331574,331574,331577,0,3,1
94779,5,2,331579,331579,331581,0,2,2
94780,6,1,331585,331585,331586,0,1,4
94781,3,2,331588,331588,331590,0,2,2
94782,2,1,331590,331590,331591,0,1,0
94783,2,3,331592,331592,331595,0,3,1
94784,1,2,331593,331595,331597,2,4,0
94785,5,2,331598,331598,331600,0,2,1
94786,3,2,331601,331601,331603,0,2,1
94787,2,1,331603,331603,331604,0,1,0
94788,1,2,331604,331604,331606,0,2,0
94789,1,1,331605,331606,331607,1,2,0
94790,1,1,331606,331607,331608,1,2,0
94791,4,2,331610,331610,331612,0,2,2
94792,2,3,331612,331612,331615,0,3,0
94793,4,3,331616,331616,331619,0,3,1
94794,3,1,331619,331619,331620,0,1,0
94795,3,1,331622,331622,331623,0,1,2
94796,1,2,331623,331623,331625,0,2,0
94797,1,2,331624,331625,331627,1,3,0
94798,2,2,331626,331627,331629,1,3,0
94799,4,1,331630,331630,331631,0,1,1
94800,4,1,331634,331634,331635,0,1,3
94801,1,3,331635,331635,331638,0,3,0
94802,1,3,331636,331638,331641,2,5,0
94803,2,1,331638,331641,331642,3,4,0
94804,5,2,331643,331643,331645,0,2,1
94805,6,2,331649,331649,331651,0,2,4
94806,2,1,331651,331651,331652,0,1,0
94807,6,2,331657,331657,331659,0,2,5
94808,4,1,331661,331661,331662,0,1,2
94809,6,1,331667,331667,331668,0,1,5
94810,2,3,331669,331669,331672,0,3,1
94811,1,2,331670,331672,331674,2,4,0
94812,6,1,331676,331676,331677,0,1,2
94813,4,3,331680,331680,331683,0,3,3
94814,4,2,331684,331684,331686,0,2,1
94815,1,3,331685,331686,331689,1,4,0
94816,4,1,331689,331689,331690,0,1,0
94817,6,1,331695,331695,331696,0,1,5
94818,1,3,331696,331696,331699,0,3,0
94819,3,3,331699,331699,331702,0,3,0
94820,1,2,331700,331702,331704,2,4,0
94821,6,2,331706,331706,331708,0,2,2
94822,3,2,331709,331709,331711,0,2,1
94823,4,2,331713,331713,331715,0,2,2
94824,6,3,331719,331719,331722,0,3,4
94825,6,2,331725,331725,331727,0,2,3
94826,5,1,331730,331730,331731,0,1,3
94827,6,3,331736,331736,331739,0,3,5
94828,4,2,331740,331740,331742,0,2,1
94829,3,1,331743,331743,331744,0,1,1
94830,1,2,331744,331744,331746,0,2,0
94831,2,1,331746,331746,331747,0,1,0
94832,2,1,331748,331748,331749,0,1,1
94833,5,1,331753,331753,331754,0,1,4
94834,3,3,331756,331756,331759,0,3,2
94835,2,3,331758,331759,331762,1,4,0
94836,6,1,331764,331764,331765,0,1,2
94837,1,3,331765,331765,331768,0,3,0
94838,3,2,331768,331768,331770,0,2,0
94839,5,3,331773,331773,331776,0,3,3
94840,2,3,331775,331776,331779,1,4,0
94841,6,2,331781,331781,331783,0,2,2
94842,6,1,331787,331787,331788,0,1,4
94843,3,3,331790,331790,331793,0,3,2
94844,6,3,331796,331796,331799,0,3,3
94845,3,2,331799,331799,331801,0,2,0
94846,4,2,331803,331803,331805,0,2,2
94847,4,1,331807,331807,331808,0,1,2
94848,5,2,331812,331812,331814,0,2,4
94849,6,2,331818,331818,331820,0,2,4
94850,6,3,331824,331824,331827,0,3,4
94851,3,1,331827,331827,331828,0,1,0
94852,4,1,331831,331831,331832,0,1,3
94853,6,1,331837,331837,331838,0,1,5
94854,1,1,331838,331838,331839,0,1,0
94855,1,3,331839,331839,331842,0,3,0
94856,2,2,331841,331842,331844,1,3,0
94857,6,1,331847,331847,331848,0,1,3
94858,6,3,331853,331853,331856,0,3,5
94859,1,2,331854,331856,331858,2,4,0
94860,4,2,331858,331858,331860,0,2,0
94861,5,2,331863,331863,331865,0,2,3
94862,1,3,331864,331865,331868,1,4,0
94863,1,1,331865,331868,331869,3,4,0
94864,1,2,331866,331869,331871,3,5,0
94865,1,1,331867,331871,331872,4,5,0
94866,6,2,331873,331873,331875,0,2,1
94867,4,3,331877,331877,331880,0,3,2
94868,4,3,331881,331881,331884,0,3,1
94869,3,2,331884,331884,331886,0,2,0
94870,4,2,331888,331888,331890,0,2,2
94871,5,3,331893,331893,331896,0,3,3
94872,6,3,331899,331899,331902,0,3,3
94873,4,3,331903,331903,331906,0,3,1
94874,3,1,331906,331906,331907,0,1,0
94875,4,1,331910,331910,331911,0,1,3
94876,1,2,331911,331911,331913,0,2,0
94877,4,1,331915,331915,331916,0,1,2
94878,3,1,331918,331918,331919,0,1,2
94879,6,1,331924,331924,331925,0,1,5
94880,4,1,331928,331928,331929,0,1,3
94881,4,1,331932,331932,331933,0,1,3
94882,3,2,331935,331935,331937,0,2,2
94883,4,2,331939,331939,331941,0,2,2
94884,4,3,331943,331943,331946,0,3,2
94885,4,3,331947,331947,331950,0,3,1
94886,5,2,331952,331952,331954,0,2,2
94887,2,2,331954,331954,331956,0,2,0
94888,6,2,331960,331960,331962,0,2,4
94889,3,2,331963,331963,331965,0,2,1
94890,3,1,331966,331966,331967,0,1,1
94891,6,3,331972,331972,331975,0,3,5
94892,5,1,331977,331977,331978,0,1,2
94893,3,3,331980,331980,331983,0,3,2
94894,5,1,331985,331985,331986,0,1,2
94895,4,2,331989,331989,331991,0,2,3
94896,6,3,331995,331995,331998,0,3,4
94897,6,2,332001,332001,332003,0,2,3
94898,6,3,332007,332007,332010,0,3,4
94899,6,1,332013,332013,332014,0,1,3
94900,4,1,332017,332017,332018,0,1,3
94901,4,3,332021,332021,332024,0,3,3
94902,5,1,332026,332026,332027,0,1,2
94903,2,3,332028,332028,332031,0,3,1
94904,4,2,332032,332032,332034,0,2,1
94905,4,1,332036,332036,332037,0,1,2
94906,5,1,332041,332041,332042,0,1,4
94907,3,3,332044,332044,332047,0,3,2
94908,3,3,332047,332047,332050,0,3,0
94909,3,1,332050,332050,332051,0,1,0
94910,1,1,332051,332051,332052,0,1,0
94911,4,1,332055,332055,332056,0,1,3
94912,5,1,332060,332060,332061,0,1,4
94913,1,3,332061,332061,332064,0,3,0
94914,2,3,332063,332064,332067,1,4,0
94915,1,3,332064,332067,332070,3,6,0
94916,4,3,332068,332070,332073,2,5,0
94917,1,2,332069,332073,332075,4,6,0
94918,4,1,332073,332075,332076,2,3,0
94919,4,2,332077,332077,332079,0,2,1
94920,2,2,332079,332079,332081,0,2,0
94921,6,2,332085,332085,332087,0,2,4
94922,4,2,332089,332089,332091,0,2,2
94923,2,1,332091,332091,332092,0,1,0
94924,2,2,332093,332093,332095,0,2,1
94925,3,2,332096,332096,332098,0,2,1
94926,6,2,332102,332102,332104,0,2,4
94927,1,2,332103,332104,332106,1,3,0
94928,3,1,332106,332106,332107,0,1,0
94929,3,1,332109,332109,332110,0,1,2
94930,6,1,332115,332115,332116,0,1,5
94931,2,1,332117,332117,332118,0,1,1
94932,4,1,332121,332121,332122,0,1,3
94933,6,1,332127,332127,332128,0,1,5
94934,5,3,332132,332132,332135,0,3,4
94935,6,2,332138,332138,332140,0,2,3
94936,1,2,332139,332140,332142,1,3,0
94937,2,1,332141,332142,332143,1,2,0
94938,6,1,332147,332147,332148,0,1,4
94939,6,2,332153,332153,332155,0,2,5
94940,6,3,332159,332159,332162,0,3,4
94941,4,2,332163,332163,332165,0,2,1
94942,4,1,332167,332167,332168,0,1,2
94943,3,1,332170,332170,332171,0,1,2
94944,4,1,332174,332174,332175,0,1,3
94945,4,2,332178,332178,332180,0,2,3
94946,6,3,332184,332184,332187,0,3,4
94947,2,1,332186,332187,332188,1,2,0
94948,6,3,332192,332192,332195,0,3,4
94949,1,3,332193,332195,332198,2,5,0
94950,2,2,332195,332198,332200,3,5,0
94951,1,2,332196,332200,332202,4,6,0
94952,1,1,332197,332202,332203,5,6,0
94953,5,3,332202,332203,332206,1,4,0
94954,2,1,332204,332206,332207,2,3,0
94955,2,2,332206,332207,332209,1,3,0
94956,5,1,332211,332211,332212,0,1,2
94957,6,1,332217,332217,332218,0,1,5
94958,4,3,332221,332221,332224,0,3,3
94959,6,2,332227,332227,332229,0,2,3
94960,5,1,332232,332232,332233,0,1,3
94961,3,1,332235,332235,332236,0,1,2
94962,2,1,332237,332237,332238,0,1,1
94963,1,2,332238,332238,332240,0,2,0
94964,3,2,332241,332241,332243,0,2,1
94965,4,1,332245,332245,332246,0,1,2
94966,3,2,332248,332248,332250,0,2,2
94967,6,1,332254,332254,332255,0,1,4
94968,1,2,332255,332255,332257,0,2,0
94969,4,1,332259,332259,332260,0,1,2
94970,6,3,332265,332265,332268,0,3,5
94971,6,3,332271,332271,332274,0,3,3
94972,6,3,332277,332277,332280,0,3,3
94973,2,3,332279,332280,332283,1,4,0
94974,2,2,332281,332283,332285,2,4,0
94975,2,1,332283,332285,332286,2,3,0
94976,2,1,332285,332286,332287,1,2,0
94977,5,2,332290,332290,332292,0,2,3
94978,6,2,332296,332296,332298,0,2,4
94979,4,1,332300,332300,332301,0,1,2
94980,6,2,332306,332306,332308,0,2,5
94981,2,1,332308,332308,332309,0,1,0
94982,6,3,332314,332314,332317,0,3,5
94983,4,3,332318,332318,332321,0,3,1
94984,2,3,332320,332321,332324,1,4,0
94985,1,2,332321,332324,332326,3,5,0
94986,4,3,332325,332326,332329,1,4,0
94987,6,3,332331,332331,332334,0,3,2
94988,3,1,332334,332334,332335,0,1,0
94989,3,2,332337,332337,332339,0,2,2
94990,6,3,332343,332343,332346,0,3,4
94991,4,3,332347,332347,332350,0,3,1
94992,6,1,332353,332353,332354,0,1,3
94993,1,3,332354,332354,332357,0,3,0
94994,4,2,332358,332358,332360,0,2,1
94995,2,1,332360,332360,332361,0,1,0
94996,6,3,332366,332366,332369,0,3,5
94997,4,2,332370,332370,332372,0,2,1
94998,5,3,332375,332375,332378,0,3,3
94999,5,1,332380,332380,332381,0,1,2
95000,6,2,332386,332386,332388,0,2,5
95001,1,2,332387,332388,332390,1,3,0
95002,5,1,332392,332392,332393,0,1,2
95003,3,1,332395,332395,332396,0,1,2
95004,5,1,332400,332400,332401,0,1,4
95005,3,1,332403,332403,332404,0,1,2
95006,6,3,332409,332409,332412,0,3,5
95007,4,3,332413,332413,332416,0,3,1
95008,5,2,332418,332418,332420,0,2,2
95009,3,1,332421,332421,332422,0,1,1
95010,1,1,332422,332422,332423,0,1,0
95011,1,1,332423,332423,332424,0,1,0
95012,3,1,332426,332426,332427,0,1,2
95013,5,2,332431,332431,332433,0,2,4
95014,6,2,332437,332437,332439,0,2,4
95015,1,3,332438,332439,332442,1,4,0
95016,6,3,332444,332444,332447,0,3,2
95017,5,3,332449,332449,332452,0,3,2
95018,2,3,332451,332452,332455,1,4,0
95019,2,1,332453,332455,332456,2,3,0
95020,4,1,332457,332457,332458,0,1,1
95021,6,2,332463,332463,332465,0,2,5
95022,2,2,332465,332465,332467,0,2,0
95023,6,2,332471,332471,332473,0,2,4
95024,3,2,332474,332474,332476,0,2,1
95025,5,2,332479,332479,332481,0,2,3
95026,6,3,332485,332485,332488,0,3,4
95027,5,3,332490,332490,332493,0,3,2
95028,2,3,332492,332493,332496,1,4,0
95029,3,3,332495,332496,332499,1,4,0
95030,4,1,332499,332499,332500,0,1,0
95031,6,2,332505,332505,332507,0,2,5
95032,2,1,332507,332507,332508,0,1,0
95033,5,3,332512,332512,332515,0,3,4
95034,2,1,332514,332515,332516,1,2,0
95035,4,2,332518,332518,332520,0,2,2
95036,6,3,332524,332524,332527,0,3,4
95037,2,1,332526,332527,332528,1,2,0
95038,4,3,332530,332530,332533,0,3,2
95039,2,3,332532,332533,332536,1,4,0
95040,5,3,332537,332537,332540,0,3,1
95041,5,1,332542,332542,332543,0,1,2
95042,1,2,332543,332543,332545,0,2,0
95043,4,2,332547,332547,332549,0,2,2
95044,4,1,332551,332551,332552,0,1,2
95045,6,2,332557,332557,332559,0,2,5
95046,5,1,332562,332562,332563,0,1,3
95047,6,2,332568,332568,332570,0,2,5
95048,5,1,332573,332573,332574,0,1,3
95049,6,2,332579,332579,332581,0,2,5
95050,2,1,332581,332581,332582,0,1,0
95051,4,2,332585,332585,332587,0,2,3
95052,5,1,332590,332590,332591,0,1,3
95053,4,1,332594,332594,332595,0,1,3
95054,4,2,332598,332598,332600,0,2,3
95055,6,1,332604,332604,332605,0,1,4
95056,4,3,332608,332608,332611,0,3,3
95057,5,3,332613,332613,332616,0,3,2
95058,2,2,332615,332616,332618,1,3,0
95059,4,3,332619,332619,332622,0,3,1
95060,4,2,332623,332623,332625,0,2,1
95061,4,1,332627,332627,332628,0,1,2
95062,1,3,332628,332628,332631,0,3,0
95063,3,1,332631,332631,332632,0,1,0
95064,1,3,332632,332632,332635,0,3,0
95065,1,1,332633,332635,332636,2,3,0
95066,3,1,332636,332636,332637,0,1,0
95067,6,1,332642,332642,332643,0,1,5
95068,4,3,332646,332646,332649,0,3,3
95069,3,3,332649,332649,332652,0,3,0
95070,1,1,332650,332652,332653,2,3,0
95071,4,1,332654,332654,332655,0,1,1
95072,1,1,332655,332655,332656,0,1,0
95073,4,1,332659,332659,332660,0,1,3
95074,5,2,332664,332664,332666,0,2,4
95075,4,1,332668,332668,332669,0,1,2
95076,6,3,332674,332674,332677,0,3,5
95077,2,3,332676,332677,332680,1,4,0
95078,2,3,332678,332680,332683,2,5,0
95079,4,1,332682,332683,332684,1,2,0
95080,1,2,332683,332684,332686,1,3,0
95081,2,3,332685,332686,332689,1,4,0
95082,6,3,332691,332691,332694,0,3,2
95083,2,1,332693,332694,332695,1,2,0
95084,1,2,332694,332695,332697,1,3,0
95085,4,2,332698,332698,332700,0,2,1
95086,2,3,332700,332700,332703,0,3,0
95087,3,2,332703,332703,332705,0,2,0
95088,3,3,332706,332706,332709,0,3,1
95089,1,1,332707,332709,332710,2,3,0
95090,2,1,332709,332710,332711,1,2,0
95091,1,1,332710,332711,332712,1,2,0
95092,4,1,332714,332714,332715,0,1,2
95093,1,1,332715,332715,332716,0,1,0
95094,4,3,332719,332719,332722,0,3,3
95095,2,2,332721,332722,332724,1,3,0
95096,5,2,332726,332726,332728,0,2,2
95097,6,1,332732,332732,332733,0,1,4
95098,3,1,332735,332735,332736,0,1,2
95099,5,2,332740,332740,332742,0,2,4
95100,1,2,332741,332742,332744,1,3,0
95101,5,1,332746,332746,332747,0,1,2
95102,3,1,332749,332749,332750,0,1,2
95103,5,1,332754,332754,332755,0,1,4
95104,5,3,332759,332759,332762,0,3,4
95105,5,2,332764,332764,332766,0,2,2
95106,3,1,332767,332767,332768,0,1,1
95107,2,3,332769,332769,332772,0,3,1
95108,2,3,332771,332772,332775,1,4,0
95109,5,2,332776,332776,332778,0,2,1
95110,6,1,332782,332782,332783,0,1,4
95111,2,2,332784,332784,332786,0,2,1
95112,5,1,332789,332789,332790,0,1,3
95113,5,3,332794,332794,332797,0,3,4
95114,4,1,332798,332798,332799,0,1,1
95115,5,2,332803,332803,332805,0,2,4
95116,2,3,332805,332805,332808,0,3,0
95117,1,3,332806,332808,332811,2,5,0
95118,1,2,332807,332811,332813,4,6,0
95119,4,3,332811,332813,332816,2,5,0
95120,5,2,332816,332816,332818,0,2,0
95121,1,2,332817,332818,332820,1,3,0
95122,6,3,332823,332823,332826,0,3,3
95123,2,3,332825,332826,332829,1,4,0
95124,2,1,332827,332829,332830,2,3,0
95125,1,2,332828,332830,332832,2,4,0
95126,4,2,332832,332832,332834,0,2,0
95127,2,3,332834,332834,332837,0,3,0
95128,3,2,332837,332837,332839,0,2,0
95129,6,3,332843,332843,332846,0,3,4
95130,2,2,332845,332846,332848,1,3,0
95131,5,1,332850,332850,332851,0,1,2
95132,5,3,332855,332855,332858,0,3,4
95133,2,2,332857,332858,332860,1,3,0
95134,6,3,332863,332863,332866,0,3,3
95135,3,3,332866,332866,332869,0,3,0
95136,5,2,332871,332871,332873,0,2,2
95137,3,2,332874,332874,332876,0,2,1
95138,5,2,332879,332879,332881,0,2,3
95139,2,3,332881,332881,332884,0,3,0
95140,6,3,332887,332887,332890,0,3,3
95141,3,2,332890,332890,332892,0,2,0
95142,6,1,332896,332896,332897,0,1,4
95143,4,2,332900,332900,332902,0,2,3
95144,1,1,332901,332902,332903,1,2,0
95145,2,1,332903,332903,332904,0,1,0
95146,2,3,332905,332905,332908,0,3,1
95147,1,2,332906,332908,332910,2,4,0
95148,6,2,332912,332912,332914,0,2,2
95149,3,1,332915,332915,332916,0,1,1
95150,1,3,332916,332916,332919,0,3,0
95151,6,2,332922,332922,332924,0,2,3
95152,2,2,332924,332924,332926,0,2,0
95153,5,3,332929,332929,332932,0,3,3
95154,1,1,332930,332932,332933,2,3,0
95155,1,1,332931,332933,332934,2,3,0
95156,4,2,332935,332935,332937,0,2,1
95157,1,2,332936,332937,332939,1,3,0
95158,2,1,332938,332939,332940,1,2,0
95159,5,2,332943,332943,332945,0,2,3
95160,2,2,332945,332945,332947,0,2,0
95161,2,3,332947,332947,332950,0,3,0
95162,4,3,332951,332951,332954,0,3,1
95163,3,2,332954,332954,332956,0,2,0
95164,4,3,332958,332958,332961,0,3,2
95165,1,2,332959,332961,332963,2,4,0
95166,2,2,332961,332963,332965,2,4,0
95167,6,2,332967,332967,332969,0,2,2
95168,6,3,332973,332973,332976,0,3,4
95169,4,1,332977,332977,332978,0,1,1
95170,2,2,332979,332979,332981,0,2,1
95171,4,1,332983,332983,332984,0,1,2
95172,1,2,332984,332984,332986,0,2,0
95173,3,1,332987,332987,332988,0,1,1
95174,1,1,332988,332988,332989,0,1,0
95175,6,1,332994,332994,332995,0,1,5
95176,2,1,332996,332996,332997,0,1,1
95177,3,3,332999,332999,333002,0,3,2
95178,1,2,333000,333002,333004,2,4,0
95179,3,3,333003,333004,333007,1,4,0
95180,1,3,333004,333007,333010,3,6,0
95181,1,3,333005,333010,333013,5,8,0
95182,2,2,333007,333013,333015,6,8,0
95183,1,3,333008,333015,333018,7,10,0
95184,3,1,333011,333018,333019,7,8,0
95185,3,2,333014,333019,333021,5,7,0
95186,4,1,333018,333021,333022,3,4,0
95187,4,3,333022,333022,333025,0,3,0
95188,3,3,333025,333025,333028,0,3,0
95189,3,3,333028,333028,333031,0,3,0
95190,5,3,333033,333033,333036,0,3,2
95191,3,2,333036,333036,333038,0,2,0
95192,2,3,333038,333038,333041,0,3,0
95193,1,3,333039,333041,333044,2,5,0
95194,5,2,333044,333044,333046,0,2,0
95195,2,3,333046,333046,333049,0,3,0
95196,3,3,333049,333049,333052,0,3,0
95197,2,2,333051,333052,333054,1,3,0
95198,6,2,333057,333057,333059,0,2,3
95199,2,3,333059,333059,333062,0,3,0
95200,1,2,333060,333062,333064,2,4,0
95201,2,2,333062,333064,333066,2,4,0
95202,4,2,333066,333066,333068,0,2,0
95203,5,1,333071,333071,333072,0,1,3
95204,4,1,333075,333075,333076,0,1,3
95205,4,1,333079,333079,333080,0,1,3
95206,6,3,333085,333085,333088,0,3,5
95207,2,1,333087,333088,333089,1,2,0
95208,3,3,333090,333090,333093,0,3,1
95209,3,1,333093,333093,333094,0,1,0
95210,4,3,333097,333097,333100,0,3,3
95211,2,2,333099,333100,333102,1,3,0
95212,3,3,333102,333102,333105,0,3,0
95213,1,1,333103,333105,333106,2,3,0
95214,4,2,333107,333107,333109,0,2,1
95215,1,1,333108,333109,333110,1,2,0
95216,3,1,333111,333111,333112,0,1,1
95217,4,3,333115,333115,333118,0,3,3
95218,1,2,333116,333118,333120,2,4,0
95219,1,1,333117,333120,333121,3,4,0
95220,3,3,333120,333121,333124,1,4,0
95221,4,1,333124,333124,333125,0,1,0
95222,4,1,333128,333128,333129,0,1,3
95223,2,3,333130,333130,333133,0,3,1
95224,3,3,333133,333133,333136,0,3,0
95225,2,3,333135,333136,333139,1,4,0
95226,4,2,333139,333139,333141,0,2,0
95227,2,3,333141,333141,333144,0,3,0
95228,5,1,333146,333146,333147,0,1,2
95229,5,2,333151,333151,333153,0,2,4
95230,5,2,333156,333156,333158,0,2,3
95231,6,1,333162,333162,333163,0,1,4
95232,2,1,333164,333164,333165,0,1,1
95233,2,3,333166,333166,333169,0,3,1
95234,4,1,333170,333170,333171,0,1,1
95235,5,1,333175,333175,333176,0,1,4
95236,4,2,333179,333179,333181,0,2,3
95237,5,1,333184,333184,333185,0,1,3
95238,4,3,333188,333188,333191,0,3,3
95239,4,3,333192,333192,333195,0,3,1
95240,1,1,333193,333195,333196,2,3,0
95241,4,2,333197,333197,333199,0,2,1
95242,4,2,333201,333201,333203,0,2,2
95243,6,2,333207,333207,333209,0,2,4
95244,2,3,333209,333209,333212,0,3,0
95245,3,1,333212,333212,333213,0,1,0
95246,3,3,333215,333215,333218,0,3,2
95247,5,3,333220,333220,333223,0,3,2
95248,5,2,333225,333225,333227,0,2,2
95249,5,2,333230,333230,333232,0,2,3
95250,1,1,333231,333232,333233,1,2,0
95251,1,3,333232,333233,333236,1,4,0
95252,1,3,333233,333236,333239,3,6,0
95253,2,3,333235,333239,333242,4,7,0
95254,2,1,333237,333242,333243,5,6,0
95255,2,1,333239,333243,333244,4,5,0
95256,3,2,333242,333244,333246,2,4,0
95257,1,1,333243,333246,333247,3,4,0
95258,4,2,333247,333247,333249,0,2,0
95259,2,3,333249,333249,333252,0,3,0
95260,5,3,333254,333254,333257,0,3,2
95261,2,2,333256,333257,333259,1,3,0
95262,6,3,333262,333262,333265,0,3,3
95263,6,3,333268,333268,333271,0,3,3
95264,6,3,333274,333274,333277,0,3,3
95265,6,3,333280,333280,333283,0,3,3
95266,4,1,333284,333284,333285,0,1,1
95267,1,3,333285,333285,333288,0,3,0
95268,5,1,333290,333290,333291,0,1,2
95269,4,3,333294,333294,333297,0,3,3
95270,4,1,333298,333298,333299,0,1,1
95271,6,2,333304,333304,333306,0,2,5
95272,3,1,333307,333307,333308,0,1,1
95273,6,2,333313,333313,333315,0,2,5
95274,2,1,333315,333315,333316,0,1,0
95275,5,2,333320,333320,333322,0,2,4
95276,4,2,333324,333324,333326,0,2,2
95277,5,2,333329,333329,333331,0,2,3
95278,4,1,333333,333333,333334,0,1,2
95279,4,1,333337,333337,333338,0,1,3
95280,3,1,333340,333340,333341,0,1,2
95281,1,1,333341,333341,333342,0,1,0
95282,3,2,333344,333344,333346,0,2,2
95283,5,1,333349,333349,333350,0,1,3
95284,5,2,333354,333354,333356,0,2,4
95285,3,1,333357,333357,333358,0,1,1
95286,4,3,333361,333361,333364,0,3,3
95287,5,2,333366,333366,333368,0,2,2
95288,3,3,333369,333369,333372,0,3,1
95289,3,1,333372,333372,333373,0,1,0
95290,4,2,333376,333376,333378,0,2,3
95291,4,3,333380,333380,333383,0,3,2
95292,1,1,333381,333383,333384,2,3,0
95293,2,3,333383,333384,333387,1,4,0
95294,5,3,333388,333388,333391,0,3,1
95295,3,1,333391,333391,333392,0,1,0
95296,2,3,333393,333393,333396,0,3,1
95297,3,2,333396,333396,333398,0,2,0
95298,4,2,333400,333400,333402,0,2,2
95299,5,3,333405,333405,333408,0,3,3
95300,6,1,333411,333411,333412,0,1,3
95301,2,2,333413,333413,333415,0,2,1
95302,5,1,333418,333418,333419,0,1,3
95303,6,3,333424,333424,333427,0,3,5
95304,6,1,333430,333430,333431,0,1,3
95305,2,2,333432,333432,333434,0,2,1
95306,2,1,333434,333434,333435,0,1,0
95307,4,3,333438,333438,333441,0,3,3
95308,3,2,333441,333441,333443,0,2,0
95309,4,1,333445,333445,333446,0,1,2
95310,4,1,333449,333449,333450,0,1,3
95311,6,2,333455,333455,333457,0,2,5
95312,5,1,333460,333460,333461,0,1,3
95313,1,1,333461,333461,333462,0,1,0
95314,6,3,333467,333467,333470,0,3,5
95315,3,1,333470,333470,333471,0,1,0
95316,5,3,333475,333475,333478,0,3,4
95317,1,3,333476,333478,333481,2,5,0
95318,5,3,333481,333481,333484,0,3,0
95319,1,2,333482,333484,333486,2,4,0
95320,2,3,333484,333486,333489,2,5,0
95321,4,3,333488,333489,333492,1,4,0
95322,6,1,333494,333494,333495,0,1,2
95323,4,3,333498,333498,333501,0,3,3
95324,4,2,333502,333502,333504,0,2,1
95325,3,3,333505,333505,333508,0,3,1
95326,6,3,333511,333511,333514,0,3,3
95327,2,1,333513,333514,333515,1,2,0
95328,6,3,333519,333519,333522,0,3,4
95329,6,1,333525,333525,333526,0,1,3
95330,5,2,333530,333530,333532,0,2,4
95331,4,3,333534,333534,333537,0,3,2
95332,5,1,333539,333539,333540,0,1,2
95333,1,3,333540,333540,333543,0,3,0
95334,6,3,333546,333546,333549,0,3,3
95335,6,3,333552,333552,333555,0,3,3
95336,2,2,333554,333555,333557,1,3,0
95337,4,1,333558,333558,333559,0,1,1
95338,1,3,333559,333559,333562,0,3,0
95339,6,1,333565,333565,333566,0,1,3
95340,3,3,333568,333568,333571,0,3,2
95341,6,2,333574,333574,333576,0,2,3
95342,2,2,333576,333576,333578,0,2,0
95343,1,2,333577,333578,333580,1,3,0
95344,2,2,333579,333580,333582,1,3,0
95345,1,2,333580,333582,333584,2,4,0
95346,1,1,333581,333584,333585,3,4,0
95347,1,3,333582,333585,333588,3,6,0
95348,5,3,333587,333588,333591,1,4,0
95349,6,3,333593,333593,333596,0,3,2
95350,3,1,333596,333596,333597,0,1,0
95351,6,1,333602,333602,333603,0,1,5
95352,6,3,333608,333608,333611,0,3,5
95353,5,3,333613,333613,333616,0,3,2
95354,5,2,333618,333618,333620,0,2,2
95355,1,3,333619,333620,333623,1,4,0
95356,4,1,333623,333623,333624,0,1,0
95357,5,2,333628,333628,333630,0,2,4
95358,6,1,333634,333634,333635,0,1,4
95359,4,1,333638,333638,333639,0,1,3
95360,5,1,333643,333643,333644,0,1,4
95361,6,2,333649,333649,333651,0,2,5
95362,3,1,333652,333652,333653,0,1,1
95363,4,1,333656,333656,333657,0,1,3
95364,2,3,333658,333658,333661,0,3,1
95365,5,3,333663,333663,333666,0,3,2
95366,5,3,333668,333668,333671,0,3,2
95367,4,3,333672,333672,333675,0,3,1
95368,2,3,333674,333675,333678,1,4,0
95369,4,1,333678,333678,333679,0,1,0
95370,3,1,333681,333681,333682,0,1,2
95371,6,3,333687,333687,333690,0,3,5
95372,4,3,333691,333691,333694,0,3,1
95373,3,2,333694,333694,333696,0,2,0
95374,6,2,333700,333700,333702,0,2,4
95375,2,3,333702,333702,333705,0,3,0
95376,5,2,333707,333707,333709,0,2,2
95377,2,1,333709,333709,333710,0,1,0
95378,1,2,333710,333710,333712,0,2,0
95379,1,2,333711,333712,333714,1,3,0
95380,3,1,333714,333714,333715,0,1,0
95381,3,3,333717,333717,333720,0,3,2
95382,1,3,333718,333720,333723,2,5,0
95383,3,2,333721,333723,333725,2,4,0
95384,6,1,333727,333727,333728,0,1,2
95385,2,3,333729,333729,333732,0,3,1
95386,1,2,333730,333732,333734,2,4,0
95387,4,2,333734,333734,333736,0,2,0
95388,3,2,333737,333737,333739,0,2,1
95389,4,1,333741,333741,333742,0,1,2
95390,5,2,333746,333746,333748,0,2,4
95391,1,3,333747,333748,333751,1,4,0
95392,5,1,333752,333752,333753,0,1,1
95393,5,1,333757,333757,333758,0,1,4
95394,6,1,333763,333763,333764,0,1,5
95395,6,3,333769,333769,333772,0,3,5
95396,3,2,333772,333772,333774,0,2,0
95397,3,3,333775,333775,333778,0,3,1
95398,1,2,333776,333778,333780,2,4,0
95399,6,1,333782,333782,333783,0,1,2
95400,2,2,333784,333784,333786,0,2,1
95401,3,3,333787,333787,333790,0,3,1
95402,1,3,333788,333790,333793,2,5,0
95403,1,3,333789,333793,333796,4,7,0
95404,5,1,333794,333796,333797,2,3,0
95405,5,3,333799,333799,333802,0,3,2
95406,5,3,333804,333804,333807,0,3,2
95407,5,1,333809,333809,333810,0,1,2
95408,1,1,333810,333810,333811,0,1,0
95409,4,2,333814,333814,333816,0,2,3
95410,1,2,333815,333816,333818,1,3,0
95411,3,2,333818,333818,333820,0,2,0
95412,5,1,333823,333823,333824,0,1,3
95413,3,1,333826,333826,333827,0,1,2
95414,1,2,333827,333827,333829,0,2,0
95415,1,3,333828,333829,333832,1,4,0
95416,1,1,333829,333832,333833,3,4,0
95417,2,3,333831,333833,333836,2,5,0
95418,1,2,333832,333836,333838,4,6,0
95419,3,3,333835,333838,333841,3,6,0
95420,4,2,333839,333841,333843,2,4,0
95421,6,3,333845,333845,333848,0,3,2
95422,1,3,333846,333848,333851,2,5,0
95423,6,1,333852,333852,333853,0,1,1
95424,4,1,333856,333856,333857,0,1,3
95425,3,1,333859,333859,333860,0,1,2
95426,4,2,333863,333863,333865,0,2,3
95427,1,3,333864,333865,333868,1,4,0
95428,1,1,333865,333868,333869,3,4,0
95429,1,1,333866,333869,333870,3,4,0
95430,6,1,333872,333872,333873,0,1,2
95431,6,1,333878,333878,333879,0,1,5
95432,6,2,333884,333884,333886,0,2,5
95433,6,1,333890,333890,333891,0,1,4
95434,2,1,333892,333892,333893,0,1,1
95435,1,3,333893,333893,333896,0,3,0
95436,3,2,333896,333896,333898,0,2,0
95437,2,3,333898,333898,333901,0,3,0
95438,3,2,333901,333901,333903,0,2,0
95439,5,2,333906,333906,333908,0,2,3
95440,1,1,333907,333908,333909,1,2,0
95441,1,3,333908,333909,333912,1,4,0
95442,3,3,333911,333912,333915,1,4,0
95443,5,1,333916,333916,333917,0,1,1
95444,6,1,333922,333922,333923,0,1,5
95445,5,3,333927,333927,333930,0,3,4
95446,5,1,333932,333932,333933,0,1,2
95447,2,1,333934,333934,333935,0,1,1
95448,1,1,333935,333935,333936,0,1,0
95449,5,3,333940,333940,333943,0,3,4
95450,1,1,333941,333943,333944,2,3,0
95451,2,1,333943,333944,333945,1,2,0
95452,3,2,333946,333946,333948,0,2,1
95453,6,1,333952,333952,333953,0,1,4
95454,1,1,333953,333953,333954,0,1,0
95455,2,2,333955,333955,333957,0,2,1
95456,5,2,333960,333960,333962,0,2,3
95457,2,3,333962,333962,333965,0,3,0
95458,4,1,333966,333966,333967,0,1,1
95459,4,1,333970,333970,333971,0,1,3
95460,3,1,333973,333973,333974,0,1,2
95461,5,3,333978,333978,333981,0,3,4
95462,3,2,333981,333981,333983,0,2,0
95463,1,3,333982,333983,333986,1,4,0
95464,4,3,333986,333986,333989,0,3,0
95465,4,3,333990,333990,333993,0,3,1
95466,5,2,333995,333995,333997,0,2,2
95467,4,1,333999,333999,334000,0,1,2
95468,5,3,334004,334004,334007,0,3,4
95469,6,1,334010,334010,334011,0,1,3
95470,6,2,334016,334016,334018,0,2,5
95471,4,3,334020,334020,334023,0,3,2
95472,3,3,334023,334023,334026,0,3,0
95473,3,1,334026,334026,334027,0,1,0
95474,4,1,334030,334030,334031,0,1,3
95475,3,3,334033,334033,334036,0,3,2
95476,2,3,334035,334036,334039,1,4,0
95477,6,1,334041,334041,334042,0,1,2
95478,1,2,334042,334042,334044,0,2,0
95479,2,1,334044,334044,334045,0,1,0
95480,6,2,334050,334050,334052,0,2,5
95481,3,1,334053,334053,334054,0,1,1
95482,4,2,334057,334057,334059,0,2,3
95483,2,3,334059,334059,334062,0,3,0
95484,4,1,334063,334063,334064,0,1,1
95485,6,1,334069,334069,334070,0,1,5
95486,1,1,334070,334070,334071,0,1,0
95487,3,2,334073,334073,334075,0,2,2
95488,4,2,334077,334077,334079,0,2,2
95489,5,2,334082,334082,334084,0,2,3
95490,2,3,334084,334084,334087,0,3,0
95491,5,2,334089,334089,334091,0,2,2
95492,4,3,334093,334093,334096,0,3,2
95493,6,3,334099,334099,334102,0,3,3
95494,5,1,334104,334104,334105,0,1,2
95495,4,2,334108,334108,334110,0,2,3
95496,3,3,334111,334111,334114,0,3,1
95497,6,2,334117,334117,334119,0,2,3
95498,6,3,334123,334123,334126,0,3,4
95499,1,2,334124,334126,334128,2,4,0
95500,5,1,334129,334129,334130,0,1,1
95501,1,1,334130,334130,334131,0,1,0
95502,2,1,334132,334132,334133,0,1,1
95503,6,2,334138,334138,334140,0,2,5
95504,4,2,334142,334142,334144,0,2,2
95505,4,3,334146,334146,334149,0,3,2
95506,3,3,334149,334149,334152,0,3,0
95507,4,1,334153,334153,334154,0,1,1
95508,1,3,334154,334154,334157,0,3,0
95509,3,2,334157,334157,334159,0,2,0
95510,3,2,334160,334160,334162,0,2,1
95511,5,1,334165,334165,334166,0,1,3
95512,1,1,334166,334166,334167,0,1,0
95513,4,1,334170,334170,334171,0,1,3
95514,6,3,334176,334176,334179,0,3,5
95515,6,2,334182,334182,334184,0,2,3
95516,1,3,334183,334184,334187,1,4,0
95517,3,1,334186,334187,334188,1,2,0
95518,4,3,334190,334190,334193,0,3,2
95519,1,1,334191,334193,334194,2,3,0
95520,6,1,334197,334197,334198,0,1,3
95521,2,2,334199,334199,334201,0,2,1
95522,6,1,334205,334205,334206,0,1,4
95523,6,1,334211,334211,334212,0,1,5
95524,2,3,334213,334213,334216,0,3,1
95525,4,3,334217,334217,334220,0,3,1
95526,4,3,334221,334221,334224,0,3,1
95527,6,3,334227,334227,334230,0,3,3
95528,2,2,334229,334230,334232,1,3,0
95529,1,1,334230,334232,334233,2,3,0
95530,1,1,334231,334233,334234,2,3,0
95531,5,2,334236,334236,334238,0,2,2
95532,1,2,334237,334238,334240,1,3,0
95533,3,1,334240,334240,334241,0,1,0
95534,6,3,334246,334246,334249,0,3,5
95535,3,3,334249,334249,334252,0,3,0
95536,4,1,334253,334253,334254,0,1,1
95537,2,1,334255,334255,334256,0,1,1
95538,4,1,334259,334259,334260,0,1,3
95539,6,3,334265,334265,334268,0,3,5
95540,1,3,334266,334268,334271,2,5,0
95541,6,2,334272,334272,334274,0,2,1
95542,4,2,334276,334276,334278,0,2,2
95543,6,3,334282,334282,334285,0,3,4
95544,1,1,334283,334285,334286,2,3,0
95545,4,2,334287,334287,334289,0,2,1
95546,6,3,334293,334293,334296,0,3,4
95547,6,2,334299,334299,334301,0,2,3
95548,3,1,334302,334302,334303,0,1,1
95549,6,1,334308,334308,334309,0,1,5
95550,6,2,334314,334314,334316,0,2,5
95551,3,3,334317,334317,334320,0,3,1
95552,2,3,334319,334320,334323,1,4,0
95553,4,1,334323,334323,334324,0,1,0
95554,3,2,334326,334326,334328,0,2,2
95555,4,3,334330,334330,334333,0,3,2
95556,6,1,334336,334336,334337,0,1,3
95557,4,1,334340,334340,334341,0,1,3
95558,4,3,334344,334344,334347,0,3,3
95559,5,1,334349,334349,334350,0,1,2
95560,5,2,334354,334354,334356,0,2,4
95561,3,3,334357,334357,334360,0,3,1
95562,3,2,334360,334360,334362,0,2,0
95563,6,1,334366,334366,334367,0,1,4
95564,2,2,334368,334368,334370,0,2,1
95565,2,3,334370,334370,334373,0,3,0
95566,4,2,334374,334374,334376,0,2,1
95567,4,2,334378,334378,334380,0,2,2
95568,5,3,334383,334383,334386,0,3,3
95569,4,2,334387,334387,334389,0,2,1
95570,5,3,334392,334392,334395,0,3,3
95571,4,3,334396,334396,334399,0,3,1
95572,2,2,334398,334399,334401,1,3,0
95573,1,2,334399,334401,334403,2,4,0
95574,3,1,334402,334403,334404,1,2,0
95575,4,3,334406,334406,334409,0,3,2
95576,6,3,334412,334412,334415,0,3,3
95577,2,1,334414,334415,334416,1,2,0
95578,6,3,334420,334420,334423,0,3,4
95579,1,1,334421,334423,334424,2,3,0
95580,2,2,334423,334424,334426,1,3,0
95581,6,2,334429,334429,334431,0,2,3
95582,2,2,334431,334431,334433,0,2,0
95583,1,1,334432,334433,334434,1,2,0
95584,1,2,334433,334434,334436,1,3,0
95585,2,3,334435,334436,334439,1,4,0
95586,4,1,334439,334439,334440,0,1,0
95587,4,1,334443,334443,334444,0,1,3
95588,2,3,334445,334445,334448,0,3,1
95589,6,1,334451,334451,334452,0,1,3
95590,2,3,334453,334453,334456,0,3,1
95591,6,1,334459,334459,334460,0,1,3
95592,4,3,334463,334463,334466,0,3,3
95593,4,2,334467,334467,334469,0,2,1
95594,5,3,334472,334472,334475,0,3,3
95595,1,3,334473,334475,334478,2,5,0
95596,2,3,334475,334478,334481,3,6,0
95597,4,1,334479,334481,334482,2,3,0
95598,3,2,334482,334482,334484,0,2,0
95599,3,2,334485,334485,334487,0,2,1
95600,1,2,334486,334487,334489,1,3,0
95601,6,2,334492,334492,334494,0,2,3
95602,1,3,334493,334494,334497,1,4,0
95603,5,3,334498,334498,334501,0,3,1
95604,1,1,334499,334501,334502,2,3,0
95605,6,3,334505,334505,334508,0,3,3
95606,5,3,334510,334510,334513,0,3,2
95607,2,3,334512,334513,334516,1,4,0
95608,1,2,334513,334516,334518,3,5,0
95609,4,3,334517,334518,334521,1,4,0
95610,2,1,334519,334521,334522,2,3,0
95611,4,2,334523,334523,334525,0,2,1
95612,3,2,334526,334526,334528,0,2,1
95613,2,1,334528,334528,334529,0,1,0
95614,6,2,334534,334534,334536,0,2,5
95615,2,1,334536,334536,334537,0,1,0
95616,4,3,334540,334540,334543,0,3,3
95617,2,1,334542,334543,334544,1,2,0
95618,3,2,334545,334545,334547,0,2,1
95619,5,2,334550,334550,334552,0,2,3
95620,2,3,334552,334552,334555,0,3,0
95621,5,3,334557,334557,334560,0,3,2
95622,4,3,334561,334561,334564,0,3,1
95623,6,3,334567,334567,334570,0,3,3
95624,3,1,334570,334570,334571,0,1,0
95625,4,1,334574,334574,334575,0,1,3
95626,2,1,334576,334576,334577,0,1,1
95627,1,1,334577,334577,334578,0,1,0
95628,5,2,334582,334582,334584,0,2,4
95629,5,3,334587,334587,334590,0,3,3
95630,1,2,334588,334590,334592,2,4,0
95631,5,3,334593,334593,334596,0,3,1
95632,2,3,334595,334596,334599,1,4,0
95633,6,3,334601,334601,334604,0,3,2
95634,5,3,334606,334606,334609,0,3,2
95635,2,2,334608,334609,334611,1,3,0
95636,5,3,334613,334613,334616,0,3,2
95637,1,1,334614,334616,334617,2,3,0
95638,1,1,334615,334617,334618,2,3,0
95639,2,2,334617,334618,334620,1,3,0
95640,1,2,334618,334620,334622,2,4,0
95641,6,3,334624,334624,334627,0,3,2
95642,3,1,334627,334627,334628,0,1,0
95643,5,3,334632,334632,334635,0,3,4
95644,2,3,334634,334635,334638,1,4,0
95645,3,1,334637,334638,334639,1,2,0
95646,6,2,334643,334643,334645,0,2,4
95647,4,2,334647,334647,334649,0,2,2
95648,6,2,334653,334653,334655,0,2,4
95649,1,2,334654,334655,334657,1,3,0
95650,4,3,334658,334658,334661,0,3,1
95651,2,3,334660,334661,334664,1,4,0
95652,2,1,334662,334664,334665,2,3,0
95653,2,2,334664,334665,334667,1,3,0
95654,4,1,334668,334668,334669,0,1,1
95655,2,1,334670,334670,334671,0,1,1
95656,6,3,334676,334676,334679,0,3,5
95657,2,2,334678,334679,334681,1,3,0
95658,6,1,334684,334684,334685,0,1,3
95659,6,2,334690,334690,334692,0,2,5
95660,3,1,334693,334693,334694,0,1,1
95661,4,1,334697,334697,334698,0,1,3
95662,4,1,334701,334701,334702,0,1,3
95663,6,1,334707,334707,334708,0,1,5
95664,3,1,334710,334710,334711,0,1,2
95665,4,1,334714,334714,334715,0,1,3
95666,6,2,334720,334720,334722,0,2,5
95667,2,3,334722,334722,334725,0,3,0
95668,2,3,334724,334725,334728,1,4,0
95669,1,3,334725,334728,334731,3,6,0
95670,4,2,334729,334731,334733,2,4,0
95671,1,1,334730,334733,334734,3,4,0
95672,3,2,334733,334734,334736,1,3,0
95673,1,2,334734,334736,334738,2,4,0
95674,1,2,334735,334738,334740,3,5,0
95675,2,1,334737,334740,334741,3,4,0
95676,3,1,334740,334741,334742,1,2,0
95677,1,3,334741,334742,334745,1,4,0
95678,3,1,334744,334745,334746,1,2,0
95679,4,3,334748,334748,334751,0,3,2
95680,1,3,334749,334751,334754,2,5,0
95681,6,1,334755,334755,334756,0,1,1
95682,3,2,334758,334758,334760,0,2,2
95683,6,2,334764,334764,334766,0,2,4
95684,1,1,334765,334766,334767,1,2,0
95685,1,1,334766,334767,334768,1,2,0
95686,2,1,334768,334768,334769,0,1,0
95687,2,3,334770,334770,334773,0,3,1
95688,4,2,334774,334774,334776,0,2,1
95689,3,1,334777,334777,334778,0,1,1
95690,3,1,334780,334780,334781,0,1,2
95691,1,2,334781,334781,334783,0,2,0
95692,4,3,334785,334785,334788,0,3,2
95693,4,1,334789,334789,334790,0,1,1
95694,3,1,334792,334792,334793,0,1,2
95695,6,2,334798,334798,334800,0,2,5
95696,2,3,334800,334800,334803,0,3,0
95697,6,3,334806,334806,334809,0,3,3
95698,1,1,334807,334809,334810,2,3,0
95699,3,3,334810,334810,334813,0,3,0
95700,3,2,334813,334813,334815,0,2,0
95701,3,1,334816,334816,334817,0,1,1
95702,6,1,334822,334822,334823,0,1,5
95703,1,2,334823,334823,334825,0,2,0
95704,5,3,334828,334828,334831,0,3,3
95705,4,3,334832,334832,334835,0,3,1
95706,3,1,334835,334835,334836,0,1,0
95707,2,3,334837,334837,334840,0,3,1
95708,5,2,334842,334842,334844,0,2,2
95709,5,1,334847,334847,334848,0,1,3
95710,2,2,334849,334849,334851,0,2,1
95711,4,3,334853,334853,334856,0,3,2
95712,1,1,334854,334856,334857,2,3,0
95713,3,1,334857,334857,334858,0,1,0
95714,1,2,334858,334858,334860,0,2,0
95715,5,3,334863,334863,334866,0,3,3
95716,3,3,334866,334866,334869,0,3,0
95717,1,3,334867,334869,334872,2,5,0
95718,6,2,334873,334873,334875,0,2,1
95719,6,3,334879,334879,334882,0,3,4
95720,4,1,334883,334883,334884,0,1,1
95721,1,1,334884,334884,334885,0,1,0
95722,5,2,334889,334889,334891,0,2,4
95723,1,3,334890,334891,334894,1,4,0
95724,5,1,334895,334895,334896,0,1,1
95725,5,2,334900,334900,334902,0,2,4
95726,1,2,334901,334902,334904,1,3,0
95727,1,1,334902,334904,334905,2,3,0
95728,4,2,334906,334906,334908,0,2,1
95729,6,3,334912,334912,334915,0,3,4
95730,3,3,334915,334915,334918,0,3,0
95731,1,2,334916,334918,334920,2,4,0
95732,5,1,334921,334921,334922,0,1,1
95733,6,3,334927,334927,334930,0,3,5
95734,6,3,334933,334933,334936,0,3,3
95735,3,1,334936,334936,334937,0,1,0
95736,6,3,334942,334942,334945,0,3,5
95737,2,1,334944,334945,334946,1,2,0
95738,6,2,334950,334950,334952,0,2,4
95739,1,1,334951,334952,334953,1,2,0
95740,2,1,334953,334953,334954,0,1,0
95741,4,1,334957,334957,334958,0,1,3
95742,6,3,334963,334963,334966,0,3,5
95743,6,3,334969,334969,334972,0,3,3
95744,5,1,334974,334974,334975,0,1,2
95745,2,1,334976,334976,334977,0,1,1
95746,1,3,334977,334977,334980,0,3,0
95747,3,1,334980,334980,334981,0,1,0
95748,5,3,334985,334985,334988,0,3,4
95749,3,3,334988,334988,334991,0,3,0
95750,4,1,334992,334992,334993,0,1,1
95751,1,3,334993,334993,334996,0,3,0
95752,3,1,334996,334996,334997,0,1,0
95753,1,1,334997,334997,334998,0,1,0
95754,1,1,334998,334998,334999,0,1,0
95755,2,2,335000,335000,335002,0,2,1
95756,3,3,335003,335003,335006,0,3,1
95757,2,3,335005,335006,335009,1,4,0
95758,6,2,335011,335011,335013,0,2,2
95759,3,3,335014,335014,335017,0,3,1
95760,3,2,335017,335017,335019,0,2,0
95761,1,2,335018,335019,335021,1,3,0
95762,2,1,335020,335021,335022,1,2,0
95763,4,1,335024,335024,335025,0,1,2
95764,5,2,335029,335029,335031,0,2,4
95765,2,2,335031,335031,335033,0,2,0
95766,2,2,335033,335033,335035,0,2,0
95767,5,2,335038,335038,335040,0,2,3
95768,4,2,335042,335042,335044,0,2,2
95769,1,3,335043,335044,335047,1,4,0
95770,1,1,335044,335047,335048,3,4,0
95771,3,1,335047,335048,335049,1,2,0
95772,4,1,335051,335051,335052,0,1,2
95773,4,1,335055,335055,335056,0,1,3
95774,6,1,335061,335061,335062,0,1,5
95775,6,1,335067,335067,335068,0,1,5
95776,3,3,335070,335070,335073,0,3,2
95777,4,1,335074,335074,335075,0,1,1
95778,3,2,335077,335077,335079,0,2,2
95779,1,2,335078,335079,335081,1,3,0
95780,5,1,335083,335083,335084,0,1,2
95781,4,2,335087,335087,335089,0,2,3
95782,3,2,335090,335090,335092,0,2,1
95783,5,2,335095,335095,335097,0,2,3
95784,3,2,335098,335098,335100,0,2,1
95785,5,3,335103,335103,335106,0,3,3
95786,5,2,335108,335108,335110,0,2,2
95787,4,3,335112,335112,335115,0,3,2
95788,4,2,335116,335116,335118,0,2,1
95789,1,1,335117,335118,335119,1,2,0
95790,2,3,335119,335119,335122,0,3,0
95791,1,2,335120,335122,335124,2,4,0
95792,5,1,335125,335125,335126,0,1,1
95793,6,3,335131,335131,335134,0,3,5
95794,4,2,335135,335135,335137,0,2,1
95795,1,2,335136,335137,335139,1,3,0
95796,4,3,335140,335140,335143,0,3,1
95797,5,2,335145,335145,335147,0,2,2
95798,4,2,335149,335149,335151,0,2,2
95799,3,3,335152,335152,335155,0,3,1
95800,5,2,335157,335157,335159,0,2,2
95801,6,2,335163,335163,335165,0,2,4
95802,5,1,335168,335168,335169,0,1,3
95803,6,2,335174,335174,335176,0,2,5
95804,6,1,335180,335180,335181,0,1,4
95805,3,3,335183,335183,335186,0,3,2
95806,5,3,335188,335188,335191,0,3,2
95807,3,2,335191,335191,335193,0,2,0
95808,2,1,335193,335193,335194,0,1,0
95809,6,2,335199,335199,335201,0,2,5
95810,5,2,335204,335204,335206,0,2,3
95811,6,3,335210,335210,335213,0,3,4
95812,5,2,335215,335215,335217,0,2,2
95813,6,3,335221,335221,335224,0,3,4
95814,4,1,335225,335225,335226,0,1,1
95815,3,3,335228,335228,335231,0,3,2
95816,4,1,335232,335232,335233,0,1,1
95817,3,2,335235,335235,335237,0,2,2
95818,5,1,335240,335240,335241,0,1,3
95819,3,2,335243,335243,335245,0,2,2
95820,2,3,335245,335245,335248,0,3,0
95821,2,2,335247,335248,335250,1,3,0
95822,6,3,335253,335253,335256,0,3,3
95823,5,3,335258,335258,335261,0,3,2
95824,1,3,335259,335261,335264,2,5,0
95825,5,1,335264,335264,335265,0,1,0
95826,1,3,335265,335265,335268,0,3,0
95827,1,1,335266,335268,335269,2,3,0
95828,5,2,335271,335271,335273,0,2,2
95829,6,1,335277,335277,335278,0,1,4
95830,2,3,335279,335279,335282,0,3,1
95831,4,1,335283,335283,335284,0,1,1
95832,5,2,335288,335288,335290,0,2,4
95833,1,3,335289,335290,335293,1,4,0
95834,6,2,335295,335295,335297,0,2,2
95835,5,1,335300,335300,335301,0,1,3
95836,4,3,335304,335304,335307,0,3,3
95837,5,3,335309,335309,335312,0,3,2
95838,1,1,335310,335312,335313,2,3,0
95839,2,2,335312,335313,335315,1,3,0
95840,3,2,335315,335315,335317,0,2,0
95841,2,2,335317,335317,335319,0,2,0
95842,2,3,335319,335319,335322,0,3,0
95843,5,3,335324,335324,335327,0,3,2
95844,6,3,335330,335330,335333,0,3,3
95845,2,2,335332,335333,335335,1,3,0
95846,3,1,335335,335335,335336,0,1,0
95847,5,3,335340,335340,335343,0,3,4
95848,4,2,335344,335344,335346,0,2,1
95849,6,3,335350,335350,335353,0,3,4
95850,2,3,335352,335353,335356,1,4,0
95851,4,3,335356,335356,335359,0,3,0
95852,6,1,335362,335362,335363,0,1,3
95853,1,2,335363,335363,335365,0,2,0
95854,5,3,335368,335368,335371,0,3,3
95855,4,1,335372,335372,335373,0,1,1
95856,4,1,335376,335376,335377,0,1,3
95857,1,2,335377,335377,335379,0,2,0
95858,3,2,335380,335380,335382,0,2,1
95859,4,1,335384,335384,335385,0,1,2
95860,6,2,335390,335390,335392,0,2,5
95861,2,2,335392,335392,335394,0,2,0
95862,3,1,335395,335395,335396,0,1,1
95863,6,3,335401,335401,335404,0,3,5
95864,4,2,335405,335405,335407,0,2,1
95865,1,2,335406,335407,335409,1,3,0
95866,6,2,335412,335412,335414,0,2,3
95867,1,2,335413,335414,335416,1,3,0
95868,2,3,335415,335416,335419,1,4,0
95869,6,2,335421,335421,335423,0,2,2
95870,2,1,335423,335423,335424,0,1,0
95871,4,2,335427,335427,335429,0,2,3
95872,1,3,335428,335429,335432,1,4,0
95873,1,3,335429,335432,335435,3,6,0
95874,6,1,335435,335435,335436,0,1,0
95875,4,2,335439,335439,335441,0,2,3
95876,6,1,335445,335445,335446,0,1,4
95877,6,2,335451,335451,335453,0,2,5
95878,1,1,335452,335453,335454,1,2,0
95879,6,3,335458,335458,335461,0,3,4
95880,5,2,335463,335463,335465,0,2,2
95881,5,1,335468,335468,335469,0,1,3
95882,4,3,335472,335472,335475,0,3,3
95883,6,1,335478,335478,335479,0,1,3
95884,4,2,335482,335482,335484,0,2,3
95885,2,2,335484,335484,335486,0,2,0
95886,1,3,335485,335486,335489,1,4,0
95887,4,1,335489,335489,335490,0,1,0
95888,2,2,335491,335491,335493,0,2,1
95889,6,2,335497,335497,335499,0,2,4
95890,6,3,335503,335503,335506,0,3,4
95891,4,1,335507,335507,335508,0,1,1
95892,2,2,335509,335509,335511,0,2,1
95893,2,1,335511,335511,335512,0,1,0
95894,5,2,335516,335516,335518,0,2,4
95895,5,1,335521,335521,335522,0,1,3
95896,1,2,335522,335522,335524,0,2,0
95897,1,3,335523,335524,335527,1,4,0
95898,2,3,335525,335527,335530,2,5,0
95899,5,1,335530,335530,335531,0,1,0
95900,1,3,335531,335531,335534,0,3,0
95901,6,1,335537,335537,335538,0,1,3
95902,6,1,335543,335543,335544,0,1,5
95903,6,2,335549,335549,335551,0,2,5
95904,4,1,335553,335553,335554,0,1,2
95905,5,1,335558,335558,335559,0,1,4
95906,4,3,335562,335562,335565,0,3,3
95907,4,3,335566,335566,335569,0,3,1
95908,3,3,335569,335569,335572,0,3,0
95909,6,2,335575,335575,335577,0,2,3
95910,4,2,335579,335579,335581,0,2,2
95911,5,2,335584,335584,335586,0,2,3
95912,4,3,335588,335588,335591,0,3,2
95913,1,3,335589,335591,335594,2,5,0
95914,4,3,335593,335594,335597,1,4,0
95915,5,3,335598,335598,335601,0,3,1
95916,6,3,335604,335604,335607,0,3,3
95917,4,2,335608,335608,335610,0,2,1
95918,5,3,335613,335613,335616,0,3,3
95919,2,2,335615,335616,335618,1,3,0
95920,5,3,335620,335620,335623,0,3,2
95921,2,1,335622,335623,335624,1,2,0
95922,4,3,335626,335626,335629,0,3,2
95923,1,2,335627,335629,335631,2,4,0
95924,2,3,335629,335631,335634,2,5,0
95925,3,1,335632,335634,335635,2,3,0
95926,1,2,335633,335635,335637,2,4,0
95927,4,2,335637,335637,335639,0,2,0
95928,1,2,335638,335639,335641,1,3,0
95929,6,1,335644,335644,335645,0,1,3
95930,2,2,335646,335646,335648,0,2,1
95931,6,1,335652,335652,335653,0,1,4
95932,2,1,335654,335654,335655,0,1,1
95933,1,3,335655,335655,335658,0,3,0
95934,3,1,335658,335658,335659,0,1,0
95935,6,2,335664,335664,335666,0,2,5
95936,6,1,335670,335670,335671,0,1,4
95937,6,2,335676,335676,335678,0,2,5
95938,6,1,335682,335682,335683,0,1,4
95939,1,2,335683,335683,335685,0,2,0
95940,1,1,335684,335685,335686,1,2,0
95941,4,1,335688,335688,335689,0,1,2
95942,4,1,335692,335692,335693,0,1,3
95943,3,3,335695,335695,335698,0,3,2
95944,6,1,335701,335701,335702,0,1,3
95945,2,2,335703,335703,335705,0,2,1
95946,2,1,335705,335705,335706,0,1,0
95947,6,1,335711,335711,335712,0,1,5
95948,5,1,335716,335716,335717,0,1,4
95949,4,3,335720,335720,335723,0,3,3
95950,5,1,335725,335725,335726,0,1,2
95951,5,2,335730,335730,335732,0,2,4
95952,4,3,335734,335734,335737,0,3,2
95953,6,2,335740,335740,335742,0,2,3
95954,2,2,335742,335742,335744,0,2,0
95955,4,2,335746,335746,335748,0,2,2
95956,6,3,335752,335752,335755,0,3,4
95957,1,3,335753,335755,335758,2,5,0
95958,5,3,335758,335758,335761,0,3,0
95959,3,1,335761,335761,335762,0,1,0
95960,1,1,335762,335762,335763,0,1,0
95961,6,1,335768,335768,335769,0,1,5
95962,2,2,335770,335770,335772,0,2,1
95963,3,3,335773,335773,335776,0,3,1
95964,1,1,335774,335776,335777,2,3,0
95965,1,2,335775,335777,335779,2,4,0
95966,6,3,335781,335781,335784,0,3,2
95967,1,2,335782,335784,335786,2,4,0
95968,6,3,335788,335788,335791,0,3,2
95969,1,2,335789,335791,335793,2,4,0
95970,3,1,335792,335793,335794,1,2,0
95971,2,2,335794,335794,335796,0,2,0
95972,2,2,335796,335796,335798,0,2,0
95973,3,3,335799,335799,335802,0,3,1
95974,1,3,335800,335802,335805,2,5,0
95975,1,1,335801,335805,335806,4,5,0
95976,2,3,335803,335806,335809,3,6,0
95977,1,3,335804,335809,335812,5,8,0
95978,3,3,335807,335812,335815,5,8,0
95979,6,2,335813,335815,335817,2,4,0
95980,6,1,335819,335819,335820,0,1,2
95981,6,2,335825,335825,335827,0,2,5
95982,1,1,335826,335827,335828,1,2,0
95983,2,3,335828,335828,335831,0,3,0
95984,5,2,335833,335833,335835,0,2,2
95985,5,3,335838,335838,335841,0,3,3
95986,6,2,335844,335844,335846,0,2,3
95987,4,3,335848,335848,335851,0,3,2
95988,4,1,335852,335852,335853,0,1,1
95989,3,1,335855,335855,335856,0,1,2
95990,1,1,335856,335856,335857,0,1,0
95991,6,2,335862,335862,335864,0,2,5
95992,4,3,335866,335866,335869,0,3,2
95993,6,1,335872,335872,335873,0,1,3
95994,5,3,335877,335877,335880,0,3,4
95995,1,3,335878,335880,335883,2,5,0
95996,2,3,335880,335883,335886,3,6,0
95997,6,2,335886,335886,335888,0,2,0
95998,5,3,335891,335891,335894,0,3,3
95999,5,3,335896,335896,335899,0,3,2
96000,5,2,335901,335901,335903,0,2,2
96001,5,3,335906,335906,335909,0,3,3
96002,4,2,335910,335910,335912,0,2,1
96003,3,1,335913,335913,335914,0,1,1
96004,4,1,335917,335917,335918,0,1,3
96005,4,2,335921,335921,335923,0,2,3
96006,1,1,335922,335923,335924,1,2,0
96007,5,3,335927,335927,335930,0,3,3
96008,2,3,335929,335930,335933,1,4,0
96009,3,3,335932,335933,335936,1,4,0
96010,6,1,335938,335938,335939,0,1,2
96011,3,2,335941,335941,335943,0,2,2
96012,5,2,335946,335946,335948,0,2,3
96013,6,2,335952,335952,335954,0,2,4
96014,2,2,335954,335954,335956,0,2,0
96015,1,1,335955,335956,335957,1,2,0
96016,2,1,335957,335957,335958,0,1,0
96017,5,2,335962,335962,335964,0,2,4
96018,2,2,335964,335964,335966,0,2,0
96019,2,1,335966,335966,335967,0,1,0
96020,2,1,335968,335968,335969,0,1,1
96021,4,3,335972,335972,335975,0,3,3
96022,3,2,335975,335975,335977,0,2,0
96023,2,3,335977,335977,335980,0,3,0
96024,1,1,335978,335980,335981,2,3,0
96025,3,1,335981,335981,335982,0,1,0
96026,6,3,335987,335987,335990,0,3,5
96027,2,3,335989,335990,335993,1,4,0
96028,2,2,335991,335993,335995,2,4,0
96029,2,3,335993,335995,335998,2,5,0
96030,5,3,335998,335998,336001,0,3,0
96031,6,3,336004,336004,336007,0,3,3
96032,6,1,336010,336010,336011,0,1,3
96033,5,3,336015,336015,336018,0,3,4
96034,5,2,336020,336020,336022,0,2,2
96035,4,1,336024,336024,336025,0,1,2
96036,6,1,336030,336030,336031,0,1,5
96037,5,3,336035,336035,336038,0,3,4
96038,2,3,336037,336038,336041,1,4,0
96039,2,3,336039,336041,336044,2,5,0
96040,4,2,336043,336044,336046,1,3,0
96041,6,2,336049,336049,336051,0,2,3
96042,4,2,336053,336053,336055,0,2,2
96043,4,1,336057,336057,336058,0,1,2
96044,2,3,336059,336059,336062,0,3,1
96045,2,2,336061,336062,336064,1,3,0
96046,2,1,336063,336064,336065,1,2,0
96047,1,3,336064,336065,336068,1,4,0
96048,6,1,336070,336070,336071,0,1,2
96049,1,3,336071,336071,336074,0,3,0
96050,3,2,336074,336074,336076,0,2,0
96051,1,1,336075,336076,336077,1,2,0
96052,1,1,336076,336077,336078,1,2,0
96053,6,2,336082,336082,336084,0,2,4
96054,6,3,336088,336088,336091,0,3,4
96055,4,3,336092,336092,336095,0,3,1
96056,6,1,336098,336098,336099,0,1,3
96057,5,3,336103,336103,336106,0,3,4
96058,4,2,336107,336107,336109,0,2,1
96059,3,3,336110,336110,336113,0,3,1
96060,5,1,336115,336115,336116,0,1,2
96061,1,1,336116,336116,336117,0,1,0
96062,1,1,336117,336117,336118,0,1,0
96063,3,3,336120,336120,336123,0,3,2
96064,4,1,336124,336124,336125,0,1,1
96065,3,3,336127,336127,336130,0,3,2
96066,4,2,336131,336131,336133,0,2,1
96067,3,1,336134,336134,336135,0,1,1
96068,5,1,336139,336139,336140,0,1,4
96069,1,1,336140,336140,336141,0,1,0
96070,4,2,336144,336144,336146,0,2,3
96071,4,2,336148,336148,336150,0,2,2
96072,3,3,336151,336151,336154,0,3,1
96073,5,3,336156,336156,336159,0,3,2
96074,2,1,336158,336159,336160,1,2,0
96075,4,3,336162,336162,336165,0,3,2
96076,6,2,336168,336168,336170,0,2,3
96077,2,1,336170,336170,336171,0,1,0
96078,1,3,336171,336171,336174,0,3,0
96079,6,2,336177,336177,336179,0,2,3
96080,3,2,336180,336180,336182,0,2,1
96081,1,3,336181,336182,336185,1,4,0
96082,5,2,336186,336186,336188,0,2,1
96083,2,3,336188,336188,336191,0,3,0
96084,6,3,336194,336194,336197,0,3,3
96085,3,3,336197,336197,336200,0,3,0
96086,5,3,336202,336202,336205,0,3,2
96087,4,3,336206,336206,336209,0,3,1
96088,1,3,336207,336209,336212,2,5,0
96089,5,2,336212,336212,336214,0,2,0
96090,3,1,336215,336215,336216,0,1,1
96091,6,3,336221,336221,336224,0,3,5
96092,2,3,336223,336224,336227,1,4,0
96093,1,1,336224,336227,336228,3,4,0
96094,6,1,336230,336230,336231,0,1,2
96095,1,2,336231,336231,336233,0,2,0
96096,2,2,336233,336233,336235,0,2,0
96097,1,3,336234,336235,336238,1,4,0
96098,1,1,336235,336238,336239,3,4,0
96099,3,3,336238,336239,336242,1,4,0
96100,1,1,336239,336242,336243,3,4,0
96101,6,2,336245,336245,336247,0,2,2
96102,4,2,336249,336249,336251,0,2,2
96103,6,1,336255,336255,336256,0,1,4
96104,4,3,336259,336259,336262,0,3,3
96105,1,3,336260,336262,336265,2,5,0
96106,5,1,336265,336265,336266,0,1,0
96107,2,1,336267,336267,336268,0,1,1
96108,5,1,336272,336272,336273,0,1,4
96109,5,1,336277,336277,336278,0,1,4
96110,3,3,336280,336280,336283,0,3,2
96111,2,3,336282,336283,336286,1,4,0
96112,1,3,336283,336286,336289,3,6,0
96113,3,3,336286,336289,336292,3,6,0
96114,6,3,336292,336292,336295,0,3,0
96115,2,3,336294,336295,336298,1,4,0
96116,1,2,336295,336298,336300,3,5,0
96117,3,2,336298,336300,336302,2,4,0
96118,3,1,336301,336302,336303,1,2,0
96119,5,2,336306,336306,336308,0,2,3
96120,4,2,336310,336310,336312,0,2,2
96121,4,2,336314,336314,336316,0,2,2
96122,2,2,336316,336316,336318,0,2,0
96123,4,2,336320,336320,336322,0,2,2
96124,1,3,336321,336322,336325,1,4,0
96125,3,2,336324,336325,336327,1,3,0
96126,2,1,336326,336327,336328,1,2,0
96127,5,1,336331,336331,336332,0,1,3
96128,3,3,336334,336334,336337,0,3,2
96129,1,1,336335,336337,336338,2,3,0
96130,1,1,336336,336338,336339,2,3,0
96131,1,1,336337,336339,336340,2,3,0
96132,4,2,336341,336341,336343,0,2,1
96133,5,3,336346,336346,336349,0,3,3
96134,2,2,336348,336349,336351,1,3,0
96135,2,3,336350,336351,336354,1,4,0
96136,3,1,336353,336354,336355,1,2,0
96137,5,2,336358,336358,336360,0,2,3
96138,4,3,336362,336362,336365,0,3,2
96139,1,2,336363,336365,336367,2,4,0
96140,5,2,336368,336368,336370,0,2,1
96141,4,1,336372,336372,336373,0,1,2
96142,1,2,336373,336373,336375,0,2,0
96143,5,2,336378,336378,336380,0,2,3
96144,4,1,336382,336382,336383,0,1,2
96145,4,2,336386,336386,336388,0,2,3
96146,6,2,336392,336392,336394,0,2,4
96147,1,3,336393,336394,336397,1,4,0
96148,6,1,336399,336399,336400,0,1,2
96149,3,3,336402,336402,336405,0,3,2
96150,5,3,336407,336407,336410,0,3,2
96151,2,1,336409,336410,336411,1,2,0
96152,1,3,336410,336411,336414,1,4,0
96153,1,2,336411,336414,336416,3,5,0
96154,1,3,336412,336416,336419,4,7,0
96155,2,3,336414,336419,336422,5,8,0
96156,3,1,336417,336422,336423,5,6,0
96157,6,2,336423,336423,336425,0,2,0
96158,4,1,336427,336427,336428,0,1,2
96159,6,3,336433,336433,336436,0,3,5
96160,5,2,336438,336438,336440,0,2,2
96161,2,1,336440,336440,336441,0,1,0
96162,2,1,336442,336442,336443,0,1,1
96163,6,3,336448,336448,336451,0,3,5
96164,4,3,336452,336452,336455,0,3,1
96165,4,3,336456,336456,336459,0,3,1
96166,2,1,336458,336459,336460,1,2,0
96167,1,2,336459,336460,336462,1,3,0
96168,6,1,336465,336465,336466,0,1,3
96169,6,1,336471,336471,336472,0,1,5
96170,3,3,336474,336474,336477,0,3,2
96171,2,1,336476,336477,336478,1,2,0
96172,6,3,336482,336482,336485,0,3,4
96173,3,3,336485,336485,336488,0,3,0
96174,6,1,336491,336491,336492,0,1,3
96175,6,3,336497,336497,336500,0,3,5
96176,5,2,336502,336502,336504,0,2,2
96177,3,2,336505,336505,336507,0,2,1
96178,3,2,336508,336508,336510,0,2,1
96179,5,2,336513,336513,336515,0,2,3
96180,3,1,336516,336516,336517,0,1,1
96181,5,2,336521,336521,336523,0,2,4
96182,2,2,336523,336523,336525,0,2,0
96183,4,2,336527,336527,336529,0,2,2
96184,6,1,336533,336533,336534,0,1,4
96185,1,3,336534,336534,336537,0,3,0
96186,5,1,336539,336539,336540,0,1,2
96187,2,3,336541,336541,336544,0,3,1
96188,6,2,336547,336547,336549,0,2,3
96189,4,1,336551,336551,336552,0,1,2
96190,2,1,336553,336553,336554,0,1,1
96191,1,3,336554,336554,336557,0,3,0
96192,2,2,336556,336557,336559,1,3,0
96193,2,2,336558,336559,336561,1,3,0
96194,4,2,336562,336562,336564,0,2,1
96195,2,2,336564,336564,336566,0,2,0
96196,2,2,336566,336566,336568,0,2,0
96197,4,1,336570,336570,336571,0,1,2
96198,5,3,336575,336575,336578,0,3,4
96199,2,1,336577,336578,336579,1,2,0
96200,3,3,336580,336580,336583,0,3,1
96201,3,3,336583,336583,336586,0,3,0
96202,6,3,336589,336589,336592,0,3,3
96203,4,1,336593,336593,336594,0,1,1
96204,6,3,336599,336599,336602,0,3,5
96205,2,3,336601,336602,336605,1,4,0
96206,3,2,336604,336605,336607,1,3,0
96207,2,2,336606,336607,336609,1,3,0
96208,4,2,336610,336610,336612,0,2,1
96209,1,2,336611,336612,336614,1,3,0
96210,6,3,336617,336617,336620,0,3,3
96211,4,1,336621,336621,336622,0,1,1
96212,4,2,336625,336625,336627,0,2,3
96213,4,3,336629,336629,336632,0,3,2
96214,3,1,336632,336632,336633,0,1,0
96215,3,3,336635,336635,336638,0,3,2
96216,2,2,336637,336638,336640,1,3,0
96217,4,3,336641,336641,336644,0,3,1
96218,4,3,336645,336645,336648,0,3,1
96219,1,3,336646,336648,336651,2,5,0
96220,2,3,336648,336651,336654,3,6,0
96221,4,3,336652,336654,336657,2,5,0
96222,4,2,336656,336657,336659,1,3,0
96223,3,1,336659,336659,336660,0,1,0
96224,1,1,336660,336660,336661,0,1,0
96225,4,3,336664,336664,336667,0,3,3
96226,4,3,336668,336668,336671,0,3,1
96227,3,2,336671,336671,336673,0,2,0
96228,5,3,336676,336676,336679,0,3,3
96229,5,2,336681,336681,336683,0,2,2
96230,6,1,336687,336687,336688,0,1,4
96231,3,3,336690,336690,336693,0,3,2
96232,3,3,336693,336693,336696,0,3,0
96233,6,1,336699,336699,336700,0,1,3
96234,1,3,336700,336700,336703,0,3,0
96235,2,1,336702,336703,336704,1,2,0
96236,5,2,336707,336707,336709,0,2,3
96237,5,1,336712,336712,336713,0,1,3
96238,4,1,336716,336716,336717,0,1,3
96239,3,2,336719,336719,336721,0,2,2
96240,2,3,336721,336721,336724,0,3,0
96241,2,3,336723,336724,336727,1,4,0
96242,2,1,336725,336727,336728,2,3,0
96243,2,3,336727,336728,336731,1,4,0
96244,4,2,336731,336731,336733,0,2,0
96245,6,1,336737,336737,336738,0,1,4
96246,1,3,336738,336738,336741,0,3,0
96247,3,2,336741,336741,336743,0,2,0
96248,2,1,336743,336743,336744,0,1,0
96249,5,2,336748,336748,336750,0,2,4
96250,5,3,336753,336753,336756,0,3,3
96251,5,2,336758,336758,336760,0,2,2
96252,6,2,336764,336764,336766,0,2,4
96253,4,3,336768,336768,336771,0,3,2
96254,6,1,336774,336774,336775,0,1,3
96255,3,3,336777,336777,336780,0,3,2
96256,2,3,336779,336780,336783,1,4,0
96257,2,1,336781,336783,336784,2,3,0
96258,4,2,336785,336785,336787,0,2,1
96259,5,3,336790,336790,336793,0,3,3
96260,2,3,336792,336793,336796,1,4,0
96261,4,3,336796,336796,336799,0,3,0
96262,3,2,336799,336799,336801,0,2,0
96263,4,2,336803,336803,336805,0,2,2
96264,1,3,336804,336805,336808,1,4,0
96265,3,1,336807,336808,336809,1,2,0
96266,3,1,336810,336810,336811,0,1,1
96267,5,3,336815,336815,336818,0,3,4
96268,4,2,336819,336819,336821,0,2,1
96269,5,1,336824,336824,336825,0,1,3
96270,6,1,336830,336830,336831,0,1,5
96271,5,1,336835,336835,336836,0,1,4
96272,6,3,336841,336841,336844,0,3,5
96273,4,3,336845,336845,336848,0,3,1
96274,6,2,336851,336851,336853,0,2,3
96275,6,3,336857,336857,336860,0,3,4
96276,1,2,336858,336860,336862,2,4,0
96277,3,1,336861,336862,336863,1,2,0
96278,4,3,336865,336865,336868,0,3,2
96279,3,3,336868,336868,336871,0,3,0
96280,1,2,336869,336871,336873,2,4,0
96281,4,3,336873,336873,336876,0,3,0
96282,2,1,336875,336876,336877,1,2,0
96283,4,3,336879,336879,336882,0,3,2
96284,4,1,336883,336883,336884,0,1,1
96285,6,1,336889,336889,336890,0,1,5
96286,4,1,336893,336893,336894,0,1,3
96287,6,1,336899,336899,336900,0,1,5
96288,5,2,336904,336904,336906,0,2,4
96289,6,2,336910,336910,336912,0,2,4
96290,1,3,336911,336912,336915,1,4,0
96291,1,2,336912,336915,336917,3,5,0
96292,6,3,336918,336918,336921,0,3,1
96293,3,2,336921,336921,336923,0,2,0
96294,4,3,336925,336925,336928,0,3,2
96295,4,1,336929,336929,336930,0,1,1
96296,4,3,336933,336933,336936,0,3,3
96297,4,3,336937,336937,336940,0,3,1
96298,3,2,336940,336940,336942,0,2,0
96299,3,2,336943,336943,336945,0,2,1
96300,1,1,336944,336945,336946,1,2,0
96301,2,2,336946,336946,336948,0,2,0
96302,2,1,336948,336948,336949,0,1,0
96303,2,2,336950,336950,336952,0,2,1
96304,3,3,336953,336953,336956,0,3,1
96305,5,2,336958,336958,336960,0,2,2
96306,2,3,336960,336960,336963,0,3,0
96307,6,2,336966,336966,336968,0,2,3
96308,6,3,336972,336972,336975,0,3,4
96309,6,1,336978,336978,336979,0,1,3
96310,5,2,336983,336983,336985,0,2,4
96311,3,3,336986,336986,336989,0,3,1
96312,4,3,336990,336990,336993,0,3,1
96313,1,3,336991,336993,336996,2,5,0
96314,6,2,336997,336997,336999,0,2,1
96315,2,3,336999,336999,337002,0,3,0
96316,3,3,337002,337002,337005,0,3,0
96317,2,3,337004,337005,337008,1,4,0
96318,2,2,337006,337008,337010,2,4,0
96319,2,1,337008,337010,337011,2,3,0
96320,1,3,337009,337011,337014,2,5,0
96321,1,2,337010,337014,337016,4,6,0
96322,6,3,337016,337016,337019,0,3,0
96323,2,3,337018,337019,337022,1,4,0
96324,6,1,337024,337024,337025,0,1,2
96325,6,2,337030,337030,337032,0,2,5
96326,4,3,337034,337034,337037,0,3,2
96327,4,2,337038,337038,337040,0,2,1
96328,5,2,337043,337043,337045,0,2,3
96329,3,1,337046,337046,337047,0,1,1
96330,1,2,337047,337047,337049,0,2,0
96331,4,1,337051,337051,337052,0,1,2
96332,2,1,337053,337053,337054,0,1,1
96333,4,2,337057,337057,337059,0,2,3
96334,4,1,337061,337061,337062,0,1,2
96335,5,2,337066,337066,337068,0,2,4
96336,3,3,337069,337069,337072,0,3,1
96337,5,2,337074,337074,337076,0,2,2
96338,1,1,337075,337076,337077,1,2,0
96339,4,1,337079,337079,337080,0,1,2
96340,4,1,337083,337083,337084,0,1,3
96341,6,2,337089,337089,337091,0,2,5
96342,1,2,337090,337091,337093,1,3,0
96343,6,3,337096,337096,337099,0,3,3
96344,6,2,337102,337102,337104,0,2,3
96345,1,1,337103,337104,337105,1,2,0
96346,4,1,337107,337107,337108,0,1,2
96347,4,2,337111,337111,337113,0,2,3
96348,5,1,337116,337116,337117,0,1,3
96349,6,3,337122,337122,337125,0,3,5
96350,4,3,337126,337126,337129,0,3,1
96351,3,2,337129,337129,337131,0,2,0
96352,1,3,337130,337131,337134,1,4,0
96353,1,3,337131,337134,337137,3,6,0
96354,4,2,337135,337137,337139,2,4,0
96355,6,1,337141,337141,337142,0,1,2
96356,1,3,337142,337142,337145,0,3,0
96357,3,2,337145,337145,337147,0,2,0
96358,4,2,337149,337149,337151,0,2,2
96359,2,3,337151,337151,337154,0,3,0
96360,3,3,337154,337154,337157,0,3,0
96361,4,3,337158,337158,337161,0,3,1
96362,6,3,337164,337164,337167,0,3,3
96363,1,3,337165,337167,337170,2,5,0
96364,3,2,337168,337170,337172,2,4,0
96365,4,2,337172,337172,337174,0,2,0
96366,4,3,337176,337176,337179,0,3,2
96367,1,3,337177,337179,337182,2,5,0
96368,3,2,337180,337182,337184,2,4,0
96369,5,3,337185,337185,337188,0,3,1
96370,2,1,337187,337188,337189,1,2,0
96371,3,2,337190,337190,337192,0,2,1
96372,4,1,337194,337194,337195,0,1,2
96373,4,1,337198,337198,337199,0,1,3
96374,5,2,337203,337203,337205,0,2,4
96375,6,2,337209,337209,337211,0,2,4
96376,5,3,337214,337214,337217,0,3,3
96377,4,2,337218,337218,337220,0,2,1
96378,2,3,337220,337220,337223,0,3,0
96379,4,2,337224,337224,337226,0,2,1
96380,3,2,337227,337227,337229,0,2,1
96381,3,3,337230,337230,337233,0,3,1
96382,4,3,337234,337234,337237,0,3,1
96383,1,3,337235,337237,337240,2,5,0
96384,6,1,337241,337241,337242,0,1,1
96385,1,2,337242,337242,337244,0,2,0
96386,4,3,337246,337246,337249,0,3,2
96387,6,2,337252,337252,337254,0,2,3
96388,6,3,337258,337258,337261,0,3,4
96389,3,1,337261,337261,337262,0,1,0
96390,3,1,337264,337264,337265,0,1,2
96391,6,1,337270,337270,337271,0,1,5
96392,4,1,337274,337274,337275,0,1,3
96393,4,1,337278,337278,337279,0,1,3
96394,6,3,337284,337284,337287,0,3,5
96395,5,3,337289,337289,337292,0,3,2
96396,3,2,337292,337292,337294,0,2,0
96397,2,2,337294,337294,337296,0,2,0
96398,4,2,337298,337298,337300,0,2,2
96399,5,2,337303,337303,337305,0,2,3
96400,4,1,337307,337307,337308,0,1,2
96401,3,1,337310,337310,337311,0,1,2
96402,6,1,337316,337316,337317,0,1,5
96403,4,2,337320,337320,337322,0,2,3
96404,2,1,337322,337322,337323,0,1,0
96405,4,1,337326,337326,337327,0,1,3
96406,2,2,337328,337328,337330,0,2,1
96407,5,3,337333,337333,337336,0,3,3
96408,5,2,337338,337338,337340,0,2,2
96409,2,1,337340,337340,337341,0,1,0
96410,3,1,337343,337343,337344,0,1,2
96411,3,3,337346,337346,337349,0,3,2
96412,4,3,337350,337350,337353,0,3,1
96413,5,2,337355,337355,337357,0,2,2
96414,1,2,337356,337357,337359,1,3,0
96415,6,1,337362,337362,337363,0,1,3
96416,5,1,337367,337367,337368,0,1,4
96417,3,2,337370,337370,337372,0,2,2
96418,4,3,337374,337374,337377,0,3,2
96419,6,3,337380,337380,337383,0,3,3
96420,2,2,337382,337383,337385,1,3,0
96421,6,1,337388,337388,337389,0,1,3
96422,6,2,337394,337394,337396,0,2,5
96423,3,2,337397,337397,337399,0,2,1
96424,4,3,337401,337401,337404,0,3,2
96425,3,2,337404,337404,337406,0,2,0
96426,1,2,337405,337406,337408,1,3,0
96427,3,1,337408,337408,337409,0,1,0
96428,6,2,337414,337414,337416,0,2,5
96429,5,3,337419,337419,337422,0,3,3
96430,5,1,337424,337424,337425,0,1,2
96431,4,3,337428,337428,337431,0,3,3
96432,5,1,337433,337433,337434,0,1,2
96433,3,3,337436,337436,337439,0,3,2
96434,3,1,337439,337439,337440,0,1,0
96435,3,1,337442,337442,337443,0,1,2
96436,5,3,337447,337447,337450,0,3,4
96437,3,3,337450,337450,337453,0,3,0
96438,6,1,337456,337456,337457,0,1,3
96439,5,3,337461,337461,337464,0,3,4
96440,6,1,337467,337467,337468,0,1,3
96441,3,3,337470,337470,337473,0,3,2
96442,1,2,337471,337473,337475,2,4,0
96443,1,3,337472,337475,337478,3,6,0
96444,2,2,337474,337478,337480,4,6,0
96445,6,3,337480,337480,337483,0,3,0
96446,3,3,337483,337483,337486,0,3,0
96447,5,3,337488,337488,337491,0,3,2
96448,4,1,337492,337492,337493,0,1,1
96449,1,2,337493,337493,337495,0,2,0
96450,2,2,337495,337495,337497,0,2,0
96451,4,2,337499,337499,337501,0,2,2
96452,6,3,337505,337505,337508,0,3,4
96453,4,2,337509,337509,337511,0,2,1
96454,6,2,337515,337515,337517,0,2,4
96455,4,3,337519,337519,337522,0,3,2
96456,2,3,337521,337522,337525,1,4,0
96457,5,3,337526,337526,337529,0,3,1
96458,3,2,337529,337529,337531,0,2,0
96459,2,1,337531,337531,337532,0,1,0
96460,3,1,337534,337534,337535,0,1,2
96461,5,3,337539,337539,337542,0,3,4
96462,5,2,337544,337544,337546,0,2,2
96463,3,2,337547,337547,337549,0,2,1
96464,3,2,337550,337550,337552,0,2,1
96465,4,1,337554,337554,337555,0,1,2
96466,4,3,337558,337558,337561,0,3,3
96467,2,2,337560,337561,337563,1,3,0
96468,2,3,337562,337563,337566,1,4,0
96469,6,1,337568,337568,337569,0,1,2
96470,6,2,337574,337574,337576,0,2,5
96471,6,3,337580,337580,337583,0,3,4
96472,6,1,337586,337586,337587,0,1,3
96473,6,1,337592,337592,337593,0,1,5
96474,1,3,337593,337593,337596,0,3,0
96475,6,1,337599,337599,337600,0,1,3
96476,4,1,337603,337603,337604,0,1,3
96477,5,1,337608,337608,337609,0,1,4
96478,2,2,337610,337610,337612,0,2,1
96479,1,1,337611,337612,337613,1,2,0
96480,2,2,337613,337613,337615,0,2,0
96481,5,3,337618,337618,337621,0,3,3
96482,1,2,337619,337621,337623,2,4,0
96483,3,2,337622,337623,337625,1,3,0
96484,1,2,337623,337625,337627,2,4,0
96485,5,2,337628,337628,337630,0,2,1
96486,1,3,337629,337630,337633,1,4,0
96487,2,1,337631,337633,337634,2,3,0
96488,4,2,337635,337635,337637,0,2,1
96489,2,3,337637,337637,337640,0,3,0
96490,1,1,337638,337640,337641,2,3,0
96491,2,3,337640,337641,337644,1,4,0
96492,6,1,337646,337646,337647,0,1,2
96493,1,2,337647,337647,337649,0,2,0
96494,4,3,337651,337651,337654,0,3,2
96495,3,2,337654,337654,337656,0,2,0
96496,4,1,337658,337658,337659,0,1,2
96497,5,2,337663,337663,337665,0,2,4
96498,2,2,337665,337665,337667,0,2,0
96499,1,3,337666,337667,337670,1,4,0
96500,2,3,337668,337670,337673,2,5,0
96501,1,2,337669,337673,337675,4,6,0
96502,5,1,337674,337675,337676,1,2,0
96503,1,1,337675,337676,337677,1,2,0
96504,5,1,337680,337680,337681,0,1,3
96505,1,2,337681,337681,337683,0,2,0
96506,5,3,337686,337686,337689,0,3,3
96507,4,1,337690,337690,337691,0,1,1
96508,3,1,337693,337693,337694,0,1,2
96509,3,3,337696,337696,337699,0,3,2
96510,4,1,337700,337700,337701,0,1,1
96511,6,2,337706,337706,337708,0,2,5
96512,5,2,337711,337711,337713,0,2,3
96513,5,1,337716,337716,337717,0,1,3
96514,5,1,337721,337721,337722,0,1,4
96515,4,2,337725,337725,337727,0,2,3
96516,4,3,337729,337729,337732,0,3,2
96517,4,1,337733,337733,337734,0,1,1
96518,1,1,337734,337734,337735,0,1,0
96519,3,2,337737,337737,337739,0,2,2
96520,1,1,337738,337739,337740,1,2,0
96521,6,1,337744,337744,337745,0,1,4
96522,4,2,337748,337748,337750,0,2,3
96523,5,3,337753,337753,337756,0,3,3
96524,6,1,337759,337759,337760,0,1,3
96525,3,2,337762,337762,337764,0,2,2
96526,2,2,337764,337764,337766,0,2,0
96527,2,1,337766,337766,337767,0,1,0
96528,4,2,337770,337770,337772,0,2,3
96529,2,2,337772,337772,337774,0,2,0
96530,6,3,337778,337778,337781,0,3,4
96531,1,3,337779,337781,337784,2,5,0
96532,2,3,337781,337784,337787,3,6,0
96533,4,2,337785,337787,337789,2,4,0
96534,6,1,337791,337791,337792,0,1,2
96535,1,3,337792,337792,337795,0,3,0
96536,1,3,337793,337795,337798,2,5,0
96537,1,2,337794,337798,337800,4,6,0
96538,5,3,337799,337800,337803,1,4,0
96539,3,3,337802,337803,337806,1,4,0
96540,2,1,337804,337806,337807,2,3,0
96541,4,1,337808,337808,337809,0,1,1
96542,3,1,337811,337811,337812,0,1,2
96543,1,1,337812,337812,337813,0,1,0
96544,4,3,337816,337816,337819,0,3,3
96545,2,1,337818,337819,337820,1,2,0
96546,1,1,337819,337820,337821,1,2,0
96547,6,1,337825,337825,337826,0,1,4
96548,6,2,337831,337831,337833,0,2,5
96549,6,2,337837,337837,337839,0,2,4
96550,2,1,337839,337839,337840,0,1,0
96551,2,2,337841,337841,337843,0,2,1
96552,4,2,337845,337845,337847,0,2,2
96553,3,2,337848,337848,337850,0,2,1
96554,1,3,337849,337850,337853,1,4,0
96555,5,2,337854,337854,337856,0,2,1
96556,3,2,337857,337857,337859,0,2,1
96557,1,2,337858,337859,337861,1,3,0
96558,3,1,337861,337861,337862,0,1,0
96559,3,2,337864,337864,337866,0,2,2
96560,5,3,337869,337869,337872,0,3,3
96561,4,1,337873,337873,337874,0,1,1
96562,1,1,337874,337874,337875,0,1,0
96563,1,2,337875,337875,337877,0,2,0
96564,1,3,337876,337877,337880,1,4,0
96565,3,3,337879,337880,337883,1,4,0
96566,1,1,337880,337883,337884,3,4,0
96567,1,2,337881,337884,337886,3,5,0
96568,3,1,337884,337886,337887,2,3,0
96569,2,3,337886,337887,337890,1,4,0
96570,3,3,337889,337890,337893,1,4,0
96571,1,2,337890,337893,337895,3,5,0
96572,4,1,337894,337895,337896,1,2,0
96573,5,1,337899,337899,337900,0,1,3
96574,1,2,337900,337900,337902,0,2,0
96575,4,3,337904,337904,337907,0,3,2
96576,6,2,337910,337910,337912,0,2,3
96577,3,2,337913,337913,337915,0,2,1
96578,3,1,337916,337916,337917,0,1,1
96579,6,3,337922,337922,337925,0,3,5
96580,6,2,337928,337928,337930,0,2,3
96581,5,2,337933,337933,337935,0,2,3
96582,4,3,337937,337937,337940,0,3,2
96583,3,3,337940,337940,337943,0,3,0
96584,5,2,337945,337945,337947,0,2,2
96585,4,1,337949,337949,337950,0,1,2
96586,4,3,337953,337953,337956,0,3,3
96587,4,1,337957,337957,337958,0,1,1
96588,6,1,337963,337963,337964,0,1,5
96589,5,2,337968,337968,337970,0,2,4
96590,2,1,337970,337970,337971,0,1,0
96591,4,3,337974,337974,337977,0,3,3
96592,3,3,337977,337977,337980,0,3,0
96593,6,3,337983,337983,337986,0,3,3
96594,2,1,337985,337986,337987,1,2,0
96595,3,2,337988,337988,337990,0,2,1
96596,5,3,337993,337993,337996,0,3,3
96597,5,3,337998,337998,338001,0,3,2
96598,1,2,337999,338001,338003,2,4,0
96599,6,1,338005,338005,338006,0,1,2
96600,3,2,338008,338008,338010,0,2,2
96601,3,3,338011,338011,338014,0,3,1
96602,6,2,338017,338017,338019,0,2,3
96603,4,2,338021,338021,338023,0,2,2
96604,5,3,338026,338026,338029,0,3,3
96605,3,3,338029,338029,338032,0,3,0
96606,6,2,338035,338035,338037,0,2,3
96607,4,2,338039,338039,338041,0,2,2
96608,6,2,338045,338045,338047,0,2,4
96609,6,3,338051,338051,338054,0,3,4
96610,1,3,338052,338054,338057,2,5,0
96611,4,1,338056,338057,338058,1,2,0
96612,2,1,338058,338058,338059,0,1,0
96613,1,3,338059,338059,338062,0,3,0
96614,3,3,338062,338062,338065,0,3,0
96615,2,3,338064,338065,338068,1,4,0
96616,5,3,338069,338069,338072,0,3,1
96617,1,2,338070,338072,338074,2,4,0
96618,2,1,338072,338074,338075,2,3,0
96619,1,2,338073,338075,338077,2,4,0
96620,5,2,338078,338078,338080,0,2,1
96621,4,2,338082,338082,338084,0,2,2
96622,5,1,338087,338087,338088,0,1,3
96623,2,1,338089,338089,338090,0,1,1
96624,2,3,338091,338091,338094,0,3,1
96625,4,2,338095,338095,338097,0,2,1
96626,6,2,338101,338101,338103,0,2,4
96627,4,3,338105,338105,338108,0,3,2
96628,5,2,338110,338110,338112,0,2,2
96629,1,2,338111,338112,338114,1,3,0
96630,1,2,338112,338114,338116,2,4,0
96631,1,2,338113,338116,338118,3,5,0
96632,5,2,338118,338118,338120,0,2,0
96633,4,2,338122,338122,338124,0,2,2
96634,1,1,338123,338124,338125,1,2,0
96635,2,3,338125,338125,338128,0,3,0
96636,5,2,338130,338130,338132,0,2,2
96637,2,1,338132,338132,338133,0,1,0
96638,1,3,338133,338133,338136,0,3,0
96639,2,2,338135,338136,338138,1,3,0
96640,5,1,338140,338140,338141,0,1,2
96641,2,2,338142,338142,338144,0,2,1
96642,5,1,338147,338147,338148,0,1,3
96643,6,3,338153,338153,338156,0,3,5
96644,5,1,338158,338158,338159,0,1,2
96645,4,3,338162,338162,338165,0,3,3
96646,3,2,338165,338165,338167,0,2,0
96647,3,2,338168,338168,338170,0,2,1
96648,3,3,338171,338171,338174,0,3,1
96649,6,2,338177,338177,338179,0,2,3
96650,1,1,338178,338179,338180,1,2,0
96651,2,3,338180,338180,338183,0,3,0
96652,4,3,338184,338184,338187,0,3,1
96653,5,1,338189,338189,338190,0,1,2
96654,1,3,338190,338190,338193,0,3,0
96655,3,3,338193,338193,338196,0,3,0
96656,6,1,338199,338199,338200,0,1,3
96657,4,3,338203,338203,338206,0,3,3
96658,4,3,338207,338207,338210,0,3,1
96659,6,3,338213,338213,338216,0,3,3
96660,5,3,338218,338218,338221,0,3,2
96661,2,1,338220,338221,338222,1,2,0
96662,1,3,338221,338222,338225,1,4,0
96663,6,2,338227,338227,338229,0,2,2
96664,5,2,338232,338232,338234,0,2,3
96665,1,2,338233,338234,338236,1,3,0
96666,3,2,338236,338236,338238,0,2,0
96667,4,1,338240,338240,338241,0,1,2
96668,2,3,338242,338242,338245,0,3,1
96669,4,3,338246,338246,338249,0,3,1
96670,2,1,338248,338249,338250,1,2,0
96671,1,3,338249,338250,338253,1,4,0
96672,1,2,338250,338253,338255,3,5,0
96673,6,1,338256,338256,338257,0,1,1
96674,2,2,338258,338258,338260,0,2,1
96675,3,3,338261,338261,338264,0,3,1
96676,5,2,338266,338266,338268,0,2,2
96677,2,3,338268,338268,338271,0,3,0
96678,5,1,338273,338273,338274,0,1,2
96679,3,3,338276,338276,338279,0,3,2
96680,6,2,338282,338282,338284,0,2,3
96681,3,3,338285,338285,338288,0,3,1
96682,5,3,338290,338290,338293,0,3,2
96683,2,2,338292,338293,338295,1,3,0
96684,2,2,338294,338295,338297,1,3,0
96685,6,1,338300,338300,338301,0,1,3
96686,4,1,338304,338304,338305,0,1,3
96687,1,3,338305,338305,338308,0,3,0
96688,4,3,338309,338309,338312,0,3,1
96689,5,2,338314,338314,338316,0,2,2
96690,6,3,338320,338320,338323,0,3,4
96691,1,3,338321,338323,338326,2,5,0
96692,1,3,338322,338326,338329,4,7,0
96693,5,3,338327,338329,338332,2,5,0
96694,5,2,338332,338332,338334,0,2,0
96695,6,1,338338,338338,338339,0,1,4
96696,3,3,338341,338341,338344,0,3,2
96697,1,1,338342,338344,338345,2,3,0
96698,2,2,338344,338345,338347,1,3,0
96699,1,3,338345,338347,338350,2,5,0
96700,6,1,338351,338351,338352,0,1,1
96701,3,2,338354,338354,338356,0,2,2
96702,5,1,338359,338359,338360,0,1,3
96703,5,1,338364,338364,338365,0,1,4
96704,5,1,338369,338369,338370,0,1,4
96705,6,2,338375,338375,338377,0,2,5
96706,1,2,338376,338377,338379,1,3,0
96707,1,1,338377,338379,338380,2,3,0
96708,5,2,338382,338382,338384,0,2,2
96709,2,2,338384,338384,338386,0,2,0
96710,3,3,338387,338387,338390,0,3,1
96711,5,1,338392,338392,338393,0,1,2
96712,5,2,338397,338397,338399,0,2,4
96713,4,1,338401,338401,338402,0,1,2
96714,4,2,338405,338405,338407,0,2,3
96715,5,3,338410,338410,338413,0,3,3
96716,5,2,338415,338415,338417,0,2,2
96717,2,2,338417,338417,338419,0,2,0
96718,6,2,338423,338423,338425,0,2,4
96719,5,3,338428,338428,338431,0,3,3
96720,6,1,338434,338434,338435,0,1,3
96721,6,3,338440,338440,338443,0,3,5
96722,5,1,338445,338445,338446,0,1,2
96723,3,1,338448,338448,338449,0,1,2
96724,4,2,338452,338452,338454,0,2,3
96725,1,2,338453,338454,338456,1,3,0
96726,4,3,338457,338457,338460,0,3,1
96727,4,3,338461,338461,338464,0,3,1
96728,4,1,338465,338465,338466,0,1,1
96729,2,3,338467,338467,338470,0,3,1
96730,2,3,338469,338470,338473,1,4,0
96731,1,1,338470,338473,338474,3,4,0
96732,6,3,338476,338476,338479,0,3,2
96733,1,1,338477,338479,338480,2,3,0
96734,5,1,338482,338482,338483,0,1,2
96735,4,3,338486,338486,338489,0,3,3
96736,1,1,338487,338489,338490,2,3,0
96737,4,1,338491,338491,338492,0,1,1
96738,3,1,338494,338494,338495,0,1,2
96739,3,2,338497,338497,338499,0,2,2
96740,2,3,338499,338499,338502,0,3,0
96741,6,3,338505,338505,338508,0,3,3
96742,3,3,338508,338508,338511,0,3,0
96743,5,3,338513,338513,338516,0,3,2
96744,5,3,338518,338518,338521,0,3,2
96745,2,1,338520,338521,338522,1,2,0
96746,6,3,338526,338526,338529,0,3,4
96747,5,3,338531,338531,338534,0,3,2
96748,6,2,338537,338537,338539,0,2,3
96749,1,1,338538,338539,338540,1,2,0
96750,6,2,338544,338544,338546,0,2,4
96751,1,3,338545,338546,338549,1,4,0
96752,6,3,338551,338551,338554,0,3,2
96753,2,2,338553,338554,338556,1,3,0
96754,2,3,338555,338556,338559,1,4,0
96755,3,2,338558,338559,338561,1,3,0
96756,2,2,338560,338561,338563,1,3,0
96757,1,3,338561,338563,338566,2,5,0
96758,5,3,338566,338566,338569,0,3,0
96759,1,2,338567,338569,338571,2,4,0
96760,2,3,338569,338571,338574,2,5,0
96761,5,3,338574,338574,338577,0,3,0
96762,5,3,338579,338579,338582,0,3,2
96763,4,1,338583,338583,338584,0,1,1
96764,5,2,338588,338588,338590,0,2,4
96765,3,3,338591,338591,338594,0,3,1
96766,6,2,338597,338597,338599,0,2,3
96767,5,1,338602,338602,338603,0,1,3
96768,3,3,338605,338605,338608,0,3,2
96769,4,2,338609,338609,338611,0,2,1
96770,5,1,338614,338614,338615,0,1,3
96771,3,2,338617,338617,338619,0,2,2
96772,5,3,338622,338622,338625,0,3,3
96773,3,2,338625,338625,338627,0,2,0
96774,5,3,338630,338630,338633,0,3,3
96775,6,1,338636,338636,338637,0,1,3
96776,6,1,338642,338642,338643,0,1,5
96777,2,2,338644,338644,338646,0,2,1
96778,5,1,338649,338649,338650,0,1,3
96779,1,2,338650,338650,338652,0,2,0
96780,4,1,338654,338654,338655,0,1,2
96781,3,3,338657,338657,338660,0,3,2
96782,4,2,338661,338661,338663,0,2,1
96783,5,2,338666,338666,338668,0,2,3
96784,2,2,338668,338668,338670,0,2,0
96785,4,3,338672,338672,338675,0,3,2
96786,1,2,338673,338675,338677,2,4,0
96787,2,2,338675,338677,338679,2,4,0
96788,2,2,338677,338679,338681,2,4,0
96789,6,1,338683,338683,338684,0,1,2
96790,1,2,338684,338684,338686,0,2,0
96791,2,1,338686,338686,338687,0,1,0
96792,5,3,338691,338691,338694,0,3,4
96793,2,3,338693,338694,338697,1,4,0
96794,6,3,338699,338699,338702,0,3,2
96795,5,1,338704,338704,338705,0,1,2
96796,3,2,338707,338707,338709,0,2,2
96797,4,3,338711,338711,338714,0,3,2
96798,1,3,338712,338714,338717,2,5,0
96799,2,1,338714,338717,338718,3,4,0
96800,4,2,338718,338718,338720,0,2,0
96801,3,1,338721,338721,338722,0,1,1
96802,4,2,338725,338725,338727,0,2,3
96803,1,2,338726,338727,338729,1,3,0
96804,3,1,338729,338729,338730,0,1,0
96805,3,2,338732,338732,338734,0,2,2
96806,1,1,338733,338734,338735,1,2,0
96807,3,2,338736,338736,338738,0,2,1
96808,4,1,338740,338740,338741,0,1,2
96809,6,2,338746,338746,338748,0,2,5
96810,4,2,338750,338750,338752,0,2,2
96811,3,3,338753,338753,338756,0,3,1
96812,3,3,338756,338756,338759,0,3,0
96813,3,3,338759,338759,338762,0,3,0
96814,5,1,338764,338764,338765,0,1,2
96815,2,3,338766,338766,338769,0,3,1
96816,6,2,338772,338772,338774,0,2,3
96817,5,1,338777,338777,338778,0,1,3
96818,2,2,338779,338779,338781,0,2,1
96819,1,2,338780,338781,338783,1,3,0
96820,4,1,338784,338784,338785,0,1,1
96821,4,2,338788,338788,338790,0,2,3
96822,1,2,338789,338790,338792,1,3,0
96823,5,3,338794,338794,338797,0,3,2
96824,2,1,338796,338797,338798,1,2,0
96825,5,3,338801,338801,338804,0,3,3
96826,1,1,338802,338804,338805,2,3,0
96827,2,1,338804,338805,338806,1,2,0
96828,2,1,338806,338806,338807,0,1,0
96829,3,3,338809,338809,338812,0,3,2
96830,2,1,338811,338812,338813,1,2,0
96831,3,1,338814,338814,338815,0,1,1
96832,1,1,338815,338815,338816,0,1,0
96833,6,3,338821,338821,338824,0,3,5
96834,2,3,338823,338824,338827,1,4,0
96835,3,2,338826,338827,338829,1,3,0
96836,4,3,338830,338830,338833,0,3,1
96837,1,1,338831,338833,338834,2,3,0
96838,2,3,338833,338834,338837,1,4,0
96839,4,1,338837,338837,338838,0,1,0
96840,3,1,338840,338840,338841,0,1,2
96841,2,2,338842,338842,338844,0,2,1
96842,4,3,338846,338846,338849,0,3,2
96843,6,2,338852,338852,338854,0,2,3
96844,1,3,338853,338854,338857,1,4,0
96845,2,3,338855,338857,338860,2,5,0
96846,3,3,338858,338860,338863,2,5,0
96847,4,3,338862,338863,338866,1,4,0
96848,1,2,338863,338866,338868,3,5,0
96849,4,3,338867,338868,338871,1,4,0
96850,5,1,338872,338872,338873,0,1,1
96851,3,3,338875,338875,338878,0,3,2
96852,3,2,338878,338878,338880,0,2,0
96853,4,2,338882,338882,338884,0,2,2
96854,3,1,338885,338885,338886,0,1,1
96855,4,3,338889,338889,338892,0,3,3
96856,4,2,338893,338893,338895,0,2,1
96857,5,2,338898,338898,338900,0,2,3
96858,5,3,338903,338903,338906,0,3,3
96859,5,2,338908,338908,338910,0,2,2
96860,4,1,338912,338912,338913,0,1,2
96861,1,3,338913,338913,338916,0,3,0
96862,5,1,338918,338918,338919,0,1,2
96863,6,2,338924,338924,338926,0,2,5
96864,6,2,338930,338930,338932,0,2,4
96865,5,2,338935,338935,338937,0,2,3
96866,6,3,338941,338941,338944,0,3,4
96867,4,2,338945,338945,338947,0,2,1
96868,4,3,338949,338949,338952,0,3,2
96869,3,3,338952,338952,338955,0,3,0
96870,2,2,338954,338955,338957,1,3,0
96871,6,1,338960,338960,338961,0,1,3
96872,5,1,338965,338965,338966,0,1,4
96873,6,3,338971,338971,338974,0,3,5
96874,5,3,338976,338976,338979,0,3,2
96875,1,3,338977,338979,338982,2,5,0
96876,1,2,338978,338982,338984,4,6,0
96877,3,3,338981,338984,338987,3,6,0
96878,4,2,338985,338987,338989,2,4,0
96879,4,1,338989,338989,338990,0,1,0
96880,6,1,338995,338995,338996,0,1,5
96881,2,2,338997,338997,338999,0,2,1
96882,2,3,338999,338999,339002,0,3,0
96883,2,3,339001,339002,339005,1,4,0
96884,6,2,339007,339007,339009,0,2,2
96885,5,1,339012,339012,339013,0,1,3
96886,1,1,339013,339013,339014,0,1,0
96887,2,2,339015,339015,339017,0,2,1
96888,4,3,339019,339019,339022,0,3,2
96889,6,1,339025,339025,339026,0,1,3
96890,5,1,339030,339030,339031,0,1,4
96891,1,3,339031,339031,339034,0,3,0
96892,1,1,339032,339034,339035,2,3,0
96893,6,3,339038,339038,339041,0,3,3
96894,4,3,339042,339042,339045,0,3,1
96895,1,1,339043,339045,339046,2,3,0
96896,3,3,339046,339046,339049,0,3,0
96897,2,1,339048,339049,339050,1,2,0
96898,4,3,339052,339052,339055,0,3,2
96899,4,2,339056,339056,339058,0,2,1
96900,4,2,339060,339060,339062,0,2,2
96901,3,3,339063,339063,339066,0,3,1
96902,1,1,339064,339066,339067,2,3,0
96903,1,1,339065,339067,339068,2,3,0
96904,1,3,339066,339068,339071,2,5,0
96905,5,2,339071,339071,339073,0,2,0
96906,4,1,339075,339075,339076,0,1,2
96907,4,1,339079,339079,339080,0,1,3
96908,5,2,339084,339084,339086,0,2,4
96909,6,1,339090,339090,339091,0,1,4
96910,3,1,339093,339093,339094,0,1,2
96911,4,1,339097,339097,339098,0,1,3
96912,5,2,339102,339102,339104,0,2,4
96913,3,2,339105,339105,339107,0,2,1
96914,3,2,339108,339108,339110,0,2,1
96915,6,2,339114,339114,339116,0,2,4
96916,6,3,339120,339120,339123,0,3,4
96917,1,1,339121,339123,339124,2,3,0
96918,1,2,339122,339124,339126,2,4,0
96919,2,2,339124,339126,339128,2,4,0
96920,4,1,339128,339128,339129,0,1,0
96921,6,2,339134,339134,339136,0,2,5
96922,4,3,339138,339138,339141,0,3,2
96923,6,2,339144,339144,339146,0,2,3
96924,5,3,339149,339149,339152,0,3,3
96925,2,1,339151,339152,339153,1,2,0
96926,6,1,339157,339157,339158,0,1,4
96927,3,3,339160,339160,339163,0,3,2
96928,3,1,339163,339163,339164,0,1,0
96929,1,3,339164,339164,339167,0,3,0
96930,4,2,339168,339168,339170,0,2,1
96931,4,1,339172,339172,339173,0,1,2
96932,5,2,339177,339177,339179,0,2,4
96933,5,1,339182,339182,339183,0,1,3
96934,1,1,339183,339183,339184,0,1,0
96935,5,3,339188,339188,339191,0,3,4
96936,1,2,339189,339191,339193,2,4,0
96937,6,2,339195,339195,339197,0,2,2
96938,2,1,339197,339197,339198,0,1,0
96939,3,3,339200,339200,339203,0,3,2
96940,1,3,339201,339203,339206,2,5,0
96941,1,1,339202,339206,339207,4,5,0
96942,5,2,339207,339207,339209,0,2,0
96943,2,1,339209,339209,339210,0,1,0
96944,2,2,339211,339211,339213,0,2,1
96945,2,3,339213,339213,339216,0,3,0
96946,5,1,339218,339218,339219,0,1,2
96947,3,3,339221,339221,339224,0,3,2
96948,5,1,339226,339226,339227,0,1,2
96949,6,2,339232,339232,339234,0,2,5
96950,6,3,339238,339238,339241,0,3,4
96951,6,2,339244,339244,339246,0,2,3
96952,2,1,339246,339246,339247,0,1,0
96953,2,3,339248,339248,339251,0,3,1
96954,5,2,339253,339253,339255,0,2,2
96955,6,2,339259,339259,339261,0,2,4
96956,1,3,339260,339261,339264,1,4,0
96957,4,1,339264,339264,339265,0,1,0
96958,3,2,339267,339267,339269,0,2,2
96959,2,2,339269,339269,339271,0,2,0
96960,5,2,339274,339274,339276,0,2,3
96961,1,1,339275,339276,339277,1,2,0
96962,5,2,339280,339280,339282,0,2,3
96963,4,2,339284,339284,339286,0,2,2
96964,6,3,339290,339290,339293,0,3,4
96965,3,3,339293,339293,339296,0,3,0
96966,4,1,339297,339297,339298,0,1,1
96967,1,3,339298,339298,339301,0,3,0
96968,3,3,339301,339301,339304,0,3,0
96969,4,3,339305,339305,339308,0,3,1
96970,1,3,339306,339308,339311,2,5,0
96971,3,2,339309,339311,339313,2,4,0
96972,5,2,339314,339314,339316,0,2,1
96973,4,3,339318,339318,339321,0,3,2
96974,6,1,339324,339324,339325,0,1,3
96975,1,2,339325,339325,339327,0,2,0
96976,2,1,339327,339327,339328,0,1,0
96977,4,3,339331,339331,339334,0,3,3
96978,4,2,339335,339335,339337,0,2,1
96979,3,1,339338,339338,339339,0,1,1
96980,1,3,339339,339339,339342,0,3,0
96981,3,1,339342,339342,339343,0,1,0
96982,6,3,339348,339348,339351,0,3,5
96983,2,2,339350,339351,339353,1,3,0
96984,3,2,339353,339353,339355,0,2,0
96985,6,1,339359,339359,339360,0,1,4
96986,3,2,339362,339362,339364,0,2,2
96987,3,2,339365,339365,339367,0,2,1
96988,6,2,339371,339371,339373,0,2,4
96989,3,1,339374,339374,339375,0,1,1
96990,2,1,339376,339376,339377,0,1,1
96991,6,2,339382,339382,339384,0,2,5
96992,3,2,339385,339385,339387,0,2,1
96993,6,1,339391,339391,339392,0,1,4
96994,5,2,339396,339396,339398,0,2,4
96995,4,2,339400,339400,339402,0,2,2
96996,6,1,339406,339406,339407,0,1,4
96997,1,2,339407,339407,339409,0,2,0
96998,6,2,339413,339413,339415,0,2,4
96999,1,1,339414,339415,339416,1,2,0
97000,6,3,339420,339420,339423,0,3,4
97001,5,3,339425,339425,339428,0,3,2
97002,1,2,339426,339428,339430,2,4,0
97003,4,3,339430,339430,339433,0,3,0
97004,3,1,339433,339433,339434,0,1,0
97005,5,1,339438,339438,339439,0,1,4
97006,1,3,339439,339439,339442,0,3,0
97007,2,3,339441,339442,339445,1,4,0
97008,6,2,339447,339447,339449,0,2,2
97009,4,1,339451,339451,339452,0,1,2
97010,6,3,339457,339457,339460,0,3,5
97011,3,3,339460,339460,339463,0,3,0
97012,4,2,339464,339464,339466,0,2,1
97013,5,1,339469,339469,339470,0,1,3
97014,5,1,339474,339474,339475,0,1,4
97015,6,2,339480,339480,339482,0,2,5
97016,2,1,339482,339482,339483,0,1,0
97017,2,3,339484,339484,339487,0,3,1
97018,6,3,339490,339490,339493,0,3,3
97019,4,3,339494,339494,339497,0,3,1
97020,2,1,339496,339497,339498,1,2,0
97021,4,3,339500,339500,339503,0,3,2
97022,4,1,339504,339504,339505,0,1,1
97023,4,3,339508,339508,339511,0,3,3
97024,5,1,339513,339513,339514,0,1,2
97025,1,1,339514,339514,339515,0,1,0
97026,3,3,339517,339517,339520,0,3,2
97027,3,1,339520,339520,339521,0,1,0
97028,3,2,339523,339523,339525,0,2,2
97029,3,1,339526,339526,339527,0,1,1
97030,2,2,339528,339528,339530,0,2,1
97031,6,3,339534,339534,339537,0,3,4
97032,5,2,339539,339539,339541,0,2,2
97033,2,1,339541,339541,339542,0,1,0
97034,2,3,339543,339543,339546,0,3,1
97035,2,3,339545,339546,339549,1,4,0
97036,2,2,339547,339549,339551,2,4,0
97037,1,3,339548,339551,339554,3,6,0
97038,5,2,339553,339554,339556,1,3,0
97039,6,1,339559,339559,339560,0,1,3
97040,1,2,339560,339560,339562,0,2,0
97041,1,2,339561,339562,339564,1,3,0
97042,5,3,339566,339566,339569,0,3,2
97043,6,1,339572,339572,339573,0,1,3
97044,4,1,339576,339576,339577,0,1,3
97045,2,1,339578,339578,339579,0,1,1
97046,5,3,339583,339583,339586,0,3,4
97047,3,3,339586,339586,339589,0,3,0
97048,6,3,339592,339592,339595,0,3,3
97049,5,2,339597,339597,339599,0,2,2
97050,5,2,339602,339602,339604,0,2,3
97051,6,3,339608,339608,339611,0,3,4
97052,2,1,339610,339611,339612,1,2,0
97053,5,1,339615,339615,339616,0,1,3
97054,1,1,339616,339616,339617,0,1,0
97055,5,1,339621,339621,339622,0,1,4
97056,1,3,339622,339622,339625,0,3,0
97057,2,1,339624,339625,339626,1,2,0
97058,3,3,339627,339627,339630,0,3,1
97059,5,2,339632,339632,339634,0,2,2
97060,6,2,339638,339638,339640,0,2,4
97061,6,2,339644,339644,339646,0,2,4
97062,4,3,339648,339648,339651,0,3,2
97063,3,3,339651,339651,339654,0,3,0
97064,1,1,339652,339654,339655,2,3,0
97065,6,3,339658,339658,339661,0,3,3
97066,1,2,339659,339661,339663,2,4,0
97067,3,1,339662,339663,339664,1,2,0
97068,1,1,339663,339664,339665,1,2,0
97069,5,1,339668,339668,339669,0,1,3
97070,6,1,339674,339674,339675,0,1,5
97071,2,1,339676,339676,339677,0,1,1
97072,3,2,339679,339679,339681,0,2,2
97073,4,2,339683,339683,339685,0,2,2
97074,3,1,339686,339686,339687,0,1,1
97075,3,1,339689,339689,339690,0,1,2
97076,1,2,339690,339690,339692,0,2,0
97077,1,1,339691,339692,339693,1,2,0
97078,1,1,339692,339693,339694,1,2,0
97079,6,1,339698,339698,339699,0,1,4
97080,5,3,339703,339703,339706,0,3,4
97081,1,1,339704,339706,339707,2,3,0
97082,5,1,339709,339709,339710,0,1,2
97083,6,3,339715,339715,339718,0,3,5
97084,2,3,339717,339718,339721,1,4,0
97085,2,1,339719,339721,339722,2,3,0
97086,6,2,339725,339725,339727,0,2,3
97087,2,3,339727,339727,339730,0,3,0
97088,5,3,339732,339732,339735,0,3,2
97089,3,1,339735,339735,339736,0,1,0
97090,3,3,339738,339738,339741,0,3,2
97091,6,1,339744,339744,339745,0,1,3
97092,6,3,339750,339750,339753,0,3,5
97093,4,3,339754,339754,339757,0,3,1
97094,1,3,339755,339757,339760,2,5,0
97095,6,3,339761,339761,339764,0,3,1
97096,6,2,339767,339767,339769,0,2,3
97097,4,2,339771,339771,339773,0,2,2
97098,1,3,339772,339773,339776,1,4,0
97099,4,1,339776,339776,339777,0,1,0
97100,6,3,339782,339782,339785,0,3,5
97101,5,1,339787,339787,339788,0,1,2
97102,6,1,339793,339793,339794,0,1,5
97103,2,3,339795,339795,339798,0,3,1
97104,4,2,339799,339799,339801,0,2,1
97105,3,2,339802,339802,339804,0,2,1
97106,2,2,339804,339804,339806,0,2,0
97107,2,3,339806,339806,339809,0,3,0
97108,5,1,339811,339811,339812,0,1,2
97109,5,2,339816,339816,339818,0,2,4
97110,4,3,339820,339820,339823,0,3,2
97111,2,3,339822,339823,339826,1,4,0
97112,5,2,339827,339827,339829,0,2,1
97113,2,1,339829,339829,339830,0,1,0
97114,5,1,339834,339834,339835,0,1,4
97115,3,2,339837,339837,339839,0,2,2
97116,3,1,339840,339840,339841,0,1,1
97117,2,2,339842,339842,339844,0,2,1
97118,4,3,339846,339846,339849,0,3,2
97119,2,2,339848,339849,339851,1,3,0
97120,2,2,339850,339851,339853,1,3,0
97121,1,1,339851,339853,339854,2,3,0
97122,5,2,339856,339856,339858,0,2,2
97123,4,2,339860,339860,339862,0,2,2
97124,4,3,339864,339864,339867,0,3,2
97125,5,1,339869,339869,339870,0,1,2
97126,1,2,339870,339870,339872,0,2,0
97127,6,1,339876,339876,339877,0,1,4
97128,3,1,339879,339879,339880,0,1,2
97129,6,3,339885,339885,339888,0,3,5
97130,3,3,339888,339888,339891,0,3,0
97131,5,2,339893,339893,339895,0,2,2
97132,5,3,339898,339898,339901,0,3,3
97133,2,1,339900,339901,339902,1,2,0
97134,1,1,339901,339902,339903,1,2,0
97135,3,1,339904,339904,339905,0,1,1
97136,1,1,339905,339905,339906,0,1,0
97137,2,3,339907,339907,339910,0,3,1
97138,3,3,339910,339910,339913,0,3,0
97139,4,1,339914,339914,339915,0,1,1
97140,3,2,339917,339917,339919,0,2,2
97141,6,1,339923,339923,339924,0,1,4
97142,6,2,339929,339929,339931,0,2,5
97143,6,1,339935,339935,339936,0,1,4
97144,5,3,339940,339940,339943,0,3,4
97145,6,3,339946,339946,339949,0,3,3
97146,3,1,339949,339949,339950,0,1,0
97147,5,1,339954,339954,339955,0,1,4
97148,3,2,339957,339957,339959,0,2,2
97149,5,1,339962,339962,339963,0,1,3
97150,1,1,339963,339963,339964,0,1,0
97151,3,1,339966,339966,339967,0,1,2
97152,6,2,339972,339972,339974,0,2,5
97153,4,2,339976,339976,339978,0,2,2
97154,5,1,339981,339981,339982,0,1,3
97155,6,2,339987,339987,339989,0,2,5
97156,6,1,339993,339993,339994,0,1,4
97157,2,3,339995,339995,339998,0,3,1
97158,3,3,339998,339998,340001,0,3,0
97159,5,3,340003,340003,340006,0,3,2
97160,5,3,340008,340008,340011,0,3,2
97161,6,2,340014,340014,340016,0,2,3
97162,1,2,340015,340016,340018,1,3,0
97163,3,3,340018,340018,340021,0,3,0
97164,1,2,340019,340021,340023,2,4,0
97165,1,1,340020,340023,340024,3,4,0
97166,4,1,340024,340024,340025,0,1,0
97167,5,1,340029,340029,340030,0,1,4
97168,4,3,340033,340033,340036,0,3,3
97169,1,3,340034,340036,340039,2,5,0
97170,4,1,340038,340039,340040,1,2,0
97171,6,3,340044,340044,340047,0,3,4
97172,2,1,340046,340047,340048,1,2,0
97173,3,1,340049,340049,340050,0,1,1
97174,1,1,340050,340050,340051,0,1,0
97175,1,3,340051,340051,340054,0,3,0
97176,2,2,340053,340054,340056,1,3,0
97177,1,1,340054,340056,340057,2,3,0
97178,6,3,340060,340060,340063,0,3,3
97179,2,1,340062,340063,340064,1,2,0
97180,2,3,340064,340064,340067,0,3,0
97181,6,3,340070,340070,340073,0,3,3
97182,1,3,340071,340073,340076,2,5,0
97183,2,2,340073,340076,340078,3,5,0
97184,2,3,340075,340078,340081,3,6,0
97185,4,3,340079,340081,340084,2,5,0
97186,4,2,340083,340084,340086,1,3,0
97187,4,1,340087,340087,340088,0,1,1
97188,6,1,340093,340093,340094,0,1,5
97189,4,1,340097,340097,340098,0,1,3
97190,1,3,340098,340098,340101,0,3,0
97191,5,3,340103,340103,340106,0,3,2
97192,5,3,340108,340108,340111,0,3,2
97193,2,1,340110,340111,340112,1,2,0
97194,5,1,340115,340115,340116,0,1,3
97195,4,2,340119,340119,340121,0,2,3
97196,5,3,340124,340124,340127,0,3,3
97197,4,2,340128,340128,340130,0,2,1
97198,2,3,340130,340130,340133,0,3,0
97199,2,2,340132,340133,340135,1,3,0
97200,6,2,340138,340138,340140,0,2,3
97201,5,3,340143,340143,340146,0,3,3
97202,2,1,340145,340146,340147,1,2,0
97203,4,2,340149,340149,340151,0,2,2
97204,5,2,340154,340154,340156,0,2,3
97205,1,1,340155,340156,340157,1,2,0
97206,3,1,340158,340158,340159,0,1,1
97207,1,3,340159,340159,340162,0,3,0
97208,5,3,340164,340164,340167,0,3,2
97209,6,1,340170,340170,340171,0,1,3
97210,6,2,340176,340176,340178,0,2,5
97211,4,1,340180,340180,340181,0,1,2
97212,6,3,340186,340186,340189,0,3,5
97213,2,2,340188,340189,340191,1,3,0
97214,5,2,340193,340193,340195,0,2,2
97215,1,1,340194,340195,340196,1,2,0
97216,4,2,340198,340198,340200,0,2,2
97217,4,3,340202,340202,340205,0,3,2
97218,2,1,340204,340205,340206,1,2,0
97219,6,3,340210,340210,340213,0,3,4
97220,1,3,340211,340213,340216,2,5,0
97221,5,1,340216,340216,340217,0,1,0
97222,1,1,340217,340217,340218,0,1,0
97223,4,2,340221,340221,340223,0,2,3
97224,1,2,340222,340223,340225,1,3,0
97225,1,2,340223,340225,340227,2,4,0
97226,4,3,340227,340227,340230,0,3,0
97227,3,2,340230,340230,340232,0,2,0
97228,1,2,340231,340232,340234,1,3,0
97229,4,3,340235,340235,340238,0,3,1
97230,3,3,340238,340238,340241,0,3,0
97231,2,2,340240,340241,340243,1,3,0
97232,4,2,340244,340244,340246,0,2,1
97233,5,3,340249,340249,340252,0,3,3
97234,2,1,340251,340252,340253,1,2,0
97235,1,2,340252,340253,340255,1,3,0
97236,1,1,340253,340255,340256,2,3,0
97237,1,3,340254,340256,340259,2,5,0
97238,6,3,340260,340260,340263,0,3,1
97239,1,2,340261,340263,340265,2,4,0
97240,2,1,340263,340265,340266,2,3,0
97241,2,1,340265,340266,340267,1,2,0
97242,4,3,340269,340269,340272,0,3,2
97243,4,1,340273,340273,340274,0,1,1
97244,6,1,340279,340279,340280,0,1,5
97245,5,1,340284,340284,340285,0,1,4
97246,5,3,340289,340289,340292,0,3,4
97247,3,1,340292,340292,340293,0,1,0
97248,3,3,340295,340295,340298,0,3,2
97249,3,1,340298,340298,340299,0,1,0
97250,4,1,340302,340302,340303,0,1,3
97251,3,2,340305,340305,340307,0,2,2
97252,4,3,340309,340309,340312,0,3,2
97253,1,1,340310,340312,340313,2,3,0
97254,3,3,340313,340313,340316,0,3,0
97255,5,3,340318,340318,340321,0,3,2
97256,5,2,340323,340323,340325,0,2,2
97257,3,3,340326,340326,340329,0,3,1
97258,3,2,340329,340329,340331,0,2,0
97259,3,1,340332,340332,340333,0,1,1
97260,4,2,340336,340336,340338,0,2,3
97261,6,3,340342,340342,340345,0,3,4
97262,1,1,340343,340345,340346,2,3,0
97263,5,1,340348,340348,340349,0,1,2
97264,4,2,340352,340352,340354,0,2,3
97265,2,1,340354,340354,340355,0,1,0
97266,1,1,340355,340355,340356,0,1,0
97267,3,2,340358,340358,340360,0,2,2
97268,2,3,340360,340360,340363,0,3,0
97269,1,1,340361,340363,340364,2,3,0
97270,1,2,340362,340364,340366,2,4,0
97271,6,1,340368,340368,340369,0,1,2
97272,6,1,340374,340374,340375,0,1,5
97273,6,1,340380,340380,340381,0,1,5
97274,3,2,340383,340383,340385,0,2,2
97275,5,3,340388,340388,340391,0,3,3
97276,1,1,340389,340391,340392,2,3,0
97277,1,1,340390,340392,340393,2,3,0
97278,3,1,340393,340393,340394,0,1,0
97279,4,1,340397,340397,340398,0,1,3
97280,1,3,340398,340398,340401,0,3,0
97281,6,1,340404,340404,340405,0,1,3
97282,5,3,340409,340409,340412,0,3,4
97283,4,3,340413,340413,340416,0,3,1
97284,1,2,340414,340416,340418,2,4,0
97285,1,2,340415,340418,340420,3,5,0
97286,2,1,340417,340420,340421,3,4,0
97287,5,1,340422,340422,340423,0,1,1
97288,6,2,340428,340428,340430,0,2,5
97289,3,2,340431,340431,340433,0,2,1
97290,5,1,340436,340436,340437,0,1,3
97291,6,1,340442,340442,340443,0,1,5
97292,6,3,340448,340448,340451,0,3,5
97293,4,3,340452,340452,340455,0,3,1
97294,3,3,340455,340455,340458,0,3,0
97295,5,3,340460,340460,340463,0,3,2
97296,6,3,340466,340466,340469,0,3,3
97297,6,2,340472,340472,340474,0,2,3
97298,4,3,340476,340476,340479,0,3,2
97299,4,3,340480,340480,340483,0,3,1
97300,1,3,340481,340483,340486,2,5,0
97301,1,1,340482,340486,340487,4,5,0
97302,6,3,340488,340488,340491,0,3,1
97303,2,2,340490,340491,340493,1,3,0
97304,1,1,340491,340493,340494,2,3,0
97305,1,3,340492,340494,340497,2,5,0
97306,5,3,340497,340497,340500,0,3,0
97307,5,1,340502,340502,340503,0,1,2
97308,4,1,340506,340506,340507,0,1,3
97309,5,3,340511,340511,340514,0,3,4
97310,4,1,340515,340515,340516,0,1,1
97311,1,2,340516,340516,340518,0,2,0
97312,4,3,340520,340520,340523,0,3,2
97313,2,3,340522,340523,340526,1,4,0
97314,2,2,340524,340526,340528,2,4,0
97315,4,1,340528,340528,340529,0,1,0
97316,6,2,340534,340534,340536,0,2,5
97317,5,1,340539,340539,340540,0,1,3
97318,4,3,340543,340543,340546,0,3,3
97319,1,3,340544,340546,340549,2,5,0
97320,5,1,340549,340549,340550,0,1,0
97321,6,1,340555,340555,340556,0,1,5
97322,2,3,340557,340557,340560,0,3,1
97323,2,3,340559,340560,340563,1,4,0
97324,3,1,340562,340563,340564,1,2,0
97325,3,2,340565,340565,340567,0,2,1
97326,3,1,340568,340568,340569,0,1,1
97327,3,1,340571,340571,340572,0,1,2
97328,2,3,340573,340573,340576,0,3,1
97329,5,1,340578,340578,340579,0,1,2
97330,3,1,340581,340581,340582,0,1,2
97331,3,3,340584,340584,340587,0,3,2
97332,3,1,340587,340587,340588,0,1,0
97333,1,3,340588,340588,340591,0,3,0
97334,4,2,340592,340592,340594,0,2,1
97335,5,1,340597,340597,340598,0,1,3
97336,4,1,340601,340601,340602,0,1,3
97337,1,1,340602,340602,340603,0,1,0
97338,2,2,340604,340604,340606,0,2,1
97339,3,3,340607,340607,340610,0,3,1
97340,3,1,340610,340610,340611,0,1,0
97341,2,1,340612,340612,340613,0,1,1
97342,4,1,340616,340616,340617,0,1,3
97343,5,2,340621,340621,340623,0,2,4
97344,4,2,340625,340625,340627,0,2,2
97345,6,1,340631,340631,340632,0,1,4
97346,2,3,340633,340633,340636,0,3,1
97347,4,3,340637,340637,340640,0,3,1
97348,3,2,340640,340640,340642,0,2,0
97349,2,2,340642,340642,340644,0,2,0
97350,4,3,340646,340646,340649,0,3,2
97351,1,3,340647,340649,340652,2,5,0
97352,2,3,340649,340652,340655,3,6,0
97353,1,3,340650,340655,340658,5,8,0
97354,6,2,340656,340658,340660,2,4,0
97355,5,2,340661,340661,340663,0,2,1
97356,3,1,340664,340664,340665,0,1,1
97357,3,2,340667,340667,340669,0,2,2
97358,2,2,340669,340669,340671,0,2,0
97359,6,3,340675,340675,340678,0,3,4
97360,4,1,340679,340679,340680,0,1,1
97361,5,1,340684,340684,340685,0,1,4
97362,1,3,340685,340685,340688,0,3,0
97363,4,3,340689,340689,340692,0,3,1
97364,1,2,340690,340692,340694,2,4,0
97365,2,2,340692,340694,340696,2,4,0
97366,4,3,340696,340696,340699,0,3,0
97367,4,3,340700,340700,340703,0,3,1
97368,1,2,340701,340703,340705,2,4,0
97369,2,1,340703,340705,340706,2,3,0
97370,3,1,340706,340706,340707,0,1,0
97371,6,1,340712,340712,340713,0,1,5
97372,5,3,340717,340717,340720,0,3,4
97373,5,3,340722,340722,340725,0,3,2
97374,1,2,340723,340725,340727,2,4,0
97375,4,1,340727,340727,340728,0,1,0
97376,5,1,340732,340732,340733,0,1,4
97377,6,2,340738,340738,340740,0,2,5
97378,1,3,340739,340740,340743,1,4,0
97379,3,1,340742,340743,340744,1,2,0
97380,1,3,340743,340744,340747,1,4,0
97381,6,3,340749,340749,340752,0,3,2
97382,2,3,340751,340752,340755,1,4,0
97383,4,3,340755,340755,340758,0,3,0
97384,5,2,340760,340760,340762,0,2,2
97385,2,2,340762,340762,340764,0,2,0
97386,2,2,340764,340764,340766,0,2,0
97387,5,1,340769,340769,340770,0,1,3
97388,4,3,340773,340773,340776,0,3,3
97389,1,1,340774,340776,340777,2,3,0
97390,3,2,340777,340777,340779,0,2,0
97391,5,2,340782,340782,340784,0,2,3
97392,5,3,340787,340787,340790,0,3,3
97393,4,1,340791,340791,340792,0,1,1
97394,1,1,340792,340792,340793,0,1,0
97395,6,2,340798,340798,340800,0,2,5
97396,6,3,340804,340804,340807,0,3,4
97397,4,3,340808,340808,340811,0,3,1
97398,5,1,340813,340813,340814,0,1,2
97399,4,1,340817,340817,340818,0,1,3
97400,2,3,340819,340819,340822,0,3,1
97401,2,3,340821,340822,340825,1,4,0
97402,6,3,340827,340827,340830,0,3,2
97403,5,1,340832,340832,340833,0,1,2
97404,2,1,340834,340834,340835,0,1,1
97405,1,3,340835,340835,340838,0,3,0
97406,4,1,340839,340839,340840,0,1,1
97407,6,3,340845,340845,340848,0,3,5
97408,2,2,340847,340848,340850,1,3,0
97409,1,1,340848,340850,340851,2,3,0
97410,1,2,340849,340851,340853,2,4,0
97411,3,2,340852,340853,340855,1,3,0
97412,3,2,340855,340855,340857,0,2,0
97413,1,3,340856,340857,340860,1,4,0
97414,1,3,340857,340860,340863,3,6,0
97415,2,1,340859,340863,340864,4,5,0
97416,6,1,340865,340865,340866,0,1,1
97417,1,3,340866,340866,340869,0,3,0
97418,3,2,340869,340869,340871,0,2,0
97419,3,3,340872,340872,340875,0,3,1
97420,2,1,340874,340875,340876,1,2,0
97421,6,1,340880,340880,340881,0,1,4
97422,5,3,340885,340885,340888,0,3,4
97423,1,3,340886,340888,340891,2,5,0
97424,2,3,340888,340891,340894,3,6,0
97425,6,2,340894,340894,340896,0,2,0
97426,6,1,340900,340900,340901,0,1,4
97427,3,2,340903,340903,340905,0,2,2
97428,4,2,340907,340907,340909,0,2,2
97429,3,3,340910,340910,340913,0,3,1
97430,4,3,340914,340914,340917,0,3,1
97431,4,3,340918,340918,340921,0,3,1
97432,3,2,340921,340921,340923,0,2,0
97433,6,1,340927,340927,340928,0,1,4
97434,3,2,340930,340930,340932,0,2,2
97435,1,2,340931,340932,340934,1,3,0
97436,2,3,340933,340934,340937,1,4,0
97437,3,1,340936,340937,340938,1,2,0
97438,1,3,340937,340938,340941,1,4,0
97439,6,1,340943,340943,340944,0,1,2
97440,6,3,340949,340949,340952,0,3,5
97441,6,2,340955,340955,340957,0,2,3
97442,2,1,340957,340957,340958,0,1,0
97443,6,1,340963,340963,340964,0,1,5
97444,6,3,340969,340969,340972,0,3,5
97445,2,3,340971,340972,340975,1,4,0
97446,4,1,340975,340975,340976,0,1,0
97447,5,1,340980,340980,340981,0,1,4
97448,4,2,340984,340984,340986,0,2,3
97449,3,1,340987,340987,340988,0,1,1
97450,2,2,340989,340989,340991,0,2,1
97451,1,1,340990,340991,340992,1,2,0
97452,6,1,340996,340996,340997,0,1,4
97453,2,3,340998,340998,341001,0,3,1
97454,2,1,341000,341001,341002,1,2,0
97455,3,3,341003,341003,341006,0,3,1
97456,2,2,341005,341006,341008,1,3,0
97457,5,2,341010,341010,341012,0,2,2
97458,6,2,341016,341016,341018,0,2,4
97459,1,3,341017,341018,341021,1,4,0
97460,6,1,341023,341023,341024,0,1,2
97461,2,1,341025,341025,341026,0,1,1
97462,1,3,341026,341026,341029,0,3,0
97463,1,2,341027,341029,341031,2,4,0
97464,3,3,341030,341031,341034,1,4,0
97465,4,2,341034,341034,341036,0,2,0
97466,2,3,341036,341036,341039,0,3,0
97467,1,1,341037,341039,341040,2,3,0
97468,3,3,341040,341040,341043,0,3,0
97469,4,2,341044,341044,341046,0,2,1
97470,2,1,341046,341046,341047,0,1,0
97471,2,2,341048,341048,341050,0,2,1
97472,4,1,341052,341052,341053,0,1,2
97473,2,2,341054,341054,341056,0,2,1
97474,1,3,341055,341056,341059,1,4,0
97475,1,3,341056,341059,341062,3,6,0
97476,2,1,341058,341062,341063,4,5,0
97477,3,2,341061,341063,341065,2,4,0
97478,5,3,341066,341066,341069,0,3,1
97479,3,3,341069,341069,341072,0,3,0
97480,5,2,341074,341074,341076,0,2,2
97481,1,3,341075,341076,341079,1,4,0
97482,4,1,341079,341079,341080,0,1,0
97483,1,3,341080,341080,341083,0,3,0
97484,3,3,341083,341083,341086,0,3,0
97485,4,3,341087,341087,341090,0,3,1
97486,3,1,341090,341090,341091,0,1,0
97487,5,3,341095,341095,341098,0,3,4
97488,1,3,341096,341098,341101,2,5,0
97489,2,1,341098,341101,341102,3,4,0
97490,2,1,341100,341102,341103,2,3,0
97491,3,3,341103,341103,341106,0,3,0
97492,1,2,341104,341106,341108,2,4,0
97493,5,3,341109,341109,341112,0,3,1
97494,5,1,341114,341114,341115,0,1,2
97495,1,1,341115,341115,341116,0,1,0
97496,4,3,341119,341119,341122,0,3,3
97497,2,3,341121,341122,341125,1,4,0
97498,6,2,341127,341127,341129,0,2,2
97499,6,1,341133,341133,341134,0,1,4
97500,6,3,341139,341139,341142,0,3,5
97501,3,3,341142,341142,341145,0,3,0
97502,3,2,341145,341145,341147,0,2,0
97503,2,2,341147,341147,341149,0,2,0
97504,6,2,341153,341153,341155,0,2,4
97505,5,1,341158,341158,341159,0,1,3
97506,4,1,341162,341162,341163,0,1,3
97507,4,1,341166,341166,341167,0,1,3
97508,4,1,341170,341170,341171,0,1,3
97509,3,1,341173,341173,341174,0,1,2
97510,1,3,341174,341174,341177,0,3,0
97511,1,1,341175,341177,341178,2,3,0
97512,2,3,341177,341178,341181,1,4,0
97513,2,2,341179,341181,341183,2,4,0
97514,1,1,341180,341183,341184,3,4,0
97515,6,3,341186,341186,341189,0,3,2
97516,2,1,341188,341189,341190,1,2,0
97517,3,2,341191,341191,341193,0,2,1
97518,4,1,341195,341195,341196,0,1,2
97519,1,1,341196,341196,341197,0,1,0
97520,5,2,341201,341201,341203,0,2,4
97521,4,3,341205,341205,341208,0,3,2
97522,5,3,341210,341210,341213,0,3,2
97523,3,3,341213,341213,341216,0,3,0
97524,3,3,341216,341216,341219,0,3,0
97525,3,2,341219,341219,341221,0,2,0
97526,3,2,341222,341222,341224,0,2,1
97527,3,3,341225,341225,341228,0,3,1
97528,2,1,341227,341228,341229,1,2,0
97529,1,2,341228,341229,341231,1,3,0
97530,6,1,341234,341234,341235,0,1,3
97531,1,3,341235,341235,341238,0,3,0
97532,3,2,341238,341238,341240,0,2,0
97533,2,3,341240,341240,341243,0,3,0
97534,1,2,341241,341243,341245,2,4,0
97535,1,3,341242,341245,341248,3,6,0
97536,5,1,341247,341248,341249,1,2,0
97537,4,1,341251,341251,341252,0,1,2
97538,6,2,341257,341257,341259,0,2,5
97539,6,2,341263,341263,341265,0,2,4
97540,5,3,341268,341268,341271,0,3,3
97541,3,1,341271,341271,341272,0,1,0
97542,4,1,341275,341275,341276,0,1,3
97543,2,2,341277,341277,341279,0,2,1
97544,2,2,341279,341279,341281,0,2,0
97545,6,3,341285,341285,341288,0,3,4
97546,6,3,341291,341291,341294,0,3,3
97547,3,1,341294,341294,341295,0,1,0
97548,3,3,341297,341297,341300,0,3,2
97549,5,3,341302,341302,341305,0,3,2
97550,6,1,341308,341308,341309,0,1,3
97551,1,1,341309,341309,341310,0,1,0
97552,2,2,341311,341311,341313,0,2,1
97553,5,3,341316,341316,341319,0,3,3
97554,5,2,341321,341321,341323,0,2,2
97555,5,2,341326,341326,341328,0,2,3
97556,6,2,341332,341332,341334,0,2,4
97557,5,1,341337,341337,341338,0,1,3
97558,2,2,341339,341339,341341,0,2,1
97559,6,2,341345,341345,341347,0,2,4
97560,3,2,341348,341348,341350,0,2,1
97561,5,2,341353,341353,341355,0,2,3
97562,2,1,341355,341355,341356,0,1,0
97563,4,2,341359,341359,341361,0,2,3
97564,1,1,341360,341361,341362,1,2,0
97565,5,2,341365,341365,341367,0,2,3
97566,5,1,341370,341370,341371,0,1,3
97567,6,1,341376,341376,341377,0,1,5
97568,6,3,341382,341382,341385,0,3,5
97569,4,1,341386,341386,341387,0,1,1
97570,3,1,341389,341389,341390,0,1,2
97571,2,3,341391,341391,341394,0,3,1
97572,6,1,341397,341397,341398,0,1,3
97573,3,2,341400,341400,341402,0,2,2
97574,4,2,341404,341404,341406,0,2,2
97575,1,2,341405,341406,341408,1,3,0
97576,5,2,341410,341410,341412,0,2,2
97577,1,1,341411,341412,341413,1,2,0
97578,3,2,341414,341414,341416,0,2,1
97579,3,1,341417,341417,341418,0,1,1
97580,2,1,341419,341419,341420,0,1,1
97581,3,3,341422,341422,341425,0,3,2
97582,5,3,341427,341427,341430,0,3,2
97583,2,2,341429,341430,341432,1,3,0
97584,6,3,341435,341435,341438,0,3,3
97585,6,1,341441,341441,341442,0,1,3
97586,2,1,341443,341443,341444,0,1,1
97587,6,3,341449,341449,341452,0,3,5
97588,3,1,341452,341452,341453,0,1,0
97589,1,3,341453,341453,341456,0,3,0
97590,2,2,341455,341456,341458,1,3,0
97591,4,2,341459,341459,341461,0,2,1
97592,2,1,341461,341461,341462,0,1,0
97593,6,2,341467,341467,341469,0,2,5
97594,5,2,341472,341472,341474,0,2,3
97595,5,2,341477,341477,341479,0,2,3
97596,5,2,341482,341482,341484,0,2,3
97597,5,1,341487,341487,341488,0,1,3
97598,1,1,341488,341488,341489,0,1,0
97599,1,3,341489,341489,341492,0,3,0
97600,5,3,341494,341494,341497,0,3,2
97601,1,3,341495,341497,341500,2,5,0
97602,3,3,341498,341500,341503,2,5,0
97603,1,1,341499,341503,341504,4,5,0
97604,1,3,341500,341504,341507,4,7,0
97605,6,2,341506,341507,341509,1,3,0
97606,6,3,341512,341512,341515,0,3,3
97607,6,3,341518,341518,341521,0,3,3
97608,1,1,341519,341521,341522,2,3,0
97609,2,2,341521,341522,341524,1,3,0
97610,3,1,341524,341524,341525,0,1,0
97611,2,3,341526,341526,341529,0,3,1
97612,2,2,341528,341529,341531,1,3,0
97613,6,1,341534,341534,341535,0,1,3
97614,2,1,341536,341536,341537,0,1,1
97615,5,1,341541,341541,341542,0,1,4
97616,1,2,341542,341542,341544,0,2,0
97617,6,3,341548,341548,341551,0,3,4
97618,5,3,341553,341553,341556,0,3,2
97619,6,1,341559,341559,341560,0,1,3
97620,4,3,341563,341563,341566,0,3,3
97621,4,1,341567,341567,341568,0,1,1
97622,1,2,341568,341568,341570,0,2,0
97623,4,2,341572,341572,341574,0,2,2
97624,5,3,341577,341577,341580,0,3,3
97625,2,1,341579,341580,341581,1,2,0
97626,2,3,341581,341581,341584,0,3,0
97627,6,3,341587,341587,341590,0,3,3
97628,6,1,341593,341593,341594,0,1,3
97629,1,2,341594,341594,341596,0,2,0
97630,1,3,341595,341596,341599,1,4,0
97631,5,3,341600,341600,341603,0,3,1
97632,4,3,341604,341604,341607,0,3,1
97633,4,1,341608,341608,341609,0,1,1
97634,5,3,341613,341613,341616,0,3,4
97635,2,3,341615,341616,341619,1,4,0
97636,2,3,341617,341619,341622,2,5,0
97637,1,3,341618,341622,341625,4,7,0
97638,5,1,341623,341625,341626,2,3,0
97639,3,3,341626,341626,341629,0,3,0
97640,1,2,341627,341629,341631,2,4,0
97641,3,2,341630,341631,341633,1,3,0
97642,5,1,341635,341635,341636,0,1,2
97643,5,1,341640,341640,341641,0,1,4
97644,2,1,341642,341642,341643,0,1,1
97645,3,2,341645,341645,341647,0,2,2
97646,6,3,341651,341651,341654,0,3,4
97647,1,2,341652,341654,341656,2,4,0
97648,5,2,341657,341657,341659,0,2,1
97649,1,1,341658,341659,341660,1,2,0
97650,4,3,341662,341662,341665,0,3,2
97651,5,2,341667,341667,341669,0,2,2
97652,5,1,341672,341672,341673,0,1,3
97653,2,1,341674,341674,341675,0,1,1
97654,1,3,341675,341675,341678,0,3,0
97655,4,3,341679,341679,341682,0,3,1
97656,6,2,341685,341685,341687,0,2,3
97657,3,3,341688,341688,341691,0,3,1
97658,2,3,341690,341691,341694,1,4,0
97659,2,2,341692,341694,341696,2,4,0
97660,5,2,341697,341697,341699,0,2,1
97661,5,1,341702,341702,341703,0,1,3
97662,3,3,341705,341705,341708,0,3,2
97663,2,3,341707,341708,341711,1,4,0
97664,3,3,341710,341711,341714,1,4,0
97665,2,2,341712,341714,341716,2,4,0
97666,3,1,341715,341716,341717,1,2,0
97667,5,1,341720,341720,341721,0,1,3
97668,4,2,341724,341724,341726,0,2,3
97669,2,1,341726,341726,341727,0,1,0
97670,4,3,341730,341730,341733,0,3,3
97671,6,2,341736,341736,341738,0,2,3
97672,3,2,341739,341739,341741,0,2,1
97673,6,3,341745,341745,341748,0,3,4
97674,2,3,341747,341748,341751,1,4,0
97675,2,1,341749,341751,341752,2,3,0
97676,1,3,341750,341752,341755,2,5,0
97677,5,3,341755,341755,341758,0,3,0
97678,2,3,341757,341758,341761,1,4,0
97679,2,1,341759,341761,341762,2,3,0
97680,4,2,341763,341763,341765,0,2,1
97681,6,3,341769,341769,341772,0,3,4
97682,2,3,341771,341772,341775,1,4,0
97683,4,3,341775,341775,341778,0,3,0
97684,3,3,341778,341778,341781,0,3,0
97685,4,3,341782,341782,341785,0,3,1
97686,3,3,341785,341785,341788,0,3,0
97687,2,1,341787,341788,341789,1,2,0
97688,3,3,341790,341790,341793,0,3,1
97689,6,1,341796,341796,341797,0,1,3
97690,1,3,341797,341797,341800,0,3,0
97691,6,2,341803,341803,341805,0,2,3
97692,5,2,341808,341808,341810,0,2,3
97693,5,1,341813,341813,341814,0,1,3
97694,6,3,341819,341819,341822,0,3,5
97695,1,2,341820,341822,341824,2,4,0
97696,4,2,341824,341824,341826,0,2,0
97697,5,1,341829,341829,341830,0,1,3
97698,1,2,341830,341830,341832,0,2,0
97699,3,1,341833,341833,341834,0,1,1
97700,4,2,341837,341837,341839,0,2,3
97701,4,2,341841,341841,341843,0,2,2
97702,1,2,341842,341843,341845,1,3,0
97703,4,2,341846,341846,341848,0,2,1
97704,6,1,341852,341852,341853,0,1,4
97705,2,2,341854,341854,341856,0,2,1
97706,3,1,341857,341857,341858,0,1,1
97707,4,1,341861,341861,341862,0,1,3
97708,6,1,341867,341867,341868,0,1,5
97709,3,3,341870,341870,341873,0,3,2
97710,6,2,341876,341876,341878,0,2,3
97711,5,2,341881,341881,341883,0,2,3
97712,1,1,341882,341883,341884,1,2,0
97713,2,2,341884,341884,341886,0,2,0
97714,1,2,341885,341886,341888,1,3,0
97715,3,2,341888,341888,341890,0,2,0
97716,6,1,341894,341894,341895,0,1,4
97717,1,2,341895,341895,341897,0,2,0
97718,6,1,341901,341901,341902,0,1,4
97719,3,3,341904,341904,341907,0,3,2
97720,2,1,341906,341907,341908,1,2,0
97721,4,3,341910,341910,341913,0,3,2
97722,5,2,341915,341915,341917,0,2,2
97723,6,3,341921,341921,341924,0,3,4
97724,6,2,341927,341927,341929,0,2,3
97725,4,3,341931,341931,341934,0,3,2
97726,2,2,341933,341934,341936,1,3,0
97727,1,2,341934,341936,341938,2,4,0
97728,3,3,341937,341938,341941,1,4,0
97729,5,3,341942,341942,341945,0,3,1
97730,1,2,341943,341945,341947,2,4,0
97731,5,1,341948,341948,341949,0,1,1
97732,1,2,341949,341949,341951,0,2,0
97733,5,1,341954,341954,341955,0,1,3
97734,4,2,341958,341958,341960,0,2,3
97735,5,1,341963,341963,341964,0,1,3
97736,3,2,341966,341966,341968,0,2,2
97737,4,2,341970,341970,341972,0,2,2
97738,2,2,341972,341972,341974,0,2,0
97739,6,3,341978,341978,341981,0,3,4
97740,5,2,341983,341983,341985,0,2,2
97741,6,1,341989,341989,341990,0,1,4
97742,5,3,341994,341994,341997,0,3,4
97743,5,2,341999,341999,342001,0,2,2
97744,5,3,342004,342004,342007,0,3,3
97745,3,2,342007,342007,342009,0,2,0
97746,2,1,342009,342009,342010,0,1,0
97747,6,2,342015,342015,342017,0,2,5
97748,2,3,342017,342017,342020,0,3,0
97749,2,2,342019,342020,342022,1,3,0
97750,2,2,342021,342022,342024,1,3,0
97751,5,1,342026,342026,342027,0,1,2
97752,5,1,342031,342031,342032,0,1,4
97753,5,2,342036,342036,342038,0,2,4
97754,3,3,342039,342039,342042,0,3,1
97755,5,3,342044,342044,342047,0,3,2
97756,3,1,342047,342047,342048,0,1,0
97757,1,1,342048,342048,342049,0,1,0
97758,1,2,342049,342049,342051,0,2,0
97759,5,2,342054,342054,342056,0,2,3
97760,3,3,342057,342057,342060,0,3,1
97761,2,2,342059,342060,342062,1,3,0
97762,3,1,342062,342062,342063,0,1,0
97763,2,2,342064,342064,342066,0,2,1
97764,3,3,342067,342067,342070,0,3,1
97765,3,2,342070,342070,342072,0,2,0
97766,2,1,342072,342072,342073,0,1,0
97767,4,3,342076,342076,342079,0,3,3
97768,4,3,342080,342080,342083,0,3,1
97769,1,3,342081,342083,342086,2,5,0
97770,4,2,342085,342086,342088,1,3,0
97771,6,3,342091,342091,342094,0,3,3
97772,4,2,342095,342095,342097,0,2,1
97773,2,3,342097,342097,342100,0,3,0
97774,3,2,342100,342100,342102,0,2,0
97775,4,1,342104,342104,342105,0,1,2
97776,1,2,342105,342105,342107,0,2,0
97777,4,2,342109,342109,342111,0,2,2
97778,5,1,342114,342114,342115,0,1,3
97779,5,3,342119,342119,342122,0,3,4
97780,4,3,342123,342123,342126,0,3,1
97781,4,1,342127,342127,342128,0,1,1
97782,4,2,342131,342131,342133,0,2,3
97783,5,2,342136,342136,342138,0,2,3
97784,5,3,342141,342141,342144,0,3,3
97785,2,2,342143,342144,342146,1,3,0
97786,6,2,342149,342149,342151,0,2,3
97787,6,1,342155,342155,342156,0,1,4
97788,5,3,342160,342160,342163,0,3,4
97789,4,2,342164,342164,342166,0,2,1
97790,2,3,342166,342166,342169,0,3,0
97791,2,2,342168,342169,342171,1,3,0
97792,6,2,342174,342174,342176,0,2,3
97793,1,1,342175,342176,342177,1,2,0
97794,2,1,342177,342177,342178,0,1,0
97795,5,3,342182,342182,342185,0,3,4
97796,1,2,342183,342185,342187,2,4,0
97797,5,1,342188,342188,342189,0,1,1
97798,3,3,342191,342191,342194,0,3,2
97799,3,3,342194,342194,342197,0,3,0
97800,4,3,342198,342198,342201,0,3,1
97801,5,1,342203,342203,342204,0,1,2
97802,2,2,342205,342205,342207,0,2,1
97803,1,3,342206,342207,342210,1,4,0
97804,2,1,342208,342210,342211,2,3,0
97805,5,1,342213,342213,342214,0,1,2
97806,1,3,342214,342214,342217,0,3,0
97807,3,1,342217,342217,342218,0,1,0
97808,3,1,342220,342220,342221,0,1,2
97809,6,1,342226,342226,342227,0,1,5
97810,1,2,342227,342227,342229,0,2,0
97811,3,3,342230,342230,342233,0,3,1
97812,5,1,342235,342235,342236,0,1,2
97813,3,3,342238,342238,342241,0,3,2
97814,3,1,342241,342241,342242,0,1,0
97815,4,3,342245,342245,342248,0,3,3
97816,3,1,342248,342248,342249,0,1,0
97817,6,3,342254,342254,342257,0,3,5
97818,3,3,342257,342257,342260,0,3,0
97819,4,1,342261,342261,342262,0,1,1
97820,2,2,342263,342263,342265,0,2,1
97821,4,3,342267,342267,342270,0,3,2
97822,6,2,342273,342273,342275,0,2,3
97823,5,2,342278,342278,342280,0,2,3
97824,2,1,342280,342280,342281,0,1,0
97825,6,2,342286,342286,342288,0,2,5
97826,6,1,342292,342292,342293,0,1,4
97827,1,1,342293,342293,342294,0,1,0
97828,4,2,342297,342297,342299,0,2,3
97829,6,1,342303,342303,342304,0,1,4
97830,5,3,342308,342308,342311,0,3,4
97831,1,1,342309,342311,342312,2,3,0
97832,6,1,342315,342315,342316,0,1,3
97833,3,1,342318,342318,342319,0,1,2
97834,3,1,342321,342321,342322,0,1,2
97835,6,3,342327,342327,342330,0,3,5
97836,1,3,342328,342330,342333,2,5,0
97837,3,3,342331,342333,342336,2,5,0
97838,2,1,342333,342336,342337,3,4,0
97839,3,1,342336,342337,342338,1,2,0
97840,1,2,342337,342338,342340,1,3,0
97841,6,2,342343,342343,342345,0,2,3
97842,2,3,342345,342345,342348,0,3,0
97843,5,1,342350,342350,342351,0,1,2
97844,2,2,342352,342352,342354,0,2,1
97845,6,2,342358,342358,342360,0,2,4
97846,5,3,342363,342363,342366,0,3,3
97847,2,1,342365,342366,342367,1,2,0
97848,6,2,342371,342371,342373,0,2,4
97849,6,3,342377,342377,342380,0,3,4
97850,2,2,342379,342380,342382,1,3,0
97851,4,2,342383,342383,342385,0,2,1
97852,6,2,342389,342389,342391,0,2,4
97853,3,1,342392,342392,342393,0,1,1
97854,5,2,342397,342397,342399,0,2,4
97855,3,2,342400,342400,342402,0,2,1
97856,4,1,342404,342404,342405,0,1,2
97857,6,2,342410,342410,342412,0,2,5
97858,5,3,342415,342415,342418,0,3,3
97859,6,1,342421,342421,342422,0,1,3
97860,3,2,342424,342424,342426,0,2,2
97861,1,3,342425,342426,342429,1,4,0
97862,1,1,342426,342429,342430,3,4,0
97863,4,2,342430,342430,342432,0,2,0
97864,1,3,342431,342432,342435,1,4,0
97865,2,2,342433,342435,342437,2,4,0
97866,1,2,342434,342437,342439,3,5,0
97867,1,1,342435,342439,342440,4,5,0
97868,3,3,342438,342440,342443,2,5,0
97869,3,2,342441,342443,342445,2,4,0
97870,5,1,342446,342446,342447,0,1,1
97871,5,3,342451,342451,342454,0,3,4
97872,2,1,342453,342454,342455,1,2,0
97873,3,3,342456,342456,342459,0,3,1
97874,6,3,342462,342462,342465,0,3,3
97875,5,2,342467,342467,342469,0,2,2
97876,6,3,342473,342473,342476,0,3,4
97877,5,3,342478,342478,342481,0,3,2
97878,6,2,342484,342484,342486,0,2,3
97879,5,2,342489,342489,342491,0,2,3
97880,2,2,342491,342491,342493,0,2,0
97881,5,1,342496,342496,342497,0,1,3
97882,3,2,342499,342499,342501,0,2,2
97883,3,2,342502,342502,342504,0,2,1
97884,4,2,342506,342506,342508,0,2,2
97885,1,2,342507,342508,342510,1,3,0
97886,6,1,342513,342513,342514,0,1,3
97887,4,1,342517,342517,342518,0,1,3
97888,6,2,342523,342523,342525,0,2,5
97889,4,3,342527,342527,342530,0,3,2
97890,4,1,342531,342531,342532,0,1,1
97891,3,1,342534,342534,342535,0,1,2
97892,4,2,342538,342538,342540,0,2,3
97893,4,3,342542,342542,342545,0,3,2
97894,1,1,342543,342545,342546,2,3,0
97895,2,3,342545,342546,342549,1,4,0
97896,2,2,342547,342549,342551,2,4,0
97897,4,2,342551,342551,342553,0,2,0
97898,4,2,342555,342555,342557,0,2,2
97899,2,3,342557,342557,342560,0,3,0
97900,2,1,342559,342560,342561,1,2,0
97901,3,1,342562,342562,342563,0,1,1
97902,5,1,342567,342567,342568,0,1,4
97903,2,2,342569,342569,342571,0,2,1
97904,1,1,342570,342571,342572,1,2,0
97905,2,2,342572,342572,342574,0,2,0
97906,5,2,342577,342577,342579,0,2,3
97907,6,3,342583,342583,342586,0,3,4
97908,4,3,342587,342587,342590,0,3,1
97909,5,3,342592,342592,342595,0,3,2
97910,6,2,342598,342598,342600,0,2,3
97911,6,1,342604,342604,342605,0,1,4
97912,1,3,342605,342605,342608,0,3,0
97913,2,1,342607,342608,342609,1,2,0
97914,6,1,342613,342613,342614,0,1,4
97915,1,1,342614,342614,342615,0,1,0
97916,4,2,342618,342618,342620,0,2,3
97917,5,2,342623,342623,342625,0,2,3
97918,1,1,342624,342625,342626,1,2,0
97919,4,1,342628,342628,342629,0,1,2
97920,5,3,342633,342633,342636,0,3,4
97921,2,1,342635,342636,342637,1,2,0
97922,5,2,342640,342640,342642,0,2,3
97923,2,3,342642,342642,342645,0,3,0
97924,3,2,342645,342645,342647,0,2,0
97925,3,3,342648,342648,342651,0,3,1
97926,4,3,342652,342652,342655,0,3,1
97927,5,3,342657,342657,342660,0,3,2
97928,5,3,342662,342662,342665,0,3,2
97929,5,3,342667,342667,342670,0,3,2
97930,4,3,342671,342671,342674,0,3,1
97931,4,2,342675,342675,342677,0,2,1
97932,1,1,342676,342677,342678,1,2,0
97933,6,1,342682,342682,342683,0,1,4
97934,5,2,342687,342687,342689,0,2,4
97935,1,1,342688,342689,342690,1,2,0
97936,3,3,342691,342691,342694,0,3,1
97937,4,3,342695,342695,342698,0,3,1
97938,3,3,342698,342698,342701,0,3,0
97939,4,3,342702,342702,342705,0,3,1
97940,4,1,342706,342706,342707,0,1,1
97941,4,3,342710,342710,342713,0,3,3
97942,4,1,342714,342714,342715,0,1,1
97943,2,2,342716,342716,342718,0,2,1
97944,2,3,342718,342718,342721,0,3,0
97945,6,2,342724,342724,342726,0,2,3
97946,2,1,342726,342726,342727,0,1,0
97947,2,2,342728,342728,342730,0,2,1
97948,4,1,342732,342732,342733,0,1,2
97949,6,3,342738,342738,342741,0,3,5
97950,4,2,342742,342742,342744,0,2,1
97951,5,1,342747,342747,342748,0,1,3
97952,6,3,342753,342753,342756,0,3,5
97953,6,2,342759,342759,342761,0,2,3
97954,4,2,342763,342763,342765,0,2,2
97955,1,1,342764,342765,342766,1,2,0
97956,5,2,342769,342769,342771,0,2,3
97957,1,3,342770,342771,342774,1,4,0
97958,2,2,342772,342774,342776,2,4,0
97959,6,3,342778,342778,342781,0,3,2
97960,6,3,342784,342784,342787,0,3,3
97961,4,3,342788,342788,342791,0,3,1
97962,3,3,342791,342791,342794,0,3,0
97963,5,3,342796,342796,342799,0,3,2
97964,1,2,342797,342799,342801,2,4,0
97965,1,3,342798,342801,342804,3,6,0
97966,1,2,342799,342804,342806,5,7,0
97967,1,2,342800,342806,342808,6,8,0
97968,1,3,342801,342808,342811,7,10,0
97969,1,3,342802,342811,342814,9,12,0
97970,3,2,342805,342814,342816,9,11,0
97971,1,3,342806,342816,342819,10,13,0
97972,3,2,342809,342819,342821,10,12,0
97973,3,3,342812,342821,342824,9,12,0
97974,1,1,342813,342824,342825,11,12,0
97975,5,1,342818,342825,342826,7,8,0
97976,4,1,342822,342826,342827,4,5,0
97977,6,3,342828,342828,342831,0,3,1
97978,3,3,342831,342831,342834,0,3,0
97979,3,1,342834,342834,342835,0,1,0
97980,2,2,342836,342836,342838,0,2,1
97981,6,3,342842,342842,342845,0,3,4
97982,4,3,342846,342846,342849,0,3,1
97983,3,3,342849,342849,342852,0,3,0
97984,3,2,342852,342852,342854,0,2,0
97985,2,2,342854,342854,342856,0,2,0
97986,3,2,342857,342857,342859,0,2,1
97987,4,2,342861,342861,342863,0,2,2
97988,4,3,342865,342865,342868,0,3,2
97989,1,3,342866,342868,342871,2,5,0
97990,6,3,342872,342872,342875,0,3,1
97991,2,3,342874,342875,342878,1,4,0
97992,1,2,342875,342878,342880,3,5,0
97993,3,2,342878,342880,342882,2,4,0
97994,1,3,342879,342882,342885,3,6,0
97995,1,2,342880,342885,342887,5,7,0
97996,5,3,342885,342887,342890,2,5,0
97997,3,2,342888,342890,342892,2,4,0
97998,1,2,342889,342892,342894,3,5,0
97999,3,3,342892,342894,342897,2,5,0
98000,5,2,342897,342897,342899,0,2,0
98001,5,2,342902,342902,342904,0,2,3
98002,1,1,342903,342904,342905,1,2,0
98003,1,1,342904,342905,342906,1,2,0
98004,4,1,342908,342908,342909,0,1,2
98005,5,3,342913,342913,342916,0,3,4
98006,2,1,342915,342916,342917,1,2,0
98007,1,2,342916,342917,342919,1,3,0
98008,1,3,342917,342919,342922,2,5,0
98009,6,3,342923,342923,342926,0,3,1
98010,6,2,342929,342929,342931,0,2,3
98011,4,2,342933,342933,342935,0,2,2
98012,5,1,342938,342938,342939,0,1,3
98013,2,1,342940,342940,342941,0,1,1
98014,6,2,342946,342946,342948,0,2,5
98015,1,1,342947,342948,342949,1,2,0
98016,6,1,342953,342953,342954,0,1,4
98017,2,2,342955,342955,342957,0,2,1
98018,1,1,342956,342957,342958,1,2,0
98019,1,2,342957,342958,342960,1,3,0
98020,2,3,342959,342960,342963,1,4,0
98021,5,2,342964,342964,342966,0,2,1
98022,5,1,342969,342969,342970,0,1,3
98023,5,1,342974,342974,342975,0,1,4
98024,6,2,342980,342980,342982,0,2,5
98025,5,1,342985,342985,342986,0,1,3
98026,2,3,342987,342987,342990,0,3,1
98027,5,1,342992,342992,342993,0,1,2
98028,1,1,342993,342993,342994,0,1,0
98029,4,3,342997,342997,343000,0,3,3
98030,2,1,342999,343000,343001,1,2,0
98031,1,3,343000,343001,343004,1,4,0
98032,2,1,343002,343004,343005,2,3,0
98033,1,1,343003,343005,343006,2,3,0
98034,1,2,343004,343006,343008,2,4,0
98035,1,3,343005,343008,343011,3,6,0
98036,5,2,343010,343011,343013,1,3,0
98037,5,2,343015,343015,343017,0,2,2
98038,1,3,343016,343017,343020,1,4,0
98039,5,1,343021,343021,343022,0,1,1
98040,1,1,343022,343022,343023,0,1,0
98041,3,2,343025,343025,343027,0,2,2
98042,2,1,343027,343027,343028,0,1,0
98043,3,2,343030,343030,343032,0,2,2
98044,5,3,343035,343035,343038,0,3,3
98045,1,3,343036,343038,343041,2,5,0
98046,4,3,343040,343041,343044,1,4,0
98047,3,2,343043,343044,343046,1,3,0
98048,4,1,343047,343047,343048,0,1,1
98049,6,3,343053,343053,343056,0,3,5
98050,4,3,343057,343057,343060,0,3,1
98051,5,1,343062,343062,343063,0,1,2
98052,6,3,343068,343068,343071,0,3,5
98053,5,1,343073,343073,343074,0,1,2
98054,3,3,343076,343076,343079,0,3,2
98055,3,1,343079,343079,343080,0,1,0
98056,2,3,343081,343081,343084,0,3,1
98057,2,3,343083,343084,343087,1,4,0
98058,5,1,343088,343088,343089,0,1,1
98059,6,1,343094,343094,343095,0,1,5
98060,3,3,343097,343097,343100,0,3,2
98061,4,2,343101,343101,343103,0,2,1
98062,5,3,343106,343106,343109,0,3,3
98063,2,2,343108,343109,343111,1,3,0
98064,6,3,343114,343114,343117,0,3,3
98065,6,3,343120,343120,343123,0,3,3
98066,5,2,343125,343125,343127,0,2,2
98067,6,3,343131,343131,343134,0,3,4
98068,4,3,343135,343135,343138,0,3,1
98069,3,2,343138,343138,343140,0,2,0
98070,4,2,343142,343142,343144,0,2,2
98071,5,2,343147,343147,343149,0,2,3
98072,5,1,343152,343152,343153,0,1,3
98073,6,1,343158,343158,343159,0,1,5
98074,2,3,343160,343160,343163,0,3,1
98075,2,1,343162,343163,343164,1,2,0
98076,6,2,343168,343168,343170,0,2,4
98077,6,3,343174,343174,343177,0,3,4
98078,6,2,343180,343180,343182,0,2,3
98079,6,3,343186,343186,343189,0,3,4
98080,4,1,343190,343190,343191,0,1,1
98081,6,1,343196,343196,343197,0,1,5
98082,6,1,343202,343202,343203,0,1,5
98083,1,2,343203,343203,343205,0,2,0
98084,4,2,343207,343207,343209,0,2,2
98085,4,3,343211,343211,343214,0,3,2
98086,3,3,343214,343214,343217,0,3,0
98087,4,1,343218,343218,343219,0,1,1
98088,6,2,343224,343224,343226,0,2,5
98089,5,1,343229,343229,343230,0,1,3
98090,3,2,343232,343232,343234,0,2,2
98091,1,3,343233,343234,343237,1,4,0
98092,3,2,343236,343237,343239,1,3,0
98093,4,1,343240,343240,343241,0,1,1
98094,5,2,343245,343245,343247,0,2,4
98095,6,2,343251,343251,343253,0,2,4
98096,2,2,343253,343253,343255,0,2,0
98097,1,3,343254,343255,343258,1,4,0
98098,3,3,343257,343258,343261,1,4,0
98099,1,3,343258,343261,343264,3,6,0
98100,4,2,343262,343264,343266,2,4,0
98101,2,2,343264,343266,343268,2,4,0
98102,4,3,343268,343268,343271,0,3,0
98103,3,2,343271,343271,343273,0,2,0
98104,3,3,343274,343274,343277,0,3,1
98105,3,1,343277,343277,343278,0,1,0
98106,1,1,343278,343278,343279,0,1,0
98107,4,1,343282,343282,343283,0,1,3
98108,2,2,343284,343284,343286,0,2,1
98109,3,2,343287,343287,343289,0,2,1
98110,2,3,343289,343289,343292,0,3,0
98111,6,2,343295,343295,343297,0,2,3
98112,2,3,343297,343297,343300,0,3,0
98113,3,2,343300,343300,343302,0,2,0
98114,5,3,343305,343305,343308,0,3,3
98115,5,2,343310,343310,343312,0,2,2
98116,4,1,343314,343314,343315,0,1,2
98117,2,1,343316,343316,343317,0,1,1
98118,1,1,343317,343317,343318,0,1,0
98119,5,3,343322,343322,343325,0,3,4
98120,5,1,343327,343327,343328,0,1,2
98121,6,3,343333,343333,343336,0,3,5
98122,5,1,343338,343338,343339,0,1,2
98123,6,3,343344,343344,343347,0,3,5
98124,4,3,343348,343348,343351,0,3,1
98125,1,1,343349,343351,343352,2,3,0
98126,3,3,343352,343352,343355,0,3,0
98127,2,2,343354,343355,343357,1,3,0
98128,3,2,343357,343357,343359,0,2,0
98129,2,1,343359,343359,343360,0,1,0
98130,5,3,343364,343364,343367,0,3,4
98131,6,2,343370,343370,343372,0,2,3
98132,6,3,343376,343376,343379,0,3,4
98133,1,2,343377,343379,343381,2,4,0
98134,6,2,343383,343383,343385,0,2,2
98135,5,1,343388,343388,343389,0,1,3
98136,2,1,343390,343390,343391,0,1,1
98137,3,3,343393,343393,343396,0,3,2
98138,2,3,343395,343396,343399,1,4,0
98139,1,2,343396,343399,343401,3,5,0
98140,2,1,343398,343401,343402,3,4,0
98141,6,2,343404,343404,343406,0,2,2
98142,1,2,343405,343406,343408,1,3,0
98143,3,3,343408,343408,343411,0,3,0
98144,6,1,343414,343414,343415,0,1,3
98145,3,2,343417,343417,343419,0,2,2
98146,6,2,343423,343423,343425,0,2,4
98147,4,3,343427,343427,343430,0,3,2
98148,1,1,343428,343430,343431,2,3,0
98149,6,2,343434,343434,343436,0,2,3
98150,2,1,343436,343436,343437,0,1,0
98151,4,2,343440,343440,343442,0,2,3
98152,1,1,343441,343442,343443,1,2,0
98153,4,3,343445,343445,343448,0,3,2
98154,6,2,343451,343451,343453,0,2,3
98155,2,3,343453,343453,343456,0,3,0
98156,5,3,343458,343458,343461,0,3,2
98157,5,2,343463,343463,343465,0,2,2
98158,2,2,343465,343465,343467,0,2,0
98159,2,3,343467,343467,343470,0,3,0
98160,5,2,343472,343472,343474,0,2,2
98161,2,1,343474,343474,343475,0,1,0
98162,1,1,343475,343475,343476,0,1,0
98163,1,3,343476,343476,343479,0,3,0
98164,3,2,343479,343479,343481,0,2,0
98165,5,1,343484,343484,343485,0,1,3
98166,3,3,343487,343487,343490,0,3,2
98167,1,2,343488,343490,343492,2,4,0
98168,6,3,343494,343494,343497,0,3,2
98169,4,1,343498,343498,343499,0,1,1
98170,3,2,343501,343501,343503,0,2,2
98171,2,1,343503,343503,343504,0,1,0
98172,1,3,343504,343504,343507,0,3,0
98173,1,3,343505,343507,343510,2,5,0
98174,6,2,343511,343511,343513,0,2,1
98175,3,1,343514,343514,343515,0,1,1
98176,6,1,343520,343520,343521,0,1,5
98177,4,2,343524,343524,343526,0,2,3
98178,2,3,343526,343526,343529,0,3,0
98179,4,2,343530,343530,343532,0,2,1
98180,6,3,343536,343536,343539,0,3,4
98181,3,2,343539,343539,343541,0,2,0
98182,3,2,343542,343542,343544,0,2,1
98183,5,2,343547,343547,343549,0,2,3
98184,2,3,343549,343549,343552,0,3,0
98185,3,3,343552,343552,343555,0,3,0
98186,2,2,343554,343555,343557,1,3,0
98187,5,3,343559,343559,343562,0,3,2
98188,2,2,343561,343562,343564,1,3,0
98189,3,1,343564,343564,343565,0,1,0
98190,5,1,343569,343569,343570,0,1,4
98191,6,3,343575,343575,343578,0,3,5
98192,5,3,343580,343580,343583,0,3,2
98193,3,3,343583,343583,343586,0,3,0
98194,1,3,343584,343586,343589,2,5,0
98195,5,3,343589,343589,343592,0,3,0
98196,6,3,343595,343595,343598,0,3,3
98197,2,1,343597,343598,343599,1,2,0
98198,3,1,343600,343600,343601,0,1,1
98199,2,3,343602,343602,343605,0,3,1
98200,2,2,343604,343605,343607,1,3,0
98201,2,3,343606,343607,343610,1,4,0
98202,1,1,343607,343610,343611,3,4,0
98203,5,1,343612,343612,343613,0,1,1
98204,6,1,343618,343618,343619,0,1,5
98205,6,3,343624,343624,343627,0,3,5
98206,5,1,343629,343629,343630,0,1,2
98207,2,1,343631,343631,343632,0,1,1
98208,2,1,343633,343633,343634,0,1,1
98209,5,3,343638,343638,343641,0,3,4
98210,6,3,343644,343644,343647,0,3,3
98211,1,3,343645,343647,343650,2,5,0
98212,4,2,343649,343650,343652,1,3,0
98213,2,1,343651,343652,343653,1,2,0
98214,4,3,343655,343655,343658,0,3,2
98215,6,3,343661,343661,343664,0,3,3
98216,1,1,343662,343664,343665,2,3,0
98217,1,2,343663,343665,343667,2,4,0
98218,4,1,343667,343667,343668,0,1,0
98219,1,3,343668,343668,343671,0,3,0
98220,3,3,343671,343671,343674,0,3,0
98221,4,1,343675,343675,343676,0,1,1
98222,6,1,343681,343681,343682,0,1,5
98223,2,1,343683,343683,343684,0,1,1
98224,3,3,343686,343686,343689,0,3,2
98225,4,2,343690,343690,343692,0,2,1
98226,4,3,343694,343694,343697,0,3,2
98227,4,2,343698,343698,343700,0,2,1
98228,2,1,343700,343700,343701,0,1,0
98229,2,1,343702,343702,343703,0,1,1
98230,1,2,343703,343703,343705,0,2,0
98231,6,2,343709,343709,343711,0,2,4
98232,6,2,343715,343715,343717,0,2,4
98233,6,2,343721,343721,343723,0,2,4
98234,6,1,343727,343727,343728,0,1,4
98235,1,1,343728,343728,343729,0,1,0
98236,5,2,343733,343733,343735,0,2,4
98237,5,1,343738,343738,343739,0,1,3
98238,2,3,343740,343740,343743,0,3,1
98239,3,2,343743,343743,343745,0,2,0
98240,1,1,343744,343745,343746,1,2,0
98241,1,3,343745,343746,343749,1,4,0
98242,5,3,343750,343750,343753,0,3,1
98243,1,3,343751,343753,343756,2,5,0
98244,6,1,343757,343757,343758,0,1,1
98245,4,2,343761,343761,343763,0,2,3
98246,2,2,343763,343763,343765,0,2,0
98247,5,2,343768,343768,343770,0,2,3
98248,3,1,343771,343771,343772,0,1,1
98249,2,1,343773,343773,343774,0,1,1
98250,1,3,343774,343774,343777,0,3,0
98251,4,3,343778,343778,343781,0,3,1
98252,6,3,343784,343784,343787,0,3,3
98253,5,1,343789,343789,343790,0,1,2
98254,3,3,343792,343792,343795,0,3,2
98255,3,1,343795,343795,343796,0,1,0
98256,4,1,343799,343799,343800,0,1,3
98257,3,2,343802,343802,343804,0,2,2
98258,6,3,343808,343808,343811,0,3,4
98259,6,1,343814,343814,343815,0,1,3
98260,5,1,343819,343819,343820,0,1,4
98261,1,3,343820,343820,343823,0,3,0
98262,1,3,343821,343823,343826,2,5,0
98263,3,3,343824,343826,343829,2,5,0
98264,5,3,343829,343829,343832,0,3,0
98265,5,3,343834,343834,343837,0,3,2
98266,1,1,343835,343837,343838,2,3,0
98267,4,2,343839,343839,343841,0,2,1
98268,3,1,343842,343842,343843,0,1,1
98269,1,1,343843,343843,343844,0,1,0
98270,1,1,343844,343844,343845,0,1,0
98271,3,1,343847,343847,343848,0,1,2
98272,3,2,343850,343850,343852,0,2,2
98273,2,3,343852,343852,343855,0,3,0
98274,6,2,343858,343858,343860,0,2,3
98275,3,1,343861,343861,343862,0,1,1
98276,1,2,343862,343862,343864,0,2,0
98277,4,3,343866,343866,343869,0,3,2
98278,2,1,343868,343869,343870,1,2,0
98279,2,1,343870,343870,343871,0,1,0
98280,1,3,343871,343871,343874,0,3,0
98281,5,1,343876,343876,343877,0,1,2
98282,1,1,343877,343877,343878,0,1,0
98283,4,2,343881,343881,343883,0,2,3
98284,6,3,343887,343887,343890,0,3,4
98285,6,1,343893,343893,343894,0,1,3
98286,3,1,343896,343896,343897,0,1,2
98287,6,2,343902,343902,343904,0,2,5
98288,6,2,343908,343908,343910,0,2,4
98289,5,3,343913,343913,343916,0,3,3
98290,2,3,343915,343916,343919,1,4,0
98291,5,2,343920,343920,343922,0,2,1
98292,4,2,343924,343924,343926,0,2,2
98293,1,2,343925,343926,343928,1,3,0
98294,3,2,343928,343928,343930,0,2,0
98295,1,2,343929,343930,343932,1,3,0
98296,1,2,343930,343932,343934,2,4,0
98297,6,3,343936,343936,343939,0,3,2
98298,6,2,343942,343942,343944,0,2,3
98299,5,1,343947,343947,343948,0,1,3
98300,6,1,343953,343953,343954,0,1,5
98301,4,2,343957,343957,343959,0,2,3
98302,4,2,343961,343961,343963,0,2,2
98303,3,3,343964,343964,343967,0,3,1
98304,4,3,343968,343968,343971,0,3,1
98305,5,3,343973,343973,343976,0,3,2
98306,5,1,343978,343978,343979,0,1,2
98307,4,1,343982,343982,343983,0,1,3
98308,3,1,343985,343985,343986,0,1,2
98309,5,1,343990,343990,343991,0,1,4
98310,2,3,343992,343992,343995,0,3,1
98311,2,2,343994,343995,343997,1,3,0
98312,4,1,343998,343998,343999,0,1,1
98313,3,1,344001,344001,344002,0,1,2
98314,5,1,344006,344006,344007,0,1,4
98315,6,3,344012,344012,344015,0,3,5
98316,1,1,344013,344015,344016,2,3,0
98317,6,2,344019,344019,344021,0,2,3
98318,3,3,344022,344022,344025,0,3,1
98319,4,1,344026,344026,344027,0,1,1
98320,4,1,344030,344030,344031,0,1,3
98321,4,2,344034,344034,344036,0,2,3
98322,6,3,344040,344040,344043,0,3,4
98323,4,3,344044,344044,344047,0,3,1
98324,6,2,344050,344050,344052,0,2,3
98325,3,2,344053,344053,344055,0,2,1
98326,5,1,344058,344058,344059,0,1,3
98327,2,3,344060,344060,344063,0,3,1
98328,4,3,344064,344064,344067,0,3,1
98329,5,3,344069,344069,344072,0,3,2
98330,1,3,344070,344072,344075,2,5,0
98331,3,2,344073,344075,344077,2,4,0
98332,2,2,344075,344077,344079,2,4,0
98333,4,1,344079,344079,344080,0,1,0
98334,1,3,344080,344080,344083,0,3,0
98335,5,3,344085,344085,344088,0,3,2
98336,2,2,344087,344088,344090,1,3,0
98337,6,2,344093,344093,344095,0,2,3
98338,5,1,344098,344098,344099,0,1,3
98339,6,1,344104,344104,344105,0,1,5
98340,4,3,344108,344108,344111,0,3,3
98341,2,3,344110,344111,344114,1,4,0
98342,5,3,344115,344115,344118,0,3,1
98343,4,1,344119,344119,344120,0,1,1
98344,5,2,344124,344124,344126,0,2,4
98345,5,3,344129,344129,344132,0,3,3
98346,1,3,344130,344132,344135,2,5,0
98347,6,3,344136,344136,344139,0,3,1
98348,2,1,344138,344139,344140,1,2,0
98349,1,1,344139,344140,344141,1,2,0
98350,6,1,344145,344145,344146,0,1,4
98351,5,2,344150,344150,344152,0,2,4
98352,5,3,344155,344155,344158,0,3,3
98353,6,1,344161,344161,344162,0,1,3
98354,2,1,344163,344163,344164,0,1,1
98355,1,2,344164,344164,344166,0,2,0
98356,2,2,344166,344166,344168,0,2,0
98357,6,3,344172,344172,344175,0,3,4
98358,5,2,344177,344177,344179,0,2,2
98359,2,2,344179,344179,344181,0,2,0
98360,5,1,344184,344184,344185,0,1,3
98361,3,1,344187,344187,344188,0,1,2
98362,2,1,344189,344189,344190,0,1,1
98363,3,3,344192,344192,344195,0,3,2
98364,4,1,344196,344196,344197,0,1,1
98365,3,2,344199,344199,344201,0,2,2
98366,3,2,344202,344202,344204,0,2,1
98367,5,1,344207,344207,344208,0,1,3
98368,3,1,344210,344210,344211,0,1,2
98369,1,3,344211,344211,344214,0,3,0
98370,6,3,344217,344217,344220,0,3,3
98371,4,1,344221,344221,344222,0,1,1
98372,5,2,344226,344226,344228,0,2,4
98373,6,2,344232,344232,344234,0,2,4
98374,6,1,344238,344238,344239,0,1,4
98375,1,1,344239,344239,344240,0,1,0
98376,2,1,344241,344241,344242,0,1,1
98377,3,1,344244,344244,344245,0,1,2
98378,3,1,344247,344247,344248,0,1,2
98379,4,3,344251,344251,344254,0,3,3
98380,4,1,344255,344255,344256,0,1,1
98381,1,2,344256,344256,344258,0,2,0
98382,4,3,344260,344260,344263,0,3,2
98383,5,3,344265,344265,344268,0,3,2
98384,6,3,344271,344271,344274,0,3,3
98385,6,2,344277,344277,344279,0,2,3
98386,3,3,344280,344280,344283,0,3,1
98387,1,1,344281,344283,344284,2,3,0
98388,3,3,344284,344284,344287,0,3,0
98389,5,3,344289,344289,344292,0,3,2
98390,6,3,344295,344295,344298,0,3,3
98391,5,3,344300,344300,344303,0,3,2
98392,1,2,344301,344303,344305,2,4,0
98393,1,2,344302,344305,344307,3,5,0
98394,4,3,344306,344307,344310,1,4,0
98395,6,3,344312,344312,344315,0,3,2
98396,4,2,344316,344316,344318,0,2,1
98397,1,1,344317,344318,344319,1,2,0
98398,4,3,344321,344321,344324,0,3,2
98399,3,3,344324,344324,344327,0,3,0
98400,1,3,344325,344327,344330,2,5,0
98401,2,2,344327,344330,344332,3,5,0
98402,6,3,344333,344333,344336,0,3,1
98403,1,1,344334,344336,344337,2,3,0
98404,2,2,344336,344337,344339,1,3,0
98405,6,2,344342,344342,344344,0,2,3
98406,4,3,344346,344346,344349,0,3,2
98407,1,2,344347,344349,344351,2,4,0
98408,3,3,344350,344351,344354,1,4,0
98409,2,2,344352,344354,344356,2,4,0
98410,3,3,344355,344356,344359,1,4,0
98411,1,2,344356,344359,344361,3,5,0
98412,6,3,344362,344362,344365,0,3,1
98413,3,1,344365,344365,344366,0,1,0
98414,6,1,344371,344371,344372,0,1,5
98415,2,2,344373,344373,344375,0,2,1
98416,6,3,344379,344379,344382,0,3,4
98417,4,2,344383,344383,344385,0,2,1
98418,5,1,344388,344388,344389,0,1,3
98419,2,1,344390,344390,344391,0,1,1
98420,6,1,344396,344396,344397,0,1,5
98421,6,2,344402,344402,344404,0,2,5
98422,4,1,344406,344406,344407,0,1,2
98423,1,3,344407,344407,344410,0,3,0
98424,5,3,344412,344412,344415,0,3,2
98425,4,1,344416,344416,344417,0,1,1
98426,6,1,344422,344422,344423,0,1,5
98427,4,2,344426,344426,344428,0,2,3
98428,6,1,344432,344432,344433,0,1,4
98429,2,3,344434,344434,344437,0,3,1
98430,5,3,344439,344439,344442,0,3,2
98431,3,2,344442,344442,344444,0,2,0
98432,1,1,344443,344444,344445,1,2,0
98433,6,3,344449,344449,344452,0,3,4
98434,4,3,344453,344453,344456,0,3,1
98435,6,3,344459,344459,344462,0,3,3
98436,2,2,344461,344462,344464,1,3,0
98437,1,2,344462,344464,344466,2,4,0
98438,1,1,344463,344466,344467,3,4,0
98439,3,2,344466,344467,344469,1,3,0
98440,2,3,344468,344469,344472,1,4,0
98441,1,3,344469,344472,344475,3,6,0
98442,4,3,344473,344475,344478,2,5,0
98443,1,1,344474,344478,344479,4,5,0
98444,5,1,344479,344479,344480,0,1,0
98445,4,1,344483,344483,344484,0,1,3
98446,2,1,344485,344485,344486,0,1,1
98447,4,3,344489,344489,344492,0,3,3
98448,5,3,344494,344494,344497,0,3,2
98449,3,1,344497,344497,344498,0,1,0
98450,6,2,344503,344503,344505,0,2,5
98451,6,3,344509,344509,344512,0,3,4
98452,6,1,344515,344515,344516,0,1,3
98453,4,2,344519,344519,344521,0,2,3
98454,2,3,344521,344521,344524,0,3,0
98455,5,1,344526,344526,344527,0,1,2
98456,1,2,344527,344527,344529,0,2,0
98457,6,1,344533,344533,344534,0,1,4
98458,2,2,344535,344535,344537,0,2,1
98459,3,2,344538,344538,344540,0,2,1
98460,2,1,344540,344540,344541,0,1,0
98461,2,1,344542,344542,344543,0,1,1
98462,4,2,344546,344546,344548,0,2,3
98463,5,1,344551,344551,344552,0,1,3
98464,5,1,344556,344556,344557,0,1,4
98465,5,3,344561,344561,344564,0,3,4
98466,3,2,344564,344564,344566,0,2,0
98467,3,1,344567,344567,344568,0,1,1
98468,2,1,344569,344569,344570,0,1,1
98469,3,1,344572,344572,344573,0,1,2
98470,5,2,344577,344577,344579,0,2,4
98471,3,1,344580,344580,344581,0,1,1
98472,5,3,344585,344585,344588,0,3,4
98473,3,3,344588,344588,344591,0,3,0
98474,6,1,344594,344594,344595,0,1,3
98475,6,3,344600,344600,344603,0,3,5
98476,4,3,344604,344604,344607,0,3,1
98477,3,1,344607,344607,344608,0,1,0
98478,1,3,344608,344608,344611,0,3,0
98479,3,1,344611,344611,344612,0,1,0
98480,3,2,344614,344614,344616,0,2,2
98481,6,2,344620,344620,344622,0,2,4
98482,6,3,344626,344626,344629,0,3,4
98483,3,1,344629,344629,344630,0,1,0
98484,1,1,344630,344630,344631,0,1,0
98485,6,1,344636,344636,344637,0,1,5
98486,6,2,344642,344642,344644,0,2,5
98487,2,2,344644,344644,344646,0,2,0
98488,1,3,344645,344646,344649,1,4,0
98489,2,3,344647,344649,344652,2,5,0
98490,5,3,344652,344652,344655,0,3,0
98491,5,3,344657,344657,344660,0,3,2
98492,1,2,344658,344660,344662,2,4,0
98493,2,3,344660,344662,344665,2,5,0
98494,5,2,344665,344665,344667,0,2,0
98495,6,1,344671,344671,344672,0,1,4
98496,2,3,344673,344673,344676,0,3,1
98497,5,3,344678,344678,344681,0,3,2
98498,1,2,344679,344681,344683,2,4,0
98499,4,2,344683,344683,344685,0,2,0
98500,4,3,344687,344687,344690,0,3,2
98501,5,2,344692,344692,344694,0,2,2
98502,5,2,344697,344697,344699,0,2,3
98503,2,1,344699,344699,344700,0,1,0
98504,1,1,344700,344700,344701,0,1,0
98505,6,3,344706,344706,344709,0,3,5
98506,6,1,344712,344712,344713,0,1,3
98507,2,1,344714,344714,344715,0,1,1
98508,3,3,344717,344717,344720,0,3,2
98509,4,2,344721,344721,344723,0,2,1
98510,4,1,344725,344725,344726,0,1,2
98511,4,3,344729,344729,344732,0,3,3
98512,5,2,344734,344734,344736,0,2,2
98513,1,3,344735,344736,344739,1,4,0
98514,3,1,344738,344739,344740,1,2,0
98515,3,2,344741,344741,344743,0,2,1
98516,6,2,344747,344747,344749,0,2,4
98517,5,1,344752,344752,344753,0,1,3
98518,5,1,344757,344757,344758,0,1,4
98519,2,3,344759,344759,344762,0,3,1
98520,1,1,344760,344762,344763,2,3,0
98521,3,3,344763,344763,344766,0,3,0
98522,1,1,344764,344766,344767,2,3,0
98523,2,2,344766,344767,344769,1,3,0
98524,4,3,344770,344770,344773,0,3,1
98525,6,3,344776,344776,344779,0,3,3
98526,6,1,344782,344782,344783,0,1,3
98527,2,1,344784,344784,344785,0,1,1
98528,4,1,344788,344788,344789,0,1,3
98529,1,2,344789,344789,344791,0,2,0
98530,2,1,344791,344791,344792,0,1,0
98531,6,2,344797,344797,344799,0,2,5
98532,2,3,344799,344799,344802,0,3,0
98533,4,3,344803,344803,344806,0,3,1
98534,3,1,344806,344806,344807,0,1,0
98535,5,3,344811,344811,344814,0,3,4
98536,1,3,344812,344814,344817,2,5,0
98537,1,2,344813,344817,344819,4,6,0
98538,2,1,344815,344819,344820,4,5,0
98539,6,3,344821,344821,344824,0,3,1
98540,2,2,344823,344824,344826,1,3,0
98541,3,3,344826,344826,344829,0,3,0
98542,1,3,344827,344829,344832,2,5,0
98543,1,3,344828,344832,344835,4,7,0
98544,3,1,344831,344835,344836,4,5,0
98545,5,3,344836,344836,344839,0,3,0
98546,6,3,344842,344842,344845,0,3,3
98547,1,2,344843,344845,344847,2,4,0
98548,3,1,344846,344847,344848,1,2,0
98549,3,2,344849,344849,344851,0,2,1
98550,5,3,344854,344854,344857,0,3,3
98551,1,1,344855,344857,344858,2,3,0
98552,1,3,344856,344858,344861,2,5,0
98553,3,1,344859,344861,344862,2,3,0
98554,1,1,344860,344862,344863,2,3,0
98555,6,1,344866,344866,344867,0,1,3
98556,3,3,344869,344869,344872,0,3,2
98557,4,2,344873,344873,344875,0,2,1
98558,1,1,344874,344875,344876,1,2,0
98559,3,3,344877,344877,344880,0,3,1
98560,2,1,344879,344880,344881,1,2,0
98561,3,1,344882,344882,344883,0,1,1
98562,6,2,344888,344888,344890,0,2,5
98563,6,3,344894,344894,344897,0,3,4
98564,4,3,344898,344898,344901,0,3,1
98565,3,3,344901,344901,344904,0,3,0
98566,2,3,344903,344904,344907,1,4,0
98567,5,3,344908,344908,344911,0,3,1
98568,4,2,344912,344912,344914,0,2,1
98569,1,3,344913,344914,344917,1,4,0
98570,4,1,344917,344917,344918,0,1,0
98571,2,1,344919,344919,344920,0,1,1
98572,3,3,344922,344922,344925,0,3,2
98573,3,2,344925,344925,344927,0,2,0
98574,5,2,344930,344930,344932,0,2,3
98575,5,1,344935,344935,344936,0,1,3
98576,6,2,344941,344941,344943,0,2,5
98577,1,2,344942,344943,344945,1,3,0
98578,3,1,344945,344945,344946,0,1,0
98579,2,2,344947,344947,344949,0,2,1
98580,1,2,344948,344949,344951,1,3,0
98581,2,2,344950,344951,344953,1,3,0
98582,6,3,344956,344956,344959,0,3,3
98583,1,3,344957,344959,344962,2,5,0
98584,3,3,344960,344962,344965,2,5,0
98585,2,3,344962,344965,344968,3,6,0
98586,5,1,344967,344968,344969,1,2,0
98587,4,3,344971,344971,344974,0,3,2
98588,1,3,344972,344974,344977,2,5,0
98589,3,3,344975,344977,344980,2,5,0
98590,2,2,344977,344980,344982,3,5,0
98591,4,1,344981,344982,344983,1,2,0
98592,4,2,344985,344985,344987,0,2,2
98593,6,3,344991,344991,344994,0,3,4
98594,4,1,344995,344995,344996,0,1,1
98595,6,1,345001,345001,345002,0,1,5
98596,5,1,345006,345006,345007,0,1,4
98597,2,2,345008,345008,345010,0,2,1
98598,5,1,345013,345013,345014,0,1,3
98599,4,3,345017,345017,345020,0,3,3
98600,5,2,345022,345022,345024,0,2,2
98601,2,2,345024,345024,345026,0,2,0
98602,3,3,345027,345027,345030,0,3,1
98603,5,3,345032,345032,345035,0,3,2
98604,5,3,345037,345037,345040,0,3,2
98605,4,1,345041,345041,345042,0,1,1
98606,4,3,345045,345045,345048,0,3,3
98607,4,2,345049,345049,345051,0,2,1
98608,6,1,345055,345055,345056,0,1,4
98609,1,1,345056,345056,345057,0,1,0
98610,2,1,345058,345058,345059,0,1,1
98611,3,1,345061,345061,345062,0,1,2
98612,3,3,345064,345064,345067,0,3,2
98613,5,1,345069,345069,345070,0,1,2
98614,1,3,345070,345070,345073,0,3,0
98615,4,1,345074,345074,345075,0,1,1
98616,4,3,345078,345078,345081,0,3,3
98617,6,1,345084,345084,345085,0,1,3
98618,3,3,345087,345087,345090,0,3,2
98619,1,2,345088,345090,345092,2,4,0
98620,3,3,345091,345092,345095,1,4,0
98621,4,1,345095,345095,345096,0,1,0
98622,3,2,345098,345098,345100,0,2,2
98623,4,1,345102,345102,345103,0,1,2
98624,3,2,345105,345105,345107,0,2,2
98625,1,3,345106,345107,345110,1,4,0
98626,1,1,345107,345110,345111,3,4,0
98627,1,3,345108,345111,345114,3,6,0
98628,4,1,345112,345114,345115,2,3,0
98629,3,2,345115,345115,345117,0,2,0
98630,1,1,345116,345117,345118,1,2,0
98631,3,1,345119,345119,345120,0,1,1
98632,4,3,345123,345123,345126,0,3,3
98633,3,2,345126,345126,345128,0,2,0
98634,3,2,345129,345129,345131,0,2,1
98635,2,2,345131,345131,345133,0,2,0
98636,4,2,345135,345135,345137,0,2,2
98637,4,1,345139,345139,345140,0,1,2
98638,6,1,345145,345145,345146,0,1,5
98639,3,1,345148,345148,345149,0,1,2
98640,2,3,345150,345150,345153,0,3,1
98641,5,2,345155,345155,345157,0,2,2
98642,4,3,345159,345159,345162,0,3,2
98643,1,2,345160,345162,345164,2,4,0
98644,1,1,345161,345164,345165,3,4,0
98645,3,1,345164,345165,345166,1,2,0
98646,6,1,345170,345170,345171,0,1,4
98647,5,1,345175,345175,345176,0,1,4
98648,1,2,345176,345176,345178,0,2,0
98649,5,2,345181,345181,345183,0,2,3
98650,3,3,345184,345184,345187,0,3,1
98651,4,1,345188,345188,345189,0,1,1
98652,4,2,345192,345192,345194,0,2,3
98653,2,2,345194,345194,345196,0,2,0
98654,4,2,345198,345198,345200,0,2,2
98655,4,2,345202,345202,345204,0,2,2
98656,1,2,345203,345204,345206,1,3,0
98657,4,3,345207,345207,345210,0,3,1
98658,4,1,345211,345211,345212,0,1,1
98659,5,2,345216,345216,345218,0,2,4
98660,1,1,345217,345218,345219,1,2,0
98661,4,2,345221,345221,345223,0,2,2
98662,3,1,345224,345224,345225,0,1,1
98663,1,2,345225,345225,345227,0,2,0
98664,2,2,345227,345227,345229,0,2,0
98665,5,1,345232,345232,345233,0,1,3
98666,4,3,345236,345236,345239,0,3,3
98667,6,1,345242,345242,345243,0,1,3
98668,6,1,345248,345248,345249,0,1,5
98669,4,1,345252,345252,345253,0,1,3
98670,4,3,345256,345256,345259,0,3,3
98671,4,2,345260,345260,345262,0,2,1
98672,4,3,345264,345264,345267,0,3,2
98673,5,3,345269,345269,345272,0,3,2
98674,5,2,345274,345274,345276,0,2,2
98675,3,2,345277,345277,345279,0,2,1
98676,5,1,345282,345282,345283,0,1,3
98677,2,1,345284,345284,345285,0,1,1
98678,1,2,345285,345285,345287,0,2,0
98679,2,2,345287,345287,345289,0,2,0
98680,3,2,345290,345290,345292,0,2,1
98681,3,1,345293,345293,345294,0,1,1
98682,4,2,345297,345297,345299,0,2,3
98683,1,2,345298,345299,345301,1,3,0
98684,5,3,345303,345303,345306,0,3,2
98685,3,2,345306,345306,345308,0,2,0
98686,2,2,345308,345308,345310,0,2,0
98687,1,3,345309,345310,345313,1,4,0
98688,6,2,345315,345315,345317,0,2,2
98689,1,1,345316,345317,345318,1,2,0
98690,4,2,345320,345320,345322,0,2,2
98691,1,2,345321,345322,345324,1,3,0
98692,4,1,345325,345325,345326,0,1,1
98693,2,3,345327,345327,345330,0,3,1
98694,6,2,345333,345333,345335,0,2,3
98695,2,2,345335,345335,345337,0,2,0
98696,2,2,345337,345337,345339,0,2,0
98697,6,2,345343,345343,345345,0,2,4
98698,1,1,345344,345345,345346,1,2,0
98699,3,3,345347,345347,345350,0,3,1
98700,5,2,345352,345352,345354,0,2,2
98701,4,2,345356,345356,345358,0,2,2
98702,1,2,345357,345358,345360,1,3,0
98703,4,3,345361,345361,345364,0,3,1
98704,2,3,345363,345364,345367,1,4,0
98705,2,2,345365,345367,345369,2,4,0
98706,5,1,345370,345370,345371,0,1,1
98707,5,2,345375,345375,345377,0,2,4
98708,5,2,345380,345380,345382,0,2,3
98709,4,1,345384,345384,345385,0,1,2
98710,4,3,345388,345388,345391,0,3,3
98711,5,3,345393,345393,345396,0,3,2
98712,5,1,345398,345398,345399,0,1,2
98713,5,2,345403,345403,345405,0,2,4
98714,6,2,345409,345409,345411,0,2,4
98715,6,2,345415,345415,345417,0,2,4
98716,3,1,345418,345418,345419,0,1,1
98717,6,3,345424,345424,345427,0,3,5
98718,4,2,345428,345428,345430,0,2,1
98719,4,2,345432,345432,345434,0,2,2
98720,1,2,345433,345434,345436,1,3,0
98721,4,3,345437,345437,345440,0,3,1
98722,2,3,345439,345440,345443,1,4,0
98723,4,2,345443,345443,345445,0,2,0
98724,2,3,345445,345445,345448,0,3,0
98725,4,1,345449,345449,345450,0,1,1
98726,6,1,345455,345455,345456,0,1,5
98727,5,3,345460,345460,345463,0,3,4
98728,5,1,345465,345465,345466,0,1,2
98729,4,3,345469,345469,345472,0,3,3
98730,6,1,345475,345475,345476,0,1,3
98731,1,2,345476,345476,345478,0,2,0
98732,2,2,345478,345478,345480,0,2,0
98733,2,1,345480,345480,345481,0,1,0
98734,5,1,345485,345485,345486,0,1,4
98735,1,2,345486,345486,345488,0,2,0
98736,6,2,345492,345492,345494,0,2,4
98737,5,1,345497,345497,345498,0,1,3
98738,3,1,345500,345500,345501,0,1,2
98739,2,1,345502,345502,345503,0,1,1
98740,3,2,345505,345505,345507,0,2,2
98741,1,1,345506,345507,345508,1,2,0
98742,3,3,345509,345509,345512,0,3,1
98743,5,3,345514,345514,345517,0,3,2
98744,5,1,345519,345519,345520,0,1,2
98745,1,3,345520,345520,345523,0,3,0
98746,3,1,345523,345523,345524,0,1,0
98747,4,1,345527,345527,345528,0,1,3
98748,6,3,345533,345533,345536,0,3,5
98749,2,3,345535,345536,345539,1,4,0
98750,3,3,345538,345539,345542,1,4,0
98751,1,1,345539,345542,345543,3,4,0
98752,2,2,345541,345543,345545,2,4,0
98753,3,3,345544,345545,345548,1,4,0
98754,3,2,345547,345548,345550,1,3,0
98755,5,2,345552,345552,345554,0,2,2
98756,1,2,345553,345554,345556,1,3,0
98757,2,2,345555,345556,345558,1,3,0
98758,6,2,345561,345561,345563,0,2,3
98759,6,3,345567,345567,345570,0,3,4
98760,3,1,345570,345570,345571,0,1,0
98761,5,2,345575,345575,345577,0,2,4
98762,3,1,345578,345578,345579,0,1,1
98763,5,3,345583,345583,345586,0,3,4
98764,4,3,345587,345587,345590,0,3,1
98765,4,1,345591,345591,345592,0,1,1
98766,2,3,345593,345593,345596,0,3,1
98767,3,1,345596,345596,345597,0,1,0
98768,4,2,345600,345600,345602,0,2,3
98769,1,1,345601,345602,345603,1,2,0
98770,6,2,345607,345607,345609,0,2,4
98771,6,2,345613,345613,345615,0,2,4
98772,2,2,345615,345615,345617,0,2,0
98773,4,1,345619,345619,345620,0,1,2
98774,3,3,345622,345622,345625,0,3,2
98775,5,1,345627,345627,345628,0,1,2
98776,3,2,345630,345630,345632,0,2,2
98777,6,1,345636,345636,345637,0,1,4
98778,6,2,345642,345642,345644,0,2,5
98779,2,2,345644,345644,345646,0,2,0
98780,2,1,345646,345646,345647,0,1,0
98781,5,3,345651,345651,345654,0,3,4
98782,1,2,345652,345654,345656,2,4,0
98783,6,3,345658,345658,345661,0,3,2
98784,6,1,345664,345664,345665,0,1,3
98785,1,1,345665,345665,345666,0,1,0
98786,6,2,345671,345671,345673,0,2,5
98787,5,3,345676,345676,345679,0,3,3
98788,2,1,345678,345679,345680,1,2,0
98789,2,2,345680,345680,345682,0,2,0
98790,4,2,345684,345684,345686,0,2,2
98791,3,2,345687,345687,345689,0,2,1
98792,3,2,345690,345690,345692,0,2,1
98793,3,3,345693,345693,345696,0,3,1
98794,2,3,345695,345696,345699,1,4,0
98795,1,2,345696,345699,345701,3,5,0
98796,4,1,345700,345701,345702,1,2,0
98797,5,3,345705,345705,345708,0,3,3
98798,1,3,345706,345708,345711,2,5,0
98799,6,1,345712,345712,345713,0,1,1
98800,6,2,345718,345718,345720,0,2,5
98801,6,1,345724,345724,345725,0,1,4
98802,3,1,345727,345727,345728,0,1,2
98803,5,3,345732,345732,345735,0,3,4
98804,3,3,345735,345735,345738,0,3,0
98805,1,1,345736,345738,345739,2,3,0
98806,1,1,345737,345739,345740,2,3,0
98807,1,1,345738,345740,345741,2,3,0
98808,1,2,345739,345741,345743,2,4,0
98809,4,2,345743,345743,345745,0,2,0
98810,6,1,345749,345749,345750,0,1,4
98811,6,2,345755,345755,345757,0,2,5
98812,4,3,345759,345759,345762,0,3,2
98813,4,2,345763,345763,345765,0,2,1
98814,2,1,345765,345765,345766,0,1,0
98815,2,3,345767,345767,345770,0,3,1
98816,3,3,345770,345770,345773,0,3,0
98817,1,1,345771,345773,345774,2,3,0
98818,2,1,345773,345774,345775,1,2,0
98819,4,3,345777,345777,345780,0,3,2
98820,6,1,345783,345783,345784,0,1,3
98821,6,1,345789,345789,345790,0,1,5
98822,3,2,345792,345792,345794,0,2,2
98823,4,3,345796,345796,345799,0,3,2
98824,2,2,345798,345799,345801,1,3,0
98825,5,1,345803,345803,345804,0,1,2
98826,3,3,345806,345806,345809,0,3,2
98827,4,2,345810,345810,345812,0,2,1
98828,1,3,345811,345812,345815,1,4,0
98829,5,3,345816,345816,345819,0,3,1
98830,1,2,345817,345819,345821,2,4,0
98831,5,2,345822,345822,345824,0,2,1
98832,3,1,345825,345825,345826,0,1,1
98833,4,3,345829,345829,345832,0,3,3
98834,3,3,345832,345832,345835,0,3,0
98835,6,2,345838,345838,345840,0,2,3
98836,5,1,345843,345843,345844,0,1,3
98837,3,3,345846,345846,345849,0,3,2
98838,4,2,345850,345850,345852,0,2,1
98839,5,2,345855,345855,345857,0,2,3
98840,6,3,345861,345861,345864,0,3,4
98841,5,1,345866,345866,345867,0,1,2
98842,5,1,345871,345871,345872,0,1,4
98843,6,3,345877,345877,345880,0,3,5
98844,5,2,345882,345882,345884,0,2,2
98845,2,1,345884,345884,345885,0,1,0
98846,2,1,345886,345886,345887,0,1,1
98847,2,3,345888,345888,345891,0,3,1
98848,2,1,345890,345891,345892,1,2,0
98849,1,1,345891,345892,345893,1,2,0
98850,4,2,345895,345895,345897,0,2,2
98851,5,1,345900,345900,345901,0,1,3
98852,3,1,345903,345903,345904,0,1,2
98853,2,1,345905,345905,345906,0,1,1
98854,4,1,345909,345909,345910,0,1,3
98855,2,3,345911,345911,345914,0,3,1
98856,2,1,345913,345914,345915,1,2,0
98857,3,1,345916,345916,345917,0,1,1
98858,2,2,345918,345918,345920,0,2,1
98859,4,1,345922,345922,345923,0,1,2
98860,4,1,345926,345926,345927,0,1,3
98861,6,2,345932,345932,345934,0,2,5
98862,2,1,345934,345934,345935,0,1,0
98863,1,1,345935,345935,345936,0,1,0
98864,5,2,345940,345940,345942,0,2,4
98865,2,3,345942,345942,345945,0,3,0
98866,6,3,345948,345948,345951,0,3,3
98867,5,3,345953,345953,345956,0,3,2
98868,5,2,345958,345958,345960,0,2,2
98869,4,3,345962,345962,345965,0,3,2
98870,5,1,345967,345967,345968,0,1,2
98871,5,2,345972,345972,345974,0,2,4
98872,2,2,345974,345974,345976,0,2,0
98873,1,2,345975,345976,345978,1,3,0
98874,2,2,345977,345978,345980,1,3,0
98875,5,3,345982,345982,345985,0,3,2
98876,2,2,345984,345985,345987,1,3,0
98877,6,2,345990,345990,345992,0,2,3
98878,6,1,345996,345996,345997,0,1,4
98879,3,2,345999,345999,346001,0,2,2
98880,6,3,346005,346005,346008,0,3,4
98881,1,1,346006,346008,346009,2,3,0
98882,2,1,346008,346009,346010,1,2,0
98883,6,3,346014,346014,346017,0,3,4
98884,6,3,346020,346020,346023,0,3,3
98885,3,1,346023,346023,346024,0,1,0
98886,5,1,346028,346028,346029,0,1,4
98887,6,3,346034,346034,346037,0,3,5
98888,2,3,346036,346037,346040,1,4,0
98889,3,1,346039,346040,346041,1,2,0
98890,1,2,346040,346041,346043,1,3,0
98891,5,2,346045,346045,346047,0,2,2
98892,6,2,346051,346051,346053,0,2,4
98893,2,1,346053,346053,346054,0,1,0
98894,5,1,346058,346058,346059,0,1,4
98895,1,3,346059,346059,346062,0,3,0
98896,1,3,346060,346062,346065,2,5,0
98897,2,2,346062,346065,346067,3,5,0
98898,6,3,346068,346068,346071,0,3,1
98899,5,1,346073,346073,346074,0,1,2
98900,5,3,346078,346078,346081,0,3,4
98901,4,3,346082,346082,346085,0,3,1
98902,3,1,346085,346085,346086,0,1,0
98903,2,1,346087,346087,346088,0,1,1
98904,6,1,346093,346093,346094,0,1,5
98905,2,3,346095,346095,346098,0,3,1
98906,6,1,346101,346101,346102,0,1,3
98907,6,1,346107,346107,346108,0,1,5
98908,5,3,346112,346112,346115,0,3,4
98909,2,3,346114,346115,346118,1,4,0
98910,4,2,346118,346118,346120,0,2,0
98911,5,3,346123,346123,346126,0,3,3
98912,2,3,346125,346126,346129,1,4,0
98913,3,3,346128,346129,346132,1,4,0
98914,1,1,346129,346132,346133,3,4,0
98915,4,3,346133,346133,346136,0,3,0
98916,4,2,346137,346137,346139,0,2,1
98917,3,1,346140,346140,346141,0,1,1
98918,3,3,346143,346143,346146,0,3,2
98919,4,2,346147,346147,346149,0,2,1
98920,6,2,346153,346153,346155,0,2,4
98921,2,3,346155,346155,346158,0,3,0
98922,6,2,346161,346161,346163,0,2,3
98923,2,1,346163,346163,346164,0,1,0
98924,4,2,346167,346167,346169,0,2,3
98925,2,1,346169,346169,346170,0,1,0
98926,6,2,346175,346175,346177,0,2,5
98927,6,3,346181,346181,346184,0,3,4
98928,3,1,346184,346184,346185,0,1,0
98929,4,3,346188,346188,346191,0,3,3
98930,6,3,346194,346194,346197,0,3,3
98931,4,3,346198,346198,346201,0,3,1
98932,4,3,346202,346202,346205,0,3,1
98933,1,1,346203,346205,346206,2,3,0
98934,6,1,346209,346209,346210,0,1,3
98935,5,2,346214,346214,346216,0,2,4
98936,4,3,346218,346218,346221,0,3,2
98937,3,2,346221,346221,346223,0,2,0
98938,3,3,346224,346224,346227,0,3,1
98939,6,2,346230,346230,346232,0,2,3
98940,4,3,346234,346234,346237,0,3,2
98941,3,3,346237,346237,346240,0,3,0
98942,4,3,346241,346241,346244,0,3,1
98943,4,1,346245,346245,346246,0,1,1
98944,5,3,346250,346250,346253,0,3,4
98945,1,2,346251,346253,346255,2,4,0
98946,6,2,346257,346257,346259,0,2,2
98947,2,1,346259,346259,346260,0,1,0
98948,3,2,346262,346262,346264,0,2,2
98949,4,3,346266,346266,346269,0,3,2
98950,3,2,346269,346269,346271,0,2,0
98951,3,1,346272,346272,346273,0,1,1
98952,5,1,346277,346277,346278,0,1,4
98953,6,3,346283,346283,346286,0,3,5
98954,3,2,346286,346286,346288,0,2,0
98955,5,2,346291,346291,346293,0,2,3
98956,1,3,346292,346293,346296,1,4,0
98957,5,1,346297,346297,346298,0,1,1
98958,5,2,346302,346302,346304,0,2,4
98959,5,2,346307,346307,346309,0,2,3
98960,6,1,346313,346313,346314,0,1,4
98961,3,1,346316,346316,346317,0,1,2
98962,6,2,346322,346322,346324,0,2,5
98963,3,1,346325,346325,346326,0,1,1
98964,6,2,346331,346331,346333,0,2,5
98965,6,3,346337,346337,346340,0,3,4
98966,5,2,346342,346342,346344,0,2,2
98967,2,2,346344,346344,346346,0,2,0
98968,2,3,346346,346346,346349,0,3,0
98969,3,2,346349,346349,346351,0,2,0
98970,1,1,346350,346351,346352,1,2,0
98971,2,1,346352,346352,346353,0,1,0
98972,4,1,346356,346356,346357,0,1,3
98973,5,1,346361,346361,346362,0,1,4
98974,4,2,346365,346365,346367,0,2,3
98975,3,1,346368,346368,346369,0,1,1
98976,4,1,346372,346372,346373,0,1,3
98977,3,1,346375,346375,346376,0,1,2
98978,2,3,346377,346377,346380,0,3,1
98979,1,2,346378,346380,346382,2,4,0
98980,5,2,346383,346383,346385,0,2,1
98981,6,1,346389,346389,346390,0,1,4
98982,4,3,346393,346393,346396,0,3,3
98983,6,2,346399,346399,346401,0,2,3
98984,1,2,346400,346401,346403,1,3,0
98985,4,1,346404,346404,346405,0,1,1
98986,2,2,346406,346406,346408,0,2,1
98987,1,2,346407,346408,346410,1,3,0
98988,1,2,346408,346410,346412,2,4,0
98989,2,2,346410,346412,346414,2,4,0
98990,4,3,346414,346414,346417,0,3,0
98991,6,2,346420,346420,346422,0,2,3
98992,1,3,346421,346422,346425,1,4,0
98993,2,1,346423,346425,346426,2,3,0
98994,6,2,346429,346429,346431,0,2,3
98995,5,3,346434,346434,346437,0,3,3
98996,5,3,346439,346439,346442,0,3,2
98997,1,1,346440,346442,346443,2,3,0
98998,3,3,346443,346443,346446,0,3,0
98999,6,2,346449,346449,346451,0,2,3
99000,3,1,346452,346452,346453,0,1,1
99001,4,1,346456,346456,346457,0,1,3
99002,6,2,346462,346462,346464,0,2,5
99003,2,1,346464,346464,346465,0,1,0
99004,5,2,346469,346469,346471,0,2,4
99005,6,2,346475,346475,346477,0,2,4
99006,6,1,346481,346481,346482,0,1,4
99007,6,3,346487,346487,346490,0,3,5
99008,4,3,346491,346491,346494,0,3,1
99009,5,3,346496,346496,346499,0,3,2
99010,2,3,346498,346499,346502,1,4,0
99011,1,1,346499,346502,346503,3,4,0
99012,5,2,346504,346504,346506,0,2,1
99013,1,2,346505,346506,346508,1,3,0
99014,2,3,346507,346508,346511,1,4,0
99015,5,1,346512,346512,346513,0,1,1
99016,1,1,346513,346513,346514,0,1,0
99017,3,3,346516,346516,346519,0,3,2
99018,3,2,346519,346519,346521,0,2,0
99019,6,2,346525,346525,346527,0,2,4
99020,6,3,346531,346531,346534,0,3,4
99021,1,3,346532,346534,346537,2,5,0
99022,4,3,346536,346537,346540,1,4,0
99023,4,1,346540,346540,346541,0,1,0
99024,3,2,346543,346543,346545,0,2,2
99025,6,1,346549,346549,346550,0,1,4
99026,2,3,346551,346551,346554,0,3,1
99027,1,2,346552,346554,346556,2,4,0
99028,3,1,346555,346556,346557,1,2,0
99029,2,1,346557,346557,346558,0,1,0
99030,6,3,346563,346563,346566,0,3,5
99031,4,3,346567,346567,346570,0,3,1
99032,3,3,346570,346570,346573,0,3,0
99033,1,3,346571,346573,346576,2,5,0
99034,4,2,346575,346576,346578,1,3,0
99035,4,3,346579,346579,346582,0,3,1
99036,6,3,346585,346585,346588,0,3,3
99037,4,2,346589,346589,346591,0,2,1
99038,1,1,346590,346591,346592,1,2,0
99039,1,3,346591,346592,346595,1,4,0
99040,2,2,346593,346595,346597,2,4,0
99041,1,2,346594,346597,346599,3,5,0
99042,2,1,346596,346599,346600,3,4,0
99043,6,3,346602,346602,346605,0,3,2
99044,6,3,346608,346608,346611,0,3,3
99045,5,3,346613,346613,346616,0,3,2
99046,2,1,346615,346616,346617,1,2,0
99047,1,1,346616,346617,346618,1,2,0
99048,4,2,346620,346620,346622,0,2,2
99049,4,2,346624,346624,346626,0,2,2
99050,4,2,346628,346628,346630,0,2,2
99051,5,1,346633,346633,346634,0,1,3
99052,4,1,346637,346637,346638,0,1,3
99053,5,1,346642,346642,346643,0,1,4
99054,5,2,346647,346647,346649,0,2,4
99055,5,1,346652,346652,346653,0,1,3
99056,1,3,346653,346653,346656,0,3,0
99057,6,2,346659,346659,346661,0,2,3
99058,5,1,346664,346664,346665,0,1,3
99059,2,3,346666,346666,346669,0,3,1
99060,2,2,346668,346669,346671,1,3,0
99061,6,3,346674,346674,346677,0,3,3
99062,5,1,346679,346679,346680,0,1,2
99063,5,2,346684,346684,346686,0,2,4
99064,2,1,346686,346686,346687,0,1,0
99065,3,3,346689,346689,346692,0,3,2
99066,6,1,346695,346695,346696,0,1,3
99067,5,3,346700,346700,346703,0,3,4
99068,6,3,346706,346706,346709,0,3,3
99069,2,1,346708,346709,346710,1,2,0
99070,3,2,346711,346711,346713,0,2,1
99071,5,3,346716,346716,346719,0,3,3
99072,6,1,346722,346722,346723,0,1,3
99073,2,3,346724,346724,346727,0,3,1
99074,4,2,346728,346728,346730,0,2,1
99075,1,3,346729,346730,346733,1,4,0
99076,4,2,346733,346733,346735,0,2,0
99077,4,2,346737,346737,346739,0,2,2
99078,1,3,346738,346739,346742,1,4,0
99079,1,3,346739,346742,346745,3,6,0
99080,1,2,346740,346745,346747,5,7,0
99081,3,2,346743,346747,346749,4,6,0
99082,2,2,346745,346749,346751,4,6,0
99083,4,2,346749,346751,346753,2,4,0
99084,1,2,346750,346753,346755,3,5,0
99085,6,3,346756,346756,346759,0,3,1
99086,2,2,346758,346759,346761,1,3,0
99087,6,3,346764,346764,346767,0,3,3
99088,2,2,346766,346767,346769,1,3,0
99089,2,3,346768,346769,346772,1,4,0
99090,1,1,346769,346772,346773,3,4,0
99091,6,1,346775,346775,346776,0,1,2
99092,2,3,346777,346777,346780,0,3,1
99093,1,1,346778,346780,346781,2,3,0
99094,1,2,346779,346781,346783,2,4,0
99095,1,3,346780,346783,346786,3,6,0
99096,1,2,346781,346786,346788,5,7,0
99097,5,3,346786,346788,346791,2,5,0
99098,3,1,346789,346791,346792,2,3,0
99099,1,2,346790,346792,346794,2,4,0
99100,6,1,346796,346796,346797,0,1,2
99101,2,3,346798,346798,346801,0,3,1
99102,5,2,346803,346803,346805,0,2,2
99103,3,3,346806,346806,346809,0,3,1
99104,2,1,346808,346809,346810,1,2,0
99105,1,3,346809,346810,346813,1,4,0
99106,5,2,346814,346814,346816,0,2,1
99107,3,1,346817,346817,346818,0,1,1
99108,2,3,346819,346819,346822,0,3,1
99109,4,2,346823,346823,346825,0,2,1
99110,1,1,346824,346825,346826,1,2,0
99111,3,1,346827,346827,346828,0,1,1
99112,5,2,346832,346832,346834,0,2,4
99113,1,1,346833,346834,346835,1,2,0
99114,2,1,346835,346835,346836,0,1,0
99115,1,2,346836,346836,346838,0,2,0
99116,6,2,346842,346842,346844,0,2,4
99117,1,1,346843,346844,346845,1,2,0
99118,5,2,346848,346848,346850,0,2,3
99119,3,3,346851,346851,346854,0,3,1
99120,6,3,346857,346857,346860,0,3,3
99121,3,2,346860,346860,346862,0,2,0
99122,1,3,346861,346862,346865,1,4,0
99123,2,1,346863,346865,346866,2,3,0
99124,5,1,346868,346868,346869,0,1,2
99125,3,2,346871,346871,346873,0,2,2
99126,5,1,346876,346876,346877,0,1,3
99127,2,1,346878,346878,346879,0,1,1
99128,5,3,346883,346883,346886,0,3,4
99129,3,2,346886,346886,346888,0,2,0
99130,1,3,346887,346888,346891,1,4,0
99131,1,2,346888,346891,346893,3,5,0
99132,3,1,346891,346893,346894,2,3,0
99133,5,1,346896,346896,346897,0,1,2
99134,3,1,346899,346899,346900,0,1,2
99135,3,1,346902,346902,346903,0,1,2
99136,6,3,346908,346908,346911,0,3,5
99137,4,3,346912,346912,346915,0,3,1
99138,6,2,346918,346918,346920,0,2,3
99139,4,2,346922,346922,346924,0,2,2
99140,1,2,346923,346924,346926,1,3,0
99141,3,2,346926,346926,346928,0,2,0
99142,3,1,346929,346929,346930,0,1,1
99143,1,1,346930,346930,346931,0,1,0
99144,3,1,346933,346933,346934,0,1,2
99145,6,1,346939,346939,346940,0,1,5
99146,1,2,346940,346940,346942,0,2,0
99147,3,1,346943,346943,346944,0,1,1
99148,2,3,346945,346945,346948,0,3,1
99149,3,2,346948,346948,346950,0,2,0
99150,2,2,346950,346950,346952,0,2,0
99151,6,3,346956,346956,346959,0,3,4
99152,2,2,346958,346959,346961,1,3,0
99153,3,3,346961,346961,346964,0,3,0
99154,1,2,346962,346964,346966,2,4,0
99155,4,1,346966,346966,346967,0,1,0
99156,2,3,346968,346968,346971,0,3,1
99157,5,3,346973,346973,346976,0,3,2
99158,2,3,346975,346976,346979,1,4,0
99159,3,2,346978,346979,346981,1,3,0
99160,1,3,346979,346981,346984,2,5,0
99161,2,1,346981,346984,346985,3,4,0
99162,2,3,346983,346985,346988,2,5,0
99163,6,2,346989,346989,346991,0,2,1
99164,2,3,346991,346991,346994,0,3,0
99165,4,1,346995,346995,346996,0,1,1
99166,3,3,346998,346998,347001,0,3,2
99167,3,1,347001,347001,347002,0,1,0
99168,4,1,347005,347005,347006,0,1,3
99169,2,1,347007,347007,347008,0,1,1
99170,1,3,347008,347008,347011,0,3,0
99171,4,3,347012,347012,347015,0,3,1
99172,5,3,347017,347017,347020,0,3,2
99173,5,3,347022,347022,347025,0,3,2
99174,3,3,347025,347025,347028,0,3,0
99175,6,2,347031,347031,347033,0,2,3
99176,1,1,347032,347033,347034,1,2,0
99177,2,2,347034,347034,347036,0,2,0
99178,6,3,347040,347040,347043,0,3,4
99179,1,3,347041,347043,347046,2,5,0
99180,1,3,347042,347046,347049,4,7,0
99181,2,3,347044,347049,347052,5,8,0
99182,6,3,347050,347052,347055,2,5,0
99183,4,1,347054,347055,347056,1,2,0
99184,3,2,347057,347057,347059,0,2,1
99185,2,3,347059,347059,347062,0,3,0
99186,4,2,347063,347063,347065,0,2,1
99187,1,3,347064,347065,347068,1,4,0
99188,3,3,347067,347068,347071,1,4,0
99189,3,1,347070,347071,347072,1,2,0
99190,4,2,347074,347074,347076,0,2,2
99191,6,2,347080,347080,347082,0,2,4
99192,5,3,347085,347085,347088,0,3,3
99193,5,3,347090,347090,347093,0,3,2
99194,5,2,347095,347095,347097,0,2,2
99195,3,3,347098,347098,347101,0,3,1
99196,3,2,347101,347101,347103,0,2,0
99197,5,2,347106,347106,347108,0,2,3
99198,5,1,347111,347111,347112,0,1,3
99199,3,3,347114,347114,347117,0,3,2
99200,5,1,347119,347119,347120,0,1,2
99201,1,2,347120,347120,347122,0,2,0
99202,1,3,347121,347122,347125,1,4,0
99203,4,3,347125,347125,347128,0,3,0
99204,6,2,347131,347131,347133,0,2,3
99205,1,2,347132,347133,347135,1,3,0
99206,4,1,347136,347136,347137,0,1,1
99207,1,2,347137,347137,347139,0,2,0
99208,1,1,347138,347139,347140,1,2,0
99209,1,1,347139,347140,347141,1,2,0
99210,6,2,347145,347145,347147,0,2,4
99211,6,2,347151,347151,347153,0,2,4
99212,4,1,347155,347155,347156,0,1,2
99213,6,1,347161,347161,347162,0,1,5
99214,1,3,347162,347162,347165,0,3,0
99215,1,2,347163,347165,347167,2,4,0
99216,2,3,347165,347167,347170,2,5,0
99217,2,1,347167,347170,347171,3,4,0
99218,3,3,347170,347171,347174,1,4,0
99219,1,3,347171,347174,347177,3,6,0
99220,6,2,347177,347177,347179,0,2,0
99221,1,3,347178,347179,347182,1,4,0
99222,3,3,347181,347182,347185,1,4,0
99223,6,3,347187,347187,347190,0,3,2
99224,2,2,347189,347190,347192,1,3,0
99225,4,2,347193,347193,347195,0,2,1
99226,2,2,347195,347195,347197,0,2,0
99227,3,2,347198,347198,347200,0,2,1
99228,4,1,347202,347202,347203,0,1,2
99229,4,2,347206,347206,347208,0,2,3
99230,1,1,347207,347208,347209,1,2,0
99231,6,2,347213,347213,347215,0,2,4
99232,2,2,347215,347215,347217,0,2,0
99233,6,3,347221,347221,347224,0,3,4
99234,5,1,347226,347226,347227,0,1,2
99235,6,2,347232,347232,347234,0,2,5
99236,2,1,347234,347234,347235,0,1,0
99237,1,3,347235,347235,347238,0,3,0
99238,1,2,347236,347238,347240,2,4,0
99239,1,1,347237,347240,347241,3,4,0
99240,2,3,347239,347241,347244,2,5,0
99241,4,2,347243,347244,347246,1,3,0
99242,2,3,347245,347246,347249,1,4,0
99243,4,3,347249,347249,347252,0,3,0
99244,1,1,347250,347252,347253,2,3,0
99245,3,3,347253,347253,347256,0,3,0
99246,3,1,347256,347256,347257,0,1,0
99247,2,2,347258,347258,347260,0,2,1
99248,2,2,347260,347260,347262,0,2,0
99249,4,2,347264,347264,347266,0,2,2
99250,2,1,347266,347266,347267,0,1,0
99251,1,1,347267,347267,347268,0,1,0
99252,5,1,347272,347272,347273,0,1,4
99253,3,1,347275,347275,347276,0,1,2
99254,5,2,347280,347280,347282,0,2,4
99255,3,2,347283,347283,347285,0,2,1
99256,2,3,347285,347285,347288,0,3,0
99257,2,2,347287,347288,347290,1,3,0
99258,5,2,347292,347292,347294,0,2,2
99259,1,2,347293,347294,347296,1,3,0
99260,6,1,347299,347299,347300,0,1,3
99261,1,1,347300,347300,347301,0,1,0
99262,5,2,347305,347305,347307,0,2,4
99263,5,3,347310,347310,347313,0,3,3
99264,6,3,347316,347316,347319,0,3,3
99265,2,1,347318,347319,347320,1,2,0
99266,6,2,347324,347324,347326,0,2,4
99267,4,1,347328,347328,347329,0,1,2
99268,2,1,347330,347330,347331,0,1,1
99269,2,1,347332,347332,347333,0,1,1
99270,1,3,347333,347333,347336,0,3,0
99271,1,2,347334,347336,347338,2,4,0
99272,5,1,347339,347339,347340,0,1,1
99273,3,3,347342,347342,347345,0,3,2
99274,6,1,347348,347348,347349,0,1,3
99275,5,2,347353,347353,347355,0,2,4
99276,5,2,347358,347358,347360,0,2,3
99277,3,2,347361,347361,347363,0,2,1
99278,2,3,347363,347363,347366,0,3,0
99279,4,2,347367,347367,347369,0,2,1
99280,6,3,347373,347373,347376,0,3,4
99281,3,1,347376,347376,347377,0,1,0
99282,2,2,347378,347378,347380,0,2,1
99283,4,1,347382,347382,347383,0,1,2
99284,2,2,347384,347384,347386,0,2,1
99285,4,3,347388,347388,347391,0,3,2
99286,4,3,347392,347392,347395,0,3,1
99287,2,2,347394,347395,347397,1,3,0
99288,1,3,347395,347397,347400,2,5,0
99289,3,1,347398,347400,347401,2,3,0
99290,3,1,347401,347401,347402,0,1,0
99291,3,2,347404,347404,347406,0,2,2
99292,4,1,347408,347408,347409,0,1,2
99293,6,3,347414,347414,347417,0,3,5
99294,2,1,347416,347417,347418,1,2,0
99295,4,2,347420,347420,347422,0,2,2
99296,2,2,347422,347422,347424,0,2,0
99297,2,3,347424,347424,347427,0,3,0
99298,3,3,347427,347427,347430,0,3,0
99299,5,1,347432,347432,347433,0,1,2
99300,5,1,347437,347437,347438,0,1,4
99301,3,3,347440,347440,347443,0,3,2
99302,5,1,347445,347445,347446,0,1,2
99303,2,2,347447,347447,347449,0,2,1
99304,4,3,347451,347451,347454,0,3,2
99305,2,3,347453,347454,347457,1,4,0
99306,1,1,347454,347457,347458,3,4,0
99307,6,1,347460,347460,347461,0,1,2
99308,3,2,347463,347463,347465,0,2,2
99309,2,2,347465,347465,347467,0,2,0
99310,3,3,347468,347468,347471,0,3,1
99311,1,2,347469,347471,347473,2,4,0
99312,1,3,347470,347473,347476,3,6,0
99313,5,3,347475,347476,347479,1,4,0
99314,3,1,347478,347479,347480,1,2,0
99315,4,1,347482,347482,347483,0,1,2
99316,4,1,347486,347486,347487,0,1,3
99317,4,3,347490,347490,347493,0,3,3
99318,1,3,347491,347493,347496,2,5,0
99319,5,1,347496,347496,347497,0,1,0
99320,6,1,347502,347502,347503,0,1,5
99321,2,2,347504,347504,347506,0,2,1
99322,2,2,347506,347506,347508,0,2,0
99323,1,2,347507,347508,347510,1,3,0
99324,3,3,347510,347510,347513,0,3,0
99325,1,1,347511,347513,347514,2,3,0
99326,3,1,347514,347514,347515,0,1,0
99327,3,3,347517,347517,347520,0,3,2
99328,2,2,347519,347520,347522,1,3,0
99329,2,3,347521,347522,347525,1,4,0
99330,5,1,347526,347526,347527,0,1,1
99331,2,3,347528,347528,347531,0,3,1
99332,1,1,347529,347531,347532,2,3,0
99333,5,3,347534,347534,347537,0,3,2
99334,3,3,347537,347537,347540,0,3,0
99335,3,3,347540,347540,347543,0,3,0
99336,3,1,347543,347543,347544,0,1,0
99337,2,3,347545,347545,347548,0,3,1
99338,1,3,347546,347548,347551,2,5,0
99339,4,3,347550,347551,347554,1,4,0
99340,3,3,347553,347554,347557,1,4,0
99341,6,3,347559,347559,347562,0,3,2
99342,6,2,347565,347565,347567,0,2,3
99343,6,1,347571,347571,347572,0,1,4
99344,4,2,347575,347575,347577,0,2,3
99345,3,2,347578,347578,347580,0,2,1
99346,2,3,347580,347580,347583,0,3,0
99347,4,3,347584,347584,347587,0,3,1
99348,4,2,347588,347588,347590,0,2,1
99349,6,2,347594,347594,347596,0,2,4
99350,3,2,347597,347597,347599,0,2,1
99351,5,2,347602,347602,347604,0,2,3
99352,3,2,347605,347605,347607,0,2,1
99353,4,3,347609,347609,347612,0,3,2
99354,6,3,347615,347615,347618,0,3,3
99355,5,2,347620,347620,347622,0,2,2
99356,4,3,347624,347624,347627,0,3,2
99357,1,2,347625,347627,347629,2,4,0
99358,3,3,347628,347629,347632,1,4,0
99359,6,1,347634,347634,347635,0,1,2
99360,3,3,347637,347637,347640,0,3,2
99361,3,1,347640,347640,347641,0,1,0
99362,4,2,347644,347644,347646,0,2,3
99363,1,1,347645,347646,347647,1,2,0
99364,4,3,347649,347649,347652,0,3,2
99365,2,3,347651,347652,347655,1,4,0
99366,2,3,347653,347655,347658,2,5,0
99367,3,1,347656,347658,347659,2,3,0
99368,6,2,347662,347662,347664,0,2,3
99369,6,2,347668,347668,347670,0,2,4
99370,3,1,347671,347671,347672,0,1,1
99371,6,1,347677,347677,347678,0,1,5
99372,3,1,347680,347680,347681,0,1,2
99373,1,1,347681,347681,347682,0,1,0
99374,5,2,347686,347686,347688,0,2,4
99375,1,1,347687,347688,347689,1,2,0
99376,5,1,347692,347692,347693,0,1,3
99377,4,3,347696,347696,347699,0,3,3
99378,4,1,347700,347700,347701,0,1,1
99379,6,3,347706,347706,347709,0,3,5
99380,5,1,347711,347711,347712,0,1,2
99381,1,3,347712,347712,347715,0,3,0
99382,6,3,347718,347718,347721,0,3,3
99383,1,1,347719,347721,347722,2,3,0
99384,2,1,347721,347722,347723,1,2,0
99385,5,1,347726,347726,347727,0,1,3
99386,4,2,347730,347730,347732,0,2,3
99387,1,1,347731,347732,347733,1,2,0
99388,6,3,347737,347737,347740,0,3,4
99389,2,1,347739,347740,347741,1,2,0
99390,2,2,347741,347741,347743,0,2,0
99391,6,3,347747,347747,347750,0,3,4
99392,4,1,347751,347751,347752,0,1,1
99393,2,2,347753,347753,347755,0,2,1
99394,3,2,347756,347756,347758,0,2,1
99395,6,3,347762,347762,347765,0,3,4
99396,6,3,347768,347768,347771,0,3,3
99397,3,3,347771,347771,347774,0,3,0
99398,4,3,347775,347775,347778,0,3,1
99399,5,2,347780,347780,347782,0,2,2
99400,3,2,347783,347783,347785,0,2,1
99401,4,3,347787,347787,347790,0,3,2
99402,4,2,347791,347791,347793,0,2,1
99403,6,1,347797,347797,347798,0,1,4
99404,4,2,347801,347801,347803,0,2,3
99405,1,1,347802,347803,347804,1,2,0
99406,5,3,347807,347807,347810,0,3,3
99407,2,2,347809,347810,347812,1,3,0
99408,3,3,347812,347812,347815,0,3,0
99409,3,1,347815,347815,347816,0,1,0
99410,1,2,347816,347816,347818,0,2,0
99411,1,1,347817,347818,347819,1,2,0
99412,6,3,347823,347823,347826,0,3,4
99413,1,3,347824,347826,347829,2,5,0
99414,3,2,347827,347829,347831,2,4,0
99415,4,3,347831,347831,347834,0,3,0
99416,5,1,347836,347836,347837,0,1,2
99417,5,2,347841,347841,347843,0,2,4
99418,1,1,347842,347843,347844,1,2,0
99419,1,3,347843,347844,347847,1,4,0
99420,1,1,347844,347847,347848,3,4,0
99421,4,3,347848,347848,347851,0,3,0
99422,4,2,347852,347852,347854,0,2,1
99423,5,3,347857,347857,347860,0,3,3
99424,5,1,347862,347862,347863,0,1,2
99425,5,3,347867,347867,347870,0,3,4
99426,6,1,347873,347873,347874,0,1,3
99427,3,2,347876,347876,347878,0,2,2
99428,5,3,347881,347881,347884,0,3,3
99429,4,1,347885,347885,347886,0,1,1
99430,6,2,347891,347891,347893,0,2,5
99431,1,3,347892,347893,347896,1,4,0
99432,4,3,347896,347896,347899,0,3,0
99433,5,2,347901,347901,347903,0,2,2
99434,2,3,347903,347903,347906,0,3,0
99435,1,3,347904,347906,347909,2,5,0
99436,3,1,347907,347909,347910,2,3,0
99437,2,1,347909,347910,347911,1,2,0
99438,6,1,347915,347915,347916,0,1,4
99439,3,3,347918,347918,347921,0,3,2
99440,2,3,347920,347921,347924,1,4,0
99441,5,3,347925,347925,347928,0,3,1
99442,4,3,347929,347929,347932,0,3,1
99443,4,3,347933,347933,347936,0,3,1
99444,6,3,347939,347939,347942,0,3,3
99445,4,1,347943,347943,347944,0,1,1
99446,4,2,347947,347947,347949,0,2,3
99447,5,3,347952,347952,347955,0,3,3
99448,5,1,347957,347957,347958,0,1,2
99449,1,1,347958,347958,347959,0,1,0
99450,6,1,347964,347964,347965,0,1,5
99451,6,2,347970,347970,347972,0,2,5
99452,4,2,347974,347974,347976,0,2,2
99453,4,2,347978,347978,347980,0,2,2
99454,5,2,347983,347983,347985,0,2,3
99455,2,3,347985,347985,347988,0,3,0
99456,6,2,347991,347991,347993,0,2,3
99457,4,3,347995,347995,347998,0,3,2
99458,1,2,347996,347998,348000,2,4,0
99459,5,2,348001,348001,348003,0,2,1
99460,6,1,348007,348007,348008,0,1,4
99461,3,1,348010,348010,348011,0,1,2
99462,5,1,348015,348015,348016,0,1,4
99463,3,3,348018,348018,348021,0,3,2
99464,5,2,348023,348023,348025,0,2,2
99465,1,3,348024,348025,348028,1,4,0
99466,2,3,348026,348028,348031,2,5,0
99467,1,3,348027,348031,348034,4,7,0
99468,5,1,348032,348034,348035,2,3,0
99469,4,2,348036,348036,348038,0,2,1
99470,5,3,348041,348041,348044,0,3,3
99471,2,3,348043,348044,348047,1,4,0
99472,2,3,348045,348047,348050,2,5,0
99473,6,1,348051,348051,348052,0,1,1
99474,6,1,348057,348057,348058,0,1,5
99475,6,1,348063,348063,348064,0,1,5
99476,5,3,348068,348068,348071,0,3,4
99477,6,2,348074,348074,348076,0,2,3
99478,6,2,348080,348080,348082,0,2,4
99479,4,3,348084,348084,348087,0,3,2
99480,5,1,348089,348089,348090,0,1,2
99481,4,2,348093,348093,348095,0,2,3
99482,1,1,348094,348095,348096,1,2,0
99483,6,2,348100,348100,348102,0,2,4
99484,3,3,348103,348103,348106,0,3,1
99485,1,2,348104,348106,348108,2,4,0
99486,5,3,348109,348109,348112,0,3,1
99487,2,1,348111,348112,348113,1,2,0
99488,3,1,348114,348114,348115,0,1,1
99489,5,3,348119,348119,348122,0,3,4
99490,1,3,348120,348122,348125,2,5,0
99491,2,2,348122,348125,348127,3,5,0
99492,5,2,348127,348127,348129,0,2,0
99493,6,3,348133,348133,348136,0,3,4
99494,3,3,348136,348136,348139,0,3,0
99495,2,3,348138,348139,348142,1,4,0
99496,4,2,348142,348142,348144,0,2,0
99497,3,1,348145,348145,348146,0,1,1
99498,3,2,348148,348148,348150,0,2,2
99499,4,1,348152,348152,348153,0,1,2
99500,6,1,348158,348158,348159,0,1,5
99501,1,3,348159,348159,348162,0,3,0
99502,4,3,348163,348163,348166,0,3,1
99503,1,3,348164,348166,348169,2,5,0
99504,3,1,348167,348169,348170,2,3,0
99505,5,3,348172,348172,348175,0,3,2
99506,2,1,348174,348175,348176,1,2,0
99507,2,2,348176,348176,348178,0,2,0
99508,3,3,348179,348179,348182,0,3,1
99509,3,2,348182,348182,348184,0,2,0
99510,6,2,348188,348188,348190,0,2,4
99511,2,1,348190,348190,348191,0,1,0
99512,2,1,348192,348192,348193,0,1,1
99513,1,1,348193,348193,348194,0,1,0
99514,6,3,348199,348199,348202,0,3,5
99515,2,1,348201,348202,348203,1,2,0
99516,5,2,348206,348206,348208,0,2,3
99517,4,3,348210,348210,348213,0,3,2
99518,5,1,348215,348215,348216,0,1,2
99519,4,3,348219,348219,348222,0,3,3
99520,1,2,348220,348222,348224,2,4,0
99521,5,2,348225,348225,348227,0,2,1
99522,4,3,348229,348229,348232,0,3,2
99523,4,3,348233,348233,348236,0,3,1
99524,3,1,348236,348236,348237,0,1,0
99525,1,1,348237,348237,348238,0,1,0
99526,3,3,348240,348240,348243,0,3,2
99527,4,2,348244,348244,348246,0,2,1
99528,4,1,348248,348248,348249,0,1,2
99529,5,3,348253,348253,348256,0,3,4
99530,2,3,348255,348256,348259,1,4,0
99531,2,1,348257,348259,348260,2,3,0
99532,6,3,348263,348263,348266,0,3,3
99533,1,1,348264,348266,348267,2,3,0
99534,5,3,348269,348269,348272,0,3,2
99535,6,2,348275,348275,348277,0,2,3
99536,3,1,348278,348278,348279,0,1,1
99537,1,2,348279,348279,348281,0,2,0
99538,2,1,348281,348281,348282,0,1,0
99539,5,1,348286,348286,348287,0,1,4
99540,4,1,348290,348290,348291,0,1,3
99541,5,2,348295,348295,348297,0,2,4
99542,5,1,348300,348300,348301,0,1,3
99543,1,2,348301,348301,348303,0,2,0
99544,4,2,348305,348305,348307,0,2,2
99545,5,2,348310,348310,348312,0,2,3
99546,4,1,348314,348314,348315,0,1,2
99547,1,3,348315,348315,348318,0,3,0
99548,1,2,348316,348318,348320,2,4,0
99549,1,2,348317,348320,348322,3,5,0
99550,4,1,348321,348322,348323,1,2,0
99551,1,1,348322,348323,348324,1,2,0
99552,5,2,348327,348327,348329,0,2,3
99553,3,1,348330,348330,348331,0,1,1
99554,2,2,348332,348332,348334,0,2,1
99555,1,3,348333,348334,348337,1,4,0
99556,3,2,348336,348337,348339,1,3,0
99557,6,2,348342,348342,348344,0,2,3
99558,1,3,348343,348344,348347,1,4,0
99559,6,3,348349,348349,348352,0,3,2
99560,1,3,348350,348352,348355,2,5,0
99561,6,1,348356,348356,348357,0,1,1
99562,1,2,348357,348357,348359,0,2,0
99563,2,2,348359,348359,348361,0,2,0
99564,5,2,348364,348364,348366,0,2,3
99565,3,1,348367,348367,348368,0,1,1
99566,2,2,348369,348369,348371,0,2,1
99567,5,1,348374,348374,348375,0,1,3
99568,6,2,348380,348380,348382,0,2,5
99569,4,1,348384,348384,348385,0,1,2
99570,2,3,348386,348386,348389,0,3,1
99571,6,3,348392,348392,348395,0,3,3
99572,6,1,348398,348398,348399,0,1,3
99573,3,3,348401,348401,348404,0,3,2
99574,6,3,348407,348407,348410,0,3,3
99575,1,3,348408,348410,348413,2,5,0
99576,3,3,348411,348413,348416,2,5,0
99577,6,3,348417,348417,348420,0,3,1
99578,6,1,348423,348423,348424,0,1,3
99579,1,3,348424,348424,348427,0,3,0
99580,4,3,348428,348428,348431,0,3,1
99581,6,1,348434,348434,348435,0,1,3
99582,4,2,348438,348438,348440,0,2,3
99583,1,2,348439,348440,348442,1,3,0
99584,4,1,348443,348443,348444,0,1,1
99585,3,3,348446,348446,348449,0,3,2
99586,3,3,348449,348449,348452,0,3,0
99587,1,2,348450,348452,348454,2,4,0
99588,3,2,348453,348454,348456,1,3,0
99589,1,2,348454,348456,348458,2,4,0
99590,1,1,348455,348458,348459,3,4,0
99591,1,2,348456,348459,348461,3,5,0
99592,1,2,348457,348461,348463,4,6,0
99593,2,3,348459,348463,348466,4,7,0
99594,4,1,348463,348466,348467,3,4,0
99595,1,3,348464,348467,348470,3,6,0
99596,5,1,348469,348470,348471,1,2,0
99597,4,1,348473,348473,348474,0,1,2
99598,1,1,348474,348474,348475,0,1,0
99599,3,1,348477,348477,348478,0,1,2
99600,5,2,348482,348482,348484,0,2,4
99601,4,2,348486,348486,348488,0,2,2
99602,5,3,348491,348491,348494,0,3,3
99603,5,2,348496,348496,348498,0,2,2
99604,5,2,348501,348501,348503,0,2,3
99605,5,1,348506,348506,348507,0,1,3
99606,1,2,348507,348507,348509,0,2,0
99607,3,3,348510,348510,348513,0,3,1
99608,4,2,348514,348514,348516,0,2,1
99609,5,3,348519,348519,348522,0,3,3
99610,5,1,348524,348524,348525,0,1,2
99611,3,2,348527,348527,348529,0,2,2
99612,4,2,348531,348531,348533,0,2,2
99613,3,1,348534,348534,348535,0,1,1
99614,6,2,348540,348540,348542,0,2,5
99615,6,3,348546,348546,348549,0,3,4
99616,6,1,348552,348552,348553,0,1,3
99617,5,1,348557,348557,348558,0,1,4
99618,5,2,348562,348562,348564,0,2,4
99619,6,3,348568,348568,348571,0,3,4
99620,5,2,348573,348573,348575,0,2,2
99621,2,1,348575,348575,348576,0,1,0
99622,3,2,348578,348578,348580,0,2,2
99623,6,1,348584,348584,348585,0,1,4
99624,5,3,348589,348589,348592,0,3,4
99625,3,3,348592,348592,348595,0,3,0
99626,1,2,348593,348595,348597,2,4,0
99627,2,2,348595,348597,348599,2,4,0
99628,5,1,348600,348600,348601,0,1,1
99629,4,1,348604,348604,348605,0,1,3
99630,2,2,348606,348606,348608,0,2,1
99631,2,1,348608,348608,348609,0,1,0
99632,2,3,348610,348610,348613,0,3,1
99633,6,1,348616,348616,348617,0,1,3
99634,5,1,348621,348621,348622,0,1,4
99635,4,1,348625,348625,348626,0,1,3
99636,3,1,348628,348628,348629,0,1,2
99637,2,2,348630,348630,348632,0,2,1
99638,6,1,348636,348636,348637,0,1,4
99639,2,2,348638,348638,348640,0,2,1
99640,3,3,348641,348641,348644,0,3,1
99641,3,3,348644,348644,348647,0,3,0
99642,2,1,348646,348647,348648,1,2,0
99643,4,1,348650,348650,348651,0,1,2
99644,4,1,348654,348654,348655,0,1,3
99645,5,1,348659,348659,348660,0,1,4
99646,5,3,348664,348664,348667,0,3,4
99647,1,2,348665,348667,348669,2,4,0
99648,1,3,348666,348669,348672,3,6,0
99649,5,3,348671,348672,348675,1,4,0
99650,6,3,348677,348677,348680,0,3,2
99651,4,3,348681,348681,348684,0,3,1
99652,5,3,348686,348686,348689,0,3,2
99653,3,2,348689,348689,348691,0,2,0
99654,1,3,348690,348691,348694,1,4,0
99655,1,1,348691,348694,348695,3,4,0
99656,4,2,348695,348695,348697,0,2,0
99657,1,3,348696,348697,348700,1,4,0
99658,6,2,348702,348702,348704,0,2,2
99659,5,2,348707,348707,348709,0,2,3
99660,1,1,348708,348709,348710,1,2,0
99661,4,3,348712,348712,348715,0,3,2
99662,1,2,348713,348715,348717,2,4,0
99663,5,3,348718,348718,348721,0,3,1
99664,2,1,348720,348721,348722,1,2,0
99665,2,2,348722,348722,348724,0,2,0
99666,5,1,348727,348727,348728,0,1,3
99667,5,3,348732,348732,348735,0,3,4
99668,6,2,348738,348738,348740,0,2,3
99669,1,3,348739,348740,348743,1,4,0
99670,4,3,348743,348743,348746,0,3,0
99671,6,1,348749,348749,348750,0,1,3
99672,3,3,348752,348752,348755,0,3,2
99673,2,2,348754,348755,348757,1,3,0
99674,6,2,348760,348760,348762,0,2,3
99675,3,1,348763,348763,348764,0,1,1
99676,1,3,348764,348764,348767,0,3,0
99677,1,2,348765,348767,348769,2,4,0
99678,3,3,348768,348769,348772,1,4,0
99679,5,3,348773,348773,348776,0,3,1
99680,4,2,348777,348777,348779,0,2,1
99681,1,1,348778,348779,348780,1,2,0
99682,5,3,348783,348783,348786,0,3,3
99683,6,2,348789,348789,348791,0,2,3
99684,1,3,348790,348791,348794,1,4,0
99685,4,3,348794,348794,348797,0,3,0
99686,3,2,348797,348797,348799,0,2,0
99687,5,1,348802,348802,348803,0,1,3
99688,5,2,348807,348807,348809,0,2,4
99689,3,1,348810,348810,348811,0,1,1
99690,1,1,348811,348811,348812,0,1,0
99691,4,2,348815,348815,348817,0,2,3
99692,3,1,348818,348818,348819,0,1,1
99693,3,3,348821,348821,348824,0,3,2
99694,2,1,348823,348824,348825,1,2,0
99695,1,2,348824,348825,348827,1,3,0
99696,1,3,348825,348827,348830,2,5,0
99697,4,2,348829,348830,348832,1,3,0
99698,5,1,348834,348834,348835,0,1,2
99699,1,1,348835,348835,348836,0,1,0
99700,4,3,348839,348839,348842,0,3,3
99701,2,3,348841,348842,348845,1,4,0
99702,3,1,348844,348845,348846,1,2,0
99703,4,3,348848,348848,348851,0,3,2
99704,4,3,348852,348852,348855,0,3,1
99705,3,3,348855,348855,348858,0,3,0
99706,3,1,348858,348858,348859,0,1,0
99707,1,2,348859,348859,348861,0,2,0
99708,2,3,348861,348861,348864,0,3,0
99709,4,3,348865,348865,348868,0,3,1
99710,6,1,348871,348871,348872,0,1,3
99711,2,3,348873,348873,348876,0,3,1
99712,6,1,348879,348879,348880,0,1,3
99713,2,2,348881,348881,348883,0,2,1
99714,1,3,348882,348883,348886,1,4,0
99715,4,2,348886,348886,348888,0,2,0
99716,4,3,348890,348890,348893,0,3,2
99717,6,1,348896,348896,348897,0,1,3
99718,4,2,348900,348900,348902,0,2,3
99719,2,2,348902,348902,348904,0,2,0
99720,4,2,348906,348906,348908,0,2,2
99721,5,1,348911,348911,348912,0,1,3
99722,4,2,348915,348915,348917,0,2,3
99723,4,1,348919,348919,348920,0,1,2
99724,6,1,348925,348925,348926,0,1,5
99725,3,3,348928,348928,348931,0,3,2
99726,6,2,348934,348934,348936,0,2,3
99727,3,2,348937,348937,348939,0,2,1
99728,5,2,348942,348942,348944,0,2,3
99729,6,2,348948,348948,348950,0,2,4
99730,5,3,348953,348953,348956,0,3,3
99731,5,1,348958,348958,348959,0,1,2
99732,1,2,348959,348959,348961,0,2,0
99733,4,2,348963,348963,348965,0,2,2
99734,1,2,348964,348965,348967,1,3,0
99735,4,3,348968,348968,348971,0,3,1
99736,6,1,348974,348974,348975,0,1,3
99737,2,1,348976,348976,348977,0,1,1
99738,1,1,348977,348977,348978,0,1,0
99739,5,1,348982,348982,348983,0,1,4
99740,4,3,348986,348986,348989,0,3,3
99741,1,1,348987,348989,348990,2,3,0
99742,5,3,348992,348992,348995,0,3,2
99743,5,3,348997,348997,349000,0,3,2
99744,1,2,348998,349000,349002,2,4,0
99745,5,1,349003,349003,349004,0,1,1
99746,5,2,349008,349008,349010,0,2,4
99747,2,1,349010,349010,349011,0,1,0
99748,2,3,349012,349012,349015,0,3,1
99749,1,1,349013,349015,349016,2,3,0
99750,6,1,349019,349019,349020,0,1,3
99751,2,1,349021,349021,349022,0,1,1
99752,4,1,349025,349025,349026,0,1,3
99753,6,3,349031,349031,349034,0,3,5
99754,2,1,349033,349034,349035,1,2,0
99755,6,3,349039,349039,349042,0,3,4
99756,5,1,349044,349044,349045,0,1,2
99757,5,3,349049,349049,349052,0,3,4
99758,4,1,349053,349053,349054,0,1,1
99759,5,2,349058,349058,349060,0,2,4
99760,1,2,349059,349060,349062,1,3,0
99761,5,1,349064,349064,349065,0,1,2
99762,2,3,349066,349066,349069,0,3,1
99763,6,1,349072,349072,349073,0,1,3
99764,6,3,349078,349078,349081,0,3,5
99765,2,2,349080,349081,349083,1,3,0
99766,1,1,349081,349083,349084,2,3,0
99767,5,3,349086,349086,349089,0,3,2
99768,4,1,349090,349090,349091,0,1,1
99769,6,3,349096,349096,349099,0,3,5
99770,1,2,349097,349099,349101,2,4,0
99771,4,1,349101,349101,349102,0,1,0
99772,5,1,349106,349106,349107,0,1,4
99773,5,3,349111,349111,349114,0,3,4
99774,1,2,349112,349114,349116,2,4,0
99775,3,1,349115,349116,349117,1,2,0
99776,4,3,349119,349119,349122,0,3,2
99777,5,3,349124,349124,349127,0,3,2
99778,5,3,349129,349129,349132,0,3,2
99779,6,3,349135,349135,349138,0,3,3
99780,3,1,349138,349138,349139,0,1,0
99781,2,3,349140,349140,349143,0,3,1
99782,3,1,349143,349143,349144,0,1,0
99783,3,2,349146,349146,349148,0,2,2
99784,5,3,349151,349151,349154,0,3,3
99785,6,3,349157,349157,349160,0,3,3
99786,2,2,349159,349160,349162,1,3,0
99787,5,2,349164,349164,349166,0,2,2
99788,6,2,349170,349170,349172,0,2,4
99789,4,3,349174,349174,349177,0,3,2
99790,1,1,349175,349177,349178,2,3,0
99791,2,3,349177,349178,349181,1,4,0
99792,2,2,349179,349181,349183,2,4,0
99793,3,2,349182,349183,349185,1,3,0
99794,3,3,349185,349185,349188,0,3,0
99795,5,2,349190,349190,349192,0,2,2
99796,4,2,349194,349194,349196,0,2,2
99797,6,1,349200,349200,349201,0,1,4
99798,6,3,349206,349206,349209,0,3,5
99799,5,2,349211,349211,349213,0,2,2
99800,6,2,349217,349217,349219,0,2,4
99801,1,3,349218,349219,349222,1,4,0
99802,6,1,349224,349224,349225,0,1,2
99803,6,3,349230,349230,349233,0,3,5
99804,1,3,349231,349233,349236,2,5,0
99805,3,1,349234,349236,349237,2,3,0
99806,1,1,349235,349237,349238,2,3,0
99807,4,2,349239,349239,349241,0,2,1
99808,3,2,349242,349242,349244,0,2,1
99809,6,3,349248,349248,349251,0,3,4
99810,2,1,349250,349251,349252,1,2,0
99811,1,2,349251,349252,349254,1,3,0
99812,1,3,349252,349254,349257,2,5,0
99813,6,3,349258,349258,349261,0,3,1
99814,5,3,349263,349263,349266,0,3,2
99815,6,2,349269,349269,349271,0,2,3
99816,5,3,349274,349274,349277,0,3,3
99817,2,3,349276,349277,349280,1,4,0
99818,2,3,349278,349280,349283,2,5,0
99819,4,1,349282,349283,349284,1,2,0
99820,2,1,349284,349284,349285,0,1,0
99821,3,3,349287,349287,349290,0,3,2
99822,6,3,349293,349293,349296,0,3,3
99823,5,1,349298,349298,349299,0,1,2
99824,2,3,349300,349300,349303,0,3,1
99825,3,2,349303,349303,349305,0,2,0
99826,5,2,349308,349308,349310,0,2,3
99827,6,1,349314,349314,349315,0,1,4
99828,2,2,349316,349316,349318,0,2,1
99829,1,2,349317,349318,349320,1,3,0
99830,3,3,349320,349320,349323,0,3,0
99831,2,3,349322,349323,349326,1,4,0
99832,5,3,349327,349327,349330,0,3,1
99833,5,2,349332,349332,349334,0,2,2
99834,1,1,349333,349334,349335,1,2,0
99835,5,3,349338,349338,349341,0,3,3
99836,3,1,349341,349341,349342,0,1,0
99837,2,3,349343,349343,349346,0,3,1
99838,2,3,349345,349346,349349,1,4,0
99839,1,3,349346,349349,349352,3,6,0
99840,5,3,349351,349352,349355,1,4,0
99841,4,2,349355,349355,349357,0,2,0
99842,2,3,349357,349357,349360,0,3,0
99843,6,2,349363,349363,349365,0,2,3
99844,5,2,349368,349368,349370,0,2,3
99845,4,1,349372,349372,349373,0,1,2
99846,1,3,349373,349373,349376,0,3,0
99847,3,2,349376,349376,349378,0,2,0
99848,2,3,349378,349378,349381,0,3,0
99849,3,1,349381,349381,349382,0,1,0
99850,2,2,349383,349383,349385,0,2,1
99851,5,3,349388,349388,349391,0,3,3
99852,3,1,349391,349391,349392,0,1,0
99853,1,2,349392,349392,349394,0,2,0
99854,6,3,349398,349398,349401,0,3,4
99855,3,1,349401,349401,349402,0,1,0
99856,5,2,349406,349406,349408,0,2,4
99857,1,1,349407,349408,349409,1,2,0
99858,6,2,349413,349413,349415,0,2,4
99859,6,3,349419,349419,349422,0,3,4
99860,1,2,349420,349422,349424,2,4,0
99861,2,1,349422,349424,349425,2,3,0
99862,1,3,349423,349425,349428,2,5,0
99863,2,1,349425,349428,349429,3,4,0
99864,5,2,349430,349430,349432,0,2,1
99865,6,2,349436,349436,349438,0,2,4
99866,3,3,349439,349439,349442,0,3,1
99867,4,1,349443,349443,349444,0,1,1
99868,3,2,349446,349446,349448,0,2,2
99869,6,1,349452,349452,349453,0,1,4
99870,1,3,349453,349453,349456,0,3,0
99871,1,2,349454,349456,349458,2,4,0
99872,4,3,349458,349458,349461,0,3,0
99873,2,2,349460,349461,349463,1,3,0
99874,1,2,349461,349463,349465,2,4,0
99875,3,2,349464,349465,349467,1,3,0
99876,2,1,349466,349467,349468,1,2,0
99877,3,3,349469,349469,349472,0,3,1
99878,5,1,349474,349474,349475,0,1,2
99879,3,1,349477,349477,349478,0,1,2
99880,2,3,349479,349479,349482,0,3,1
99881,6,3,349485,349485,349488,0,3,3
99882,5,1,349490,349490,349491,0,1,2
99883,2,2,349492,349492,349494,0,2,1
99884,2,1,349494,349494,349495,0,1,0
99885,3,3,349497,349497,349500,0,3,2
99886,4,2,349501,349501,349503,0,2,1
99887,2,3,349503,349503,349506,0,3,0
99888,2,3,349505,349506,349509,1,4,0
99889,2,2,349507,349509,349511,2,4,0
99890,1,1,349508,349511,349512,3,4,0
99891,3,2,349511,349512,349514,1,3,0
99892,3,3,349514,349514,349517,0,3,0
99893,2,3,349516,349517,349520,1,4,0
99894,3,3,349519,349520,349523,1,4,0
99895,6,1,349525,349525,349526,0,1,2
99896,2,1,349527,349527,349528,0,1,1
99897,1,3,349528,349528,349531,0,3,0
99898,3,1,349531,349531,349532,0,1,0
99899,1,3,349532,349532,349535,0,3,0
99900,6,3,349538,349538,349541,0,3,3
99901,3,3,349541,349541,349544,0,3,0
99902,1,2,349542,349544,349546,2,4,0
99903,5,2,349547,349547,349549,0,2,1
99904,1,2,349548,349549,349551,1,3,0
99905,3,1,349551,349551,349552,0,1,0
99906,1,3,349552,349552,349555,0,3,0
99907,5,1,349557,349557,349558,0,1,2
99908,2,1,349559,349559,349560,0,1,1
99909,3,2,349562,349562,349564,0,2,2
99910,2,3,349564,349564,349567,0,3,0
99911,3,3,349567,349567,349570,0,3,0
99912,3,3,349570,349570,349573,0,3,0
99913,6,2,349576,349576,349578,0,2,3
99914,6,3,349582,349582,349585,0,3,4
99915,3,2,349585,349585,349587,0,2,0
99916,2,3,349587,349587,349590,0,3,0
99917,5,2,349592,349592,349594,0,2,2
99918,6,3,349598,349598,349601,0,3,4
99919,4,3,349602,349602,349605,0,3,1
99920,1,1,349603,349605,349606,2,3,0
99921,5,3,349608,349608,349611,0,3,2
99922,2,3,349610,349611,349614,1,4,0
99923,4,3,349614,349614,349617,0,3,0
99924,1,1,349615,349617,349618,2,3,0
99925,2,3,349617,349618,349621,1,4,0
99926,3,1,349620,349621,349622,1,2,0
99927,3,3,349623,349623,349626,0,3,1
99928,3,1,349626,349626,349627,0,1,0
99929,6,1,349632,349632,349633,0,1,5
99930,1,2,349633,349633,349635,0,2,0
99931,2,3,349635,349635,349638,0,3,0
99932,3,2,349638,349638,349640,0,2,0
99933,3,1,349641,349641,349642,0,1,1
99934,6,1,349647,349647,349648,0,1,5
99935,1,2,349648,349648,349650,0,2,0
99936,2,1,349650,349650,349651,0,1,0
99937,3,3,349653,349653,349656,0,3,2
99938,4,1,349657,349657,349658,0,1,1
99939,6,2,349663,349663,349665,0,2,5
99940,2,3,349665,349665,349668,0,3,0
99941,3,2,349668,349668,349670,0,2,0
99942,3,1,349671,349671,349672,0,1,1
99943,4,2,349675,349675,349677,0,2,3
99944,6,1,349681,349681,349682,0,1,4
99945,4,2,349685,349685,349687,0,2,3
99946,4,1,349689,349689,349690,0,1,2
99947,5,2,349694,349694,349696,0,2,4
99948,1,3,349695,349696,349699,1,4,0
99949,5,1,349700,349700,349701,0,1,1
99950,6,3,349706,349706,349709,0,3,5
99951,4,3,349710,349710,349713,0,3,1
99952,3,3,349713,349713,349716,0,3,0
99953,6,1,349719,349719,349720,0,1,3
99954,2,3,349721,349721,349724,0,3,1
99955,6,1,349727,349727,349728,0,1,3
99956,1,3,349728,349728,349731,0,3,0
99957,2,3,349730,349731,349734,1,4,0
99958,5,2,349735,349735,349737,0,2,1
99959,5,1,349740,349740,349741,0,1,3
99960,1,3,349741,349741,349744,0,3,0
99961,4,2,349745,349745,349747,0,2,1
99962,5,2,349750,349750,349752,0,2,3
99963,4,2,349754,349754,349756,0,2,2
99964,1,3,349755,349756,349759,1,4,0
99965,1,3,349756,349759,349762,3,6,0
99966,5,1,349761,349762,349763,1,2,0
99967,1,3,349762,349763,349766,1,4,0
99968,1,3,349763,349766,349769,3,6,0
99969,6,2,349769,349769,349771,0,2,0
99970,5,2,349774,349774,349776,0,2,3
99971,4,2,349778,349778,349780,0,2,2
99972,2,1,349780,349780,349781,0,1,0
99973,5,3,349785,349785,349788,0,3,4
99974,3,2,349788,349788,349790,0,2,0
99975,2,2,349790,349790,349792,0,2,0
99976,2,3,349792,349792,349795,0,3,0
99977,2,3,349794,349795,349798,1,4,0
99978,5,2,349799,349799,349801,0,2,1
99979,1,3,349800,349801,349804,1,4,0
99980,5,3,349805,349805,349808,0,3,1
99981,1,3,349806,349808,349811,2,5,0
99982,5,1,349811,349811,349812,0,1,0
99983,3,2,349814,349814,349816,0,2,2
99984,1,2,349815,349816,349818,1,3,0
99985,2,2,349817,349818,349820,1,3,0
99986,5,1,349822,349822,349823,0,1,2
99987,2,3,349824,349824,349827,0,3,1
99988,1,1,349825,349827,349828,2,3,0
99989,1,3,349826,349828,349831,2,5,0
99990,1,3,349827,349831,349834,4,7,0
99991,6,1,349833,349834,349835,1,2,0
99992,4,1,349837,349837,349838,0,1,2
99993,5,2,349842,349842,349844,0,2,4
99994,5,2,349847,349847,349849,0,2,3
99995,4,3,349851,349851,349854,0,3,2
99996,5,1,349856,349856,349857,0,1,2
99997,5,1,349861,349861,349862,0,1,4
99998,5,1,349866,349866,349867,0,1,4
99999,2,2,349868,349868,349870,0,2,1
